1.0000 0.0000
2.0000 0.0000
3.0000 0.0000
4.0000 0.0000
5.0000 0.0000
6.0000 0.0000
7.0000 0.0000
8.0000 0.0000
9.0000 0.0000
10.0000 1.4206
11.0000 2.0898
12.0000 2.2844
13.0000 2.2102
14.0000 2.0074
15.0000 1.7643
16.0000 1.5314
17.0000 1.3328
18.0000 1.1766
19.0000 1.0610
20.0000 0.9799
21.0000 0.9255
22.0000 0.8903
23.0000 0.8682
24.0000 0.8543
25.0000 0.8455
26.0000 0.8395
27.0000 0.8350
28.0000 0.8312
29.0000 0.8280
30.0000 0.8252
31.0000 0.8228
32.0000 0.8206
33.0000 0.8188
34.0000 0.8173
35.0000 0.8162
36.0000 0.8154
37.0000 0.8148
38.0000 0.8142
39.0000 0.8137
40.0000 0.8135
41.0000 0.8131
42.0000 0.8127
43.0000 0.8123
44.0000 0.8119
45.0000 0.8116
46.0000 0.8112
47.0000 0.8108
48.0000 0.8104
49.0000 0.8100
50.0000 0.8095
51.0000 0.8091
52.0000 0.8087
53.0000 0.8084
54.0000 0.8082
55.0000 0.8080
56.0000 0.8077
57.0000 0.8075
58.0000 0.8073
59.0000 0.8072
60.0000 0.8071
61.0000 0.8070
62.0000 0.8068
63.0000 0.8066
64.0000 0.8066
65.0000 0.8065
66.0000 0.8065
67.0000 0.8065
68.0000 0.8066
69.0000 0.8065
70.0000 0.8063
71.0000 0.8063
72.0000 0.8062
73.0000 0.8062
74.0000 0.8061
75.0000 0.8061
76.0000 0.8061
77.0000 0.8060
78.0000 0.8060
79.0000 0.8059
80.0000 0.8058
81.0000 0.8057
82.0000 0.8056
83.0000 0.8055
84.0000 0.8055
85.0000 0.8055
86.0000 0.8056
87.0000 0.8060
88.0000 0.8063
89.0000 0.8069
90.0000 0.8076
91.0000 0.8075
92.0000 0.8070
93.0000 0.8063
94.0000 0.8056
95.0000 0.8050
96.0000 0.8047
97.0000 0.8045
98.0000 0.8044
99.0000 0.8044
100.0000 0.8045
101.0000 0.8046
102.0000 0.8047
103.0000 0.8047
104.0000 0.8048
105.0000 0.8048
106.0000 0.8048
107.0000 0.8049
108.0000 0.8049
109.0000 0.8049
110.0000 0.8049
111.0000 0.8049
112.0000 0.8049
113.0000 0.8048
114.0000 0.8048
115.0000 0.8048
116.0000 0.8048
117.0000 0.8048
118.0000 0.8048
119.0000 0.8048
120.0000 0.8048
121.0000 0.8048
122.0000 0.8047
123.0000 0.8047
124.0000 0.8047
125.0000 0.8047
126.0000 0.8047
127.0000 0.8047
128.0000 0.8047
129.0000 0.8047
130.0000 0.8047
131.0000 0.8047
132.0000 0.8047
133.0000 0.8047
134.0000 0.8047
135.0000 0.8047
136.0000 0.8047
137.0000 0.8047
138.0000 0.8048
139.0000 0.8048
140.0000 0.8048
141.0000 0.8048
142.0000 0.8048
143.0000 0.8048
144.0000 0.8048
145.0000 0.8048
146.0000 0.8048
147.0000 0.8048
148.0000 0.8048
149.0000 0.8048
150.0000 0.8048
151.0000 0.8048
152.0000 0.8048
153.0000 0.8048
154.0000 0.8048
155.0000 0.8048
156.0000 0.8048
157.0000 0.8048
158.0000 0.8048
159.0000 0.8048
160.0000 0.8048
161.0000 0.8048
162.0000 0.8048
163.0000 0.8048
164.0000 0.8048
165.0000 0.8048
166.0000 0.8048
167.0000 0.8048
168.0000 0.8048
169.0000 0.8048
170.0000 0.8048
171.0000 0.8048
172.0000 0.8048
173.0000 0.8048
174.0000 0.8048
175.0000 0.8048
176.0000 0.8048
177.0000 0.8048
178.0000 0.8048
179.0000 0.8048
180.0000 0.8048
181.0000 0.8048
182.0000 0.8048
183.0000 0.8048
184.0000 0.8048
185.0000 0.8048
186.0000 0.8048
187.0000 0.8048
188.0000 0.8048
189.0000 0.8048
190.0000 0.8048
191.0000 0.8048
192.0000 0.8048
193.0000 0.8048
194.0000 0.8048
195.0000 0.8048
196.0000 0.8048
197.0000 0.8048
198.0000 0.8048
199.0000 0.8048
200.0000 -2.0364
201.0000 -3.3749
202.0000 -3.7640
203.0000 -3.6155
204.0000 -3.2100
205.0000 -2.7239
206.0000 -2.2579
207.0000 -1.8608
208.0000 -1.5484
209.0000 -1.3173
210.0000 -1.1550
211.0000 -1.0462
212.0000 -0.9758
213.0000 -0.9315
214.0000 -0.9039
215.0000 -0.8862
216.0000 -0.8741
217.0000 -0.8651
218.0000 -0.8576
219.0000 -0.8511
220.0000 -0.8455
221.0000 -0.8407
222.0000 -0.8364
223.0000 -0.8327
224.0000 -0.8298
225.0000 -0.8275
226.0000 -0.8259
227.0000 -0.8247
228.0000 -0.8235
229.0000 -0.8226
230.0000 -0.8221
231.0000 -0.8213
232.0000 -0.8206
233.0000 -0.8197
234.0000 -0.8189
235.0000 -0.8183
236.0000 -0.8176
237.0000 -0.8168
238.0000 -0.8160
239.0000 -0.8151
240.0000 -0.8141
241.0000 -0.8133
242.0000 -0.8126
243.0000 -0.8120
244.0000 -0.8116
245.0000 -0.8112
246.0000 -0.8105
247.0000 -0.8102
248.0000 -0.8098
249.0000 -0.8096
250.0000 -0.8094
251.0000 -0.8092
252.0000 -0.8088
253.0000 -0.8084
254.0000 -0.8083
255.0000 -0.8082
256.0000 -0.8082
257.0000 -0.8082
258.0000 -0.8083
259.0000 -0.8081
260.0000 -0.8078
261.0000 -0.8077
262.0000 -0.8076
263.0000 -0.8075
264.0000 -0.8074
265.0000 -0.8073
266.0000 -0.8073
267.0000 -0.8072
268.0000 -0.8071
269.0000 -0.8070
270.0000 -0.8067
271.0000 -0.8065
272.0000 -0.8063
273.0000 -0.8061
274.0000 -0.8062
275.0000 -0.8062
276.0000 -0.8064
277.0000 -0.8071
278.0000 -0.8078
279.0000 -0.8090
280.0000 -0.8103
281.0000 -0.8102
282.0000 -0.8092
283.0000 -0.8077
284.0000 -0.8063
285.0000 -0.8052
286.0000 -0.8045
287.0000 -0.8041
288.0000 -0.8040
289.0000 -0.8040
290.0000 -0.8041
291.0000 -0.8043
292.0000 -0.8045
293.0000 -0.8046
294.0000 -0.8047
295.0000 -0.8048
296.0000 -0.8048
297.0000 -0.8049
298.0000 -0.8049
299.0000 -0.8049
300.0000 -0.8049
301.0000 -0.8049
302.0000 -0.8048
303.0000 -0.8048
304.0000 -0.8048
305.0000 -0.8048
306.0000 -0.8048
307.0000 -0.8047
308.0000 -0.8047
309.0000 -0.8047
310.0000 -0.8047
311.0000 -0.8047
312.0000 -0.8046
313.0000 -0.8046
314.0000 -0.8046
315.0000 -0.8046
316.0000 -0.8046
317.0000 -0.8046
318.0000 -0.8046
319.0000 -0.8046
320.0000 -0.8046
321.0000 -0.8046
322.0000 -0.8046
323.0000 -0.8046
324.0000 -0.8046
325.0000 -0.8046
326.0000 -0.8046
327.0000 -0.8046
328.0000 -0.8046
329.0000 -0.8046
330.0000 -0.8046
331.0000 -0.8047
332.0000 -0.8047
333.0000 -0.8047
334.0000 -0.8047
335.0000 -0.8047
336.0000 -0.8047
337.0000 -0.8047
338.0000 -0.8047
339.0000 -0.8047
340.0000 -0.8047
341.0000 -0.8047
342.0000 -0.8047
343.0000 -0.8047
344.0000 -0.8047
345.0000 -0.8047
346.0000 -0.8047
347.0000 -0.8047
348.0000 -0.8047
349.0000 -0.8047
350.0000 -0.8047
351.0000 -0.8047
352.0000 -0.8047
353.0000 -0.8047
354.0000 -0.8047
355.0000 -0.8047
356.0000 -0.8047
357.0000 -0.8047
358.0000 -0.8047
359.0000 -0.8047
360.0000 -0.8047
361.0000 -0.8047
362.0000 -0.8047
363.0000 -0.8047
364.0000 -0.8047
365.0000 -0.8047
366.0000 -0.8047
367.0000 -0.8047
368.0000 -0.8047
369.0000 -0.8047
370.0000 -0.8048
371.0000 -0.8048
372.0000 -0.8048
373.0000 -0.8048
374.0000 -0.8048
375.0000 -0.8048
376.0000 -0.8048
377.0000 -0.8048
378.0000 -0.8048
379.0000 -0.8048
380.0000 -0.8048
381.0000 -0.8048
382.0000 -0.8048
383.0000 -0.8048
384.0000 -0.8048
385.0000 -0.8048
386.0000 -0.8048
387.0000 -0.8048
388.0000 -0.8048
389.0000 -0.8048
390.0000 -0.8048
391.0000 -0.8048
392.0000 -0.8048
393.0000 -0.8048
394.0000 -0.8048
395.0000 -0.8048
396.0000 -0.8048
397.0000 -0.8048
398.0000 -0.8048
399.0000 -0.8048
400.0000 -0.8048
401.0000 -0.8048
402.0000 -0.8048
403.0000 -0.8048
404.0000 -0.8048
405.0000 -0.8048
406.0000 -0.8048
407.0000 -0.8048
408.0000 -0.8048
409.0000 -0.8048
410.0000 -0.8048
411.0000 -0.8048
412.0000 -0.8048
413.0000 -0.8048
414.0000 -0.8048
415.0000 -0.8048
416.0000 -0.8048
417.0000 -0.8048
418.0000 -0.8048
419.0000 -0.8048
420.0000 -0.8048
421.0000 -0.8048
422.0000 -0.8048
423.0000 -0.8048
424.0000 -0.8048
425.0000 -0.8048
426.0000 -0.8048
427.0000 -0.8048
428.0000 -0.8048
429.0000 -0.8048
430.0000 -0.8048
431.0000 -0.8048
432.0000 -0.8048
433.0000 -0.8048
434.0000 -0.8048
435.0000 -0.8048
436.0000 -0.8048
437.0000 -0.8048
438.0000 -0.8048
439.0000 -0.8048
440.0000 -0.8048
441.0000 -0.8048
442.0000 -0.8048
443.0000 -0.8048
444.0000 -0.8048
445.0000 -0.8048
446.0000 -0.8048
447.0000 -0.8048
448.0000 -0.8048
449.0000 -0.8048
450.0000 -0.8048
451.0000 -0.8048
452.0000 -0.8048
453.0000 -0.8049
454.0000 -0.8049
455.0000 -0.8049
456.0000 -0.8049
457.0000 -0.8049
458.0000 -0.8049
459.0000 -0.8049
460.0000 -0.8049
461.0000 -0.8049
462.0000 -0.8049
463.0000 -0.8049
464.0000 -0.8049
465.0000 -0.8049
466.0000 -0.8049
467.0000 -0.8049
468.0000 -0.8049
469.0000 -0.8049
470.0000 -0.8049
471.0000 -0.8049
472.0000 -0.8049
473.0000 -0.8049
474.0000 -0.8049
475.0000 -0.8049
476.0000 -0.8049
477.0000 -0.8049
478.0000 -0.8049
479.0000 -0.8049
480.0000 -0.8049
481.0000 -0.8049
482.0000 -0.8049
483.0000 -0.8049
484.0000 -0.8049
485.0000 -0.8049
486.0000 -0.8049
487.0000 -0.8049
488.0000 -0.8049
489.0000 -0.8049
490.0000 -0.8049
491.0000 -0.8049
492.0000 -0.8049
493.0000 -0.8049
494.0000 -0.8049
495.0000 -0.8049
496.0000 -0.8049
497.0000 -0.8049
498.0000 -0.8049
499.0000 -0.8049
500.0000 1.6812
501.0000 2.8524
502.0000 3.1929
503.0000 3.0629
504.0000 2.7081
505.0000 2.2828
506.0000 1.8750
507.0000 1.5276
508.0000 1.2542
509.0000 1.0520
510.0000 0.9100
511.0000 0.8148
512.0000 0.7532
513.0000 0.7144
514.0000 0.6902
515.0000 0.6748
516.0000 0.6642
517.0000 0.6563
518.0000 0.6498
519.0000 0.6441
520.0000 0.6392
521.0000 0.6350
522.0000 0.6312
523.0000 0.6280
524.0000 0.6254
525.0000 0.6234
526.0000 0.6221
527.0000 0.6210
528.0000 0.6199
529.0000 0.6192
530.0000 0.6187
531.0000 0.6180
532.0000 0.6174
533.0000 0.6166
534.0000 0.6160
535.0000 0.6154
536.0000 0.6148
537.0000 0.6141
538.0000 0.6134
539.0000 0.6126
540.0000 0.6117
541.0000 0.6110
542.0000 0.6104
543.0000 0.6099
544.0000 0.6095
545.0000 0.6092
546.0000 0.6086
547.0000 0.6083
548.0000 0.6080
549.0000 0.6078
550.0000 0.6076
551.0000 0.6074
552.0000 0.6071
553.0000 0.6068
554.0000 0.6066
555.0000 0.6065
556.0000 0.6065
557.0000 0.6066
558.0000 0.6067
559.0000 0.6065
560.0000 0.6062
561.0000 0.6061
562.0000 0.6061
563.0000 0.6059
564.0000 0.6059
565.0000 0.6058
566.0000 0.6058
567.0000 0.6056
568.0000 0.6056
569.0000 0.6055
570.0000 0.6053
571.0000 0.6051
572.0000 0.6049
573.0000 0.6047
574.0000 0.6048
575.0000 0.6048
576.0000 0.6050
577.0000 0.6056
578.0000 0.6062
579.0000 0.6073
580.0000 0.6084
581.0000 0.6083
582.0000 0.6074
583.0000 0.6061
584.0000 0.6049
585.0000 0.6039
586.0000 0.6033
587.0000 0.6030
588.0000 0.6029
589.0000 0.6029
590.0000 0.6030
591.0000 0.6032
592.0000 0.6033
593.0000 0.6034
594.0000 0.6035
595.0000 0.6036
596.0000 0.6036
597.0000 0.6036
598.0000 0.6037
599.0000 0.6037
600.0000 0.6037
601.0000 0.6036
602.0000 0.6036
603.0000 0.6036
604.0000 0.6036
605.0000 0.6036
606.0000 0.6035
607.0000 0.6035
608.0000 0.6035
609.0000 0.6035
610.0000 0.6035
611.0000 0.6035
612.0000 0.6034
613.0000 0.6034
614.0000 0.6034
615.0000 0.6034
616.0000 0.6034
617.0000 0.6034
618.0000 0.6034
619.0000 0.6034
620.0000 0.6034
621.0000 0.6034
622.0000 0.6034
623.0000 0.6034
624.0000 0.6034
625.0000 0.6034
626.0000 0.6034
627.0000 0.6034
628.0000 0.6034
629.0000 0.6035
630.0000 0.6035
631.0000 0.6035
632.0000 0.6035
633.0000 0.6035
634.0000 0.6035
635.0000 0.6035
636.0000 0.6035
637.0000 0.6035
638.0000 0.6035
639.0000 0.6035
640.0000 0.6035
641.0000 0.6035
642.0000 0.6035
643.0000 0.6035
644.0000 0.6035
645.0000 0.6035
646.0000 0.6035
647.0000 0.6035
648.0000 0.6035
649.0000 0.6035
650.0000 0.6035
651.0000 0.6035
652.0000 0.6035
653.0000 0.6035
654.0000 0.6035
655.0000 0.6035
656.0000 0.6035
657.0000 0.6035
658.0000 0.6035
659.0000 0.6035
660.0000 0.6035
661.0000 0.6035
662.0000 0.6035
663.0000 0.6035
664.0000 0.6035
665.0000 0.6035
666.0000 0.6035
667.0000 0.6035
668.0000 0.6035
669.0000 0.6035
670.0000 0.6035
671.0000 0.6036
672.0000 0.6036
673.0000 0.6036
674.0000 0.6036
675.0000 0.6036
676.0000 0.6036
677.0000 0.6036
678.0000 0.6036
679.0000 0.6036
680.0000 0.6036
681.0000 0.6036
682.0000 0.6036
683.0000 0.6036
684.0000 0.6036
685.0000 0.6036
686.0000 0.6036
687.0000 0.6036
688.0000 0.6036
689.0000 0.6036
690.0000 0.6036
691.0000 0.6036
692.0000 0.6036
693.0000 0.6036
694.0000 0.6036
695.0000 0.6036
696.0000 0.6036
697.0000 0.6036
698.0000 0.6036
699.0000 0.6036
700.0000 0.6036
701.0000 0.6036
702.0000 0.6036
703.0000 0.6036
704.0000 0.6036
705.0000 0.6036
706.0000 0.6036
707.0000 0.6036
708.0000 0.6036
709.0000 0.6036
710.0000 0.6036
711.0000 0.6036
712.0000 0.6036
713.0000 0.6036
714.0000 0.6036
715.0000 0.6036
716.0000 0.6036
717.0000 0.6036
718.0000 0.6036
719.0000 0.6036
720.0000 0.6036
721.0000 0.6036
722.0000 0.6036
723.0000 0.6036
724.0000 0.6036
725.0000 0.6036
726.0000 0.6036
727.0000 0.6036
728.0000 0.6036
729.0000 0.6036
730.0000 0.6036
731.0000 0.6036
732.0000 0.6036
733.0000 0.6036
734.0000 0.6036
735.0000 0.6036
736.0000 0.6036
737.0000 0.6036
738.0000 0.6036
739.0000 0.6036
740.0000 0.6036
741.0000 0.6036
742.0000 0.6036
743.0000 0.6036
744.0000 0.6036
745.0000 0.6036
746.0000 0.6036
747.0000 0.6036
748.0000 0.6036
749.0000 0.6036
750.0000 0.6036
751.0000 0.6036
752.0000 0.6036
753.0000 0.6036
754.0000 0.6036
755.0000 0.6036
756.0000 0.6036
757.0000 0.6036
758.0000 0.6036
759.0000 0.6036
760.0000 0.6036
761.0000 0.6036
762.0000 0.6036
763.0000 0.6036
764.0000 0.6036
765.0000 0.6036
766.0000 0.6036
767.0000 0.6036
768.0000 0.6036
769.0000 0.6036
770.0000 0.6036
771.0000 0.6036
772.0000 0.6036
773.0000 0.6036
774.0000 0.6036
775.0000 0.6036
776.0000 0.6036
777.0000 0.6036
778.0000 0.6036
779.0000 0.6036
780.0000 0.6036
781.0000 0.6036
782.0000 0.6036
783.0000 0.6036
784.0000 0.6036
785.0000 0.6036
786.0000 0.6036
787.0000 0.6036
788.0000 0.6036
789.0000 0.6036
790.0000 0.6036
791.0000 0.6036
792.0000 0.6036
793.0000 0.6036
794.0000 0.6036
795.0000 0.6036
796.0000 0.6036
797.0000 0.6036
798.0000 0.6036
799.0000 0.6036
800.0000 -0.4618
801.0000 -0.9637
802.0000 -1.1097
803.0000 -1.0540
804.0000 -0.9019
805.0000 -0.7196
806.0000 -0.5449
807.0000 -0.3960
808.0000 -0.2788
809.0000 -0.1921
810.0000 -0.1313
811.0000 -0.0905
812.0000 -0.0641
813.0000 -0.0475
814.0000 -0.0371
815.0000 -0.0305
816.0000 -0.0260
817.0000 -0.0226
818.0000 -0.0198
819.0000 -0.0173
820.0000 -0.0152
821.0000 -0.0134
822.0000 -0.0118
823.0000 -0.0105
824.0000 -0.0093
825.0000 -0.0085
826.0000 -0.0079
827.0000 -0.0074
828.0000 -0.0070
829.0000 -0.0067
830.0000 -0.0064
831.0000 -0.0062
832.0000 -0.0059
833.0000 -0.0055
834.0000 -0.0053
835.0000 -0.0050
836.0000 -0.0048
837.0000 -0.0045
838.0000 -0.0042
839.0000 -0.0038
840.0000 -0.0035
841.0000 -0.0031
842.0000 -0.0029
843.0000 -0.0027
844.0000 -0.0025
845.0000 -0.0024
846.0000 -0.0021
847.0000 -0.0020
848.0000 -0.0019
849.0000 -0.0018
850.0000 -0.0017
851.0000 -0.0016
852.0000 -0.0015
853.0000 -0.0013
854.0000 -0.0013
855.0000 -0.0012
856.0000 -0.0012
857.0000 -0.0012
858.0000 -0.0013
859.0000 -0.0012
860.0000 -0.0011
861.0000 -0.0010
862.0000 -0.0010
863.0000 -0.0010
864.0000 -0.0009
865.0000 -0.0009
866.0000 -0.0009
867.0000 -0.0009
868.0000 -0.0008
869.0000 -0.0008
870.0000 -0.0007
871.0000 -0.0006
872.0000 -0.0005
873.0000 -0.0005
874.0000 -0.0005
875.0000 -0.0005
876.0000 -0.0006
877.0000 -0.0008
878.0000 -0.0011
879.0000 -0.0016
880.0000 -0.0020
881.0000 -0.0020
882.0000 -0.0016
883.0000 -0.0011
884.0000 -0.0005
885.0000 -0.0001
886.0000 0.0001
887.0000 0.0003
888.0000 0.0003
889.0000 0.0003
890.0000 0.0003
891.0000 0.0002
892.0000 0.0002
893.0000 0.0001
894.0000 0.0001
895.0000 0.0000
896.0000 0.0000
897.0000 0.0000
898.0000 -0.0000
899.0000 -0.0000
900.0000 -0.0000
901.0000 0.0000
902.0000 0.0000
903.0000 0.0000
904.0000 0.0000
905.0000 0.0000
906.0000 0.0000
907.0000 0.0001
908.0000 0.0001
909.0000 0.0001
910.0000 0.0001
911.0000 0.0001
912.0000 0.0001
913.0000 0.0001
914.0000 0.0001
915.0000 0.0001
916.0000 0.0001
917.0000 0.0001
918.0000 0.0001
919.0000 0.0001
920.0000 0.0001
921.0000 0.0001
922.0000 0.0001
923.0000 0.0001
924.0000 0.0001
925.0000 0.0001
926.0000 0.0001
927.0000 0.0001
928.0000 0.0001
929.0000 0.0001
930.0000 0.0001
931.0000 0.0001
932.0000 0.0001
933.0000 0.0001
934.0000 0.0001
935.0000 0.0001
936.0000 0.0001
937.0000 0.0001
938.0000 0.0001
939.0000 0.0001
940.0000 0.0001
941.0000 0.0001
942.0000 0.0001
943.0000 0.0001
944.0000 0.0001
945.0000 0.0001
946.0000 0.0001
947.0000 0.0001
948.0000 0.0001
949.0000 0.0001
950.0000 0.0001
951.0000 0.0001
952.0000 0.0001
953.0000 0.0001
954.0000 0.0000
955.0000 0.0000
956.0000 0.0000
957.0000 0.0000
958.0000 0.0000
959.0000 0.0000
960.0000 0.0000
961.0000 0.0000
962.0000 0.0000
963.0000 0.0000
964.0000 0.0000
965.0000 0.0000
966.0000 0.0000
967.0000 0.0000
968.0000 0.0000
969.0000 0.0000
970.0000 0.0000
971.0000 0.0000
972.0000 0.0000
973.0000 0.0000
974.0000 0.0000
975.0000 0.0000
976.0000 0.0000
977.0000 0.0000
978.0000 0.0000
979.0000 0.0000
980.0000 0.0000
981.0000 0.0000
982.0000 0.0000
983.0000 0.0000
984.0000 0.0000
985.0000 0.0000
986.0000 0.0000
987.0000 0.0000
988.0000 0.0000
989.0000 0.0000
990.0000 0.0000
991.0000 0.0000
992.0000 0.0000
993.0000 0.0000
994.0000 0.0000
995.0000 0.0000
996.0000 0.0000
997.0000 0.0000
998.0000 0.0000
999.0000 0.0000
1000.0000 0.0000
1001.0000 0.0000
1002.0000 0.0000
1003.0000 0.0000
1004.0000 0.0000
1005.0000 0.0000
1006.0000 0.0000
1007.0000 0.0000
1008.0000 0.0000
1009.0000 0.0000
1010.0000 0.0000
1011.0000 0.0000
1012.0000 0.0000
1013.0000 0.0000
1014.0000 0.0000
1015.0000 0.0000
1016.0000 0.0000
1017.0000 0.0000
1018.0000 0.0000
1019.0000 0.0000
1020.0000 0.0000
1021.0000 0.0000
1022.0000 0.0000
1023.0000 0.0000
1024.0000 0.0000
1025.0000 0.0000
1026.0000 0.0000
1027.0000 0.0000
1028.0000 0.0000
1029.0000 0.0000
1030.0000 0.0000
1031.0000 0.0000
1032.0000 0.0000
1033.0000 0.0000
1034.0000 0.0000
1035.0000 0.0000
1036.0000 0.0000
1037.0000 0.0000
1038.0000 0.0000
1039.0000 0.0000
1040.0000 0.0000
1041.0000 0.0000
1042.0000 0.0000
1043.0000 0.0000
1044.0000 0.0000
1045.0000 0.0000
1046.0000 0.0000
1047.0000 0.0000
1048.0000 0.0000
1049.0000 0.0000
1050.0000 0.0000
1051.0000 0.0000
1052.0000 0.0000
1053.0000 0.0000
1054.0000 0.0000
1055.0000 0.0000
1056.0000 0.0000
1057.0000 0.0000
1058.0000 0.0000
1059.0000 0.0000
1060.0000 0.0000
1061.0000 0.0000
1062.0000 0.0000
1063.0000 0.0000
1064.0000 0.0000
1065.0000 0.0000
1066.0000 0.0000
1067.0000 0.0000
1068.0000 0.0000
1069.0000 0.0000
1070.0000 0.0000
1071.0000 0.0000
1072.0000 0.0000
1073.0000 0.0000
1074.0000 0.0000
1075.0000 0.0000
1076.0000 0.0000
1077.0000 0.0000
1078.0000 0.0000
1079.0000 0.0000
1080.0000 0.0000
1081.0000 0.0000
1082.0000 0.0000
1083.0000 0.0000
1084.0000 0.0000
1085.0000 0.0000
1086.0000 0.0000
1087.0000 0.0000
1088.0000 0.0000
1089.0000 0.0000
1090.0000 0.0000
1091.0000 0.0000
1092.0000 0.0000
1093.0000 0.0000
1094.0000 0.0000
1095.0000 0.0000
1096.0000 0.0000
1097.0000 0.0000
1098.0000 0.0000
1099.0000 0.0000
1100.0000 0.0000
