1.0000 0.0000
2.0000 0.0000
3.0000 0.0000
4.0000 0.0000
5.0000 0.0000
6.0000 0.0000
7.0000 0.0000
8.0000 0.0000
9.0000 0.0000
10.0000 2.1079
11.0000 2.3790
12.0000 2.0240
13.0000 1.5471
14.0000 1.1403
15.0000 0.8611
16.0000 0.7046
17.0000 0.6402
18.0000 0.6326
19.0000 0.6529
20.0000 0.6818
21.0000 0.7088
22.0000 0.7296
23.0000 0.7435
24.0000 0.7515
25.0000 0.7554
26.0000 0.7568
27.0000 0.7567
28.0000 0.7558
29.0000 0.7546
30.0000 0.7534
31.0000 0.7525
32.0000 0.7516
33.0000 0.7509
34.0000 0.7502
35.0000 0.7497
36.0000 0.7494
37.0000 0.7489
38.0000 0.7484
39.0000 0.7481
40.0000 0.7476
41.0000 0.7472
42.0000 0.7470
43.0000 0.7468
44.0000 0.7465
45.0000 0.7463
46.0000 0.7460
47.0000 0.7459
48.0000 0.7457
49.0000 0.7455
50.0000 0.7453
51.0000 0.7450
52.0000 0.7449
53.0000 0.7443
54.0000 0.7440
55.0000 0.7436
56.0000 0.7432
57.0000 0.7430
58.0000 0.7426
59.0000 0.7422
60.0000 0.7419
61.0000 0.7417
62.0000 0.7413
63.0000 0.7408
64.0000 0.7406
65.0000 0.7404
66.0000 0.7402
67.0000 0.7400
68.0000 0.7399
69.0000 0.7395
70.0000 0.7393
71.0000 0.7390
72.0000 0.7388
73.0000 0.7387
74.0000 0.7387
75.0000 0.7386
76.0000 0.7387
77.0000 0.7388
78.0000 0.7389
79.0000 0.7388
80.0000 0.7389
81.0000 0.7390
82.0000 0.7392
83.0000 0.7395
84.0000 0.7397
85.0000 0.7399
86.0000 0.7400
87.0000 0.7403
88.0000 0.7406
89.0000 0.7412
90.0000 0.7419
91.0000 0.7402
92.0000 0.7386
93.0000 0.7380
94.0000 0.7383
95.0000 0.7391
96.0000 0.7399
97.0000 0.7405
98.0000 0.7409
99.0000 0.7410
100.0000 0.7411
101.0000 0.7410
102.0000 0.7410
103.0000 0.7409
104.0000 0.7409
105.0000 0.7409
106.0000 0.7409
107.0000 0.7410
108.0000 0.7410
109.0000 0.7410
110.0000 0.7411
111.0000 0.7411
112.0000 0.7411
113.0000 0.7412
114.0000 0.7412
115.0000 0.7412
116.0000 0.7412
117.0000 0.7412
118.0000 0.7412
119.0000 0.7411
120.0000 0.7411
121.0000 0.7411
122.0000 0.7411
123.0000 0.7411
124.0000 0.7411
125.0000 0.7411
126.0000 0.7411
127.0000 0.7411
128.0000 0.7411
129.0000 0.7411
130.0000 0.7410
131.0000 0.7410
132.0000 0.7410
133.0000 0.7410
134.0000 0.7410
135.0000 0.7410
136.0000 0.7410
137.0000 0.7410
138.0000 0.7410
139.0000 0.7410
140.0000 0.7410
141.0000 0.7410
142.0000 0.7410
143.0000 0.7410
144.0000 0.7410
145.0000 0.7410
146.0000 0.7410
147.0000 0.7410
148.0000 0.7410
149.0000 0.7410
150.0000 0.7410
151.0000 0.7410
152.0000 0.7410
153.0000 0.7410
154.0000 0.7410
155.0000 0.7410
156.0000 0.7410
157.0000 0.7410
158.0000 0.7410
159.0000 0.7410
160.0000 0.7410
161.0000 0.7410
162.0000 0.7410
163.0000 0.7410
164.0000 0.7410
165.0000 0.7410
166.0000 0.7410
167.0000 0.7410
168.0000 0.7410
169.0000 0.7410
170.0000 0.7410
171.0000 0.7410
172.0000 0.7410
173.0000 0.7410
174.0000 0.7410
175.0000 0.7410
176.0000 0.7410
177.0000 0.7410
178.0000 0.7410
179.0000 0.7410
180.0000 0.7410
181.0000 0.7410
182.0000 0.7410
183.0000 0.7410
184.0000 0.7410
185.0000 0.7410
186.0000 0.7410
187.0000 0.7410
188.0000 0.7410
189.0000 0.7410
190.0000 0.7410
191.0000 0.7410
192.0000 0.7410
193.0000 0.7410
194.0000 0.7410
195.0000 0.7410
196.0000 0.7410
197.0000 0.7410
198.0000 0.7410
199.0000 0.7410
200.0000 -3.4748
201.0000 -4.0171
202.0000 -3.3071
203.0000 -2.3531
204.0000 -1.5395
205.0000 -0.9812
206.0000 -0.6682
207.0000 -0.5394
208.0000 -0.5241
209.0000 -0.5648
210.0000 -0.6226
211.0000 -0.6766
212.0000 -0.7182
213.0000 -0.7460
214.0000 -0.7620
215.0000 -0.7698
216.0000 -0.7726
217.0000 -0.7724
218.0000 -0.7707
219.0000 -0.7681
220.0000 -0.7659
221.0000 -0.7640
222.0000 -0.7622
223.0000 -0.7608
224.0000 -0.7594
225.0000 -0.7585
226.0000 -0.7577
227.0000 -0.7567
228.0000 -0.7558
229.0000 -0.7551
230.0000 -0.7543
231.0000 -0.7534
232.0000 -0.7530
233.0000 -0.7525
234.0000 -0.7519
235.0000 -0.7515
236.0000 -0.7510
237.0000 -0.7507
238.0000 -0.7503
239.0000 -0.7499
240.0000 -0.7495
241.0000 -0.7490
242.0000 -0.7487
243.0000 -0.7477
244.0000 -0.7470
245.0000 -0.7462
246.0000 -0.7453
247.0000 -0.7450
248.0000 -0.7442
249.0000 -0.7433
250.0000 -0.7428
251.0000 -0.7424
252.0000 -0.7415
253.0000 -0.7407
254.0000 -0.7402
255.0000 -0.7397
256.0000 -0.7393
257.0000 -0.7389
258.0000 -0.7387
259.0000 -0.7379
260.0000 -0.7375
261.0000 -0.7369
262.0000 -0.7366
263.0000 -0.7364
264.0000 -0.7364
265.0000 -0.7363
266.0000 -0.7363
267.0000 -0.7366
268.0000 -0.7367
269.0000 -0.7366
270.0000 -0.7367
271.0000 -0.7370
272.0000 -0.7374
273.0000 -0.7379
274.0000 -0.7383
275.0000 -0.7389
276.0000 -0.7390
277.0000 -0.7395
278.0000 -0.7401
279.0000 -0.7413
280.0000 -0.7428
281.0000 -0.7395
282.0000 -0.7361
283.0000 -0.7350
284.0000 -0.7356
285.0000 -0.7371
286.0000 -0.7387
287.0000 -0.7399
288.0000 -0.7407
289.0000 -0.7410
290.0000 -0.7411
291.0000 -0.7410
292.0000 -0.7409
293.0000 -0.7408
294.0000 -0.7407
295.0000 -0.7407
296.0000 -0.7408
297.0000 -0.7409
298.0000 -0.7410
299.0000 -0.7411
300.0000 -0.7411
301.0000 -0.7412
302.0000 -0.7413
303.0000 -0.7413
304.0000 -0.7413
305.0000 -0.7413
306.0000 -0.7413
307.0000 -0.7413
308.0000 -0.7413
309.0000 -0.7412
310.0000 -0.7412
311.0000 -0.7412
312.0000 -0.7412
313.0000 -0.7412
314.0000 -0.7411
315.0000 -0.7411
316.0000 -0.7411
317.0000 -0.7411
318.0000 -0.7411
319.0000 -0.7411
320.0000 -0.7411
321.0000 -0.7410
322.0000 -0.7410
323.0000 -0.7410
324.0000 -0.7410
325.0000 -0.7410
326.0000 -0.7410
327.0000 -0.7410
328.0000 -0.7410
329.0000 -0.7410
330.0000 -0.7410
331.0000 -0.7410
332.0000 -0.7410
333.0000 -0.7410
334.0000 -0.7410
335.0000 -0.7410
336.0000 -0.7410
337.0000 -0.7410
338.0000 -0.7410
339.0000 -0.7410
340.0000 -0.7410
341.0000 -0.7410
342.0000 -0.7410
343.0000 -0.7410
344.0000 -0.7410
345.0000 -0.7410
346.0000 -0.7410
347.0000 -0.7410
348.0000 -0.7410
349.0000 -0.7410
350.0000 -0.7410
351.0000 -0.7410
352.0000 -0.7410
353.0000 -0.7410
354.0000 -0.7410
355.0000 -0.7410
356.0000 -0.7410
357.0000 -0.7410
358.0000 -0.7410
359.0000 -0.7410
360.0000 -0.7410
361.0000 -0.7410
362.0000 -0.7410
363.0000 -0.7410
364.0000 -0.7410
365.0000 -0.7410
366.0000 -0.7410
367.0000 -0.7410
368.0000 -0.7410
369.0000 -0.7410
370.0000 -0.7410
371.0000 -0.7410
372.0000 -0.7410
373.0000 -0.7410
374.0000 -0.7410
375.0000 -0.7410
376.0000 -0.7410
377.0000 -0.7410
378.0000 -0.7410
379.0000 -0.7410
380.0000 -0.7410
381.0000 -0.7410
382.0000 -0.7410
383.0000 -0.7410
384.0000 -0.7410
385.0000 -0.7410
386.0000 -0.7410
387.0000 -0.7410
388.0000 -0.7410
389.0000 -0.7410
390.0000 -0.7410
391.0000 -0.7410
392.0000 -0.7410
393.0000 -0.7410
394.0000 -0.7410
395.0000 -0.7410
396.0000 -0.7410
397.0000 -0.7410
398.0000 -0.7410
399.0000 -0.7410
400.0000 -0.7410
401.0000 -0.7410
402.0000 -0.7410
403.0000 -0.7410
404.0000 -0.7410
405.0000 -0.7410
406.0000 -0.7410
407.0000 -0.7410
408.0000 -0.7410
409.0000 -0.7410
410.0000 -0.7410
411.0000 -0.7410
412.0000 -0.7410
413.0000 -0.7410
414.0000 -0.7410
415.0000 -0.7410
416.0000 -0.7410
417.0000 -0.7410
418.0000 -0.7410
419.0000 -0.7410
420.0000 -0.7410
421.0000 -0.7410
422.0000 -0.7410
423.0000 -0.7410
424.0000 -0.7410
425.0000 -0.7410
426.0000 -0.7410
427.0000 -0.7410
428.0000 -0.7410
429.0000 -0.7410
430.0000 -0.7410
431.0000 -0.7410
432.0000 -0.7410
433.0000 -0.7410
434.0000 -0.7410
435.0000 -0.7410
436.0000 -0.7410
437.0000 -0.7410
438.0000 -0.7410
439.0000 -0.7410
440.0000 -0.7410
441.0000 -0.7410
442.0000 -0.7410
443.0000 -0.7410
444.0000 -0.7410
445.0000 -0.7410
446.0000 -0.7410
447.0000 -0.7410
448.0000 -0.7410
449.0000 -0.7410
450.0000 -0.7410
451.0000 -0.7410
452.0000 -0.7410
453.0000 -0.7410
454.0000 -0.7410
455.0000 -0.7410
456.0000 -0.7410
457.0000 -0.7410
458.0000 -0.7410
459.0000 -0.7410
460.0000 -0.7410
461.0000 -0.7410
462.0000 -0.7410
463.0000 -0.7410
464.0000 -0.7410
465.0000 -0.7410
466.0000 -0.7410
467.0000 -0.7410
468.0000 -0.7410
469.0000 -0.7410
470.0000 -0.7410
471.0000 -0.7410
472.0000 -0.7410
473.0000 -0.7410
474.0000 -0.7410
475.0000 -0.7410
476.0000 -0.7410
477.0000 -0.7410
478.0000 -0.7410
479.0000 -0.7410
480.0000 -0.7410
481.0000 -0.7410
482.0000 -0.7410
483.0000 -0.7410
484.0000 -0.7410
485.0000 -0.7410
486.0000 -0.7410
487.0000 -0.7410
488.0000 -0.7410
489.0000 -0.7410
490.0000 -0.7410
491.0000 -0.7410
492.0000 -0.7410
493.0000 -0.7410
494.0000 -0.7410
495.0000 -0.7410
496.0000 -0.7410
497.0000 -0.7410
498.0000 -0.7410
499.0000 -0.7410
500.0000 2.9478
501.0000 3.4223
502.0000 2.8010
503.0000 1.9663
504.0000 1.2544
505.0000 0.7659
506.0000 0.4920
507.0000 0.3793
508.0000 0.3660
509.0000 0.4015
510.0000 0.4521
511.0000 0.4994
512.0000 0.5358
513.0000 0.5601
514.0000 0.5741
515.0000 0.5809
516.0000 0.5834
517.0000 0.5832
518.0000 0.5817
519.0000 0.5794
520.0000 0.5775
521.0000 0.5758
522.0000 0.5743
523.0000 0.5730
524.0000 0.5719
525.0000 0.5710
526.0000 0.5703
527.0000 0.5695
528.0000 0.5687
529.0000 0.5681
530.0000 0.5673
531.0000 0.5666
532.0000 0.5663
533.0000 0.5658
534.0000 0.5653
535.0000 0.5649
536.0000 0.5645
537.0000 0.5642
538.0000 0.5639
539.0000 0.5635
540.0000 0.5632
541.0000 0.5627
542.0000 0.5625
543.0000 0.5616
544.0000 0.5610
545.0000 0.5603
546.0000 0.5595
547.0000 0.5593
548.0000 0.5586
549.0000 0.5577
550.0000 0.5573
551.0000 0.5569
552.0000 0.5562
553.0000 0.5554
554.0000 0.5550
555.0000 0.5546
556.0000 0.5542
557.0000 0.5539
558.0000 0.5537
559.0000 0.5531
560.0000 0.5527
561.0000 0.5521
562.0000 0.5519
563.0000 0.5517
564.0000 0.5517
565.0000 0.5516
566.0000 0.5516
567.0000 0.5519
568.0000 0.5520
569.0000 0.5519
570.0000 0.5520
571.0000 0.5523
572.0000 0.5526
573.0000 0.5530
574.0000 0.5534
575.0000 0.5539
576.0000 0.5540
577.0000 0.5544
578.0000 0.5550
579.0000 0.5560
580.0000 0.5573
581.0000 0.5544
582.0000 0.5515
583.0000 0.5505
584.0000 0.5510
585.0000 0.5524
586.0000 0.5537
587.0000 0.5548
588.0000 0.5555
589.0000 0.5558
590.0000 0.5558
591.0000 0.5558
592.0000 0.5557
593.0000 0.5556
594.0000 0.5555
595.0000 0.5555
596.0000 0.5556
597.0000 0.5556
598.0000 0.5557
599.0000 0.5558
600.0000 0.5559
601.0000 0.5559
602.0000 0.5560
603.0000 0.5560
604.0000 0.5560
605.0000 0.5560
606.0000 0.5560
607.0000 0.5560
608.0000 0.5560
609.0000 0.5560
610.0000 0.5559
611.0000 0.5559
612.0000 0.5559
613.0000 0.5559
614.0000 0.5559
615.0000 0.5559
616.0000 0.5558
617.0000 0.5558
618.0000 0.5558
619.0000 0.5558
620.0000 0.5558
621.0000 0.5558
622.0000 0.5558
623.0000 0.5558
624.0000 0.5558
625.0000 0.5558
626.0000 0.5558
627.0000 0.5558
628.0000 0.5558
629.0000 0.5558
630.0000 0.5558
631.0000 0.5558
632.0000 0.5558
633.0000 0.5558
634.0000 0.5558
635.0000 0.5558
636.0000 0.5558
637.0000 0.5558
638.0000 0.5558
639.0000 0.5558
640.0000 0.5558
641.0000 0.5558
642.0000 0.5558
643.0000 0.5558
644.0000 0.5558
645.0000 0.5558
646.0000 0.5558
647.0000 0.5558
648.0000 0.5558
649.0000 0.5558
650.0000 0.5558
651.0000 0.5558
652.0000 0.5558
653.0000 0.5557
654.0000 0.5557
655.0000 0.5557
656.0000 0.5557
657.0000 0.5557
658.0000 0.5557
659.0000 0.5557
660.0000 0.5557
661.0000 0.5557
662.0000 0.5557
663.0000 0.5557
664.0000 0.5557
665.0000 0.5557
666.0000 0.5557
667.0000 0.5557
668.0000 0.5557
669.0000 0.5557
670.0000 0.5557
671.0000 0.5557
672.0000 0.5557
673.0000 0.5557
674.0000 0.5557
675.0000 0.5557
676.0000 0.5557
677.0000 0.5557
678.0000 0.5557
679.0000 0.5557
680.0000 0.5557
681.0000 0.5557
682.0000 0.5557
683.0000 0.5557
684.0000 0.5557
685.0000 0.5558
686.0000 0.5558
687.0000 0.5558
688.0000 0.5558
689.0000 0.5558
690.0000 0.5558
691.0000 0.5558
692.0000 0.5558
693.0000 0.5558
694.0000 0.5558
695.0000 0.5558
696.0000 0.5558
697.0000 0.5558
698.0000 0.5558
699.0000 0.5558
700.0000 0.5558
701.0000 0.5558
702.0000 0.5558
703.0000 0.5558
704.0000 0.5558
705.0000 0.5558
706.0000 0.5558
707.0000 0.5558
708.0000 0.5558
709.0000 0.5558
710.0000 0.5558
711.0000 0.5558
712.0000 0.5558
713.0000 0.5558
714.0000 0.5558
715.0000 0.5558
716.0000 0.5558
717.0000 0.5558
718.0000 0.5558
719.0000 0.5558
720.0000 0.5558
721.0000 0.5558
722.0000 0.5558
723.0000 0.5558
724.0000 0.5558
725.0000 0.5558
726.0000 0.5558
727.0000 0.5558
728.0000 0.5558
729.0000 0.5558
730.0000 0.5558
731.0000 0.5558
732.0000 0.5558
733.0000 0.5558
734.0000 0.5558
735.0000 0.5558
736.0000 0.5558
737.0000 0.5558
738.0000 0.5558
739.0000 0.5558
740.0000 0.5558
741.0000 0.5558
742.0000 0.5558
743.0000 0.5558
744.0000 0.5558
745.0000 0.5558
746.0000 0.5558
747.0000 0.5558
748.0000 0.5558
749.0000 0.5558
750.0000 0.5558
751.0000 0.5558
752.0000 0.5558
753.0000 0.5558
754.0000 0.5558
755.0000 0.5558
756.0000 0.5558
757.0000 0.5558
758.0000 0.5558
759.0000 0.5558
760.0000 0.5558
761.0000 0.5558
762.0000 0.5558
763.0000 0.5558
764.0000 0.5558
765.0000 0.5558
766.0000 0.5558
767.0000 0.5558
768.0000 0.5558
769.0000 0.5558
770.0000 0.5558
771.0000 0.5558
772.0000 0.5558
773.0000 0.5558
774.0000 0.5558
775.0000 0.5558
776.0000 0.5558
777.0000 0.5558
778.0000 0.5558
779.0000 0.5558
780.0000 0.5558
781.0000 0.5558
782.0000 0.5558
783.0000 0.5558
784.0000 0.5558
785.0000 0.5558
786.0000 0.5558
787.0000 0.5558
788.0000 0.5558
789.0000 0.5558
790.0000 0.5558
791.0000 0.5558
792.0000 0.5558
793.0000 0.5558
794.0000 0.5558
795.0000 0.5558
796.0000 0.5558
797.0000 0.5558
798.0000 0.5558
799.0000 0.5558
800.0000 -1.0252
801.0000 -1.2285
802.0000 -0.9623
803.0000 -0.6045
804.0000 -0.2994
805.0000 -0.0900
806.0000 0.0273
807.0000 0.0756
808.0000 0.0813
809.0000 0.0661
810.0000 0.0444
811.0000 0.0241
812.0000 0.0086
813.0000 -0.0018
814.0000 -0.0079
815.0000 -0.0108
816.0000 -0.0118
817.0000 -0.0118
818.0000 -0.0111
819.0000 -0.0101
820.0000 -0.0093
821.0000 -0.0086
822.0000 -0.0079
823.0000 -0.0074
824.0000 -0.0069
825.0000 -0.0065
826.0000 -0.0062
827.0000 -0.0059
828.0000 -0.0055
829.0000 -0.0053
830.0000 -0.0050
831.0000 -0.0046
832.0000 -0.0045
833.0000 -0.0043
834.0000 -0.0041
835.0000 -0.0039
836.0000 -0.0037
837.0000 -0.0036
838.0000 -0.0035
839.0000 -0.0033
840.0000 -0.0032
841.0000 -0.0030
842.0000 -0.0029
843.0000 -0.0025
844.0000 -0.0022
845.0000 -0.0019
846.0000 -0.0016
847.0000 -0.0015
848.0000 -0.0012
849.0000 -0.0008
850.0000 -0.0007
851.0000 -0.0005
852.0000 -0.0002
853.0000 0.0001
854.0000 0.0003
855.0000 0.0005
856.0000 0.0007
857.0000 0.0008
858.0000 0.0009
859.0000 0.0012
860.0000 0.0013
861.0000 0.0016
862.0000 0.0017
863.0000 0.0018
864.0000 0.0017
865.0000 0.0018
866.0000 0.0018
867.0000 0.0017
868.0000 0.0016
869.0000 0.0016
870.0000 0.0016
871.0000 0.0015
872.0000 0.0014
873.0000 0.0012
874.0000 0.0010
875.0000 0.0008
876.0000 0.0007
877.0000 0.0006
878.0000 0.0003
879.0000 -0.0001
880.0000 -0.0007
881.0000 0.0006
882.0000 0.0018
883.0000 0.0023
884.0000 0.0020
885.0000 0.0015
886.0000 0.0009
887.0000 0.0004
888.0000 0.0001
889.0000 0.0000
890.0000 -0.0000
891.0000 0.0000
892.0000 0.0001
893.0000 0.0001
894.0000 0.0001
895.0000 0.0001
896.0000 0.0001
897.0000 0.0001
898.0000 0.0000
899.0000 -0.0000
900.0000 -0.0000
901.0000 -0.0001
902.0000 -0.0001
903.0000 -0.0001
904.0000 -0.0001
905.0000 -0.0001
906.0000 -0.0001
907.0000 -0.0001
908.0000 -0.0001
909.0000 -0.0001
910.0000 -0.0001
911.0000 -0.0001
912.0000 -0.0001
913.0000 -0.0000
914.0000 -0.0000
915.0000 -0.0000
916.0000 -0.0000
917.0000 -0.0000
918.0000 -0.0000
919.0000 -0.0000
920.0000 -0.0000
921.0000 -0.0000
922.0000 -0.0000
923.0000 0.0000
924.0000 0.0000
925.0000 0.0000
926.0000 0.0000
927.0000 0.0000
928.0000 0.0000
929.0000 0.0000
930.0000 0.0000
931.0000 0.0000
932.0000 0.0000
933.0000 0.0000
934.0000 0.0000
935.0000 0.0000
936.0000 0.0000
937.0000 0.0000
938.0000 0.0000
939.0000 0.0000
940.0000 0.0000
941.0000 0.0000
942.0000 0.0000
943.0000 0.0000
944.0000 0.0000
945.0000 0.0000
946.0000 0.0000
947.0000 0.0000
948.0000 0.0000
949.0000 0.0000
950.0000 0.0000
951.0000 0.0000
952.0000 0.0000
953.0000 0.0000
954.0000 0.0000
955.0000 0.0000
956.0000 0.0000
957.0000 0.0000
958.0000 0.0000
959.0000 0.0000
960.0000 0.0000
961.0000 0.0000
962.0000 0.0000
963.0000 0.0000
964.0000 0.0000
965.0000 0.0000
966.0000 0.0000
967.0000 0.0000
968.0000 0.0000
969.0000 0.0000
970.0000 0.0000
971.0000 0.0000
972.0000 0.0000
973.0000 0.0000
974.0000 0.0000
975.0000 0.0000
976.0000 0.0000
977.0000 0.0000
978.0000 0.0000
979.0000 0.0000
980.0000 0.0000
981.0000 0.0000
982.0000 0.0000
983.0000 0.0000
984.0000 0.0000
985.0000 0.0000
986.0000 0.0000
987.0000 0.0000
988.0000 0.0000
989.0000 0.0000
990.0000 0.0000
991.0000 0.0000
992.0000 0.0000
993.0000 0.0000
994.0000 0.0000
995.0000 0.0000
996.0000 0.0000
997.0000 0.0000
998.0000 0.0000
999.0000 0.0000
1000.0000 0.0000
1001.0000 0.0000
1002.0000 0.0000
1003.0000 0.0000
1004.0000 0.0000
1005.0000 0.0000
1006.0000 0.0000
1007.0000 0.0000
1008.0000 0.0000
1009.0000 0.0000
1010.0000 0.0000
1011.0000 0.0000
1012.0000 0.0000
1013.0000 0.0000
1014.0000 0.0000
1015.0000 0.0000
1016.0000 0.0000
1017.0000 0.0000
1018.0000 0.0000
1019.0000 0.0000
1020.0000 0.0000
1021.0000 0.0000
1022.0000 0.0000
1023.0000 0.0000
1024.0000 0.0000
1025.0000 0.0000
1026.0000 0.0000
1027.0000 0.0000
1028.0000 0.0000
1029.0000 0.0000
1030.0000 0.0000
1031.0000 0.0000
1032.0000 0.0000
1033.0000 0.0000
1034.0000 0.0000
1035.0000 0.0000
1036.0000 0.0000
1037.0000 0.0000
1038.0000 0.0000
1039.0000 0.0000
1040.0000 0.0000
1041.0000 0.0000
1042.0000 0.0000
1043.0000 0.0000
1044.0000 0.0000
1045.0000 0.0000
1046.0000 0.0000
1047.0000 0.0000
1048.0000 0.0000
1049.0000 0.0000
1050.0000 0.0000
1051.0000 0.0000
1052.0000 0.0000
1053.0000 0.0000
1054.0000 0.0000
1055.0000 0.0000
1056.0000 0.0000
1057.0000 0.0000
1058.0000 0.0000
1059.0000 0.0000
1060.0000 0.0000
1061.0000 0.0000
1062.0000 0.0000
1063.0000 0.0000
1064.0000 0.0000
1065.0000 0.0000
1066.0000 0.0000
1067.0000 0.0000
1068.0000 0.0000
1069.0000 0.0000
1070.0000 0.0000
1071.0000 0.0000
1072.0000 0.0000
1073.0000 0.0000
1074.0000 0.0000
1075.0000 0.0000
1076.0000 0.0000
1077.0000 0.0000
1078.0000 0.0000
1079.0000 0.0000
1080.0000 0.0000
1081.0000 0.0000
1082.0000 0.0000
1083.0000 0.0000
1084.0000 0.0000
1085.0000 0.0000
1086.0000 0.0000
1087.0000 0.0000
1088.0000 0.0000
1089.0000 0.0000
1090.0000 0.0000
1091.0000 0.0000
1092.0000 0.0000
1093.0000 0.0000
1094.0000 0.0000
1095.0000 0.0000
1096.0000 0.0000
1097.0000 0.0000
1098.0000 0.0000
1099.0000 0.0000
1100.0000 0.0000
