1.0000 0.0000
2.0000 0.0000
3.0000 0.0000
4.0000 0.0000
5.0000 0.0000
6.0000 0.0000
7.0000 0.0000
8.0000 0.0000
9.0000 0.0000
10.0000 0.0000
11.0000 0.2932
12.0000 0.6650
13.0000 1.0158
14.0000 1.3088
15.0000 1.5374
16.0000 1.7076
17.0000 1.8292
18.0000 1.9125
19.0000 1.9668
20.0000 1.9999
21.0000 2.0183
22.0000 2.0268
23.0000 2.0294
24.0000 2.0285
25.0000 2.0260
26.0000 2.0230
27.0000 2.0201
28.0000 2.0175
29.0000 2.0154
30.0000 2.0138
31.0000 2.0124
32.0000 2.0113
33.0000 2.0104
34.0000 2.0095
35.0000 2.0087
36.0000 2.0080
37.0000 2.0072
38.0000 2.0065
39.0000 2.0058
40.0000 2.0052
41.0000 2.0045
42.0000 2.0039
43.0000 2.0034
44.0000 2.0029
45.0000 2.0025
46.0000 2.0021
47.0000 2.0017
48.0000 2.0014
49.0000 2.0012
50.0000 2.0010
51.0000 2.0008
52.0000 2.0006
53.0000 2.0005
54.0000 2.0004
55.0000 2.0003
56.0000 2.0002
57.0000 2.0001
58.0000 2.0000
59.0000 1.9999
60.0000 1.9999
61.0000 1.9998
62.0000 1.9997
63.0000 1.9997
64.0000 1.9996
65.0000 1.9995
66.0000 1.9995
67.0000 1.9994
68.0000 1.9994
69.0000 1.9993
70.0000 1.9993
71.0000 1.9993
72.0000 1.9992
73.0000 1.9992
74.0000 1.9992
75.0000 1.9991
76.0000 1.9991
77.0000 1.9991
78.0000 1.9991
79.0000 1.9992
80.0000 1.9992
81.0000 1.9993
82.0000 1.9993
83.0000 1.9994
84.0000 1.9995
85.0000 1.9996
86.0000 1.9998
87.0000 2.0000
88.0000 2.0002
89.0000 2.0005
90.0000 2.0008
91.0000 2.0012
92.0000 2.0015
93.0000 2.0016
94.0000 2.0017
95.0000 2.0016
96.0000 2.0014
97.0000 2.0012
98.0000 2.0010
99.0000 2.0008
100.0000 2.0006
101.0000 2.0005
102.0000 2.0004
103.0000 2.0004
104.0000 2.0003
105.0000 2.0003
106.0000 2.0003
107.0000 2.0003
108.0000 2.0003
109.0000 2.0003
110.0000 2.0003
111.0000 2.0003
112.0000 2.0003
113.0000 2.0003
114.0000 2.0003
115.0000 2.0003
116.0000 2.0003
117.0000 2.0003
118.0000 2.0002
119.0000 2.0002
120.0000 2.0002
121.0000 2.0002
122.0000 2.0002
123.0000 2.0002
124.0000 2.0002
125.0000 2.0002
126.0000 2.0002
127.0000 2.0002
128.0000 2.0002
129.0000 2.0002
130.0000 2.0002
131.0000 2.0002
132.0000 2.0001
133.0000 2.0001
134.0000 2.0001
135.0000 2.0001
136.0000 2.0001
137.0000 2.0001
138.0000 2.0001
139.0000 2.0001
140.0000 2.0001
141.0000 2.0001
142.0000 2.0001
143.0000 2.0001
144.0000 2.0001
145.0000 2.0001
146.0000 2.0001
147.0000 2.0001
148.0000 2.0001
149.0000 2.0001
150.0000 2.0001
151.0000 2.0001
152.0000 2.0001
153.0000 2.0001
154.0000 2.0001
155.0000 2.0000
156.0000 2.0000
157.0000 2.0000
158.0000 2.0000
159.0000 2.0000
160.0000 2.0000
161.0000 2.0000
162.0000 2.0000
163.0000 2.0000
164.0000 2.0000
165.0000 2.0000
166.0000 2.0000
167.0000 2.0000
168.0000 2.0000
169.0000 2.0000
170.0000 2.0000
171.0000 2.0000
172.0000 2.0000
173.0000 2.0000
174.0000 2.0000
175.0000 2.0000
176.0000 2.0000
177.0000 2.0000
178.0000 2.0000
179.0000 2.0000
180.0000 2.0000
181.0000 2.0000
182.0000 2.0000
183.0000 2.0000
184.0000 2.0000
185.0000 2.0000
186.0000 2.0000
187.0000 2.0000
188.0000 2.0000
189.0000 2.0000
190.0000 2.0000
191.0000 2.0000
192.0000 2.0000
193.0000 2.0000
194.0000 2.0000
195.0000 2.0000
196.0000 2.0000
197.0000 2.0000
198.0000 2.0000
199.0000 2.0000
200.0000 2.0000
201.0000 1.4137
202.0000 0.6700
203.0000 -0.0316
204.0000 -0.6176
205.0000 -1.0748
206.0000 -1.4152
207.0000 -1.6584
208.0000 -1.8251
209.0000 -1.9336
210.0000 -1.9999
211.0000 -2.0365
212.0000 -2.0537
213.0000 -2.0587
214.0000 -2.0570
215.0000 -2.0520
216.0000 -2.0460
217.0000 -2.0401
218.0000 -2.0350
219.0000 -2.0309
220.0000 -2.0275
221.0000 -2.0248
222.0000 -2.0226
223.0000 -2.0208
224.0000 -2.0191
225.0000 -2.0175
226.0000 -2.0160
227.0000 -2.0145
228.0000 -2.0131
229.0000 -2.0117
230.0000 -2.0103
231.0000 -2.0091
232.0000 -2.0079
233.0000 -2.0068
234.0000 -2.0058
235.0000 -2.0049
236.0000 -2.0041
237.0000 -2.0034
238.0000 -2.0028
239.0000 -2.0023
240.0000 -2.0019
241.0000 -2.0015
242.0000 -2.0012
243.0000 -2.0010
244.0000 -2.0007
245.0000 -2.0005
246.0000 -2.0004
247.0000 -2.0002
248.0000 -2.0000
249.0000 -1.9999
250.0000 -1.9997
251.0000 -1.9996
252.0000 -1.9995
253.0000 -1.9994
254.0000 -1.9992
255.0000 -1.9991
256.0000 -1.9989
257.0000 -1.9988
258.0000 -1.9987
259.0000 -1.9987
260.0000 -1.9986
261.0000 -1.9985
262.0000 -1.9985
263.0000 -1.9984
264.0000 -1.9983
265.0000 -1.9983
266.0000 -1.9982
267.0000 -1.9982
268.0000 -1.9983
269.0000 -1.9983
270.0000 -1.9984
271.0000 -1.9985
272.0000 -1.9986
273.0000 -1.9988
274.0000 -1.9990
275.0000 -1.9993
276.0000 -1.9996
277.0000 -2.0000
278.0000 -2.0004
279.0000 -2.0009
280.0000 -2.0016
281.0000 -2.0023
282.0000 -2.0030
283.0000 -2.0033
284.0000 -2.0033
285.0000 -2.0031
286.0000 -2.0028
287.0000 -2.0023
288.0000 -2.0019
289.0000 -2.0015
290.0000 -2.0012
291.0000 -2.0010
292.0000 -2.0008
293.0000 -2.0007
294.0000 -2.0007
295.0000 -2.0006
296.0000 -2.0006
297.0000 -2.0006
298.0000 -2.0006
299.0000 -2.0006
300.0000 -2.0006
301.0000 -2.0006
302.0000 -2.0006
303.0000 -2.0006
304.0000 -2.0006
305.0000 -2.0005
306.0000 -2.0005
307.0000 -2.0005
308.0000 -2.0005
309.0000 -2.0005
310.0000 -2.0005
311.0000 -2.0004
312.0000 -2.0004
313.0000 -2.0004
314.0000 -2.0004
315.0000 -2.0004
316.0000 -2.0004
317.0000 -2.0004
318.0000 -2.0003
319.0000 -2.0003
320.0000 -2.0003
321.0000 -2.0003
322.0000 -2.0003
323.0000 -2.0003
324.0000 -2.0003
325.0000 -2.0003
326.0000 -2.0002
327.0000 -2.0002
328.0000 -2.0002
329.0000 -2.0002
330.0000 -2.0002
331.0000 -2.0002
332.0000 -2.0002
333.0000 -2.0002
334.0000 -2.0002
335.0000 -2.0002
336.0000 -2.0002
337.0000 -2.0001
338.0000 -2.0001
339.0000 -2.0001
340.0000 -2.0001
341.0000 -2.0001
342.0000 -2.0001
343.0000 -2.0001
344.0000 -2.0001
345.0000 -2.0001
346.0000 -2.0001
347.0000 -2.0001
348.0000 -2.0001
349.0000 -2.0001
350.0000 -2.0001
351.0000 -2.0001
352.0000 -2.0001
353.0000 -2.0001
354.0000 -2.0001
355.0000 -2.0001
356.0000 -2.0001
357.0000 -2.0001
358.0000 -2.0001
359.0000 -2.0000
360.0000 -2.0000
361.0000 -2.0000
362.0000 -2.0000
363.0000 -2.0000
364.0000 -2.0000
365.0000 -2.0000
366.0000 -2.0000
367.0000 -2.0000
368.0000 -2.0000
369.0000 -2.0000
370.0000 -2.0000
371.0000 -2.0000
372.0000 -2.0000
373.0000 -2.0000
374.0000 -2.0000
375.0000 -2.0000
376.0000 -2.0000
377.0000 -2.0000
378.0000 -2.0000
379.0000 -2.0000
380.0000 -2.0000
381.0000 -2.0000
382.0000 -2.0000
383.0000 -2.0000
384.0000 -2.0000
385.0000 -2.0000
386.0000 -2.0000
387.0000 -2.0000
388.0000 -2.0000
389.0000 -2.0000
390.0000 -2.0000
391.0000 -2.0000
392.0000 -2.0000
393.0000 -2.0000
394.0000 -2.0000
395.0000 -2.0000
396.0000 -2.0000
397.0000 -2.0000
398.0000 -2.0000
399.0000 -2.0000
400.0000 -2.0000
401.0000 -2.0000
402.0000 -2.0000
403.0000 -2.0000
404.0000 -2.0000
405.0000 -2.0000
406.0000 -2.0000
407.0000 -2.0000
408.0000 -2.0000
409.0000 -2.0000
410.0000 -2.0000
411.0000 -2.0000
412.0000 -2.0000
413.0000 -2.0000
414.0000 -2.0000
415.0000 -2.0000
416.0000 -2.0000
417.0000 -2.0000
418.0000 -2.0000
419.0000 -2.0000
420.0000 -2.0000
421.0000 -2.0000
422.0000 -2.0000
423.0000 -2.0000
424.0000 -2.0000
425.0000 -2.0000
426.0000 -2.0000
427.0000 -2.0000
428.0000 -2.0000
429.0000 -2.0000
430.0000 -2.0000
431.0000 -2.0000
432.0000 -2.0000
433.0000 -2.0000
434.0000 -2.0000
435.0000 -2.0000
436.0000 -2.0000
437.0000 -2.0000
438.0000 -2.0000
439.0000 -2.0000
440.0000 -2.0000
441.0000 -2.0000
442.0000 -2.0000
443.0000 -2.0000
444.0000 -2.0000
445.0000 -2.0000
446.0000 -2.0000
447.0000 -2.0000
448.0000 -2.0000
449.0000 -2.0000
450.0000 -2.0000
451.0000 -2.0000
452.0000 -2.0000
453.0000 -2.0000
454.0000 -2.0000
455.0000 -2.0000
456.0000 -2.0000
457.0000 -2.0000
458.0000 -2.0000
459.0000 -2.0000
460.0000 -2.0000
461.0000 -2.0000
462.0000 -2.0000
463.0000 -2.0000
464.0000 -2.0000
465.0000 -2.0000
466.0000 -2.0000
467.0000 -2.0000
468.0000 -2.0000
469.0000 -2.0000
470.0000 -2.0000
471.0000 -2.0000
472.0000 -2.0000
473.0000 -2.0000
474.0000 -2.0000
475.0000 -2.0000
476.0000 -2.0000
477.0000 -2.0000
478.0000 -2.0000
479.0000 -2.0000
480.0000 -2.0000
481.0000 -2.0000
482.0000 -2.0000
483.0000 -2.0000
484.0000 -2.0000
485.0000 -2.0000
486.0000 -2.0000
487.0000 -2.0000
488.0000 -2.0000
489.0000 -2.0000
490.0000 -2.0000
491.0000 -2.0000
492.0000 -2.0000
493.0000 -2.0000
494.0000 -2.0000
495.0000 -2.0000
496.0000 -2.0000
497.0000 -2.0000
498.0000 -2.0000
499.0000 -2.0000
500.0000 -2.0000
501.0000 -1.4870
502.0000 -0.8362
503.0000 -0.2223
504.0000 0.2904
505.0000 0.6905
506.0000 0.9883
507.0000 1.2011
508.0000 1.3469
509.0000 1.4419
510.0000 1.4999
511.0000 1.5320
512.0000 1.5470
513.0000 1.5514
514.0000 1.5498
515.0000 1.5455
516.0000 1.5402
517.0000 1.5351
518.0000 1.5307
519.0000 1.5270
520.0000 1.5241
521.0000 1.5217
522.0000 1.5198
523.0000 1.5182
524.0000 1.5167
525.0000 1.5153
526.0000 1.5140
527.0000 1.5127
528.0000 1.5114
529.0000 1.5102
530.0000 1.5090
531.0000 1.5079
532.0000 1.5069
533.0000 1.5060
534.0000 1.5051
535.0000 1.5043
536.0000 1.5036
537.0000 1.5030
538.0000 1.5025
539.0000 1.5021
540.0000 1.5017
541.0000 1.5014
542.0000 1.5011
543.0000 1.5009
544.0000 1.5006
545.0000 1.5005
546.0000 1.5003
547.0000 1.5002
548.0000 1.5000
549.0000 1.4999
550.0000 1.4998
551.0000 1.4997
552.0000 1.4996
553.0000 1.4994
554.0000 1.4993
555.0000 1.4992
556.0000 1.4991
557.0000 1.4990
558.0000 1.4989
559.0000 1.4988
560.0000 1.4988
561.0000 1.4987
562.0000 1.4987
563.0000 1.4986
564.0000 1.4985
565.0000 1.4985
566.0000 1.4985
567.0000 1.4985
568.0000 1.4985
569.0000 1.4985
570.0000 1.4986
571.0000 1.4987
572.0000 1.4988
573.0000 1.4990
574.0000 1.4991
575.0000 1.4994
576.0000 1.4996
577.0000 1.5000
578.0000 1.5004
579.0000 1.5008
580.0000 1.5014
581.0000 1.5020
582.0000 1.5026
583.0000 1.5029
584.0000 1.5029
585.0000 1.5027
586.0000 1.5024
587.0000 1.5020
588.0000 1.5017
589.0000 1.5014
590.0000 1.5011
591.0000 1.5009
592.0000 1.5007
593.0000 1.5006
594.0000 1.5006
595.0000 1.5006
596.0000 1.5005
597.0000 1.5005
598.0000 1.5005
599.0000 1.5005
600.0000 1.5005
601.0000 1.5005
602.0000 1.5005
603.0000 1.5005
604.0000 1.5005
605.0000 1.5005
606.0000 1.5005
607.0000 1.5004
608.0000 1.5004
609.0000 1.5004
610.0000 1.5004
611.0000 1.5004
612.0000 1.5004
613.0000 1.5004
614.0000 1.5003
615.0000 1.5003
616.0000 1.5003
617.0000 1.5003
618.0000 1.5003
619.0000 1.5003
620.0000 1.5003
621.0000 1.5003
622.0000 1.5003
623.0000 1.5002
624.0000 1.5002
625.0000 1.5002
626.0000 1.5002
627.0000 1.5002
628.0000 1.5002
629.0000 1.5002
630.0000 1.5002
631.0000 1.5002
632.0000 1.5002
633.0000 1.5002
634.0000 1.5001
635.0000 1.5001
636.0000 1.5001
637.0000 1.5001
638.0000 1.5001
639.0000 1.5001
640.0000 1.5001
641.0000 1.5001
642.0000 1.5001
643.0000 1.5001
644.0000 1.5001
645.0000 1.5001
646.0000 1.5001
647.0000 1.5001
648.0000 1.5001
649.0000 1.5001
650.0000 1.5001
651.0000 1.5001
652.0000 1.5001
653.0000 1.5001
654.0000 1.5001
655.0000 1.5001
656.0000 1.5001
657.0000 1.5000
658.0000 1.5000
659.0000 1.5000
660.0000 1.5000
661.0000 1.5000
662.0000 1.5000
663.0000 1.5000
664.0000 1.5000
665.0000 1.5000
666.0000 1.5000
667.0000 1.5000
668.0000 1.5000
669.0000 1.5000
670.0000 1.5000
671.0000 1.5000
672.0000 1.5000
673.0000 1.5000
674.0000 1.5000
675.0000 1.5000
676.0000 1.5000
677.0000 1.5000
678.0000 1.5000
679.0000 1.5000
680.0000 1.5000
681.0000 1.5000
682.0000 1.5000
683.0000 1.5000
684.0000 1.5000
685.0000 1.5000
686.0000 1.5000
687.0000 1.5000
688.0000 1.5000
689.0000 1.5000
690.0000 1.5000
691.0000 1.5000
692.0000 1.5000
693.0000 1.5000
694.0000 1.5000
695.0000 1.5000
696.0000 1.5000
697.0000 1.5000
698.0000 1.5000
699.0000 1.5000
700.0000 1.5000
701.0000 1.5000
702.0000 1.5000
703.0000 1.5000
704.0000 1.5000
705.0000 1.5000
706.0000 1.5000
707.0000 1.5000
708.0000 1.5000
709.0000 1.5000
710.0000 1.5000
711.0000 1.5000
712.0000 1.5000
713.0000 1.5000
714.0000 1.5000
715.0000 1.5000
716.0000 1.5000
717.0000 1.5000
718.0000 1.5000
719.0000 1.5000
720.0000 1.5000
721.0000 1.5000
722.0000 1.5000
723.0000 1.5000
724.0000 1.5000
725.0000 1.5000
726.0000 1.5000
727.0000 1.5000
728.0000 1.5000
729.0000 1.5000
730.0000 1.5000
731.0000 1.5000
732.0000 1.5000
733.0000 1.5000
734.0000 1.5000
735.0000 1.5000
736.0000 1.5000
737.0000 1.5000
738.0000 1.5000
739.0000 1.5000
740.0000 1.5000
741.0000 1.5000
742.0000 1.5000
743.0000 1.5000
744.0000 1.5000
745.0000 1.5000
746.0000 1.5000
747.0000 1.5000
748.0000 1.5000
749.0000 1.5000
750.0000 1.5000
751.0000 1.5000
752.0000 1.5000
753.0000 1.5000
754.0000 1.5000
755.0000 1.5000
756.0000 1.5000
757.0000 1.5000
758.0000 1.5000
759.0000 1.5000
760.0000 1.5000
761.0000 1.5000
762.0000 1.5000
763.0000 1.5000
764.0000 1.5000
765.0000 1.5000
766.0000 1.5000
767.0000 1.5000
768.0000 1.5000
769.0000 1.5000
770.0000 1.5000
771.0000 1.5000
772.0000 1.5000
773.0000 1.5000
774.0000 1.5000
775.0000 1.5000
776.0000 1.5000
777.0000 1.5000
778.0000 1.5000
779.0000 1.5000
780.0000 1.5000
781.0000 1.5000
782.0000 1.5000
783.0000 1.5000
784.0000 1.5000
785.0000 1.5000
786.0000 1.5000
787.0000 1.5000
788.0000 1.5000
789.0000 1.5000
790.0000 1.5000
791.0000 1.5000
792.0000 1.5000
793.0000 1.5000
794.0000 1.5000
795.0000 1.5000
796.0000 1.5000
797.0000 1.5000
798.0000 1.5000
799.0000 1.5000
800.0000 1.5000
801.0000 1.2801
802.0000 1.0012
803.0000 0.7381
804.0000 0.5184
805.0000 0.3469
806.0000 0.2193
807.0000 0.1281
808.0000 0.0656
809.0000 0.0249
810.0000 0.0001
811.0000 -0.0137
812.0000 -0.0201
813.0000 -0.0220
814.0000 -0.0214
815.0000 -0.0195
816.0000 -0.0172
817.0000 -0.0150
818.0000 -0.0131
819.0000 -0.0116
820.0000 -0.0103
821.0000 -0.0093
822.0000 -0.0085
823.0000 -0.0078
824.0000 -0.0072
825.0000 -0.0066
826.0000 -0.0060
827.0000 -0.0054
828.0000 -0.0049
829.0000 -0.0044
830.0000 -0.0039
831.0000 -0.0034
832.0000 -0.0030
833.0000 -0.0026
834.0000 -0.0022
835.0000 -0.0018
836.0000 -0.0015
837.0000 -0.0013
838.0000 -0.0011
839.0000 -0.0009
840.0000 -0.0007
841.0000 -0.0006
842.0000 -0.0005
843.0000 -0.0004
844.0000 -0.0003
845.0000 -0.0002
846.0000 -0.0001
847.0000 -0.0001
848.0000 -0.0000
849.0000 0.0000
850.0000 0.0001
851.0000 0.0001
852.0000 0.0002
853.0000 0.0002
854.0000 0.0003
855.0000 0.0004
856.0000 0.0004
857.0000 0.0004
858.0000 0.0005
859.0000 0.0005
860.0000 0.0005
861.0000 0.0005
862.0000 0.0006
863.0000 0.0006
864.0000 0.0006
865.0000 0.0007
866.0000 0.0007
867.0000 0.0007
868.0000 0.0007
869.0000 0.0006
870.0000 0.0006
871.0000 0.0006
872.0000 0.0005
873.0000 0.0004
874.0000 0.0004
875.0000 0.0003
876.0000 0.0002
877.0000 0.0000
878.0000 -0.0002
879.0000 -0.0004
880.0000 -0.0006
881.0000 -0.0009
882.0000 -0.0011
883.0000 -0.0012
884.0000 -0.0012
885.0000 -0.0012
886.0000 -0.0010
887.0000 -0.0009
888.0000 -0.0007
889.0000 -0.0006
890.0000 -0.0005
891.0000 -0.0004
892.0000 -0.0003
893.0000 -0.0003
894.0000 -0.0003
895.0000 -0.0002
896.0000 -0.0002
897.0000 -0.0002
898.0000 -0.0002
899.0000 -0.0002
900.0000 -0.0002
901.0000 -0.0002
902.0000 -0.0002
903.0000 -0.0002
904.0000 -0.0002
905.0000 -0.0002
906.0000 -0.0002
907.0000 -0.0002
908.0000 -0.0002
909.0000 -0.0002
910.0000 -0.0002
911.0000 -0.0002
912.0000 -0.0002
913.0000 -0.0002
914.0000 -0.0001
915.0000 -0.0001
916.0000 -0.0001
917.0000 -0.0001
918.0000 -0.0001
919.0000 -0.0001
920.0000 -0.0001
921.0000 -0.0001
922.0000 -0.0001
923.0000 -0.0001
924.0000 -0.0001
925.0000 -0.0001
926.0000 -0.0001
927.0000 -0.0001
928.0000 -0.0001
929.0000 -0.0001
930.0000 -0.0001
931.0000 -0.0001
932.0000 -0.0001
933.0000 -0.0001
934.0000 -0.0001
935.0000 -0.0001
936.0000 -0.0001
937.0000 -0.0001
938.0000 -0.0001
939.0000 -0.0000
940.0000 -0.0000
941.0000 -0.0000
942.0000 -0.0000
943.0000 -0.0000
944.0000 -0.0000
945.0000 -0.0000
946.0000 -0.0000
947.0000 -0.0000
948.0000 -0.0000
949.0000 -0.0000
950.0000 -0.0000
951.0000 -0.0000
952.0000 -0.0000
953.0000 -0.0000
954.0000 -0.0000
955.0000 -0.0000
956.0000 -0.0000
957.0000 -0.0000
958.0000 -0.0000
959.0000 -0.0000
960.0000 -0.0000
961.0000 -0.0000
962.0000 -0.0000
963.0000 -0.0000
964.0000 -0.0000
965.0000 -0.0000
966.0000 -0.0000
967.0000 -0.0000
968.0000 -0.0000
969.0000 -0.0000
970.0000 -0.0000
971.0000 -0.0000
972.0000 -0.0000
973.0000 -0.0000
974.0000 -0.0000
975.0000 -0.0000
976.0000 -0.0000
977.0000 -0.0000
978.0000 0.0000
979.0000 0.0000
980.0000 0.0000
981.0000 0.0000
982.0000 0.0000
983.0000 0.0000
984.0000 0.0000
985.0000 0.0000
986.0000 0.0000
987.0000 0.0000
988.0000 0.0000
989.0000 0.0000
990.0000 0.0000
991.0000 0.0000
992.0000 0.0000
993.0000 0.0000
994.0000 0.0000
995.0000 0.0000
996.0000 0.0000
997.0000 0.0000
998.0000 0.0000
999.0000 0.0000
1000.0000 0.0000
1001.0000 0.0000
1002.0000 0.0000
1003.0000 0.0000
1004.0000 0.0000
1005.0000 0.0000
1006.0000 0.0000
1007.0000 0.0000
1008.0000 0.0000
1009.0000 0.0000
1010.0000 0.0000
1011.0000 0.0000
1012.0000 0.0000
1013.0000 0.0000
1014.0000 -0.0000
1015.0000 -0.0000
1016.0000 -0.0000
1017.0000 -0.0000
1018.0000 -0.0000
1019.0000 -0.0000
1020.0000 -0.0000
1021.0000 -0.0000
1022.0000 -0.0000
1023.0000 -0.0000
1024.0000 -0.0000
1025.0000 -0.0000
1026.0000 -0.0000
1027.0000 -0.0000
1028.0000 -0.0000
1029.0000 -0.0000
1030.0000 -0.0000
1031.0000 -0.0000
1032.0000 -0.0000
1033.0000 -0.0000
1034.0000 -0.0000
1035.0000 -0.0000
1036.0000 -0.0000
1037.0000 -0.0000
1038.0000 -0.0000
1039.0000 -0.0000
1040.0000 -0.0000
1041.0000 -0.0000
1042.0000 -0.0000
1043.0000 -0.0000
1044.0000 -0.0000
1045.0000 -0.0000
1046.0000 -0.0000
1047.0000 -0.0000
1048.0000 -0.0000
1049.0000 -0.0000
1050.0000 -0.0000
1051.0000 -0.0000
1052.0000 -0.0000
1053.0000 -0.0000
1054.0000 -0.0000
1055.0000 -0.0000
1056.0000 -0.0000
1057.0000 -0.0000
1058.0000 -0.0000
1059.0000 -0.0000
1060.0000 -0.0000
1061.0000 -0.0000
1062.0000 -0.0000
1063.0000 -0.0000
1064.0000 -0.0000
1065.0000 -0.0000
1066.0000 -0.0000
1067.0000 -0.0000
1068.0000 -0.0000
1069.0000 -0.0000
1070.0000 -0.0000
1071.0000 -0.0000
1072.0000 -0.0000
1073.0000 -0.0000
1074.0000 -0.0000
1075.0000 -0.0000
1076.0000 -0.0000
1077.0000 -0.0000
1078.0000 -0.0000
1079.0000 -0.0000
1080.0000 -0.0000
1081.0000 -0.0000
1082.0000 -0.0000
1083.0000 -0.0000
1084.0000 -0.0000
1085.0000 -0.0000
1086.0000 -0.0000
1087.0000 -0.0000
1088.0000 -0.0000
1089.0000 -0.0000
1090.0000 -0.0000
1091.0000 -0.0000
1092.0000 -0.0000
1093.0000 -0.0000
1094.0000 -0.0000
1095.0000 -0.0000
1096.0000 -0.0000
1097.0000 -0.0000
1098.0000 -0.0000
1099.0000 -0.0000
1100.0000 -0.0000
