1.0000 0.0000
2.0000 0.0000
3.0000 0.0000
4.0000 0.0000
5.0000 0.0000
6.0000 0.0000
7.0000 0.0000
8.0000 0.0000
9.0000 0.0000
10.0000 2.4834
11.0000 3.1137
12.0000 2.8800
13.0000 2.3603
14.0000 1.8437
15.0000 1.4415
16.0000 1.1700
17.0000 1.0052
18.0000 0.9136
19.0000 0.8663
20.0000 0.8430
21.0000 0.8317
22.0000 0.8256
23.0000 0.8219
24.0000 0.8193
25.0000 0.8174
26.0000 0.8160
27.0000 0.8148
28.0000 0.8137
29.0000 0.8128
30.0000 0.8121
31.0000 0.8115
32.0000 0.8104
33.0000 0.8093
34.0000 0.8081
35.0000 0.8071
36.0000 0.8063
37.0000 0.8054
38.0000 0.8041
39.0000 0.8032
40.0000 0.8027
41.0000 0.8017
42.0000 0.8010
43.0000 0.7999
44.0000 0.7994
45.0000 0.7991
46.0000 0.7986
47.0000 0.7981
48.0000 0.7977
49.0000 0.7971
50.0000 0.7965
51.0000 0.7962
52.0000 0.7960
53.0000 0.7958
54.0000 0.7959
55.0000 0.7958
56.0000 0.7952
57.0000 0.7952
58.0000 0.7950
59.0000 0.7951
60.0000 0.7951
61.0000 0.7951
62.0000 0.7948
63.0000 0.7945
64.0000 0.7946
65.0000 0.7946
66.0000 0.7948
67.0000 0.7949
68.0000 0.7951
69.0000 0.7947
70.0000 0.7944
71.0000 0.7943
72.0000 0.7946
73.0000 0.7945
74.0000 0.7945
75.0000 0.7945
76.0000 0.7946
77.0000 0.7944
78.0000 0.7944
79.0000 0.7944
80.0000 0.7943
81.0000 0.7941
82.0000 0.7940
83.0000 0.7940
84.0000 0.7943
85.0000 0.7943
86.0000 0.7945
87.0000 0.7951
88.0000 0.7955
89.0000 0.7966
90.0000 0.7977
91.0000 0.7964
92.0000 0.7945
93.0000 0.7931
94.0000 0.7923
95.0000 0.7921
96.0000 0.7922
97.0000 0.7924
98.0000 0.7927
99.0000 0.7929
100.0000 0.7930
101.0000 0.7931
102.0000 0.7932
103.0000 0.7932
104.0000 0.7932
105.0000 0.7932
106.0000 0.7931
107.0000 0.7931
108.0000 0.7931
109.0000 0.7931
110.0000 0.7931
111.0000 0.7930
112.0000 0.7930
113.0000 0.7930
114.0000 0.7930
115.0000 0.7931
116.0000 0.7931
117.0000 0.7931
118.0000 0.7931
119.0000 0.7931
120.0000 0.7931
121.0000 0.7931
122.0000 0.7931
123.0000 0.7931
124.0000 0.7932
125.0000 0.7932
126.0000 0.7932
127.0000 0.7932
128.0000 0.7932
129.0000 0.7932
130.0000 0.7932
131.0000 0.7932
132.0000 0.7932
133.0000 0.7932
134.0000 0.7932
135.0000 0.7932
136.0000 0.7932
137.0000 0.7932
138.0000 0.7932
139.0000 0.7932
140.0000 0.7932
141.0000 0.7932
142.0000 0.7932
143.0000 0.7932
144.0000 0.7932
145.0000 0.7932
146.0000 0.7932
147.0000 0.7932
148.0000 0.7932
149.0000 0.7932
150.0000 0.7932
151.0000 0.7932
152.0000 0.7932
153.0000 0.7932
154.0000 0.7932
155.0000 0.7932
156.0000 0.7932
157.0000 0.7932
158.0000 0.7932
159.0000 0.7932
160.0000 0.7932
161.0000 0.7932
162.0000 0.7932
163.0000 0.7932
164.0000 0.7932
165.0000 0.7932
166.0000 0.7932
167.0000 0.7932
168.0000 0.7932
169.0000 0.7932
170.0000 0.7932
171.0000 0.7932
172.0000 0.7932
173.0000 0.7932
174.0000 0.7932
175.0000 0.7932
176.0000 0.7933
177.0000 0.7933
178.0000 0.7933
179.0000 0.7933
180.0000 0.7933
181.0000 0.7933
182.0000 0.7933
183.0000 0.7933
184.0000 0.7933
185.0000 0.7933
186.0000 0.7933
187.0000 0.7933
188.0000 0.7933
189.0000 0.7933
190.0000 0.7933
191.0000 0.7933
192.0000 0.7933
193.0000 0.7933
194.0000 0.7933
195.0000 0.7933
196.0000 0.7933
197.0000 0.7933
198.0000 0.7933
199.0000 0.7933
200.0000 -4.1735
201.0000 -5.4341
202.0000 -4.9667
203.0000 -3.9274
204.0000 -2.8942
205.0000 -2.0897
206.0000 -1.5467
207.0000 -1.2171
208.0000 -1.0339
209.0000 -0.9393
210.0000 -0.8927
211.0000 -0.8700
212.0000 -0.8579
213.0000 -0.8505
214.0000 -0.8453
215.0000 -0.8415
216.0000 -0.8386
217.0000 -0.8363
218.0000 -0.8341
219.0000 -0.8323
220.0000 -0.8309
221.0000 -0.8297
222.0000 -0.8275
223.0000 -0.8253
224.0000 -0.8229
225.0000 -0.8209
226.0000 -0.8194
227.0000 -0.8176
228.0000 -0.8149
229.0000 -0.8132
230.0000 -0.8120
231.0000 -0.8102
232.0000 -0.8087
233.0000 -0.8065
234.0000 -0.8055
235.0000 -0.8049
236.0000 -0.8040
237.0000 -0.8029
238.0000 -0.8021
239.0000 -0.8010
240.0000 -0.7996
241.0000 -0.7990
242.0000 -0.7987
243.0000 -0.7984
244.0000 -0.7985
245.0000 -0.7984
246.0000 -0.7971
247.0000 -0.7970
248.0000 -0.7967
249.0000 -0.7969
250.0000 -0.7969
251.0000 -0.7968
252.0000 -0.7964
253.0000 -0.7956
254.0000 -0.7959
255.0000 -0.7960
256.0000 -0.7963
257.0000 -0.7965
258.0000 -0.7969
259.0000 -0.7961
260.0000 -0.7954
261.0000 -0.7953
262.0000 -0.7958
263.0000 -0.7957
264.0000 -0.7957
265.0000 -0.7957
266.0000 -0.7958
267.0000 -0.7956
268.0000 -0.7956
269.0000 -0.7956
270.0000 -0.7952
271.0000 -0.7950
272.0000 -0.7948
273.0000 -0.7947
274.0000 -0.7954
275.0000 -0.7953
276.0000 -0.7956
277.0000 -0.7968
278.0000 -0.7977
279.0000 -0.7999
280.0000 -0.8020
281.0000 -0.7995
282.0000 -0.7957
283.0000 -0.7928
284.0000 -0.7913
285.0000 -0.7909
286.0000 -0.7910
287.0000 -0.7915
288.0000 -0.7920
289.0000 -0.7925
290.0000 -0.7928
291.0000 -0.7930
292.0000 -0.7931
293.0000 -0.7931
294.0000 -0.7931
295.0000 -0.7931
296.0000 -0.7930
297.0000 -0.7929
298.0000 -0.7929
299.0000 -0.7928
300.0000 -0.7928
301.0000 -0.7928
302.0000 -0.7928
303.0000 -0.7928
304.0000 -0.7928
305.0000 -0.7928
306.0000 -0.7928
307.0000 -0.7929
308.0000 -0.7929
309.0000 -0.7929
310.0000 -0.7929
311.0000 -0.7929
312.0000 -0.7930
313.0000 -0.7930
314.0000 -0.7930
315.0000 -0.7930
316.0000 -0.7930
317.0000 -0.7930
318.0000 -0.7930
319.0000 -0.7931
320.0000 -0.7931
321.0000 -0.7931
322.0000 -0.7931
323.0000 -0.7931
324.0000 -0.7931
325.0000 -0.7931
326.0000 -0.7931
327.0000 -0.7931
328.0000 -0.7931
329.0000 -0.7931
330.0000 -0.7931
331.0000 -0.7931
332.0000 -0.7931
333.0000 -0.7931
334.0000 -0.7931
335.0000 -0.7931
336.0000 -0.7931
337.0000 -0.7931
338.0000 -0.7931
339.0000 -0.7931
340.0000 -0.7931
341.0000 -0.7931
342.0000 -0.7931
343.0000 -0.7931
344.0000 -0.7931
345.0000 -0.7931
346.0000 -0.7931
347.0000 -0.7932
348.0000 -0.7932
349.0000 -0.7932
350.0000 -0.7932
351.0000 -0.7932
352.0000 -0.7932
353.0000 -0.7932
354.0000 -0.7932
355.0000 -0.7932
356.0000 -0.7932
357.0000 -0.7932
358.0000 -0.7932
359.0000 -0.7932
360.0000 -0.7932
361.0000 -0.7932
362.0000 -0.7932
363.0000 -0.7932
364.0000 -0.7932
365.0000 -0.7932
366.0000 -0.7932
367.0000 -0.7932
368.0000 -0.7932
369.0000 -0.7932
370.0000 -0.7932
371.0000 -0.7932
372.0000 -0.7932
373.0000 -0.7932
374.0000 -0.7932
375.0000 -0.7932
376.0000 -0.7932
377.0000 -0.7932
378.0000 -0.7932
379.0000 -0.7932
380.0000 -0.7932
381.0000 -0.7932
382.0000 -0.7932
383.0000 -0.7932
384.0000 -0.7932
385.0000 -0.7932
386.0000 -0.7932
387.0000 -0.7932
388.0000 -0.7932
389.0000 -0.7932
390.0000 -0.7932
391.0000 -0.7932
392.0000 -0.7932
393.0000 -0.7932
394.0000 -0.7933
395.0000 -0.7933
396.0000 -0.7933
397.0000 -0.7933
398.0000 -0.7933
399.0000 -0.7933
400.0000 -0.7933
401.0000 -0.7933
402.0000 -0.7933
403.0000 -0.7933
404.0000 -0.7933
405.0000 -0.7933
406.0000 -0.7933
407.0000 -0.7933
408.0000 -0.7933
409.0000 -0.7933
410.0000 -0.7933
411.0000 -0.7933
412.0000 -0.7933
413.0000 -0.7933
414.0000 -0.7933
415.0000 -0.7933
416.0000 -0.7933
417.0000 -0.7933
418.0000 -0.7933
419.0000 -0.7933
420.0000 -0.7933
421.0000 -0.7933
422.0000 -0.7933
423.0000 -0.7933
424.0000 -0.7933
425.0000 -0.7933
426.0000 -0.7933
427.0000 -0.7933
428.0000 -0.7933
429.0000 -0.7933
430.0000 -0.7933
431.0000 -0.7933
432.0000 -0.7933
433.0000 -0.7933
434.0000 -0.7933
435.0000 -0.7933
436.0000 -0.7933
437.0000 -0.7933
438.0000 -0.7933
439.0000 -0.7933
440.0000 -0.7933
441.0000 -0.7933
442.0000 -0.7933
443.0000 -0.7933
444.0000 -0.7933
445.0000 -0.7933
446.0000 -0.7933
447.0000 -0.7933
448.0000 -0.7933
449.0000 -0.7933
450.0000 -0.7933
451.0000 -0.7933
452.0000 -0.7933
453.0000 -0.7933
454.0000 -0.7933
455.0000 -0.7933
456.0000 -0.7933
457.0000 -0.7933
458.0000 -0.7933
459.0000 -0.7933
460.0000 -0.7933
461.0000 -0.7933
462.0000 -0.7933
463.0000 -0.7933
464.0000 -0.7933
465.0000 -0.7933
466.0000 -0.7933
467.0000 -0.7933
468.0000 -0.7933
469.0000 -0.7933
470.0000 -0.7933
471.0000 -0.7933
472.0000 -0.7933
473.0000 -0.7933
474.0000 -0.7933
475.0000 -0.7933
476.0000 -0.7933
477.0000 -0.7933
478.0000 -0.7933
479.0000 -0.7933
480.0000 -0.7933
481.0000 -0.7933
482.0000 -0.7933
483.0000 -0.7933
484.0000 -0.7933
485.0000 -0.7933
486.0000 -0.7933
487.0000 -0.7933
488.0000 -0.7933
489.0000 -0.7933
490.0000 -0.7933
491.0000 -0.7933
492.0000 -0.7933
493.0000 -0.7933
494.0000 -0.7933
495.0000 -0.7933
496.0000 -0.7933
497.0000 -0.7933
498.0000 -0.7933
499.0000 -0.7933
500.0000 3.5527
501.0000 4.6556
502.0000 4.2467
503.0000 3.3373
504.0000 2.4333
505.0000 1.7293
506.0000 1.2541
507.0000 0.9658
508.0000 0.8055
509.0000 0.7227
510.0000 0.6820
511.0000 0.6621
512.0000 0.6515
513.0000 0.6450
514.0000 0.6405
515.0000 0.6372
516.0000 0.6346
517.0000 0.6326
518.0000 0.6307
519.0000 0.6291
520.0000 0.6279
521.0000 0.6268
522.0000 0.6249
523.0000 0.6229
524.0000 0.6209
525.0000 0.6191
526.0000 0.6178
527.0000 0.6162
528.0000 0.6139
529.0000 0.6124
530.0000 0.6114
531.0000 0.6097
532.0000 0.6084
533.0000 0.6065
534.0000 0.6057
535.0000 0.6051
536.0000 0.6043
537.0000 0.6034
538.0000 0.6027
539.0000 0.6017
540.0000 0.6005
541.0000 0.6000
542.0000 0.5997
543.0000 0.5994
544.0000 0.5995
545.0000 0.5994
546.0000 0.5983
547.0000 0.5982
548.0000 0.5979
549.0000 0.5981
550.0000 0.5981
551.0000 0.5981
552.0000 0.5976
553.0000 0.5970
554.0000 0.5972
555.0000 0.5973
556.0000 0.5976
557.0000 0.5978
558.0000 0.5981
559.0000 0.5974
560.0000 0.5968
561.0000 0.5967
562.0000 0.5972
563.0000 0.5971
564.0000 0.5971
565.0000 0.5971
566.0000 0.5972
567.0000 0.5970
568.0000 0.5970
569.0000 0.5970
570.0000 0.5966
571.0000 0.5965
572.0000 0.5962
573.0000 0.5962
574.0000 0.5968
575.0000 0.5968
576.0000 0.5970
577.0000 0.5981
578.0000 0.5988
579.0000 0.6007
580.0000 0.6026
581.0000 0.6004
582.0000 0.5971
583.0000 0.5946
584.0000 0.5932
585.0000 0.5928
586.0000 0.5930
587.0000 0.5934
588.0000 0.5939
589.0000 0.5943
590.0000 0.5945
591.0000 0.5947
592.0000 0.5948
593.0000 0.5948
594.0000 0.5948
595.0000 0.5948
596.0000 0.5947
597.0000 0.5947
598.0000 0.5946
599.0000 0.5946
600.0000 0.5945
601.0000 0.5945
602.0000 0.5945
603.0000 0.5945
604.0000 0.5945
605.0000 0.5945
606.0000 0.5946
607.0000 0.5946
608.0000 0.5946
609.0000 0.5946
610.0000 0.5946
611.0000 0.5947
612.0000 0.5947
613.0000 0.5947
614.0000 0.5947
615.0000 0.5947
616.0000 0.5947
617.0000 0.5947
618.0000 0.5948
619.0000 0.5948
620.0000 0.5948
621.0000 0.5948
622.0000 0.5948
623.0000 0.5948
624.0000 0.5948
625.0000 0.5948
626.0000 0.5948
627.0000 0.5948
628.0000 0.5948
629.0000 0.5948
630.0000 0.5948
631.0000 0.5948
632.0000 0.5948
633.0000 0.5948
634.0000 0.5948
635.0000 0.5948
636.0000 0.5948
637.0000 0.5948
638.0000 0.5948
639.0000 0.5948
640.0000 0.5948
641.0000 0.5948
642.0000 0.5948
643.0000 0.5948
644.0000 0.5948
645.0000 0.5948
646.0000 0.5948
647.0000 0.5948
648.0000 0.5949
649.0000 0.5949
650.0000 0.5949
651.0000 0.5949
652.0000 0.5949
653.0000 0.5949
654.0000 0.5949
655.0000 0.5949
656.0000 0.5949
657.0000 0.5949
658.0000 0.5949
659.0000 0.5949
660.0000 0.5949
661.0000 0.5949
662.0000 0.5949
663.0000 0.5949
664.0000 0.5949
665.0000 0.5949
666.0000 0.5949
667.0000 0.5949
668.0000 0.5949
669.0000 0.5949
670.0000 0.5949
671.0000 0.5949
672.0000 0.5949
673.0000 0.5949
674.0000 0.5949
675.0000 0.5949
676.0000 0.5949
677.0000 0.5949
678.0000 0.5949
679.0000 0.5949
680.0000 0.5949
681.0000 0.5949
682.0000 0.5949
683.0000 0.5949
684.0000 0.5949
685.0000 0.5949
686.0000 0.5949
687.0000 0.5949
688.0000 0.5949
689.0000 0.5949
690.0000 0.5949
691.0000 0.5949
692.0000 0.5949
693.0000 0.5949
694.0000 0.5949
695.0000 0.5949
696.0000 0.5949
697.0000 0.5949
698.0000 0.5949
699.0000 0.5949
700.0000 0.5949
701.0000 0.5949
702.0000 0.5949
703.0000 0.5949
704.0000 0.5949
705.0000 0.5949
706.0000 0.5949
707.0000 0.5949
708.0000 0.5949
709.0000 0.5949
710.0000 0.5949
711.0000 0.5949
712.0000 0.5949
713.0000 0.5949
714.0000 0.5950
715.0000 0.5950
716.0000 0.5950
717.0000 0.5950
718.0000 0.5950
719.0000 0.5950
720.0000 0.5950
721.0000 0.5950
722.0000 0.5950
723.0000 0.5950
724.0000 0.5950
725.0000 0.5950
726.0000 0.5950
727.0000 0.5950
728.0000 0.5950
729.0000 0.5950
730.0000 0.5950
731.0000 0.5950
732.0000 0.5950
733.0000 0.5950
734.0000 0.5950
735.0000 0.5950
736.0000 0.5950
737.0000 0.5950
738.0000 0.5950
739.0000 0.5950
740.0000 0.5950
741.0000 0.5950
742.0000 0.5950
743.0000 0.5950
744.0000 0.5950
745.0000 0.5950
746.0000 0.5950
747.0000 0.5950
748.0000 0.5950
749.0000 0.5950
750.0000 0.5950
751.0000 0.5950
752.0000 0.5950
753.0000 0.5950
754.0000 0.5950
755.0000 0.5950
756.0000 0.5950
757.0000 0.5950
758.0000 0.5950
759.0000 0.5950
760.0000 0.5950
761.0000 0.5950
762.0000 0.5950
763.0000 0.5950
764.0000 0.5950
765.0000 0.5950
766.0000 0.5950
767.0000 0.5950
768.0000 0.5950
769.0000 0.5950
770.0000 0.5950
771.0000 0.5950
772.0000 0.5950
773.0000 0.5950
774.0000 0.5950
775.0000 0.5950
776.0000 0.5950
777.0000 0.5950
778.0000 0.5950
779.0000 0.5950
780.0000 0.5950
781.0000 0.5950
782.0000 0.5950
783.0000 0.5950
784.0000 0.5950
785.0000 0.5950
786.0000 0.5950
787.0000 0.5950
788.0000 0.5950
789.0000 0.5950
790.0000 0.5950
791.0000 0.5950
792.0000 0.5950
793.0000 0.5950
794.0000 0.5950
795.0000 0.5950
796.0000 0.5950
797.0000 0.5950
798.0000 0.5950
799.0000 0.5950
800.0000 -1.2676
801.0000 -1.7403
802.0000 -1.5650
803.0000 -1.1753
804.0000 -0.7878
805.0000 -0.4861
806.0000 -0.2825
807.0000 -0.1589
808.0000 -0.0902
809.0000 -0.0547
810.0000 -0.0373
811.0000 -0.0288
812.0000 -0.0242
813.0000 -0.0214
814.0000 -0.0195
815.0000 -0.0181
816.0000 -0.0170
817.0000 -0.0161
818.0000 -0.0153
819.0000 -0.0146
820.0000 -0.0141
821.0000 -0.0136
822.0000 -0.0128
823.0000 -0.0120
824.0000 -0.0111
825.0000 -0.0103
826.0000 -0.0098
827.0000 -0.0091
828.0000 -0.0081
829.0000 -0.0074
830.0000 -0.0070
831.0000 -0.0063
832.0000 -0.0058
833.0000 -0.0049
834.0000 -0.0046
835.0000 -0.0043
836.0000 -0.0040
837.0000 -0.0036
838.0000 -0.0033
839.0000 -0.0029
840.0000 -0.0024
841.0000 -0.0021
842.0000 -0.0020
843.0000 -0.0019
844.0000 -0.0020
845.0000 -0.0019
846.0000 -0.0014
847.0000 -0.0014
848.0000 -0.0013
849.0000 -0.0014
850.0000 -0.0013
851.0000 -0.0013
852.0000 -0.0011
853.0000 -0.0009
854.0000 -0.0010
855.0000 -0.0010
856.0000 -0.0011
857.0000 -0.0012
858.0000 -0.0013
859.0000 -0.0010
860.0000 -0.0008
861.0000 -0.0008
862.0000 -0.0009
863.0000 -0.0009
864.0000 -0.0009
865.0000 -0.0009
866.0000 -0.0010
867.0000 -0.0009
868.0000 -0.0008
869.0000 -0.0008
870.0000 -0.0007
871.0000 -0.0006
872.0000 -0.0005
873.0000 -0.0005
874.0000 -0.0008
875.0000 -0.0008
876.0000 -0.0009
877.0000 -0.0013
878.0000 -0.0016
879.0000 -0.0025
880.0000 -0.0033
881.0000 -0.0023
882.0000 -0.0009
883.0000 0.0002
884.0000 0.0007
885.0000 0.0009
886.0000 0.0008
887.0000 0.0007
888.0000 0.0005
889.0000 0.0003
890.0000 0.0002
891.0000 0.0001
892.0000 0.0001
893.0000 0.0001
894.0000 0.0001
895.0000 0.0001
896.0000 0.0001
897.0000 0.0001
898.0000 0.0002
899.0000 0.0002
900.0000 0.0002
901.0000 0.0002
902.0000 0.0002
903.0000 0.0002
904.0000 0.0002
905.0000 0.0002
906.0000 0.0002
907.0000 0.0002
908.0000 0.0002
909.0000 0.0002
910.0000 0.0001
911.0000 0.0001
912.0000 0.0001
913.0000 0.0001
914.0000 0.0001
915.0000 0.0001
916.0000 0.0001
917.0000 0.0001
918.0000 0.0001
919.0000 0.0001
920.0000 0.0001
921.0000 0.0001
922.0000 0.0001
923.0000 0.0001
924.0000 0.0001
925.0000 0.0001
926.0000 0.0001
927.0000 0.0001
928.0000 0.0001
929.0000 0.0001
930.0000 0.0001
931.0000 0.0001
932.0000 0.0001
933.0000 0.0001
934.0000 0.0001
935.0000 0.0001
936.0000 0.0001
937.0000 0.0001
938.0000 0.0001
939.0000 0.0001
940.0000 0.0001
941.0000 0.0001
942.0000 0.0001
943.0000 0.0001
944.0000 0.0001
945.0000 0.0001
946.0000 0.0001
947.0000 0.0001
948.0000 0.0001
949.0000 0.0001
950.0000 0.0000
951.0000 0.0000
952.0000 0.0000
953.0000 0.0000
954.0000 0.0000
955.0000 0.0000
956.0000 0.0000
957.0000 0.0000
958.0000 0.0000
959.0000 0.0000
960.0000 0.0000
961.0000 0.0000
962.0000 0.0000
963.0000 0.0000
964.0000 0.0000
965.0000 0.0000
966.0000 0.0000
967.0000 0.0000
968.0000 0.0000
969.0000 0.0000
970.0000 0.0000
971.0000 0.0000
972.0000 0.0000
973.0000 0.0000
974.0000 0.0000
975.0000 0.0000
976.0000 0.0000
977.0000 0.0000
978.0000 0.0000
979.0000 0.0000
980.0000 0.0000
981.0000 0.0000
982.0000 0.0000
983.0000 0.0000
984.0000 0.0000
985.0000 0.0000
986.0000 0.0000
987.0000 0.0000
988.0000 0.0000
989.0000 0.0000
990.0000 0.0000
991.0000 0.0000
992.0000 0.0000
993.0000 0.0000
994.0000 0.0000
995.0000 0.0000
996.0000 0.0000
997.0000 0.0000
998.0000 0.0000
999.0000 0.0000
1000.0000 0.0000
1001.0000 0.0000
1002.0000 0.0000
1003.0000 0.0000
1004.0000 0.0000
1005.0000 0.0000
1006.0000 0.0000
1007.0000 0.0000
1008.0000 0.0000
1009.0000 0.0000
1010.0000 0.0000
1011.0000 0.0000
1012.0000 0.0000
1013.0000 0.0000
1014.0000 0.0000
1015.0000 0.0000
1016.0000 0.0000
1017.0000 0.0000
1018.0000 0.0000
1019.0000 0.0000
1020.0000 0.0000
1021.0000 0.0000
1022.0000 0.0000
1023.0000 0.0000
1024.0000 0.0000
1025.0000 0.0000
1026.0000 0.0000
1027.0000 0.0000
1028.0000 0.0000
1029.0000 0.0000
1030.0000 0.0000
1031.0000 0.0000
1032.0000 0.0000
1033.0000 0.0000
1034.0000 0.0000
1035.0000 0.0000
1036.0000 0.0000
1037.0000 0.0000
1038.0000 0.0000
1039.0000 0.0000
1040.0000 0.0000
1041.0000 0.0000
1042.0000 0.0000
1043.0000 0.0000
1044.0000 0.0000
1045.0000 0.0000
1046.0000 0.0000
1047.0000 0.0000
1048.0000 0.0000
1049.0000 0.0000
1050.0000 0.0000
1051.0000 0.0000
1052.0000 0.0000
1053.0000 0.0000
1054.0000 0.0000
1055.0000 0.0000
1056.0000 0.0000
1057.0000 0.0000
1058.0000 0.0000
1059.0000 0.0000
1060.0000 0.0000
1061.0000 0.0000
1062.0000 0.0000
1063.0000 0.0000
1064.0000 0.0000
1065.0000 0.0000
1066.0000 0.0000
1067.0000 0.0000
1068.0000 0.0000
1069.0000 0.0000
1070.0000 0.0000
1071.0000 0.0000
1072.0000 0.0000
1073.0000 0.0000
1074.0000 0.0000
1075.0000 0.0000
1076.0000 0.0000
1077.0000 0.0000
1078.0000 0.0000
1079.0000 0.0000
1080.0000 0.0000
1081.0000 0.0000
1082.0000 0.0000
1083.0000 0.0000
1084.0000 0.0000
1085.0000 0.0000
1086.0000 0.0000
1087.0000 0.0000
1088.0000 0.0000
1089.0000 0.0000
1090.0000 0.0000
1091.0000 0.0000
1092.0000 0.0000
1093.0000 0.0000
1094.0000 0.0000
1095.0000 0.0000
1096.0000 0.0000
1097.0000 0.0000
1098.0000 0.0000
1099.0000 0.0000
1100.0000 0.0000
