1.0000 0.0000
2.0000 0.0000
3.0000 0.0000
4.0000 0.0000
5.0000 0.0000
6.0000 0.0000
7.0000 0.0000
8.0000 0.0000
9.0000 0.0000
10.0000 0.0000
11.0000 0.7434
12.0000 1.4090
13.0000 1.8305
14.0000 2.0439
15.0000 2.1212
16.0000 2.1247
17.0000 2.0976
18.0000 2.0649
19.0000 2.0382
20.0000 2.0204
21.0000 2.0105
22.0000 2.0061
23.0000 2.0049
24.0000 2.0051
25.0000 2.0057
26.0000 2.0061
27.0000 2.0064
28.0000 2.0064
29.0000 2.0062
30.0000 2.0057
31.0000 2.0051
32.0000 2.0046
33.0000 2.0041
34.0000 2.0037
35.0000 2.0032
36.0000 2.0029
37.0000 2.0026
38.0000 2.0023
39.0000 2.0021
40.0000 2.0019
41.0000 2.0017
42.0000 2.0015
43.0000 2.0014
44.0000 2.0012
45.0000 2.0011
46.0000 2.0010
47.0000 2.0009
48.0000 2.0009
49.0000 2.0008
50.0000 2.0007
51.0000 2.0006
52.0000 2.0006
53.0000 2.0005
54.0000 2.0004
55.0000 2.0004
56.0000 2.0003
57.0000 2.0001
58.0000 2.0001
59.0000 2.0000
60.0000 1.9999
61.0000 1.9998
62.0000 1.9997
63.0000 1.9996
64.0000 1.9994
65.0000 1.9993
66.0000 1.9993
67.0000 1.9992
68.0000 1.9992
69.0000 1.9992
70.0000 1.9992
71.0000 1.9991
72.0000 1.9990
73.0000 1.9990
74.0000 1.9989
75.0000 1.9989
76.0000 1.9989
77.0000 1.9990
78.0000 1.9991
79.0000 1.9992
80.0000 1.9993
81.0000 1.9993
82.0000 1.9994
83.0000 1.9996
84.0000 1.9997
85.0000 1.9999
86.0000 2.0002
87.0000 2.0003
88.0000 2.0005
89.0000 2.0008
90.0000 2.0012
91.0000 2.0018
92.0000 2.0018
93.0000 2.0014
94.0000 2.0009
95.0000 2.0005
96.0000 2.0002
97.0000 2.0002
98.0000 2.0002
99.0000 2.0002
100.0000 2.0003
101.0000 2.0003
102.0000 2.0002
103.0000 2.0002
104.0000 2.0001
105.0000 2.0001
106.0000 2.0000
107.0000 2.0000
108.0000 1.9999
109.0000 1.9999
110.0000 1.9999
111.0000 1.9999
112.0000 1.9999
113.0000 1.9999
114.0000 1.9999
115.0000 1.9999
116.0000 1.9999
117.0000 1.9999
118.0000 1.9999
119.0000 1.9999
120.0000 1.9999
121.0000 1.9999
122.0000 1.9999
123.0000 1.9999
124.0000 1.9999
125.0000 1.9999
126.0000 1.9999
127.0000 1.9999
128.0000 1.9999
129.0000 1.9999
130.0000 1.9999
131.0000 1.9999
132.0000 1.9999
133.0000 1.9999
134.0000 1.9999
135.0000 2.0000
136.0000 2.0000
137.0000 2.0000
138.0000 2.0000
139.0000 2.0000
140.0000 2.0000
141.0000 2.0000
142.0000 2.0000
143.0000 2.0000
144.0000 2.0000
145.0000 2.0000
146.0000 2.0000
147.0000 2.0000
148.0000 2.0000
149.0000 2.0000
150.0000 2.0000
151.0000 2.0000
152.0000 2.0000
153.0000 2.0000
154.0000 2.0000
155.0000 2.0000
156.0000 2.0000
157.0000 2.0000
158.0000 2.0000
159.0000 2.0000
160.0000 2.0000
161.0000 2.0000
162.0000 2.0000
163.0000 2.0000
164.0000 2.0000
165.0000 2.0000
166.0000 2.0000
167.0000 2.0000
168.0000 2.0000
169.0000 2.0000
170.0000 2.0000
171.0000 2.0000
172.0000 2.0000
173.0000 2.0000
174.0000 2.0000
175.0000 2.0000
176.0000 2.0000
177.0000 2.0000
178.0000 2.0000
179.0000 2.0000
180.0000 2.0000
181.0000 2.0000
182.0000 2.0000
183.0000 2.0000
184.0000 2.0000
185.0000 2.0000
186.0000 2.0000
187.0000 2.0000
188.0000 2.0000
189.0000 2.0000
190.0000 2.0000
191.0000 2.0000
192.0000 2.0000
193.0000 2.0000
194.0000 2.0000
195.0000 2.0000
196.0000 2.0000
197.0000 2.0000
198.0000 2.0000
199.0000 2.0000
200.0000 2.0000
201.0000 0.5132
202.0000 -0.8180
203.0000 -1.6611
204.0000 -2.0878
205.0000 -2.2423
206.0000 -2.2494
207.0000 -2.1952
208.0000 -2.1299
209.0000 -2.0763
210.0000 -2.0408
211.0000 -2.0210
212.0000 -2.0123
213.0000 -2.0098
214.0000 -2.0102
215.0000 -2.0113
216.0000 -2.0123
217.0000 -2.0128
218.0000 -2.0128
219.0000 -2.0123
220.0000 -2.0114
221.0000 -2.0103
222.0000 -2.0093
223.0000 -2.0083
224.0000 -2.0073
225.0000 -2.0064
226.0000 -2.0057
227.0000 -2.0052
228.0000 -2.0047
229.0000 -2.0041
230.0000 -2.0037
231.0000 -2.0034
232.0000 -2.0030
233.0000 -2.0027
234.0000 -2.0025
235.0000 -2.0022
236.0000 -2.0021
237.0000 -2.0019
238.0000 -2.0018
239.0000 -2.0016
240.0000 -2.0015
241.0000 -2.0013
242.0000 -2.0011
243.0000 -2.0011
244.0000 -2.0009
245.0000 -2.0008
246.0000 -2.0006
247.0000 -2.0003
248.0000 -2.0002
249.0000 -2.0000
250.0000 -1.9998
251.0000 -1.9996
252.0000 -1.9995
253.0000 -1.9992
254.0000 -1.9989
255.0000 -1.9987
256.0000 -1.9985
257.0000 -1.9984
258.0000 -1.9984
259.0000 -1.9984
260.0000 -1.9983
261.0000 -1.9982
262.0000 -1.9980
263.0000 -1.9979
264.0000 -1.9978
265.0000 -1.9978
266.0000 -1.9979
267.0000 -1.9979
268.0000 -1.9982
269.0000 -1.9983
270.0000 -1.9985
271.0000 -1.9986
272.0000 -1.9989
273.0000 -1.9991
274.0000 -1.9995
275.0000 -1.9999
276.0000 -2.0003
277.0000 -2.0007
278.0000 -2.0011
279.0000 -2.0016
280.0000 -2.0024
281.0000 -2.0036
282.0000 -2.0037
283.0000 -2.0028
284.0000 -2.0017
285.0000 -2.0009
286.0000 -2.0005
287.0000 -2.0003
288.0000 -2.0004
289.0000 -2.0004
290.0000 -2.0005
291.0000 -2.0005
292.0000 -2.0005
293.0000 -2.0004
294.0000 -2.0003
295.0000 -2.0001
296.0000 -2.0000
297.0000 -1.9999
298.0000 -1.9999
299.0000 -1.9998
300.0000 -1.9998
301.0000 -1.9998
302.0000 -1.9998
303.0000 -1.9998
304.0000 -1.9998
305.0000 -1.9998
306.0000 -1.9998
307.0000 -1.9998
308.0000 -1.9998
309.0000 -1.9998
310.0000 -1.9998
311.0000 -1.9998
312.0000 -1.9998
313.0000 -1.9998
314.0000 -1.9998
315.0000 -1.9998
316.0000 -1.9998
317.0000 -1.9999
318.0000 -1.9999
319.0000 -1.9999
320.0000 -1.9999
321.0000 -1.9999
322.0000 -1.9999
323.0000 -1.9999
324.0000 -1.9999
325.0000 -1.9999
326.0000 -1.9999
327.0000 -1.9999
328.0000 -1.9999
329.0000 -1.9999
330.0000 -1.9999
331.0000 -1.9999
332.0000 -1.9999
333.0000 -1.9999
334.0000 -2.0000
335.0000 -2.0000
336.0000 -2.0000
337.0000 -2.0000
338.0000 -2.0000
339.0000 -2.0000
340.0000 -2.0000
341.0000 -2.0000
342.0000 -2.0000
343.0000 -2.0000
344.0000 -2.0000
345.0000 -2.0000
346.0000 -2.0000
347.0000 -2.0000
348.0000 -2.0000
349.0000 -2.0000
350.0000 -2.0000
351.0000 -2.0000
352.0000 -2.0000
353.0000 -2.0000
354.0000 -2.0000
355.0000 -2.0000
356.0000 -2.0000
357.0000 -2.0000
358.0000 -2.0000
359.0000 -2.0000
360.0000 -2.0000
361.0000 -2.0000
362.0000 -2.0000
363.0000 -2.0000
364.0000 -2.0000
365.0000 -2.0000
366.0000 -2.0000
367.0000 -2.0000
368.0000 -2.0000
369.0000 -2.0000
370.0000 -2.0000
371.0000 -2.0000
372.0000 -2.0000
373.0000 -2.0000
374.0000 -2.0000
375.0000 -2.0000
376.0000 -2.0000
377.0000 -2.0000
378.0000 -2.0000
379.0000 -2.0000
380.0000 -2.0000
381.0000 -2.0000
382.0000 -2.0000
383.0000 -2.0000
384.0000 -2.0000
385.0000 -2.0000
386.0000 -2.0000
387.0000 -2.0000
388.0000 -2.0000
389.0000 -2.0000
390.0000 -2.0000
391.0000 -2.0000
392.0000 -2.0000
393.0000 -2.0000
394.0000 -2.0000
395.0000 -2.0000
396.0000 -2.0000
397.0000 -2.0000
398.0000 -2.0000
399.0000 -2.0000
400.0000 -2.0000
401.0000 -2.0000
402.0000 -2.0000
403.0000 -2.0000
404.0000 -2.0000
405.0000 -2.0000
406.0000 -2.0000
407.0000 -2.0000
408.0000 -2.0000
409.0000 -2.0000
410.0000 -2.0000
411.0000 -2.0000
412.0000 -2.0000
413.0000 -2.0000
414.0000 -2.0000
415.0000 -2.0000
416.0000 -2.0000
417.0000 -2.0000
418.0000 -2.0000
419.0000 -2.0000
420.0000 -2.0000
421.0000 -2.0000
422.0000 -2.0000
423.0000 -2.0000
424.0000 -2.0000
425.0000 -2.0000
426.0000 -2.0000
427.0000 -2.0000
428.0000 -2.0000
429.0000 -2.0000
430.0000 -2.0000
431.0000 -2.0000
432.0000 -2.0000
433.0000 -2.0000
434.0000 -2.0000
435.0000 -2.0000
436.0000 -2.0000
437.0000 -2.0000
438.0000 -2.0000
439.0000 -2.0000
440.0000 -2.0000
441.0000 -2.0000
442.0000 -2.0000
443.0000 -2.0000
444.0000 -2.0000
445.0000 -2.0000
446.0000 -2.0000
447.0000 -2.0000
448.0000 -2.0000
449.0000 -2.0000
450.0000 -2.0000
451.0000 -2.0000
452.0000 -2.0000
453.0000 -2.0000
454.0000 -2.0000
455.0000 -2.0000
456.0000 -2.0000
457.0000 -2.0000
458.0000 -2.0000
459.0000 -2.0000
460.0000 -2.0000
461.0000 -2.0000
462.0000 -2.0000
463.0000 -2.0000
464.0000 -2.0000
465.0000 -2.0000
466.0000 -2.0000
467.0000 -2.0000
468.0000 -2.0000
469.0000 -2.0000
470.0000 -2.0000
471.0000 -2.0000
472.0000 -2.0000
473.0000 -2.0000
474.0000 -2.0000
475.0000 -2.0000
476.0000 -2.0000
477.0000 -2.0000
478.0000 -2.0000
479.0000 -2.0000
480.0000 -2.0000
481.0000 -2.0000
482.0000 -2.0000
483.0000 -2.0000
484.0000 -2.0000
485.0000 -2.0000
486.0000 -2.0000
487.0000 -2.0000
488.0000 -2.0000
489.0000 -2.0000
490.0000 -2.0000
491.0000 -2.0000
492.0000 -2.0000
493.0000 -2.0000
494.0000 -2.0000
495.0000 -2.0000
496.0000 -2.0000
497.0000 -2.0000
498.0000 -2.0000
499.0000 -2.0000
500.0000 -2.0000
501.0000 -0.6990
502.0000 0.4657
503.0000 1.2034
504.0000 1.5768
505.0000 1.7120
506.0000 1.7182
507.0000 1.6708
508.0000 1.6136
509.0000 1.5668
510.0000 1.5357
511.0000 1.5184
512.0000 1.5107
513.0000 1.5086
514.0000 1.5089
515.0000 1.5099
516.0000 1.5107
517.0000 1.5112
518.0000 1.5112
519.0000 1.5108
520.0000 1.5099
521.0000 1.5090
522.0000 1.5081
523.0000 1.5072
524.0000 1.5064
525.0000 1.5056
526.0000 1.5050
527.0000 1.5045
528.0000 1.5041
529.0000 1.5036
530.0000 1.5033
531.0000 1.5030
532.0000 1.5026
533.0000 1.5024
534.0000 1.5022
535.0000 1.5019
536.0000 1.5018
537.0000 1.5016
538.0000 1.5015
539.0000 1.5014
540.0000 1.5013
541.0000 1.5011
542.0000 1.5010
543.0000 1.5009
544.0000 1.5008
545.0000 1.5007
546.0000 1.5005
547.0000 1.5002
548.0000 1.5001
549.0000 1.5000
550.0000 1.4998
551.0000 1.4996
552.0000 1.4995
553.0000 1.4993
554.0000 1.4990
555.0000 1.4988
556.0000 1.4987
557.0000 1.4986
558.0000 1.4986
559.0000 1.4986
560.0000 1.4985
561.0000 1.4984
562.0000 1.4983
563.0000 1.4982
564.0000 1.4981
565.0000 1.4981
566.0000 1.4981
567.0000 1.4982
568.0000 1.4984
569.0000 1.4986
570.0000 1.4987
571.0000 1.4988
572.0000 1.4990
573.0000 1.4992
574.0000 1.4995
575.0000 1.4999
576.0000 1.5003
577.0000 1.5006
578.0000 1.5010
579.0000 1.5014
580.0000 1.5021
581.0000 1.5031
582.0000 1.5032
583.0000 1.5025
584.0000 1.5015
585.0000 1.5008
586.0000 1.5004
587.0000 1.5003
588.0000 1.5003
589.0000 1.5004
590.0000 1.5004
591.0000 1.5004
592.0000 1.5004
593.0000 1.5003
594.0000 1.5002
595.0000 1.5001
596.0000 1.5000
597.0000 1.4999
598.0000 1.4999
599.0000 1.4998
600.0000 1.4998
601.0000 1.4998
602.0000 1.4998
603.0000 1.4998
604.0000 1.4998
605.0000 1.4998
606.0000 1.4998
607.0000 1.4998
608.0000 1.4998
609.0000 1.4998
610.0000 1.4998
611.0000 1.4998
612.0000 1.4998
613.0000 1.4999
614.0000 1.4999
615.0000 1.4999
616.0000 1.4999
617.0000 1.4999
618.0000 1.4999
619.0000 1.4999
620.0000 1.4999
621.0000 1.4999
622.0000 1.4999
623.0000 1.4999
624.0000 1.4999
625.0000 1.4999
626.0000 1.4999
627.0000 1.4999
628.0000 1.4999
629.0000 1.4999
630.0000 1.4999
631.0000 1.4999
632.0000 1.4999
633.0000 1.5000
634.0000 1.5000
635.0000 1.5000
636.0000 1.5000
637.0000 1.5000
638.0000 1.5000
639.0000 1.5000
640.0000 1.5000
641.0000 1.5000
642.0000 1.5000
643.0000 1.5000
644.0000 1.5000
645.0000 1.5000
646.0000 1.5000
647.0000 1.5000
648.0000 1.5000
649.0000 1.5000
650.0000 1.5000
651.0000 1.5000
652.0000 1.5000
653.0000 1.5000
654.0000 1.5000
655.0000 1.5000
656.0000 1.5000
657.0000 1.5000
658.0000 1.5000
659.0000 1.5000
660.0000 1.5000
661.0000 1.5000
662.0000 1.5000
663.0000 1.5000
664.0000 1.5000
665.0000 1.5000
666.0000 1.5000
667.0000 1.5000
668.0000 1.5000
669.0000 1.5000
670.0000 1.5000
671.0000 1.5000
672.0000 1.5000
673.0000 1.5000
674.0000 1.5000
675.0000 1.5000
676.0000 1.5000
677.0000 1.5000
678.0000 1.5000
679.0000 1.5000
680.0000 1.5000
681.0000 1.5000
682.0000 1.5000
683.0000 1.5000
684.0000 1.5000
685.0000 1.5000
686.0000 1.5000
687.0000 1.5000
688.0000 1.5000
689.0000 1.5000
690.0000 1.5000
691.0000 1.5000
692.0000 1.5000
693.0000 1.5000
694.0000 1.5000
695.0000 1.5000
696.0000 1.5000
697.0000 1.5000
698.0000 1.5000
699.0000 1.5000
700.0000 1.5000
701.0000 1.5000
702.0000 1.5000
703.0000 1.5000
704.0000 1.5000
705.0000 1.5000
706.0000 1.5000
707.0000 1.5000
708.0000 1.5000
709.0000 1.5000
710.0000 1.5000
711.0000 1.5000
712.0000 1.5000
713.0000 1.5000
714.0000 1.5000
715.0000 1.5000
716.0000 1.5000
717.0000 1.5000
718.0000 1.5000
719.0000 1.5000
720.0000 1.5000
721.0000 1.5000
722.0000 1.5000
723.0000 1.5000
724.0000 1.5000
725.0000 1.5000
726.0000 1.5000
727.0000 1.5000
728.0000 1.5000
729.0000 1.5000
730.0000 1.5000
731.0000 1.5000
732.0000 1.5000
733.0000 1.5000
734.0000 1.5000
735.0000 1.5000
736.0000 1.5000
737.0000 1.5000
738.0000 1.5000
739.0000 1.5000
740.0000 1.5000
741.0000 1.5000
742.0000 1.5000
743.0000 1.5000
744.0000 1.5000
745.0000 1.5000
746.0000 1.5000
747.0000 1.5000
748.0000 1.5000
749.0000 1.5000
750.0000 1.5000
751.0000 1.5000
752.0000 1.5000
753.0000 1.5000
754.0000 1.5000
755.0000 1.5000
756.0000 1.5000
757.0000 1.5000
758.0000 1.5000
759.0000 1.5000
760.0000 1.5000
761.0000 1.5000
762.0000 1.5000
763.0000 1.5000
764.0000 1.5000
765.0000 1.5000
766.0000 1.5000
767.0000 1.5000
768.0000 1.5000
769.0000 1.5000
770.0000 1.5000
771.0000 1.5000
772.0000 1.5000
773.0000 1.5000
774.0000 1.5000
775.0000 1.5000
776.0000 1.5000
777.0000 1.5000
778.0000 1.5000
779.0000 1.5000
780.0000 1.5000
781.0000 1.5000
782.0000 1.5000
783.0000 1.5000
784.0000 1.5000
785.0000 1.5000
786.0000 1.5000
787.0000 1.5000
788.0000 1.5000
789.0000 1.5000
790.0000 1.5000
791.0000 1.5000
792.0000 1.5000
793.0000 1.5000
794.0000 1.5000
795.0000 1.5000
796.0000 1.5000
797.0000 1.5000
798.0000 1.5000
799.0000 1.5000
800.0000 1.5000
801.0000 0.9424
802.0000 0.4433
803.0000 0.1271
804.0000 -0.0329
805.0000 -0.0909
806.0000 -0.0935
807.0000 -0.0732
808.0000 -0.0487
809.0000 -0.0286
810.0000 -0.0153
811.0000 -0.0079
812.0000 -0.0046
813.0000 -0.0037
814.0000 -0.0038
815.0000 -0.0043
816.0000 -0.0046
817.0000 -0.0048
818.0000 -0.0048
819.0000 -0.0046
820.0000 -0.0043
821.0000 -0.0039
822.0000 -0.0035
823.0000 -0.0031
824.0000 -0.0028
825.0000 -0.0024
826.0000 -0.0021
827.0000 -0.0019
828.0000 -0.0018
829.0000 -0.0016
830.0000 -0.0014
831.0000 -0.0013
832.0000 -0.0011
833.0000 -0.0010
834.0000 -0.0009
835.0000 -0.0008
836.0000 -0.0008
837.0000 -0.0007
838.0000 -0.0007
839.0000 -0.0006
840.0000 -0.0006
841.0000 -0.0005
842.0000 -0.0004
843.0000 -0.0004
844.0000 -0.0003
845.0000 -0.0003
846.0000 -0.0002
847.0000 -0.0001
848.0000 -0.0001
849.0000 -0.0000
850.0000 0.0001
851.0000 0.0002
852.0000 0.0002
853.0000 0.0003
854.0000 0.0004
855.0000 0.0005
856.0000 0.0006
857.0000 0.0006
858.0000 0.0006
859.0000 0.0006
860.0000 0.0006
861.0000 0.0007
862.0000 0.0007
863.0000 0.0008
864.0000 0.0008
865.0000 0.0008
866.0000 0.0008
867.0000 0.0008
868.0000 0.0007
869.0000 0.0006
870.0000 0.0006
871.0000 0.0005
872.0000 0.0004
873.0000 0.0003
874.0000 0.0002
875.0000 0.0000
876.0000 -0.0001
877.0000 -0.0003
878.0000 -0.0004
879.0000 -0.0006
880.0000 -0.0009
881.0000 -0.0013
882.0000 -0.0014
883.0000 -0.0011
884.0000 -0.0007
885.0000 -0.0003
886.0000 -0.0002
887.0000 -0.0001
888.0000 -0.0001
889.0000 -0.0002
890.0000 -0.0002
891.0000 -0.0002
892.0000 -0.0002
893.0000 -0.0001
894.0000 -0.0001
895.0000 -0.0001
896.0000 -0.0000
897.0000 0.0000
898.0000 0.0000
899.0000 0.0001
900.0000 0.0001
901.0000 0.0001
902.0000 0.0001
903.0000 0.0001
904.0000 0.0001
905.0000 0.0001
906.0000 0.0001
907.0000 0.0001
908.0000 0.0001
909.0000 0.0001
910.0000 0.0001
911.0000 0.0001
912.0000 0.0001
913.0000 0.0001
914.0000 0.0001
915.0000 0.0001
916.0000 0.0001
917.0000 0.0001
918.0000 0.0001
919.0000 0.0000
920.0000 0.0000
921.0000 0.0000
922.0000 0.0000
923.0000 0.0000
924.0000 0.0000
925.0000 0.0000
926.0000 0.0000
927.0000 0.0000
928.0000 0.0000
929.0000 0.0000
930.0000 0.0000
931.0000 0.0000
932.0000 0.0000
933.0000 0.0000
934.0000 0.0000
935.0000 0.0000
936.0000 0.0000
937.0000 0.0000
938.0000 0.0000
939.0000 0.0000
940.0000 0.0000
941.0000 0.0000
942.0000 0.0000
943.0000 0.0000
944.0000 0.0000
945.0000 0.0000
946.0000 0.0000
947.0000 0.0000
948.0000 0.0000
949.0000 0.0000
950.0000 0.0000
951.0000 0.0000
952.0000 0.0000
953.0000 0.0000
954.0000 0.0000
955.0000 0.0000
956.0000 0.0000
957.0000 0.0000
958.0000 0.0000
959.0000 0.0000
960.0000 0.0000
961.0000 0.0000
962.0000 0.0000
963.0000 0.0000
964.0000 0.0000
965.0000 0.0000
966.0000 0.0000
967.0000 0.0000
968.0000 0.0000
969.0000 0.0000
970.0000 0.0000
971.0000 0.0000
972.0000 0.0000
973.0000 0.0000
974.0000 0.0000
975.0000 0.0000
976.0000 0.0000
977.0000 0.0000
978.0000 0.0000
979.0000 0.0000
980.0000 0.0000
981.0000 0.0000
982.0000 0.0000
983.0000 0.0000
984.0000 0.0000
985.0000 0.0000
986.0000 0.0000
987.0000 0.0000
988.0000 0.0000
989.0000 0.0000
990.0000 0.0000
991.0000 0.0000
992.0000 0.0000
993.0000 0.0000
994.0000 0.0000
995.0000 0.0000
996.0000 0.0000
997.0000 0.0000
998.0000 0.0000
999.0000 0.0000
1000.0000 0.0000
1001.0000 0.0000
1002.0000 0.0000
1003.0000 0.0000
1004.0000 0.0000
1005.0000 0.0000
1006.0000 0.0000
1007.0000 0.0000
1008.0000 0.0000
1009.0000 0.0000
1010.0000 0.0000
1011.0000 0.0000
1012.0000 0.0000
1013.0000 0.0000
1014.0000 0.0000
1015.0000 0.0000
1016.0000 0.0000
1017.0000 0.0000
1018.0000 0.0000
1019.0000 0.0000
1020.0000 0.0000
1021.0000 0.0000
1022.0000 0.0000
1023.0000 0.0000
1024.0000 0.0000
1025.0000 0.0000
1026.0000 0.0000
1027.0000 0.0000
1028.0000 0.0000
1029.0000 0.0000
1030.0000 0.0000
1031.0000 0.0000
1032.0000 0.0000
1033.0000 0.0000
1034.0000 0.0000
1035.0000 0.0000
1036.0000 0.0000
1037.0000 0.0000
1038.0000 0.0000
1039.0000 0.0000
1040.0000 0.0000
1041.0000 0.0000
1042.0000 0.0000
1043.0000 0.0000
1044.0000 0.0000
1045.0000 0.0000
1046.0000 0.0000
1047.0000 0.0000
1048.0000 0.0000
1049.0000 0.0000
1050.0000 0.0000
1051.0000 0.0000
1052.0000 0.0000
1053.0000 0.0000
1054.0000 0.0000
1055.0000 0.0000
1056.0000 0.0000
1057.0000 0.0000
1058.0000 0.0000
1059.0000 0.0000
1060.0000 0.0000
1061.0000 0.0000
1062.0000 0.0000
1063.0000 0.0000
1064.0000 0.0000
1065.0000 0.0000
1066.0000 0.0000
1067.0000 0.0000
1068.0000 0.0000
1069.0000 0.0000
1070.0000 0.0000
1071.0000 0.0000
1072.0000 0.0000
1073.0000 0.0000
1074.0000 0.0000
1075.0000 0.0000
1076.0000 0.0000
1077.0000 0.0000
1078.0000 0.0000
1079.0000 0.0000
1080.0000 0.0000
1081.0000 0.0000
1082.0000 0.0000
1083.0000 0.0000
1084.0000 0.0000
1085.0000 0.0000
1086.0000 0.0000
1087.0000 0.0000
1088.0000 0.0000
1089.0000 0.0000
1090.0000 0.0000
1091.0000 0.0000
1092.0000 0.0000
1093.0000 0.0000
1094.0000 0.0000
1095.0000 0.0000
1096.0000 0.0000
1097.0000 0.0000
1098.0000 0.0000
1099.0000 0.0000
1100.0000 0.0000
