1.0000 0.0000
2.0000 0.0000
3.0000 0.0000
4.0000 0.0000
5.0000 0.0000
6.0000 0.0000
7.0000 0.0000
8.0000 0.0000
9.0000 0.0000
10.0000 1.4741
11.0000 1.9362
12.0000 1.9072
13.0000 1.6856
14.0000 1.4214
15.0000 1.1811
16.0000 0.9894
17.0000 0.8511
18.0000 0.7611
19.0000 0.7106
20.0000 0.6891
21.0000 0.6873
22.0000 0.6970
23.0000 0.7122
24.0000 0.7286
25.0000 0.7438
26.0000 0.7564
27.0000 0.7660
28.0000 0.7726
29.0000 0.7765
30.0000 0.7785
31.0000 0.7789
32.0000 0.7784
33.0000 0.7771
34.0000 0.7754
35.0000 0.7737
36.0000 0.7719
37.0000 0.7701
38.0000 0.7684
39.0000 0.7668
40.0000 0.7654
41.0000 0.7641
42.0000 0.7630
43.0000 0.7620
44.0000 0.7611
45.0000 0.7604
46.0000 0.7597
47.0000 0.7591
48.0000 0.7586
49.0000 0.7581
50.0000 0.7577
51.0000 0.7573
52.0000 0.7571
53.0000 0.7567
54.0000 0.7565
55.0000 0.7562
56.0000 0.7560
57.0000 0.7559
58.0000 0.7557
59.0000 0.7554
60.0000 0.7552
61.0000 0.7551
62.0000 0.7548
63.0000 0.7546
64.0000 0.7544
65.0000 0.7542
66.0000 0.7541
67.0000 0.7539
68.0000 0.7538
69.0000 0.7536
70.0000 0.7534
71.0000 0.7531
72.0000 0.7529
73.0000 0.7526
74.0000 0.7525
75.0000 0.7523
76.0000 0.7521
77.0000 0.7520
78.0000 0.7518
79.0000 0.7516
80.0000 0.7514
81.0000 0.7513
82.0000 0.7512
83.0000 0.7511
84.0000 0.7512
85.0000 0.7513
86.0000 0.7514
87.0000 0.7518
88.0000 0.7522
89.0000 0.7528
90.0000 0.7535
91.0000 0.7531
92.0000 0.7521
93.0000 0.7510
94.0000 0.7502
95.0000 0.7498
96.0000 0.7497
97.0000 0.7498
98.0000 0.7501
99.0000 0.7504
100.0000 0.7506
101.0000 0.7508
102.0000 0.7509
103.0000 0.7510
104.0000 0.7510
105.0000 0.7510
106.0000 0.7510
107.0000 0.7510
108.0000 0.7509
109.0000 0.7509
110.0000 0.7509
111.0000 0.7509
112.0000 0.7509
113.0000 0.7510
114.0000 0.7510
115.0000 0.7510
116.0000 0.7511
117.0000 0.7511
118.0000 0.7512
119.0000 0.7512
120.0000 0.7513
121.0000 0.7513
122.0000 0.7514
123.0000 0.7514
124.0000 0.7514
125.0000 0.7515
126.0000 0.7515
127.0000 0.7516
128.0000 0.7516
129.0000 0.7516
130.0000 0.7516
131.0000 0.7517
132.0000 0.7517
133.0000 0.7517
134.0000 0.7517
135.0000 0.7517
136.0000 0.7518
137.0000 0.7518
138.0000 0.7518
139.0000 0.7518
140.0000 0.7518
141.0000 0.7518
142.0000 0.7518
143.0000 0.7518
144.0000 0.7519
145.0000 0.7519
146.0000 0.7519
147.0000 0.7519
148.0000 0.7519
149.0000 0.7519
150.0000 0.7519
151.0000 0.7519
152.0000 0.7519
153.0000 0.7519
154.0000 0.7519
155.0000 0.7519
156.0000 0.7519
157.0000 0.7519
158.0000 0.7519
159.0000 0.7519
160.0000 0.7519
161.0000 0.7519
162.0000 0.7519
163.0000 0.7519
164.0000 0.7519
165.0000 0.7519
166.0000 0.7519
167.0000 0.7519
168.0000 0.7519
169.0000 0.7519
170.0000 0.7519
171.0000 0.7519
172.0000 0.7519
173.0000 0.7519
174.0000 0.7519
175.0000 0.7519
176.0000 0.7519
177.0000 0.7519
178.0000 0.7519
179.0000 0.7519
180.0000 0.7519
181.0000 0.7519
182.0000 0.7519
183.0000 0.7519
184.0000 0.7519
185.0000 0.7519
186.0000 0.7519
187.0000 0.7519
188.0000 0.7519
189.0000 0.7519
190.0000 0.7519
191.0000 0.7519
192.0000 0.7519
193.0000 0.7519
194.0000 0.7519
195.0000 0.7519
196.0000 0.7519
197.0000 0.7519
198.0000 0.7519
199.0000 0.7519
200.0000 -2.1963
201.0000 -3.1205
202.0000 -3.0624
203.0000 -2.6194
204.0000 -2.0909
205.0000 -1.6102
206.0000 -1.2269
207.0000 -0.9502
208.0000 -0.7704
209.0000 -0.6692
210.0000 -0.6264
211.0000 -0.6227
212.0000 -0.6422
213.0000 -0.6725
214.0000 -0.7054
215.0000 -0.7357
216.0000 -0.7609
217.0000 -0.7800
218.0000 -0.7933
219.0000 -0.8011
220.0000 -0.8051
221.0000 -0.8060
222.0000 -0.8048
223.0000 -0.8023
224.0000 -0.7990
225.0000 -0.7954
226.0000 -0.7918
227.0000 -0.7882
228.0000 -0.7848
229.0000 -0.7818
230.0000 -0.7789
231.0000 -0.7763
232.0000 -0.7741
233.0000 -0.7721
234.0000 -0.7703
235.0000 -0.7688
236.0000 -0.7674
237.0000 -0.7663
238.0000 -0.7652
239.0000 -0.7643
240.0000 -0.7635
241.0000 -0.7627
242.0000 -0.7622
243.0000 -0.7616
244.0000 -0.7611
245.0000 -0.7605
246.0000 -0.7601
247.0000 -0.7599
248.0000 -0.7595
249.0000 -0.7590
250.0000 -0.7586
251.0000 -0.7583
252.0000 -0.7578
253.0000 -0.7573
254.0000 -0.7569
255.0000 -0.7566
256.0000 -0.7563
257.0000 -0.7560
258.0000 -0.7558
259.0000 -0.7553
260.0000 -0.7549
261.0000 -0.7544
262.0000 -0.7539
263.0000 -0.7534
264.0000 -0.7530
265.0000 -0.7526
266.0000 -0.7523
267.0000 -0.7520
268.0000 -0.7517
269.0000 -0.7513
270.0000 -0.7510
271.0000 -0.7507
272.0000 -0.7505
273.0000 -0.7504
274.0000 -0.7504
275.0000 -0.7507
276.0000 -0.7510
277.0000 -0.7516
278.0000 -0.7526
279.0000 -0.7537
280.0000 -0.7550
281.0000 -0.7543
282.0000 -0.7523
283.0000 -0.7501
284.0000 -0.7485
285.0000 -0.7477
286.0000 -0.7475
287.0000 -0.7478
288.0000 -0.7483
289.0000 -0.7488
290.0000 -0.7493
291.0000 -0.7497
292.0000 -0.7500
293.0000 -0.7501
294.0000 -0.7502
295.0000 -0.7502
296.0000 -0.7501
297.0000 -0.7500
298.0000 -0.7500
299.0000 -0.7499
300.0000 -0.7499
301.0000 -0.7499
302.0000 -0.7500
303.0000 -0.7500
304.0000 -0.7501
305.0000 -0.7502
306.0000 -0.7503
307.0000 -0.7504
308.0000 -0.7505
309.0000 -0.7506
310.0000 -0.7507
311.0000 -0.7507
312.0000 -0.7508
313.0000 -0.7509
314.0000 -0.7510
315.0000 -0.7511
316.0000 -0.7511
317.0000 -0.7512
318.0000 -0.7513
319.0000 -0.7513
320.0000 -0.7514
321.0000 -0.7514
322.0000 -0.7515
323.0000 -0.7515
324.0000 -0.7516
325.0000 -0.7516
326.0000 -0.7516
327.0000 -0.7517
328.0000 -0.7517
329.0000 -0.7517
330.0000 -0.7517
331.0000 -0.7518
332.0000 -0.7518
333.0000 -0.7518
334.0000 -0.7518
335.0000 -0.7518
336.0000 -0.7518
337.0000 -0.7519
338.0000 -0.7519
339.0000 -0.7519
340.0000 -0.7519
341.0000 -0.7519
342.0000 -0.7519
343.0000 -0.7519
344.0000 -0.7519
345.0000 -0.7520
346.0000 -0.7520
347.0000 -0.7520
348.0000 -0.7520
349.0000 -0.7520
350.0000 -0.7520
351.0000 -0.7520
352.0000 -0.7520
353.0000 -0.7520
354.0000 -0.7520
355.0000 -0.7520
356.0000 -0.7520
357.0000 -0.7520
358.0000 -0.7520
359.0000 -0.7520
360.0000 -0.7520
361.0000 -0.7520
362.0000 -0.7520
363.0000 -0.7520
364.0000 -0.7520
365.0000 -0.7520
366.0000 -0.7520
367.0000 -0.7520
368.0000 -0.7520
369.0000 -0.7520
370.0000 -0.7520
371.0000 -0.7520
372.0000 -0.7520
373.0000 -0.7520
374.0000 -0.7520
375.0000 -0.7520
376.0000 -0.7520
377.0000 -0.7520
378.0000 -0.7520
379.0000 -0.7519
380.0000 -0.7519
381.0000 -0.7519
382.0000 -0.7519
383.0000 -0.7519
384.0000 -0.7519
385.0000 -0.7519
386.0000 -0.7519
387.0000 -0.7519
388.0000 -0.7519
389.0000 -0.7519
390.0000 -0.7519
391.0000 -0.7519
392.0000 -0.7519
393.0000 -0.7519
394.0000 -0.7519
395.0000 -0.7519
396.0000 -0.7519
397.0000 -0.7519
398.0000 -0.7519
399.0000 -0.7519
400.0000 -0.7519
401.0000 -0.7519
402.0000 -0.7519
403.0000 -0.7519
404.0000 -0.7519
405.0000 -0.7519
406.0000 -0.7519
407.0000 -0.7519
408.0000 -0.7519
409.0000 -0.7519
410.0000 -0.7519
411.0000 -0.7519
412.0000 -0.7519
413.0000 -0.7519
414.0000 -0.7519
415.0000 -0.7519
416.0000 -0.7519
417.0000 -0.7519
418.0000 -0.7519
419.0000 -0.7519
420.0000 -0.7519
421.0000 -0.7519
422.0000 -0.7519
423.0000 -0.7519
424.0000 -0.7519
425.0000 -0.7519
426.0000 -0.7519
427.0000 -0.7519
428.0000 -0.7519
429.0000 -0.7519
430.0000 -0.7519
431.0000 -0.7519
432.0000 -0.7519
433.0000 -0.7519
434.0000 -0.7519
435.0000 -0.7519
436.0000 -0.7519
437.0000 -0.7519
438.0000 -0.7519
439.0000 -0.7519
440.0000 -0.7519
441.0000 -0.7519
442.0000 -0.7519
443.0000 -0.7519
444.0000 -0.7519
445.0000 -0.7519
446.0000 -0.7519
447.0000 -0.7519
448.0000 -0.7519
449.0000 -0.7519
450.0000 -0.7519
451.0000 -0.7519
452.0000 -0.7519
453.0000 -0.7519
454.0000 -0.7519
455.0000 -0.7519
456.0000 -0.7519
457.0000 -0.7519
458.0000 -0.7519
459.0000 -0.7519
460.0000 -0.7519
461.0000 -0.7519
462.0000 -0.7519
463.0000 -0.7519
464.0000 -0.7519
465.0000 -0.7519
466.0000 -0.7519
467.0000 -0.7519
468.0000 -0.7519
469.0000 -0.7519
470.0000 -0.7519
471.0000 -0.7519
472.0000 -0.7519
473.0000 -0.7519
474.0000 -0.7519
475.0000 -0.7519
476.0000 -0.7519
477.0000 -0.7519
478.0000 -0.7519
479.0000 -0.7519
480.0000 -0.7519
481.0000 -0.7519
482.0000 -0.7519
483.0000 -0.7519
484.0000 -0.7519
485.0000 -0.7519
486.0000 -0.7519
487.0000 -0.7519
488.0000 -0.7519
489.0000 -0.7519
490.0000 -0.7519
491.0000 -0.7519
492.0000 -0.7519
493.0000 -0.7519
494.0000 -0.7519
495.0000 -0.7519
496.0000 -0.7519
497.0000 -0.7519
498.0000 -0.7519
499.0000 -0.7519
500.0000 1.8278
501.0000 2.6364
502.0000 2.5856
503.0000 2.1980
504.0000 1.7355
505.0000 1.3150
506.0000 0.9796
507.0000 0.7375
508.0000 0.5801
509.0000 0.4916
510.0000 0.4541
511.0000 0.4509
512.0000 0.4679
513.0000 0.4945
514.0000 0.5232
515.0000 0.5497
516.0000 0.5718
517.0000 0.5885
518.0000 0.6001
519.0000 0.6070
520.0000 0.6104
521.0000 0.6113
522.0000 0.6102
523.0000 0.6080
524.0000 0.6051
525.0000 0.6020
526.0000 0.5988
527.0000 0.5957
528.0000 0.5927
529.0000 0.5901
530.0000 0.5876
531.0000 0.5853
532.0000 0.5833
533.0000 0.5816
534.0000 0.5801
535.0000 0.5787
536.0000 0.5775
537.0000 0.5765
538.0000 0.5756
539.0000 0.5748
540.0000 0.5740
541.0000 0.5734
542.0000 0.5730
543.0000 0.5724
544.0000 0.5719
545.0000 0.5715
546.0000 0.5711
547.0000 0.5709
548.0000 0.5706
549.0000 0.5701
550.0000 0.5698
551.0000 0.5695
552.0000 0.5691
553.0000 0.5687
554.0000 0.5683
555.0000 0.5680
556.0000 0.5677
557.0000 0.5675
558.0000 0.5673
559.0000 0.5669
560.0000 0.5666
561.0000 0.5661
562.0000 0.5657
563.0000 0.5652
564.0000 0.5649
565.0000 0.5646
566.0000 0.5642
567.0000 0.5640
568.0000 0.5638
569.0000 0.5634
570.0000 0.5631
571.0000 0.5629
572.0000 0.5627
573.0000 0.5626
574.0000 0.5626
575.0000 0.5628
576.0000 0.5631
577.0000 0.5637
578.0000 0.5645
579.0000 0.5655
580.0000 0.5666
581.0000 0.5660
582.0000 0.5642
583.0000 0.5623
584.0000 0.5609
585.0000 0.5602
586.0000 0.5601
587.0000 0.5603
588.0000 0.5607
589.0000 0.5612
590.0000 0.5617
591.0000 0.5620
592.0000 0.5622
593.0000 0.5624
594.0000 0.5624
595.0000 0.5624
596.0000 0.5624
597.0000 0.5623
598.0000 0.5623
599.0000 0.5622
600.0000 0.5622
601.0000 0.5622
602.0000 0.5622
603.0000 0.5623
604.0000 0.5623
605.0000 0.5624
606.0000 0.5625
607.0000 0.5626
608.0000 0.5627
609.0000 0.5627
610.0000 0.5628
611.0000 0.5629
612.0000 0.5630
613.0000 0.5631
614.0000 0.5631
615.0000 0.5632
616.0000 0.5633
617.0000 0.5633
618.0000 0.5634
619.0000 0.5634
620.0000 0.5635
621.0000 0.5635
622.0000 0.5636
623.0000 0.5636
624.0000 0.5636
625.0000 0.5637
626.0000 0.5637
627.0000 0.5637
628.0000 0.5637
629.0000 0.5638
630.0000 0.5638
631.0000 0.5638
632.0000 0.5638
633.0000 0.5638
634.0000 0.5638
635.0000 0.5639
636.0000 0.5639
637.0000 0.5639
638.0000 0.5639
639.0000 0.5639
640.0000 0.5639
641.0000 0.5639
642.0000 0.5639
643.0000 0.5640
644.0000 0.5640
645.0000 0.5640
646.0000 0.5640
647.0000 0.5640
648.0000 0.5640
649.0000 0.5640
650.0000 0.5640
651.0000 0.5640
652.0000 0.5640
653.0000 0.5640
654.0000 0.5640
655.0000 0.5640
656.0000 0.5640
657.0000 0.5640
658.0000 0.5640
659.0000 0.5640
660.0000 0.5640
661.0000 0.5640
662.0000 0.5640
663.0000 0.5640
664.0000 0.5640
665.0000 0.5640
666.0000 0.5640
667.0000 0.5640
668.0000 0.5640
669.0000 0.5640
670.0000 0.5640
671.0000 0.5640
672.0000 0.5640
673.0000 0.5640
674.0000 0.5640
675.0000 0.5640
676.0000 0.5640
677.0000 0.5640
678.0000 0.5640
679.0000 0.5640
680.0000 0.5640
681.0000 0.5640
682.0000 0.5640
683.0000 0.5640
684.0000 0.5640
685.0000 0.5640
686.0000 0.5640
687.0000 0.5639
688.0000 0.5639
689.0000 0.5639
690.0000 0.5639
691.0000 0.5639
692.0000 0.5639
693.0000 0.5639
694.0000 0.5639
695.0000 0.5639
696.0000 0.5639
697.0000 0.5639
698.0000 0.5639
699.0000 0.5639
700.0000 0.5639
701.0000 0.5639
702.0000 0.5639
703.0000 0.5639
704.0000 0.5639
705.0000 0.5639
706.0000 0.5639
707.0000 0.5639
708.0000 0.5639
709.0000 0.5639
710.0000 0.5639
711.0000 0.5639
712.0000 0.5639
713.0000 0.5639
714.0000 0.5639
715.0000 0.5639
716.0000 0.5639
717.0000 0.5639
718.0000 0.5639
719.0000 0.5639
720.0000 0.5639
721.0000 0.5639
722.0000 0.5639
723.0000 0.5639
724.0000 0.5639
725.0000 0.5639
726.0000 0.5639
727.0000 0.5639
728.0000 0.5639
729.0000 0.5639
730.0000 0.5639
731.0000 0.5639
732.0000 0.5639
733.0000 0.5639
734.0000 0.5639
735.0000 0.5639
736.0000 0.5639
737.0000 0.5639
738.0000 0.5639
739.0000 0.5639
740.0000 0.5639
741.0000 0.5639
742.0000 0.5639
743.0000 0.5639
744.0000 0.5639
745.0000 0.5639
746.0000 0.5639
747.0000 0.5639
748.0000 0.5639
749.0000 0.5639
750.0000 0.5639
751.0000 0.5639
752.0000 0.5639
753.0000 0.5639
754.0000 0.5639
755.0000 0.5639
756.0000 0.5639
757.0000 0.5639
758.0000 0.5639
759.0000 0.5639
760.0000 0.5639
761.0000 0.5639
762.0000 0.5639
763.0000 0.5639
764.0000 0.5639
765.0000 0.5639
766.0000 0.5639
767.0000 0.5639
768.0000 0.5639
769.0000 0.5639
770.0000 0.5639
771.0000 0.5639
772.0000 0.5639
773.0000 0.5639
774.0000 0.5639
775.0000 0.5639
776.0000 0.5639
777.0000 0.5639
778.0000 0.5639
779.0000 0.5639
780.0000 0.5639
781.0000 0.5639
782.0000 0.5639
783.0000 0.5639
784.0000 0.5639
785.0000 0.5639
786.0000 0.5639
787.0000 0.5639
788.0000 0.5639
789.0000 0.5639
790.0000 0.5639
791.0000 0.5639
792.0000 0.5639
793.0000 0.5639
794.0000 0.5639
795.0000 0.5639
796.0000 0.5639
797.0000 0.5639
798.0000 0.5639
799.0000 0.5639
800.0000 -0.5417
801.0000 -0.8882
802.0000 -0.8664
803.0000 -0.7003
804.0000 -0.5021
805.0000 -0.3219
806.0000 -0.1781
807.0000 -0.0744
808.0000 -0.0069
809.0000 0.0310
810.0000 0.0471
811.0000 0.0484
812.0000 0.0412
813.0000 0.0298
814.0000 0.0174
815.0000 0.0061
816.0000 -0.0034
817.0000 -0.0106
818.0000 -0.0155
819.0000 -0.0185
820.0000 -0.0199
821.0000 -0.0203
822.0000 -0.0198
823.0000 -0.0189
824.0000 -0.0177
825.0000 -0.0163
826.0000 -0.0150
827.0000 -0.0136
828.0000 -0.0123
829.0000 -0.0112
830.0000 -0.0101
831.0000 -0.0091
832.0000 -0.0083
833.0000 -0.0076
834.0000 -0.0069
835.0000 -0.0063
836.0000 -0.0058
837.0000 -0.0054
838.0000 -0.0050
839.0000 -0.0046
840.0000 -0.0043
841.0000 -0.0041
842.0000 -0.0039
843.0000 -0.0036
844.0000 -0.0034
845.0000 -0.0032
846.0000 -0.0031
847.0000 -0.0030
848.0000 -0.0029
849.0000 -0.0027
850.0000 -0.0025
851.0000 -0.0024
852.0000 -0.0022
853.0000 -0.0020
854.0000 -0.0019
855.0000 -0.0018
856.0000 -0.0016
857.0000 -0.0015
858.0000 -0.0014
859.0000 -0.0013
860.0000 -0.0011
861.0000 -0.0009
862.0000 -0.0008
863.0000 -0.0006
864.0000 -0.0004
865.0000 -0.0003
866.0000 -0.0001
867.0000 -0.0000
868.0000 0.0001
869.0000 0.0002
870.0000 0.0004
871.0000 0.0005
872.0000 0.0005
873.0000 0.0006
874.0000 0.0006
875.0000 0.0005
876.0000 0.0003
877.0000 0.0001
878.0000 -0.0003
879.0000 -0.0007
880.0000 -0.0012
881.0000 -0.0009
882.0000 -0.0001
883.0000 0.0007
884.0000 0.0013
885.0000 0.0016
886.0000 0.0017
887.0000 0.0016
888.0000 0.0014
889.0000 0.0012
890.0000 0.0010
891.0000 0.0008
892.0000 0.0007
893.0000 0.0007
894.0000 0.0006
895.0000 0.0007
896.0000 0.0007
897.0000 0.0007
898.0000 0.0007
899.0000 0.0007
900.0000 0.0007
901.0000 0.0007
902.0000 0.0007
903.0000 0.0007
904.0000 0.0007
905.0000 0.0006
906.0000 0.0006
907.0000 0.0006
908.0000 0.0005
909.0000 0.0005
910.0000 0.0005
911.0000 0.0004
912.0000 0.0004
913.0000 0.0004
914.0000 0.0003
915.0000 0.0003
916.0000 0.0003
917.0000 0.0003
918.0000 0.0002
919.0000 0.0002
920.0000 0.0002
921.0000 0.0002
922.0000 0.0002
923.0000 0.0001
924.0000 0.0001
925.0000 0.0001
926.0000 0.0001
927.0000 0.0001
928.0000 0.0001
929.0000 0.0001
930.0000 0.0001
931.0000 0.0001
932.0000 0.0000
933.0000 0.0000
934.0000 0.0000
935.0000 0.0000
936.0000 0.0000
937.0000 0.0000
938.0000 0.0000
939.0000 0.0000
940.0000 -0.0000
941.0000 -0.0000
942.0000 -0.0000
943.0000 -0.0000
944.0000 -0.0000
945.0000 -0.0000
946.0000 -0.0000
947.0000 -0.0000
948.0000 -0.0000
949.0000 -0.0000
950.0000 -0.0000
951.0000 -0.0000
952.0000 -0.0000
953.0000 -0.0000
954.0000 -0.0000
955.0000 -0.0000
956.0000 -0.0000
957.0000 -0.0000
958.0000 -0.0000
959.0000 -0.0000
960.0000 -0.0000
961.0000 -0.0000
962.0000 -0.0000
963.0000 -0.0000
964.0000 -0.0000
965.0000 -0.0000
966.0000 -0.0000
967.0000 -0.0000
968.0000 -0.0000
969.0000 -0.0000
970.0000 -0.0000
971.0000 -0.0000
972.0000 -0.0000
973.0000 -0.0000
974.0000 -0.0000
975.0000 -0.0000
976.0000 -0.0000
977.0000 -0.0000
978.0000 -0.0000
979.0000 -0.0000
980.0000 -0.0000
981.0000 -0.0000
982.0000 -0.0000
983.0000 -0.0000
984.0000 -0.0000
985.0000 -0.0000
986.0000 -0.0000
987.0000 -0.0000
988.0000 -0.0000
989.0000 -0.0000
990.0000 -0.0000
991.0000 -0.0000
992.0000 -0.0000
993.0000 -0.0000
994.0000 -0.0000
995.0000 -0.0000
996.0000 -0.0000
997.0000 -0.0000
998.0000 -0.0000
999.0000 -0.0000
1000.0000 0.0000
1001.0000 0.0000
1002.0000 0.0000
1003.0000 0.0000
1004.0000 0.0000
1005.0000 0.0000
1006.0000 0.0000
1007.0000 0.0000
1008.0000 0.0000
1009.0000 0.0000
1010.0000 0.0000
1011.0000 0.0000
1012.0000 0.0000
1013.0000 0.0000
1014.0000 0.0000
1015.0000 0.0000
1016.0000 0.0000
1017.0000 0.0000
1018.0000 0.0000
1019.0000 0.0000
1020.0000 0.0000
1021.0000 0.0000
1022.0000 0.0000
1023.0000 0.0000
1024.0000 0.0000
1025.0000 0.0000
1026.0000 0.0000
1027.0000 0.0000
1028.0000 0.0000
1029.0000 0.0000
1030.0000 0.0000
1031.0000 0.0000
1032.0000 0.0000
1033.0000 0.0000
1034.0000 0.0000
1035.0000 0.0000
1036.0000 0.0000
1037.0000 0.0000
1038.0000 0.0000
1039.0000 0.0000
1040.0000 0.0000
1041.0000 0.0000
1042.0000 0.0000
1043.0000 0.0000
1044.0000 0.0000
1045.0000 0.0000
1046.0000 0.0000
1047.0000 0.0000
1048.0000 0.0000
1049.0000 0.0000
1050.0000 0.0000
1051.0000 0.0000
1052.0000 0.0000
1053.0000 0.0000
1054.0000 0.0000
1055.0000 0.0000
1056.0000 0.0000
1057.0000 0.0000
1058.0000 0.0000
1059.0000 0.0000
1060.0000 0.0000
1061.0000 0.0000
1062.0000 0.0000
1063.0000 0.0000
1064.0000 0.0000
1065.0000 0.0000
1066.0000 0.0000
1067.0000 0.0000
1068.0000 0.0000
1069.0000 0.0000
1070.0000 0.0000
1071.0000 0.0000
1072.0000 0.0000
1073.0000 0.0000
1074.0000 0.0000
1075.0000 0.0000
1076.0000 0.0000
1077.0000 0.0000
1078.0000 0.0000
1079.0000 0.0000
1080.0000 0.0000
1081.0000 0.0000
1082.0000 0.0000
1083.0000 0.0000
1084.0000 0.0000
1085.0000 0.0000
1086.0000 0.0000
1087.0000 0.0000
1088.0000 0.0000
1089.0000 0.0000
1090.0000 0.0000
1091.0000 0.0000
1092.0000 0.0000
1093.0000 0.0000
1094.0000 0.0000
1095.0000 0.0000
1096.0000 0.0000
1097.0000 0.0000
1098.0000 0.0000
1099.0000 0.0000
1100.0000 0.0000
