1.0000 0.0000
2.0000 0.0000
3.0000 0.0000
4.0000 0.0000
5.0000 0.0000
6.0000 0.0000
7.0000 0.0000
8.0000 0.0000
9.0000 0.0000
10.0000 0.9928
11.0000 0.9183
12.0000 0.5599
13.0000 0.2593
14.0000 0.0957
15.0000 0.0414
16.0000 0.0471
17.0000 0.0750
18.0000 0.1039
19.0000 0.1251
20.0000 0.1366
21.0000 0.1399
22.0000 0.1372
23.0000 0.1308
24.0000 0.1223
25.0000 0.1131
26.0000 0.1042
27.0000 0.0962
28.0000 0.0891
29.0000 0.0830
30.0000 0.0780
31.0000 0.0740
32.0000 0.0708
33.0000 0.0684
34.0000 0.0665
35.0000 0.0650
36.0000 0.0640
37.0000 0.0632
38.0000 0.0627
39.0000 0.0623
40.0000 0.0621
41.0000 0.0621
42.0000 0.0621
43.0000 0.0621
44.0000 0.0621
45.0000 0.0621
46.0000 0.0622
47.0000 0.0623
48.0000 0.0624
49.0000 0.0624
50.0000 0.0625
51.0000 0.0625
52.0000 0.0626
53.0000 0.0626
54.0000 0.0627
55.0000 0.0627
56.0000 0.0627
57.0000 0.0628
58.0000 0.0629
59.0000 0.0630
60.0000 0.0631
61.0000 0.0632
62.0000 0.0632
63.0000 0.0633
64.0000 0.0635
65.0000 0.0636
66.0000 0.0637
67.0000 0.0638
68.0000 0.0640
69.0000 0.0642
70.0000 0.0643
71.0000 0.0644
72.0000 0.0645
73.0000 0.0647
74.0000 0.0649
75.0000 0.0652
76.0000 0.0652
77.0000 0.0653
78.0000 0.0654
79.0000 0.0654
80.0000 0.0654
81.0000 0.0655
82.0000 0.0654
83.0000 0.0654
84.0000 0.0653
85.0000 0.0652
86.0000 0.0650
87.0000 0.0648
88.0000 0.0646
89.0000 0.0646
90.0000 0.0646
91.0000 0.0646
92.0000 0.0649
93.0000 0.0655
94.0000 0.0661
95.0000 0.0666
96.0000 0.0670
97.0000 0.0672
98.0000 0.0673
99.0000 0.0674
100.0000 0.0674
101.0000 0.0673
102.0000 0.0673
103.0000 0.0674
104.0000 0.0674
105.0000 0.0675
106.0000 0.0676
107.0000 0.0676
108.0000 0.0677
109.0000 0.0678
110.0000 0.0678
111.0000 0.0679
112.0000 0.0679
113.0000 0.0679
114.0000 0.0679
115.0000 0.0679
116.0000 0.0679
117.0000 0.0679
118.0000 0.0679
119.0000 0.0678
120.0000 0.0678
121.0000 0.0678
122.0000 0.0677
123.0000 0.0677
124.0000 0.0676
125.0000 0.0675
126.0000 0.0675
127.0000 0.0674
128.0000 0.0674
129.0000 0.0673
130.0000 0.0673
131.0000 0.0672
132.0000 0.0672
133.0000 0.0671
134.0000 0.0671
135.0000 0.0671
136.0000 0.0670
137.0000 0.0670
138.0000 0.0669
139.0000 0.0669
140.0000 0.0669
141.0000 0.0668
142.0000 0.0668
143.0000 0.0668
144.0000 0.0668
145.0000 0.0667
146.0000 0.0667
147.0000 0.0667
148.0000 0.0667
149.0000 0.0666
150.0000 0.0666
151.0000 0.0666
152.0000 0.0666
153.0000 0.0666
154.0000 0.0666
155.0000 0.0665
156.0000 0.0665
157.0000 0.0665
158.0000 0.0665
159.0000 0.0665
160.0000 0.0665
161.0000 0.0665
162.0000 0.0665
163.0000 0.0665
164.0000 0.0665
165.0000 0.0665
166.0000 0.0665
167.0000 0.0665
168.0000 0.0665
169.0000 0.0664
170.0000 0.0664
171.0000 0.0664
172.0000 0.0664
173.0000 0.0664
174.0000 0.0664
175.0000 0.0664
176.0000 0.0664
177.0000 0.0664
178.0000 0.0664
179.0000 0.0664
180.0000 0.0664
181.0000 0.0664
182.0000 0.0664
183.0000 0.0664
184.0000 0.0664
185.0000 0.0664
186.0000 0.0664
187.0000 0.0664
188.0000 0.0664
189.0000 0.0664
190.0000 0.0664
191.0000 0.0664
192.0000 0.0664
193.0000 0.0664
194.0000 0.0664
195.0000 0.0664
196.0000 0.0664
197.0000 0.0664
198.0000 0.0664
199.0000 0.0664
200.0000 -1.9193
201.0000 -1.7703
202.0000 -1.0535
203.0000 -0.4522
204.0000 -0.1251
205.0000 -0.0164
206.0000 -0.0278
207.0000 -0.0837
208.0000 -0.1415
209.0000 -0.1838
210.0000 -0.2068
211.0000 -0.2134
212.0000 -0.2081
213.0000 -0.1952
214.0000 -0.1782
215.0000 -0.1598
216.0000 -0.1421
217.0000 -0.1260
218.0000 -0.1118
219.0000 -0.0996
220.0000 -0.0896
221.0000 -0.0817
222.0000 -0.0753
223.0000 -0.0704
224.0000 -0.0667
225.0000 -0.0637
226.0000 -0.0617
227.0000 -0.0601
228.0000 -0.0590
229.0000 -0.0582
230.0000 -0.0578
231.0000 -0.0578
232.0000 -0.0578
233.0000 -0.0578
234.0000 -0.0578
235.0000 -0.0579
236.0000 -0.0580
237.0000 -0.0582
238.0000 -0.0585
239.0000 -0.0585
240.0000 -0.0586
241.0000 -0.0587
242.0000 -0.0589
243.0000 -0.0588
244.0000 -0.0590
245.0000 -0.0590
246.0000 -0.0590
247.0000 -0.0592
248.0000 -0.0594
249.0000 -0.0596
250.0000 -0.0599
251.0000 -0.0600
252.0000 -0.0600
253.0000 -0.0603
254.0000 -0.0607
255.0000 -0.0608
256.0000 -0.0610
257.0000 -0.0613
258.0000 -0.0616
259.0000 -0.0620
260.0000 -0.0623
261.0000 -0.0625
262.0000 -0.0627
263.0000 -0.0630
264.0000 -0.0635
265.0000 -0.0640
266.0000 -0.0641
267.0000 -0.0643
268.0000 -0.0644
269.0000 -0.0644
270.0000 -0.0645
271.0000 -0.0646
272.0000 -0.0645
273.0000 -0.0645
274.0000 -0.0643
275.0000 -0.0640
276.0000 -0.0636
277.0000 -0.0632
278.0000 -0.0629
279.0000 -0.0629
280.0000 -0.0628
281.0000 -0.0629
282.0000 -0.0635
283.0000 -0.0646
284.0000 -0.0658
285.0000 -0.0669
286.0000 -0.0677
287.0000 -0.0681
288.0000 -0.0683
289.0000 -0.0684
290.0000 -0.0684
291.0000 -0.0683
292.0000 -0.0684
293.0000 -0.0684
294.0000 -0.0685
295.0000 -0.0686
296.0000 -0.0688
297.0000 -0.0689
298.0000 -0.0691
299.0000 -0.0692
300.0000 -0.0693
301.0000 -0.0694
302.0000 -0.0695
303.0000 -0.0695
304.0000 -0.0695
305.0000 -0.0695
306.0000 -0.0695
307.0000 -0.0695
308.0000 -0.0694
309.0000 -0.0693
310.0000 -0.0693
311.0000 -0.0692
312.0000 -0.0691
313.0000 -0.0690
314.0000 -0.0689
315.0000 -0.0688
316.0000 -0.0686
317.0000 -0.0685
318.0000 -0.0684
319.0000 -0.0683
320.0000 -0.0682
321.0000 -0.0681
322.0000 -0.0680
323.0000 -0.0680
324.0000 -0.0679
325.0000 -0.0678
326.0000 -0.0677
327.0000 -0.0676
328.0000 -0.0675
329.0000 -0.0675
330.0000 -0.0674
331.0000 -0.0673
332.0000 -0.0673
333.0000 -0.0672
334.0000 -0.0672
335.0000 -0.0671
336.0000 -0.0671
337.0000 -0.0670
338.0000 -0.0670
339.0000 -0.0670
340.0000 -0.0669
341.0000 -0.0669
342.0000 -0.0668
343.0000 -0.0668
344.0000 -0.0668
345.0000 -0.0668
346.0000 -0.0667
347.0000 -0.0667
348.0000 -0.0667
349.0000 -0.0667
350.0000 -0.0667
351.0000 -0.0666
352.0000 -0.0666
353.0000 -0.0666
354.0000 -0.0666
355.0000 -0.0666
356.0000 -0.0666
357.0000 -0.0666
358.0000 -0.0666
359.0000 -0.0666
360.0000 -0.0666
361.0000 -0.0665
362.0000 -0.0665
363.0000 -0.0665
364.0000 -0.0665
365.0000 -0.0665
366.0000 -0.0665
367.0000 -0.0665
368.0000 -0.0665
369.0000 -0.0665
370.0000 -0.0665
371.0000 -0.0665
372.0000 -0.0665
373.0000 -0.0665
374.0000 -0.0664
375.0000 -0.0664
376.0000 -0.0664
377.0000 -0.0664
378.0000 -0.0664
379.0000 -0.0664
380.0000 -0.0664
381.0000 -0.0664
382.0000 -0.0664
383.0000 -0.0664
384.0000 -0.0664
385.0000 -0.0664
386.0000 -0.0664
387.0000 -0.0664
388.0000 -0.0664
389.0000 -0.0664
390.0000 -0.0664
391.0000 -0.0664
392.0000 -0.0664
393.0000 -0.0664
394.0000 -0.0664
395.0000 -0.0664
396.0000 -0.0664
397.0000 -0.0664
398.0000 -0.0664
399.0000 -0.0664
400.0000 -0.0664
401.0000 -0.0664
402.0000 -0.0664
403.0000 -0.0664
404.0000 -0.0664
405.0000 -0.0664
406.0000 -0.0664
407.0000 -0.0664
408.0000 -0.0664
409.0000 -0.0664
410.0000 -0.0664
411.0000 -0.0664
412.0000 -0.0664
413.0000 -0.0664
414.0000 -0.0664
415.0000 -0.0664
416.0000 -0.0664
417.0000 -0.0664
418.0000 -0.0664
419.0000 -0.0664
420.0000 -0.0664
421.0000 -0.0664
422.0000 -0.0664
423.0000 -0.0664
424.0000 -0.0664
425.0000 -0.0664
426.0000 -0.0664
427.0000 -0.0664
428.0000 -0.0664
429.0000 -0.0664
430.0000 -0.0664
431.0000 -0.0664
432.0000 -0.0664
433.0000 -0.0664
434.0000 -0.0664
435.0000 -0.0664
436.0000 -0.0664
437.0000 -0.0664
438.0000 -0.0664
439.0000 -0.0664
440.0000 -0.0664
441.0000 -0.0664
442.0000 -0.0664
443.0000 -0.0664
444.0000 -0.0664
445.0000 -0.0664
446.0000 -0.0664
447.0000 -0.0664
448.0000 -0.0664
449.0000 -0.0664
450.0000 -0.0664
451.0000 -0.0664
452.0000 -0.0664
453.0000 -0.0664
454.0000 -0.0664
455.0000 -0.0664
456.0000 -0.0664
457.0000 -0.0664
458.0000 -0.0664
459.0000 -0.0664
460.0000 -0.0664
461.0000 -0.0664
462.0000 -0.0664
463.0000 -0.0664
464.0000 -0.0664
465.0000 -0.0664
466.0000 -0.0664
467.0000 -0.0663
468.0000 -0.0663
469.0000 -0.0663
470.0000 -0.0663
471.0000 -0.0663
472.0000 -0.0663
473.0000 -0.0663
474.0000 -0.0663
475.0000 -0.0663
476.0000 -0.0663
477.0000 -0.0663
478.0000 -0.0663
479.0000 -0.0663
480.0000 -0.0663
481.0000 -0.0663
482.0000 -0.0663
483.0000 -0.0663
484.0000 -0.0663
485.0000 -0.0663
486.0000 -0.0663
487.0000 -0.0663
488.0000 -0.0663
489.0000 -0.0663
490.0000 -0.0663
491.0000 -0.0663
492.0000 -0.0663
493.0000 -0.0663
494.0000 -0.0663
495.0000 -0.0663
496.0000 -0.0663
497.0000 -0.0663
498.0000 -0.0663
499.0000 -0.0663
500.0000 1.6711
501.0000 1.5407
502.0000 0.9135
503.0000 0.3874
504.0000 0.1012
505.0000 0.0061
506.0000 0.0161
507.0000 0.0650
508.0000 0.1155
509.0000 0.1526
510.0000 0.1727
511.0000 0.1784
512.0000 0.1738
513.0000 0.1626
514.0000 0.1476
515.0000 0.1316
516.0000 0.1161
517.0000 0.1020
518.0000 0.0895
519.0000 0.0789
520.0000 0.0701
521.0000 0.0632
522.0000 0.0576
523.0000 0.0533
524.0000 0.0501
525.0000 0.0475
526.0000 0.0457
527.0000 0.0443
528.0000 0.0433
529.0000 0.0427
530.0000 0.0423
531.0000 0.0423
532.0000 0.0423
533.0000 0.0423
534.0000 0.0423
535.0000 0.0424
536.0000 0.0425
537.0000 0.0427
538.0000 0.0429
539.0000 0.0429
540.0000 0.0430
541.0000 0.0431
542.0000 0.0432
543.0000 0.0432
544.0000 0.0433
545.0000 0.0433
546.0000 0.0434
547.0000 0.0435
548.0000 0.0437
549.0000 0.0439
550.0000 0.0442
551.0000 0.0442
552.0000 0.0442
553.0000 0.0445
554.0000 0.0448
555.0000 0.0449
556.0000 0.0451
557.0000 0.0454
558.0000 0.0456
559.0000 0.0459
560.0000 0.0463
561.0000 0.0464
562.0000 0.0466
563.0000 0.0468
564.0000 0.0473
565.0000 0.0477
566.0000 0.0478
567.0000 0.0480
568.0000 0.0480
569.0000 0.0481
570.0000 0.0482
571.0000 0.0483
572.0000 0.0482
573.0000 0.0481
574.0000 0.0480
575.0000 0.0477
576.0000 0.0474
577.0000 0.0470
578.0000 0.0468
579.0000 0.0467
580.0000 0.0466
581.0000 0.0467
582.0000 0.0473
583.0000 0.0482
584.0000 0.0493
585.0000 0.0503
586.0000 0.0509
587.0000 0.0513
588.0000 0.0515
589.0000 0.0516
590.0000 0.0515
591.0000 0.0515
592.0000 0.0515
593.0000 0.0516
594.0000 0.0516
595.0000 0.0518
596.0000 0.0519
597.0000 0.0520
598.0000 0.0522
599.0000 0.0523
600.0000 0.0524
601.0000 0.0525
602.0000 0.0525
603.0000 0.0525
604.0000 0.0526
605.0000 0.0526
606.0000 0.0525
607.0000 0.0525
608.0000 0.0524
609.0000 0.0524
610.0000 0.0523
611.0000 0.0522
612.0000 0.0521
613.0000 0.0521
614.0000 0.0520
615.0000 0.0519
616.0000 0.0518
617.0000 0.0517
618.0000 0.0516
619.0000 0.0515
620.0000 0.0514
621.0000 0.0513
622.0000 0.0512
623.0000 0.0512
624.0000 0.0511
625.0000 0.0510
626.0000 0.0509
627.0000 0.0509
628.0000 0.0508
629.0000 0.0508
630.0000 0.0507
631.0000 0.0506
632.0000 0.0506
633.0000 0.0505
634.0000 0.0505
635.0000 0.0504
636.0000 0.0504
637.0000 0.0504
638.0000 0.0503
639.0000 0.0503
640.0000 0.0503
641.0000 0.0502
642.0000 0.0502
643.0000 0.0502
644.0000 0.0502
645.0000 0.0501
646.0000 0.0501
647.0000 0.0501
648.0000 0.0501
649.0000 0.0501
650.0000 0.0500
651.0000 0.0500
652.0000 0.0500
653.0000 0.0500
654.0000 0.0500
655.0000 0.0500
656.0000 0.0500
657.0000 0.0500
658.0000 0.0500
659.0000 0.0500
660.0000 0.0499
661.0000 0.0499
662.0000 0.0499
663.0000 0.0499
664.0000 0.0499
665.0000 0.0499
666.0000 0.0499
667.0000 0.0499
668.0000 0.0499
669.0000 0.0499
670.0000 0.0499
671.0000 0.0499
672.0000 0.0499
673.0000 0.0499
674.0000 0.0499
675.0000 0.0498
676.0000 0.0498
677.0000 0.0498
678.0000 0.0498
679.0000 0.0498
680.0000 0.0498
681.0000 0.0498
682.0000 0.0498
683.0000 0.0498
684.0000 0.0498
685.0000 0.0498
686.0000 0.0498
687.0000 0.0498
688.0000 0.0498
689.0000 0.0498
690.0000 0.0498
691.0000 0.0498
692.0000 0.0498
693.0000 0.0498
694.0000 0.0498
695.0000 0.0498
696.0000 0.0498
697.0000 0.0498
698.0000 0.0498
699.0000 0.0498
700.0000 0.0498
701.0000 0.0498
702.0000 0.0498
703.0000 0.0498
704.0000 0.0498
705.0000 0.0498
706.0000 0.0498
707.0000 0.0498
708.0000 0.0498
709.0000 0.0498
710.0000 0.0498
711.0000 0.0498
712.0000 0.0498
713.0000 0.0498
714.0000 0.0498
715.0000 0.0498
716.0000 0.0498
717.0000 0.0498
718.0000 0.0498
719.0000 0.0498
720.0000 0.0498
721.0000 0.0498
722.0000 0.0498
723.0000 0.0498
724.0000 0.0498
725.0000 0.0498
726.0000 0.0498
727.0000 0.0498
728.0000 0.0498
729.0000 0.0498
730.0000 0.0498
731.0000 0.0498
732.0000 0.0498
733.0000 0.0498
734.0000 0.0498
735.0000 0.0498
736.0000 0.0498
737.0000 0.0498
738.0000 0.0498
739.0000 0.0498
740.0000 0.0498
741.0000 0.0498
742.0000 0.0498
743.0000 0.0498
744.0000 0.0498
745.0000 0.0498
746.0000 0.0498
747.0000 0.0498
748.0000 0.0498
749.0000 0.0498
750.0000 0.0498
751.0000 0.0498
752.0000 0.0498
753.0000 0.0498
754.0000 0.0498
755.0000 0.0498
756.0000 0.0498
757.0000 0.0498
758.0000 0.0498
759.0000 0.0498
760.0000 0.0498
761.0000 0.0498
762.0000 0.0498
763.0000 0.0498
764.0000 0.0498
765.0000 0.0498
766.0000 0.0498
767.0000 0.0498
768.0000 0.0498
769.0000 0.0498
770.0000 0.0498
771.0000 0.0498
772.0000 0.0498
773.0000 0.0498
774.0000 0.0498
775.0000 0.0498
776.0000 0.0498
777.0000 0.0498
778.0000 0.0498
779.0000 0.0498
780.0000 0.0498
781.0000 0.0498
782.0000 0.0498
783.0000 0.0498
784.0000 0.0498
785.0000 0.0498
786.0000 0.0498
787.0000 0.0498
788.0000 0.0498
789.0000 0.0498
790.0000 0.0498
791.0000 0.0498
792.0000 0.0498
793.0000 0.0498
794.0000 0.0498
795.0000 0.0498
796.0000 0.0498
797.0000 0.0498
798.0000 0.0498
799.0000 0.0498
800.0000 -0.6949
801.0000 -0.6390
802.0000 -0.3702
803.0000 -0.1447
804.0000 -0.0220
805.0000 0.0187
806.0000 0.0144
807.0000 -0.0065
808.0000 -0.0282
809.0000 -0.0441
810.0000 -0.0527
811.0000 -0.0552
812.0000 -0.0532
813.0000 -0.0484
814.0000 -0.0420
815.0000 -0.0351
816.0000 -0.0284
817.0000 -0.0224
818.0000 -0.0170
819.0000 -0.0125
820.0000 -0.0087
821.0000 -0.0058
822.0000 -0.0034
823.0000 -0.0015
824.0000 -0.0001
825.0000 0.0010
826.0000 0.0017
827.0000 0.0023
828.0000 0.0028
829.0000 0.0030
830.0000 0.0032
831.0000 0.0032
832.0000 0.0032
833.0000 0.0032
834.0000 0.0032
835.0000 0.0032
836.0000 0.0031
837.0000 0.0030
838.0000 0.0029
839.0000 0.0029
840.0000 0.0029
841.0000 0.0028
842.0000 0.0028
843.0000 0.0028
844.0000 0.0028
845.0000 0.0028
846.0000 0.0027
847.0000 0.0027
848.0000 0.0026
849.0000 0.0025
850.0000 0.0024
851.0000 0.0024
852.0000 0.0024
853.0000 0.0022
854.0000 0.0021
855.0000 0.0021
856.0000 0.0020
857.0000 0.0019
858.0000 0.0018
859.0000 0.0016
860.0000 0.0015
861.0000 0.0014
862.0000 0.0014
863.0000 0.0012
864.0000 0.0011
865.0000 0.0009
866.0000 0.0008
867.0000 0.0008
868.0000 0.0007
869.0000 0.0007
870.0000 0.0007
871.0000 0.0006
872.0000 0.0007
873.0000 0.0007
874.0000 0.0008
875.0000 0.0009
876.0000 0.0010
877.0000 0.0012
878.0000 0.0013
879.0000 0.0013
880.0000 0.0013
881.0000 0.0013
882.0000 0.0011
883.0000 0.0006
884.0000 0.0002
885.0000 -0.0002
886.0000 -0.0005
887.0000 -0.0007
888.0000 -0.0008
889.0000 -0.0008
890.0000 -0.0008
891.0000 -0.0008
892.0000 -0.0008
893.0000 -0.0008
894.0000 -0.0008
895.0000 -0.0009
896.0000 -0.0009
897.0000 -0.0010
898.0000 -0.0010
899.0000 -0.0011
900.0000 -0.0011
901.0000 -0.0012
902.0000 -0.0012
903.0000 -0.0012
904.0000 -0.0012
905.0000 -0.0012
906.0000 -0.0012
907.0000 -0.0012
908.0000 -0.0012
909.0000 -0.0011
910.0000 -0.0011
911.0000 -0.0011
912.0000 -0.0010
913.0000 -0.0010
914.0000 -0.0009
915.0000 -0.0009
916.0000 -0.0009
917.0000 -0.0008
918.0000 -0.0008
919.0000 -0.0008
920.0000 -0.0007
921.0000 -0.0007
922.0000 -0.0006
923.0000 -0.0006
924.0000 -0.0006
925.0000 -0.0005
926.0000 -0.0005
927.0000 -0.0005
928.0000 -0.0005
929.0000 -0.0004
930.0000 -0.0004
931.0000 -0.0004
932.0000 -0.0004
933.0000 -0.0003
934.0000 -0.0003
935.0000 -0.0003
936.0000 -0.0003
937.0000 -0.0003
938.0000 -0.0002
939.0000 -0.0002
940.0000 -0.0002
941.0000 -0.0002
942.0000 -0.0002
943.0000 -0.0002
944.0000 -0.0002
945.0000 -0.0002
946.0000 -0.0002
947.0000 -0.0001
948.0000 -0.0001
949.0000 -0.0001
950.0000 -0.0001
951.0000 -0.0001
952.0000 -0.0001
953.0000 -0.0001
954.0000 -0.0001
955.0000 -0.0001
956.0000 -0.0001
957.0000 -0.0001
958.0000 -0.0001
959.0000 -0.0001
960.0000 -0.0001
961.0000 -0.0001
962.0000 -0.0001
963.0000 -0.0001
964.0000 -0.0001
965.0000 -0.0001
966.0000 -0.0001
967.0000 -0.0001
968.0000 -0.0001
969.0000 -0.0001
970.0000 -0.0000
971.0000 -0.0000
972.0000 -0.0000
973.0000 -0.0000
974.0000 -0.0000
975.0000 -0.0000
976.0000 -0.0000
977.0000 -0.0000
978.0000 -0.0000
979.0000 -0.0000
980.0000 -0.0000
981.0000 -0.0000
982.0000 -0.0000
983.0000 -0.0000
984.0000 -0.0000
985.0000 -0.0000
986.0000 -0.0000
987.0000 -0.0000
988.0000 -0.0000
989.0000 -0.0000
990.0000 -0.0000
991.0000 -0.0000
992.0000 -0.0000
993.0000 -0.0000
994.0000 -0.0000
995.0000 -0.0000
996.0000 -0.0000
997.0000 -0.0000
998.0000 -0.0000
999.0000 -0.0000
1000.0000 -0.0000
1001.0000 -0.0000
1002.0000 -0.0000
1003.0000 -0.0000
1004.0000 -0.0000
1005.0000 -0.0000
1006.0000 -0.0000
1007.0000 -0.0000
1008.0000 -0.0000
1009.0000 -0.0000
1010.0000 -0.0000
1011.0000 -0.0000
1012.0000 -0.0000
1013.0000 -0.0000
1014.0000 -0.0000
1015.0000 -0.0000
1016.0000 -0.0000
1017.0000 -0.0000
1018.0000 -0.0000
1019.0000 -0.0000
1020.0000 -0.0000
1021.0000 -0.0000
1022.0000 -0.0000
1023.0000 -0.0000
1024.0000 -0.0000
1025.0000 -0.0000
1026.0000 -0.0000
1027.0000 -0.0000
1028.0000 -0.0000
1029.0000 -0.0000
1030.0000 -0.0000
1031.0000 -0.0000
1032.0000 -0.0000
1033.0000 -0.0000
1034.0000 -0.0000
1035.0000 -0.0000
1036.0000 -0.0000
1037.0000 -0.0000
1038.0000 -0.0000
1039.0000 -0.0000
1040.0000 -0.0000
1041.0000 -0.0000
1042.0000 -0.0000
1043.0000 -0.0000
1044.0000 -0.0000
1045.0000 -0.0000
1046.0000 -0.0000
1047.0000 -0.0000
1048.0000 -0.0000
1049.0000 -0.0000
1050.0000 -0.0000
1051.0000 -0.0000
1052.0000 -0.0000
1053.0000 -0.0000
1054.0000 -0.0000
1055.0000 -0.0000
1056.0000 -0.0000
1057.0000 -0.0000
1058.0000 -0.0000
1059.0000 -0.0000
1060.0000 -0.0000
1061.0000 -0.0000
1062.0000 -0.0000
1063.0000 -0.0000
1064.0000 -0.0000
1065.0000 -0.0000
1066.0000 -0.0000
1067.0000 -0.0000
1068.0000 -0.0000
1069.0000 -0.0000
1070.0000 -0.0000
1071.0000 -0.0000
1072.0000 -0.0000
1073.0000 -0.0000
1074.0000 -0.0000
1075.0000 -0.0000
1076.0000 -0.0000
1077.0000 -0.0000
1078.0000 -0.0000
1079.0000 -0.0000
1080.0000 -0.0000
1081.0000 -0.0000
1082.0000 -0.0000
1083.0000 -0.0000
1084.0000 -0.0000
1085.0000 -0.0000
1086.0000 -0.0000
1087.0000 -0.0000
1088.0000 -0.0000
1089.0000 -0.0000
1090.0000 -0.0000
1091.0000 -0.0000
1092.0000 -0.0000
1093.0000 -0.0000
1094.0000 -0.0000
1095.0000 -0.0000
1096.0000 -0.0000
1097.0000 -0.0000
1098.0000 -0.0000
1099.0000 -0.0000
1100.0000 -0.0000
