1.0000 0.0000
2.0000 0.0000
3.0000 0.0000
4.0000 0.0000
5.0000 0.0000
6.0000 0.0000
7.0000 0.0000
8.0000 0.0000
9.0000 0.0000
10.0000 0.8257
11.0000 1.2042
12.0000 1.4257
13.0000 1.5076
14.0000 1.4893
15.0000 1.4119
16.0000 1.3061
17.0000 1.1933
18.0000 1.0870
19.0000 0.9947
20.0000 0.9195
21.0000 0.8617
22.0000 0.8196
23.0000 0.7909
24.0000 0.7731
25.0000 0.7630
26.0000 0.7586
27.0000 0.7579
28.0000 0.7598
29.0000 0.7618
30.0000 0.7641
31.0000 0.7661
32.0000 0.7691
33.0000 0.7702
34.0000 0.7715
35.0000 0.7714
36.0000 0.7711
37.0000 0.7708
38.0000 0.7713
39.0000 0.7702
40.0000 0.7693
41.0000 0.7696
42.0000 0.7683
43.0000 0.7682
44.0000 0.7667
45.0000 0.7663
46.0000 0.7664
47.0000 0.7662
48.0000 0.7648
49.0000 0.7651
50.0000 0.7650
51.0000 0.7642
52.0000 0.7634
53.0000 0.7623
54.0000 0.7605
55.0000 0.7596
56.0000 0.7594
57.0000 0.7580
58.0000 0.7572
59.0000 0.7554
60.0000 0.7553
61.0000 0.7543
62.0000 0.7537
63.0000 0.7532
64.0000 0.7525
65.0000 0.7520
66.0000 0.7513
67.0000 0.7514
68.0000 0.7511
69.0000 0.7513
70.0000 0.7515
71.0000 0.7509
72.0000 0.7501
73.0000 0.7507
74.0000 0.7513
75.0000 0.7514
76.0000 0.7513
77.0000 0.7525
78.0000 0.7526
79.0000 0.7534
80.0000 0.7545
81.0000 0.7551
82.0000 0.7557
83.0000 0.7562
84.0000 0.7565
85.0000 0.7580
86.0000 0.7579
87.0000 0.7573
88.0000 0.7577
89.0000 0.7573
90.0000 0.7579
91.0000 0.7554
92.0000 0.7533
93.0000 0.7517
94.0000 0.7509
95.0000 0.7506
96.0000 0.7508
97.0000 0.7514
98.0000 0.7521
99.0000 0.7529
100.0000 0.7537
101.0000 0.7544
102.0000 0.7550
103.0000 0.7554
104.0000 0.7558
105.0000 0.7560
106.0000 0.7562
107.0000 0.7563
108.0000 0.7563
109.0000 0.7563
110.0000 0.7563
111.0000 0.7563
112.0000 0.7563
113.0000 0.7563
114.0000 0.7563
115.0000 0.7564
116.0000 0.7564
117.0000 0.7564
118.0000 0.7564
119.0000 0.7564
120.0000 0.7564
121.0000 0.7564
122.0000 0.7564
123.0000 0.7565
124.0000 0.7565
125.0000 0.7565
126.0000 0.7565
127.0000 0.7565
128.0000 0.7565
129.0000 0.7565
130.0000 0.7565
131.0000 0.7565
132.0000 0.7565
133.0000 0.7565
134.0000 0.7565
135.0000 0.7565
136.0000 0.7565
137.0000 0.7565
138.0000 0.7565
139.0000 0.7565
140.0000 0.7565
141.0000 0.7565
142.0000 0.7564
143.0000 0.7564
144.0000 0.7564
145.0000 0.7564
146.0000 0.7564
147.0000 0.7564
148.0000 0.7564
149.0000 0.7564
150.0000 0.7563
151.0000 0.7563
152.0000 0.7563
153.0000 0.7563
154.0000 0.7563
155.0000 0.7563
156.0000 0.7563
157.0000 0.7562
158.0000 0.7562
159.0000 0.7562
160.0000 0.7562
161.0000 0.7562
162.0000 0.7562
163.0000 0.7562
164.0000 0.7562
165.0000 0.7562
166.0000 0.7562
167.0000 0.7562
168.0000 0.7562
169.0000 0.7562
170.0000 0.7562
171.0000 0.7562
172.0000 0.7562
173.0000 0.7562
174.0000 0.7562
175.0000 0.7562
176.0000 0.7561
177.0000 0.7561
178.0000 0.7561
179.0000 0.7561
180.0000 0.7561
181.0000 0.7561
182.0000 0.7561
183.0000 0.7561
184.0000 0.7561
185.0000 0.7561
186.0000 0.7561
187.0000 0.7561
188.0000 0.7561
189.0000 0.7561
190.0000 0.7561
191.0000 0.7561
192.0000 0.7561
193.0000 0.7561
194.0000 0.7561
195.0000 0.7561
196.0000 0.7561
197.0000 0.7561
198.0000 0.7561
199.0000 0.7561
200.0000 -0.8954
201.0000 -1.6524
202.0000 -2.0954
203.0000 -2.2591
204.0000 -2.2225
205.0000 -2.0677
206.0000 -1.8562
207.0000 -1.6306
208.0000 -1.4178
209.0000 -1.2333
210.0000 -1.0830
211.0000 -0.9673
212.0000 -0.8832
213.0000 -0.8258
214.0000 -0.7902
215.0000 -0.7698
216.0000 -0.7612
217.0000 -0.7598
218.0000 -0.7636
219.0000 -0.7675
220.0000 -0.7722
221.0000 -0.7761
222.0000 -0.7821
223.0000 -0.7843
224.0000 -0.7870
225.0000 -0.7867
226.0000 -0.7861
227.0000 -0.7855
228.0000 -0.7866
229.0000 -0.7843
230.0000 -0.7825
231.0000 -0.7831
232.0000 -0.7805
233.0000 -0.7803
234.0000 -0.7774
235.0000 -0.7765
236.0000 -0.7767
237.0000 -0.7764
238.0000 -0.7735
239.0000 -0.7741
240.0000 -0.7739
241.0000 -0.7724
242.0000 -0.7707
243.0000 -0.7686
244.0000 -0.7650
245.0000 -0.7632
246.0000 -0.7627
247.0000 -0.7598
248.0000 -0.7583
249.0000 -0.7547
250.0000 -0.7545
251.0000 -0.7525
252.0000 -0.7513
253.0000 -0.7503
254.0000 -0.7489
255.0000 -0.7480
256.0000 -0.7465
257.0000 -0.7467
258.0000 -0.7462
259.0000 -0.7465
260.0000 -0.7469
261.0000 -0.7458
262.0000 -0.7442
263.0000 -0.7454
264.0000 -0.7465
265.0000 -0.7467
266.0000 -0.7465
267.0000 -0.7489
268.0000 -0.7492
269.0000 -0.7507
270.0000 -0.7530
271.0000 -0.7541
272.0000 -0.7553
273.0000 -0.7563
274.0000 -0.7569
275.0000 -0.7599
276.0000 -0.7597
277.0000 -0.7585
278.0000 -0.7593
279.0000 -0.7586
280.0000 -0.7597
281.0000 -0.7548
282.0000 -0.7505
283.0000 -0.7474
284.0000 -0.7457
285.0000 -0.7452
286.0000 -0.7456
287.0000 -0.7467
288.0000 -0.7482
289.0000 -0.7497
290.0000 -0.7513
291.0000 -0.7527
292.0000 -0.7538
293.0000 -0.7548
294.0000 -0.7555
295.0000 -0.7559
296.0000 -0.7563
297.0000 -0.7565
298.0000 -0.7566
299.0000 -0.7566
300.0000 -0.7566
301.0000 -0.7566
302.0000 -0.7566
303.0000 -0.7566
304.0000 -0.7566
305.0000 -0.7566
306.0000 -0.7567
307.0000 -0.7567
308.0000 -0.7567
309.0000 -0.7567
310.0000 -0.7568
311.0000 -0.7568
312.0000 -0.7568
313.0000 -0.7568
314.0000 -0.7569
315.0000 -0.7569
316.0000 -0.7569
317.0000 -0.7569
318.0000 -0.7569
319.0000 -0.7569
320.0000 -0.7569
321.0000 -0.7569
322.0000 -0.7569
323.0000 -0.7569
324.0000 -0.7569
325.0000 -0.7569
326.0000 -0.7569
327.0000 -0.7569
328.0000 -0.7569
329.0000 -0.7569
330.0000 -0.7569
331.0000 -0.7568
332.0000 -0.7568
333.0000 -0.7568
334.0000 -0.7568
335.0000 -0.7568
336.0000 -0.7567
337.0000 -0.7567
338.0000 -0.7567
339.0000 -0.7566
340.0000 -0.7566
341.0000 -0.7566
342.0000 -0.7566
343.0000 -0.7565
344.0000 -0.7565
345.0000 -0.7565
346.0000 -0.7564
347.0000 -0.7564
348.0000 -0.7564
349.0000 -0.7564
350.0000 -0.7563
351.0000 -0.7563
352.0000 -0.7563
353.0000 -0.7563
354.0000 -0.7563
355.0000 -0.7563
356.0000 -0.7563
357.0000 -0.7562
358.0000 -0.7562
359.0000 -0.7562
360.0000 -0.7562
361.0000 -0.7562
362.0000 -0.7562
363.0000 -0.7562
364.0000 -0.7562
365.0000 -0.7562
366.0000 -0.7562
367.0000 -0.7562
368.0000 -0.7562
369.0000 -0.7562
370.0000 -0.7562
371.0000 -0.7561
372.0000 -0.7561
373.0000 -0.7561
374.0000 -0.7561
375.0000 -0.7561
376.0000 -0.7561
377.0000 -0.7561
378.0000 -0.7561
379.0000 -0.7561
380.0000 -0.7561
381.0000 -0.7561
382.0000 -0.7561
383.0000 -0.7561
384.0000 -0.7561
385.0000 -0.7561
386.0000 -0.7561
387.0000 -0.7561
388.0000 -0.7561
389.0000 -0.7561
390.0000 -0.7561
391.0000 -0.7561
392.0000 -0.7561
393.0000 -0.7561
394.0000 -0.7561
395.0000 -0.7561
396.0000 -0.7561
397.0000 -0.7561
398.0000 -0.7561
399.0000 -0.7561
400.0000 -0.7561
401.0000 -0.7561
402.0000 -0.7561
403.0000 -0.7561
404.0000 -0.7561
405.0000 -0.7561
406.0000 -0.7561
407.0000 -0.7561
408.0000 -0.7561
409.0000 -0.7561
410.0000 -0.7561
411.0000 -0.7561
412.0000 -0.7561
413.0000 -0.7561
414.0000 -0.7561
415.0000 -0.7561
416.0000 -0.7561
417.0000 -0.7561
418.0000 -0.7561
419.0000 -0.7561
420.0000 -0.7561
421.0000 -0.7561
422.0000 -0.7561
423.0000 -0.7561
424.0000 -0.7561
425.0000 -0.7561
426.0000 -0.7561
427.0000 -0.7561
428.0000 -0.7561
429.0000 -0.7561
430.0000 -0.7561
431.0000 -0.7561
432.0000 -0.7561
433.0000 -0.7561
434.0000 -0.7561
435.0000 -0.7561
436.0000 -0.7561
437.0000 -0.7561
438.0000 -0.7561
439.0000 -0.7561
440.0000 -0.7561
441.0000 -0.7561
442.0000 -0.7561
443.0000 -0.7561
444.0000 -0.7561
445.0000 -0.7561
446.0000 -0.7561
447.0000 -0.7561
448.0000 -0.7561
449.0000 -0.7561
450.0000 -0.7561
451.0000 -0.7561
452.0000 -0.7561
453.0000 -0.7561
454.0000 -0.7561
455.0000 -0.7561
456.0000 -0.7561
457.0000 -0.7561
458.0000 -0.7561
459.0000 -0.7561
460.0000 -0.7561
461.0000 -0.7561
462.0000 -0.7561
463.0000 -0.7561
464.0000 -0.7561
465.0000 -0.7561
466.0000 -0.7561
467.0000 -0.7561
468.0000 -0.7561
469.0000 -0.7561
470.0000 -0.7561
471.0000 -0.7561
472.0000 -0.7561
473.0000 -0.7561
474.0000 -0.7561
475.0000 -0.7561
476.0000 -0.7561
477.0000 -0.7561
478.0000 -0.7561
479.0000 -0.7561
480.0000 -0.7561
481.0000 -0.7561
482.0000 -0.7561
483.0000 -0.7561
484.0000 -0.7561
485.0000 -0.7561
486.0000 -0.7561
487.0000 -0.7561
488.0000 -0.7561
489.0000 -0.7561
490.0000 -0.7561
491.0000 -0.7561
492.0000 -0.7561
493.0000 -0.7561
494.0000 -0.7561
495.0000 -0.7561
496.0000 -0.7561
497.0000 -0.7561
498.0000 -0.7561
499.0000 -0.7561
500.0000 0.6889
501.0000 1.3513
502.0000 1.7389
503.0000 1.8822
504.0000 1.8502
505.0000 1.7147
506.0000 1.5297
507.0000 1.3322
508.0000 1.1461
509.0000 0.9846
510.0000 0.8531
511.0000 0.7519
512.0000 0.6783
513.0000 0.6281
514.0000 0.5969
515.0000 0.5791
516.0000 0.5715
517.0000 0.5703
518.0000 0.5737
519.0000 0.5771
520.0000 0.5811
521.0000 0.5846
522.0000 0.5898
523.0000 0.5918
524.0000 0.5941
525.0000 0.5939
526.0000 0.5933
527.0000 0.5928
528.0000 0.5938
529.0000 0.5918
530.0000 0.5902
531.0000 0.5907
532.0000 0.5885
533.0000 0.5883
534.0000 0.5857
535.0000 0.5849
536.0000 0.5851
537.0000 0.5848
538.0000 0.5823
539.0000 0.5829
540.0000 0.5827
541.0000 0.5813
542.0000 0.5799
543.0000 0.5780
544.0000 0.5749
545.0000 0.5733
546.0000 0.5729
547.0000 0.5704
548.0000 0.5690
549.0000 0.5658
550.0000 0.5657
551.0000 0.5639
552.0000 0.5629
553.0000 0.5620
554.0000 0.5608
555.0000 0.5600
556.0000 0.5586
557.0000 0.5588
558.0000 0.5584
559.0000 0.5587
560.0000 0.5590
561.0000 0.5581
562.0000 0.5566
563.0000 0.5577
564.0000 0.5586
565.0000 0.5589
566.0000 0.5587
567.0000 0.5608
568.0000 0.5610
569.0000 0.5623
570.0000 0.5644
571.0000 0.5653
572.0000 0.5664
573.0000 0.5672
574.0000 0.5678
575.0000 0.5704
576.0000 0.5703
577.0000 0.5691
578.0000 0.5699
579.0000 0.5692
580.0000 0.5702
581.0000 0.5659
582.0000 0.5621
583.0000 0.5595
584.0000 0.5580
585.0000 0.5575
586.0000 0.5579
587.0000 0.5589
588.0000 0.5601
589.0000 0.5615
590.0000 0.5629
591.0000 0.5641
592.0000 0.5651
593.0000 0.5659
594.0000 0.5665
595.0000 0.5669
596.0000 0.5672
597.0000 0.5674
598.0000 0.5675
599.0000 0.5675
600.0000 0.5675
601.0000 0.5675
602.0000 0.5675
603.0000 0.5675
604.0000 0.5675
605.0000 0.5676
606.0000 0.5676
607.0000 0.5676
608.0000 0.5676
609.0000 0.5676
610.0000 0.5677
611.0000 0.5677
612.0000 0.5677
613.0000 0.5677
614.0000 0.5677
615.0000 0.5678
616.0000 0.5678
617.0000 0.5678
618.0000 0.5678
619.0000 0.5678
620.0000 0.5678
621.0000 0.5678
622.0000 0.5678
623.0000 0.5678
624.0000 0.5678
625.0000 0.5678
626.0000 0.5678
627.0000 0.5678
628.0000 0.5678
629.0000 0.5678
630.0000 0.5678
631.0000 0.5677
632.0000 0.5677
633.0000 0.5677
634.0000 0.5677
635.0000 0.5677
636.0000 0.5676
637.0000 0.5676
638.0000 0.5676
639.0000 0.5676
640.0000 0.5675
641.0000 0.5675
642.0000 0.5675
643.0000 0.5675
644.0000 0.5674
645.0000 0.5674
646.0000 0.5674
647.0000 0.5674
648.0000 0.5673
649.0000 0.5673
650.0000 0.5673
651.0000 0.5673
652.0000 0.5673
653.0000 0.5672
654.0000 0.5672
655.0000 0.5672
656.0000 0.5672
657.0000 0.5672
658.0000 0.5672
659.0000 0.5672
660.0000 0.5672
661.0000 0.5672
662.0000 0.5672
663.0000 0.5672
664.0000 0.5672
665.0000 0.5672
666.0000 0.5672
667.0000 0.5672
668.0000 0.5672
669.0000 0.5671
670.0000 0.5671
671.0000 0.5671
672.0000 0.5671
673.0000 0.5671
674.0000 0.5671
675.0000 0.5671
676.0000 0.5671
677.0000 0.5671
678.0000 0.5671
679.0000 0.5671
680.0000 0.5671
681.0000 0.5671
682.0000 0.5671
683.0000 0.5671
684.0000 0.5671
685.0000 0.5671
686.0000 0.5671
687.0000 0.5671
688.0000 0.5670
689.0000 0.5670
690.0000 0.5670
691.0000 0.5670
692.0000 0.5670
693.0000 0.5670
694.0000 0.5670
695.0000 0.5670
696.0000 0.5671
697.0000 0.5671
698.0000 0.5671
699.0000 0.5671
700.0000 0.5671
701.0000 0.5671
702.0000 0.5671
703.0000 0.5671
704.0000 0.5671
705.0000 0.5671
706.0000 0.5671
707.0000 0.5671
708.0000 0.5671
709.0000 0.5671
710.0000 0.5671
711.0000 0.5671
712.0000 0.5671
713.0000 0.5671
714.0000 0.5671
715.0000 0.5671
716.0000 0.5671
717.0000 0.5671
718.0000 0.5671
719.0000 0.5671
720.0000 0.5671
721.0000 0.5671
722.0000 0.5671
723.0000 0.5671
724.0000 0.5671
725.0000 0.5671
726.0000 0.5671
727.0000 0.5671
728.0000 0.5671
729.0000 0.5671
730.0000 0.5671
731.0000 0.5671
732.0000 0.5671
733.0000 0.5671
734.0000 0.5671
735.0000 0.5671
736.0000 0.5671
737.0000 0.5671
738.0000 0.5671
739.0000 0.5671
740.0000 0.5671
741.0000 0.5671
742.0000 0.5671
743.0000 0.5671
744.0000 0.5671
745.0000 0.5671
746.0000 0.5671
747.0000 0.5671
748.0000 0.5671
749.0000 0.5671
750.0000 0.5671
751.0000 0.5671
752.0000 0.5671
753.0000 0.5671
754.0000 0.5671
755.0000 0.5671
756.0000 0.5671
757.0000 0.5671
758.0000 0.5671
759.0000 0.5671
760.0000 0.5671
761.0000 0.5671
762.0000 0.5671
763.0000 0.5671
764.0000 0.5671
765.0000 0.5671
766.0000 0.5671
767.0000 0.5671
768.0000 0.5671
769.0000 0.5671
770.0000 0.5671
771.0000 0.5671
772.0000 0.5671
773.0000 0.5671
774.0000 0.5671
775.0000 0.5671
776.0000 0.5671
777.0000 0.5671
778.0000 0.5671
779.0000 0.5671
780.0000 0.5671
781.0000 0.5671
782.0000 0.5671
783.0000 0.5671
784.0000 0.5671
785.0000 0.5671
786.0000 0.5671
787.0000 0.5671
788.0000 0.5671
789.0000 0.5671
790.0000 0.5671
791.0000 0.5671
792.0000 0.5671
793.0000 0.5671
794.0000 0.5671
795.0000 0.5671
796.0000 0.5671
797.0000 0.5671
798.0000 0.5671
799.0000 0.5671
800.0000 -0.0522
801.0000 -0.3361
802.0000 -0.5022
803.0000 -0.5636
804.0000 -0.5499
805.0000 -0.4919
806.0000 -0.4125
807.0000 -0.3279
808.0000 -0.2482
809.0000 -0.1789
810.0000 -0.1226
811.0000 -0.0792
812.0000 -0.0477
813.0000 -0.0262
814.0000 -0.0128
815.0000 -0.0052
816.0000 -0.0019
817.0000 -0.0014
818.0000 -0.0028
819.0000 -0.0043
820.0000 -0.0060
821.0000 -0.0075
822.0000 -0.0097
823.0000 -0.0106
824.0000 -0.0116
825.0000 -0.0115
826.0000 -0.0112
827.0000 -0.0110
828.0000 -0.0114
829.0000 -0.0106
830.0000 -0.0099
831.0000 -0.0101
832.0000 -0.0092
833.0000 -0.0091
834.0000 -0.0080
835.0000 -0.0077
836.0000 -0.0077
837.0000 -0.0076
838.0000 -0.0065
839.0000 -0.0068
840.0000 -0.0067
841.0000 -0.0061
842.0000 -0.0055
843.0000 -0.0047
844.0000 -0.0034
845.0000 -0.0027
846.0000 -0.0025
847.0000 -0.0014
848.0000 -0.0008
849.0000 0.0005
850.0000 0.0006
851.0000 0.0013
852.0000 0.0018
853.0000 0.0021
854.0000 0.0027
855.0000 0.0030
856.0000 0.0036
857.0000 0.0035
858.0000 0.0037
859.0000 0.0036
860.0000 0.0034
861.0000 0.0039
862.0000 0.0045
863.0000 0.0040
864.0000 0.0036
865.0000 0.0035
866.0000 0.0036
867.0000 0.0027
868.0000 0.0026
869.0000 0.0020
870.0000 0.0011
871.0000 0.0008
872.0000 0.0003
873.0000 -0.0001
874.0000 -0.0003
875.0000 -0.0014
876.0000 -0.0014
877.0000 -0.0009
878.0000 -0.0012
879.0000 -0.0009
880.0000 -0.0014
881.0000 0.0005
882.0000 0.0021
883.0000 0.0032
884.0000 0.0039
885.0000 0.0041
886.0000 0.0039
887.0000 0.0035
888.0000 0.0030
889.0000 0.0024
890.0000 0.0018
891.0000 0.0013
892.0000 0.0008
893.0000 0.0005
894.0000 0.0002
895.0000 0.0000
896.0000 -0.0001
897.0000 -0.0002
898.0000 -0.0002
899.0000 -0.0002
900.0000 -0.0002
901.0000 -0.0002
902.0000 -0.0002
903.0000 -0.0002
904.0000 -0.0002
905.0000 -0.0002
906.0000 -0.0002
907.0000 -0.0002
908.0000 -0.0002
909.0000 -0.0003
910.0000 -0.0003
911.0000 -0.0003
912.0000 -0.0003
913.0000 -0.0003
914.0000 -0.0003
915.0000 -0.0003
916.0000 -0.0003
917.0000 -0.0003
918.0000 -0.0003
919.0000 -0.0003
920.0000 -0.0003
921.0000 -0.0003
922.0000 -0.0003
923.0000 -0.0003
924.0000 -0.0003
925.0000 -0.0003
926.0000 -0.0003
927.0000 -0.0003
928.0000 -0.0003
929.0000 -0.0003
930.0000 -0.0003
931.0000 -0.0003
932.0000 -0.0003
933.0000 -0.0003
934.0000 -0.0003
935.0000 -0.0003
936.0000 -0.0003
937.0000 -0.0002
938.0000 -0.0002
939.0000 -0.0002
940.0000 -0.0002
941.0000 -0.0002
942.0000 -0.0002
943.0000 -0.0002
944.0000 -0.0002
945.0000 -0.0002
946.0000 -0.0001
947.0000 -0.0001
948.0000 -0.0001
949.0000 -0.0001
950.0000 -0.0001
951.0000 -0.0001
952.0000 -0.0001
953.0000 -0.0001
954.0000 -0.0001
955.0000 -0.0001
956.0000 -0.0001
957.0000 -0.0001
958.0000 -0.0001
959.0000 -0.0001
960.0000 -0.0001
961.0000 -0.0001
962.0000 -0.0001
963.0000 -0.0001
964.0000 -0.0001
965.0000 -0.0001
966.0000 -0.0001
967.0000 -0.0001
968.0000 -0.0000
969.0000 -0.0000
970.0000 -0.0000
971.0000 -0.0000
972.0000 -0.0000
973.0000 -0.0000
974.0000 -0.0000
975.0000 -0.0000
976.0000 -0.0000
977.0000 -0.0000
978.0000 -0.0000
979.0000 -0.0000
980.0000 -0.0000
981.0000 -0.0000
982.0000 -0.0000
983.0000 -0.0000
984.0000 -0.0000
985.0000 -0.0000
986.0000 -0.0000
987.0000 -0.0000
988.0000 -0.0000
989.0000 -0.0000
990.0000 -0.0000
991.0000 -0.0000
992.0000 -0.0000
993.0000 -0.0000
994.0000 -0.0000
995.0000 -0.0000
996.0000 -0.0000
997.0000 -0.0000
998.0000 -0.0000
999.0000 -0.0000
1000.0000 -0.0000
1001.0000 -0.0000
1002.0000 -0.0000
1003.0000 -0.0000
1004.0000 -0.0000
1005.0000 -0.0000
1006.0000 -0.0000
1007.0000 -0.0000
1008.0000 -0.0000
1009.0000 -0.0000
1010.0000 -0.0000
1011.0000 -0.0000
1012.0000 -0.0000
1013.0000 -0.0000
1014.0000 -0.0000
1015.0000 -0.0000
1016.0000 -0.0000
1017.0000 -0.0000
1018.0000 -0.0000
1019.0000 -0.0000
1020.0000 -0.0000
1021.0000 -0.0000
1022.0000 -0.0000
1023.0000 -0.0000
1024.0000 -0.0000
1025.0000 -0.0000
1026.0000 -0.0000
1027.0000 -0.0000
1028.0000 -0.0000
1029.0000 -0.0000
1030.0000 -0.0000
1031.0000 -0.0000
1032.0000 -0.0000
1033.0000 -0.0000
1034.0000 -0.0000
1035.0000 -0.0000
1036.0000 -0.0000
1037.0000 -0.0000
1038.0000 -0.0000
1039.0000 -0.0000
1040.0000 -0.0000
1041.0000 -0.0000
1042.0000 -0.0000
1043.0000 -0.0000
1044.0000 -0.0000
1045.0000 -0.0000
1046.0000 -0.0000
1047.0000 -0.0000
1048.0000 -0.0000
1049.0000 -0.0000
1050.0000 -0.0000
1051.0000 -0.0000
1052.0000 -0.0000
1053.0000 -0.0000
1054.0000 -0.0000
1055.0000 -0.0000
1056.0000 -0.0000
1057.0000 -0.0000
1058.0000 -0.0000
1059.0000 -0.0000
1060.0000 -0.0000
1061.0000 -0.0000
1062.0000 -0.0000
1063.0000 -0.0000
1064.0000 -0.0000
1065.0000 -0.0000
1066.0000 -0.0000
1067.0000 -0.0000
1068.0000 -0.0000
1069.0000 -0.0000
1070.0000 -0.0000
1071.0000 -0.0000
1072.0000 -0.0000
1073.0000 -0.0000
1074.0000 -0.0000
1075.0000 -0.0000
1076.0000 -0.0000
1077.0000 -0.0000
1078.0000 -0.0000
1079.0000 -0.0000
1080.0000 -0.0000
1081.0000 -0.0000
1082.0000 -0.0000
1083.0000 -0.0000
1084.0000 -0.0000
1085.0000 -0.0000
1086.0000 -0.0000
1087.0000 -0.0000
1088.0000 -0.0000
1089.0000 -0.0000
1090.0000 -0.0000
1091.0000 -0.0000
1092.0000 -0.0000
1093.0000 -0.0000
1094.0000 -0.0000
1095.0000 -0.0000
1096.0000 -0.0000
1097.0000 -0.0000
1098.0000 -0.0000
1099.0000 -0.0000
1100.0000 -0.0000
