1.0000 0.0000
2.0000 0.0000
3.0000 0.0000
4.0000 0.0000
5.0000 0.0000
6.0000 0.0000
7.0000 0.0000
8.0000 0.0000
9.0000 0.0000
10.0000 2.2872
11.0000 2.9465
12.0000 2.8045
13.0000 2.3646
14.0000 1.8934
15.0000 1.5055
16.0000 1.2292
17.0000 1.0515
18.0000 0.9462
19.0000 0.8877
20.0000 0.8566
21.0000 0.8401
22.0000 0.8309
23.0000 0.8250
24.0000 0.8210
25.0000 0.8180
26.0000 0.8157
27.0000 0.8140
28.0000 0.8126
29.0000 0.8116
30.0000 0.8109
31.0000 0.8104
32.0000 0.8096
33.0000 0.8088
34.0000 0.8079
35.0000 0.8070
36.0000 0.8064
37.0000 0.8056
38.0000 0.8044
39.0000 0.8036
40.0000 0.8030
41.0000 0.8021
42.0000 0.8013
43.0000 0.8003
44.0000 0.7997
45.0000 0.7994
46.0000 0.7989
47.0000 0.7984
48.0000 0.7979
49.0000 0.7974
50.0000 0.7968
51.0000 0.7964
52.0000 0.7962
53.0000 0.7960
54.0000 0.7961
55.0000 0.7960
56.0000 0.7955
57.0000 0.7954
58.0000 0.7952
59.0000 0.7953
60.0000 0.7952
61.0000 0.7952
62.0000 0.7950
63.0000 0.7947
64.0000 0.7948
65.0000 0.7948
66.0000 0.7949
67.0000 0.7950
68.0000 0.7952
69.0000 0.7949
70.0000 0.7946
71.0000 0.7946
72.0000 0.7948
73.0000 0.7947
74.0000 0.7947
75.0000 0.7948
76.0000 0.7948
77.0000 0.7948
78.0000 0.7948
79.0000 0.7948
80.0000 0.7946
81.0000 0.7946
82.0000 0.7945
83.0000 0.7945
84.0000 0.7947
85.0000 0.7948
86.0000 0.7949
87.0000 0.7954
88.0000 0.7958
89.0000 0.7968
90.0000 0.7977
91.0000 0.7966
92.0000 0.7949
93.0000 0.7936
94.0000 0.7928
95.0000 0.7925
96.0000 0.7925
97.0000 0.7927
98.0000 0.7929
99.0000 0.7931
100.0000 0.7933
101.0000 0.7934
102.0000 0.7934
103.0000 0.7935
104.0000 0.7935
105.0000 0.7935
106.0000 0.7934
107.0000 0.7934
108.0000 0.7934
109.0000 0.7934
110.0000 0.7934
111.0000 0.7934
112.0000 0.7934
113.0000 0.7933
114.0000 0.7933
115.0000 0.7934
116.0000 0.7934
117.0000 0.7934
118.0000 0.7934
119.0000 0.7934
120.0000 0.7934
121.0000 0.7934
122.0000 0.7934
123.0000 0.7934
124.0000 0.7934
125.0000 0.7934
126.0000 0.7934
127.0000 0.7935
128.0000 0.7935
129.0000 0.7935
130.0000 0.7935
131.0000 0.7935
132.0000 0.7935
133.0000 0.7935
134.0000 0.7935
135.0000 0.7935
136.0000 0.7935
137.0000 0.7935
138.0000 0.7935
139.0000 0.7935
140.0000 0.7935
141.0000 0.7935
142.0000 0.7935
143.0000 0.7935
144.0000 0.7935
145.0000 0.7935
146.0000 0.7935
147.0000 0.7935
148.0000 0.7935
149.0000 0.7935
150.0000 0.7935
151.0000 0.7935
152.0000 0.7935
153.0000 0.7935
154.0000 0.7935
155.0000 0.7935
156.0000 0.7935
157.0000 0.7935
158.0000 0.7935
159.0000 0.7935
160.0000 0.7935
161.0000 0.7935
162.0000 0.7935
163.0000 0.7935
164.0000 0.7935
165.0000 0.7935
166.0000 0.7935
167.0000 0.7935
168.0000 0.7935
169.0000 0.7935
170.0000 0.7935
171.0000 0.7935
172.0000 0.7935
173.0000 0.7935
174.0000 0.7935
175.0000 0.7935
176.0000 0.7935
177.0000 0.7935
178.0000 0.7935
179.0000 0.7935
180.0000 0.7935
181.0000 0.7935
182.0000 0.7935
183.0000 0.7935
184.0000 0.7935
185.0000 0.7935
186.0000 0.7935
187.0000 0.7935
188.0000 0.7935
189.0000 0.7935
190.0000 0.7935
191.0000 0.7935
192.0000 0.7936
193.0000 0.7936
194.0000 0.7936
195.0000 0.7936
196.0000 0.7936
197.0000 0.7936
198.0000 0.7936
199.0000 0.7936
200.0000 -3.7808
201.0000 -5.0994
202.0000 -4.8155
203.0000 -3.9356
204.0000 -2.9933
205.0000 -2.2175
206.0000 -1.6648
207.0000 -1.3094
208.0000 -1.0988
209.0000 -0.9818
210.0000 -0.9196
211.0000 -0.8867
212.0000 -0.8682
213.0000 -0.8565
214.0000 -0.8484
215.0000 -0.8425
216.0000 -0.8379
217.0000 -0.8345
218.0000 -0.8317
219.0000 -0.8297
220.0000 -0.8283
221.0000 -0.8273
222.0000 -0.8257
223.0000 -0.8240
224.0000 -0.8221
225.0000 -0.8205
226.0000 -0.8192
227.0000 -0.8176
228.0000 -0.8153
229.0000 -0.8136
230.0000 -0.8124
231.0000 -0.8106
232.0000 -0.8091
233.0000 -0.8070
234.0000 -0.8059
235.0000 -0.8051
236.0000 -0.8042
237.0000 -0.8031
238.0000 -0.8023
239.0000 -0.8012
240.0000 -0.7999
241.0000 -0.7993
242.0000 -0.7989
243.0000 -0.7985
244.0000 -0.7985
245.0000 -0.7984
246.0000 -0.7973
247.0000 -0.7972
248.0000 -0.7968
249.0000 -0.7969
250.0000 -0.7969
251.0000 -0.7969
252.0000 -0.7964
253.0000 -0.7958
254.0000 -0.7959
255.0000 -0.7960
256.0000 -0.7963
257.0000 -0.7965
258.0000 -0.7968
259.0000 -0.7962
260.0000 -0.7957
261.0000 -0.7956
262.0000 -0.7959
263.0000 -0.7959
264.0000 -0.7959
265.0000 -0.7960
266.0000 -0.7961
267.0000 -0.7959
268.0000 -0.7959
269.0000 -0.7960
270.0000 -0.7957
271.0000 -0.7955
272.0000 -0.7953
273.0000 -0.7953
274.0000 -0.7959
275.0000 -0.7959
276.0000 -0.7962
277.0000 -0.7973
278.0000 -0.7980
279.0000 -0.7999
280.0000 -0.8019
281.0000 -0.7997
282.0000 -0.7963
283.0000 -0.7935
284.0000 -0.7920
285.0000 -0.7914
286.0000 -0.7914
287.0000 -0.7918
288.0000 -0.7922
289.0000 -0.7926
290.0000 -0.7929
291.0000 -0.7931
292.0000 -0.7933
293.0000 -0.7933
294.0000 -0.7934
295.0000 -0.7933
296.0000 -0.7933
297.0000 -0.7933
298.0000 -0.7932
299.0000 -0.7932
300.0000 -0.7932
301.0000 -0.7931
302.0000 -0.7931
303.0000 -0.7931
304.0000 -0.7931
305.0000 -0.7931
306.0000 -0.7931
307.0000 -0.7931
308.0000 -0.7932
309.0000 -0.7932
310.0000 -0.7932
311.0000 -0.7932
312.0000 -0.7932
313.0000 -0.7933
314.0000 -0.7933
315.0000 -0.7933
316.0000 -0.7933
317.0000 -0.7933
318.0000 -0.7933
319.0000 -0.7933
320.0000 -0.7933
321.0000 -0.7934
322.0000 -0.7934
323.0000 -0.7934
324.0000 -0.7934
325.0000 -0.7934
326.0000 -0.7934
327.0000 -0.7934
328.0000 -0.7934
329.0000 -0.7934
330.0000 -0.7934
331.0000 -0.7934
332.0000 -0.7934
333.0000 -0.7934
334.0000 -0.7934
335.0000 -0.7934
336.0000 -0.7934
337.0000 -0.7934
338.0000 -0.7934
339.0000 -0.7934
340.0000 -0.7934
341.0000 -0.7934
342.0000 -0.7934
343.0000 -0.7934
344.0000 -0.7934
345.0000 -0.7934
346.0000 -0.7934
347.0000 -0.7934
348.0000 -0.7934
349.0000 -0.7934
350.0000 -0.7935
351.0000 -0.7935
352.0000 -0.7935
353.0000 -0.7935
354.0000 -0.7935
355.0000 -0.7935
356.0000 -0.7935
357.0000 -0.7935
358.0000 -0.7935
359.0000 -0.7935
360.0000 -0.7935
361.0000 -0.7935
362.0000 -0.7935
363.0000 -0.7935
364.0000 -0.7935
365.0000 -0.7935
366.0000 -0.7935
367.0000 -0.7935
368.0000 -0.7935
369.0000 -0.7935
370.0000 -0.7935
371.0000 -0.7935
372.0000 -0.7935
373.0000 -0.7935
374.0000 -0.7935
375.0000 -0.7935
376.0000 -0.7935
377.0000 -0.7935
378.0000 -0.7935
379.0000 -0.7935
380.0000 -0.7935
381.0000 -0.7935
382.0000 -0.7935
383.0000 -0.7935
384.0000 -0.7935
385.0000 -0.7935
386.0000 -0.7935
387.0000 -0.7935
388.0000 -0.7935
389.0000 -0.7935
390.0000 -0.7935
391.0000 -0.7935
392.0000 -0.7935
393.0000 -0.7935
394.0000 -0.7935
395.0000 -0.7935
396.0000 -0.7935
397.0000 -0.7935
398.0000 -0.7935
399.0000 -0.7935
400.0000 -0.7935
401.0000 -0.7935
402.0000 -0.7935
403.0000 -0.7935
404.0000 -0.7935
405.0000 -0.7935
406.0000 -0.7935
407.0000 -0.7935
408.0000 -0.7936
409.0000 -0.7936
410.0000 -0.7936
411.0000 -0.7936
412.0000 -0.7936
413.0000 -0.7936
414.0000 -0.7936
415.0000 -0.7936
416.0000 -0.7936
417.0000 -0.7936
418.0000 -0.7936
419.0000 -0.7936
420.0000 -0.7936
421.0000 -0.7936
422.0000 -0.7936
423.0000 -0.7936
424.0000 -0.7936
425.0000 -0.7936
426.0000 -0.7936
427.0000 -0.7936
428.0000 -0.7936
429.0000 -0.7936
430.0000 -0.7936
431.0000 -0.7936
432.0000 -0.7936
433.0000 -0.7936
434.0000 -0.7936
435.0000 -0.7936
436.0000 -0.7936
437.0000 -0.7936
438.0000 -0.7936
439.0000 -0.7936
440.0000 -0.7936
441.0000 -0.7936
442.0000 -0.7936
443.0000 -0.7936
444.0000 -0.7936
445.0000 -0.7936
446.0000 -0.7936
447.0000 -0.7936
448.0000 -0.7936
449.0000 -0.7936
450.0000 -0.7936
451.0000 -0.7936
452.0000 -0.7936
453.0000 -0.7936
454.0000 -0.7936
455.0000 -0.7936
456.0000 -0.7936
457.0000 -0.7936
458.0000 -0.7936
459.0000 -0.7936
460.0000 -0.7936
461.0000 -0.7936
462.0000 -0.7936
463.0000 -0.7936
464.0000 -0.7936
465.0000 -0.7936
466.0000 -0.7936
467.0000 -0.7936
468.0000 -0.7936
469.0000 -0.7936
470.0000 -0.7936
471.0000 -0.7936
472.0000 -0.7936
473.0000 -0.7936
474.0000 -0.7936
475.0000 -0.7936
476.0000 -0.7936
477.0000 -0.7936
478.0000 -0.7936
479.0000 -0.7936
480.0000 -0.7936
481.0000 -0.7936
482.0000 -0.7936
483.0000 -0.7936
484.0000 -0.7936
485.0000 -0.7936
486.0000 -0.7936
487.0000 -0.7936
488.0000 -0.7936
489.0000 -0.7936
490.0000 -0.7936
491.0000 -0.7936
492.0000 -0.7936
493.0000 -0.7936
494.0000 -0.7936
495.0000 -0.7936
496.0000 -0.7936
497.0000 -0.7936
498.0000 -0.7936
499.0000 -0.7936
500.0000 3.2090
501.0000 4.3627
502.0000 4.1143
503.0000 3.3445
504.0000 2.5199
505.0000 1.8411
506.0000 1.3575
507.0000 1.0465
508.0000 0.8622
509.0000 0.7599
510.0000 0.7054
511.0000 0.6766
512.0000 0.6604
513.0000 0.6503
514.0000 0.6432
515.0000 0.6379
516.0000 0.6340
517.0000 0.6310
518.0000 0.6285
519.0000 0.6267
520.0000 0.6255
521.0000 0.6247
522.0000 0.6233
523.0000 0.6218
524.0000 0.6202
525.0000 0.6187
526.0000 0.6176
527.0000 0.6162
528.0000 0.6141
529.0000 0.6127
530.0000 0.6116
531.0000 0.6100
532.0000 0.6087
533.0000 0.6069
534.0000 0.6060
535.0000 0.6053
536.0000 0.6045
537.0000 0.6035
538.0000 0.6028
539.0000 0.6019
540.0000 0.6007
541.0000 0.6001
542.0000 0.5998
543.0000 0.5995
544.0000 0.5995
545.0000 0.5994
546.0000 0.5985
547.0000 0.5983
548.0000 0.5980
549.0000 0.5981
550.0000 0.5981
551.0000 0.5980
552.0000 0.5977
553.0000 0.5971
554.0000 0.5972
555.0000 0.5973
556.0000 0.5976
557.0000 0.5977
558.0000 0.5980
559.0000 0.5975
560.0000 0.5970
561.0000 0.5969
562.0000 0.5973
563.0000 0.5972
564.0000 0.5972
565.0000 0.5973
566.0000 0.5974
567.0000 0.5972
568.0000 0.5972
569.0000 0.5973
570.0000 0.5970
571.0000 0.5969
572.0000 0.5967
573.0000 0.5967
574.0000 0.5972
575.0000 0.5972
576.0000 0.5975
577.0000 0.5984
578.0000 0.5991
579.0000 0.6007
580.0000 0.6024
581.0000 0.6005
582.0000 0.5975
583.0000 0.5951
584.0000 0.5938
585.0000 0.5932
586.0000 0.5933
587.0000 0.5936
588.0000 0.5940
589.0000 0.5943
590.0000 0.5946
591.0000 0.5948
592.0000 0.5949
593.0000 0.5950
594.0000 0.5950
595.0000 0.5950
596.0000 0.5950
597.0000 0.5949
598.0000 0.5949
599.0000 0.5948
600.0000 0.5948
601.0000 0.5948
602.0000 0.5948
603.0000 0.5948
604.0000 0.5948
605.0000 0.5948
606.0000 0.5948
607.0000 0.5948
608.0000 0.5948
609.0000 0.5948
610.0000 0.5949
611.0000 0.5949
612.0000 0.5949
613.0000 0.5949
614.0000 0.5949
615.0000 0.5949
616.0000 0.5949
617.0000 0.5950
618.0000 0.5950
619.0000 0.5950
620.0000 0.5950
621.0000 0.5950
622.0000 0.5950
623.0000 0.5950
624.0000 0.5950
625.0000 0.5950
626.0000 0.5950
627.0000 0.5950
628.0000 0.5950
629.0000 0.5950
630.0000 0.5950
631.0000 0.5950
632.0000 0.5950
633.0000 0.5950
634.0000 0.5950
635.0000 0.5950
636.0000 0.5950
637.0000 0.5950
638.0000 0.5950
639.0000 0.5950
640.0000 0.5950
641.0000 0.5950
642.0000 0.5950
643.0000 0.5950
644.0000 0.5950
645.0000 0.5951
646.0000 0.5951
647.0000 0.5951
648.0000 0.5951
649.0000 0.5951
650.0000 0.5951
651.0000 0.5951
652.0000 0.5951
653.0000 0.5951
654.0000 0.5951
655.0000 0.5951
656.0000 0.5951
657.0000 0.5951
658.0000 0.5951
659.0000 0.5951
660.0000 0.5951
661.0000 0.5951
662.0000 0.5951
663.0000 0.5951
664.0000 0.5951
665.0000 0.5951
666.0000 0.5951
667.0000 0.5951
668.0000 0.5951
669.0000 0.5951
670.0000 0.5951
671.0000 0.5951
672.0000 0.5951
673.0000 0.5951
674.0000 0.5951
675.0000 0.5951
676.0000 0.5951
677.0000 0.5951
678.0000 0.5951
679.0000 0.5951
680.0000 0.5951
681.0000 0.5951
682.0000 0.5951
683.0000 0.5951
684.0000 0.5951
685.0000 0.5951
686.0000 0.5951
687.0000 0.5951
688.0000 0.5951
689.0000 0.5951
690.0000 0.5951
691.0000 0.5951
692.0000 0.5951
693.0000 0.5951
694.0000 0.5951
695.0000 0.5951
696.0000 0.5951
697.0000 0.5951
698.0000 0.5951
699.0000 0.5951
700.0000 0.5952
701.0000 0.5952
702.0000 0.5952
703.0000 0.5952
704.0000 0.5952
705.0000 0.5952
706.0000 0.5952
707.0000 0.5952
708.0000 0.5952
709.0000 0.5952
710.0000 0.5952
711.0000 0.5952
712.0000 0.5952
713.0000 0.5952
714.0000 0.5952
715.0000 0.5952
716.0000 0.5952
717.0000 0.5952
718.0000 0.5952
719.0000 0.5952
720.0000 0.5952
721.0000 0.5952
722.0000 0.5952
723.0000 0.5952
724.0000 0.5952
725.0000 0.5952
726.0000 0.5952
727.0000 0.5952
728.0000 0.5952
729.0000 0.5952
730.0000 0.5952
731.0000 0.5952
732.0000 0.5952
733.0000 0.5952
734.0000 0.5952
735.0000 0.5952
736.0000 0.5952
737.0000 0.5952
738.0000 0.5952
739.0000 0.5952
740.0000 0.5952
741.0000 0.5952
742.0000 0.5952
743.0000 0.5952
744.0000 0.5952
745.0000 0.5952
746.0000 0.5952
747.0000 0.5952
748.0000 0.5952
749.0000 0.5952
750.0000 0.5952
751.0000 0.5952
752.0000 0.5952
753.0000 0.5952
754.0000 0.5952
755.0000 0.5952
756.0000 0.5952
757.0000 0.5952
758.0000 0.5952
759.0000 0.5952
760.0000 0.5952
761.0000 0.5952
762.0000 0.5952
763.0000 0.5952
764.0000 0.5952
765.0000 0.5952
766.0000 0.5952
767.0000 0.5952
768.0000 0.5952
769.0000 0.5952
770.0000 0.5952
771.0000 0.5952
772.0000 0.5952
773.0000 0.5952
774.0000 0.5952
775.0000 0.5952
776.0000 0.5952
777.0000 0.5952
778.0000 0.5952
779.0000 0.5952
780.0000 0.5952
781.0000 0.5952
782.0000 0.5952
783.0000 0.5952
784.0000 0.5952
785.0000 0.5952
786.0000 0.5952
787.0000 0.5952
788.0000 0.5952
789.0000 0.5952
790.0000 0.5952
791.0000 0.5952
792.0000 0.5952
793.0000 0.5952
794.0000 0.5952
795.0000 0.5952
796.0000 0.5952
797.0000 0.5952
798.0000 0.5952
799.0000 0.5952
800.0000 -1.1202
801.0000 -1.6147
802.0000 -1.5082
803.0000 -1.1783
804.0000 -0.8249
805.0000 -0.5340
806.0000 -0.3267
807.0000 -0.1934
808.0000 -0.1144
809.0000 -0.0706
810.0000 -0.0472
811.0000 -0.0349
812.0000 -0.0280
813.0000 -0.0236
814.0000 -0.0206
815.0000 -0.0183
816.0000 -0.0166
817.0000 -0.0153
818.0000 -0.0143
819.0000 -0.0135
820.0000 -0.0130
821.0000 -0.0126
822.0000 -0.0120
823.0000 -0.0114
824.0000 -0.0107
825.0000 -0.0101
826.0000 -0.0096
827.0000 -0.0090
828.0000 -0.0081
829.0000 -0.0075
830.0000 -0.0070
831.0000 -0.0064
832.0000 -0.0058
833.0000 -0.0050
834.0000 -0.0046
835.0000 -0.0043
836.0000 -0.0040
837.0000 -0.0036
838.0000 -0.0033
839.0000 -0.0029
840.0000 -0.0024
841.0000 -0.0021
842.0000 -0.0020
843.0000 -0.0018
844.0000 -0.0019
845.0000 -0.0018
846.0000 -0.0014
847.0000 -0.0013
848.0000 -0.0012
849.0000 -0.0013
850.0000 -0.0012
851.0000 -0.0012
852.0000 -0.0011
853.0000 -0.0008
854.0000 -0.0009
855.0000 -0.0009
856.0000 -0.0010
857.0000 -0.0011
858.0000 -0.0012
859.0000 -0.0010
860.0000 -0.0008
861.0000 -0.0007
862.0000 -0.0009
863.0000 -0.0009
864.0000 -0.0009
865.0000 -0.0009
866.0000 -0.0009
867.0000 -0.0009
868.0000 -0.0009
869.0000 -0.0009
870.0000 -0.0008
871.0000 -0.0007
872.0000 -0.0007
873.0000 -0.0007
874.0000 -0.0009
875.0000 -0.0009
876.0000 -0.0010
877.0000 -0.0014
878.0000 -0.0017
879.0000 -0.0024
880.0000 -0.0031
881.0000 -0.0023
882.0000 -0.0010
883.0000 0.0000
884.0000 0.0006
885.0000 0.0008
886.0000 0.0008
887.0000 0.0007
888.0000 0.0005
889.0000 0.0004
890.0000 0.0002
891.0000 0.0002
892.0000 0.0001
893.0000 0.0001
894.0000 0.0001
895.0000 0.0001
896.0000 0.0001
897.0000 0.0001
898.0000 0.0001
899.0000 0.0001
900.0000 0.0002
901.0000 0.0002
902.0000 0.0002
903.0000 0.0002
904.0000 0.0002
905.0000 0.0002
906.0000 0.0002
907.0000 0.0002
908.0000 0.0002
909.0000 0.0002
910.0000 0.0001
911.0000 0.0001
912.0000 0.0001
913.0000 0.0001
914.0000 0.0001
915.0000 0.0001
916.0000 0.0001
917.0000 0.0001
918.0000 0.0001
919.0000 0.0001
920.0000 0.0001
921.0000 0.0001
922.0000 0.0001
923.0000 0.0001
924.0000 0.0001
925.0000 0.0001
926.0000 0.0001
927.0000 0.0001
928.0000 0.0001
929.0000 0.0001
930.0000 0.0001
931.0000 0.0001
932.0000 0.0001
933.0000 0.0001
934.0000 0.0001
935.0000 0.0001
936.0000 0.0001
937.0000 0.0001
938.0000 0.0001
939.0000 0.0001
940.0000 0.0001
941.0000 0.0001
942.0000 0.0001
943.0000 0.0001
944.0000 0.0001
945.0000 0.0001
946.0000 0.0001
947.0000 0.0001
948.0000 0.0001
949.0000 0.0001
950.0000 0.0000
951.0000 0.0000
952.0000 0.0000
953.0000 0.0000
954.0000 0.0000
955.0000 0.0000
956.0000 0.0000
957.0000 0.0000
958.0000 0.0000
959.0000 0.0000
960.0000 0.0000
961.0000 0.0000
962.0000 0.0000
963.0000 0.0000
964.0000 0.0000
965.0000 0.0000
966.0000 0.0000
967.0000 0.0000
968.0000 0.0000
969.0000 0.0000
970.0000 0.0000
971.0000 0.0000
972.0000 0.0000
973.0000 0.0000
974.0000 0.0000
975.0000 0.0000
976.0000 0.0000
977.0000 0.0000
978.0000 0.0000
979.0000 0.0000
980.0000 0.0000
981.0000 0.0000
982.0000 0.0000
983.0000 0.0000
984.0000 0.0000
985.0000 0.0000
986.0000 0.0000
987.0000 0.0000
988.0000 0.0000
989.0000 0.0000
990.0000 0.0000
991.0000 0.0000
992.0000 0.0000
993.0000 0.0000
994.0000 0.0000
995.0000 0.0000
996.0000 0.0000
997.0000 0.0000
998.0000 0.0000
999.0000 0.0000
1000.0000 0.0000
1001.0000 0.0000
1002.0000 0.0000
1003.0000 0.0000
1004.0000 0.0000
1005.0000 0.0000
1006.0000 0.0000
1007.0000 0.0000
1008.0000 0.0000
1009.0000 0.0000
1010.0000 0.0000
1011.0000 0.0000
1012.0000 0.0000
1013.0000 0.0000
1014.0000 0.0000
1015.0000 0.0000
1016.0000 0.0000
1017.0000 0.0000
1018.0000 0.0000
1019.0000 0.0000
1020.0000 0.0000
1021.0000 0.0000
1022.0000 0.0000
1023.0000 0.0000
1024.0000 0.0000
1025.0000 0.0000
1026.0000 0.0000
1027.0000 0.0000
1028.0000 0.0000
1029.0000 0.0000
1030.0000 0.0000
1031.0000 0.0000
1032.0000 0.0000
1033.0000 0.0000
1034.0000 0.0000
1035.0000 0.0000
1036.0000 0.0000
1037.0000 0.0000
1038.0000 0.0000
1039.0000 0.0000
1040.0000 0.0000
1041.0000 0.0000
1042.0000 0.0000
1043.0000 0.0000
1044.0000 0.0000
1045.0000 0.0000
1046.0000 0.0000
1047.0000 0.0000
1048.0000 0.0000
1049.0000 0.0000
1050.0000 0.0000
1051.0000 0.0000
1052.0000 0.0000
1053.0000 0.0000
1054.0000 0.0000
1055.0000 0.0000
1056.0000 0.0000
1057.0000 0.0000
1058.0000 0.0000
1059.0000 0.0000
1060.0000 0.0000
1061.0000 0.0000
1062.0000 0.0000
1063.0000 0.0000
1064.0000 0.0000
1065.0000 0.0000
1066.0000 0.0000
1067.0000 0.0000
1068.0000 0.0000
1069.0000 0.0000
1070.0000 0.0000
1071.0000 0.0000
1072.0000 0.0000
1073.0000 0.0000
1074.0000 0.0000
1075.0000 0.0000
1076.0000 0.0000
1077.0000 0.0000
1078.0000 0.0000
1079.0000 0.0000
1080.0000 0.0000
1081.0000 0.0000
1082.0000 0.0000
1083.0000 0.0000
1084.0000 0.0000
1085.0000 0.0000
1086.0000 0.0000
1087.0000 0.0000
1088.0000 0.0000
1089.0000 0.0000
1090.0000 0.0000
1091.0000 0.0000
1092.0000 0.0000
1093.0000 0.0000
1094.0000 0.0000
1095.0000 0.0000
1096.0000 0.0000
1097.0000 0.0000
1098.0000 0.0000
1099.0000 0.0000
1100.0000 0.0000
