1.0000 0.0000
2.0000 0.0000
3.0000 0.0000
4.0000 0.0000
5.0000 0.0000
6.0000 0.0000
7.0000 0.0000
8.0000 0.0000
9.0000 0.0000
10.0000 1.0204
11.0000 0.9968
12.0000 0.6718
13.0000 0.3807
14.0000 0.2106
15.0000 0.1433
16.0000 0.1362
17.0000 0.1547
18.0000 0.1782
19.0000 0.1971
20.0000 0.2085
21.0000 0.2127
22.0000 0.2110
23.0000 0.2053
24.0000 0.1970
25.0000 0.1874
26.0000 0.1777
27.0000 0.1685
28.0000 0.1601
29.0000 0.1527
30.0000 0.1465
31.0000 0.1415
32.0000 0.1374
33.0000 0.1343
34.0000 0.1320
35.0000 0.1302
36.0000 0.1290
37.0000 0.1282
38.0000 0.1277
39.0000 0.1274
40.0000 0.1274
41.0000 0.1275
42.0000 0.1277
43.0000 0.1279
44.0000 0.1282
45.0000 0.1284
46.0000 0.1287
47.0000 0.1290
48.0000 0.1294
49.0000 0.1296
50.0000 0.1298
51.0000 0.1300
52.0000 0.1303
53.0000 0.1304
54.0000 0.1306
55.0000 0.1307
56.0000 0.1309
57.0000 0.1310
58.0000 0.1312
59.0000 0.1314
60.0000 0.1316
61.0000 0.1316
62.0000 0.1317
63.0000 0.1319
64.0000 0.1320
65.0000 0.1321
66.0000 0.1322
67.0000 0.1324
68.0000 0.1325
69.0000 0.1327
70.0000 0.1328
71.0000 0.1329
72.0000 0.1329
73.0000 0.1331
74.0000 0.1333
75.0000 0.1335
76.0000 0.1335
77.0000 0.1336
78.0000 0.1336
79.0000 0.1336
80.0000 0.1337
81.0000 0.1337
82.0000 0.1337
83.0000 0.1338
84.0000 0.1338
85.0000 0.1337
86.0000 0.1336
87.0000 0.1335
88.0000 0.1334
89.0000 0.1334
90.0000 0.1333
91.0000 0.1334
92.0000 0.1336
93.0000 0.1340
94.0000 0.1346
95.0000 0.1351
96.0000 0.1356
97.0000 0.1359
98.0000 0.1362
99.0000 0.1364
100.0000 0.1366
101.0000 0.1367
102.0000 0.1369
103.0000 0.1370
104.0000 0.1372
105.0000 0.1374
106.0000 0.1375
107.0000 0.1377
108.0000 0.1379
109.0000 0.1381
110.0000 0.1382
111.0000 0.1384
112.0000 0.1385
113.0000 0.1386
114.0000 0.1387
115.0000 0.1388
116.0000 0.1389
117.0000 0.1390
118.0000 0.1390
119.0000 0.1390
120.0000 0.1391
121.0000 0.1391
122.0000 0.1391
123.0000 0.1391
124.0000 0.1391
125.0000 0.1391
126.0000 0.1391
127.0000 0.1391
128.0000 0.1390
129.0000 0.1390
130.0000 0.1390
131.0000 0.1390
132.0000 0.1390
133.0000 0.1389
134.0000 0.1389
135.0000 0.1389
136.0000 0.1389
137.0000 0.1389
138.0000 0.1388
139.0000 0.1388
140.0000 0.1388
141.0000 0.1388
142.0000 0.1388
143.0000 0.1387
144.0000 0.1387
145.0000 0.1387
146.0000 0.1387
147.0000 0.1387
148.0000 0.1387
149.0000 0.1387
150.0000 0.1386
151.0000 0.1386
152.0000 0.1386
153.0000 0.1386
154.0000 0.1386
155.0000 0.1386
156.0000 0.1386
157.0000 0.1386
158.0000 0.1386
159.0000 0.1386
160.0000 0.1386
161.0000 0.1386
162.0000 0.1386
163.0000 0.1386
164.0000 0.1386
165.0000 0.1385
166.0000 0.1385
167.0000 0.1385
168.0000 0.1385
169.0000 0.1385
170.0000 0.1385
171.0000 0.1385
172.0000 0.1385
173.0000 0.1385
174.0000 0.1385
175.0000 0.1385
176.0000 0.1385
177.0000 0.1385
178.0000 0.1385
179.0000 0.1385
180.0000 0.1385
181.0000 0.1385
182.0000 0.1385
183.0000 0.1385
184.0000 0.1385
185.0000 0.1385
186.0000 0.1386
187.0000 0.1386
188.0000 0.1386
189.0000 0.1386
190.0000 0.1386
191.0000 0.1386
192.0000 0.1386
193.0000 0.1386
194.0000 0.1386
195.0000 0.1386
196.0000 0.1386
197.0000 0.1386
198.0000 0.1386
199.0000 0.1386
200.0000 -1.9022
201.0000 -1.8551
202.0000 -1.2051
203.0000 -0.6228
204.0000 -0.2825
205.0000 -0.1479
206.0000 -0.1337
207.0000 -0.1708
208.0000 -0.2177
209.0000 -0.2556
210.0000 -0.2784
211.0000 -0.2867
212.0000 -0.2835
213.0000 -0.2720
214.0000 -0.2553
215.0000 -0.2362
216.0000 -0.2168
217.0000 -0.1984
218.0000 -0.1816
219.0000 -0.1668
220.0000 -0.1543
221.0000 -0.1443
222.0000 -0.1362
223.0000 -0.1300
224.0000 -0.1253
225.0000 -0.1217
226.0000 -0.1194
227.0000 -0.1177
228.0000 -0.1167
229.0000 -0.1162
230.0000 -0.1161
231.0000 -0.1164
232.0000 -0.1168
233.0000 -0.1172
234.0000 -0.1177
235.0000 -0.1182
236.0000 -0.1188
237.0000 -0.1194
238.0000 -0.1200
239.0000 -0.1205
240.0000 -0.1209
241.0000 -0.1214
242.0000 -0.1219
243.0000 -0.1221
244.0000 -0.1225
245.0000 -0.1228
246.0000 -0.1230
247.0000 -0.1234
248.0000 -0.1237
249.0000 -0.1241
250.0000 -0.1244
251.0000 -0.1246
252.0000 -0.1247
253.0000 -0.1251
254.0000 -0.1254
255.0000 -0.1256
256.0000 -0.1258
257.0000 -0.1261
258.0000 -0.1263
259.0000 -0.1267
260.0000 -0.1270
261.0000 -0.1271
262.0000 -0.1272
263.0000 -0.1274
264.0000 -0.1278
265.0000 -0.1282
266.0000 -0.1283
267.0000 -0.1284
268.0000 -0.1285
269.0000 -0.1285
270.0000 -0.1286
271.0000 -0.1288
272.0000 -0.1287
273.0000 -0.1289
274.0000 -0.1289
275.0000 -0.1288
276.0000 -0.1286
277.0000 -0.1284
278.0000 -0.1281
279.0000 -0.1281
280.0000 -0.1280
281.0000 -0.1280
282.0000 -0.1285
283.0000 -0.1294
284.0000 -0.1304
285.0000 -0.1315
286.0000 -0.1324
287.0000 -0.1332
288.0000 -0.1337
289.0000 -0.1341
290.0000 -0.1344
291.0000 -0.1347
292.0000 -0.1350
293.0000 -0.1353
294.0000 -0.1357
295.0000 -0.1360
296.0000 -0.1364
297.0000 -0.1368
298.0000 -0.1371
299.0000 -0.1375
300.0000 -0.1378
301.0000 -0.1381
302.0000 -0.1383
303.0000 -0.1386
304.0000 -0.1388
305.0000 -0.1390
306.0000 -0.1391
307.0000 -0.1392
308.0000 -0.1393
309.0000 -0.1394
310.0000 -0.1394
311.0000 -0.1395
312.0000 -0.1395
313.0000 -0.1395
314.0000 -0.1395
315.0000 -0.1395
316.0000 -0.1394
317.0000 -0.1394
318.0000 -0.1394
319.0000 -0.1394
320.0000 -0.1393
321.0000 -0.1393
322.0000 -0.1392
323.0000 -0.1392
324.0000 -0.1391
325.0000 -0.1391
326.0000 -0.1391
327.0000 -0.1390
328.0000 -0.1390
329.0000 -0.1389
330.0000 -0.1389
331.0000 -0.1389
332.0000 -0.1388
333.0000 -0.1388
334.0000 -0.1388
335.0000 -0.1387
336.0000 -0.1387
337.0000 -0.1387
338.0000 -0.1386
339.0000 -0.1386
340.0000 -0.1386
341.0000 -0.1386
342.0000 -0.1385
343.0000 -0.1385
344.0000 -0.1385
345.0000 -0.1385
346.0000 -0.1385
347.0000 -0.1385
348.0000 -0.1385
349.0000 -0.1384
350.0000 -0.1384
351.0000 -0.1384
352.0000 -0.1384
353.0000 -0.1384
354.0000 -0.1384
355.0000 -0.1384
356.0000 -0.1384
357.0000 -0.1384
358.0000 -0.1384
359.0000 -0.1384
360.0000 -0.1384
361.0000 -0.1384
362.0000 -0.1384
363.0000 -0.1384
364.0000 -0.1384
365.0000 -0.1384
366.0000 -0.1384
367.0000 -0.1384
368.0000 -0.1384
369.0000 -0.1384
370.0000 -0.1384
371.0000 -0.1384
372.0000 -0.1384
373.0000 -0.1384
374.0000 -0.1384
375.0000 -0.1384
376.0000 -0.1384
377.0000 -0.1384
378.0000 -0.1384
379.0000 -0.1384
380.0000 -0.1384
381.0000 -0.1384
382.0000 -0.1384
383.0000 -0.1384
384.0000 -0.1384
385.0000 -0.1385
386.0000 -0.1385
387.0000 -0.1385
388.0000 -0.1385
389.0000 -0.1385
390.0000 -0.1385
391.0000 -0.1385
392.0000 -0.1385
393.0000 -0.1385
394.0000 -0.1385
395.0000 -0.1385
396.0000 -0.1385
397.0000 -0.1385
398.0000 -0.1385
399.0000 -0.1385
400.0000 -0.1386
401.0000 -0.1386
402.0000 -0.1386
403.0000 -0.1386
404.0000 -0.1386
405.0000 -0.1386
406.0000 -0.1386
407.0000 -0.1386
408.0000 -0.1386
409.0000 -0.1386
410.0000 -0.1386
411.0000 -0.1386
412.0000 -0.1386
413.0000 -0.1386
414.0000 -0.1386
415.0000 -0.1386
416.0000 -0.1386
417.0000 -0.1386
418.0000 -0.1386
419.0000 -0.1386
420.0000 -0.1386
421.0000 -0.1386
422.0000 -0.1386
423.0000 -0.1386
424.0000 -0.1386
425.0000 -0.1386
426.0000 -0.1387
427.0000 -0.1387
428.0000 -0.1387
429.0000 -0.1387
430.0000 -0.1387
431.0000 -0.1387
432.0000 -0.1387
433.0000 -0.1387
434.0000 -0.1387
435.0000 -0.1387
436.0000 -0.1387
437.0000 -0.1387
438.0000 -0.1387
439.0000 -0.1387
440.0000 -0.1387
441.0000 -0.1387
442.0000 -0.1387
443.0000 -0.1387
444.0000 -0.1387
445.0000 -0.1387
446.0000 -0.1387
447.0000 -0.1387
448.0000 -0.1387
449.0000 -0.1387
450.0000 -0.1387
451.0000 -0.1387
452.0000 -0.1387
453.0000 -0.1387
454.0000 -0.1387
455.0000 -0.1387
456.0000 -0.1387
457.0000 -0.1387
458.0000 -0.1387
459.0000 -0.1387
460.0000 -0.1387
461.0000 -0.1387
462.0000 -0.1387
463.0000 -0.1387
464.0000 -0.1387
465.0000 -0.1387
466.0000 -0.1387
467.0000 -0.1387
468.0000 -0.1387
469.0000 -0.1387
470.0000 -0.1387
471.0000 -0.1387
472.0000 -0.1387
473.0000 -0.1387
474.0000 -0.1387
475.0000 -0.1387
476.0000 -0.1387
477.0000 -0.1387
478.0000 -0.1387
479.0000 -0.1387
480.0000 -0.1387
481.0000 -0.1387
482.0000 -0.1387
483.0000 -0.1387
484.0000 -0.1387
485.0000 -0.1387
486.0000 -0.1387
487.0000 -0.1387
488.0000 -0.1387
489.0000 -0.1387
490.0000 -0.1387
491.0000 -0.1387
492.0000 -0.1387
493.0000 -0.1387
494.0000 -0.1387
495.0000 -0.1387
496.0000 -0.1387
497.0000 -0.1387
498.0000 -0.1387
499.0000 -0.1387
500.0000 1.6470
501.0000 1.6058
502.0000 1.0370
503.0000 0.5276
504.0000 0.2298
505.0000 0.1120
506.0000 0.0996
507.0000 0.1320
508.0000 0.1731
509.0000 0.2063
510.0000 0.2262
511.0000 0.2335
512.0000 0.2306
513.0000 0.2206
514.0000 0.2060
515.0000 0.1893
516.0000 0.1723
517.0000 0.1562
518.0000 0.1415
519.0000 0.1285
520.0000 0.1177
521.0000 0.1089
522.0000 0.1018
523.0000 0.0964
524.0000 0.0922
525.0000 0.0891
526.0000 0.0871
527.0000 0.0856
528.0000 0.0847
529.0000 0.0843
530.0000 0.0842
531.0000 0.0845
532.0000 0.0848
533.0000 0.0852
534.0000 0.0856
535.0000 0.0861
536.0000 0.0866
537.0000 0.0871
538.0000 0.0877
539.0000 0.0880
540.0000 0.0885
541.0000 0.0889
542.0000 0.0893
543.0000 0.0895
544.0000 0.0899
545.0000 0.0901
546.0000 0.0903
547.0000 0.0906
548.0000 0.0909
549.0000 0.0912
550.0000 0.0915
551.0000 0.0917
552.0000 0.0918
553.0000 0.0921
554.0000 0.0924
555.0000 0.0925
556.0000 0.0927
557.0000 0.0930
558.0000 0.0932
559.0000 0.0935
560.0000 0.0937
561.0000 0.0939
562.0000 0.0940
563.0000 0.0941
564.0000 0.0945
565.0000 0.0948
566.0000 0.0949
567.0000 0.0950
568.0000 0.0951
569.0000 0.0951
570.0000 0.0952
571.0000 0.0953
572.0000 0.0953
573.0000 0.0954
574.0000 0.0954
575.0000 0.0953
576.0000 0.0952
577.0000 0.0950
578.0000 0.0948
579.0000 0.0948
580.0000 0.0947
581.0000 0.0947
582.0000 0.0951
583.0000 0.0959
584.0000 0.0968
585.0000 0.0977
586.0000 0.0985
587.0000 0.0992
588.0000 0.0996
589.0000 0.1000
590.0000 0.1003
591.0000 0.1006
592.0000 0.1008
593.0000 0.1011
594.0000 0.1014
595.0000 0.1017
596.0000 0.1020
597.0000 0.1023
598.0000 0.1026
599.0000 0.1029
600.0000 0.1032
601.0000 0.1035
602.0000 0.1037
603.0000 0.1039
604.0000 0.1041
605.0000 0.1043
606.0000 0.1044
607.0000 0.1045
608.0000 0.1046
609.0000 0.1046
610.0000 0.1047
611.0000 0.1047
612.0000 0.1047
613.0000 0.1047
614.0000 0.1047
615.0000 0.1047
616.0000 0.1047
617.0000 0.1047
618.0000 0.1046
619.0000 0.1046
620.0000 0.1046
621.0000 0.1045
622.0000 0.1045
623.0000 0.1045
624.0000 0.1044
625.0000 0.1044
626.0000 0.1043
627.0000 0.1043
628.0000 0.1043
629.0000 0.1042
630.0000 0.1042
631.0000 0.1042
632.0000 0.1041
633.0000 0.1041
634.0000 0.1041
635.0000 0.1040
636.0000 0.1040
637.0000 0.1040
638.0000 0.1040
639.0000 0.1039
640.0000 0.1039
641.0000 0.1039
642.0000 0.1039
643.0000 0.1039
644.0000 0.1039
645.0000 0.1038
646.0000 0.1038
647.0000 0.1038
648.0000 0.1038
649.0000 0.1038
650.0000 0.1038
651.0000 0.1038
652.0000 0.1038
653.0000 0.1038
654.0000 0.1038
655.0000 0.1038
656.0000 0.1038
657.0000 0.1038
658.0000 0.1038
659.0000 0.1038
660.0000 0.1038
661.0000 0.1038
662.0000 0.1038
663.0000 0.1038
664.0000 0.1038
665.0000 0.1038
666.0000 0.1038
667.0000 0.1038
668.0000 0.1038
669.0000 0.1038
670.0000 0.1038
671.0000 0.1038
672.0000 0.1038
673.0000 0.1038
674.0000 0.1038
675.0000 0.1038
676.0000 0.1038
677.0000 0.1038
678.0000 0.1038
679.0000 0.1038
680.0000 0.1038
681.0000 0.1038
682.0000 0.1038
683.0000 0.1038
684.0000 0.1038
685.0000 0.1038
686.0000 0.1038
687.0000 0.1038
688.0000 0.1038
689.0000 0.1038
690.0000 0.1038
691.0000 0.1038
692.0000 0.1039
693.0000 0.1039
694.0000 0.1039
695.0000 0.1039
696.0000 0.1039
697.0000 0.1039
698.0000 0.1039
699.0000 0.1039
700.0000 0.1039
701.0000 0.1039
702.0000 0.1039
703.0000 0.1039
704.0000 0.1039
705.0000 0.1039
706.0000 0.1039
707.0000 0.1039
708.0000 0.1039
709.0000 0.1039
710.0000 0.1039
711.0000 0.1039
712.0000 0.1039
713.0000 0.1040
714.0000 0.1040
715.0000 0.1040
716.0000 0.1040
717.0000 0.1040
718.0000 0.1040
719.0000 0.1040
720.0000 0.1040
721.0000 0.1040
722.0000 0.1040
723.0000 0.1040
724.0000 0.1040
725.0000 0.1040
726.0000 0.1040
727.0000 0.1040
728.0000 0.1040
729.0000 0.1040
730.0000 0.1040
731.0000 0.1040
732.0000 0.1040
733.0000 0.1040
734.0000 0.1040
735.0000 0.1040
736.0000 0.1040
737.0000 0.1040
738.0000 0.1040
739.0000 0.1040
740.0000 0.1040
741.0000 0.1040
742.0000 0.1040
743.0000 0.1040
744.0000 0.1040
745.0000 0.1040
746.0000 0.1040
747.0000 0.1040
748.0000 0.1040
749.0000 0.1040
750.0000 0.1040
751.0000 0.1040
752.0000 0.1040
753.0000 0.1040
754.0000 0.1040
755.0000 0.1040
756.0000 0.1040
757.0000 0.1040
758.0000 0.1040
759.0000 0.1040
760.0000 0.1040
761.0000 0.1040
762.0000 0.1040
763.0000 0.1040
764.0000 0.1040
765.0000 0.1040
766.0000 0.1040
767.0000 0.1040
768.0000 0.1040
769.0000 0.1040
770.0000 0.1040
771.0000 0.1040
772.0000 0.1040
773.0000 0.1040
774.0000 0.1040
775.0000 0.1040
776.0000 0.1040
777.0000 0.1040
778.0000 0.1040
779.0000 0.1040
780.0000 0.1040
781.0000 0.1040
782.0000 0.1040
783.0000 0.1040
784.0000 0.1040
785.0000 0.1040
786.0000 0.1040
787.0000 0.1040
788.0000 0.1040
789.0000 0.1040
790.0000 0.1040
791.0000 0.1040
792.0000 0.1040
793.0000 0.1040
794.0000 0.1040
795.0000 0.1040
796.0000 0.1040
797.0000 0.1040
798.0000 0.1040
799.0000 0.1040
800.0000 -0.6613
801.0000 -0.6436
802.0000 -0.3999
803.0000 -0.1815
804.0000 -0.0539
805.0000 -0.0034
806.0000 0.0019
807.0000 -0.0120
808.0000 -0.0296
809.0000 -0.0438
810.0000 -0.0524
811.0000 -0.0555
812.0000 -0.0543
813.0000 -0.0500
814.0000 -0.0437
815.0000 -0.0366
816.0000 -0.0293
817.0000 -0.0224
818.0000 -0.0161
819.0000 -0.0105
820.0000 -0.0058
821.0000 -0.0021
822.0000 0.0009
823.0000 0.0033
824.0000 0.0050
825.0000 0.0064
826.0000 0.0072
827.0000 0.0079
828.0000 0.0083
829.0000 0.0085
830.0000 0.0085
831.0000 0.0084
832.0000 0.0082
833.0000 0.0081
834.0000 0.0079
835.0000 0.0077
836.0000 0.0075
837.0000 0.0072
838.0000 0.0070
839.0000 0.0068
840.0000 0.0067
841.0000 0.0065
842.0000 0.0063
843.0000 0.0062
844.0000 0.0061
845.0000 0.0060
846.0000 0.0059
847.0000 0.0057
848.0000 0.0056
849.0000 0.0055
850.0000 0.0054
851.0000 0.0053
852.0000 0.0053
853.0000 0.0051
854.0000 0.0050
855.0000 0.0049
856.0000 0.0048
857.0000 0.0047
858.0000 0.0046
859.0000 0.0045
860.0000 0.0044
861.0000 0.0044
862.0000 0.0043
863.0000 0.0042
864.0000 0.0041
865.0000 0.0039
866.0000 0.0039
867.0000 0.0038
868.0000 0.0038
869.0000 0.0038
870.0000 0.0038
871.0000 0.0037
872.0000 0.0037
873.0000 0.0037
874.0000 0.0037
875.0000 0.0037
876.0000 0.0038
877.0000 0.0039
878.0000 0.0040
879.0000 0.0040
880.0000 0.0040
881.0000 0.0040
882.0000 0.0038
883.0000 0.0035
884.0000 0.0031
885.0000 0.0027
886.0000 0.0023
887.0000 0.0021
888.0000 0.0019
889.0000 0.0017
890.0000 0.0016
891.0000 0.0015
892.0000 0.0014
893.0000 0.0013
894.0000 0.0011
895.0000 0.0010
896.0000 0.0009
897.0000 0.0007
898.0000 0.0006
899.0000 0.0005
900.0000 0.0003
901.0000 0.0002
902.0000 0.0001
903.0000 0.0000
904.0000 -0.0000
905.0000 -0.0001
906.0000 -0.0002
907.0000 -0.0002
908.0000 -0.0002
909.0000 -0.0003
910.0000 -0.0003
911.0000 -0.0003
912.0000 -0.0003
913.0000 -0.0003
914.0000 -0.0003
915.0000 -0.0003
916.0000 -0.0003
917.0000 -0.0003
918.0000 -0.0003
919.0000 -0.0002
920.0000 -0.0002
921.0000 -0.0002
922.0000 -0.0002
923.0000 -0.0002
924.0000 -0.0002
925.0000 -0.0002
926.0000 -0.0001
927.0000 -0.0001
928.0000 -0.0001
929.0000 -0.0001
930.0000 -0.0001
931.0000 -0.0001
932.0000 -0.0000
933.0000 -0.0000
934.0000 -0.0000
935.0000 -0.0000
936.0000 0.0000
937.0000 0.0000
938.0000 0.0000
939.0000 0.0000
940.0000 0.0000
941.0000 0.0000
942.0000 0.0001
943.0000 0.0001
944.0000 0.0001
945.0000 0.0001
946.0000 0.0001
947.0000 0.0001
948.0000 0.0001
949.0000 0.0001
950.0000 0.0001
951.0000 0.0001
952.0000 0.0001
953.0000 0.0001
954.0000 0.0001
955.0000 0.0001
956.0000 0.0001
957.0000 0.0001
958.0000 0.0001
959.0000 0.0001
960.0000 0.0001
961.0000 0.0001
962.0000 0.0001
963.0000 0.0001
964.0000 0.0001
965.0000 0.0001
966.0000 0.0001
967.0000 0.0001
968.0000 0.0001
969.0000 0.0001
970.0000 0.0001
971.0000 0.0001
972.0000 0.0001
973.0000 0.0001
974.0000 0.0001
975.0000 0.0001
976.0000 0.0001
977.0000 0.0001
978.0000 0.0001
979.0000 0.0001
980.0000 0.0001
981.0000 0.0001
982.0000 0.0001
983.0000 0.0001
984.0000 0.0001
985.0000 0.0001
986.0000 0.0001
987.0000 0.0001
988.0000 0.0001
989.0000 0.0001
990.0000 0.0001
991.0000 0.0001
992.0000 0.0001
993.0000 0.0001
994.0000 0.0001
995.0000 0.0001
996.0000 0.0001
997.0000 0.0001
998.0000 0.0001
999.0000 0.0001
1000.0000 0.0001
1001.0000 0.0001
1002.0000 0.0000
1003.0000 0.0000
1004.0000 0.0000
1005.0000 0.0000
1006.0000 0.0000
1007.0000 0.0000
1008.0000 0.0000
1009.0000 0.0000
1010.0000 0.0000
1011.0000 0.0000
1012.0000 0.0000
1013.0000 0.0000
1014.0000 0.0000
1015.0000 0.0000
1016.0000 0.0000
1017.0000 0.0000
1018.0000 0.0000
1019.0000 0.0000
1020.0000 0.0000
1021.0000 0.0000
1022.0000 0.0000
1023.0000 0.0000
1024.0000 0.0000
1025.0000 0.0000
1026.0000 0.0000
1027.0000 0.0000
1028.0000 0.0000
1029.0000 0.0000
1030.0000 0.0000
1031.0000 0.0000
1032.0000 0.0000
1033.0000 0.0000
1034.0000 0.0000
1035.0000 0.0000
1036.0000 0.0000
1037.0000 0.0000
1038.0000 0.0000
1039.0000 0.0000
1040.0000 0.0000
1041.0000 0.0000
1042.0000 0.0000
1043.0000 0.0000
1044.0000 0.0000
1045.0000 0.0000
1046.0000 0.0000
1047.0000 0.0000
1048.0000 0.0000
1049.0000 0.0000
1050.0000 0.0000
1051.0000 0.0000
1052.0000 0.0000
1053.0000 0.0000
1054.0000 0.0000
1055.0000 0.0000
1056.0000 0.0000
1057.0000 0.0000
1058.0000 0.0000
1059.0000 0.0000
1060.0000 0.0000
1061.0000 0.0000
1062.0000 0.0000
1063.0000 0.0000
1064.0000 0.0000
1065.0000 0.0000
1066.0000 0.0000
1067.0000 0.0000
1068.0000 0.0000
1069.0000 0.0000
1070.0000 0.0000
1071.0000 0.0000
1072.0000 0.0000
1073.0000 0.0000
1074.0000 0.0000
1075.0000 0.0000
1076.0000 0.0000
1077.0000 0.0000
1078.0000 0.0000
1079.0000 0.0000
1080.0000 0.0000
1081.0000 0.0000
1082.0000 0.0000
1083.0000 0.0000
1084.0000 0.0000
1085.0000 0.0000
1086.0000 0.0000
1087.0000 0.0000
1088.0000 0.0000
1089.0000 0.0000
1090.0000 0.0000
1091.0000 0.0000
1092.0000 0.0000
1093.0000 0.0000
1094.0000 0.0000
1095.0000 0.0000
1096.0000 0.0000
1097.0000 0.0000
1098.0000 0.0000
1099.0000 0.0000
1100.0000 0.0000
