1.0000 0.0000
2.0000 0.0000
3.0000 0.0000
4.0000 0.0000
5.0000 0.0000
6.0000 0.0000
7.0000 0.0000
8.0000 0.0000
9.0000 0.0000
10.0000 2.0766
11.0000 1.0380
12.0000 0.3560
13.0000 0.1395
14.0000 0.1981
15.0000 0.3522
16.0000 0.4883
17.0000 0.5651
18.0000 0.5861
19.0000 0.5710
20.0000 0.5386
21.0000 0.5029
22.0000 0.4701
23.0000 0.4430
24.0000 0.4219
25.0000 0.4057
26.0000 0.3946
27.0000 0.3855
28.0000 0.3796
29.0000 0.3729
30.0000 0.3690
31.0000 0.3655
32.0000 0.3644
33.0000 0.3631
34.0000 0.3618
35.0000 0.3614
36.0000 0.3600
37.0000 0.3595
38.0000 0.3606
39.0000 0.3606
40.0000 0.3584
41.0000 0.3584
42.0000 0.3599
43.0000 0.3615
44.0000 0.3597
45.0000 0.3590
46.0000 0.3589
47.0000 0.3598
48.0000 0.3590
49.0000 0.3595
50.0000 0.3600
51.0000 0.3593
52.0000 0.3599
53.0000 0.3586
54.0000 0.3589
55.0000 0.3586
56.0000 0.3603
57.0000 0.3608
58.0000 0.3600
59.0000 0.3580
60.0000 0.3592
61.0000 0.3602
62.0000 0.3604
63.0000 0.3604
64.0000 0.3601
65.0000 0.3605
66.0000 0.3605
67.0000 0.3604
68.0000 0.3602
69.0000 0.3604
70.0000 0.3614
71.0000 0.3603
72.0000 0.3599
73.0000 0.3598
74.0000 0.3596
75.0000 0.3586
76.0000 0.3591
77.0000 0.3608
78.0000 0.3595
79.0000 0.3586
80.0000 0.3590
81.0000 0.3598
82.0000 0.3607
83.0000 0.3611
84.0000 0.3607
85.0000 0.3628
86.0000 0.3620
87.0000 0.3607
88.0000 0.3615
89.0000 0.3610
90.0000 0.3627
91.0000 0.3561
92.0000 0.3555
93.0000 0.3577
94.0000 0.3590
95.0000 0.3587
96.0000 0.3574
97.0000 0.3558
98.0000 0.3544
99.0000 0.3534
100.0000 0.3529
101.0000 0.3526
102.0000 0.3524
103.0000 0.3524
104.0000 0.3524
105.0000 0.3524
106.0000 0.3524
107.0000 0.3524
108.0000 0.3525
109.0000 0.3525
110.0000 0.3526
111.0000 0.3526
112.0000 0.3527
113.0000 0.3527
114.0000 0.3528
115.0000 0.3528
116.0000 0.3529
117.0000 0.3529
118.0000 0.3529
119.0000 0.3530
120.0000 0.3530
121.0000 0.3530
122.0000 0.3530
123.0000 0.3530
124.0000 0.3530
125.0000 0.3531
126.0000 0.3531
127.0000 0.3531
128.0000 0.3531
129.0000 0.3531
130.0000 0.3531
131.0000 0.3531
132.0000 0.3531
133.0000 0.3531
134.0000 0.3531
135.0000 0.3531
136.0000 0.3531
137.0000 0.3531
138.0000 0.3531
139.0000 0.3530
140.0000 0.3530
141.0000 0.3530
142.0000 0.3530
143.0000 0.3530
144.0000 0.3530
145.0000 0.3530
146.0000 0.3530
147.0000 0.3530
148.0000 0.3530
149.0000 0.3530
150.0000 0.3530
151.0000 0.3529
152.0000 0.3529
153.0000 0.3529
154.0000 0.3529
155.0000 0.3529
156.0000 0.3529
157.0000 0.3529
158.0000 0.3529
159.0000 0.3529
160.0000 0.3529
161.0000 0.3529
162.0000 0.3529
163.0000 0.3528
164.0000 0.3528
165.0000 0.3528
166.0000 0.3528
167.0000 0.3528
168.0000 0.3528
169.0000 0.3528
170.0000 0.3528
171.0000 0.3528
172.0000 0.3528
173.0000 0.3528
174.0000 0.3528
175.0000 0.3528
176.0000 0.3528
177.0000 0.3528
178.0000 0.3528
179.0000 0.3527
180.0000 0.3527
181.0000 0.3527
182.0000 0.3527
183.0000 0.3527
184.0000 0.3527
185.0000 0.3527
186.0000 0.3527
187.0000 0.3527
188.0000 0.3527
189.0000 0.3527
190.0000 0.3527
191.0000 0.3527
192.0000 0.3527
193.0000 0.3527
194.0000 0.3527
195.0000 0.3527
196.0000 0.3526
197.0000 0.3526
198.0000 0.3526
199.0000 0.3526
200.0000 -3.8006
201.0000 -1.7235
202.0000 -0.3593
203.0000 0.0737
204.0000 -0.0436
205.0000 -0.3517
206.0000 -0.6239
207.0000 -0.7776
208.0000 -0.8197
209.0000 -0.7895
210.0000 -0.7245
211.0000 -0.6531
212.0000 -0.5876
213.0000 -0.5335
214.0000 -0.4912
215.0000 -0.4589
216.0000 -0.4366
217.0000 -0.4184
218.0000 -0.4066
219.0000 -0.3932
220.0000 -0.3854
221.0000 -0.3783
222.0000 -0.3763
223.0000 -0.3737
224.0000 -0.3711
225.0000 -0.3702
226.0000 -0.3674
227.0000 -0.3663
228.0000 -0.3686
229.0000 -0.3686
230.0000 -0.3642
231.0000 -0.3643
232.0000 -0.3672
233.0000 -0.3704
234.0000 -0.3667
235.0000 -0.3655
236.0000 -0.3653
237.0000 -0.3671
238.0000 -0.3655
239.0000 -0.3665
240.0000 -0.3675
241.0000 -0.3660
242.0000 -0.3673
243.0000 -0.3647
244.0000 -0.3652
245.0000 -0.3647
246.0000 -0.3680
247.0000 -0.3690
248.0000 -0.3674
249.0000 -0.3635
250.0000 -0.3658
251.0000 -0.3679
252.0000 -0.3682
253.0000 -0.3682
254.0000 -0.3676
255.0000 -0.3684
256.0000 -0.3684
257.0000 -0.3682
258.0000 -0.3678
259.0000 -0.3682
260.0000 -0.3702
261.0000 -0.3680
262.0000 -0.3673
263.0000 -0.3670
264.0000 -0.3667
265.0000 -0.3647
266.0000 -0.3657
267.0000 -0.3691
268.0000 -0.3664
269.0000 -0.3646
270.0000 -0.3654
271.0000 -0.3670
272.0000 -0.3689
273.0000 -0.3696
274.0000 -0.3689
275.0000 -0.3730
276.0000 -0.3715
277.0000 -0.3689
278.0000 -0.3704
279.0000 -0.3694
280.0000 -0.3728
281.0000 -0.3597
282.0000 -0.3585
283.0000 -0.3628
284.0000 -0.3654
285.0000 -0.3648
286.0000 -0.3622
287.0000 -0.3590
288.0000 -0.3563
289.0000 -0.3543
290.0000 -0.3532
291.0000 -0.3526
292.0000 -0.3523
293.0000 -0.3522
294.0000 -0.3522
295.0000 -0.3522
296.0000 -0.3523
297.0000 -0.3523
298.0000 -0.3524
299.0000 -0.3525
300.0000 -0.3526
301.0000 -0.3527
302.0000 -0.3528
303.0000 -0.3529
304.0000 -0.3530
305.0000 -0.3531
306.0000 -0.3532
307.0000 -0.3533
308.0000 -0.3533
309.0000 -0.3534
310.0000 -0.3534
311.0000 -0.3535
312.0000 -0.3535
313.0000 -0.3535
314.0000 -0.3535
315.0000 -0.3536
316.0000 -0.3536
317.0000 -0.3536
318.0000 -0.3536
319.0000 -0.3536
320.0000 -0.3536
321.0000 -0.3536
322.0000 -0.3536
323.0000 -0.3536
324.0000 -0.3536
325.0000 -0.3536
326.0000 -0.3536
327.0000 -0.3536
328.0000 -0.3536
329.0000 -0.3536
330.0000 -0.3535
331.0000 -0.3535
332.0000 -0.3535
333.0000 -0.3535
334.0000 -0.3535
335.0000 -0.3535
336.0000 -0.3534
337.0000 -0.3534
338.0000 -0.3534
339.0000 -0.3534
340.0000 -0.3534
341.0000 -0.3534
342.0000 -0.3533
343.0000 -0.3533
344.0000 -0.3533
345.0000 -0.3533
346.0000 -0.3533
347.0000 -0.3532
348.0000 -0.3532
349.0000 -0.3532
350.0000 -0.3532
351.0000 -0.3532
352.0000 -0.3532
353.0000 -0.3532
354.0000 -0.3531
355.0000 -0.3531
356.0000 -0.3531
357.0000 -0.3531
358.0000 -0.3531
359.0000 -0.3531
360.0000 -0.3531
361.0000 -0.3531
362.0000 -0.3531
363.0000 -0.3530
364.0000 -0.3530
365.0000 -0.3530
366.0000 -0.3530
367.0000 -0.3530
368.0000 -0.3530
369.0000 -0.3530
370.0000 -0.3530
371.0000 -0.3529
372.0000 -0.3529
373.0000 -0.3529
374.0000 -0.3529
375.0000 -0.3529
376.0000 -0.3529
377.0000 -0.3529
378.0000 -0.3529
379.0000 -0.3528
380.0000 -0.3528
381.0000 -0.3528
382.0000 -0.3528
383.0000 -0.3528
384.0000 -0.3528
385.0000 -0.3528
386.0000 -0.3528
387.0000 -0.3528
388.0000 -0.3527
389.0000 -0.3527
390.0000 -0.3527
391.0000 -0.3527
392.0000 -0.3527
393.0000 -0.3527
394.0000 -0.3527
395.0000 -0.3527
396.0000 -0.3527
397.0000 -0.3527
398.0000 -0.3527
399.0000 -0.3527
400.0000 -0.3527
401.0000 -0.3527
402.0000 -0.3527
403.0000 -0.3527
404.0000 -0.3526
405.0000 -0.3526
406.0000 -0.3526
407.0000 -0.3526
408.0000 -0.3526
409.0000 -0.3526
410.0000 -0.3526
411.0000 -0.3526
412.0000 -0.3526
413.0000 -0.3526
414.0000 -0.3526
415.0000 -0.3526
416.0000 -0.3526
417.0000 -0.3526
418.0000 -0.3526
419.0000 -0.3526
420.0000 -0.3526
421.0000 -0.3526
422.0000 -0.3526
423.0000 -0.3526
424.0000 -0.3526
425.0000 -0.3526
426.0000 -0.3526
427.0000 -0.3526
428.0000 -0.3526
429.0000 -0.3526
430.0000 -0.3526
431.0000 -0.3526
432.0000 -0.3526
433.0000 -0.3526
434.0000 -0.3526
435.0000 -0.3526
436.0000 -0.3526
437.0000 -0.3526
438.0000 -0.3526
439.0000 -0.3526
440.0000 -0.3526
441.0000 -0.3526
442.0000 -0.3526
443.0000 -0.3526
444.0000 -0.3526
445.0000 -0.3526
446.0000 -0.3526
447.0000 -0.3526
448.0000 -0.3526
449.0000 -0.3526
450.0000 -0.3526
451.0000 -0.3526
452.0000 -0.3526
453.0000 -0.3526
454.0000 -0.3526
455.0000 -0.3526
456.0000 -0.3526
457.0000 -0.3526
458.0000 -0.3526
459.0000 -0.3526
460.0000 -0.3526
461.0000 -0.3526
462.0000 -0.3526
463.0000 -0.3526
464.0000 -0.3526
465.0000 -0.3526
466.0000 -0.3526
467.0000 -0.3526
468.0000 -0.3526
469.0000 -0.3526
470.0000 -0.3526
471.0000 -0.3526
472.0000 -0.3526
473.0000 -0.3526
474.0000 -0.3526
475.0000 -0.3526
476.0000 -0.3526
477.0000 -0.3526
478.0000 -0.3525
479.0000 -0.3525
480.0000 -0.3525
481.0000 -0.3525
482.0000 -0.3525
483.0000 -0.3525
484.0000 -0.3525
485.0000 -0.3525
486.0000 -0.3525
487.0000 -0.3525
488.0000 -0.3525
489.0000 -0.3525
490.0000 -0.3525
491.0000 -0.3525
492.0000 -0.3525
493.0000 -0.3525
494.0000 -0.3525
495.0000 -0.3525
496.0000 -0.3525
497.0000 -0.3525
498.0000 -0.3525
499.0000 -0.3525
500.0000 3.2815
501.0000 1.4640
502.0000 0.2704
503.0000 -0.1085
504.0000 -0.0058
505.0000 0.2638
506.0000 0.5019
507.0000 0.6364
508.0000 0.6732
509.0000 0.6468
510.0000 0.5899
511.0000 0.5274
512.0000 0.4701
513.0000 0.4228
514.0000 0.3858
515.0000 0.3575
516.0000 0.3380
517.0000 0.3221
518.0000 0.3118
519.0000 0.3000
520.0000 0.2932
521.0000 0.2870
522.0000 0.2852
523.0000 0.2829
524.0000 0.2807
525.0000 0.2799
526.0000 0.2774
527.0000 0.2765
528.0000 0.2785
529.0000 0.2784
530.0000 0.2746
531.0000 0.2747
532.0000 0.2772
533.0000 0.2801
534.0000 0.2769
535.0000 0.2758
536.0000 0.2756
537.0000 0.2772
538.0000 0.2758
539.0000 0.2767
540.0000 0.2775
541.0000 0.2762
542.0000 0.2774
543.0000 0.2750
544.0000 0.2755
545.0000 0.2750
546.0000 0.2779
547.0000 0.2788
548.0000 0.2774
549.0000 0.2740
550.0000 0.2761
551.0000 0.2778
552.0000 0.2781
553.0000 0.2781
554.0000 0.2776
555.0000 0.2783
556.0000 0.2783
557.0000 0.2781
558.0000 0.2778
559.0000 0.2781
560.0000 0.2799
561.0000 0.2779
562.0000 0.2773
563.0000 0.2771
564.0000 0.2768
565.0000 0.2750
566.0000 0.2759
567.0000 0.2789
568.0000 0.2766
569.0000 0.2750
570.0000 0.2757
571.0000 0.2771
572.0000 0.2788
573.0000 0.2793
574.0000 0.2787
575.0000 0.2823
576.0000 0.2810
577.0000 0.2787
578.0000 0.2800
579.0000 0.2792
580.0000 0.2821
581.0000 0.2707
582.0000 0.2696
583.0000 0.2734
584.0000 0.2757
585.0000 0.2752
586.0000 0.2728
587.0000 0.2700
588.0000 0.2677
589.0000 0.2660
590.0000 0.2650
591.0000 0.2645
592.0000 0.2642
593.0000 0.2641
594.0000 0.2641
595.0000 0.2641
596.0000 0.2642
597.0000 0.2642
598.0000 0.2643
599.0000 0.2644
600.0000 0.2645
601.0000 0.2646
602.0000 0.2646
603.0000 0.2647
604.0000 0.2648
605.0000 0.2649
606.0000 0.2650
607.0000 0.2650
608.0000 0.2651
609.0000 0.2652
610.0000 0.2652
611.0000 0.2652
612.0000 0.2653
613.0000 0.2653
614.0000 0.2653
615.0000 0.2653
616.0000 0.2653
617.0000 0.2653
618.0000 0.2653
619.0000 0.2653
620.0000 0.2653
621.0000 0.2653
622.0000 0.2653
623.0000 0.2653
624.0000 0.2653
625.0000 0.2653
626.0000 0.2653
627.0000 0.2653
628.0000 0.2653
629.0000 0.2653
630.0000 0.2653
631.0000 0.2653
632.0000 0.2653
633.0000 0.2653
634.0000 0.2652
635.0000 0.2652
636.0000 0.2652
637.0000 0.2652
638.0000 0.2652
639.0000 0.2652
640.0000 0.2651
641.0000 0.2651
642.0000 0.2651
643.0000 0.2651
644.0000 0.2651
645.0000 0.2651
646.0000 0.2650
647.0000 0.2650
648.0000 0.2650
649.0000 0.2650
650.0000 0.2650
651.0000 0.2650
652.0000 0.2650
653.0000 0.2649
654.0000 0.2649
655.0000 0.2649
656.0000 0.2649
657.0000 0.2649
658.0000 0.2649
659.0000 0.2649
660.0000 0.2649
661.0000 0.2649
662.0000 0.2649
663.0000 0.2648
664.0000 0.2648
665.0000 0.2648
666.0000 0.2648
667.0000 0.2648
668.0000 0.2648
669.0000 0.2648
670.0000 0.2648
671.0000 0.2648
672.0000 0.2647
673.0000 0.2647
674.0000 0.2647
675.0000 0.2647
676.0000 0.2647
677.0000 0.2647
678.0000 0.2647
679.0000 0.2647
680.0000 0.2647
681.0000 0.2646
682.0000 0.2646
683.0000 0.2646
684.0000 0.2646
685.0000 0.2646
686.0000 0.2646
687.0000 0.2646
688.0000 0.2646
689.0000 0.2646
690.0000 0.2646
691.0000 0.2646
692.0000 0.2646
693.0000 0.2646
694.0000 0.2645
695.0000 0.2645
696.0000 0.2645
697.0000 0.2645
698.0000 0.2645
699.0000 0.2645
700.0000 0.2645
701.0000 0.2645
702.0000 0.2645
703.0000 0.2645
704.0000 0.2645
705.0000 0.2645
706.0000 0.2645
707.0000 0.2645
708.0000 0.2645
709.0000 0.2645
710.0000 0.2645
711.0000 0.2645
712.0000 0.2645
713.0000 0.2645
714.0000 0.2645
715.0000 0.2645
716.0000 0.2645
717.0000 0.2645
718.0000 0.2645
719.0000 0.2645
720.0000 0.2645
721.0000 0.2645
722.0000 0.2645
723.0000 0.2645
724.0000 0.2645
725.0000 0.2645
726.0000 0.2645
727.0000 0.2645
728.0000 0.2645
729.0000 0.2645
730.0000 0.2644
731.0000 0.2644
732.0000 0.2644
733.0000 0.2644
734.0000 0.2644
735.0000 0.2644
736.0000 0.2644
737.0000 0.2644
738.0000 0.2644
739.0000 0.2644
740.0000 0.2644
741.0000 0.2644
742.0000 0.2644
743.0000 0.2644
744.0000 0.2644
745.0000 0.2644
746.0000 0.2644
747.0000 0.2644
748.0000 0.2644
749.0000 0.2644
750.0000 0.2644
751.0000 0.2644
752.0000 0.2644
753.0000 0.2644
754.0000 0.2644
755.0000 0.2644
756.0000 0.2644
757.0000 0.2644
758.0000 0.2644
759.0000 0.2644
760.0000 0.2644
761.0000 0.2644
762.0000 0.2644
763.0000 0.2644
764.0000 0.2644
765.0000 0.2644
766.0000 0.2644
767.0000 0.2644
768.0000 0.2644
769.0000 0.2644
770.0000 0.2644
771.0000 0.2644
772.0000 0.2644
773.0000 0.2644
774.0000 0.2644
775.0000 0.2644
776.0000 0.2644
777.0000 0.2644
778.0000 0.2644
779.0000 0.2644
780.0000 0.2644
781.0000 0.2644
782.0000 0.2644
783.0000 0.2644
784.0000 0.2644
785.0000 0.2644
786.0000 0.2644
787.0000 0.2644
788.0000 0.2644
789.0000 0.2644
790.0000 0.2644
791.0000 0.2644
792.0000 0.2644
793.0000 0.2644
794.0000 0.2644
795.0000 0.2644
796.0000 0.2644
797.0000 0.2644
798.0000 0.2644
799.0000 0.2644
800.0000 -1.2931
801.0000 -0.5141
802.0000 -0.0026
803.0000 0.1598
804.0000 0.1158
805.0000 0.0003
806.0000 -0.1018
807.0000 -0.1594
808.0000 -0.1752
809.0000 -0.1639
810.0000 -0.1395
811.0000 -0.1127
812.0000 -0.0882
813.0000 -0.0679
814.0000 -0.0520
815.0000 -0.0399
816.0000 -0.0315
817.0000 -0.0247
818.0000 -0.0203
819.0000 -0.0153
820.0000 -0.0124
821.0000 -0.0097
822.0000 -0.0089
823.0000 -0.0079
824.0000 -0.0070
825.0000 -0.0066
826.0000 -0.0056
827.0000 -0.0052
828.0000 -0.0060
829.0000 -0.0060
830.0000 -0.0044
831.0000 -0.0044
832.0000 -0.0055
833.0000 -0.0067
834.0000 -0.0053
835.0000 -0.0049
836.0000 -0.0048
837.0000 -0.0055
838.0000 -0.0049
839.0000 -0.0053
840.0000 -0.0056
841.0000 -0.0051
842.0000 -0.0055
843.0000 -0.0046
844.0000 -0.0047
845.0000 -0.0046
846.0000 -0.0058
847.0000 -0.0062
848.0000 -0.0056
849.0000 -0.0041
850.0000 -0.0050
851.0000 -0.0058
852.0000 -0.0059
853.0000 -0.0059
854.0000 -0.0056
855.0000 -0.0060
856.0000 -0.0059
857.0000 -0.0059
858.0000 -0.0057
859.0000 -0.0059
860.0000 -0.0066
861.0000 -0.0058
862.0000 -0.0055
863.0000 -0.0054
864.0000 -0.0053
865.0000 -0.0046
866.0000 -0.0049
867.0000 -0.0062
868.0000 -0.0052
869.0000 -0.0045
870.0000 -0.0048
871.0000 -0.0054
872.0000 -0.0062
873.0000 -0.0064
874.0000 -0.0061
875.0000 -0.0077
876.0000 -0.0071
877.0000 -0.0061
878.0000 -0.0067
879.0000 -0.0063
880.0000 -0.0076
881.0000 -0.0027
882.0000 -0.0022
883.0000 -0.0038
884.0000 -0.0048
885.0000 -0.0046
886.0000 -0.0036
887.0000 -0.0024
888.0000 -0.0014
889.0000 -0.0007
890.0000 -0.0002
891.0000 -0.0000
892.0000 0.0001
893.0000 0.0001
894.0000 0.0001
895.0000 0.0001
896.0000 0.0001
897.0000 0.0001
898.0000 0.0000
899.0000 0.0000
900.0000 -0.0000
901.0000 -0.0001
902.0000 -0.0001
903.0000 -0.0001
904.0000 -0.0002
905.0000 -0.0002
906.0000 -0.0002
907.0000 -0.0003
908.0000 -0.0003
909.0000 -0.0003
910.0000 -0.0003
911.0000 -0.0004
912.0000 -0.0004
913.0000 -0.0004
914.0000 -0.0004
915.0000 -0.0004
916.0000 -0.0004
917.0000 -0.0004
918.0000 -0.0004
919.0000 -0.0004
920.0000 -0.0004
921.0000 -0.0004
922.0000 -0.0004
923.0000 -0.0004
924.0000 -0.0004
925.0000 -0.0004
926.0000 -0.0004
927.0000 -0.0004
928.0000 -0.0004
929.0000 -0.0004
930.0000 -0.0004
931.0000 -0.0004
932.0000 -0.0004
933.0000 -0.0004
934.0000 -0.0004
935.0000 -0.0003
936.0000 -0.0003
937.0000 -0.0003
938.0000 -0.0003
939.0000 -0.0003
940.0000 -0.0003
941.0000 -0.0003
942.0000 -0.0003
943.0000 -0.0003
944.0000 -0.0003
945.0000 -0.0003
946.0000 -0.0003
947.0000 -0.0003
948.0000 -0.0003
949.0000 -0.0003
950.0000 -0.0002
951.0000 -0.0002
952.0000 -0.0002
953.0000 -0.0002
954.0000 -0.0002
955.0000 -0.0002
956.0000 -0.0002
957.0000 -0.0002
958.0000 -0.0002
959.0000 -0.0002
960.0000 -0.0002
961.0000 -0.0002
962.0000 -0.0002
963.0000 -0.0002
964.0000 -0.0002
965.0000 -0.0002
966.0000 -0.0002
967.0000 -0.0002
968.0000 -0.0002
969.0000 -0.0002
970.0000 -0.0002
971.0000 -0.0002
972.0000 -0.0001
973.0000 -0.0001
974.0000 -0.0001
975.0000 -0.0001
976.0000 -0.0001
977.0000 -0.0001
978.0000 -0.0001
979.0000 -0.0001
980.0000 -0.0001
981.0000 -0.0001
982.0000 -0.0001
983.0000 -0.0001
984.0000 -0.0001
985.0000 -0.0001
986.0000 -0.0001
987.0000 -0.0001
988.0000 -0.0001
989.0000 -0.0001
990.0000 -0.0001
991.0000 -0.0001
992.0000 -0.0001
993.0000 -0.0001
994.0000 -0.0001
995.0000 -0.0001
996.0000 -0.0001
997.0000 -0.0001
998.0000 -0.0001
999.0000 -0.0001
1000.0000 -0.0000
1001.0000 -0.0000
1002.0000 -0.0000
1003.0000 -0.0000
1004.0000 -0.0000
1005.0000 -0.0000
1006.0000 -0.0000
1007.0000 -0.0000
1008.0000 -0.0000
1009.0000 -0.0000
1010.0000 -0.0000
1011.0000 -0.0000
1012.0000 -0.0000
1013.0000 -0.0000
1014.0000 -0.0000
1015.0000 -0.0000
1016.0000 -0.0000
1017.0000 -0.0000
1018.0000 -0.0000
1019.0000 -0.0000
1020.0000 -0.0000
1021.0000 -0.0000
1022.0000 -0.0000
1023.0000 -0.0000
1024.0000 -0.0000
1025.0000 -0.0000
1026.0000 -0.0000
1027.0000 -0.0000
1028.0000 -0.0000
1029.0000 -0.0000
1030.0000 -0.0000
1031.0000 -0.0000
1032.0000 -0.0000
1033.0000 -0.0000
1034.0000 -0.0000
1035.0000 -0.0000
1036.0000 -0.0000
1037.0000 -0.0000
1038.0000 -0.0000
1039.0000 -0.0000
1040.0000 -0.0000
1041.0000 -0.0000
1042.0000 -0.0000
1043.0000 -0.0000
1044.0000 -0.0000
1045.0000 -0.0000
1046.0000 -0.0000
1047.0000 -0.0000
1048.0000 -0.0000
1049.0000 -0.0000
1050.0000 -0.0000
1051.0000 -0.0000
1052.0000 -0.0000
1053.0000 -0.0000
1054.0000 -0.0000
1055.0000 -0.0000
1056.0000 -0.0000
1057.0000 -0.0000
1058.0000 -0.0000
1059.0000 -0.0000
1060.0000 -0.0000
1061.0000 -0.0000
1062.0000 -0.0000
1063.0000 -0.0000
1064.0000 -0.0000
1065.0000 -0.0000
1066.0000 -0.0000
1067.0000 -0.0000
1068.0000 -0.0000
1069.0000 -0.0000
1070.0000 -0.0000
1071.0000 -0.0000
1072.0000 -0.0000
1073.0000 -0.0000
1074.0000 -0.0000
1075.0000 -0.0000
1076.0000 -0.0000
1077.0000 -0.0000
1078.0000 -0.0000
1079.0000 -0.0000
1080.0000 -0.0000
1081.0000 -0.0000
1082.0000 -0.0000
1083.0000 -0.0000
1084.0000 -0.0000
1085.0000 -0.0000
1086.0000 -0.0000
1087.0000 -0.0000
1088.0000 -0.0000
1089.0000 -0.0000
1090.0000 -0.0000
1091.0000 -0.0000
1092.0000 -0.0000
1093.0000 -0.0000
1094.0000 -0.0000
1095.0000 -0.0000
1096.0000 -0.0000
1097.0000 -0.0000
1098.0000 -0.0000
1099.0000 -0.0000
1100.0000 -0.0000
