1.0000 0.0000
2.0000 0.0000
3.0000 0.0000
4.0000 0.0000
5.0000 0.0000
6.0000 0.0000
7.0000 0.0000
8.0000 0.0000
9.0000 0.0000
10.0000 3.6544
11.0000 3.6459
12.0000 2.7097
13.0000 1.8851
14.0000 1.3817
15.0000 1.1216
16.0000 0.9928
17.0000 0.9233
18.0000 0.8802
19.0000 0.8514
20.0000 0.8327
21.0000 0.8218
22.0000 0.8157
23.0000 0.8126
24.0000 0.8110
25.0000 0.8097
26.0000 0.8084
27.0000 0.8067
28.0000 0.8046
29.0000 0.8026
30.0000 0.8014
31.0000 0.8003
32.0000 0.7984
33.0000 0.7969
34.0000 0.7955
35.0000 0.7948
36.0000 0.7946
37.0000 0.7937
38.0000 0.7921
39.0000 0.7918
40.0000 0.7917
41.0000 0.7905
42.0000 0.7901
43.0000 0.7886
44.0000 0.7884
45.0000 0.7886
46.0000 0.7880
47.0000 0.7874
48.0000 0.7870
49.0000 0.7863
50.0000 0.7853
51.0000 0.7854
52.0000 0.7858
53.0000 0.7856
54.0000 0.7862
55.0000 0.7861
56.0000 0.7850
57.0000 0.7857
58.0000 0.7856
59.0000 0.7860
60.0000 0.7860
61.0000 0.7862
62.0000 0.7856
63.0000 0.7849
64.0000 0.7856
65.0000 0.7859
66.0000 0.7861
67.0000 0.7861
68.0000 0.7863
69.0000 0.7850
70.0000 0.7846
71.0000 0.7845
72.0000 0.7852
73.0000 0.7845
74.0000 0.7841
75.0000 0.7837
76.0000 0.7836
77.0000 0.7831
78.0000 0.7826
79.0000 0.7823
80.0000 0.7817
81.0000 0.7815
82.0000 0.7812
83.0000 0.7811
84.0000 0.7819
85.0000 0.7819
86.0000 0.7823
87.0000 0.7839
88.0000 0.7849
89.0000 0.7874
90.0000 0.7896
91.0000 0.7849
92.0000 0.7815
93.0000 0.7803
94.0000 0.7803
95.0000 0.7808
96.0000 0.7814
97.0000 0.7819
98.0000 0.7822
99.0000 0.7823
100.0000 0.7824
101.0000 0.7824
102.0000 0.7823
103.0000 0.7822
104.0000 0.7821
105.0000 0.7821
106.0000 0.7820
107.0000 0.7820
108.0000 0.7820
109.0000 0.7820
110.0000 0.7820
111.0000 0.7820
112.0000 0.7820
113.0000 0.7821
114.0000 0.7821
115.0000 0.7821
116.0000 0.7821
117.0000 0.7821
118.0000 0.7821
119.0000 0.7821
120.0000 0.7821
121.0000 0.7821
122.0000 0.7821
123.0000 0.7821
124.0000 0.7821
125.0000 0.7822
126.0000 0.7822
127.0000 0.7822
128.0000 0.7822
129.0000 0.7822
130.0000 0.7822
131.0000 0.7822
132.0000 0.7822
133.0000 0.7822
134.0000 0.7822
135.0000 0.7822
136.0000 0.7822
137.0000 0.7822
138.0000 0.7822
139.0000 0.7822
140.0000 0.7822
141.0000 0.7822
142.0000 0.7822
143.0000 0.7822
144.0000 0.7822
145.0000 0.7822
146.0000 0.7822
147.0000 0.7822
148.0000 0.7822
149.0000 0.7822
150.0000 0.7822
151.0000 0.7822
152.0000 0.7822
153.0000 0.7822
154.0000 0.7822
155.0000 0.7822
156.0000 0.7822
157.0000 0.7822
158.0000 0.7822
159.0000 0.7822
160.0000 0.7822
161.0000 0.7822
162.0000 0.7822
163.0000 0.7822
164.0000 0.7822
165.0000 0.7822
166.0000 0.7822
167.0000 0.7822
168.0000 0.7822
169.0000 0.7822
170.0000 0.7822
171.0000 0.7822
172.0000 0.7822
173.0000 0.7822
174.0000 0.7822
175.0000 0.7822
176.0000 0.7822
177.0000 0.7822
178.0000 0.7822
179.0000 0.7822
180.0000 0.7822
181.0000 0.7822
182.0000 0.7822
183.0000 0.7822
184.0000 0.7822
185.0000 0.7822
186.0000 0.7822
187.0000 0.7822
188.0000 0.7822
189.0000 0.7822
190.0000 0.7822
191.0000 0.7822
192.0000 0.7822
193.0000 0.7822
194.0000 0.7822
195.0000 0.7822
196.0000 0.7822
197.0000 0.7822
198.0000 0.7822
199.0000 0.7822
200.0000 -6.5267
201.0000 -6.5096
202.0000 -4.6372
203.0000 -2.9880
204.0000 -1.9812
205.0000 -1.4609
206.0000 -1.2034
207.0000 -1.0644
208.0000 -0.9781
209.0000 -0.9205
210.0000 -0.8832
211.0000 -0.8613
212.0000 -0.8492
213.0000 -0.8430
214.0000 -0.8398
215.0000 -0.8372
216.0000 -0.8346
217.0000 -0.8313
218.0000 -0.8270
219.0000 -0.8230
220.0000 -0.8205
221.0000 -0.8183
222.0000 -0.8146
223.0000 -0.8115
224.0000 -0.8088
225.0000 -0.8075
226.0000 -0.8069
227.0000 -0.8052
228.0000 -0.8019
229.0000 -0.8014
230.0000 -0.8012
231.0000 -0.7988
232.0000 -0.7980
233.0000 -0.7949
234.0000 -0.7947
235.0000 -0.7949
236.0000 -0.7939
237.0000 -0.7927
238.0000 -0.7917
239.0000 -0.7903
240.0000 -0.7884
241.0000 -0.7886
242.0000 -0.7893
243.0000 -0.7889
244.0000 -0.7901
245.0000 -0.7900
246.0000 -0.7877
247.0000 -0.7891
248.0000 -0.7890
249.0000 -0.7897
250.0000 -0.7899
251.0000 -0.7901
252.0000 -0.7889
253.0000 -0.7876
254.0000 -0.7890
255.0000 -0.7895
256.0000 -0.7900
257.0000 -0.7900
258.0000 -0.7904
259.0000 -0.7878
260.0000 -0.7869
261.0000 -0.7868
262.0000 -0.7881
263.0000 -0.7868
264.0000 -0.7860
265.0000 -0.7852
266.0000 -0.7851
267.0000 -0.7840
268.0000 -0.7830
269.0000 -0.7824
270.0000 -0.7812
271.0000 -0.7808
272.0000 -0.7802
273.0000 -0.7800
274.0000 -0.7815
275.0000 -0.7816
276.0000 -0.7823
277.0000 -0.7856
278.0000 -0.7876
279.0000 -0.7925
280.0000 -0.7970
281.0000 -0.7875
282.0000 -0.7808
283.0000 -0.7783
284.0000 -0.7783
285.0000 -0.7794
286.0000 -0.7805
287.0000 -0.7815
288.0000 -0.7821
289.0000 -0.7824
290.0000 -0.7825
291.0000 -0.7825
292.0000 -0.7823
293.0000 -0.7822
294.0000 -0.7820
295.0000 -0.7819
296.0000 -0.7818
297.0000 -0.7817
298.0000 -0.7817
299.0000 -0.7817
300.0000 -0.7818
301.0000 -0.7818
302.0000 -0.7818
303.0000 -0.7819
304.0000 -0.7819
305.0000 -0.7819
306.0000 -0.7820
307.0000 -0.7820
308.0000 -0.7820
309.0000 -0.7820
310.0000 -0.7820
311.0000 -0.7820
312.0000 -0.7820
313.0000 -0.7821
314.0000 -0.7821
315.0000 -0.7821
316.0000 -0.7821
317.0000 -0.7821
318.0000 -0.7821
319.0000 -0.7821
320.0000 -0.7821
321.0000 -0.7821
322.0000 -0.7821
323.0000 -0.7821
324.0000 -0.7821
325.0000 -0.7821
326.0000 -0.7821
327.0000 -0.7821
328.0000 -0.7821
329.0000 -0.7821
330.0000 -0.7821
331.0000 -0.7821
332.0000 -0.7821
333.0000 -0.7821
334.0000 -0.7821
335.0000 -0.7821
336.0000 -0.7821
337.0000 -0.7821
338.0000 -0.7821
339.0000 -0.7821
340.0000 -0.7821
341.0000 -0.7821
342.0000 -0.7821
343.0000 -0.7821
344.0000 -0.7821
345.0000 -0.7821
346.0000 -0.7821
347.0000 -0.7821
348.0000 -0.7821
349.0000 -0.7821
350.0000 -0.7821
351.0000 -0.7821
352.0000 -0.7821
353.0000 -0.7821
354.0000 -0.7821
355.0000 -0.7821
356.0000 -0.7821
357.0000 -0.7821
358.0000 -0.7821
359.0000 -0.7822
360.0000 -0.7821
361.0000 -0.7821
362.0000 -0.7821
363.0000 -0.7822
364.0000 -0.7822
365.0000 -0.7822
366.0000 -0.7822
367.0000 -0.7822
368.0000 -0.7822
369.0000 -0.7822
370.0000 -0.7822
371.0000 -0.7822
372.0000 -0.7822
373.0000 -0.7822
374.0000 -0.7822
375.0000 -0.7822
376.0000 -0.7822
377.0000 -0.7822
378.0000 -0.7822
379.0000 -0.7822
380.0000 -0.7822
381.0000 -0.7822
382.0000 -0.7822
383.0000 -0.7822
384.0000 -0.7822
385.0000 -0.7822
386.0000 -0.7822
387.0000 -0.7822
388.0000 -0.7822
389.0000 -0.7822
390.0000 -0.7822
391.0000 -0.7822
392.0000 -0.7822
393.0000 -0.7822
394.0000 -0.7822
395.0000 -0.7822
396.0000 -0.7822
397.0000 -0.7822
398.0000 -0.7822
399.0000 -0.7822
400.0000 -0.7822
401.0000 -0.7822
402.0000 -0.7822
403.0000 -0.7822
404.0000 -0.7822
405.0000 -0.7822
406.0000 -0.7822
407.0000 -0.7822
408.0000 -0.7822
409.0000 -0.7822
410.0000 -0.7822
411.0000 -0.7822
412.0000 -0.7822
413.0000 -0.7822
414.0000 -0.7822
415.0000 -0.7822
416.0000 -0.7822
417.0000 -0.7822
418.0000 -0.7822
419.0000 -0.7822
420.0000 -0.7822
421.0000 -0.7822
422.0000 -0.7822
423.0000 -0.7822
424.0000 -0.7822
425.0000 -0.7822
426.0000 -0.7822
427.0000 -0.7822
428.0000 -0.7822
429.0000 -0.7822
430.0000 -0.7822
431.0000 -0.7822
432.0000 -0.7822
433.0000 -0.7822
434.0000 -0.7822
435.0000 -0.7822
436.0000 -0.7822
437.0000 -0.7822
438.0000 -0.7822
439.0000 -0.7822
440.0000 -0.7822
441.0000 -0.7822
442.0000 -0.7822
443.0000 -0.7822
444.0000 -0.7822
445.0000 -0.7822
446.0000 -0.7822
447.0000 -0.7822
448.0000 -0.7822
449.0000 -0.7822
450.0000 -0.7822
451.0000 -0.7822
452.0000 -0.7822
453.0000 -0.7822
454.0000 -0.7822
455.0000 -0.7822
456.0000 -0.7822
457.0000 -0.7822
458.0000 -0.7822
459.0000 -0.7822
460.0000 -0.7822
461.0000 -0.7822
462.0000 -0.7822
463.0000 -0.7822
464.0000 -0.7822
465.0000 -0.7822
466.0000 -0.7822
467.0000 -0.7822
468.0000 -0.7822
469.0000 -0.7822
470.0000 -0.7822
471.0000 -0.7822
472.0000 -0.7822
473.0000 -0.7822
474.0000 -0.7822
475.0000 -0.7822
476.0000 -0.7822
477.0000 -0.7822
478.0000 -0.7822
479.0000 -0.7822
480.0000 -0.7822
481.0000 -0.7822
482.0000 -0.7822
483.0000 -0.7822
484.0000 -0.7822
485.0000 -0.7822
486.0000 -0.7822
487.0000 -0.7822
488.0000 -0.7822
489.0000 -0.7822
490.0000 -0.7822
491.0000 -0.7822
492.0000 -0.7822
493.0000 -0.7822
494.0000 -0.7822
495.0000 -0.7822
496.0000 -0.7822
497.0000 -0.7822
498.0000 -0.7822
499.0000 -0.7822
500.0000 5.6130
501.0000 5.5981
502.0000 3.9598
503.0000 2.5167
504.0000 1.6358
505.0000 1.1805
506.0000 0.9552
507.0000 0.8336
508.0000 0.7581
509.0000 0.7077
510.0000 0.6750
511.0000 0.6558
512.0000 0.6452
513.0000 0.6399
514.0000 0.6371
515.0000 0.6348
516.0000 0.6325
517.0000 0.6296
518.0000 0.6258
519.0000 0.6224
520.0000 0.6201
521.0000 0.6182
522.0000 0.6150
523.0000 0.6123
524.0000 0.6099
525.0000 0.6087
526.0000 0.6083
527.0000 0.6068
528.0000 0.6039
529.0000 0.6035
530.0000 0.6033
531.0000 0.6012
532.0000 0.6005
533.0000 0.5978
534.0000 0.5975
535.0000 0.5977
536.0000 0.5968
537.0000 0.5958
538.0000 0.5949
539.0000 0.5937
540.0000 0.5920
541.0000 0.5923
542.0000 0.5929
543.0000 0.5925
544.0000 0.5935
545.0000 0.5935
546.0000 0.5914
547.0000 0.5927
548.0000 0.5926
549.0000 0.5932
550.0000 0.5933
551.0000 0.5936
552.0000 0.5925
553.0000 0.5914
554.0000 0.5926
555.0000 0.5930
556.0000 0.5935
557.0000 0.5935
558.0000 0.5938
559.0000 0.5916
560.0000 0.5907
561.0000 0.5907
562.0000 0.5918
563.0000 0.5906
564.0000 0.5900
565.0000 0.5893
566.0000 0.5891
567.0000 0.5882
568.0000 0.5873
569.0000 0.5868
570.0000 0.5858
571.0000 0.5854
572.0000 0.5849
573.0000 0.5848
574.0000 0.5860
575.0000 0.5861
576.0000 0.5867
577.0000 0.5896
578.0000 0.5914
579.0000 0.5957
580.0000 0.5996
581.0000 0.5913
582.0000 0.5854
583.0000 0.5832
584.0000 0.5833
585.0000 0.5842
586.0000 0.5852
587.0000 0.5860
588.0000 0.5866
589.0000 0.5868
590.0000 0.5869
591.0000 0.5869
592.0000 0.5868
593.0000 0.5866
594.0000 0.5865
595.0000 0.5864
596.0000 0.5863
597.0000 0.5862
598.0000 0.5862
599.0000 0.5862
600.0000 0.5863
601.0000 0.5863
602.0000 0.5863
603.0000 0.5863
604.0000 0.5864
605.0000 0.5864
606.0000 0.5864
607.0000 0.5864
608.0000 0.5865
609.0000 0.5865
610.0000 0.5865
611.0000 0.5865
612.0000 0.5865
613.0000 0.5865
614.0000 0.5865
615.0000 0.5865
616.0000 0.5865
617.0000 0.5865
618.0000 0.5865
619.0000 0.5865
620.0000 0.5865
621.0000 0.5865
622.0000 0.5865
623.0000 0.5865
624.0000 0.5865
625.0000 0.5865
626.0000 0.5865
627.0000 0.5865
628.0000 0.5865
629.0000 0.5865
630.0000 0.5865
631.0000 0.5865
632.0000 0.5865
633.0000 0.5865
634.0000 0.5865
635.0000 0.5866
636.0000 0.5866
637.0000 0.5866
638.0000 0.5866
639.0000 0.5866
640.0000 0.5866
641.0000 0.5866
642.0000 0.5866
643.0000 0.5866
644.0000 0.5866
645.0000 0.5866
646.0000 0.5866
647.0000 0.5866
648.0000 0.5866
649.0000 0.5866
650.0000 0.5866
651.0000 0.5866
652.0000 0.5866
653.0000 0.5866
654.0000 0.5866
655.0000 0.5866
656.0000 0.5866
657.0000 0.5866
658.0000 0.5866
659.0000 0.5866
660.0000 0.5866
661.0000 0.5866
662.0000 0.5866
663.0000 0.5866
664.0000 0.5866
665.0000 0.5866
666.0000 0.5866
667.0000 0.5866
668.0000 0.5866
669.0000 0.5866
670.0000 0.5866
671.0000 0.5866
672.0000 0.5866
673.0000 0.5866
674.0000 0.5866
675.0000 0.5866
676.0000 0.5866
677.0000 0.5866
678.0000 0.5866
679.0000 0.5866
680.0000 0.5866
681.0000 0.5866
682.0000 0.5866
683.0000 0.5866
684.0000 0.5866
685.0000 0.5866
686.0000 0.5866
687.0000 0.5866
688.0000 0.5866
689.0000 0.5866
690.0000 0.5866
691.0000 0.5866
692.0000 0.5866
693.0000 0.5866
694.0000 0.5866
695.0000 0.5866
696.0000 0.5866
697.0000 0.5866
698.0000 0.5867
699.0000 0.5867
700.0000 0.5867
701.0000 0.5867
702.0000 0.5867
703.0000 0.5867
704.0000 0.5867
705.0000 0.5867
706.0000 0.5867
707.0000 0.5867
708.0000 0.5867
709.0000 0.5867
710.0000 0.5867
711.0000 0.5867
712.0000 0.5867
713.0000 0.5867
714.0000 0.5867
715.0000 0.5867
716.0000 0.5867
717.0000 0.5867
718.0000 0.5867
719.0000 0.5867
720.0000 0.5867
721.0000 0.5867
722.0000 0.5867
723.0000 0.5867
724.0000 0.5867
725.0000 0.5867
726.0000 0.5867
727.0000 0.5867
728.0000 0.5867
729.0000 0.5867
730.0000 0.5867
731.0000 0.5867
732.0000 0.5867
733.0000 0.5867
734.0000 0.5867
735.0000 0.5867
736.0000 0.5867
737.0000 0.5867
738.0000 0.5867
739.0000 0.5867
740.0000 0.5867
741.0000 0.5867
742.0000 0.5867
743.0000 0.5867
744.0000 0.5867
745.0000 0.5867
746.0000 0.5867
747.0000 0.5867
748.0000 0.5867
749.0000 0.5867
750.0000 0.5867
751.0000 0.5867
752.0000 0.5867
753.0000 0.5867
754.0000 0.5867
755.0000 0.5867
756.0000 0.5867
757.0000 0.5867
758.0000 0.5867
759.0000 0.5867
760.0000 0.5867
761.0000 0.5867
762.0000 0.5867
763.0000 0.5867
764.0000 0.5867
765.0000 0.5867
766.0000 0.5867
767.0000 0.5867
768.0000 0.5867
769.0000 0.5867
770.0000 0.5867
771.0000 0.5867
772.0000 0.5867
773.0000 0.5867
774.0000 0.5867
775.0000 0.5867
776.0000 0.5867
777.0000 0.5867
778.0000 0.5867
779.0000 0.5867
780.0000 0.5867
781.0000 0.5867
782.0000 0.5867
783.0000 0.5867
784.0000 0.5867
785.0000 0.5867
786.0000 0.5867
787.0000 0.5867
788.0000 0.5867
789.0000 0.5867
790.0000 0.5867
791.0000 0.5867
792.0000 0.5867
793.0000 0.5867
794.0000 0.5867
795.0000 0.5867
796.0000 0.5867
797.0000 0.5867
798.0000 0.5867
799.0000 0.5867
800.0000 -2.1542
801.0000 -2.1477
802.0000 -1.4456
803.0000 -0.8272
804.0000 -0.4496
805.0000 -0.2545
806.0000 -0.1579
807.0000 -0.1058
808.0000 -0.0735
809.0000 -0.0519
810.0000 -0.0379
811.0000 -0.0296
812.0000 -0.0251
813.0000 -0.0228
814.0000 -0.0216
815.0000 -0.0206
816.0000 -0.0196
817.0000 -0.0184
818.0000 -0.0168
819.0000 -0.0153
820.0000 -0.0143
821.0000 -0.0135
822.0000 -0.0121
823.0000 -0.0110
824.0000 -0.0099
825.0000 -0.0095
826.0000 -0.0092
827.0000 -0.0086
828.0000 -0.0074
829.0000 -0.0072
830.0000 -0.0071
831.0000 -0.0062
832.0000 -0.0059
833.0000 -0.0048
834.0000 -0.0047
835.0000 -0.0047
836.0000 -0.0044
837.0000 -0.0039
838.0000 -0.0035
839.0000 -0.0030
840.0000 -0.0023
841.0000 -0.0024
842.0000 -0.0027
843.0000 -0.0025
844.0000 -0.0029
845.0000 -0.0029
846.0000 -0.0020
847.0000 -0.0026
848.0000 -0.0025
849.0000 -0.0028
850.0000 -0.0029
851.0000 -0.0029
852.0000 -0.0025
853.0000 -0.0020
854.0000 -0.0025
855.0000 -0.0027
856.0000 -0.0029
857.0000 -0.0029
858.0000 -0.0031
859.0000 -0.0021
860.0000 -0.0017
861.0000 -0.0017
862.0000 -0.0022
863.0000 -0.0017
864.0000 -0.0014
865.0000 -0.0011
866.0000 -0.0011
867.0000 -0.0007
868.0000 -0.0003
869.0000 -0.0001
870.0000 0.0004
871.0000 0.0005
872.0000 0.0008
873.0000 0.0008
874.0000 0.0003
875.0000 0.0002
876.0000 -0.0000
877.0000 -0.0013
878.0000 -0.0020
879.0000 -0.0039
880.0000 -0.0055
881.0000 -0.0020
882.0000 0.0005
883.0000 0.0015
884.0000 0.0015
885.0000 0.0011
886.0000 0.0006
887.0000 0.0003
888.0000 0.0001
889.0000 -0.0001
890.0000 -0.0001
891.0000 -0.0001
892.0000 -0.0000
893.0000 0.0000
894.0000 0.0001
895.0000 0.0001
896.0000 0.0002
897.0000 0.0002
898.0000 0.0002
899.0000 0.0002
900.0000 0.0002
901.0000 0.0002
902.0000 0.0002
903.0000 0.0001
904.0000 0.0001
905.0000 0.0001
906.0000 0.0001
907.0000 0.0001
908.0000 0.0001
909.0000 0.0001
910.0000 0.0001
911.0000 0.0001
912.0000 0.0001
913.0000 0.0001
914.0000 0.0001
915.0000 0.0001
916.0000 0.0001
917.0000 0.0001
918.0000 0.0001
919.0000 0.0001
920.0000 0.0001
921.0000 0.0001
922.0000 0.0001
923.0000 0.0001
924.0000 0.0001
925.0000 0.0001
926.0000 0.0001
927.0000 0.0001
928.0000 0.0001
929.0000 0.0001
930.0000 0.0001
931.0000 0.0001
932.0000 0.0001
933.0000 0.0001
934.0000 0.0001
935.0000 0.0001
936.0000 0.0001
937.0000 0.0001
938.0000 0.0001
939.0000 0.0001
940.0000 0.0001
941.0000 0.0000
942.0000 0.0000
943.0000 0.0000
944.0000 0.0000
945.0000 0.0000
946.0000 0.0000
947.0000 0.0000
948.0000 0.0000
949.0000 0.0000
950.0000 0.0000
951.0000 0.0000
952.0000 0.0000
953.0000 0.0000
954.0000 0.0000
955.0000 0.0000
956.0000 0.0000
957.0000 0.0000
958.0000 0.0000
959.0000 0.0000
960.0000 0.0000
961.0000 0.0000
962.0000 0.0000
963.0000 0.0000
964.0000 0.0000
965.0000 0.0000
966.0000 0.0000
967.0000 0.0000
968.0000 0.0000
969.0000 0.0000
970.0000 0.0000
971.0000 0.0000
972.0000 0.0000
973.0000 0.0000
974.0000 0.0000
975.0000 0.0000
976.0000 0.0000
977.0000 0.0000
978.0000 0.0000
979.0000 0.0000
980.0000 0.0000
981.0000 0.0000
982.0000 0.0000
983.0000 0.0000
984.0000 0.0000
985.0000 0.0000
986.0000 0.0000
987.0000 0.0000
988.0000 0.0000
989.0000 0.0000
990.0000 0.0000
991.0000 0.0000
992.0000 0.0000
993.0000 0.0000
994.0000 0.0000
995.0000 0.0000
996.0000 0.0000
997.0000 0.0000
998.0000 0.0000
999.0000 0.0000
1000.0000 0.0000
1001.0000 0.0000
1002.0000 0.0000
1003.0000 0.0000
1004.0000 0.0000
1005.0000 0.0000
1006.0000 0.0000
1007.0000 0.0000
1008.0000 0.0000
1009.0000 0.0000
1010.0000 0.0000
1011.0000 0.0000
1012.0000 0.0000
1013.0000 0.0000
1014.0000 0.0000
1015.0000 0.0000
1016.0000 0.0000
1017.0000 0.0000
1018.0000 0.0000
1019.0000 0.0000
1020.0000 0.0000
1021.0000 0.0000
1022.0000 0.0000
1023.0000 0.0000
1024.0000 0.0000
1025.0000 0.0000
1026.0000 0.0000
1027.0000 0.0000
1028.0000 0.0000
1029.0000 0.0000
1030.0000 0.0000
1031.0000 0.0000
1032.0000 0.0000
1033.0000 0.0000
1034.0000 0.0000
1035.0000 0.0000
1036.0000 0.0000
1037.0000 0.0000
1038.0000 0.0000
1039.0000 0.0000
1040.0000 0.0000
1041.0000 0.0000
1042.0000 0.0000
1043.0000 0.0000
1044.0000 0.0000
1045.0000 0.0000
1046.0000 0.0000
1047.0000 0.0000
1048.0000 0.0000
1049.0000 0.0000
1050.0000 0.0000
1051.0000 0.0000
1052.0000 0.0000
1053.0000 0.0000
1054.0000 0.0000
1055.0000 0.0000
1056.0000 0.0000
1057.0000 0.0000
1058.0000 0.0000
1059.0000 0.0000
1060.0000 0.0000
1061.0000 0.0000
1062.0000 0.0000
1063.0000 0.0000
1064.0000 0.0000
1065.0000 0.0000
1066.0000 0.0000
1067.0000 0.0000
1068.0000 0.0000
1069.0000 0.0000
1070.0000 0.0000
1071.0000 0.0000
1072.0000 0.0000
1073.0000 0.0000
1074.0000 0.0000
1075.0000 0.0000
1076.0000 0.0000
1077.0000 0.0000
1078.0000 0.0000
1079.0000 0.0000
1080.0000 0.0000
1081.0000 0.0000
1082.0000 0.0000
1083.0000 0.0000
1084.0000 0.0000
1085.0000 0.0000
1086.0000 0.0000
1087.0000 0.0000
1088.0000 0.0000
1089.0000 0.0000
1090.0000 0.0000
1091.0000 0.0000
1092.0000 0.0000
1093.0000 0.0000
1094.0000 0.0000
1095.0000 0.0000
1096.0000 0.0000
1097.0000 0.0000
1098.0000 0.0000
1099.0000 0.0000
1100.0000 0.0000
