1.0000 0.0000
2.0000 0.0000
3.0000 0.0000
4.0000 0.0000
5.0000 0.0000
6.0000 0.0000
7.0000 0.0000
8.0000 0.0000
9.0000 0.0000
10.0000 0.4443
11.0000 0.5120
12.0000 0.4419
13.0000 0.3507
14.0000 0.2810
15.0000 0.2401
16.0000 0.2234
17.0000 0.2236
18.0000 0.2346
19.0000 0.2514
20.0000 0.2707
21.0000 0.2898
22.0000 0.3072
23.0000 0.3220
24.0000 0.3337
25.0000 0.3425
26.0000 0.3485
27.0000 0.3521
28.0000 0.3539
29.0000 0.3541
30.0000 0.3532
31.0000 0.3516
32.0000 0.3496
33.0000 0.3474
34.0000 0.3451
35.0000 0.3429
36.0000 0.3408
37.0000 0.3388
38.0000 0.3372
39.0000 0.3357
40.0000 0.3342
41.0000 0.3330
42.0000 0.3321
43.0000 0.3314
44.0000 0.3307
45.0000 0.3302
46.0000 0.3297
47.0000 0.3294
48.0000 0.3291
49.0000 0.3289
50.0000 0.3289
51.0000 0.3288
52.0000 0.3289
53.0000 0.3289
54.0000 0.3290
55.0000 0.3291
56.0000 0.3294
57.0000 0.3298
58.0000 0.3301
59.0000 0.3302
60.0000 0.3305
61.0000 0.3308
62.0000 0.3312
63.0000 0.3315
64.0000 0.3318
65.0000 0.3321
66.0000 0.3324
67.0000 0.3327
68.0000 0.3330
69.0000 0.3333
70.0000 0.3336
71.0000 0.3339
72.0000 0.3341
73.0000 0.3343
74.0000 0.3345
75.0000 0.3347
76.0000 0.3349
77.0000 0.3352
78.0000 0.3354
79.0000 0.3356
80.0000 0.3358
81.0000 0.3360
82.0000 0.3362
83.0000 0.3364
84.0000 0.3364
85.0000 0.3366
86.0000 0.3366
87.0000 0.3367
88.0000 0.3368
89.0000 0.3368
90.0000 0.3369
91.0000 0.3362
92.0000 0.3350
93.0000 0.3336
94.0000 0.3325
95.0000 0.3317
96.0000 0.3311
97.0000 0.3306
98.0000 0.3302
99.0000 0.3298
100.0000 0.3294
101.0000 0.3290
102.0000 0.3286
103.0000 0.3281
104.0000 0.3276
105.0000 0.3271
106.0000 0.3266
107.0000 0.3262
108.0000 0.3258
109.0000 0.3254
110.0000 0.3250
111.0000 0.3247
112.0000 0.3245
113.0000 0.3243
114.0000 0.3241
115.0000 0.3239
116.0000 0.3238
117.0000 0.3236
118.0000 0.3236
119.0000 0.3235
120.0000 0.3234
121.0000 0.3234
122.0000 0.3234
123.0000 0.3233
124.0000 0.3233
125.0000 0.3233
126.0000 0.3233
127.0000 0.3233
128.0000 0.3234
129.0000 0.3234
130.0000 0.3234
131.0000 0.3234
132.0000 0.3234
133.0000 0.3235
134.0000 0.3235
135.0000 0.3235
136.0000 0.3235
137.0000 0.3236
138.0000 0.3236
139.0000 0.3236
140.0000 0.3237
141.0000 0.3237
142.0000 0.3237
143.0000 0.3237
144.0000 0.3238
145.0000 0.3238
146.0000 0.3238
147.0000 0.3238
148.0000 0.3238
149.0000 0.3239
150.0000 0.3239
151.0000 0.3239
152.0000 0.3239
153.0000 0.3239
154.0000 0.3239
155.0000 0.3240
156.0000 0.3240
157.0000 0.3240
158.0000 0.3240
159.0000 0.3240
160.0000 0.3240
161.0000 0.3240
162.0000 0.3240
163.0000 0.3240
164.0000 0.3240
165.0000 0.3240
166.0000 0.3240
167.0000 0.3240
168.0000 0.3241
169.0000 0.3241
170.0000 0.3241
171.0000 0.3241
172.0000 0.3241
173.0000 0.3241
174.0000 0.3241
175.0000 0.3241
176.0000 0.3241
177.0000 0.3241
178.0000 0.3241
179.0000 0.3241
180.0000 0.3241
181.0000 0.3241
182.0000 0.3241
183.0000 0.3241
184.0000 0.3241
185.0000 0.3241
186.0000 0.3241
187.0000 0.3241
188.0000 0.3241
189.0000 0.3241
190.0000 0.3241
191.0000 0.3241
192.0000 0.3241
193.0000 0.3241
194.0000 0.3241
195.0000 0.3241
196.0000 0.3241
197.0000 0.3240
198.0000 0.3240
199.0000 0.3240
200.0000 -0.5646
201.0000 -0.7001
202.0000 -0.5598
203.0000 -0.3775
204.0000 -0.2380
205.0000 -0.1562
206.0000 -0.1227
207.0000 -0.1232
208.0000 -0.1451
209.0000 -0.1789
210.0000 -0.2174
211.0000 -0.2557
212.0000 -0.2905
213.0000 -0.3200
214.0000 -0.3435
215.0000 -0.3610
216.0000 -0.3731
217.0000 -0.3803
218.0000 -0.3839
219.0000 -0.3842
220.0000 -0.3825
221.0000 -0.3792
222.0000 -0.3753
223.0000 -0.3709
224.0000 -0.3663
225.0000 -0.3619
226.0000 -0.3577
227.0000 -0.3538
228.0000 -0.3504
229.0000 -0.3474
230.0000 -0.3446
231.0000 -0.3422
232.0000 -0.3403
233.0000 -0.3389
234.0000 -0.3375
235.0000 -0.3364
236.0000 -0.3355
237.0000 -0.3349
238.0000 -0.3343
239.0000 -0.3340
240.0000 -0.3339
241.0000 -0.3338
242.0000 -0.3339
243.0000 -0.3340
244.0000 -0.3342
245.0000 -0.3344
246.0000 -0.3350
247.0000 -0.3357
248.0000 -0.3363
249.0000 -0.3366
250.0000 -0.3371
251.0000 -0.3378
252.0000 -0.3385
253.0000 -0.3391
254.0000 -0.3397
255.0000 -0.3404
256.0000 -0.3410
257.0000 -0.3416
258.0000 -0.3422
259.0000 -0.3428
260.0000 -0.3434
261.0000 -0.3439
262.0000 -0.3443
263.0000 -0.3447
264.0000 -0.3451
265.0000 -0.3455
266.0000 -0.3459
267.0000 -0.3465
268.0000 -0.3470
269.0000 -0.3474
270.0000 -0.3478
271.0000 -0.3482
272.0000 -0.3486
273.0000 -0.3489
274.0000 -0.3490
275.0000 -0.3493
276.0000 -0.3495
277.0000 -0.3495
278.0000 -0.3497
279.0000 -0.3497
280.0000 -0.3499
281.0000 -0.3485
282.0000 -0.3461
283.0000 -0.3434
284.0000 -0.3412
285.0000 -0.3395
286.0000 -0.3383
287.0000 -0.3374
288.0000 -0.3366
289.0000 -0.3358
290.0000 -0.3351
291.0000 -0.3342
292.0000 -0.3333
293.0000 -0.3323
294.0000 -0.3314
295.0000 -0.3304
296.0000 -0.3294
297.0000 -0.3285
298.0000 -0.3277
299.0000 -0.3270
300.0000 -0.3263
301.0000 -0.3257
302.0000 -0.3251
303.0000 -0.3247
304.0000 -0.3243
305.0000 -0.3240
306.0000 -0.3237
307.0000 -0.3235
308.0000 -0.3233
309.0000 -0.3231
310.0000 -0.3230
311.0000 -0.3230
312.0000 -0.3229
313.0000 -0.3229
314.0000 -0.3228
315.0000 -0.3228
316.0000 -0.3228
317.0000 -0.3229
318.0000 -0.3229
319.0000 -0.3229
320.0000 -0.3230
321.0000 -0.3230
322.0000 -0.3231
323.0000 -0.3231
324.0000 -0.3232
325.0000 -0.3232
326.0000 -0.3233
327.0000 -0.3233
328.0000 -0.3234
329.0000 -0.3234
330.0000 -0.3235
331.0000 -0.3235
332.0000 -0.3236
333.0000 -0.3236
334.0000 -0.3237
335.0000 -0.3237
336.0000 -0.3238
337.0000 -0.3238
338.0000 -0.3239
339.0000 -0.3239
340.0000 -0.3239
341.0000 -0.3240
342.0000 -0.3240
343.0000 -0.3240
344.0000 -0.3241
345.0000 -0.3241
346.0000 -0.3241
347.0000 -0.3241
348.0000 -0.3242
349.0000 -0.3242
350.0000 -0.3242
351.0000 -0.3242
352.0000 -0.3242
353.0000 -0.3242
354.0000 -0.3242
355.0000 -0.3243
356.0000 -0.3243
357.0000 -0.3243
358.0000 -0.3243
359.0000 -0.3243
360.0000 -0.3243
361.0000 -0.3243
362.0000 -0.3243
363.0000 -0.3243
364.0000 -0.3244
365.0000 -0.3244
366.0000 -0.3244
367.0000 -0.3244
368.0000 -0.3244
369.0000 -0.3244
370.0000 -0.3244
371.0000 -0.3244
372.0000 -0.3244
373.0000 -0.3244
374.0000 -0.3244
375.0000 -0.3244
376.0000 -0.3244
377.0000 -0.3244
378.0000 -0.3244
379.0000 -0.3244
380.0000 -0.3243
381.0000 -0.3243
382.0000 -0.3243
383.0000 -0.3243
384.0000 -0.3243
385.0000 -0.3243
386.0000 -0.3243
387.0000 -0.3243
388.0000 -0.3243
389.0000 -0.3243
390.0000 -0.3242
391.0000 -0.3242
392.0000 -0.3242
393.0000 -0.3242
394.0000 -0.3242
395.0000 -0.3242
396.0000 -0.3242
397.0000 -0.3241
398.0000 -0.3241
399.0000 -0.3241
400.0000 -0.3241
401.0000 -0.3241
402.0000 -0.3241
403.0000 -0.3241
404.0000 -0.3241
405.0000 -0.3241
406.0000 -0.3240
407.0000 -0.3240
408.0000 -0.3240
409.0000 -0.3240
410.0000 -0.3240
411.0000 -0.3240
412.0000 -0.3240
413.0000 -0.3240
414.0000 -0.3240
415.0000 -0.3240
416.0000 -0.3240
417.0000 -0.3240
418.0000 -0.3240
419.0000 -0.3239
420.0000 -0.3239
421.0000 -0.3239
422.0000 -0.3239
423.0000 -0.3239
424.0000 -0.3239
425.0000 -0.3239
426.0000 -0.3239
427.0000 -0.3239
428.0000 -0.3239
429.0000 -0.3239
430.0000 -0.3239
431.0000 -0.3239
432.0000 -0.3239
433.0000 -0.3239
434.0000 -0.3239
435.0000 -0.3239
436.0000 -0.3239
437.0000 -0.3239
438.0000 -0.3239
439.0000 -0.3239
440.0000 -0.3239
441.0000 -0.3239
442.0000 -0.3239
443.0000 -0.3239
444.0000 -0.3239
445.0000 -0.3239
446.0000 -0.3239
447.0000 -0.3239
448.0000 -0.3239
449.0000 -0.3239
450.0000 -0.3239
451.0000 -0.3239
452.0000 -0.3239
453.0000 -0.3239
454.0000 -0.3239
455.0000 -0.3239
456.0000 -0.3239
457.0000 -0.3239
458.0000 -0.3239
459.0000 -0.3239
460.0000 -0.3239
461.0000 -0.3239
462.0000 -0.3239
463.0000 -0.3239
464.0000 -0.3239
465.0000 -0.3239
466.0000 -0.3239
467.0000 -0.3238
468.0000 -0.3238
469.0000 -0.3238
470.0000 -0.3238
471.0000 -0.3238
472.0000 -0.3238
473.0000 -0.3238
474.0000 -0.3238
475.0000 -0.3238
476.0000 -0.3238
477.0000 -0.3238
478.0000 -0.3238
479.0000 -0.3238
480.0000 -0.3238
481.0000 -0.3238
482.0000 -0.3238
483.0000 -0.3238
484.0000 -0.3238
485.0000 -0.3238
486.0000 -0.3238
487.0000 -0.3238
488.0000 -0.3238
489.0000 -0.3238
490.0000 -0.3238
491.0000 -0.3238
492.0000 -0.3238
493.0000 -0.3238
494.0000 -0.3238
495.0000 -0.3238
496.0000 -0.3238
497.0000 -0.3238
498.0000 -0.3238
499.0000 -0.3238
500.0000 0.4537
501.0000 0.5723
502.0000 0.4495
503.0000 0.2900
504.0000 0.1679
505.0000 0.0964
506.0000 0.0671
507.0000 0.0675
508.0000 0.0867
509.0000 0.1162
510.0000 0.1498
511.0000 0.1833
512.0000 0.2138
513.0000 0.2397
514.0000 0.2602
515.0000 0.2755
516.0000 0.2861
517.0000 0.2924
518.0000 0.2955
519.0000 0.2958
520.0000 0.2943
521.0000 0.2914
522.0000 0.2880
523.0000 0.2841
524.0000 0.2801
525.0000 0.2763
526.0000 0.2726
527.0000 0.2691
528.0000 0.2662
529.0000 0.2636
530.0000 0.2611
531.0000 0.2590
532.0000 0.2573
533.0000 0.2561
534.0000 0.2549
535.0000 0.2539
536.0000 0.2531
537.0000 0.2526
538.0000 0.2521
539.0000 0.2518
540.0000 0.2517
541.0000 0.2516
542.0000 0.2517
543.0000 0.2518
544.0000 0.2520
545.0000 0.2522
546.0000 0.2527
547.0000 0.2533
548.0000 0.2538
549.0000 0.2541
550.0000 0.2545
551.0000 0.2552
552.0000 0.2557
553.0000 0.2563
554.0000 0.2568
555.0000 0.2574
556.0000 0.2579
557.0000 0.2584
558.0000 0.2590
559.0000 0.2595
560.0000 0.2600
561.0000 0.2604
562.0000 0.2608
563.0000 0.2611
564.0000 0.2615
565.0000 0.2618
566.0000 0.2622
567.0000 0.2627
568.0000 0.2631
569.0000 0.2635
570.0000 0.2638
571.0000 0.2642
572.0000 0.2645
573.0000 0.2648
574.0000 0.2649
575.0000 0.2652
576.0000 0.2653
577.0000 0.2654
578.0000 0.2655
579.0000 0.2656
580.0000 0.2657
581.0000 0.2645
582.0000 0.2623
583.0000 0.2601
584.0000 0.2581
585.0000 0.2566
586.0000 0.2555
587.0000 0.2547
588.0000 0.2540
589.0000 0.2534
590.0000 0.2527
591.0000 0.2520
592.0000 0.2512
593.0000 0.2503
594.0000 0.2495
595.0000 0.2486
596.0000 0.2478
597.0000 0.2470
598.0000 0.2463
599.0000 0.2456
600.0000 0.2450
601.0000 0.2445
602.0000 0.2440
603.0000 0.2436
604.0000 0.2433
605.0000 0.2430
606.0000 0.2428
607.0000 0.2426
608.0000 0.2424
609.0000 0.2423
610.0000 0.2422
611.0000 0.2421
612.0000 0.2421
613.0000 0.2420
614.0000 0.2420
615.0000 0.2420
616.0000 0.2420
617.0000 0.2420
618.0000 0.2421
619.0000 0.2421
620.0000 0.2421
621.0000 0.2422
622.0000 0.2422
623.0000 0.2422
624.0000 0.2423
625.0000 0.2423
626.0000 0.2424
627.0000 0.2424
628.0000 0.2425
629.0000 0.2425
630.0000 0.2426
631.0000 0.2426
632.0000 0.2427
633.0000 0.2427
634.0000 0.2428
635.0000 0.2428
636.0000 0.2428
637.0000 0.2429
638.0000 0.2429
639.0000 0.2429
640.0000 0.2430
641.0000 0.2430
642.0000 0.2430
643.0000 0.2431
644.0000 0.2431
645.0000 0.2431
646.0000 0.2431
647.0000 0.2431
648.0000 0.2432
649.0000 0.2432
650.0000 0.2432
651.0000 0.2432
652.0000 0.2432
653.0000 0.2432
654.0000 0.2432
655.0000 0.2432
656.0000 0.2433
657.0000 0.2433
658.0000 0.2433
659.0000 0.2433
660.0000 0.2433
661.0000 0.2433
662.0000 0.2433
663.0000 0.2433
664.0000 0.2433
665.0000 0.2433
666.0000 0.2433
667.0000 0.2434
668.0000 0.2434
669.0000 0.2434
670.0000 0.2434
671.0000 0.2434
672.0000 0.2434
673.0000 0.2434
674.0000 0.2434
675.0000 0.2434
676.0000 0.2433
677.0000 0.2433
678.0000 0.2433
679.0000 0.2433
680.0000 0.2433
681.0000 0.2433
682.0000 0.2433
683.0000 0.2433
684.0000 0.2433
685.0000 0.2433
686.0000 0.2433
687.0000 0.2433
688.0000 0.2433
689.0000 0.2432
690.0000 0.2432
691.0000 0.2432
692.0000 0.2432
693.0000 0.2432
694.0000 0.2432
695.0000 0.2432
696.0000 0.2432
697.0000 0.2432
698.0000 0.2431
699.0000 0.2431
700.0000 0.2431
701.0000 0.2431
702.0000 0.2431
703.0000 0.2431
704.0000 0.2431
705.0000 0.2431
706.0000 0.2431
707.0000 0.2431
708.0000 0.2430
709.0000 0.2430
710.0000 0.2430
711.0000 0.2430
712.0000 0.2430
713.0000 0.2430
714.0000 0.2430
715.0000 0.2430
716.0000 0.2430
717.0000 0.2430
718.0000 0.2430
719.0000 0.2430
720.0000 0.2430
721.0000 0.2430
722.0000 0.2430
723.0000 0.2430
724.0000 0.2430
725.0000 0.2430
726.0000 0.2429
727.0000 0.2429
728.0000 0.2429
729.0000 0.2429
730.0000 0.2429
731.0000 0.2429
732.0000 0.2429
733.0000 0.2429
734.0000 0.2429
735.0000 0.2429
736.0000 0.2429
737.0000 0.2429
738.0000 0.2429
739.0000 0.2429
740.0000 0.2429
741.0000 0.2429
742.0000 0.2429
743.0000 0.2429
744.0000 0.2429
745.0000 0.2429
746.0000 0.2429
747.0000 0.2429
748.0000 0.2429
749.0000 0.2429
750.0000 0.2429
751.0000 0.2429
752.0000 0.2429
753.0000 0.2429
754.0000 0.2429
755.0000 0.2429
756.0000 0.2429
757.0000 0.2429
758.0000 0.2429
759.0000 0.2429
760.0000 0.2429
761.0000 0.2429
762.0000 0.2429
763.0000 0.2429
764.0000 0.2429
765.0000 0.2429
766.0000 0.2429
767.0000 0.2429
768.0000 0.2429
769.0000 0.2429
770.0000 0.2429
771.0000 0.2429
772.0000 0.2429
773.0000 0.2429
774.0000 0.2429
775.0000 0.2429
776.0000 0.2429
777.0000 0.2429
778.0000 0.2429
779.0000 0.2429
780.0000 0.2429
781.0000 0.2429
782.0000 0.2429
783.0000 0.2429
784.0000 0.2429
785.0000 0.2429
786.0000 0.2429
787.0000 0.2429
788.0000 0.2429
789.0000 0.2429
790.0000 0.2429
791.0000 0.2429
792.0000 0.2429
793.0000 0.2429
794.0000 0.2429
795.0000 0.2429
796.0000 0.2429
797.0000 0.2429
798.0000 0.2429
799.0000 0.2429
800.0000 -0.0904
801.0000 -0.1412
802.0000 -0.0885
803.0000 -0.0202
804.0000 0.0321
805.0000 0.0628
806.0000 0.0754
807.0000 0.0752
808.0000 0.0670
809.0000 0.0543
810.0000 0.0399
811.0000 0.0255
812.0000 0.0125
813.0000 0.0014
814.0000 -0.0074
815.0000 -0.0140
816.0000 -0.0185
817.0000 -0.0212
818.0000 -0.0226
819.0000 -0.0227
820.0000 -0.0220
821.0000 -0.0208
822.0000 -0.0193
823.0000 -0.0177
824.0000 -0.0160
825.0000 -0.0143
826.0000 -0.0127
827.0000 -0.0113
828.0000 -0.0100
829.0000 -0.0089
830.0000 -0.0078
831.0000 -0.0069
832.0000 -0.0062
833.0000 -0.0057
834.0000 -0.0052
835.0000 -0.0047
836.0000 -0.0044
837.0000 -0.0042
838.0000 -0.0039
839.0000 -0.0038
840.0000 -0.0038
841.0000 -0.0037
842.0000 -0.0038
843.0000 -0.0038
844.0000 -0.0039
845.0000 -0.0040
846.0000 -0.0042
847.0000 -0.0045
848.0000 -0.0047
849.0000 -0.0048
850.0000 -0.0050
851.0000 -0.0053
852.0000 -0.0055
853.0000 -0.0057
854.0000 -0.0060
855.0000 -0.0062
856.0000 -0.0064
857.0000 -0.0067
858.0000 -0.0069
859.0000 -0.0071
860.0000 -0.0074
861.0000 -0.0075
862.0000 -0.0077
863.0000 -0.0078
864.0000 -0.0080
865.0000 -0.0081
866.0000 -0.0083
867.0000 -0.0085
868.0000 -0.0087
869.0000 -0.0088
870.0000 -0.0090
871.0000 -0.0091
872.0000 -0.0093
873.0000 -0.0094
874.0000 -0.0095
875.0000 -0.0096
876.0000 -0.0096
877.0000 -0.0096
878.0000 -0.0097
879.0000 -0.0097
880.0000 -0.0098
881.0000 -0.0093
882.0000 -0.0083
883.0000 -0.0074
884.0000 -0.0065
885.0000 -0.0059
886.0000 -0.0054
887.0000 -0.0051
888.0000 -0.0048
889.0000 -0.0045
890.0000 -0.0042
891.0000 -0.0039
892.0000 -0.0036
893.0000 -0.0032
894.0000 -0.0028
895.0000 -0.0025
896.0000 -0.0021
897.0000 -0.0018
898.0000 -0.0015
899.0000 -0.0012
900.0000 -0.0009
901.0000 -0.0007
902.0000 -0.0005
903.0000 -0.0003
904.0000 -0.0002
905.0000 -0.0001
906.0000 0.0000
907.0000 0.0001
908.0000 0.0002
909.0000 0.0002
910.0000 0.0003
911.0000 0.0003
912.0000 0.0003
913.0000 0.0004
914.0000 0.0004
915.0000 0.0004
916.0000 0.0004
917.0000 0.0004
918.0000 0.0003
919.0000 0.0003
920.0000 0.0003
921.0000 0.0003
922.0000 0.0003
923.0000 0.0003
924.0000 0.0002
925.0000 0.0002
926.0000 0.0002
927.0000 0.0002
928.0000 0.0002
929.0000 0.0001
930.0000 0.0001
931.0000 0.0001
932.0000 0.0001
933.0000 0.0001
934.0000 0.0000
935.0000 0.0000
936.0000 0.0000
937.0000 -0.0000
938.0000 -0.0000
939.0000 -0.0000
940.0000 -0.0000
941.0000 -0.0001
942.0000 -0.0001
943.0000 -0.0001
944.0000 -0.0001
945.0000 -0.0001
946.0000 -0.0001
947.0000 -0.0001
948.0000 -0.0001
949.0000 -0.0001
950.0000 -0.0001
951.0000 -0.0001
952.0000 -0.0002
953.0000 -0.0002
954.0000 -0.0002
955.0000 -0.0002
956.0000 -0.0002
957.0000 -0.0002
958.0000 -0.0002
959.0000 -0.0002
960.0000 -0.0002
961.0000 -0.0002
962.0000 -0.0002
963.0000 -0.0002
964.0000 -0.0002
965.0000 -0.0002
966.0000 -0.0002
967.0000 -0.0002
968.0000 -0.0002
969.0000 -0.0002
970.0000 -0.0002
971.0000 -0.0002
972.0000 -0.0002
973.0000 -0.0002
974.0000 -0.0002
975.0000 -0.0002
976.0000 -0.0002
977.0000 -0.0002
978.0000 -0.0002
979.0000 -0.0002
980.0000 -0.0002
981.0000 -0.0002
982.0000 -0.0002
983.0000 -0.0002
984.0000 -0.0002
985.0000 -0.0002
986.0000 -0.0002
987.0000 -0.0002
988.0000 -0.0002
989.0000 -0.0002
990.0000 -0.0002
991.0000 -0.0002
992.0000 -0.0001
993.0000 -0.0001
994.0000 -0.0001
995.0000 -0.0001
996.0000 -0.0001
997.0000 -0.0001
998.0000 -0.0001
999.0000 -0.0001
1000.0000 -0.0001
1001.0000 -0.0001
1002.0000 -0.0001
1003.0000 -0.0001
1004.0000 -0.0001
1005.0000 -0.0001
1006.0000 -0.0001
1007.0000 -0.0001
1008.0000 -0.0001
1009.0000 -0.0001
1010.0000 -0.0001
1011.0000 -0.0001
1012.0000 -0.0001
1013.0000 -0.0001
1014.0000 -0.0001
1015.0000 -0.0001
1016.0000 -0.0001
1017.0000 -0.0001
1018.0000 -0.0001
1019.0000 -0.0000
1020.0000 -0.0000
1021.0000 -0.0000
1022.0000 -0.0000
1023.0000 -0.0000
1024.0000 -0.0000
1025.0000 -0.0000
1026.0000 -0.0000
1027.0000 -0.0000
1028.0000 -0.0000
1029.0000 -0.0000
1030.0000 -0.0000
1031.0000 -0.0000
1032.0000 -0.0000
1033.0000 -0.0000
1034.0000 -0.0000
1035.0000 -0.0000
1036.0000 -0.0000
1037.0000 -0.0000
1038.0000 -0.0000
1039.0000 -0.0000
1040.0000 -0.0000
1041.0000 -0.0000
1042.0000 -0.0000
1043.0000 -0.0000
1044.0000 -0.0000
1045.0000 -0.0000
1046.0000 -0.0000
1047.0000 -0.0000
1048.0000 -0.0000
1049.0000 -0.0000
1050.0000 -0.0000
1051.0000 -0.0000
1052.0000 -0.0000
1053.0000 -0.0000
1054.0000 -0.0000
1055.0000 -0.0000
1056.0000 -0.0000
1057.0000 -0.0000
1058.0000 -0.0000
1059.0000 -0.0000
1060.0000 -0.0000
1061.0000 -0.0000
1062.0000 -0.0000
1063.0000 -0.0000
1064.0000 -0.0000
1065.0000 -0.0000
1066.0000 -0.0000
1067.0000 -0.0000
1068.0000 -0.0000
1069.0000 -0.0000
1070.0000 -0.0000
1071.0000 -0.0000
1072.0000 -0.0000
1073.0000 -0.0000
1074.0000 -0.0000
1075.0000 -0.0000
1076.0000 -0.0000
1077.0000 -0.0000
1078.0000 -0.0000
1079.0000 -0.0000
1080.0000 -0.0000
1081.0000 -0.0000
1082.0000 -0.0000
1083.0000 -0.0000
1084.0000 -0.0000
1085.0000 -0.0000
1086.0000 -0.0000
1087.0000 -0.0000
1088.0000 -0.0000
1089.0000 -0.0000
1090.0000 -0.0000
1091.0000 -0.0000
1092.0000 -0.0000
1093.0000 -0.0000
1094.0000 -0.0000
1095.0000 -0.0000
1096.0000 -0.0000
1097.0000 -0.0000
1098.0000 -0.0000
1099.0000 -0.0000
1100.0000 -0.0000
