1.0000 0.0000
2.0000 0.0000
3.0000 0.0000
4.0000 0.0000
5.0000 0.0000
6.0000 0.0000
7.0000 0.0000
8.0000 0.0000
9.0000 0.0000
10.0000 1.4184
11.0000 0.6451
12.0000 0.0896
13.0000 -0.0301
14.0000 0.0338
15.0000 0.1133
16.0000 0.1565
17.0000 0.1656
18.0000 0.1535
19.0000 0.1322
20.0000 0.1087
21.0000 0.0873
22.0000 0.0699
23.0000 0.0564
24.0000 0.0460
25.0000 0.0387
26.0000 0.0339
27.0000 0.0307
28.0000 0.0285
29.0000 0.0269
30.0000 0.0260
31.0000 0.0258
32.0000 0.0253
33.0000 0.0252
34.0000 0.0251
35.0000 0.0248
36.0000 0.0251
37.0000 0.0248
38.0000 0.0247
39.0000 0.0247
40.0000 0.0247
41.0000 0.0251
42.0000 0.0249
43.0000 0.0248
44.0000 0.0247
45.0000 0.0247
46.0000 0.0246
47.0000 0.0248
48.0000 0.0250
49.0000 0.0247
50.0000 0.0247
51.0000 0.0248
52.0000 0.0250
53.0000 0.0247
54.0000 0.0251
55.0000 0.0250
56.0000 0.0251
57.0000 0.0253
58.0000 0.0255
59.0000 0.0257
60.0000 0.0260
61.0000 0.0259
62.0000 0.0258
63.0000 0.0264
64.0000 0.0266
65.0000 0.0265
66.0000 0.0267
67.0000 0.0270
68.0000 0.0271
69.0000 0.0274
70.0000 0.0277
71.0000 0.0277
72.0000 0.0277
73.0000 0.0279
74.0000 0.0284
75.0000 0.0287
76.0000 0.0284
77.0000 0.0284
78.0000 0.0284
79.0000 0.0284
80.0000 0.0284
81.0000 0.0286
82.0000 0.0282
83.0000 0.0282
84.0000 0.0281
85.0000 0.0277
86.0000 0.0275
87.0000 0.0274
88.0000 0.0273
89.0000 0.0276
90.0000 0.0276
91.0000 0.0280
92.0000 0.0287
93.0000 0.0293
94.0000 0.0294
95.0000 0.0293
96.0000 0.0291
97.0000 0.0289
98.0000 0.0289
99.0000 0.0289
100.0000 0.0291
101.0000 0.0292
102.0000 0.0294
103.0000 0.0295
104.0000 0.0296
105.0000 0.0297
106.0000 0.0298
107.0000 0.0298
108.0000 0.0298
109.0000 0.0297
110.0000 0.0297
111.0000 0.0296
112.0000 0.0295
113.0000 0.0295
114.0000 0.0294
115.0000 0.0293
116.0000 0.0292
117.0000 0.0291
118.0000 0.0291
119.0000 0.0290
120.0000 0.0289
121.0000 0.0288
122.0000 0.0288
123.0000 0.0287
124.0000 0.0286
125.0000 0.0285
126.0000 0.0285
127.0000 0.0284
128.0000 0.0284
129.0000 0.0283
130.0000 0.0282
131.0000 0.0282
132.0000 0.0281
133.0000 0.0281
134.0000 0.0280
135.0000 0.0280
136.0000 0.0280
137.0000 0.0279
138.0000 0.0279
139.0000 0.0278
140.0000 0.0278
141.0000 0.0278
142.0000 0.0278
143.0000 0.0277
144.0000 0.0277
145.0000 0.0277
146.0000 0.0277
147.0000 0.0276
148.0000 0.0276
149.0000 0.0276
150.0000 0.0276
151.0000 0.0276
152.0000 0.0275
153.0000 0.0275
154.0000 0.0275
155.0000 0.0275
156.0000 0.0275
157.0000 0.0275
158.0000 0.0275
159.0000 0.0275
160.0000 0.0275
161.0000 0.0275
162.0000 0.0275
163.0000 0.0274
164.0000 0.0274
165.0000 0.0274
166.0000 0.0274
167.0000 0.0274
168.0000 0.0274
169.0000 0.0274
170.0000 0.0274
171.0000 0.0274
172.0000 0.0274
173.0000 0.0274
174.0000 0.0274
175.0000 0.0274
176.0000 0.0274
177.0000 0.0274
178.0000 0.0274
179.0000 0.0274
180.0000 0.0274
181.0000 0.0274
182.0000 0.0274
183.0000 0.0273
184.0000 0.0273
185.0000 0.0273
186.0000 0.0273
187.0000 0.0273
188.0000 0.0273
189.0000 0.0273
190.0000 0.0273
191.0000 0.0273
192.0000 0.0273
193.0000 0.0273
194.0000 0.0273
195.0000 0.0273
196.0000 0.0273
197.0000 0.0273
198.0000 0.0273
199.0000 0.0273
200.0000 -2.8095
201.0000 -1.2628
202.0000 -0.1519
203.0000 0.0876
204.0000 -0.0403
205.0000 -0.1993
206.0000 -0.2858
207.0000 -0.3039
208.0000 -0.2796
209.0000 -0.2371
210.0000 -0.1900
211.0000 -0.1473
212.0000 -0.1125
213.0000 -0.0855
214.0000 -0.0646
215.0000 -0.0502
216.0000 -0.0405
217.0000 -0.0342
218.0000 -0.0297
219.0000 -0.0264
220.0000 -0.0248
221.0000 -0.0243
222.0000 -0.0233
223.0000 -0.0231
224.0000 -0.0230
225.0000 -0.0224
226.0000 -0.0229
227.0000 -0.0223
228.0000 -0.0221
229.0000 -0.0221
230.0000 -0.0222
231.0000 -0.0229
232.0000 -0.0225
233.0000 -0.0224
234.0000 -0.0221
235.0000 -0.0220
236.0000 -0.0220
237.0000 -0.0223
238.0000 -0.0226
239.0000 -0.0221
240.0000 -0.0222
241.0000 -0.0224
242.0000 -0.0227
243.0000 -0.0222
244.0000 -0.0230
245.0000 -0.0228
246.0000 -0.0229
247.0000 -0.0233
248.0000 -0.0237
249.0000 -0.0241
250.0000 -0.0248
251.0000 -0.0246
252.0000 -0.0244
253.0000 -0.0255
254.0000 -0.0260
255.0000 -0.0258
256.0000 -0.0262
257.0000 -0.0268
258.0000 -0.0269
259.0000 -0.0276
260.0000 -0.0282
261.0000 -0.0282
262.0000 -0.0281
263.0000 -0.0285
264.0000 -0.0295
265.0000 -0.0301
266.0000 -0.0295
267.0000 -0.0296
268.0000 -0.0295
269.0000 -0.0295
270.0000 -0.0297
271.0000 -0.0299
272.0000 -0.0291
273.0000 -0.0292
274.0000 -0.0289
275.0000 -0.0282
276.0000 -0.0277
277.0000 -0.0276
278.0000 -0.0275
279.0000 -0.0280
280.0000 -0.0279
281.0000 -0.0287
282.0000 -0.0302
283.0000 -0.0313
284.0000 -0.0316
285.0000 -0.0313
286.0000 -0.0309
287.0000 -0.0306
288.0000 -0.0305
289.0000 -0.0306
290.0000 -0.0309
291.0000 -0.0312
292.0000 -0.0316
293.0000 -0.0318
294.0000 -0.0321
295.0000 -0.0322
296.0000 -0.0323
297.0000 -0.0323
298.0000 -0.0323
299.0000 -0.0322
300.0000 -0.0321
301.0000 -0.0320
302.0000 -0.0319
303.0000 -0.0317
304.0000 -0.0315
305.0000 -0.0314
306.0000 -0.0312
307.0000 -0.0311
308.0000 -0.0309
309.0000 -0.0307
310.0000 -0.0306
311.0000 -0.0304
312.0000 -0.0303
313.0000 -0.0301
314.0000 -0.0300
315.0000 -0.0299
316.0000 -0.0297
317.0000 -0.0296
318.0000 -0.0295
319.0000 -0.0294
320.0000 -0.0293
321.0000 -0.0292
322.0000 -0.0291
323.0000 -0.0290
324.0000 -0.0289
325.0000 -0.0288
326.0000 -0.0287
327.0000 -0.0286
328.0000 -0.0285
329.0000 -0.0285
330.0000 -0.0284
331.0000 -0.0283
332.0000 -0.0283
333.0000 -0.0282
334.0000 -0.0282
335.0000 -0.0281
336.0000 -0.0281
337.0000 -0.0280
338.0000 -0.0280
339.0000 -0.0280
340.0000 -0.0279
341.0000 -0.0279
342.0000 -0.0279
343.0000 -0.0278
344.0000 -0.0278
345.0000 -0.0278
346.0000 -0.0278
347.0000 -0.0278
348.0000 -0.0277
349.0000 -0.0277
350.0000 -0.0277
351.0000 -0.0277
352.0000 -0.0277
353.0000 -0.0277
354.0000 -0.0277
355.0000 -0.0277
356.0000 -0.0276
357.0000 -0.0276
358.0000 -0.0276
359.0000 -0.0276
360.0000 -0.0276
361.0000 -0.0276
362.0000 -0.0276
363.0000 -0.0276
364.0000 -0.0275
365.0000 -0.0275
366.0000 -0.0275
367.0000 -0.0275
368.0000 -0.0275
369.0000 -0.0275
370.0000 -0.0275
371.0000 -0.0275
372.0000 -0.0275
373.0000 -0.0275
374.0000 -0.0275
375.0000 -0.0275
376.0000 -0.0275
377.0000 -0.0275
378.0000 -0.0275
379.0000 -0.0275
380.0000 -0.0274
381.0000 -0.0274
382.0000 -0.0274
383.0000 -0.0274
384.0000 -0.0274
385.0000 -0.0274
386.0000 -0.0274
387.0000 -0.0274
388.0000 -0.0274
389.0000 -0.0274
390.0000 -0.0274
391.0000 -0.0274
392.0000 -0.0274
393.0000 -0.0274
394.0000 -0.0274
395.0000 -0.0274
396.0000 -0.0274
397.0000 -0.0274
398.0000 -0.0274
399.0000 -0.0274
400.0000 -0.0274
401.0000 -0.0274
402.0000 -0.0274
403.0000 -0.0274
404.0000 -0.0274
405.0000 -0.0274
406.0000 -0.0274
407.0000 -0.0274
408.0000 -0.0274
409.0000 -0.0273
410.0000 -0.0273
411.0000 -0.0273
412.0000 -0.0273
413.0000 -0.0273
414.0000 -0.0273
415.0000 -0.0273
416.0000 -0.0273
417.0000 -0.0273
418.0000 -0.0273
419.0000 -0.0273
420.0000 -0.0273
421.0000 -0.0273
422.0000 -0.0273
423.0000 -0.0273
424.0000 -0.0273
425.0000 -0.0273
426.0000 -0.0273
427.0000 -0.0273
428.0000 -0.0273
429.0000 -0.0273
430.0000 -0.0273
431.0000 -0.0273
432.0000 -0.0273
433.0000 -0.0273
434.0000 -0.0273
435.0000 -0.0273
436.0000 -0.0273
437.0000 -0.0273
438.0000 -0.0273
439.0000 -0.0273
440.0000 -0.0273
441.0000 -0.0273
442.0000 -0.0273
443.0000 -0.0273
444.0000 -0.0273
445.0000 -0.0273
446.0000 -0.0273
447.0000 -0.0273
448.0000 -0.0273
449.0000 -0.0273
450.0000 -0.0273
451.0000 -0.0273
452.0000 -0.0273
453.0000 -0.0273
454.0000 -0.0272
455.0000 -0.0272
456.0000 -0.0272
457.0000 -0.0272
458.0000 -0.0272
459.0000 -0.0272
460.0000 -0.0272
461.0000 -0.0272
462.0000 -0.0272
463.0000 -0.0272
464.0000 -0.0272
465.0000 -0.0272
466.0000 -0.0272
467.0000 -0.0272
468.0000 -0.0272
469.0000 -0.0272
470.0000 -0.0272
471.0000 -0.0272
472.0000 -0.0272
473.0000 -0.0272
474.0000 -0.0272
475.0000 -0.0272
476.0000 -0.0272
477.0000 -0.0272
478.0000 -0.0272
479.0000 -0.0272
480.0000 -0.0272
481.0000 -0.0272
482.0000 -0.0272
483.0000 -0.0272
484.0000 -0.0272
485.0000 -0.0272
486.0000 -0.0272
487.0000 -0.0272
488.0000 -0.0272
489.0000 -0.0272
490.0000 -0.0272
491.0000 -0.0272
492.0000 -0.0272
493.0000 -0.0272
494.0000 -0.0272
495.0000 -0.0272
496.0000 -0.0272
497.0000 -0.0272
498.0000 -0.0272
499.0000 -0.0272
500.0000 2.4550
501.0000 1.1016
502.0000 0.1296
503.0000 -0.0800
504.0000 0.0320
505.0000 0.1710
506.0000 0.2467
507.0000 0.2626
508.0000 0.2414
509.0000 0.2041
510.0000 0.1629
511.0000 0.1255
512.0000 0.0951
513.0000 0.0715
514.0000 0.0532
515.0000 0.0405
516.0000 0.0321
517.0000 0.0266
518.0000 0.0226
519.0000 0.0198
520.0000 0.0183
521.0000 0.0179
522.0000 0.0170
523.0000 0.0169
524.0000 0.0167
525.0000 0.0162
526.0000 0.0167
527.0000 0.0162
528.0000 0.0160
529.0000 0.0160
530.0000 0.0161
531.0000 0.0167
532.0000 0.0163
533.0000 0.0162
534.0000 0.0160
535.0000 0.0159
536.0000 0.0159
537.0000 0.0161
538.0000 0.0164
539.0000 0.0160
540.0000 0.0160
541.0000 0.0162
542.0000 0.0165
543.0000 0.0160
544.0000 0.0168
545.0000 0.0166
546.0000 0.0166
547.0000 0.0170
548.0000 0.0173
549.0000 0.0177
550.0000 0.0183
551.0000 0.0181
552.0000 0.0179
553.0000 0.0189
554.0000 0.0194
555.0000 0.0192
556.0000 0.0195
557.0000 0.0200
558.0000 0.0202
559.0000 0.0208
560.0000 0.0212
561.0000 0.0212
562.0000 0.0212
563.0000 0.0216
564.0000 0.0224
565.0000 0.0230
566.0000 0.0224
567.0000 0.0225
568.0000 0.0225
569.0000 0.0224
570.0000 0.0226
571.0000 0.0228
572.0000 0.0221
573.0000 0.0221
574.0000 0.0219
575.0000 0.0213
576.0000 0.0209
577.0000 0.0208
578.0000 0.0206
579.0000 0.0211
580.0000 0.0211
581.0000 0.0218
582.0000 0.0230
583.0000 0.0240
584.0000 0.0242
585.0000 0.0240
586.0000 0.0236
587.0000 0.0234
588.0000 0.0233
589.0000 0.0234
590.0000 0.0236
591.0000 0.0239
592.0000 0.0242
593.0000 0.0245
594.0000 0.0247
595.0000 0.0248
596.0000 0.0249
597.0000 0.0249
598.0000 0.0249
599.0000 0.0248
600.0000 0.0247
601.0000 0.0246
602.0000 0.0245
603.0000 0.0243
604.0000 0.0242
605.0000 0.0241
606.0000 0.0239
607.0000 0.0238
608.0000 0.0236
609.0000 0.0235
610.0000 0.0234
611.0000 0.0232
612.0000 0.0231
613.0000 0.0230
614.0000 0.0229
615.0000 0.0227
616.0000 0.0226
617.0000 0.0225
618.0000 0.0224
619.0000 0.0223
620.0000 0.0222
621.0000 0.0221
622.0000 0.0220
623.0000 0.0219
624.0000 0.0219
625.0000 0.0218
626.0000 0.0217
627.0000 0.0216
628.0000 0.0216
629.0000 0.0215
630.0000 0.0215
631.0000 0.0214
632.0000 0.0213
633.0000 0.0213
634.0000 0.0213
635.0000 0.0212
636.0000 0.0212
637.0000 0.0211
638.0000 0.0211
639.0000 0.0211
640.0000 0.0210
641.0000 0.0210
642.0000 0.0210
643.0000 0.0210
644.0000 0.0209
645.0000 0.0209
646.0000 0.0209
647.0000 0.0209
648.0000 0.0209
649.0000 0.0209
650.0000 0.0208
651.0000 0.0208
652.0000 0.0208
653.0000 0.0208
654.0000 0.0208
655.0000 0.0208
656.0000 0.0208
657.0000 0.0208
658.0000 0.0208
659.0000 0.0208
660.0000 0.0207
661.0000 0.0207
662.0000 0.0207
663.0000 0.0207
664.0000 0.0207
665.0000 0.0207
666.0000 0.0207
667.0000 0.0207
668.0000 0.0207
669.0000 0.0207
670.0000 0.0207
671.0000 0.0207
672.0000 0.0207
673.0000 0.0206
674.0000 0.0206
675.0000 0.0206
676.0000 0.0206
677.0000 0.0206
678.0000 0.0206
679.0000 0.0206
680.0000 0.0206
681.0000 0.0206
682.0000 0.0206
683.0000 0.0206
684.0000 0.0206
685.0000 0.0206
686.0000 0.0206
687.0000 0.0206
688.0000 0.0206
689.0000 0.0206
690.0000 0.0206
691.0000 0.0206
692.0000 0.0206
693.0000 0.0206
694.0000 0.0206
695.0000 0.0206
696.0000 0.0206
697.0000 0.0206
698.0000 0.0206
699.0000 0.0206
700.0000 0.0206
701.0000 0.0206
702.0000 0.0206
703.0000 0.0205
704.0000 0.0205
705.0000 0.0205
706.0000 0.0205
707.0000 0.0205
708.0000 0.0205
709.0000 0.0205
710.0000 0.0205
711.0000 0.0205
712.0000 0.0205
713.0000 0.0205
714.0000 0.0205
715.0000 0.0205
716.0000 0.0205
717.0000 0.0205
718.0000 0.0205
719.0000 0.0205
720.0000 0.0205
721.0000 0.0205
722.0000 0.0205
723.0000 0.0205
724.0000 0.0205
725.0000 0.0205
726.0000 0.0205
727.0000 0.0205
728.0000 0.0205
729.0000 0.0205
730.0000 0.0205
731.0000 0.0205
732.0000 0.0205
733.0000 0.0205
734.0000 0.0205
735.0000 0.0205
736.0000 0.0205
737.0000 0.0205
738.0000 0.0205
739.0000 0.0205
740.0000 0.0205
741.0000 0.0205
742.0000 0.0205
743.0000 0.0205
744.0000 0.0205
745.0000 0.0205
746.0000 0.0204
747.0000 0.0204
748.0000 0.0204
749.0000 0.0204
750.0000 0.0204
751.0000 0.0204
752.0000 0.0204
753.0000 0.0204
754.0000 0.0204
755.0000 0.0204
756.0000 0.0204
757.0000 0.0204
758.0000 0.0204
759.0000 0.0204
760.0000 0.0204
761.0000 0.0204
762.0000 0.0204
763.0000 0.0204
764.0000 0.0204
765.0000 0.0204
766.0000 0.0204
767.0000 0.0204
768.0000 0.0204
769.0000 0.0204
770.0000 0.0204
771.0000 0.0204
772.0000 0.0204
773.0000 0.0204
774.0000 0.0204
775.0000 0.0204
776.0000 0.0204
777.0000 0.0204
778.0000 0.0204
779.0000 0.0204
780.0000 0.0204
781.0000 0.0204
782.0000 0.0204
783.0000 0.0204
784.0000 0.0204
785.0000 0.0204
786.0000 0.0204
787.0000 0.0204
788.0000 0.0204
789.0000 0.0204
790.0000 0.0204
791.0000 0.0204
792.0000 0.0204
793.0000 0.0204
794.0000 0.0204
795.0000 0.0204
796.0000 0.0204
797.0000 0.0204
798.0000 0.0204
799.0000 0.0204
800.0000 -1.0434
801.0000 -0.4634
802.0000 -0.0468
803.0000 0.0430
804.0000 -0.0049
805.0000 -0.0645
806.0000 -0.0970
807.0000 -0.1038
808.0000 -0.0947
809.0000 -0.0787
810.0000 -0.0611
811.0000 -0.0451
812.0000 -0.0320
813.0000 -0.0219
814.0000 -0.0141
815.0000 -0.0086
816.0000 -0.0050
817.0000 -0.0026
818.0000 -0.0009
819.0000 0.0003
820.0000 0.0009
821.0000 0.0011
822.0000 0.0014
823.0000 0.0015
824.0000 0.0016
825.0000 0.0018
826.0000 0.0016
827.0000 0.0018
828.0000 0.0019
829.0000 0.0019
830.0000 0.0019
831.0000 0.0016
832.0000 0.0018
833.0000 0.0018
834.0000 0.0019
835.0000 0.0019
836.0000 0.0019
837.0000 0.0018
838.0000 0.0017
839.0000 0.0019
840.0000 0.0019
841.0000 0.0018
842.0000 0.0017
843.0000 0.0019
844.0000 0.0016
845.0000 0.0017
846.0000 0.0016
847.0000 0.0015
848.0000 0.0013
849.0000 0.0011
850.0000 0.0009
851.0000 0.0010
852.0000 0.0011
853.0000 0.0006
854.0000 0.0004
855.0000 0.0005
856.0000 0.0004
857.0000 0.0002
858.0000 0.0001
859.0000 -0.0002
860.0000 -0.0004
861.0000 -0.0004
862.0000 -0.0003
863.0000 -0.0005
864.0000 -0.0009
865.0000 -0.0011
866.0000 -0.0009
867.0000 -0.0009
868.0000 -0.0009
869.0000 -0.0009
870.0000 -0.0009
871.0000 -0.0010
872.0000 -0.0007
873.0000 -0.0007
874.0000 -0.0006
875.0000 -0.0004
876.0000 -0.0002
877.0000 -0.0001
878.0000 -0.0001
879.0000 -0.0003
880.0000 -0.0003
881.0000 -0.0006
882.0000 -0.0011
883.0000 -0.0015
884.0000 -0.0016
885.0000 -0.0015
886.0000 -0.0014
887.0000 -0.0013
888.0000 -0.0012
889.0000 -0.0013
890.0000 -0.0014
891.0000 -0.0015
892.0000 -0.0016
893.0000 -0.0017
894.0000 -0.0018
895.0000 -0.0019
896.0000 -0.0019
897.0000 -0.0019
898.0000 -0.0019
899.0000 -0.0019
900.0000 -0.0018
901.0000 -0.0018
902.0000 -0.0017
903.0000 -0.0017
904.0000 -0.0016
905.0000 -0.0016
906.0000 -0.0015
907.0000 -0.0014
908.0000 -0.0014
909.0000 -0.0013
910.0000 -0.0013
911.0000 -0.0012
912.0000 -0.0012
913.0000 -0.0011
914.0000 -0.0010
915.0000 -0.0010
916.0000 -0.0009
917.0000 -0.0009
918.0000 -0.0009
919.0000 -0.0008
920.0000 -0.0008
921.0000 -0.0007
922.0000 -0.0007
923.0000 -0.0007
924.0000 -0.0006
925.0000 -0.0006
926.0000 -0.0006
927.0000 -0.0005
928.0000 -0.0005
929.0000 -0.0005
930.0000 -0.0004
931.0000 -0.0004
932.0000 -0.0004
933.0000 -0.0004
934.0000 -0.0004
935.0000 -0.0003
936.0000 -0.0003
937.0000 -0.0003
938.0000 -0.0003
939.0000 -0.0003
940.0000 -0.0003
941.0000 -0.0003
942.0000 -0.0002
943.0000 -0.0002
944.0000 -0.0002
945.0000 -0.0002
946.0000 -0.0002
947.0000 -0.0002
948.0000 -0.0002
949.0000 -0.0002
950.0000 -0.0002
951.0000 -0.0002
952.0000 -0.0002
953.0000 -0.0002
954.0000 -0.0002
955.0000 -0.0002
956.0000 -0.0002
957.0000 -0.0002
958.0000 -0.0002
959.0000 -0.0001
960.0000 -0.0001
961.0000 -0.0001
962.0000 -0.0001
963.0000 -0.0001
964.0000 -0.0001
965.0000 -0.0001
966.0000 -0.0001
967.0000 -0.0001
968.0000 -0.0001
969.0000 -0.0001
970.0000 -0.0001
971.0000 -0.0001
972.0000 -0.0001
973.0000 -0.0001
974.0000 -0.0001
975.0000 -0.0001
976.0000 -0.0001
977.0000 -0.0001
978.0000 -0.0001
979.0000 -0.0001
980.0000 -0.0001
981.0000 -0.0001
982.0000 -0.0001
983.0000 -0.0001
984.0000 -0.0001
985.0000 -0.0001
986.0000 -0.0001
987.0000 -0.0001
988.0000 -0.0001
989.0000 -0.0001
990.0000 -0.0001
991.0000 -0.0001
992.0000 -0.0001
993.0000 -0.0001
994.0000 -0.0001
995.0000 -0.0001
996.0000 -0.0001
997.0000 -0.0001
998.0000 -0.0001
999.0000 -0.0001
1000.0000 -0.0001
1001.0000 -0.0001
1002.0000 -0.0001
1003.0000 -0.0001
1004.0000 -0.0001
1005.0000 -0.0001
1006.0000 -0.0001
1007.0000 -0.0001
1008.0000 -0.0001
1009.0000 -0.0001
1010.0000 -0.0000
1011.0000 -0.0000
1012.0000 -0.0000
1013.0000 -0.0000
1014.0000 -0.0000
1015.0000 -0.0000
1016.0000 -0.0000
1017.0000 -0.0000
1018.0000 -0.0000
1019.0000 -0.0000
1020.0000 -0.0000
1021.0000 -0.0000
1022.0000 -0.0000
1023.0000 -0.0000
1024.0000 -0.0000
1025.0000 -0.0000
1026.0000 -0.0000
1027.0000 -0.0000
1028.0000 -0.0000
1029.0000 -0.0000
1030.0000 -0.0000
1031.0000 -0.0000
1032.0000 -0.0000
1033.0000 -0.0000
1034.0000 -0.0000
1035.0000 -0.0000
1036.0000 -0.0000
1037.0000 -0.0000
1038.0000 -0.0000
1039.0000 -0.0000
1040.0000 -0.0000
1041.0000 -0.0000
1042.0000 -0.0000
1043.0000 -0.0000
1044.0000 -0.0000
1045.0000 -0.0000
1046.0000 -0.0000
1047.0000 -0.0000
1048.0000 -0.0000
1049.0000 -0.0000
1050.0000 -0.0000
1051.0000 -0.0000
1052.0000 -0.0000
1053.0000 -0.0000
1054.0000 -0.0000
1055.0000 -0.0000
1056.0000 -0.0000
1057.0000 -0.0000
1058.0000 -0.0000
1059.0000 -0.0000
1060.0000 -0.0000
1061.0000 -0.0000
1062.0000 -0.0000
1063.0000 -0.0000
1064.0000 -0.0000
1065.0000 -0.0000
1066.0000 -0.0000
1067.0000 -0.0000
1068.0000 -0.0000
1069.0000 -0.0000
1070.0000 -0.0000
1071.0000 -0.0000
1072.0000 -0.0000
1073.0000 -0.0000
1074.0000 -0.0000
1075.0000 -0.0000
1076.0000 -0.0000
1077.0000 -0.0000
1078.0000 -0.0000
1079.0000 -0.0000
1080.0000 -0.0000
1081.0000 -0.0000
1082.0000 -0.0000
1083.0000 -0.0000
1084.0000 -0.0000
1085.0000 -0.0000
1086.0000 -0.0000
1087.0000 -0.0000
1088.0000 -0.0000
1089.0000 -0.0000
1090.0000 -0.0000
1091.0000 -0.0000
1092.0000 -0.0000
1093.0000 -0.0000
1094.0000 -0.0000
1095.0000 -0.0000
1096.0000 -0.0000
1097.0000 -0.0000
1098.0000 -0.0000
1099.0000 -0.0000
1100.0000 -0.0000
