1.0000 0.0000
2.0000 0.0000
3.0000 0.0000
4.0000 0.0000
5.0000 0.0000
6.0000 0.0000
7.0000 0.0000
8.0000 0.0000
9.0000 0.0000
10.0000 0.3583
11.0000 0.3657
12.0000 0.2779
13.0000 0.1942
14.0000 0.1382
15.0000 0.1063
16.0000 0.0898
17.0000 0.0814
18.0000 0.0770
19.0000 0.0744
20.0000 0.0723
21.0000 0.0703
22.0000 0.0682
23.0000 0.0657
24.0000 0.0631
25.0000 0.0601
26.0000 0.0569
27.0000 0.0533
28.0000 0.0498
29.0000 0.0461
30.0000 0.0424
31.0000 0.0386
32.0000 0.0351
33.0000 0.0317
34.0000 0.0285
35.0000 0.0255
36.0000 0.0225
37.0000 0.0198
38.0000 0.0173
39.0000 0.0150
40.0000 0.0126
41.0000 0.0105
42.0000 0.0086
43.0000 0.0071
44.0000 0.0054
45.0000 0.0038
46.0000 0.0024
47.0000 0.0011
48.0000 -0.0002
49.0000 -0.0011
50.0000 -0.0020
51.0000 -0.0029
52.0000 -0.0034
53.0000 -0.0038
54.0000 -0.0041
55.0000 -0.0042
56.0000 -0.0039
57.0000 -0.0034
58.0000 -0.0030
59.0000 -0.0029
60.0000 -0.0024
61.0000 -0.0018
62.0000 -0.0011
63.0000 -0.0006
64.0000 -0.0000
65.0000 0.0006
66.0000 0.0011
67.0000 0.0016
68.0000 0.0022
69.0000 0.0028
70.0000 0.0034
71.0000 0.0038
72.0000 0.0042
73.0000 0.0045
74.0000 0.0049
75.0000 0.0053
76.0000 0.0056
77.0000 0.0060
78.0000 0.0064
79.0000 0.0067
80.0000 0.0070
81.0000 0.0072
82.0000 0.0074
83.0000 0.0076
84.0000 0.0076
85.0000 0.0079
86.0000 0.0081
87.0000 0.0081
88.0000 0.0082
89.0000 0.0080
90.0000 0.0080
91.0000 0.0057
92.0000 0.0019
93.0000 -0.0023
94.0000 -0.0062
95.0000 -0.0094
96.0000 -0.0120
97.0000 -0.0141
98.0000 -0.0158
99.0000 -0.0172
100.0000 -0.0184
101.0000 -0.0194
102.0000 -0.0203
103.0000 -0.0211
104.0000 -0.0218
105.0000 -0.0224
106.0000 -0.0230
107.0000 -0.0236
108.0000 -0.0241
109.0000 -0.0246
110.0000 -0.0250
111.0000 -0.0254
112.0000 -0.0258
113.0000 -0.0262
114.0000 -0.0265
115.0000 -0.0268
116.0000 -0.0272
117.0000 -0.0274
118.0000 -0.0277
119.0000 -0.0280
120.0000 -0.0282
121.0000 -0.0285
122.0000 -0.0287
123.0000 -0.0289
124.0000 -0.0292
125.0000 -0.0294
126.0000 -0.0296
127.0000 -0.0297
128.0000 -0.0299
129.0000 -0.0301
130.0000 -0.0303
131.0000 -0.0304
132.0000 -0.0306
133.0000 -0.0307
134.0000 -0.0309
135.0000 -0.0310
136.0000 -0.0312
137.0000 -0.0313
138.0000 -0.0314
139.0000 -0.0316
140.0000 -0.0317
141.0000 -0.0318
142.0000 -0.0319
143.0000 -0.0320
144.0000 -0.0321
145.0000 -0.0322
146.0000 -0.0323
147.0000 -0.0324
148.0000 -0.0325
149.0000 -0.0326
150.0000 -0.0327
151.0000 -0.0328
152.0000 -0.0329
153.0000 -0.0329
154.0000 -0.0330
155.0000 -0.0331
156.0000 -0.0332
157.0000 -0.0332
158.0000 -0.0333
159.0000 -0.0334
160.0000 -0.0334
161.0000 -0.0335
162.0000 -0.0335
163.0000 -0.0336
164.0000 -0.0336
165.0000 -0.0337
166.0000 -0.0337
167.0000 -0.0338
168.0000 -0.0338
169.0000 -0.0339
170.0000 -0.0339
171.0000 -0.0339
172.0000 -0.0340
173.0000 -0.0340
174.0000 -0.0340
175.0000 -0.0340
176.0000 -0.0341
177.0000 -0.0341
178.0000 -0.0341
179.0000 -0.0342
180.0000 -0.0342
181.0000 -0.0342
182.0000 -0.0342
183.0000 -0.0343
184.0000 -0.0343
185.0000 -0.0343
186.0000 -0.0344
187.0000 -0.0344
188.0000 -0.0344
189.0000 -0.0345
190.0000 -0.0345
191.0000 -0.0345
192.0000 -0.0346
193.0000 -0.0346
194.0000 -0.0346
195.0000 -0.0347
196.0000 -0.0347
197.0000 -0.0347
198.0000 -0.0347
199.0000 -0.0348
200.0000 -0.7514
201.0000 -0.7662
202.0000 -0.5906
203.0000 -0.4233
204.0000 -0.3113
205.0000 -0.2476
206.0000 -0.2145
207.0000 -0.1978
208.0000 -0.1890
209.0000 -0.1837
210.0000 -0.1796
211.0000 -0.1757
212.0000 -0.1714
213.0000 -0.1666
214.0000 -0.1613
215.0000 -0.1553
216.0000 -0.1489
217.0000 -0.1419
218.0000 -0.1349
219.0000 -0.1273
220.0000 -0.1199
221.0000 -0.1124
222.0000 -0.1054
223.0000 -0.0986
224.0000 -0.0922
225.0000 -0.0863
226.0000 -0.0803
227.0000 -0.0748
228.0000 -0.0699
229.0000 -0.0653
230.0000 -0.0606
231.0000 -0.0563
232.0000 -0.0527
233.0000 -0.0495
234.0000 -0.0461
235.0000 -0.0431
236.0000 -0.0401
237.0000 -0.0376
238.0000 -0.0351
239.0000 -0.0332
240.0000 -0.0314
241.0000 -0.0297
242.0000 -0.0287
243.0000 -0.0278
244.0000 -0.0272
245.0000 -0.0271
246.0000 -0.0278
247.0000 -0.0287
248.0000 -0.0294
249.0000 -0.0297
250.0000 -0.0307
251.0000 -0.0320
252.0000 -0.0333
253.0000 -0.0344
254.0000 -0.0355
255.0000 -0.0368
256.0000 -0.0378
257.0000 -0.0388
258.0000 -0.0400
259.0000 -0.0411
260.0000 -0.0423
261.0000 -0.0433
262.0000 -0.0439
263.0000 -0.0447
264.0000 -0.0454
265.0000 -0.0461
266.0000 -0.0468
267.0000 -0.0477
268.0000 -0.0484
269.0000 -0.0489
270.0000 -0.0495
271.0000 -0.0499
272.0000 -0.0504
273.0000 -0.0507
274.0000 -0.0508
275.0000 -0.0515
276.0000 -0.0518
277.0000 -0.0519
278.0000 -0.0519
279.0000 -0.0516
280.0000 -0.0517
281.0000 -0.0471
282.0000 -0.0394
283.0000 -0.0310
284.0000 -0.0233
285.0000 -0.0169
286.0000 -0.0117
287.0000 -0.0075
288.0000 -0.0041
289.0000 -0.0013
290.0000 0.0011
291.0000 0.0031
292.0000 0.0049
293.0000 0.0065
294.0000 0.0079
295.0000 0.0092
296.0000 0.0104
297.0000 0.0115
298.0000 0.0125
299.0000 0.0135
300.0000 0.0143
301.0000 0.0152
302.0000 0.0159
303.0000 0.0167
304.0000 0.0174
305.0000 0.0180
306.0000 0.0186
307.0000 0.0192
308.0000 0.0198
309.0000 0.0203
310.0000 0.0208
311.0000 0.0213
312.0000 0.0218
313.0000 0.0222
314.0000 0.0226
315.0000 0.0230
316.0000 0.0234
317.0000 0.0238
318.0000 0.0242
319.0000 0.0245
320.0000 0.0249
321.0000 0.0252
322.0000 0.0255
323.0000 0.0258
324.0000 0.0261
325.0000 0.0264
326.0000 0.0267
327.0000 0.0269
328.0000 0.0272
329.0000 0.0274
330.0000 0.0277
331.0000 0.0279
332.0000 0.0281
333.0000 0.0284
334.0000 0.0286
335.0000 0.0288
336.0000 0.0290
337.0000 0.0292
338.0000 0.0293
339.0000 0.0295
340.0000 0.0297
341.0000 0.0299
342.0000 0.0300
343.0000 0.0302
344.0000 0.0303
345.0000 0.0305
346.0000 0.0306
347.0000 0.0308
348.0000 0.0309
349.0000 0.0310
350.0000 0.0311
351.0000 0.0312
352.0000 0.0313
353.0000 0.0315
354.0000 0.0316
355.0000 0.0316
356.0000 0.0317
357.0000 0.0318
358.0000 0.0319
359.0000 0.0320
360.0000 0.0321
361.0000 0.0321
362.0000 0.0322
363.0000 0.0323
364.0000 0.0323
365.0000 0.0324
366.0000 0.0324
367.0000 0.0325
368.0000 0.0325
369.0000 0.0326
370.0000 0.0326
371.0000 0.0327
372.0000 0.0328
373.0000 0.0328
374.0000 0.0329
375.0000 0.0330
376.0000 0.0330
377.0000 0.0331
378.0000 0.0331
379.0000 0.0332
380.0000 0.0333
381.0000 0.0333
382.0000 0.0334
383.0000 0.0335
384.0000 0.0335
385.0000 0.0336
386.0000 0.0337
387.0000 0.0337
388.0000 0.0338
389.0000 0.0338
390.0000 0.0339
391.0000 0.0339
392.0000 0.0340
393.0000 0.0340
394.0000 0.0341
395.0000 0.0341
396.0000 0.0342
397.0000 0.0342
398.0000 0.0343
399.0000 0.0343
400.0000 0.0344
401.0000 0.0344
402.0000 0.0345
403.0000 0.0345
404.0000 0.0345
405.0000 0.0346
406.0000 0.0346
407.0000 0.0346
408.0000 0.0347
409.0000 0.0347
410.0000 0.0347
411.0000 0.0348
412.0000 0.0348
413.0000 0.0348
414.0000 0.0348
415.0000 0.0349
416.0000 0.0349
417.0000 0.0349
418.0000 0.0349
419.0000 0.0350
420.0000 0.0350
421.0000 0.0350
422.0000 0.0350
423.0000 0.0351
424.0000 0.0351
425.0000 0.0351
426.0000 0.0351
427.0000 0.0351
428.0000 0.0351
429.0000 0.0352
430.0000 0.0352
431.0000 0.0352
432.0000 0.0352
433.0000 0.0352
434.0000 0.0352
435.0000 0.0353
436.0000 0.0353
437.0000 0.0353
438.0000 0.0353
439.0000 0.0353
440.0000 0.0353
441.0000 0.0353
442.0000 0.0353
443.0000 0.0354
444.0000 0.0354
445.0000 0.0354
446.0000 0.0354
447.0000 0.0354
448.0000 0.0354
449.0000 0.0354
450.0000 0.0354
451.0000 0.0354
452.0000 0.0354
453.0000 0.0354
454.0000 0.0355
455.0000 0.0355
456.0000 0.0355
457.0000 0.0355
458.0000 0.0355
459.0000 0.0355
460.0000 0.0355
461.0000 0.0355
462.0000 0.0355
463.0000 0.0355
464.0000 0.0355
465.0000 0.0355
466.0000 0.0355
467.0000 0.0355
468.0000 0.0355
469.0000 0.0355
470.0000 0.0356
471.0000 0.0356
472.0000 0.0356
473.0000 0.0356
474.0000 0.0356
475.0000 0.0356
476.0000 0.0356
477.0000 0.0356
478.0000 0.0356
479.0000 0.0356
480.0000 0.0356
481.0000 0.0356
482.0000 0.0356
483.0000 0.0356
484.0000 0.0356
485.0000 0.0356
486.0000 0.0356
487.0000 0.0356
488.0000 0.0356
489.0000 0.0356
490.0000 0.0356
491.0000 0.0356
492.0000 0.0356
493.0000 0.0356
494.0000 0.0356
495.0000 0.0356
496.0000 0.0356
497.0000 0.0356
498.0000 0.0356
499.0000 0.0356
500.0000 0.6627
501.0000 0.6756
502.0000 0.5220
503.0000 0.3755
504.0000 0.2775
505.0000 0.2217
506.0000 0.1928
507.0000 0.1781
508.0000 0.1705
509.0000 0.1658
510.0000 0.1622
511.0000 0.1587
512.0000 0.1549
513.0000 0.1507
514.0000 0.1460
515.0000 0.1408
516.0000 0.1352
517.0000 0.1290
518.0000 0.1229
519.0000 0.1163
520.0000 0.1098
521.0000 0.1032
522.0000 0.0971
523.0000 0.0911
524.0000 0.0855
525.0000 0.0803
526.0000 0.0751
527.0000 0.0703
528.0000 0.0660
529.0000 0.0619
530.0000 0.0577
531.0000 0.0540
532.0000 0.0508
533.0000 0.0480
534.0000 0.0451
535.0000 0.0424
536.0000 0.0398
537.0000 0.0376
538.0000 0.0354
539.0000 0.0337
540.0000 0.0322
541.0000 0.0306
542.0000 0.0298
543.0000 0.0290
544.0000 0.0285
545.0000 0.0284
546.0000 0.0290
547.0000 0.0298
548.0000 0.0304
549.0000 0.0306
550.0000 0.0314
551.0000 0.0326
552.0000 0.0338
553.0000 0.0347
554.0000 0.0357
555.0000 0.0368
556.0000 0.0376
557.0000 0.0386
558.0000 0.0396
559.0000 0.0405
560.0000 0.0416
561.0000 0.0424
562.0000 0.0430
563.0000 0.0436
564.0000 0.0443
565.0000 0.0449
566.0000 0.0455
567.0000 0.0463
568.0000 0.0469
569.0000 0.0474
570.0000 0.0479
571.0000 0.0482
572.0000 0.0487
573.0000 0.0489
574.0000 0.0490
575.0000 0.0496
576.0000 0.0499
577.0000 0.0499
578.0000 0.0500
579.0000 0.0497
580.0000 0.0497
581.0000 0.0457
582.0000 0.0390
583.0000 0.0317
584.0000 0.0249
585.0000 0.0193
586.0000 0.0147
587.0000 0.0111
588.0000 0.0081
589.0000 0.0057
590.0000 0.0036
591.0000 0.0018
592.0000 0.0002
593.0000 -0.0012
594.0000 -0.0024
595.0000 -0.0035
596.0000 -0.0046
597.0000 -0.0056
598.0000 -0.0064
599.0000 -0.0073
600.0000 -0.0080
601.0000 -0.0088
602.0000 -0.0094
603.0000 -0.0101
604.0000 -0.0107
605.0000 -0.0113
606.0000 -0.0118
607.0000 -0.0123
608.0000 -0.0128
609.0000 -0.0133
610.0000 -0.0137
611.0000 -0.0141
612.0000 -0.0145
613.0000 -0.0149
614.0000 -0.0153
615.0000 -0.0157
616.0000 -0.0160
617.0000 -0.0163
618.0000 -0.0167
619.0000 -0.0170
620.0000 -0.0173
621.0000 -0.0176
622.0000 -0.0178
623.0000 -0.0181
624.0000 -0.0184
625.0000 -0.0186
626.0000 -0.0188
627.0000 -0.0191
628.0000 -0.0193
629.0000 -0.0195
630.0000 -0.0197
631.0000 -0.0199
632.0000 -0.0201
633.0000 -0.0203
634.0000 -0.0205
635.0000 -0.0207
636.0000 -0.0209
637.0000 -0.0210
638.0000 -0.0212
639.0000 -0.0214
640.0000 -0.0215
641.0000 -0.0217
642.0000 -0.0218
643.0000 -0.0219
644.0000 -0.0221
645.0000 -0.0222
646.0000 -0.0223
647.0000 -0.0224
648.0000 -0.0225
649.0000 -0.0227
650.0000 -0.0228
651.0000 -0.0229
652.0000 -0.0230
653.0000 -0.0230
654.0000 -0.0231
655.0000 -0.0232
656.0000 -0.0233
657.0000 -0.0234
658.0000 -0.0235
659.0000 -0.0235
660.0000 -0.0236
661.0000 -0.0237
662.0000 -0.0237
663.0000 -0.0238
664.0000 -0.0238
665.0000 -0.0239
666.0000 -0.0239
667.0000 -0.0240
668.0000 -0.0240
669.0000 -0.0240
670.0000 -0.0241
671.0000 -0.0241
672.0000 -0.0242
673.0000 -0.0243
674.0000 -0.0243
675.0000 -0.0244
676.0000 -0.0244
677.0000 -0.0245
678.0000 -0.0245
679.0000 -0.0246
680.0000 -0.0247
681.0000 -0.0247
682.0000 -0.0248
683.0000 -0.0248
684.0000 -0.0249
685.0000 -0.0249
686.0000 -0.0250
687.0000 -0.0250
688.0000 -0.0251
689.0000 -0.0251
690.0000 -0.0252
691.0000 -0.0252
692.0000 -0.0253
693.0000 -0.0253
694.0000 -0.0254
695.0000 -0.0254
696.0000 -0.0255
697.0000 -0.0255
698.0000 -0.0255
699.0000 -0.0256
700.0000 -0.0256
701.0000 -0.0256
702.0000 -0.0257
703.0000 -0.0257
704.0000 -0.0257
705.0000 -0.0258
706.0000 -0.0258
707.0000 -0.0258
708.0000 -0.0259
709.0000 -0.0259
710.0000 -0.0259
711.0000 -0.0259
712.0000 -0.0260
713.0000 -0.0260
714.0000 -0.0260
715.0000 -0.0260
716.0000 -0.0261
717.0000 -0.0261
718.0000 -0.0261
719.0000 -0.0261
720.0000 -0.0262
721.0000 -0.0262
722.0000 -0.0262
723.0000 -0.0262
724.0000 -0.0262
725.0000 -0.0262
726.0000 -0.0263
727.0000 -0.0263
728.0000 -0.0263
729.0000 -0.0263
730.0000 -0.0263
731.0000 -0.0263
732.0000 -0.0263
733.0000 -0.0264
734.0000 -0.0264
735.0000 -0.0264
736.0000 -0.0264
737.0000 -0.0264
738.0000 -0.0264
739.0000 -0.0264
740.0000 -0.0264
741.0000 -0.0265
742.0000 -0.0265
743.0000 -0.0265
744.0000 -0.0265
745.0000 -0.0265
746.0000 -0.0265
747.0000 -0.0265
748.0000 -0.0265
749.0000 -0.0265
750.0000 -0.0265
751.0000 -0.0265
752.0000 -0.0265
753.0000 -0.0266
754.0000 -0.0266
755.0000 -0.0266
756.0000 -0.0266
757.0000 -0.0266
758.0000 -0.0266
759.0000 -0.0266
760.0000 -0.0266
761.0000 -0.0266
762.0000 -0.0266
763.0000 -0.0266
764.0000 -0.0266
765.0000 -0.0266
766.0000 -0.0266
767.0000 -0.0266
768.0000 -0.0266
769.0000 -0.0266
770.0000 -0.0266
771.0000 -0.0266
772.0000 -0.0267
773.0000 -0.0267
774.0000 -0.0267
775.0000 -0.0267
776.0000 -0.0267
777.0000 -0.0267
778.0000 -0.0267
779.0000 -0.0267
780.0000 -0.0267
781.0000 -0.0267
782.0000 -0.0267
783.0000 -0.0267
784.0000 -0.0267
785.0000 -0.0267
786.0000 -0.0267
787.0000 -0.0267
788.0000 -0.0267
789.0000 -0.0267
790.0000 -0.0267
791.0000 -0.0267
792.0000 -0.0267
793.0000 -0.0267
794.0000 -0.0267
795.0000 -0.0267
796.0000 -0.0267
797.0000 -0.0267
798.0000 -0.0267
799.0000 -0.0267
800.0000 -0.2955
801.0000 -0.3010
802.0000 -0.2351
803.0000 -0.1724
804.0000 -0.1304
805.0000 -0.1065
806.0000 -0.0941
807.0000 -0.0878
808.0000 -0.0845
809.0000 -0.0825
810.0000 -0.0810
811.0000 -0.0795
812.0000 -0.0779
813.0000 -0.0760
814.0000 -0.0740
815.0000 -0.0718
816.0000 -0.0694
817.0000 -0.0668
818.0000 -0.0641
819.0000 -0.0613
820.0000 -0.0585
821.0000 -0.0557
822.0000 -0.0531
823.0000 -0.0505
824.0000 -0.0481
825.0000 -0.0459
826.0000 -0.0436
827.0000 -0.0416
828.0000 -0.0397
829.0000 -0.0380
830.0000 -0.0362
831.0000 -0.0346
832.0000 -0.0332
833.0000 -0.0321
834.0000 -0.0308
835.0000 -0.0296
836.0000 -0.0285
837.0000 -0.0276
838.0000 -0.0266
839.0000 -0.0259
840.0000 -0.0253
841.0000 -0.0246
842.0000 -0.0242
843.0000 -0.0239
844.0000 -0.0237
845.0000 -0.0236
846.0000 -0.0239
847.0000 -0.0242
848.0000 -0.0245
849.0000 -0.0246
850.0000 -0.0250
851.0000 -0.0254
852.0000 -0.0259
853.0000 -0.0263
854.0000 -0.0268
855.0000 -0.0272
856.0000 -0.0276
857.0000 -0.0280
858.0000 -0.0284
859.0000 -0.0288
860.0000 -0.0293
861.0000 -0.0297
862.0000 -0.0299
863.0000 -0.0302
864.0000 -0.0305
865.0000 -0.0307
866.0000 -0.0310
867.0000 -0.0313
868.0000 -0.0316
869.0000 -0.0318
870.0000 -0.0320
871.0000 -0.0321
872.0000 -0.0323
873.0000 -0.0325
874.0000 -0.0325
875.0000 -0.0327
876.0000 -0.0328
877.0000 -0.0329
878.0000 -0.0329
879.0000 -0.0328
880.0000 -0.0328
881.0000 -0.0311
882.0000 -0.0282
883.0000 -0.0251
884.0000 -0.0222
885.0000 -0.0197
886.0000 -0.0178
887.0000 -0.0162
888.0000 -0.0150
889.0000 -0.0139
890.0000 -0.0130
891.0000 -0.0122
892.0000 -0.0116
893.0000 -0.0110
894.0000 -0.0104
895.0000 -0.0100
896.0000 -0.0095
897.0000 -0.0091
898.0000 -0.0087
899.0000 -0.0084
900.0000 -0.0080
901.0000 -0.0077
902.0000 -0.0074
903.0000 -0.0072
904.0000 -0.0069
905.0000 -0.0067
906.0000 -0.0064
907.0000 -0.0062
908.0000 -0.0060
909.0000 -0.0058
910.0000 -0.0056
911.0000 -0.0054
912.0000 -0.0052
913.0000 -0.0051
914.0000 -0.0049
915.0000 -0.0048
916.0000 -0.0046
917.0000 -0.0045
918.0000 -0.0043
919.0000 -0.0042
920.0000 -0.0041
921.0000 -0.0040
922.0000 -0.0038
923.0000 -0.0037
924.0000 -0.0036
925.0000 -0.0035
926.0000 -0.0034
927.0000 -0.0033
928.0000 -0.0032
929.0000 -0.0031
930.0000 -0.0030
931.0000 -0.0029
932.0000 -0.0029
933.0000 -0.0028
934.0000 -0.0027
935.0000 -0.0026
936.0000 -0.0025
937.0000 -0.0025
938.0000 -0.0024
939.0000 -0.0023
940.0000 -0.0023
941.0000 -0.0022
942.0000 -0.0021
943.0000 -0.0021
944.0000 -0.0020
945.0000 -0.0020
946.0000 -0.0019
947.0000 -0.0019
948.0000 -0.0018
949.0000 -0.0018
950.0000 -0.0017
951.0000 -0.0017
952.0000 -0.0016
953.0000 -0.0016
954.0000 -0.0016
955.0000 -0.0015
956.0000 -0.0015
957.0000 -0.0015
958.0000 -0.0014
959.0000 -0.0014
960.0000 -0.0014
961.0000 -0.0013
962.0000 -0.0013
963.0000 -0.0013
964.0000 -0.0013
965.0000 -0.0013
966.0000 -0.0012
967.0000 -0.0012
968.0000 -0.0012
969.0000 -0.0012
970.0000 -0.0012
971.0000 -0.0011
972.0000 -0.0011
973.0000 -0.0011
974.0000 -0.0011
975.0000 -0.0010
976.0000 -0.0010
977.0000 -0.0010
978.0000 -0.0010
979.0000 -0.0009
980.0000 -0.0009
981.0000 -0.0009
982.0000 -0.0009
983.0000 -0.0008
984.0000 -0.0008
985.0000 -0.0008
986.0000 -0.0008
987.0000 -0.0008
988.0000 -0.0007
989.0000 -0.0007
990.0000 -0.0007
991.0000 -0.0007
992.0000 -0.0006
993.0000 -0.0006
994.0000 -0.0006
995.0000 -0.0006
996.0000 -0.0006
997.0000 -0.0006
998.0000 -0.0005
999.0000 -0.0005
1000.0000 -0.0005
1001.0000 -0.0005
1002.0000 -0.0005
1003.0000 -0.0005
1004.0000 -0.0004
1005.0000 -0.0004
1006.0000 -0.0004
1007.0000 -0.0004
1008.0000 -0.0004
1009.0000 -0.0004
1010.0000 -0.0004
1011.0000 -0.0004
1012.0000 -0.0003
1013.0000 -0.0003
1014.0000 -0.0003
1015.0000 -0.0003
1016.0000 -0.0003
1017.0000 -0.0003
1018.0000 -0.0003
1019.0000 -0.0003
1020.0000 -0.0003
1021.0000 -0.0003
1022.0000 -0.0003
1023.0000 -0.0002
1024.0000 -0.0002
1025.0000 -0.0002
1026.0000 -0.0002
1027.0000 -0.0002
1028.0000 -0.0002
1029.0000 -0.0002
1030.0000 -0.0002
1031.0000 -0.0002
1032.0000 -0.0002
1033.0000 -0.0002
1034.0000 -0.0002
1035.0000 -0.0002
1036.0000 -0.0002
1037.0000 -0.0002
1038.0000 -0.0002
1039.0000 -0.0002
1040.0000 -0.0001
1041.0000 -0.0001
1042.0000 -0.0001
1043.0000 -0.0001
1044.0000 -0.0001
1045.0000 -0.0001
1046.0000 -0.0001
1047.0000 -0.0001
1048.0000 -0.0001
1049.0000 -0.0001
1050.0000 -0.0001
1051.0000 -0.0001
1052.0000 -0.0001
1053.0000 -0.0001
1054.0000 -0.0001
1055.0000 -0.0001
1056.0000 -0.0001
1057.0000 -0.0001
1058.0000 -0.0001
1059.0000 -0.0001
1060.0000 -0.0001
1061.0000 -0.0001
1062.0000 -0.0001
1063.0000 -0.0001
1064.0000 -0.0001
1065.0000 -0.0001
1066.0000 -0.0001
1067.0000 -0.0001
1068.0000 -0.0001
1069.0000 -0.0001
1070.0000 -0.0001
1071.0000 -0.0001
1072.0000 -0.0001
1073.0000 -0.0001
1074.0000 -0.0001
1075.0000 -0.0001
1076.0000 -0.0001
1077.0000 -0.0001
1078.0000 -0.0001
1079.0000 -0.0000
1080.0000 -0.0000
1081.0000 -0.0000
1082.0000 -0.0000
1083.0000 -0.0000
1084.0000 -0.0000
1085.0000 -0.0000
1086.0000 -0.0000
1087.0000 -0.0000
1088.0000 -0.0000
1089.0000 -0.0000
1090.0000 -0.0000
1091.0000 -0.0000
1092.0000 -0.0000
1093.0000 -0.0000
1094.0000 -0.0000
1095.0000 -0.0000
1096.0000 -0.0000
1097.0000 -0.0000
1098.0000 -0.0000
1099.0000 -0.0000
1100.0000 -0.0000
