1.0000 0.0000
2.0000 0.0000
3.0000 0.0000
4.0000 0.0000
5.0000 0.0000
6.0000 0.0000
7.0000 0.0000
8.0000 0.0000
9.0000 0.0000
10.0000 1.5895
11.0000 0.6367
12.0000 0.0526
13.0000 -0.0338
14.0000 0.0565
15.0000 0.1496
16.0000 0.2013
17.0000 0.2170
18.0000 0.2095
19.0000 0.1910
20.0000 0.1690
21.0000 0.1485
22.0000 0.1321
23.0000 0.1199
24.0000 0.1113
25.0000 0.1061
26.0000 0.1036
27.0000 0.1026
28.0000 0.1023
29.0000 0.1026
30.0000 0.1034
31.0000 0.1046
32.0000 0.1052
33.0000 0.1061
34.0000 0.1068
35.0000 0.1072
36.0000 0.1079
37.0000 0.1082
38.0000 0.1084
39.0000 0.1087
40.0000 0.1090
41.0000 0.1095
42.0000 0.1094
43.0000 0.1095
44.0000 0.1095
45.0000 0.1095
46.0000 0.1096
47.0000 0.1097
48.0000 0.1099
49.0000 0.1096
50.0000 0.1097
51.0000 0.1098
52.0000 0.1099
53.0000 0.1098
54.0000 0.1102
55.0000 0.1102
56.0000 0.1102
57.0000 0.1104
58.0000 0.1106
59.0000 0.1109
60.0000 0.1112
61.0000 0.1111
62.0000 0.1110
63.0000 0.1115
64.0000 0.1118
65.0000 0.1117
66.0000 0.1120
67.0000 0.1122
68.0000 0.1123
69.0000 0.1126
70.0000 0.1129
71.0000 0.1129
72.0000 0.1130
73.0000 0.1132
74.0000 0.1136
75.0000 0.1139
76.0000 0.1137
77.0000 0.1137
78.0000 0.1137
79.0000 0.1136
80.0000 0.1137
81.0000 0.1137
82.0000 0.1133
83.0000 0.1133
84.0000 0.1131
85.0000 0.1127
86.0000 0.1124
87.0000 0.1123
88.0000 0.1122
89.0000 0.1124
90.0000 0.1124
91.0000 0.1131
92.0000 0.1144
93.0000 0.1152
94.0000 0.1156
95.0000 0.1155
96.0000 0.1153
97.0000 0.1151
98.0000 0.1150
99.0000 0.1151
100.0000 0.1153
101.0000 0.1155
102.0000 0.1158
103.0000 0.1160
104.0000 0.1162
105.0000 0.1163
106.0000 0.1164
107.0000 0.1165
108.0000 0.1166
109.0000 0.1166
110.0000 0.1166
111.0000 0.1166
112.0000 0.1166
113.0000 0.1166
114.0000 0.1166
115.0000 0.1166
116.0000 0.1165
117.0000 0.1165
118.0000 0.1165
119.0000 0.1165
120.0000 0.1165
121.0000 0.1165
122.0000 0.1164
123.0000 0.1164
124.0000 0.1164
125.0000 0.1164
126.0000 0.1164
127.0000 0.1164
128.0000 0.1164
129.0000 0.1164
130.0000 0.1163
131.0000 0.1163
132.0000 0.1163
133.0000 0.1163
134.0000 0.1163
135.0000 0.1163
136.0000 0.1163
137.0000 0.1163
138.0000 0.1163
139.0000 0.1163
140.0000 0.1163
141.0000 0.1163
142.0000 0.1163
143.0000 0.1163
144.0000 0.1163
145.0000 0.1163
146.0000 0.1163
147.0000 0.1163
148.0000 0.1163
149.0000 0.1163
150.0000 0.1163
151.0000 0.1163
152.0000 0.1163
153.0000 0.1163
154.0000 0.1163
155.0000 0.1163
156.0000 0.1163
157.0000 0.1163
158.0000 0.1163
159.0000 0.1163
160.0000 0.1163
161.0000 0.1163
162.0000 0.1163
163.0000 0.1163
164.0000 0.1163
165.0000 0.1163
166.0000 0.1163
167.0000 0.1163
168.0000 0.1163
169.0000 0.1163
170.0000 0.1163
171.0000 0.1163
172.0000 0.1163
173.0000 0.1163
174.0000 0.1163
175.0000 0.1164
176.0000 0.1164
177.0000 0.1164
178.0000 0.1164
179.0000 0.1164
180.0000 0.1164
181.0000 0.1164
182.0000 0.1164
183.0000 0.1164
184.0000 0.1164
185.0000 0.1164
186.0000 0.1164
187.0000 0.1164
188.0000 0.1164
189.0000 0.1164
190.0000 0.1164
191.0000 0.1164
192.0000 0.1164
193.0000 0.1164
194.0000 0.1164
195.0000 0.1164
196.0000 0.1164
197.0000 0.1164
198.0000 0.1164
199.0000 0.1164
200.0000 -3.0625
201.0000 -1.1570
202.0000 0.0112
203.0000 0.1841
204.0000 0.0035
205.0000 -0.1827
206.0000 -0.2862
207.0000 -0.3175
208.0000 -0.3026
209.0000 -0.2656
210.0000 -0.2215
211.0000 -0.1805
212.0000 -0.1477
213.0000 -0.1234
214.0000 -0.1062
215.0000 -0.0958
216.0000 -0.0907
217.0000 -0.0887
218.0000 -0.0882
219.0000 -0.0888
220.0000 -0.0903
221.0000 -0.0927
222.0000 -0.0940
223.0000 -0.0957
224.0000 -0.0971
225.0000 -0.0979
226.0000 -0.0994
227.0000 -0.0998
228.0000 -0.1004
229.0000 -0.1009
230.0000 -0.1015
231.0000 -0.1025
232.0000 -0.1024
233.0000 -0.1025
234.0000 -0.1025
235.0000 -0.1026
236.0000 -0.1027
237.0000 -0.1030
238.0000 -0.1033
239.0000 -0.1028
240.0000 -0.1029
241.0000 -0.1031
242.0000 -0.1034
243.0000 -0.1031
244.0000 -0.1040
245.0000 -0.1039
246.0000 -0.1039
247.0000 -0.1043
248.0000 -0.1047
249.0000 -0.1052
250.0000 -0.1058
251.0000 -0.1058
252.0000 -0.1056
253.0000 -0.1066
254.0000 -0.1071
255.0000 -0.1070
256.0000 -0.1075
257.0000 -0.1080
258.0000 -0.1082
259.0000 -0.1088
260.0000 -0.1093
261.0000 -0.1094
262.0000 -0.1095
263.0000 -0.1099
264.0000 -0.1107
265.0000 -0.1113
266.0000 -0.1109
267.0000 -0.1109
268.0000 -0.1108
269.0000 -0.1108
270.0000 -0.1109
271.0000 -0.1110
272.0000 -0.1102
273.0000 -0.1102
274.0000 -0.1098
275.0000 -0.1090
276.0000 -0.1084
277.0000 -0.1082
278.0000 -0.1079
279.0000 -0.1082
280.0000 -0.1083
281.0000 -0.1098
282.0000 -0.1122
283.0000 -0.1140
284.0000 -0.1146
285.0000 -0.1145
286.0000 -0.1141
287.0000 -0.1137
288.0000 -0.1136
289.0000 -0.1138
290.0000 -0.1141
291.0000 -0.1146
292.0000 -0.1151
293.0000 -0.1155
294.0000 -0.1159
295.0000 -0.1162
296.0000 -0.1164
297.0000 -0.1166
298.0000 -0.1167
299.0000 -0.1167
300.0000 -0.1168
301.0000 -0.1168
302.0000 -0.1167
303.0000 -0.1167
304.0000 -0.1167
305.0000 -0.1166
306.0000 -0.1166
307.0000 -0.1166
308.0000 -0.1165
309.0000 -0.1165
310.0000 -0.1165
311.0000 -0.1164
312.0000 -0.1164
313.0000 -0.1164
314.0000 -0.1164
315.0000 -0.1163
316.0000 -0.1163
317.0000 -0.1163
318.0000 -0.1163
319.0000 -0.1162
320.0000 -0.1162
321.0000 -0.1162
322.0000 -0.1162
323.0000 -0.1162
324.0000 -0.1161
325.0000 -0.1161
326.0000 -0.1161
327.0000 -0.1161
328.0000 -0.1161
329.0000 -0.1161
330.0000 -0.1161
331.0000 -0.1161
332.0000 -0.1161
333.0000 -0.1161
334.0000 -0.1161
335.0000 -0.1161
336.0000 -0.1161
337.0000 -0.1161
338.0000 -0.1161
339.0000 -0.1161
340.0000 -0.1161
341.0000 -0.1161
342.0000 -0.1161
343.0000 -0.1161
344.0000 -0.1161
345.0000 -0.1161
346.0000 -0.1161
347.0000 -0.1161
348.0000 -0.1161
349.0000 -0.1161
350.0000 -0.1161
351.0000 -0.1162
352.0000 -0.1162
353.0000 -0.1162
354.0000 -0.1162
355.0000 -0.1162
356.0000 -0.1162
357.0000 -0.1162
358.0000 -0.1162
359.0000 -0.1162
360.0000 -0.1162
361.0000 -0.1162
362.0000 -0.1162
363.0000 -0.1162
364.0000 -0.1162
365.0000 -0.1162
366.0000 -0.1162
367.0000 -0.1162
368.0000 -0.1162
369.0000 -0.1163
370.0000 -0.1163
371.0000 -0.1163
372.0000 -0.1163
373.0000 -0.1163
374.0000 -0.1163
375.0000 -0.1163
376.0000 -0.1163
377.0000 -0.1163
378.0000 -0.1163
379.0000 -0.1163
380.0000 -0.1163
381.0000 -0.1163
382.0000 -0.1163
383.0000 -0.1163
384.0000 -0.1163
385.0000 -0.1163
386.0000 -0.1163
387.0000 -0.1164
388.0000 -0.1164
389.0000 -0.1164
390.0000 -0.1164
391.0000 -0.1164
392.0000 -0.1164
393.0000 -0.1164
394.0000 -0.1164
395.0000 -0.1164
396.0000 -0.1164
397.0000 -0.1164
398.0000 -0.1164
399.0000 -0.1164
400.0000 -0.1164
401.0000 -0.1164
402.0000 -0.1164
403.0000 -0.1164
404.0000 -0.1164
405.0000 -0.1164
406.0000 -0.1164
407.0000 -0.1164
408.0000 -0.1164
409.0000 -0.1164
410.0000 -0.1164
411.0000 -0.1164
412.0000 -0.1164
413.0000 -0.1164
414.0000 -0.1164
415.0000 -0.1164
416.0000 -0.1164
417.0000 -0.1164
418.0000 -0.1164
419.0000 -0.1164
420.0000 -0.1164
421.0000 -0.1164
422.0000 -0.1164
423.0000 -0.1164
424.0000 -0.1164
425.0000 -0.1164
426.0000 -0.1164
427.0000 -0.1164
428.0000 -0.1164
429.0000 -0.1164
430.0000 -0.1164
431.0000 -0.1164
432.0000 -0.1164
433.0000 -0.1164
434.0000 -0.1164
435.0000 -0.1164
436.0000 -0.1164
437.0000 -0.1164
438.0000 -0.1165
439.0000 -0.1165
440.0000 -0.1165
441.0000 -0.1165
442.0000 -0.1165
443.0000 -0.1165
444.0000 -0.1165
445.0000 -0.1165
446.0000 -0.1165
447.0000 -0.1165
448.0000 -0.1165
449.0000 -0.1165
450.0000 -0.1165
451.0000 -0.1165
452.0000 -0.1165
453.0000 -0.1165
454.0000 -0.1165
455.0000 -0.1165
456.0000 -0.1165
457.0000 -0.1165
458.0000 -0.1165
459.0000 -0.1165
460.0000 -0.1165
461.0000 -0.1165
462.0000 -0.1165
463.0000 -0.1165
464.0000 -0.1165
465.0000 -0.1165
466.0000 -0.1165
467.0000 -0.1165
468.0000 -0.1165
469.0000 -0.1165
470.0000 -0.1165
471.0000 -0.1165
472.0000 -0.1165
473.0000 -0.1165
474.0000 -0.1165
475.0000 -0.1165
476.0000 -0.1165
477.0000 -0.1165
478.0000 -0.1165
479.0000 -0.1165
480.0000 -0.1165
481.0000 -0.1165
482.0000 -0.1165
483.0000 -0.1165
484.0000 -0.1165
485.0000 -0.1165
486.0000 -0.1165
487.0000 -0.1165
488.0000 -0.1165
489.0000 -0.1165
490.0000 -0.1165
491.0000 -0.1165
492.0000 -0.1165
493.0000 -0.1165
494.0000 -0.1165
495.0000 -0.1165
496.0000 -0.1165
497.0000 -0.1165
498.0000 -0.1165
499.0000 -0.1165
500.0000 2.6651
501.0000 0.9978
502.0000 -0.0244
503.0000 -0.1757
504.0000 -0.0176
505.0000 0.1453
506.0000 0.2358
507.0000 0.2633
508.0000 0.2502
509.0000 0.2178
510.0000 0.1792
511.0000 0.1434
512.0000 0.1147
513.0000 0.0934
514.0000 0.0784
515.0000 0.0693
516.0000 0.0648
517.0000 0.0630
518.0000 0.0626
519.0000 0.0631
520.0000 0.0644
521.0000 0.0666
522.0000 0.0677
523.0000 0.0691
524.0000 0.0704
525.0000 0.0711
526.0000 0.0724
527.0000 0.0728
528.0000 0.0732
529.0000 0.0737
530.0000 0.0742
531.0000 0.0751
532.0000 0.0750
533.0000 0.0751
534.0000 0.0751
535.0000 0.0752
536.0000 0.0753
537.0000 0.0755
538.0000 0.0758
539.0000 0.0754
540.0000 0.0755
541.0000 0.0757
542.0000 0.0759
543.0000 0.0756
544.0000 0.0764
545.0000 0.0763
546.0000 0.0763
547.0000 0.0767
548.0000 0.0771
549.0000 0.0775
550.0000 0.0781
551.0000 0.0780
552.0000 0.0778
553.0000 0.0787
554.0000 0.0792
555.0000 0.0791
556.0000 0.0795
557.0000 0.0799
558.0000 0.0801
559.0000 0.0806
560.0000 0.0811
561.0000 0.0812
562.0000 0.0813
563.0000 0.0816
564.0000 0.0823
565.0000 0.0828
566.0000 0.0825
567.0000 0.0825
568.0000 0.0824
569.0000 0.0824
570.0000 0.0824
571.0000 0.0826
572.0000 0.0819
573.0000 0.0818
574.0000 0.0815
575.0000 0.0808
576.0000 0.0803
577.0000 0.0801
578.0000 0.0798
579.0000 0.0801
580.0000 0.0802
581.0000 0.0815
582.0000 0.0837
583.0000 0.0852
584.0000 0.0857
585.0000 0.0856
586.0000 0.0852
587.0000 0.0849
588.0000 0.0849
589.0000 0.0850
590.0000 0.0853
591.0000 0.0857
592.0000 0.0861
593.0000 0.0865
594.0000 0.0868
595.0000 0.0871
596.0000 0.0873
597.0000 0.0874
598.0000 0.0875
599.0000 0.0876
600.0000 0.0876
601.0000 0.0876
602.0000 0.0876
603.0000 0.0876
604.0000 0.0875
605.0000 0.0875
606.0000 0.0875
607.0000 0.0874
608.0000 0.0874
609.0000 0.0874
610.0000 0.0874
611.0000 0.0873
612.0000 0.0873
613.0000 0.0873
614.0000 0.0873
615.0000 0.0872
616.0000 0.0872
617.0000 0.0872
618.0000 0.0872
619.0000 0.0871
620.0000 0.0871
621.0000 0.0871
622.0000 0.0871
623.0000 0.0871
624.0000 0.0871
625.0000 0.0871
626.0000 0.0870
627.0000 0.0870
628.0000 0.0870
629.0000 0.0870
630.0000 0.0870
631.0000 0.0870
632.0000 0.0870
633.0000 0.0870
634.0000 0.0870
635.0000 0.0870
636.0000 0.0870
637.0000 0.0870
638.0000 0.0870
639.0000 0.0870
640.0000 0.0870
641.0000 0.0870
642.0000 0.0870
643.0000 0.0870
644.0000 0.0870
645.0000 0.0870
646.0000 0.0870
647.0000 0.0870
648.0000 0.0870
649.0000 0.0871
650.0000 0.0871
651.0000 0.0871
652.0000 0.0871
653.0000 0.0871
654.0000 0.0871
655.0000 0.0871
656.0000 0.0871
657.0000 0.0871
658.0000 0.0871
659.0000 0.0871
660.0000 0.0871
661.0000 0.0871
662.0000 0.0871
663.0000 0.0871
664.0000 0.0871
665.0000 0.0871
666.0000 0.0871
667.0000 0.0872
668.0000 0.0872
669.0000 0.0872
670.0000 0.0872
671.0000 0.0872
672.0000 0.0872
673.0000 0.0872
674.0000 0.0872
675.0000 0.0872
676.0000 0.0872
677.0000 0.0872
678.0000 0.0872
679.0000 0.0872
680.0000 0.0872
681.0000 0.0872
682.0000 0.0872
683.0000 0.0872
684.0000 0.0872
685.0000 0.0872
686.0000 0.0872
687.0000 0.0872
688.0000 0.0873
689.0000 0.0873
690.0000 0.0873
691.0000 0.0873
692.0000 0.0873
693.0000 0.0873
694.0000 0.0873
695.0000 0.0873
696.0000 0.0873
697.0000 0.0873
698.0000 0.0873
699.0000 0.0873
700.0000 0.0873
701.0000 0.0873
702.0000 0.0873
703.0000 0.0873
704.0000 0.0873
705.0000 0.0873
706.0000 0.0873
707.0000 0.0873
708.0000 0.0873
709.0000 0.0873
710.0000 0.0873
711.0000 0.0873
712.0000 0.0873
713.0000 0.0873
714.0000 0.0873
715.0000 0.0873
716.0000 0.0873
717.0000 0.0873
718.0000 0.0873
719.0000 0.0873
720.0000 0.0873
721.0000 0.0873
722.0000 0.0873
723.0000 0.0873
724.0000 0.0873
725.0000 0.0873
726.0000 0.0873
727.0000 0.0873
728.0000 0.0873
729.0000 0.0873
730.0000 0.0873
731.0000 0.0873
732.0000 0.0873
733.0000 0.0873
734.0000 0.0873
735.0000 0.0873
736.0000 0.0873
737.0000 0.0873
738.0000 0.0873
739.0000 0.0873
740.0000 0.0873
741.0000 0.0873
742.0000 0.0873
743.0000 0.0873
744.0000 0.0873
745.0000 0.0873
746.0000 0.0873
747.0000 0.0873
748.0000 0.0873
749.0000 0.0873
750.0000 0.0873
751.0000 0.0873
752.0000 0.0873
753.0000 0.0873
754.0000 0.0873
755.0000 0.0873
756.0000 0.0873
757.0000 0.0873
758.0000 0.0873
759.0000 0.0873
760.0000 0.0873
761.0000 0.0873
762.0000 0.0873
763.0000 0.0873
764.0000 0.0873
765.0000 0.0873
766.0000 0.0873
767.0000 0.0873
768.0000 0.0873
769.0000 0.0873
770.0000 0.0873
771.0000 0.0873
772.0000 0.0873
773.0000 0.0873
774.0000 0.0873
775.0000 0.0873
776.0000 0.0873
777.0000 0.0873
778.0000 0.0873
779.0000 0.0873
780.0000 0.0873
781.0000 0.0873
782.0000 0.0873
783.0000 0.0873
784.0000 0.0873
785.0000 0.0873
786.0000 0.0873
787.0000 0.0873
788.0000 0.0873
789.0000 0.0874
790.0000 0.0874
791.0000 0.0874
792.0000 0.0874
793.0000 0.0874
794.0000 0.0874
795.0000 0.0874
796.0000 0.0874
797.0000 0.0874
798.0000 0.0874
799.0000 0.0874
800.0000 -1.1048
801.0000 -0.3902
802.0000 0.0479
803.0000 0.1127
804.0000 0.0450
805.0000 -0.0248
806.0000 -0.0636
807.0000 -0.0754
808.0000 -0.0698
809.0000 -0.0559
810.0000 -0.0394
811.0000 -0.0240
812.0000 -0.0117
813.0000 -0.0026
814.0000 0.0039
815.0000 0.0077
816.0000 0.0097
817.0000 0.0104
818.0000 0.0106
819.0000 0.0104
820.0000 0.0098
821.0000 0.0089
822.0000 0.0084
823.0000 0.0078
824.0000 0.0073
825.0000 0.0070
826.0000 0.0064
827.0000 0.0062
828.0000 0.0060
829.0000 0.0058
830.0000 0.0056
831.0000 0.0053
832.0000 0.0053
833.0000 0.0052
834.0000 0.0053
835.0000 0.0052
836.0000 0.0052
837.0000 0.0051
838.0000 0.0049
839.0000 0.0051
840.0000 0.0051
841.0000 0.0050
842.0000 0.0049
843.0000 0.0050
844.0000 0.0047
845.0000 0.0047
846.0000 0.0047
847.0000 0.0046
848.0000 0.0044
849.0000 0.0042
850.0000 0.0040
851.0000 0.0040
852.0000 0.0041
853.0000 0.0037
854.0000 0.0035
855.0000 0.0036
856.0000 0.0034
857.0000 0.0032
858.0000 0.0031
859.0000 0.0029
860.0000 0.0027
861.0000 0.0027
862.0000 0.0026
863.0000 0.0025
864.0000 0.0022
865.0000 0.0020
866.0000 0.0021
867.0000 0.0021
868.0000 0.0021
869.0000 0.0021
870.0000 0.0021
871.0000 0.0020
872.0000 0.0024
873.0000 0.0024
874.0000 0.0025
875.0000 0.0028
876.0000 0.0030
877.0000 0.0031
878.0000 0.0032
879.0000 0.0031
880.0000 0.0031
881.0000 0.0025
882.0000 0.0016
883.0000 0.0009
884.0000 0.0007
885.0000 0.0007
886.0000 0.0009
887.0000 0.0010
888.0000 0.0011
889.0000 0.0010
890.0000 0.0009
891.0000 0.0007
892.0000 0.0005
893.0000 0.0004
894.0000 0.0002
895.0000 0.0001
896.0000 0.0000
897.0000 -0.0000
898.0000 -0.0001
899.0000 -0.0001
900.0000 -0.0001
901.0000 -0.0001
902.0000 -0.0001
903.0000 -0.0001
904.0000 -0.0001
905.0000 -0.0001
906.0000 -0.0001
907.0000 -0.0000
908.0000 -0.0000
909.0000 -0.0000
910.0000 -0.0000
911.0000 0.0000
912.0000 0.0000
913.0000 0.0000
914.0000 0.0000
915.0000 0.0001
916.0000 0.0001
917.0000 0.0001
918.0000 0.0001
919.0000 0.0001
920.0000 0.0001
921.0000 0.0001
922.0000 0.0001
923.0000 0.0001
924.0000 0.0001
925.0000 0.0001
926.0000 0.0001
927.0000 0.0001
928.0000 0.0001
929.0000 0.0001
930.0000 0.0001
931.0000 0.0002
932.0000 0.0002
933.0000 0.0002
934.0000 0.0002
935.0000 0.0002
936.0000 0.0002
937.0000 0.0002
938.0000 0.0002
939.0000 0.0002
940.0000 0.0002
941.0000 0.0002
942.0000 0.0002
943.0000 0.0001
944.0000 0.0001
945.0000 0.0001
946.0000 0.0001
947.0000 0.0001
948.0000 0.0001
949.0000 0.0001
950.0000 0.0001
951.0000 0.0001
952.0000 0.0001
953.0000 0.0001
954.0000 0.0001
955.0000 0.0001
956.0000 0.0001
957.0000 0.0001
958.0000 0.0001
959.0000 0.0001
960.0000 0.0001
961.0000 0.0001
962.0000 0.0001
963.0000 0.0001
964.0000 0.0001
965.0000 0.0001
966.0000 0.0001
967.0000 0.0001
968.0000 0.0001
969.0000 0.0001
970.0000 0.0001
971.0000 0.0001
972.0000 0.0001
973.0000 0.0001
974.0000 0.0001
975.0000 0.0001
976.0000 0.0001
977.0000 0.0001
978.0000 0.0001
979.0000 0.0001
980.0000 0.0001
981.0000 0.0001
982.0000 0.0001
983.0000 0.0001
984.0000 0.0001
985.0000 0.0000
986.0000 0.0000
987.0000 0.0000
988.0000 0.0000
989.0000 0.0000
990.0000 0.0000
991.0000 0.0000
992.0000 0.0000
993.0000 0.0000
994.0000 0.0000
995.0000 0.0000
996.0000 0.0000
997.0000 0.0000
998.0000 0.0000
999.0000 0.0000
1000.0000 0.0000
1001.0000 0.0000
1002.0000 0.0000
1003.0000 0.0000
1004.0000 0.0000
1005.0000 0.0000
1006.0000 0.0000
1007.0000 0.0000
1008.0000 0.0000
1009.0000 0.0000
1010.0000 0.0000
1011.0000 0.0000
1012.0000 0.0000
1013.0000 0.0000
1014.0000 0.0000
1015.0000 0.0000
1016.0000 0.0000
1017.0000 0.0000
1018.0000 0.0000
1019.0000 0.0000
1020.0000 0.0000
1021.0000 0.0000
1022.0000 0.0000
1023.0000 0.0000
1024.0000 0.0000
1025.0000 0.0000
1026.0000 0.0000
1027.0000 0.0000
1028.0000 0.0000
1029.0000 0.0000
1030.0000 0.0000
1031.0000 0.0000
1032.0000 0.0000
1033.0000 0.0000
1034.0000 0.0000
1035.0000 0.0000
1036.0000 0.0000
1037.0000 0.0000
1038.0000 0.0000
1039.0000 0.0000
1040.0000 0.0000
1041.0000 0.0000
1042.0000 0.0000
1043.0000 0.0000
1044.0000 0.0000
1045.0000 0.0000
1046.0000 0.0000
1047.0000 0.0000
1048.0000 0.0000
1049.0000 0.0000
1050.0000 0.0000
1051.0000 0.0000
1052.0000 0.0000
1053.0000 0.0000
1054.0000 0.0000
1055.0000 0.0000
1056.0000 0.0000
1057.0000 0.0000
1058.0000 0.0000
1059.0000 0.0000
1060.0000 0.0000
1061.0000 0.0000
1062.0000 0.0000
1063.0000 0.0000
1064.0000 0.0000
1065.0000 0.0000
1066.0000 0.0000
1067.0000 0.0000
1068.0000 0.0000
1069.0000 0.0000
1070.0000 0.0000
1071.0000 0.0000
1072.0000 0.0000
1073.0000 0.0000
1074.0000 0.0000
1075.0000 0.0000
1076.0000 0.0000
1077.0000 0.0000
1078.0000 0.0000
1079.0000 0.0000
1080.0000 0.0000
1081.0000 0.0000
1082.0000 0.0000
1083.0000 0.0000
1084.0000 0.0000
1085.0000 0.0000
1086.0000 0.0000
1087.0000 0.0000
1088.0000 0.0000
1089.0000 0.0000
1090.0000 0.0000
1091.0000 0.0000
1092.0000 0.0000
1093.0000 0.0000
1094.0000 0.0000
1095.0000 0.0000
1096.0000 0.0000
1097.0000 0.0000
1098.0000 0.0000
1099.0000 0.0000
1100.0000 0.0000
