1.0000 0.0000
2.0000 0.0000
3.0000 0.0000
4.0000 0.0000
5.0000 0.0000
6.0000 0.0000
7.0000 0.0000
8.0000 0.0000
9.0000 0.0000
10.0000 4.2763
11.0000 4.1154
12.0000 2.8794
13.0000 1.8403
14.0000 1.2439
15.0000 0.9762
16.0000 0.8802
17.0000 0.8522
18.0000 0.8442
19.0000 0.8396
20.0000 0.8354
21.0000 0.8317
22.0000 0.8284
23.0000 0.8254
24.0000 0.8228
25.0000 0.8202
26.0000 0.8176
27.0000 0.8151
28.0000 0.8120
29.0000 0.8101
30.0000 0.8089
31.0000 0.8081
32.0000 0.8058
33.0000 0.8044
34.0000 0.8030
35.0000 0.8025
36.0000 0.8028
37.0000 0.8020
38.0000 0.7997
39.0000 0.7997
40.0000 0.8002
41.0000 0.7986
42.0000 0.7980
43.0000 0.7960
44.0000 0.7968
45.0000 0.7971
46.0000 0.7964
47.0000 0.7955
48.0000 0.7954
49.0000 0.7945
50.0000 0.7933
51.0000 0.7936
52.0000 0.7938
53.0000 0.7936
54.0000 0.7942
55.0000 0.7939
56.0000 0.7918
57.0000 0.7926
58.0000 0.7925
59.0000 0.7933
60.0000 0.7929
61.0000 0.7929
62.0000 0.7921
63.0000 0.7913
64.0000 0.7922
65.0000 0.7923
66.0000 0.7926
67.0000 0.7926
68.0000 0.7929
69.0000 0.7913
70.0000 0.7907
71.0000 0.7912
72.0000 0.7923
73.0000 0.7915
74.0000 0.7912
75.0000 0.7912
76.0000 0.7913
77.0000 0.7906
78.0000 0.7907
79.0000 0.7908
80.0000 0.7902
81.0000 0.7900
82.0000 0.7898
83.0000 0.7900
84.0000 0.7912
85.0000 0.7906
86.0000 0.7909
87.0000 0.7925
88.0000 0.7926
89.0000 0.7954
90.0000 0.7976
91.0000 0.7930
92.0000 0.7894
93.0000 0.7881
94.0000 0.7883
95.0000 0.7891
96.0000 0.7898
97.0000 0.7902
98.0000 0.7904
99.0000 0.7904
100.0000 0.7903
101.0000 0.7902
102.0000 0.7901
103.0000 0.7901
104.0000 0.7900
105.0000 0.7900
106.0000 0.7900
107.0000 0.7900
108.0000 0.7900
109.0000 0.7900
110.0000 0.7900
111.0000 0.7901
112.0000 0.7901
113.0000 0.7901
114.0000 0.7901
115.0000 0.7901
116.0000 0.7902
117.0000 0.7902
118.0000 0.7902
119.0000 0.7902
120.0000 0.7902
121.0000 0.7902
122.0000 0.7902
123.0000 0.7902
124.0000 0.7902
125.0000 0.7902
126.0000 0.7902
127.0000 0.7902
128.0000 0.7902
129.0000 0.7902
130.0000 0.7902
131.0000 0.7902
132.0000 0.7902
133.0000 0.7902
134.0000 0.7902
135.0000 0.7902
136.0000 0.7902
137.0000 0.7903
138.0000 0.7903
139.0000 0.7903
140.0000 0.7903
141.0000 0.7903
142.0000 0.7903
143.0000 0.7903
144.0000 0.7903
145.0000 0.7903
146.0000 0.7903
147.0000 0.7903
148.0000 0.7903
149.0000 0.7903
150.0000 0.7903
151.0000 0.7903
152.0000 0.7903
153.0000 0.7903
154.0000 0.7903
155.0000 0.7903
156.0000 0.7903
157.0000 0.7903
158.0000 0.7903
159.0000 0.7903
160.0000 0.7903
161.0000 0.7903
162.0000 0.7903
163.0000 0.7903
164.0000 0.7903
165.0000 0.7903
166.0000 0.7903
167.0000 0.7903
168.0000 0.7903
169.0000 0.7903
170.0000 0.7903
171.0000 0.7903
172.0000 0.7903
173.0000 0.7903
174.0000 0.7903
175.0000 0.7903
176.0000 0.7903
177.0000 0.7903
178.0000 0.7903
179.0000 0.7903
180.0000 0.7903
181.0000 0.7903
182.0000 0.7903
183.0000 0.7903
184.0000 0.7903
185.0000 0.7903
186.0000 0.7903
187.0000 0.7903
188.0000 0.7903
189.0000 0.7903
190.0000 0.7903
191.0000 0.7903
192.0000 0.7903
193.0000 0.7903
194.0000 0.7903
195.0000 0.7903
196.0000 0.7903
197.0000 0.7903
198.0000 0.7903
199.0000 0.7903
200.0000 -7.7623
201.0000 -7.4405
202.0000 -4.9685
203.0000 -2.8903
204.0000 -1.6975
205.0000 -1.1621
206.0000 -0.9700
207.0000 -0.9141
208.0000 -0.8980
209.0000 -0.8889
210.0000 -0.8805
211.0000 -0.8731
212.0000 -0.8664
213.0000 -0.8605
214.0000 -0.8553
215.0000 -0.8501
216.0000 -0.8449
217.0000 -0.8398
218.0000 -0.8337
219.0000 -0.8298
220.0000 -0.8274
221.0000 -0.8259
222.0000 -0.8213
223.0000 -0.8183
224.0000 -0.8156
225.0000 -0.8146
226.0000 -0.8152
227.0000 -0.8137
228.0000 -0.8090
229.0000 -0.8090
230.0000 -0.8101
231.0000 -0.8069
232.0000 -0.8057
233.0000 -0.8017
234.0000 -0.8031
235.0000 -0.8039
236.0000 -0.8024
237.0000 -0.8006
238.0000 -0.8004
239.0000 -0.7986
240.0000 -0.7963
241.0000 -0.7969
242.0000 -0.7971
243.0000 -0.7967
244.0000 -0.7980
245.0000 -0.7975
246.0000 -0.7933
247.0000 -0.7949
248.0000 -0.7947
249.0000 -0.7961
250.0000 -0.7955
251.0000 -0.7954
252.0000 -0.7939
253.0000 -0.7922
254.0000 -0.7941
255.0000 -0.7942
256.0000 -0.7948
257.0000 -0.7948
258.0000 -0.7955
259.0000 -0.7922
260.0000 -0.7910
261.0000 -0.7920
262.0000 -0.7941
263.0000 -0.7927
264.0000 -0.7921
265.0000 -0.7920
266.0000 -0.7921
267.0000 -0.7908
268.0000 -0.7910
269.0000 -0.7912
270.0000 -0.7900
271.0000 -0.7897
272.0000 -0.7892
273.0000 -0.7897
274.0000 -0.7920
275.0000 -0.7908
276.0000 -0.7914
277.0000 -0.7947
278.0000 -0.7949
279.0000 -0.8004
280.0000 -0.8048
281.0000 -0.7957
282.0000 -0.7884
283.0000 -0.7857
284.0000 -0.7862
285.0000 -0.7878
286.0000 -0.7892
287.0000 -0.7901
288.0000 -0.7905
289.0000 -0.7905
290.0000 -0.7903
291.0000 -0.7901
292.0000 -0.7899
293.0000 -0.7897
294.0000 -0.7896
295.0000 -0.7896
296.0000 -0.7896
297.0000 -0.7896
298.0000 -0.7896
299.0000 -0.7897
300.0000 -0.7897
301.0000 -0.7898
302.0000 -0.7898
303.0000 -0.7898
304.0000 -0.7899
305.0000 -0.7899
306.0000 -0.7899
307.0000 -0.7900
308.0000 -0.7900
309.0000 -0.7900
310.0000 -0.7900
311.0000 -0.7900
312.0000 -0.7900
313.0000 -0.7901
314.0000 -0.7901
315.0000 -0.7901
316.0000 -0.7901
317.0000 -0.7901
318.0000 -0.7901
319.0000 -0.7901
320.0000 -0.7901
321.0000 -0.7901
322.0000 -0.7901
323.0000 -0.7901
324.0000 -0.7901
325.0000 -0.7901
326.0000 -0.7901
327.0000 -0.7901
328.0000 -0.7901
329.0000 -0.7901
330.0000 -0.7901
331.0000 -0.7901
332.0000 -0.7901
333.0000 -0.7902
334.0000 -0.7902
335.0000 -0.7902
336.0000 -0.7902
337.0000 -0.7902
338.0000 -0.7902
339.0000 -0.7902
340.0000 -0.7902
341.0000 -0.7902
342.0000 -0.7902
343.0000 -0.7902
344.0000 -0.7902
345.0000 -0.7902
346.0000 -0.7902
347.0000 -0.7902
348.0000 -0.7902
349.0000 -0.7902
350.0000 -0.7902
351.0000 -0.7902
352.0000 -0.7902
353.0000 -0.7903
354.0000 -0.7903
355.0000 -0.7903
356.0000 -0.7903
357.0000 -0.7903
358.0000 -0.7903
359.0000 -0.7903
360.0000 -0.7903
361.0000 -0.7902
362.0000 -0.7903
363.0000 -0.7903
364.0000 -0.7903
365.0000 -0.7903
366.0000 -0.7903
367.0000 -0.7903
368.0000 -0.7903
369.0000 -0.7903
370.0000 -0.7903
371.0000 -0.7903
372.0000 -0.7903
373.0000 -0.7903
374.0000 -0.7903
375.0000 -0.7903
376.0000 -0.7903
377.0000 -0.7903
378.0000 -0.7903
379.0000 -0.7903
380.0000 -0.7903
381.0000 -0.7903
382.0000 -0.7903
383.0000 -0.7903
384.0000 -0.7903
385.0000 -0.7903
386.0000 -0.7903
387.0000 -0.7903
388.0000 -0.7903
389.0000 -0.7903
390.0000 -0.7903
391.0000 -0.7903
392.0000 -0.7903
393.0000 -0.7903
394.0000 -0.7903
395.0000 -0.7903
396.0000 -0.7903
397.0000 -0.7903
398.0000 -0.7903
399.0000 -0.7903
400.0000 -0.7903
401.0000 -0.7903
402.0000 -0.7903
403.0000 -0.7903
404.0000 -0.7903
405.0000 -0.7903
406.0000 -0.7903
407.0000 -0.7903
408.0000 -0.7903
409.0000 -0.7903
410.0000 -0.7903
411.0000 -0.7903
412.0000 -0.7903
413.0000 -0.7903
414.0000 -0.7903
415.0000 -0.7903
416.0000 -0.7903
417.0000 -0.7903
418.0000 -0.7904
419.0000 -0.7904
420.0000 -0.7904
421.0000 -0.7904
422.0000 -0.7904
423.0000 -0.7904
424.0000 -0.7904
425.0000 -0.7904
426.0000 -0.7904
427.0000 -0.7904
428.0000 -0.7904
429.0000 -0.7904
430.0000 -0.7904
431.0000 -0.7904
432.0000 -0.7904
433.0000 -0.7904
434.0000 -0.7904
435.0000 -0.7904
436.0000 -0.7904
437.0000 -0.7904
438.0000 -0.7904
439.0000 -0.7904
440.0000 -0.7904
441.0000 -0.7904
442.0000 -0.7904
443.0000 -0.7904
444.0000 -0.7904
445.0000 -0.7904
446.0000 -0.7904
447.0000 -0.7904
448.0000 -0.7904
449.0000 -0.7904
450.0000 -0.7904
451.0000 -0.7904
452.0000 -0.7904
453.0000 -0.7904
454.0000 -0.7904
455.0000 -0.7904
456.0000 -0.7904
457.0000 -0.7904
458.0000 -0.7904
459.0000 -0.7904
460.0000 -0.7904
461.0000 -0.7904
462.0000 -0.7904
463.0000 -0.7904
464.0000 -0.7904
465.0000 -0.7904
466.0000 -0.7904
467.0000 -0.7904
468.0000 -0.7904
469.0000 -0.7904
470.0000 -0.7904
471.0000 -0.7904
472.0000 -0.7904
473.0000 -0.7904
474.0000 -0.7904
475.0000 -0.7904
476.0000 -0.7904
477.0000 -0.7904
478.0000 -0.7904
479.0000 -0.7904
480.0000 -0.7904
481.0000 -0.7904
482.0000 -0.7904
483.0000 -0.7904
484.0000 -0.7904
485.0000 -0.7904
486.0000 -0.7904
487.0000 -0.7904
488.0000 -0.7904
489.0000 -0.7904
490.0000 -0.7904
491.0000 -0.7904
492.0000 -0.7904
493.0000 -0.7904
494.0000 -0.7904
495.0000 -0.7904
496.0000 -0.7904
497.0000 -0.7904
498.0000 -0.7904
499.0000 -0.7904
500.0000 6.6932
501.0000 6.4116
502.0000 4.2486
503.0000 2.4302
504.0000 1.3865
505.0000 0.9181
506.0000 0.7499
507.0000 0.7010
508.0000 0.6869
509.0000 0.6790
510.0000 0.6716
511.0000 0.6651
512.0000 0.6593
513.0000 0.6541
514.0000 0.6496
515.0000 0.6451
516.0000 0.6405
517.0000 0.6360
518.0000 0.6307
519.0000 0.6272
520.0000 0.6252
521.0000 0.6239
522.0000 0.6198
523.0000 0.6172
524.0000 0.6148
525.0000 0.6140
526.0000 0.6145
527.0000 0.6132
528.0000 0.6091
529.0000 0.6091
530.0000 0.6100
531.0000 0.6072
532.0000 0.6062
533.0000 0.6027
534.0000 0.6039
535.0000 0.6046
536.0000 0.6033
537.0000 0.6017
538.0000 0.6015
539.0000 0.6000
540.0000 0.5980
541.0000 0.5985
542.0000 0.5987
543.0000 0.5984
544.0000 0.5994
545.0000 0.5990
546.0000 0.5953
547.0000 0.5967
548.0000 0.5965
549.0000 0.5978
550.0000 0.5973
551.0000 0.5972
552.0000 0.5958
553.0000 0.5943
554.0000 0.5960
555.0000 0.5961
556.0000 0.5967
557.0000 0.5967
558.0000 0.5973
559.0000 0.5943
560.0000 0.5933
561.0000 0.5942
562.0000 0.5961
563.0000 0.5948
564.0000 0.5943
565.0000 0.5942
566.0000 0.5943
567.0000 0.5931
568.0000 0.5933
569.0000 0.5935
570.0000 0.5925
571.0000 0.5922
572.0000 0.5918
573.0000 0.5922
574.0000 0.5942
575.0000 0.5931
576.0000 0.5937
577.0000 0.5966
578.0000 0.5967
579.0000 0.6015
580.0000 0.6054
581.0000 0.5975
582.0000 0.5910
583.0000 0.5887
584.0000 0.5891
585.0000 0.5905
586.0000 0.5918
587.0000 0.5925
588.0000 0.5929
589.0000 0.5929
590.0000 0.5927
591.0000 0.5925
592.0000 0.5923
593.0000 0.5922
594.0000 0.5921
595.0000 0.5921
596.0000 0.5921
597.0000 0.5921
598.0000 0.5921
599.0000 0.5922
600.0000 0.5922
601.0000 0.5922
602.0000 0.5923
603.0000 0.5923
604.0000 0.5923
605.0000 0.5924
606.0000 0.5924
607.0000 0.5924
608.0000 0.5924
609.0000 0.5925
610.0000 0.5925
611.0000 0.5925
612.0000 0.5925
613.0000 0.5925
614.0000 0.5925
615.0000 0.5925
616.0000 0.5925
617.0000 0.5925
618.0000 0.5925
619.0000 0.5925
620.0000 0.5925
621.0000 0.5925
622.0000 0.5925
623.0000 0.5925
624.0000 0.5926
625.0000 0.5926
626.0000 0.5926
627.0000 0.5926
628.0000 0.5926
629.0000 0.5926
630.0000 0.5926
631.0000 0.5926
632.0000 0.5926
633.0000 0.5926
634.0000 0.5926
635.0000 0.5926
636.0000 0.5926
637.0000 0.5926
638.0000 0.5926
639.0000 0.5926
640.0000 0.5926
641.0000 0.5926
642.0000 0.5926
643.0000 0.5926
644.0000 0.5926
645.0000 0.5926
646.0000 0.5926
647.0000 0.5926
648.0000 0.5927
649.0000 0.5927
650.0000 0.5927
651.0000 0.5927
652.0000 0.5927
653.0000 0.5927
654.0000 0.5927
655.0000 0.5927
656.0000 0.5927
657.0000 0.5927
658.0000 0.5927
659.0000 0.5927
660.0000 0.5927
661.0000 0.5927
662.0000 0.5927
663.0000 0.5927
664.0000 0.5927
665.0000 0.5927
666.0000 0.5927
667.0000 0.5927
668.0000 0.5927
669.0000 0.5927
670.0000 0.5927
671.0000 0.5927
672.0000 0.5927
673.0000 0.5927
674.0000 0.5927
675.0000 0.5927
676.0000 0.5927
677.0000 0.5927
678.0000 0.5927
679.0000 0.5927
680.0000 0.5927
681.0000 0.5927
682.0000 0.5927
683.0000 0.5927
684.0000 0.5927
685.0000 0.5927
686.0000 0.5927
687.0000 0.5927
688.0000 0.5927
689.0000 0.5927
690.0000 0.5927
691.0000 0.5927
692.0000 0.5927
693.0000 0.5927
694.0000 0.5927
695.0000 0.5927
696.0000 0.5927
697.0000 0.5927
698.0000 0.5927
699.0000 0.5927
700.0000 0.5927
701.0000 0.5927
702.0000 0.5927
703.0000 0.5927
704.0000 0.5927
705.0000 0.5928
706.0000 0.5928
707.0000 0.5928
708.0000 0.5928
709.0000 0.5928
710.0000 0.5928
711.0000 0.5928
712.0000 0.5928
713.0000 0.5928
714.0000 0.5928
715.0000 0.5928
716.0000 0.5928
717.0000 0.5928
718.0000 0.5928
719.0000 0.5928
720.0000 0.5928
721.0000 0.5928
722.0000 0.5928
723.0000 0.5928
724.0000 0.5928
725.0000 0.5928
726.0000 0.5928
727.0000 0.5928
728.0000 0.5928
729.0000 0.5928
730.0000 0.5928
731.0000 0.5928
732.0000 0.5928
733.0000 0.5928
734.0000 0.5928
735.0000 0.5928
736.0000 0.5928
737.0000 0.5928
738.0000 0.5928
739.0000 0.5928
740.0000 0.5928
741.0000 0.5928
742.0000 0.5928
743.0000 0.5928
744.0000 0.5928
745.0000 0.5928
746.0000 0.5928
747.0000 0.5928
748.0000 0.5928
749.0000 0.5928
750.0000 0.5928
751.0000 0.5928
752.0000 0.5928
753.0000 0.5928
754.0000 0.5928
755.0000 0.5928
756.0000 0.5928
757.0000 0.5928
758.0000 0.5928
759.0000 0.5928
760.0000 0.5928
761.0000 0.5928
762.0000 0.5928
763.0000 0.5928
764.0000 0.5928
765.0000 0.5928
766.0000 0.5928
767.0000 0.5928
768.0000 0.5928
769.0000 0.5928
770.0000 0.5928
771.0000 0.5928
772.0000 0.5928
773.0000 0.5928
774.0000 0.5928
775.0000 0.5928
776.0000 0.5928
777.0000 0.5928
778.0000 0.5928
779.0000 0.5928
780.0000 0.5928
781.0000 0.5928
782.0000 0.5928
783.0000 0.5928
784.0000 0.5928
785.0000 0.5928
786.0000 0.5928
787.0000 0.5928
788.0000 0.5928
789.0000 0.5928
790.0000 0.5928
791.0000 0.5928
792.0000 0.5928
793.0000 0.5928
794.0000 0.5928
795.0000 0.5928
796.0000 0.5928
797.0000 0.5928
798.0000 0.5928
799.0000 0.5928
800.0000 -2.6145
801.0000 -2.4938
802.0000 -1.5668
803.0000 -0.7875
804.0000 -0.3402
805.0000 -0.1394
806.0000 -0.0673
807.0000 -0.0464
808.0000 -0.0404
809.0000 -0.0370
810.0000 -0.0338
811.0000 -0.0310
812.0000 -0.0285
813.0000 -0.0263
814.0000 -0.0243
815.0000 -0.0224
816.0000 -0.0204
817.0000 -0.0185
818.0000 -0.0163
819.0000 -0.0148
820.0000 -0.0139
821.0000 -0.0133
822.0000 -0.0116
823.0000 -0.0105
824.0000 -0.0094
825.0000 -0.0091
826.0000 -0.0093
827.0000 -0.0087
828.0000 -0.0070
829.0000 -0.0070
830.0000 -0.0074
831.0000 -0.0062
832.0000 -0.0058
833.0000 -0.0043
834.0000 -0.0048
835.0000 -0.0051
836.0000 -0.0045
837.0000 -0.0038
838.0000 -0.0038
839.0000 -0.0031
840.0000 -0.0022
841.0000 -0.0024
842.0000 -0.0025
843.0000 -0.0024
844.0000 -0.0028
845.0000 -0.0027
846.0000 -0.0011
847.0000 -0.0017
848.0000 -0.0016
849.0000 -0.0022
850.0000 -0.0019
851.0000 -0.0019
852.0000 -0.0013
853.0000 -0.0007
854.0000 -0.0014
855.0000 -0.0014
856.0000 -0.0017
857.0000 -0.0017
858.0000 -0.0019
859.0000 -0.0007
860.0000 -0.0002
861.0000 -0.0006
862.0000 -0.0014
863.0000 -0.0009
864.0000 -0.0006
865.0000 -0.0006
866.0000 -0.0007
867.0000 -0.0002
868.0000 -0.0002
869.0000 -0.0003
870.0000 0.0001
871.0000 0.0003
872.0000 0.0004
873.0000 0.0003
874.0000 -0.0006
875.0000 -0.0002
876.0000 -0.0004
877.0000 -0.0016
878.0000 -0.0017
879.0000 -0.0038
880.0000 -0.0054
881.0000 -0.0020
882.0000 0.0007
883.0000 0.0017
884.0000 0.0016
885.0000 0.0010
886.0000 0.0004
887.0000 0.0001
888.0000 -0.0000
889.0000 -0.0000
890.0000 0.0000
891.0000 0.0001
892.0000 0.0002
893.0000 0.0002
894.0000 0.0003
895.0000 0.0003
896.0000 0.0003
897.0000 0.0003
898.0000 0.0003
899.0000 0.0003
900.0000 0.0002
901.0000 0.0002
902.0000 0.0002
903.0000 0.0002
904.0000 0.0002
905.0000 0.0002
906.0000 0.0002
907.0000 0.0002
908.0000 0.0001
909.0000 0.0001
910.0000 0.0001
911.0000 0.0001
912.0000 0.0001
913.0000 0.0001
914.0000 0.0001
915.0000 0.0001
916.0000 0.0001
917.0000 0.0001
918.0000 0.0001
919.0000 0.0001
920.0000 0.0001
921.0000 0.0001
922.0000 0.0001
923.0000 0.0001
924.0000 0.0001
925.0000 0.0001
926.0000 0.0001
927.0000 0.0001
928.0000 0.0001
929.0000 0.0001
930.0000 0.0001
931.0000 0.0001
932.0000 0.0001
933.0000 0.0001
934.0000 0.0001
935.0000 0.0001
936.0000 0.0001
937.0000 0.0001
938.0000 0.0001
939.0000 0.0001
940.0000 0.0001
941.0000 0.0001
942.0000 0.0001
943.0000 0.0001
944.0000 0.0001
945.0000 0.0001
946.0000 0.0001
947.0000 0.0001
948.0000 0.0001
949.0000 0.0001
950.0000 0.0001
951.0000 0.0000
952.0000 0.0000
953.0000 0.0000
954.0000 0.0000
955.0000 0.0000
956.0000 0.0000
957.0000 0.0000
958.0000 0.0000
959.0000 0.0000
960.0000 0.0000
961.0000 0.0000
962.0000 0.0000
963.0000 0.0000
964.0000 0.0000
965.0000 0.0000
966.0000 0.0000
967.0000 0.0000
968.0000 0.0000
969.0000 0.0000
970.0000 0.0000
971.0000 0.0000
972.0000 0.0000
973.0000 0.0000
974.0000 0.0000
975.0000 0.0000
976.0000 0.0000
977.0000 0.0000
978.0000 0.0000
979.0000 0.0000
980.0000 0.0000
981.0000 0.0000
982.0000 0.0000
983.0000 0.0000
984.0000 0.0000
985.0000 0.0000
986.0000 0.0000
987.0000 0.0000
988.0000 0.0000
989.0000 0.0000
990.0000 0.0000
991.0000 0.0000
992.0000 0.0000
993.0000 0.0000
994.0000 0.0000
995.0000 0.0000
996.0000 0.0000
997.0000 0.0000
998.0000 0.0000
999.0000 0.0000
1000.0000 0.0000
1001.0000 0.0000
1002.0000 0.0000
1003.0000 0.0000
1004.0000 0.0000
1005.0000 0.0000
1006.0000 0.0000
1007.0000 0.0000
1008.0000 0.0000
1009.0000 0.0000
1010.0000 0.0000
1011.0000 0.0000
1012.0000 0.0000
1013.0000 0.0000
1014.0000 0.0000
1015.0000 0.0000
1016.0000 0.0000
1017.0000 0.0000
1018.0000 0.0000
1019.0000 0.0000
1020.0000 0.0000
1021.0000 0.0000
1022.0000 0.0000
1023.0000 0.0000
1024.0000 0.0000
1025.0000 0.0000
1026.0000 0.0000
1027.0000 0.0000
1028.0000 0.0000
1029.0000 0.0000
1030.0000 0.0000
1031.0000 0.0000
1032.0000 0.0000
1033.0000 0.0000
1034.0000 0.0000
1035.0000 0.0000
1036.0000 0.0000
1037.0000 0.0000
1038.0000 0.0000
1039.0000 0.0000
1040.0000 0.0000
1041.0000 0.0000
1042.0000 0.0000
1043.0000 0.0000
1044.0000 0.0000
1045.0000 0.0000
1046.0000 0.0000
1047.0000 0.0000
1048.0000 0.0000
1049.0000 0.0000
1050.0000 0.0000
1051.0000 0.0000
1052.0000 0.0000
1053.0000 0.0000
1054.0000 0.0000
1055.0000 0.0000
1056.0000 0.0000
1057.0000 0.0000
1058.0000 0.0000
1059.0000 0.0000
1060.0000 0.0000
1061.0000 0.0000
1062.0000 0.0000
1063.0000 0.0000
1064.0000 0.0000
1065.0000 0.0000
1066.0000 0.0000
1067.0000 0.0000
1068.0000 0.0000
1069.0000 0.0000
1070.0000 0.0000
1071.0000 0.0000
1072.0000 0.0000
1073.0000 0.0000
1074.0000 0.0000
1075.0000 0.0000
1076.0000 0.0000
1077.0000 0.0000
1078.0000 0.0000
1079.0000 0.0000
1080.0000 0.0000
1081.0000 0.0000
1082.0000 0.0000
1083.0000 0.0000
1084.0000 0.0000
1085.0000 0.0000
1086.0000 0.0000
1087.0000 0.0000
1088.0000 0.0000
1089.0000 0.0000
1090.0000 0.0000
1091.0000 0.0000
1092.0000 0.0000
1093.0000 0.0000
1094.0000 0.0000
1095.0000 0.0000
1096.0000 0.0000
1097.0000 0.0000
1098.0000 0.0000
1099.0000 0.0000
1100.0000 0.0000
