1.0000 0.0000
2.0000 0.0000
3.0000 0.0000
4.0000 0.0000
5.0000 0.0000
6.0000 0.0000
7.0000 0.0000
8.0000 0.0000
9.0000 0.0000
10.0000 0.9877
11.0000 0.9091
12.0000 0.5490
13.0000 0.2488
14.0000 0.0866
15.0000 0.0338
16.0000 0.0405
17.0000 0.0689
18.0000 0.0977
19.0000 0.1184
20.0000 0.1292
21.0000 0.1317
22.0000 0.1283
23.0000 0.1212
24.0000 0.1121
25.0000 0.1024
26.0000 0.0932
27.0000 0.0848
28.0000 0.0774
29.0000 0.0710
30.0000 0.0658
31.0000 0.0617
32.0000 0.0583
33.0000 0.0557
34.0000 0.0536
35.0000 0.0520
36.0000 0.0508
37.0000 0.0498
38.0000 0.0491
39.0000 0.0486
40.0000 0.0483
41.0000 0.0482
42.0000 0.0480
43.0000 0.0480
44.0000 0.0479
45.0000 0.0480
46.0000 0.0480
47.0000 0.0482
48.0000 0.0484
49.0000 0.0485
50.0000 0.0487
51.0000 0.0489
52.0000 0.0491
53.0000 0.0491
54.0000 0.0493
55.0000 0.0494
56.0000 0.0496
57.0000 0.0498
58.0000 0.0500
59.0000 0.0502
60.0000 0.0504
61.0000 0.0505
62.0000 0.0506
63.0000 0.0509
64.0000 0.0511
65.0000 0.0512
66.0000 0.0514
67.0000 0.0517
68.0000 0.0518
69.0000 0.0521
70.0000 0.0523
71.0000 0.0525
72.0000 0.0526
73.0000 0.0527
74.0000 0.0530
75.0000 0.0533
76.0000 0.0533
77.0000 0.0534
78.0000 0.0535
79.0000 0.0535
80.0000 0.0535
81.0000 0.0536
82.0000 0.0535
83.0000 0.0535
84.0000 0.0534
85.0000 0.0532
86.0000 0.0530
87.0000 0.0528
88.0000 0.0526
89.0000 0.0526
90.0000 0.0525
91.0000 0.0526
92.0000 0.0529
93.0000 0.0534
94.0000 0.0540
95.0000 0.0546
96.0000 0.0549
97.0000 0.0551
98.0000 0.0552
99.0000 0.0552
100.0000 0.0552
101.0000 0.0551
102.0000 0.0551
103.0000 0.0551
104.0000 0.0551
105.0000 0.0552
106.0000 0.0552
107.0000 0.0553
108.0000 0.0553
109.0000 0.0554
110.0000 0.0554
111.0000 0.0554
112.0000 0.0555
113.0000 0.0555
114.0000 0.0554
115.0000 0.0554
116.0000 0.0554
117.0000 0.0554
118.0000 0.0553
119.0000 0.0553
120.0000 0.0552
121.0000 0.0551
122.0000 0.0551
123.0000 0.0550
124.0000 0.0550
125.0000 0.0549
126.0000 0.0548
127.0000 0.0548
128.0000 0.0547
129.0000 0.0547
130.0000 0.0546
131.0000 0.0546
132.0000 0.0545
133.0000 0.0545
134.0000 0.0544
135.0000 0.0544
136.0000 0.0543
137.0000 0.0543
138.0000 0.0542
139.0000 0.0542
140.0000 0.0542
141.0000 0.0541
142.0000 0.0541
143.0000 0.0541
144.0000 0.0540
145.0000 0.0540
146.0000 0.0540
147.0000 0.0540
148.0000 0.0539
149.0000 0.0539
150.0000 0.0539
151.0000 0.0539
152.0000 0.0539
153.0000 0.0539
154.0000 0.0539
155.0000 0.0538
156.0000 0.0538
157.0000 0.0538
158.0000 0.0538
159.0000 0.0538
160.0000 0.0538
161.0000 0.0538
162.0000 0.0538
163.0000 0.0538
164.0000 0.0538
165.0000 0.0538
166.0000 0.0538
167.0000 0.0538
168.0000 0.0538
169.0000 0.0537
170.0000 0.0537
171.0000 0.0537
172.0000 0.0537
173.0000 0.0537
174.0000 0.0537
175.0000 0.0537
176.0000 0.0537
177.0000 0.0537
178.0000 0.0537
179.0000 0.0537
180.0000 0.0537
181.0000 0.0537
182.0000 0.0537
183.0000 0.0537
184.0000 0.0537
185.0000 0.0537
186.0000 0.0537
187.0000 0.0537
188.0000 0.0537
189.0000 0.0537
190.0000 0.0537
191.0000 0.0537
192.0000 0.0537
193.0000 0.0537
194.0000 0.0537
195.0000 0.0537
196.0000 0.0537
197.0000 0.0537
198.0000 0.0537
199.0000 0.0537
200.0000 -1.9218
201.0000 -1.7645
202.0000 -1.0444
203.0000 -0.4439
204.0000 -0.1195
205.0000 -0.0138
206.0000 -0.0273
207.0000 -0.0840
208.0000 -0.1417
209.0000 -0.1830
210.0000 -0.2047
211.0000 -0.2097
212.0000 -0.2029
213.0000 -0.1887
214.0000 -0.1705
215.0000 -0.1512
216.0000 -0.1327
217.0000 -0.1159
218.0000 -0.1011
219.0000 -0.0884
220.0000 -0.0780
221.0000 -0.0697
222.0000 -0.0629
223.0000 -0.0577
224.0000 -0.0535
225.0000 -0.0503
226.0000 -0.0479
227.0000 -0.0460
228.0000 -0.0446
229.0000 -0.0436
230.0000 -0.0429
231.0000 -0.0427
232.0000 -0.0424
233.0000 -0.0423
234.0000 -0.0423
235.0000 -0.0423
236.0000 -0.0425
237.0000 -0.0428
238.0000 -0.0432
239.0000 -0.0434
240.0000 -0.0437
241.0000 -0.0441
242.0000 -0.0445
243.0000 -0.0446
244.0000 -0.0450
245.0000 -0.0452
246.0000 -0.0455
247.0000 -0.0459
248.0000 -0.0463
249.0000 -0.0467
250.0000 -0.0472
251.0000 -0.0474
252.0000 -0.0476
253.0000 -0.0481
254.0000 -0.0486
255.0000 -0.0489
256.0000 -0.0492
257.0000 -0.0497
258.0000 -0.0501
259.0000 -0.0505
260.0000 -0.0510
261.0000 -0.0513
262.0000 -0.0515
263.0000 -0.0519
264.0000 -0.0524
265.0000 -0.0529
266.0000 -0.0531
267.0000 -0.0532
268.0000 -0.0533
269.0000 -0.0534
270.0000 -0.0534
271.0000 -0.0535
272.0000 -0.0534
273.0000 -0.0533
274.0000 -0.0531
275.0000 -0.0528
276.0000 -0.0523
277.0000 -0.0519
278.0000 -0.0516
279.0000 -0.0516
280.0000 -0.0515
281.0000 -0.0516
282.0000 -0.0522
283.0000 -0.0533
284.0000 -0.0545
285.0000 -0.0555
286.0000 -0.0562
287.0000 -0.0566
288.0000 -0.0568
289.0000 -0.0568
290.0000 -0.0567
291.0000 -0.0566
292.0000 -0.0566
293.0000 -0.0566
294.0000 -0.0567
295.0000 -0.0567
296.0000 -0.0568
297.0000 -0.0570
298.0000 -0.0571
299.0000 -0.0572
300.0000 -0.0572
301.0000 -0.0573
302.0000 -0.0573
303.0000 -0.0573
304.0000 -0.0573
305.0000 -0.0572
306.0000 -0.0572
307.0000 -0.0571
308.0000 -0.0570
309.0000 -0.0569
310.0000 -0.0568
311.0000 -0.0567
312.0000 -0.0566
313.0000 -0.0564
314.0000 -0.0563
315.0000 -0.0562
316.0000 -0.0561
317.0000 -0.0560
318.0000 -0.0558
319.0000 -0.0557
320.0000 -0.0556
321.0000 -0.0555
322.0000 -0.0554
323.0000 -0.0553
324.0000 -0.0552
325.0000 -0.0551
326.0000 -0.0550
327.0000 -0.0549
328.0000 -0.0549
329.0000 -0.0548
330.0000 -0.0547
331.0000 -0.0546
332.0000 -0.0546
333.0000 -0.0545
334.0000 -0.0545
335.0000 -0.0544
336.0000 -0.0544
337.0000 -0.0543
338.0000 -0.0543
339.0000 -0.0542
340.0000 -0.0542
341.0000 -0.0542
342.0000 -0.0541
343.0000 -0.0541
344.0000 -0.0541
345.0000 -0.0541
346.0000 -0.0540
347.0000 -0.0540
348.0000 -0.0540
349.0000 -0.0540
350.0000 -0.0540
351.0000 -0.0540
352.0000 -0.0539
353.0000 -0.0539
354.0000 -0.0539
355.0000 -0.0539
356.0000 -0.0539
357.0000 -0.0539
358.0000 -0.0539
359.0000 -0.0539
360.0000 -0.0539
361.0000 -0.0539
362.0000 -0.0539
363.0000 -0.0538
364.0000 -0.0538
365.0000 -0.0538
366.0000 -0.0538
367.0000 -0.0538
368.0000 -0.0538
369.0000 -0.0538
370.0000 -0.0538
371.0000 -0.0538
372.0000 -0.0538
373.0000 -0.0538
374.0000 -0.0538
375.0000 -0.0538
376.0000 -0.0538
377.0000 -0.0538
378.0000 -0.0538
379.0000 -0.0538
380.0000 -0.0537
381.0000 -0.0537
382.0000 -0.0537
383.0000 -0.0537
384.0000 -0.0537
385.0000 -0.0537
386.0000 -0.0537
387.0000 -0.0537
388.0000 -0.0537
389.0000 -0.0537
390.0000 -0.0537
391.0000 -0.0537
392.0000 -0.0537
393.0000 -0.0537
394.0000 -0.0537
395.0000 -0.0537
396.0000 -0.0537
397.0000 -0.0537
398.0000 -0.0537
399.0000 -0.0537
400.0000 -0.0537
401.0000 -0.0537
402.0000 -0.0537
403.0000 -0.0537
404.0000 -0.0537
405.0000 -0.0537
406.0000 -0.0537
407.0000 -0.0537
408.0000 -0.0537
409.0000 -0.0537
410.0000 -0.0537
411.0000 -0.0537
412.0000 -0.0537
413.0000 -0.0537
414.0000 -0.0537
415.0000 -0.0537
416.0000 -0.0537
417.0000 -0.0537
418.0000 -0.0537
419.0000 -0.0537
420.0000 -0.0537
421.0000 -0.0537
422.0000 -0.0537
423.0000 -0.0537
424.0000 -0.0537
425.0000 -0.0537
426.0000 -0.0537
427.0000 -0.0537
428.0000 -0.0537
429.0000 -0.0537
430.0000 -0.0537
431.0000 -0.0537
432.0000 -0.0537
433.0000 -0.0537
434.0000 -0.0537
435.0000 -0.0537
436.0000 -0.0537
437.0000 -0.0537
438.0000 -0.0537
439.0000 -0.0537
440.0000 -0.0537
441.0000 -0.0536
442.0000 -0.0536
443.0000 -0.0536
444.0000 -0.0536
445.0000 -0.0536
446.0000 -0.0536
447.0000 -0.0536
448.0000 -0.0536
449.0000 -0.0536
450.0000 -0.0536
451.0000 -0.0536
452.0000 -0.0536
453.0000 -0.0536
454.0000 -0.0536
455.0000 -0.0536
456.0000 -0.0536
457.0000 -0.0536
458.0000 -0.0536
459.0000 -0.0536
460.0000 -0.0536
461.0000 -0.0536
462.0000 -0.0536
463.0000 -0.0536
464.0000 -0.0536
465.0000 -0.0536
466.0000 -0.0536
467.0000 -0.0536
468.0000 -0.0536
469.0000 -0.0536
470.0000 -0.0536
471.0000 -0.0536
472.0000 -0.0536
473.0000 -0.0536
474.0000 -0.0536
475.0000 -0.0536
476.0000 -0.0536
477.0000 -0.0536
478.0000 -0.0536
479.0000 -0.0536
480.0000 -0.0536
481.0000 -0.0536
482.0000 -0.0536
483.0000 -0.0536
484.0000 -0.0536
485.0000 -0.0536
486.0000 -0.0536
487.0000 -0.0536
488.0000 -0.0536
489.0000 -0.0536
490.0000 -0.0536
491.0000 -0.0536
492.0000 -0.0536
493.0000 -0.0536
494.0000 -0.0536
495.0000 -0.0536
496.0000 -0.0536
497.0000 -0.0536
498.0000 -0.0536
499.0000 -0.0536
500.0000 1.6749
501.0000 1.5373
502.0000 0.9072
503.0000 0.3818
504.0000 0.0979
505.0000 0.0055
506.0000 0.0172
507.0000 0.0669
508.0000 0.1173
509.0000 0.1535
510.0000 0.1724
511.0000 0.1768
512.0000 0.1709
513.0000 0.1585
514.0000 0.1425
515.0000 0.1256
516.0000 0.1094
517.0000 0.0947
518.0000 0.0818
519.0000 0.0707
520.0000 0.0615
521.0000 0.0543
522.0000 0.0484
523.0000 0.0438
524.0000 0.0402
525.0000 0.0373
526.0000 0.0353
527.0000 0.0336
528.0000 0.0323
529.0000 0.0315
530.0000 0.0309
531.0000 0.0307
532.0000 0.0304
533.0000 0.0304
534.0000 0.0303
535.0000 0.0303
536.0000 0.0305
537.0000 0.0307
538.0000 0.0311
539.0000 0.0313
540.0000 0.0316
541.0000 0.0319
542.0000 0.0322
543.0000 0.0324
544.0000 0.0327
545.0000 0.0329
546.0000 0.0331
547.0000 0.0335
548.0000 0.0338
549.0000 0.0342
550.0000 0.0346
551.0000 0.0348
552.0000 0.0350
553.0000 0.0354
554.0000 0.0358
555.0000 0.0361
556.0000 0.0364
557.0000 0.0368
558.0000 0.0371
559.0000 0.0375
560.0000 0.0379
561.0000 0.0382
562.0000 0.0384
563.0000 0.0387
564.0000 0.0392
565.0000 0.0396
566.0000 0.0397
567.0000 0.0399
568.0000 0.0400
569.0000 0.0400
570.0000 0.0400
571.0000 0.0401
572.0000 0.0400
573.0000 0.0400
574.0000 0.0398
575.0000 0.0395
576.0000 0.0391
577.0000 0.0388
578.0000 0.0385
579.0000 0.0384
580.0000 0.0383
581.0000 0.0384
582.0000 0.0390
583.0000 0.0399
584.0000 0.0410
585.0000 0.0419
586.0000 0.0425
587.0000 0.0428
588.0000 0.0430
589.0000 0.0430
590.0000 0.0429
591.0000 0.0429
592.0000 0.0428
593.0000 0.0428
594.0000 0.0429
595.0000 0.0430
596.0000 0.0430
597.0000 0.0431
598.0000 0.0432
599.0000 0.0433
600.0000 0.0434
601.0000 0.0434
602.0000 0.0434
603.0000 0.0434
604.0000 0.0434
605.0000 0.0434
606.0000 0.0433
607.0000 0.0433
608.0000 0.0432
609.0000 0.0431
610.0000 0.0430
611.0000 0.0429
612.0000 0.0428
613.0000 0.0427
614.0000 0.0426
615.0000 0.0425
616.0000 0.0424
617.0000 0.0423
618.0000 0.0422
619.0000 0.0421
620.0000 0.0420
621.0000 0.0419
622.0000 0.0418
623.0000 0.0417
624.0000 0.0416
625.0000 0.0415
626.0000 0.0414
627.0000 0.0414
628.0000 0.0413
629.0000 0.0412
630.0000 0.0412
631.0000 0.0411
632.0000 0.0411
633.0000 0.0410
634.0000 0.0410
635.0000 0.0409
636.0000 0.0409
637.0000 0.0408
638.0000 0.0408
639.0000 0.0408
640.0000 0.0407
641.0000 0.0407
642.0000 0.0407
643.0000 0.0407
644.0000 0.0406
645.0000 0.0406
646.0000 0.0406
647.0000 0.0406
648.0000 0.0406
649.0000 0.0405
650.0000 0.0405
651.0000 0.0405
652.0000 0.0405
653.0000 0.0405
654.0000 0.0405
655.0000 0.0405
656.0000 0.0405
657.0000 0.0405
658.0000 0.0405
659.0000 0.0404
660.0000 0.0404
661.0000 0.0404
662.0000 0.0404
663.0000 0.0404
664.0000 0.0404
665.0000 0.0404
666.0000 0.0404
667.0000 0.0404
668.0000 0.0404
669.0000 0.0404
670.0000 0.0404
671.0000 0.0404
672.0000 0.0404
673.0000 0.0403
674.0000 0.0403
675.0000 0.0403
676.0000 0.0403
677.0000 0.0403
678.0000 0.0403
679.0000 0.0403
680.0000 0.0403
681.0000 0.0403
682.0000 0.0403
683.0000 0.0403
684.0000 0.0403
685.0000 0.0403
686.0000 0.0403
687.0000 0.0403
688.0000 0.0403
689.0000 0.0403
690.0000 0.0403
691.0000 0.0403
692.0000 0.0403
693.0000 0.0403
694.0000 0.0403
695.0000 0.0403
696.0000 0.0403
697.0000 0.0403
698.0000 0.0403
699.0000 0.0403
700.0000 0.0403
701.0000 0.0403
702.0000 0.0403
703.0000 0.0403
704.0000 0.0403
705.0000 0.0403
706.0000 0.0403
707.0000 0.0403
708.0000 0.0403
709.0000 0.0403
710.0000 0.0403
711.0000 0.0403
712.0000 0.0403
713.0000 0.0403
714.0000 0.0403
715.0000 0.0403
716.0000 0.0403
717.0000 0.0403
718.0000 0.0403
719.0000 0.0403
720.0000 0.0403
721.0000 0.0403
722.0000 0.0403
723.0000 0.0403
724.0000 0.0403
725.0000 0.0403
726.0000 0.0403
727.0000 0.0403
728.0000 0.0403
729.0000 0.0403
730.0000 0.0403
731.0000 0.0403
732.0000 0.0403
733.0000 0.0403
734.0000 0.0403
735.0000 0.0402
736.0000 0.0402
737.0000 0.0402
738.0000 0.0402
739.0000 0.0402
740.0000 0.0402
741.0000 0.0402
742.0000 0.0402
743.0000 0.0402
744.0000 0.0402
745.0000 0.0402
746.0000 0.0402
747.0000 0.0402
748.0000 0.0402
749.0000 0.0402
750.0000 0.0402
751.0000 0.0402
752.0000 0.0402
753.0000 0.0402
754.0000 0.0402
755.0000 0.0402
756.0000 0.0402
757.0000 0.0402
758.0000 0.0402
759.0000 0.0402
760.0000 0.0402
761.0000 0.0402
762.0000 0.0402
763.0000 0.0402
764.0000 0.0402
765.0000 0.0402
766.0000 0.0402
767.0000 0.0402
768.0000 0.0402
769.0000 0.0402
770.0000 0.0402
771.0000 0.0402
772.0000 0.0402
773.0000 0.0402
774.0000 0.0402
775.0000 0.0402
776.0000 0.0402
777.0000 0.0402
778.0000 0.0402
779.0000 0.0402
780.0000 0.0402
781.0000 0.0402
782.0000 0.0402
783.0000 0.0402
784.0000 0.0402
785.0000 0.0402
786.0000 0.0402
787.0000 0.0402
788.0000 0.0402
789.0000 0.0402
790.0000 0.0402
791.0000 0.0402
792.0000 0.0402
793.0000 0.0402
794.0000 0.0402
795.0000 0.0402
796.0000 0.0402
797.0000 0.0402
798.0000 0.0402
799.0000 0.0402
800.0000 -0.7006
801.0000 -0.6416
802.0000 -0.3716
803.0000 -0.1464
804.0000 -0.0247
805.0000 0.0149
806.0000 0.0099
807.0000 -0.0114
808.0000 -0.0330
809.0000 -0.0486
810.0000 -0.0567
811.0000 -0.0586
812.0000 -0.0560
813.0000 -0.0507
814.0000 -0.0439
815.0000 -0.0366
816.0000 -0.0297
817.0000 -0.0234
818.0000 -0.0178
819.0000 -0.0131
820.0000 -0.0091
821.0000 -0.0060
822.0000 -0.0035
823.0000 -0.0015
824.0000 0.0000
825.0000 0.0012
826.0000 0.0021
827.0000 0.0028
828.0000 0.0034
829.0000 0.0038
830.0000 0.0040
831.0000 0.0041
832.0000 0.0042
833.0000 0.0042
834.0000 0.0042
835.0000 0.0042
836.0000 0.0042
837.0000 0.0041
838.0000 0.0039
839.0000 0.0038
840.0000 0.0037
841.0000 0.0036
842.0000 0.0034
843.0000 0.0034
844.0000 0.0032
845.0000 0.0031
846.0000 0.0030
847.0000 0.0029
848.0000 0.0027
849.0000 0.0026
850.0000 0.0024
851.0000 0.0023
852.0000 0.0022
853.0000 0.0021
854.0000 0.0019
855.0000 0.0018
856.0000 0.0016
857.0000 0.0015
858.0000 0.0013
859.0000 0.0011
860.0000 0.0010
861.0000 0.0009
862.0000 0.0008
863.0000 0.0007
864.0000 0.0004
865.0000 0.0003
866.0000 0.0002
867.0000 0.0001
868.0000 0.0001
869.0000 0.0001
870.0000 0.0001
871.0000 0.0000
872.0000 0.0001
873.0000 0.0001
874.0000 0.0002
875.0000 0.0003
876.0000 0.0005
877.0000 0.0006
878.0000 0.0007
879.0000 0.0008
880.0000 0.0008
881.0000 0.0008
882.0000 0.0005
883.0000 0.0001
884.0000 -0.0003
885.0000 -0.0007
886.0000 -0.0010
887.0000 -0.0011
888.0000 -0.0012
889.0000 -0.0012
890.0000 -0.0012
891.0000 -0.0011
892.0000 -0.0011
893.0000 -0.0011
894.0000 -0.0011
895.0000 -0.0012
896.0000 -0.0012
897.0000 -0.0013
898.0000 -0.0013
899.0000 -0.0013
900.0000 -0.0014
901.0000 -0.0014
902.0000 -0.0014
903.0000 -0.0014
904.0000 -0.0014
905.0000 -0.0014
906.0000 -0.0013
907.0000 -0.0013
908.0000 -0.0013
909.0000 -0.0012
910.0000 -0.0012
911.0000 -0.0012
912.0000 -0.0011
913.0000 -0.0011
914.0000 -0.0010
915.0000 -0.0010
916.0000 -0.0009
917.0000 -0.0009
918.0000 -0.0008
919.0000 -0.0008
920.0000 -0.0007
921.0000 -0.0007
922.0000 -0.0007
923.0000 -0.0006
924.0000 -0.0006
925.0000 -0.0006
926.0000 -0.0005
927.0000 -0.0005
928.0000 -0.0005
929.0000 -0.0004
930.0000 -0.0004
931.0000 -0.0004
932.0000 -0.0004
933.0000 -0.0003
934.0000 -0.0003
935.0000 -0.0003
936.0000 -0.0003
937.0000 -0.0003
938.0000 -0.0003
939.0000 -0.0002
940.0000 -0.0002
941.0000 -0.0002
942.0000 -0.0002
943.0000 -0.0002
944.0000 -0.0002
945.0000 -0.0002
946.0000 -0.0002
947.0000 -0.0002
948.0000 -0.0001
949.0000 -0.0001
950.0000 -0.0001
951.0000 -0.0001
952.0000 -0.0001
953.0000 -0.0001
954.0000 -0.0001
955.0000 -0.0001
956.0000 -0.0001
957.0000 -0.0001
958.0000 -0.0001
959.0000 -0.0001
960.0000 -0.0001
961.0000 -0.0001
962.0000 -0.0001
963.0000 -0.0001
964.0000 -0.0001
965.0000 -0.0001
966.0000 -0.0001
967.0000 -0.0001
968.0000 -0.0001
969.0000 -0.0001
970.0000 -0.0001
971.0000 -0.0001
972.0000 -0.0001
973.0000 -0.0001
974.0000 -0.0001
975.0000 -0.0001
976.0000 -0.0001
977.0000 -0.0001
978.0000 -0.0001
979.0000 -0.0001
980.0000 -0.0001
981.0000 -0.0001
982.0000 -0.0001
983.0000 -0.0001
984.0000 -0.0000
985.0000 -0.0000
986.0000 -0.0000
987.0000 -0.0000
988.0000 -0.0000
989.0000 -0.0000
990.0000 -0.0000
991.0000 -0.0000
992.0000 -0.0000
993.0000 -0.0000
994.0000 -0.0000
995.0000 -0.0000
996.0000 -0.0000
997.0000 -0.0000
998.0000 -0.0000
999.0000 -0.0000
1000.0000 -0.0000
1001.0000 -0.0000
1002.0000 -0.0000
1003.0000 -0.0000
1004.0000 -0.0000
1005.0000 -0.0000
1006.0000 -0.0000
1007.0000 -0.0000
1008.0000 -0.0000
1009.0000 -0.0000
1010.0000 -0.0000
1011.0000 -0.0000
1012.0000 -0.0000
1013.0000 -0.0000
1014.0000 -0.0000
1015.0000 -0.0000
1016.0000 -0.0000
1017.0000 -0.0000
1018.0000 -0.0000
1019.0000 -0.0000
1020.0000 -0.0000
1021.0000 -0.0000
1022.0000 -0.0000
1023.0000 -0.0000
1024.0000 -0.0000
1025.0000 -0.0000
1026.0000 -0.0000
1027.0000 -0.0000
1028.0000 -0.0000
1029.0000 -0.0000
1030.0000 -0.0000
1031.0000 -0.0000
1032.0000 -0.0000
1033.0000 -0.0000
1034.0000 -0.0000
1035.0000 -0.0000
1036.0000 -0.0000
1037.0000 -0.0000
1038.0000 -0.0000
1039.0000 -0.0000
1040.0000 -0.0000
1041.0000 -0.0000
1042.0000 -0.0000
1043.0000 -0.0000
1044.0000 -0.0000
1045.0000 -0.0000
1046.0000 -0.0000
1047.0000 -0.0000
1048.0000 -0.0000
1049.0000 -0.0000
1050.0000 -0.0000
1051.0000 -0.0000
1052.0000 -0.0000
1053.0000 -0.0000
1054.0000 -0.0000
1055.0000 -0.0000
1056.0000 -0.0000
1057.0000 -0.0000
1058.0000 -0.0000
1059.0000 -0.0000
1060.0000 -0.0000
1061.0000 -0.0000
1062.0000 -0.0000
1063.0000 -0.0000
1064.0000 -0.0000
1065.0000 -0.0000
1066.0000 -0.0000
1067.0000 -0.0000
1068.0000 -0.0000
1069.0000 -0.0000
1070.0000 -0.0000
1071.0000 -0.0000
1072.0000 -0.0000
1073.0000 -0.0000
1074.0000 -0.0000
1075.0000 -0.0000
1076.0000 -0.0000
1077.0000 -0.0000
1078.0000 -0.0000
1079.0000 -0.0000
1080.0000 -0.0000
1081.0000 -0.0000
1082.0000 -0.0000
1083.0000 -0.0000
1084.0000 -0.0000
1085.0000 -0.0000
1086.0000 -0.0000
1087.0000 -0.0000
1088.0000 -0.0000
1089.0000 -0.0000
1090.0000 -0.0000
1091.0000 -0.0000
1092.0000 -0.0000
1093.0000 -0.0000
1094.0000 -0.0000
1095.0000 -0.0000
1096.0000 -0.0000
1097.0000 -0.0000
1098.0000 -0.0000
1099.0000 -0.0000
1100.0000 -0.0000
