1.0000 0.0000
2.0000 0.0000
3.0000 0.0000
4.0000 0.0000
5.0000 0.0000
6.0000 0.0000
7.0000 0.0000
8.0000 0.0000
9.0000 0.0000
10.0000 1.4084
11.0000 2.0731
12.0000 2.2672
13.0000 2.1943
14.0000 1.9933
15.0000 1.7520
16.0000 1.5202
17.0000 1.3225
18.0000 1.1666
19.0000 1.0510
20.0000 0.9696
21.0000 0.9146
22.0000 0.8788
23.0000 0.8558
24.0000 0.8411
25.0000 0.8314
26.0000 0.8245
27.0000 0.8191
28.0000 0.8145
29.0000 0.8106
30.0000 0.8071
31.0000 0.8041
32.0000 0.8015
33.0000 0.7993
34.0000 0.7975
35.0000 0.7960
36.0000 0.7950
37.0000 0.7942
38.0000 0.7934
39.0000 0.7928
40.0000 0.7924
41.0000 0.7920
42.0000 0.7915
43.0000 0.7909
44.0000 0.7904
45.0000 0.7900
46.0000 0.7895
47.0000 0.7889
48.0000 0.7884
49.0000 0.7878
50.0000 0.7871
51.0000 0.7865
52.0000 0.7859
53.0000 0.7853
54.0000 0.7848
55.0000 0.7843
56.0000 0.7837
57.0000 0.7832
58.0000 0.7826
59.0000 0.7822
60.0000 0.7818
61.0000 0.7813
62.0000 0.7809
63.0000 0.7803
64.0000 0.7800
65.0000 0.7796
66.0000 0.7794
67.0000 0.7791
68.0000 0.7790
69.0000 0.7786
70.0000 0.7783
71.0000 0.7780
72.0000 0.7778
73.0000 0.7776
74.0000 0.7774
75.0000 0.7773
76.0000 0.7771
77.0000 0.7770
78.0000 0.7768
79.0000 0.7766
80.0000 0.7764
81.0000 0.7762
82.0000 0.7759
83.0000 0.7757
84.0000 0.7756
85.0000 0.7754
86.0000 0.7754
87.0000 0.7756
88.0000 0.7758
89.0000 0.7763
90.0000 0.7768
91.0000 0.7767
92.0000 0.7761
93.0000 0.7753
94.0000 0.7746
95.0000 0.7740
96.0000 0.7737
97.0000 0.7734
98.0000 0.7733
99.0000 0.7733
100.0000 0.7733
101.0000 0.7733
102.0000 0.7733
103.0000 0.7734
104.0000 0.7734
105.0000 0.7733
106.0000 0.7733
107.0000 0.7733
108.0000 0.7733
109.0000 0.7732
110.0000 0.7732
111.0000 0.7731
112.0000 0.7731
113.0000 0.7730
114.0000 0.7729
115.0000 0.7729
116.0000 0.7728
117.0000 0.7727
118.0000 0.7727
119.0000 0.7726
120.0000 0.7725
121.0000 0.7725
122.0000 0.7724
123.0000 0.7723
124.0000 0.7723
125.0000 0.7722
126.0000 0.7721
127.0000 0.7721
128.0000 0.7720
129.0000 0.7720
130.0000 0.7719
131.0000 0.7719
132.0000 0.7718
133.0000 0.7718
134.0000 0.7717
135.0000 0.7717
136.0000 0.7716
137.0000 0.7716
138.0000 0.7715
139.0000 0.7715
140.0000 0.7715
141.0000 0.7714
142.0000 0.7714
143.0000 0.7713
144.0000 0.7713
145.0000 0.7713
146.0000 0.7712
147.0000 0.7712
148.0000 0.7712
149.0000 0.7711
150.0000 0.7711
151.0000 0.7711
152.0000 0.7710
153.0000 0.7710
154.0000 0.7710
155.0000 0.7709
156.0000 0.7709
157.0000 0.7709
158.0000 0.7708
159.0000 0.7708
160.0000 0.7708
161.0000 0.7707
162.0000 0.7707
163.0000 0.7707
164.0000 0.7707
165.0000 0.7706
166.0000 0.7706
167.0000 0.7706
168.0000 0.7706
169.0000 0.7705
170.0000 0.7705
171.0000 0.7705
172.0000 0.7705
173.0000 0.7704
174.0000 0.7704
175.0000 0.7704
176.0000 0.7704
177.0000 0.7703
178.0000 0.7703
179.0000 0.7703
180.0000 0.7703
181.0000 0.7703
182.0000 0.7702
183.0000 0.7702
184.0000 0.7702
185.0000 0.7702
186.0000 0.7702
187.0000 0.7702
188.0000 0.7701
189.0000 0.7701
190.0000 0.7701
191.0000 0.7701
192.0000 0.7701
193.0000 0.7701
194.0000 0.7700
195.0000 0.7700
196.0000 0.7700
197.0000 0.7700
198.0000 0.7700
199.0000 0.7700
200.0000 -2.0468
201.0000 -3.3762
202.0000 -3.7644
203.0000 -3.6186
204.0000 -3.2168
205.0000 -2.7340
206.0000 -2.2706
207.0000 -1.8751
208.0000 -1.5633
209.0000 -1.3322
210.0000 -1.1693
211.0000 -1.0594
212.0000 -0.9877
213.0000 -0.9418
214.0000 -0.9125
215.0000 -0.8930
216.0000 -0.8792
217.0000 -0.8685
218.0000 -0.8594
219.0000 -0.8514
220.0000 -0.8445
221.0000 -0.8386
222.0000 -0.8333
223.0000 -0.8289
224.0000 -0.8252
225.0000 -0.8224
226.0000 -0.8204
227.0000 -0.8187
228.0000 -0.8172
229.0000 -0.8161
230.0000 -0.8152
231.0000 -0.8143
232.0000 -0.8134
233.0000 -0.8122
234.0000 -0.8112
235.0000 -0.8103
236.0000 -0.8094
237.0000 -0.8083
238.0000 -0.8072
239.0000 -0.8060
240.0000 -0.8046
241.0000 -0.8034
242.0000 -0.8023
243.0000 -0.8011
244.0000 -0.8002
245.0000 -0.7992
246.0000 -0.7979
247.0000 -0.7968
248.0000 -0.7958
249.0000 -0.7949
250.0000 -0.7941
251.0000 -0.7932
252.0000 -0.7923
253.0000 -0.7912
254.0000 -0.7905
255.0000 -0.7898
256.0000 -0.7893
257.0000 -0.7888
258.0000 -0.7885
259.0000 -0.7878
260.0000 -0.7872
261.0000 -0.7866
262.0000 -0.7863
263.0000 -0.7858
264.0000 -0.7855
265.0000 -0.7852
266.0000 -0.7849
267.0000 -0.7845
268.0000 -0.7842
269.0000 -0.7839
270.0000 -0.7834
271.0000 -0.7829
272.0000 -0.7824
273.0000 -0.7820
274.0000 -0.7818
275.0000 -0.7815
276.0000 -0.7814
277.0000 -0.7818
278.0000 -0.7823
279.0000 -0.7832
280.0000 -0.7842
281.0000 -0.7840
282.0000 -0.7829
283.0000 -0.7813
284.0000 -0.7799
285.0000 -0.7788
286.0000 -0.7780
287.0000 -0.7775
288.0000 -0.7773
289.0000 -0.7772
290.0000 -0.7773
291.0000 -0.7773
292.0000 -0.7774
293.0000 -0.7774
294.0000 -0.7774
295.0000 -0.7774
296.0000 -0.7774
297.0000 -0.7773
298.0000 -0.7772
299.0000 -0.7772
300.0000 -0.7771
301.0000 -0.7770
302.0000 -0.7768
303.0000 -0.7767
304.0000 -0.7766
305.0000 -0.7765
306.0000 -0.7764
307.0000 -0.7762
308.0000 -0.7761
309.0000 -0.7759
310.0000 -0.7758
311.0000 -0.7757
312.0000 -0.7755
313.0000 -0.7754
314.0000 -0.7753
315.0000 -0.7752
316.0000 -0.7750
317.0000 -0.7749
318.0000 -0.7748
319.0000 -0.7747
320.0000 -0.7746
321.0000 -0.7745
322.0000 -0.7744
323.0000 -0.7743
324.0000 -0.7742
325.0000 -0.7741
326.0000 -0.7740
327.0000 -0.7739
328.0000 -0.7739
329.0000 -0.7738
330.0000 -0.7737
331.0000 -0.7736
332.0000 -0.7735
333.0000 -0.7735
334.0000 -0.7734
335.0000 -0.7733
336.0000 -0.7733
337.0000 -0.7732
338.0000 -0.7731
339.0000 -0.7730
340.0000 -0.7730
341.0000 -0.7729
342.0000 -0.7728
343.0000 -0.7728
344.0000 -0.7727
345.0000 -0.7726
346.0000 -0.7726
347.0000 -0.7725
348.0000 -0.7725
349.0000 -0.7724
350.0000 -0.7724
351.0000 -0.7723
352.0000 -0.7722
353.0000 -0.7722
354.0000 -0.7721
355.0000 -0.7721
356.0000 -0.7720
357.0000 -0.7720
358.0000 -0.7720
359.0000 -0.7719
360.0000 -0.7719
361.0000 -0.7718
362.0000 -0.7718
363.0000 -0.7717
364.0000 -0.7717
365.0000 -0.7716
366.0000 -0.7716
367.0000 -0.7715
368.0000 -0.7715
369.0000 -0.7714
370.0000 -0.7714
371.0000 -0.7714
372.0000 -0.7713
373.0000 -0.7713
374.0000 -0.7712
375.0000 -0.7712
376.0000 -0.7712
377.0000 -0.7711
378.0000 -0.7711
379.0000 -0.7711
380.0000 -0.7710
381.0000 -0.7710
382.0000 -0.7710
383.0000 -0.7709
384.0000 -0.7709
385.0000 -0.7709
386.0000 -0.7708
387.0000 -0.7708
388.0000 -0.7708
389.0000 -0.7708
390.0000 -0.7707
391.0000 -0.7707
392.0000 -0.7707
393.0000 -0.7706
394.0000 -0.7706
395.0000 -0.7706
396.0000 -0.7706
397.0000 -0.7706
398.0000 -0.7705
399.0000 -0.7705
400.0000 -0.7705
401.0000 -0.7705
402.0000 -0.7704
403.0000 -0.7704
404.0000 -0.7704
405.0000 -0.7704
406.0000 -0.7704
407.0000 -0.7703
408.0000 -0.7703
409.0000 -0.7703
410.0000 -0.7703
411.0000 -0.7703
412.0000 -0.7702
413.0000 -0.7702
414.0000 -0.7702
415.0000 -0.7702
416.0000 -0.7702
417.0000 -0.7701
418.0000 -0.7701
419.0000 -0.7701
420.0000 -0.7701
421.0000 -0.7701
422.0000 -0.7701
423.0000 -0.7700
424.0000 -0.7700
425.0000 -0.7700
426.0000 -0.7700
427.0000 -0.7700
428.0000 -0.7700
429.0000 -0.7700
430.0000 -0.7699
431.0000 -0.7699
432.0000 -0.7699
433.0000 -0.7699
434.0000 -0.7699
435.0000 -0.7699
436.0000 -0.7699
437.0000 -0.7699
438.0000 -0.7698
439.0000 -0.7698
440.0000 -0.7698
441.0000 -0.7698
442.0000 -0.7698
443.0000 -0.7698
444.0000 -0.7698
445.0000 -0.7698
446.0000 -0.7698
447.0000 -0.7697
448.0000 -0.7697
449.0000 -0.7697
450.0000 -0.7697
451.0000 -0.7697
452.0000 -0.7697
453.0000 -0.7697
454.0000 -0.7697
455.0000 -0.7697
456.0000 -0.7697
457.0000 -0.7697
458.0000 -0.7696
459.0000 -0.7696
460.0000 -0.7696
461.0000 -0.7696
462.0000 -0.7696
463.0000 -0.7696
464.0000 -0.7696
465.0000 -0.7696
466.0000 -0.7696
467.0000 -0.7696
468.0000 -0.7696
469.0000 -0.7696
470.0000 -0.7695
471.0000 -0.7695
472.0000 -0.7695
473.0000 -0.7695
474.0000 -0.7695
475.0000 -0.7695
476.0000 -0.7695
477.0000 -0.7695
478.0000 -0.7695
479.0000 -0.7695
480.0000 -0.7695
481.0000 -0.7695
482.0000 -0.7695
483.0000 -0.7695
484.0000 -0.7695
485.0000 -0.7695
486.0000 -0.7695
487.0000 -0.7694
488.0000 -0.7694
489.0000 -0.7694
490.0000 -0.7694
491.0000 -0.7694
492.0000 -0.7694
493.0000 -0.7694
494.0000 -0.7694
495.0000 -0.7694
496.0000 -0.7694
497.0000 -0.7694
498.0000 -0.7694
499.0000 -0.7694
500.0000 1.6953
501.0000 2.8585
502.0000 3.1982
503.0000 3.0706
504.0000 2.7190
505.0000 2.2966
506.0000 1.8911
507.0000 1.5450
508.0000 1.2722
509.0000 1.0699
510.0000 0.9274
511.0000 0.8312
512.0000 0.7685
513.0000 0.7283
514.0000 0.7026
515.0000 0.6856
516.0000 0.6735
517.0000 0.6641
518.0000 0.6561
519.0000 0.6492
520.0000 0.6431
521.0000 0.6379
522.0000 0.6333
523.0000 0.6294
524.0000 0.6262
525.0000 0.6238
526.0000 0.6220
527.0000 0.6206
528.0000 0.6192
529.0000 0.6182
530.0000 0.6175
531.0000 0.6166
532.0000 0.6158
533.0000 0.6148
534.0000 0.6139
535.0000 0.6132
536.0000 0.6123
537.0000 0.6114
538.0000 0.6104
539.0000 0.6093
540.0000 0.6082
541.0000 0.6071
542.0000 0.6061
543.0000 0.6051
544.0000 0.6042
545.0000 0.6033
546.0000 0.6022
547.0000 0.6013
548.0000 0.6004
549.0000 0.5996
550.0000 0.5989
551.0000 0.5981
552.0000 0.5973
553.0000 0.5964
554.0000 0.5957
555.0000 0.5951
556.0000 0.5947
557.0000 0.5943
558.0000 0.5940
559.0000 0.5934
560.0000 0.5928
561.0000 0.5923
562.0000 0.5920
563.0000 0.5916
564.0000 0.5913
565.0000 0.5910
566.0000 0.5908
567.0000 0.5905
568.0000 0.5902
569.0000 0.5899
570.0000 0.5895
571.0000 0.5891
572.0000 0.5886
573.0000 0.5882
574.0000 0.5880
575.0000 0.5878
576.0000 0.5878
577.0000 0.5881
578.0000 0.5885
579.0000 0.5893
580.0000 0.5902
581.0000 0.5900
582.0000 0.5890
583.0000 0.5876
584.0000 0.5864
585.0000 0.5854
586.0000 0.5847
587.0000 0.5843
588.0000 0.5841
589.0000 0.5840
590.0000 0.5841
591.0000 0.5841
592.0000 0.5841
593.0000 0.5842
594.0000 0.5842
595.0000 0.5842
596.0000 0.5841
597.0000 0.5841
598.0000 0.5840
599.0000 0.5840
600.0000 0.5839
601.0000 0.5838
602.0000 0.5837
603.0000 0.5836
604.0000 0.5835
605.0000 0.5834
606.0000 0.5832
607.0000 0.5831
608.0000 0.5830
609.0000 0.5829
610.0000 0.5828
611.0000 0.5826
612.0000 0.5825
613.0000 0.5824
614.0000 0.5823
615.0000 0.5822
616.0000 0.5821
617.0000 0.5820
618.0000 0.5819
619.0000 0.5818
620.0000 0.5817
621.0000 0.5816
622.0000 0.5815
623.0000 0.5814
624.0000 0.5814
625.0000 0.5813
626.0000 0.5812
627.0000 0.5811
628.0000 0.5810
629.0000 0.5810
630.0000 0.5809
631.0000 0.5808
632.0000 0.5808
633.0000 0.5807
634.0000 0.5806
635.0000 0.5806
636.0000 0.5805
637.0000 0.5804
638.0000 0.5804
639.0000 0.5803
640.0000 0.5803
641.0000 0.5802
642.0000 0.5801
643.0000 0.5801
644.0000 0.5800
645.0000 0.5800
646.0000 0.5799
647.0000 0.5799
648.0000 0.5798
649.0000 0.5798
650.0000 0.5797
651.0000 0.5797
652.0000 0.5796
653.0000 0.5796
654.0000 0.5795
655.0000 0.5795
656.0000 0.5794
657.0000 0.5794
658.0000 0.5793
659.0000 0.5793
660.0000 0.5793
661.0000 0.5792
662.0000 0.5792
663.0000 0.5791
664.0000 0.5791
665.0000 0.5790
666.0000 0.5790
667.0000 0.5790
668.0000 0.5789
669.0000 0.5789
670.0000 0.5789
671.0000 0.5788
672.0000 0.5788
673.0000 0.5788
674.0000 0.5787
675.0000 0.5787
676.0000 0.5787
677.0000 0.5786
678.0000 0.5786
679.0000 0.5786
680.0000 0.5785
681.0000 0.5785
682.0000 0.5785
683.0000 0.5784
684.0000 0.5784
685.0000 0.5784
686.0000 0.5784
687.0000 0.5783
688.0000 0.5783
689.0000 0.5783
690.0000 0.5783
691.0000 0.5782
692.0000 0.5782
693.0000 0.5782
694.0000 0.5782
695.0000 0.5782
696.0000 0.5781
697.0000 0.5781
698.0000 0.5781
699.0000 0.5781
700.0000 0.5780
701.0000 0.5780
702.0000 0.5780
703.0000 0.5780
704.0000 0.5780
705.0000 0.5779
706.0000 0.5779
707.0000 0.5779
708.0000 0.5779
709.0000 0.5779
710.0000 0.5779
711.0000 0.5778
712.0000 0.5778
713.0000 0.5778
714.0000 0.5778
715.0000 0.5778
716.0000 0.5778
717.0000 0.5777
718.0000 0.5777
719.0000 0.5777
720.0000 0.5777
721.0000 0.5777
722.0000 0.5777
723.0000 0.5777
724.0000 0.5776
725.0000 0.5776
726.0000 0.5776
727.0000 0.5776
728.0000 0.5776
729.0000 0.5776
730.0000 0.5776
731.0000 0.5776
732.0000 0.5775
733.0000 0.5775
734.0000 0.5775
735.0000 0.5775
736.0000 0.5775
737.0000 0.5775
738.0000 0.5775
739.0000 0.5775
740.0000 0.5775
741.0000 0.5775
742.0000 0.5774
743.0000 0.5774
744.0000 0.5774
745.0000 0.5774
746.0000 0.5774
747.0000 0.5774
748.0000 0.5774
749.0000 0.5774
750.0000 0.5774
751.0000 0.5774
752.0000 0.5773
753.0000 0.5773
754.0000 0.5773
755.0000 0.5773
756.0000 0.5773
757.0000 0.5773
758.0000 0.5773
759.0000 0.5773
760.0000 0.5773
761.0000 0.5773
762.0000 0.5773
763.0000 0.5773
764.0000 0.5773
765.0000 0.5773
766.0000 0.5772
767.0000 0.5772
768.0000 0.5772
769.0000 0.5772
770.0000 0.5772
771.0000 0.5772
772.0000 0.5772
773.0000 0.5772
774.0000 0.5772
775.0000 0.5772
776.0000 0.5772
777.0000 0.5772
778.0000 0.5772
779.0000 0.5772
780.0000 0.5772
781.0000 0.5772
782.0000 0.5772
783.0000 0.5771
784.0000 0.5771
785.0000 0.5771
786.0000 0.5771
787.0000 0.5771
788.0000 0.5771
789.0000 0.5771
790.0000 0.5771
791.0000 0.5771
792.0000 0.5771
793.0000 0.5771
794.0000 0.5771
795.0000 0.5771
796.0000 0.5771
797.0000 0.5771
798.0000 0.5771
799.0000 0.5771
800.0000 -0.4792
801.0000 -0.9777
802.0000 -1.1233
803.0000 -1.0686
804.0000 -0.9179
805.0000 -0.7369
806.0000 -0.5631
807.0000 -0.4148
808.0000 -0.2979
809.0000 -0.2112
810.0000 -0.1501
811.0000 -0.1089
812.0000 -0.0820
813.0000 -0.0648
814.0000 -0.0538
815.0000 -0.0465
816.0000 -0.0413
817.0000 -0.0373
818.0000 -0.0339
819.0000 -0.0309
820.0000 -0.0283
821.0000 -0.0261
822.0000 -0.0241
823.0000 -0.0225
824.0000 -0.0211
825.0000 -0.0200
826.0000 -0.0193
827.0000 -0.0187
828.0000 -0.0181
829.0000 -0.0176
830.0000 -0.0173
831.0000 -0.0170
832.0000 -0.0166
833.0000 -0.0162
834.0000 -0.0158
835.0000 -0.0155
836.0000 -0.0151
837.0000 -0.0147
838.0000 -0.0143
839.0000 -0.0139
840.0000 -0.0134
841.0000 -0.0129
842.0000 -0.0125
843.0000 -0.0120
844.0000 -0.0117
845.0000 -0.0113
846.0000 -0.0108
847.0000 -0.0104
848.0000 -0.0100
849.0000 -0.0097
850.0000 -0.0094
851.0000 -0.0091
852.0000 -0.0087
853.0000 -0.0083
854.0000 -0.0080
855.0000 -0.0078
856.0000 -0.0076
857.0000 -0.0074
858.0000 -0.0073
859.0000 -0.0070
860.0000 -0.0068
861.0000 -0.0066
862.0000 -0.0065
863.0000 -0.0063
864.0000 -0.0061
865.0000 -0.0060
866.0000 -0.0059
867.0000 -0.0058
868.0000 -0.0057
869.0000 -0.0056
870.0000 -0.0054
871.0000 -0.0052
872.0000 -0.0050
873.0000 -0.0048
874.0000 -0.0048
875.0000 -0.0047
876.0000 -0.0046
877.0000 -0.0048
878.0000 -0.0050
879.0000 -0.0053
880.0000 -0.0057
881.0000 -0.0056
882.0000 -0.0052
883.0000 -0.0046
884.0000 -0.0041
885.0000 -0.0036
886.0000 -0.0033
887.0000 -0.0032
888.0000 -0.0031
889.0000 -0.0031
890.0000 -0.0031
891.0000 -0.0031
892.0000 -0.0031
893.0000 -0.0031
894.0000 -0.0031
895.0000 -0.0031
896.0000 -0.0031
897.0000 -0.0031
898.0000 -0.0031
899.0000 -0.0030
900.0000 -0.0030
901.0000 -0.0030
902.0000 -0.0029
903.0000 -0.0029
904.0000 -0.0028
905.0000 -0.0028
906.0000 -0.0027
907.0000 -0.0027
908.0000 -0.0026
909.0000 -0.0026
910.0000 -0.0025
911.0000 -0.0025
912.0000 -0.0024
913.0000 -0.0024
914.0000 -0.0023
915.0000 -0.0023
916.0000 -0.0022
917.0000 -0.0022
918.0000 -0.0021
919.0000 -0.0021
920.0000 -0.0021
921.0000 -0.0020
922.0000 -0.0020
923.0000 -0.0020
924.0000 -0.0019
925.0000 -0.0019
926.0000 -0.0018
927.0000 -0.0018
928.0000 -0.0018
929.0000 -0.0018
930.0000 -0.0017
931.0000 -0.0017
932.0000 -0.0017
933.0000 -0.0016
934.0000 -0.0016
935.0000 -0.0016
936.0000 -0.0016
937.0000 -0.0015
938.0000 -0.0015
939.0000 -0.0015
940.0000 -0.0014
941.0000 -0.0014
942.0000 -0.0014
943.0000 -0.0014
944.0000 -0.0014
945.0000 -0.0013
946.0000 -0.0013
947.0000 -0.0013
948.0000 -0.0013
949.0000 -0.0012
950.0000 -0.0012
951.0000 -0.0012
952.0000 -0.0012
953.0000 -0.0012
954.0000 -0.0011
955.0000 -0.0011
956.0000 -0.0011
957.0000 -0.0011
958.0000 -0.0011
959.0000 -0.0010
960.0000 -0.0010
961.0000 -0.0010
962.0000 -0.0010
963.0000 -0.0010
964.0000 -0.0010
965.0000 -0.0009
966.0000 -0.0009
967.0000 -0.0009
968.0000 -0.0009
969.0000 -0.0009
970.0000 -0.0009
971.0000 -0.0008
972.0000 -0.0008
973.0000 -0.0008
974.0000 -0.0008
975.0000 -0.0008
976.0000 -0.0008
977.0000 -0.0008
978.0000 -0.0007
979.0000 -0.0007
980.0000 -0.0007
981.0000 -0.0007
982.0000 -0.0007
983.0000 -0.0007
984.0000 -0.0007
985.0000 -0.0007
986.0000 -0.0006
987.0000 -0.0006
988.0000 -0.0006
989.0000 -0.0006
990.0000 -0.0006
991.0000 -0.0006
992.0000 -0.0006
993.0000 -0.0006
994.0000 -0.0006
995.0000 -0.0006
996.0000 -0.0005
997.0000 -0.0005
998.0000 -0.0005
999.0000 -0.0005
1000.0000 -0.0005
1001.0000 -0.0005
1002.0000 -0.0005
1003.0000 -0.0005
1004.0000 -0.0005
1005.0000 -0.0005
1006.0000 -0.0005
1007.0000 -0.0005
1008.0000 -0.0004
1009.0000 -0.0004
1010.0000 -0.0004
1011.0000 -0.0004
1012.0000 -0.0004
1013.0000 -0.0004
1014.0000 -0.0004
1015.0000 -0.0004
1016.0000 -0.0004
1017.0000 -0.0004
1018.0000 -0.0004
1019.0000 -0.0004
1020.0000 -0.0004
1021.0000 -0.0004
1022.0000 -0.0004
1023.0000 -0.0003
1024.0000 -0.0003
1025.0000 -0.0003
1026.0000 -0.0003
1027.0000 -0.0003
1028.0000 -0.0003
1029.0000 -0.0003
1030.0000 -0.0003
1031.0000 -0.0003
1032.0000 -0.0003
1033.0000 -0.0003
1034.0000 -0.0003
1035.0000 -0.0003
1036.0000 -0.0003
1037.0000 -0.0003
1038.0000 -0.0003
1039.0000 -0.0003
1040.0000 -0.0003
1041.0000 -0.0003
1042.0000 -0.0003
1043.0000 -0.0002
1044.0000 -0.0002
1045.0000 -0.0002
1046.0000 -0.0002
1047.0000 -0.0002
1048.0000 -0.0002
1049.0000 -0.0002
1050.0000 -0.0002
1051.0000 -0.0002
1052.0000 -0.0002
1053.0000 -0.0002
1054.0000 -0.0002
1055.0000 -0.0002
1056.0000 -0.0002
1057.0000 -0.0002
1058.0000 -0.0002
1059.0000 -0.0002
1060.0000 -0.0002
1061.0000 -0.0002
1062.0000 -0.0002
1063.0000 -0.0002
1064.0000 -0.0002
1065.0000 -0.0002
1066.0000 -0.0002
1067.0000 -0.0002
1068.0000 -0.0002
1069.0000 -0.0002
1070.0000 -0.0002
1071.0000 -0.0002
1072.0000 -0.0002
1073.0000 -0.0002
1074.0000 -0.0001
1075.0000 -0.0001
1076.0000 -0.0001
1077.0000 -0.0001
1078.0000 -0.0001
1079.0000 -0.0001
1080.0000 -0.0001
1081.0000 -0.0001
1082.0000 -0.0001
1083.0000 -0.0001
1084.0000 -0.0001
1085.0000 -0.0001
1086.0000 -0.0001
1087.0000 -0.0001
1088.0000 -0.0001
1089.0000 -0.0001
1090.0000 -0.0001
1091.0000 -0.0001
1092.0000 -0.0001
1093.0000 -0.0001
1094.0000 -0.0001
1095.0000 -0.0001
1096.0000 -0.0001
1097.0000 -0.0001
1098.0000 -0.0001
1099.0000 -0.0001
1100.0000 -0.0001
