1.0000 0.0000
2.0000 0.0000
3.0000 0.0000
4.0000 0.0000
5.0000 0.0000
6.0000 0.0000
7.0000 0.0000
8.0000 0.0000
9.0000 0.0000
10.0000 2.2467
11.0000 2.4483
12.0000 2.0128
13.0000 1.4883
14.0000 1.0692
15.0000 0.8022
16.0000 0.6686
17.0000 0.6269
18.0000 0.6359
19.0000 0.6654
20.0000 0.6972
21.0000 0.7231
22.0000 0.7409
23.0000 0.7512
24.0000 0.7562
25.0000 0.7577
26.0000 0.7576
27.0000 0.7566
28.0000 0.7553
29.0000 0.7539
30.0000 0.7528
31.0000 0.7520
32.0000 0.7512
33.0000 0.7506
34.0000 0.7501
35.0000 0.7497
36.0000 0.7493
37.0000 0.7489
38.0000 0.7484
39.0000 0.7481
40.0000 0.7477
41.0000 0.7472
42.0000 0.7471
43.0000 0.7468
44.0000 0.7465
45.0000 0.7463
46.0000 0.7460
47.0000 0.7459
48.0000 0.7457
49.0000 0.7455
50.0000 0.7453
51.0000 0.7450
52.0000 0.7449
53.0000 0.7444
54.0000 0.7441
55.0000 0.7436
56.0000 0.7432
57.0000 0.7431
58.0000 0.7427
59.0000 0.7422
60.0000 0.7420
61.0000 0.7418
62.0000 0.7414
63.0000 0.7409
64.0000 0.7407
65.0000 0.7405
66.0000 0.7403
67.0000 0.7401
68.0000 0.7400
69.0000 0.7396
70.0000 0.7394
71.0000 0.7391
72.0000 0.7390
73.0000 0.7389
74.0000 0.7389
75.0000 0.7389
76.0000 0.7389
77.0000 0.7391
78.0000 0.7391
79.0000 0.7391
80.0000 0.7391
81.0000 0.7393
82.0000 0.7395
83.0000 0.7397
84.0000 0.7399
85.0000 0.7402
86.0000 0.7402
87.0000 0.7404
88.0000 0.7407
89.0000 0.7413
90.0000 0.7422
91.0000 0.7402
92.0000 0.7385
93.0000 0.7381
94.0000 0.7386
95.0000 0.7395
96.0000 0.7403
97.0000 0.7409
98.0000 0.7412
99.0000 0.7413
100.0000 0.7412
101.0000 0.7412
102.0000 0.7411
103.0000 0.7411
104.0000 0.7411
105.0000 0.7411
106.0000 0.7411
107.0000 0.7412
108.0000 0.7412
109.0000 0.7413
110.0000 0.7413
111.0000 0.7414
112.0000 0.7414
113.0000 0.7414
114.0000 0.7414
115.0000 0.7414
116.0000 0.7414
117.0000 0.7414
118.0000 0.7413
119.0000 0.7413
120.0000 0.7413
121.0000 0.7413
122.0000 0.7413
123.0000 0.7413
124.0000 0.7413
125.0000 0.7413
126.0000 0.7413
127.0000 0.7413
128.0000 0.7413
129.0000 0.7412
130.0000 0.7412
131.0000 0.7412
132.0000 0.7412
133.0000 0.7412
134.0000 0.7412
135.0000 0.7412
136.0000 0.7412
137.0000 0.7412
138.0000 0.7412
139.0000 0.7412
140.0000 0.7412
141.0000 0.7412
142.0000 0.7412
143.0000 0.7412
144.0000 0.7412
145.0000 0.7412
146.0000 0.7412
147.0000 0.7412
148.0000 0.7412
149.0000 0.7412
150.0000 0.7412
151.0000 0.7412
152.0000 0.7412
153.0000 0.7412
154.0000 0.7412
155.0000 0.7412
156.0000 0.7412
157.0000 0.7412
158.0000 0.7412
159.0000 0.7412
160.0000 0.7412
161.0000 0.7412
162.0000 0.7412
163.0000 0.7412
164.0000 0.7412
165.0000 0.7412
166.0000 0.7412
167.0000 0.7412
168.0000 0.7412
169.0000 0.7412
170.0000 0.7412
171.0000 0.7412
172.0000 0.7412
173.0000 0.7412
174.0000 0.7412
175.0000 0.7412
176.0000 0.7412
177.0000 0.7412
178.0000 0.7412
179.0000 0.7412
180.0000 0.7412
181.0000 0.7412
182.0000 0.7412
183.0000 0.7412
184.0000 0.7412
185.0000 0.7412
186.0000 0.7412
187.0000 0.7412
188.0000 0.7412
189.0000 0.7412
190.0000 0.7412
191.0000 0.7412
192.0000 0.7412
193.0000 0.7412
194.0000 0.7412
195.0000 0.7412
196.0000 0.7412
197.0000 0.7412
198.0000 0.7412
199.0000 0.7412
200.0000 -3.7522
201.0000 -4.1554
202.0000 -3.2843
203.0000 -2.2355
204.0000 -1.3972
205.0000 -0.8631
206.0000 -0.5960
207.0000 -0.5126
208.0000 -0.5306
209.0000 -0.5896
210.0000 -0.6532
211.0000 -0.7050
212.0000 -0.7405
213.0000 -0.7612
214.0000 -0.7711
215.0000 -0.7742
216.0000 -0.7740
217.0000 -0.7720
218.0000 -0.7694
219.0000 -0.7665
220.0000 -0.7644
221.0000 -0.7627
222.0000 -0.7612
223.0000 -0.7600
224.0000 -0.7589
225.0000 -0.7581
226.0000 -0.7574
227.0000 -0.7565
228.0000 -0.7556
229.0000 -0.7550
230.0000 -0.7541
231.0000 -0.7532
232.0000 -0.7529
233.0000 -0.7524
234.0000 -0.7518
235.0000 -0.7514
236.0000 -0.7508
237.0000 -0.7505
238.0000 -0.7501
239.0000 -0.7498
240.0000 -0.7493
241.0000 -0.7488
242.0000 -0.7486
243.0000 -0.7475
244.0000 -0.7469
245.0000 -0.7461
246.0000 -0.7452
247.0000 -0.7450
248.0000 -0.7442
249.0000 -0.7432
250.0000 -0.7428
251.0000 -0.7424
252.0000 -0.7415
253.0000 -0.7406
254.0000 -0.7402
255.0000 -0.7397
256.0000 -0.7393
257.0000 -0.7390
258.0000 -0.7388
259.0000 -0.7380
260.0000 -0.7376
261.0000 -0.7370
262.0000 -0.7368
263.0000 -0.7365
264.0000 -0.7366
265.0000 -0.7365
266.0000 -0.7365
267.0000 -0.7370
268.0000 -0.7370
269.0000 -0.7370
270.0000 -0.7370
271.0000 -0.7374
272.0000 -0.7378
273.0000 -0.7382
274.0000 -0.7387
275.0000 -0.7391
276.0000 -0.7392
277.0000 -0.7395
278.0000 -0.7401
279.0000 -0.7414
280.0000 -0.7431
281.0000 -0.7392
282.0000 -0.7358
283.0000 -0.7349
284.0000 -0.7360
285.0000 -0.7377
286.0000 -0.7394
287.0000 -0.7405
288.0000 -0.7411
289.0000 -0.7413
290.0000 -0.7412
291.0000 -0.7411
292.0000 -0.7410
293.0000 -0.7409
294.0000 -0.7409
295.0000 -0.7410
296.0000 -0.7410
297.0000 -0.7412
298.0000 -0.7413
299.0000 -0.7414
300.0000 -0.7414
301.0000 -0.7415
302.0000 -0.7415
303.0000 -0.7415
304.0000 -0.7415
305.0000 -0.7415
306.0000 -0.7415
307.0000 -0.7415
308.0000 -0.7415
309.0000 -0.7414
310.0000 -0.7414
311.0000 -0.7414
312.0000 -0.7414
313.0000 -0.7414
314.0000 -0.7413
315.0000 -0.7413
316.0000 -0.7413
317.0000 -0.7413
318.0000 -0.7413
319.0000 -0.7413
320.0000 -0.7413
321.0000 -0.7412
322.0000 -0.7412
323.0000 -0.7412
324.0000 -0.7412
325.0000 -0.7412
326.0000 -0.7412
327.0000 -0.7412
328.0000 -0.7412
329.0000 -0.7412
330.0000 -0.7412
331.0000 -0.7412
332.0000 -0.7412
333.0000 -0.7412
334.0000 -0.7412
335.0000 -0.7412
336.0000 -0.7412
337.0000 -0.7412
338.0000 -0.7412
339.0000 -0.7412
340.0000 -0.7412
341.0000 -0.7412
342.0000 -0.7412
343.0000 -0.7412
344.0000 -0.7412
345.0000 -0.7412
346.0000 -0.7412
347.0000 -0.7412
348.0000 -0.7412
349.0000 -0.7412
350.0000 -0.7412
351.0000 -0.7412
352.0000 -0.7412
353.0000 -0.7412
354.0000 -0.7412
355.0000 -0.7412
356.0000 -0.7412
357.0000 -0.7412
358.0000 -0.7412
359.0000 -0.7412
360.0000 -0.7412
361.0000 -0.7412
362.0000 -0.7412
363.0000 -0.7412
364.0000 -0.7412
365.0000 -0.7412
366.0000 -0.7412
367.0000 -0.7412
368.0000 -0.7412
369.0000 -0.7412
370.0000 -0.7412
371.0000 -0.7412
372.0000 -0.7412
373.0000 -0.7412
374.0000 -0.7412
375.0000 -0.7412
376.0000 -0.7412
377.0000 -0.7412
378.0000 -0.7412
379.0000 -0.7412
380.0000 -0.7412
381.0000 -0.7412
382.0000 -0.7412
383.0000 -0.7412
384.0000 -0.7412
385.0000 -0.7412
386.0000 -0.7412
387.0000 -0.7412
388.0000 -0.7412
389.0000 -0.7412
390.0000 -0.7412
391.0000 -0.7412
392.0000 -0.7412
393.0000 -0.7412
394.0000 -0.7412
395.0000 -0.7412
396.0000 -0.7412
397.0000 -0.7412
398.0000 -0.7412
399.0000 -0.7412
400.0000 -0.7412
401.0000 -0.7412
402.0000 -0.7412
403.0000 -0.7412
404.0000 -0.7412
405.0000 -0.7412
406.0000 -0.7412
407.0000 -0.7412
408.0000 -0.7412
409.0000 -0.7412
410.0000 -0.7412
411.0000 -0.7412
412.0000 -0.7412
413.0000 -0.7412
414.0000 -0.7412
415.0000 -0.7412
416.0000 -0.7412
417.0000 -0.7412
418.0000 -0.7412
419.0000 -0.7412
420.0000 -0.7412
421.0000 -0.7412
422.0000 -0.7412
423.0000 -0.7412
424.0000 -0.7412
425.0000 -0.7412
426.0000 -0.7412
427.0000 -0.7412
428.0000 -0.7412
429.0000 -0.7412
430.0000 -0.7412
431.0000 -0.7412
432.0000 -0.7412
433.0000 -0.7412
434.0000 -0.7412
435.0000 -0.7412
436.0000 -0.7412
437.0000 -0.7412
438.0000 -0.7412
439.0000 -0.7412
440.0000 -0.7412
441.0000 -0.7412
442.0000 -0.7412
443.0000 -0.7412
444.0000 -0.7412
445.0000 -0.7412
446.0000 -0.7412
447.0000 -0.7412
448.0000 -0.7412
449.0000 -0.7412
450.0000 -0.7412
451.0000 -0.7412
452.0000 -0.7412
453.0000 -0.7412
454.0000 -0.7412
455.0000 -0.7412
456.0000 -0.7412
457.0000 -0.7412
458.0000 -0.7412
459.0000 -0.7412
460.0000 -0.7412
461.0000 -0.7412
462.0000 -0.7412
463.0000 -0.7412
464.0000 -0.7412
465.0000 -0.7412
466.0000 -0.7412
467.0000 -0.7412
468.0000 -0.7412
469.0000 -0.7412
470.0000 -0.7412
471.0000 -0.7412
472.0000 -0.7412
473.0000 -0.7412
474.0000 -0.7412
475.0000 -0.7412
476.0000 -0.7412
477.0000 -0.7412
478.0000 -0.7412
479.0000 -0.7412
480.0000 -0.7412
481.0000 -0.7412
482.0000 -0.7412
483.0000 -0.7412
484.0000 -0.7412
485.0000 -0.7412
486.0000 -0.7412
487.0000 -0.7412
488.0000 -0.7412
489.0000 -0.7412
490.0000 -0.7412
491.0000 -0.7412
492.0000 -0.7412
493.0000 -0.7412
494.0000 -0.7412
495.0000 -0.7412
496.0000 -0.7412
497.0000 -0.7412
498.0000 -0.7412
499.0000 -0.7412
500.0000 3.1905
501.0000 3.5433
502.0000 2.7811
503.0000 1.8634
504.0000 1.1299
505.0000 0.6626
506.0000 0.4288
507.0000 0.3558
508.0000 0.3716
509.0000 0.4232
510.0000 0.4789
511.0000 0.5242
512.0000 0.5553
513.0000 0.5734
514.0000 0.5820
515.0000 0.5848
516.0000 0.5846
517.0000 0.5828
518.0000 0.5806
519.0000 0.5780
520.0000 0.5762
521.0000 0.5747
522.0000 0.5734
523.0000 0.5723
524.0000 0.5714
525.0000 0.5707
526.0000 0.5701
527.0000 0.5693
528.0000 0.5685
529.0000 0.5679
530.0000 0.5672
531.0000 0.5664
532.0000 0.5661
533.0000 0.5657
534.0000 0.5651
535.0000 0.5648
536.0000 0.5643
537.0000 0.5641
538.0000 0.5637
539.0000 0.5634
540.0000 0.5630
541.0000 0.5626
542.0000 0.5624
543.0000 0.5614
544.0000 0.5609
545.0000 0.5601
546.0000 0.5594
547.0000 0.5592
548.0000 0.5585
549.0000 0.5577
550.0000 0.5573
551.0000 0.5569
552.0000 0.5562
553.0000 0.5554
554.0000 0.5550
555.0000 0.5546
556.0000 0.5542
557.0000 0.5540
558.0000 0.5538
559.0000 0.5531
560.0000 0.5527
561.0000 0.5522
562.0000 0.5520
563.0000 0.5518
564.0000 0.5519
565.0000 0.5518
566.0000 0.5518
567.0000 0.5522
568.0000 0.5523
569.0000 0.5522
570.0000 0.5523
571.0000 0.5526
572.0000 0.5529
573.0000 0.5533
574.0000 0.5537
575.0000 0.5541
576.0000 0.5541
577.0000 0.5544
578.0000 0.5549
579.0000 0.5561
580.0000 0.5575
581.0000 0.5542
582.0000 0.5512
583.0000 0.5504
584.0000 0.5513
585.0000 0.5529
586.0000 0.5543
587.0000 0.5553
588.0000 0.5558
589.0000 0.5560
590.0000 0.5559
591.0000 0.5558
592.0000 0.5557
593.0000 0.5556
594.0000 0.5556
595.0000 0.5557
596.0000 0.5558
597.0000 0.5559
598.0000 0.5559
599.0000 0.5560
600.0000 0.5561
601.0000 0.5561
602.0000 0.5562
603.0000 0.5562
604.0000 0.5562
605.0000 0.5562
606.0000 0.5562
607.0000 0.5561
608.0000 0.5561
609.0000 0.5561
610.0000 0.5561
611.0000 0.5561
612.0000 0.5560
613.0000 0.5560
614.0000 0.5560
615.0000 0.5560
616.0000 0.5560
617.0000 0.5560
618.0000 0.5560
619.0000 0.5560
620.0000 0.5559
621.0000 0.5559
622.0000 0.5559
623.0000 0.5559
624.0000 0.5559
625.0000 0.5559
626.0000 0.5559
627.0000 0.5559
628.0000 0.5559
629.0000 0.5559
630.0000 0.5559
631.0000 0.5559
632.0000 0.5559
633.0000 0.5559
634.0000 0.5559
635.0000 0.5559
636.0000 0.5559
637.0000 0.5559
638.0000 0.5559
639.0000 0.5559
640.0000 0.5559
641.0000 0.5559
642.0000 0.5559
643.0000 0.5559
644.0000 0.5559
645.0000 0.5559
646.0000 0.5559
647.0000 0.5559
648.0000 0.5559
649.0000 0.5559
650.0000 0.5559
651.0000 0.5559
652.0000 0.5559
653.0000 0.5559
654.0000 0.5559
655.0000 0.5559
656.0000 0.5559
657.0000 0.5559
658.0000 0.5559
659.0000 0.5559
660.0000 0.5559
661.0000 0.5559
662.0000 0.5559
663.0000 0.5559
664.0000 0.5559
665.0000 0.5559
666.0000 0.5559
667.0000 0.5559
668.0000 0.5559
669.0000 0.5559
670.0000 0.5559
671.0000 0.5559
672.0000 0.5559
673.0000 0.5559
674.0000 0.5559
675.0000 0.5559
676.0000 0.5559
677.0000 0.5559
678.0000 0.5559
679.0000 0.5559
680.0000 0.5559
681.0000 0.5559
682.0000 0.5559
683.0000 0.5559
684.0000 0.5559
685.0000 0.5559
686.0000 0.5559
687.0000 0.5559
688.0000 0.5559
689.0000 0.5559
690.0000 0.5559
691.0000 0.5559
692.0000 0.5559
693.0000 0.5559
694.0000 0.5559
695.0000 0.5559
696.0000 0.5559
697.0000 0.5559
698.0000 0.5559
699.0000 0.5559
700.0000 0.5559
701.0000 0.5559
702.0000 0.5559
703.0000 0.5559
704.0000 0.5559
705.0000 0.5559
706.0000 0.5559
707.0000 0.5559
708.0000 0.5559
709.0000 0.5559
710.0000 0.5559
711.0000 0.5559
712.0000 0.5559
713.0000 0.5559
714.0000 0.5559
715.0000 0.5559
716.0000 0.5559
717.0000 0.5559
718.0000 0.5559
719.0000 0.5559
720.0000 0.5559
721.0000 0.5559
722.0000 0.5559
723.0000 0.5559
724.0000 0.5559
725.0000 0.5559
726.0000 0.5559
727.0000 0.5559
728.0000 0.5559
729.0000 0.5559
730.0000 0.5559
731.0000 0.5559
732.0000 0.5559
733.0000 0.5559
734.0000 0.5559
735.0000 0.5559
736.0000 0.5559
737.0000 0.5559
738.0000 0.5559
739.0000 0.5559
740.0000 0.5559
741.0000 0.5559
742.0000 0.5559
743.0000 0.5559
744.0000 0.5559
745.0000 0.5559
746.0000 0.5559
747.0000 0.5559
748.0000 0.5559
749.0000 0.5559
750.0000 0.5559
751.0000 0.5559
752.0000 0.5559
753.0000 0.5559
754.0000 0.5559
755.0000 0.5559
756.0000 0.5559
757.0000 0.5559
758.0000 0.5559
759.0000 0.5559
760.0000 0.5559
761.0000 0.5559
762.0000 0.5559
763.0000 0.5559
764.0000 0.5559
765.0000 0.5559
766.0000 0.5559
767.0000 0.5559
768.0000 0.5559
769.0000 0.5559
770.0000 0.5559
771.0000 0.5559
772.0000 0.5559
773.0000 0.5559
774.0000 0.5559
775.0000 0.5559
776.0000 0.5559
777.0000 0.5559
778.0000 0.5559
779.0000 0.5559
780.0000 0.5559
781.0000 0.5559
782.0000 0.5559
783.0000 0.5559
784.0000 0.5559
785.0000 0.5559
786.0000 0.5559
787.0000 0.5559
788.0000 0.5559
789.0000 0.5559
790.0000 0.5559
791.0000 0.5559
792.0000 0.5559
793.0000 0.5559
794.0000 0.5559
795.0000 0.5559
796.0000 0.5559
797.0000 0.5559
798.0000 0.5559
799.0000 0.5559
800.0000 -1.1291
801.0000 -1.2803
802.0000 -0.9537
803.0000 -0.5603
804.0000 -0.2460
805.0000 -0.0457
806.0000 0.0545
807.0000 0.0857
808.0000 0.0790
809.0000 0.0569
810.0000 0.0330
811.0000 0.0136
812.0000 0.0003
813.0000 -0.0075
814.0000 -0.0112
815.0000 -0.0124
816.0000 -0.0123
817.0000 -0.0115
818.0000 -0.0106
819.0000 -0.0095
820.0000 -0.0087
821.0000 -0.0081
822.0000 -0.0075
823.0000 -0.0070
824.0000 -0.0066
825.0000 -0.0063
826.0000 -0.0061
827.0000 -0.0057
828.0000 -0.0054
829.0000 -0.0051
830.0000 -0.0048
831.0000 -0.0045
832.0000 -0.0044
833.0000 -0.0042
834.0000 -0.0039
835.0000 -0.0038
836.0000 -0.0036
837.0000 -0.0035
838.0000 -0.0033
839.0000 -0.0032
840.0000 -0.0030
841.0000 -0.0028
842.0000 -0.0028
843.0000 -0.0023
844.0000 -0.0021
845.0000 -0.0018
846.0000 -0.0015
847.0000 -0.0014
848.0000 -0.0011
849.0000 -0.0007
850.0000 -0.0006
851.0000 -0.0004
852.0000 -0.0001
853.0000 0.0002
854.0000 0.0004
855.0000 0.0006
856.0000 0.0007
857.0000 0.0008
858.0000 0.0009
859.0000 0.0012
860.0000 0.0014
861.0000 0.0016
862.0000 0.0017
863.0000 0.0018
864.0000 0.0017
865.0000 0.0018
866.0000 0.0018
867.0000 0.0016
868.0000 0.0016
869.0000 0.0016
870.0000 0.0016
871.0000 0.0014
872.0000 0.0013
873.0000 0.0011
874.0000 0.0010
875.0000 0.0008
876.0000 0.0008
877.0000 0.0007
878.0000 0.0004
879.0000 -0.0001
880.0000 -0.0007
881.0000 0.0008
882.0000 0.0020
883.0000 0.0024
884.0000 0.0020
885.0000 0.0013
886.0000 0.0007
887.0000 0.0003
888.0000 0.0001
889.0000 -0.0000
890.0000 -0.0000
891.0000 0.0000
892.0000 0.0001
893.0000 0.0001
894.0000 0.0001
895.0000 0.0001
896.0000 0.0001
897.0000 0.0000
898.0000 -0.0000
899.0000 -0.0000
900.0000 -0.0001
901.0000 -0.0001
902.0000 -0.0001
903.0000 -0.0001
904.0000 -0.0001
905.0000 -0.0001
906.0000 -0.0001
907.0000 -0.0001
908.0000 -0.0001
909.0000 -0.0001
910.0000 -0.0001
911.0000 -0.0001
912.0000 -0.0001
913.0000 -0.0000
914.0000 -0.0000
915.0000 -0.0000
916.0000 -0.0000
917.0000 -0.0000
918.0000 -0.0000
919.0000 -0.0000
920.0000 -0.0000
921.0000 -0.0000
922.0000 -0.0000
923.0000 0.0000
924.0000 0.0000
925.0000 0.0000
926.0000 0.0000
927.0000 0.0000
928.0000 0.0000
929.0000 0.0000
930.0000 0.0000
931.0000 0.0000
932.0000 0.0000
933.0000 0.0000
934.0000 0.0000
935.0000 0.0000
936.0000 0.0000
937.0000 0.0000
938.0000 0.0000
939.0000 0.0000
940.0000 0.0000
941.0000 0.0000
942.0000 0.0000
943.0000 0.0000
944.0000 0.0000
945.0000 0.0000
946.0000 0.0000
947.0000 0.0000
948.0000 0.0000
949.0000 0.0000
950.0000 0.0000
951.0000 0.0000
952.0000 0.0000
953.0000 0.0000
954.0000 0.0000
955.0000 0.0000
956.0000 0.0000
957.0000 0.0000
958.0000 0.0000
959.0000 0.0000
960.0000 0.0000
961.0000 0.0000
962.0000 0.0000
963.0000 0.0000
964.0000 0.0000
965.0000 0.0000
966.0000 0.0000
967.0000 0.0000
968.0000 0.0000
969.0000 0.0000
970.0000 0.0000
971.0000 0.0000
972.0000 0.0000
973.0000 0.0000
974.0000 0.0000
975.0000 0.0000
976.0000 0.0000
977.0000 0.0000
978.0000 0.0000
979.0000 0.0000
980.0000 0.0000
981.0000 0.0000
982.0000 0.0000
983.0000 0.0000
984.0000 0.0000
985.0000 0.0000
986.0000 0.0000
987.0000 0.0000
988.0000 0.0000
989.0000 0.0000
990.0000 0.0000
991.0000 0.0000
992.0000 0.0000
993.0000 0.0000
994.0000 0.0000
995.0000 0.0000
996.0000 0.0000
997.0000 0.0000
998.0000 0.0000
999.0000 0.0000
1000.0000 0.0000
1001.0000 0.0000
1002.0000 0.0000
1003.0000 0.0000
1004.0000 0.0000
1005.0000 0.0000
1006.0000 0.0000
1007.0000 0.0000
1008.0000 0.0000
1009.0000 0.0000
1010.0000 0.0000
1011.0000 0.0000
1012.0000 0.0000
1013.0000 0.0000
1014.0000 0.0000
1015.0000 0.0000
1016.0000 0.0000
1017.0000 0.0000
1018.0000 0.0000
1019.0000 0.0000
1020.0000 0.0000
1021.0000 0.0000
1022.0000 0.0000
1023.0000 0.0000
1024.0000 0.0000
1025.0000 0.0000
1026.0000 0.0000
1027.0000 0.0000
1028.0000 0.0000
1029.0000 0.0000
1030.0000 0.0000
1031.0000 0.0000
1032.0000 0.0000
1033.0000 0.0000
1034.0000 0.0000
1035.0000 0.0000
1036.0000 0.0000
1037.0000 0.0000
1038.0000 0.0000
1039.0000 0.0000
1040.0000 0.0000
1041.0000 0.0000
1042.0000 0.0000
1043.0000 0.0000
1044.0000 0.0000
1045.0000 0.0000
1046.0000 0.0000
1047.0000 0.0000
1048.0000 0.0000
1049.0000 0.0000
1050.0000 0.0000
1051.0000 0.0000
1052.0000 0.0000
1053.0000 0.0000
1054.0000 0.0000
1055.0000 0.0000
1056.0000 0.0000
1057.0000 0.0000
1058.0000 0.0000
1059.0000 0.0000
1060.0000 0.0000
1061.0000 0.0000
1062.0000 0.0000
1063.0000 0.0000
1064.0000 0.0000
1065.0000 0.0000
1066.0000 0.0000
1067.0000 0.0000
1068.0000 0.0000
1069.0000 0.0000
1070.0000 0.0000
1071.0000 0.0000
1072.0000 0.0000
1073.0000 0.0000
1074.0000 0.0000
1075.0000 0.0000
1076.0000 0.0000
1077.0000 0.0000
1078.0000 0.0000
1079.0000 0.0000
1080.0000 0.0000
1081.0000 0.0000
1082.0000 0.0000
1083.0000 0.0000
1084.0000 0.0000
1085.0000 0.0000
1086.0000 0.0000
1087.0000 0.0000
1088.0000 0.0000
1089.0000 0.0000
1090.0000 0.0000
1091.0000 0.0000
1092.0000 0.0000
1093.0000 0.0000
1094.0000 0.0000
1095.0000 0.0000
1096.0000 0.0000
1097.0000 0.0000
1098.0000 0.0000
1099.0000 0.0000
1100.0000 0.0000
