1.0000 0.0000
2.0000 0.0000
3.0000 0.0000
4.0000 0.0000
5.0000 0.0000
6.0000 0.0000
7.0000 0.0000
8.0000 0.0000
9.0000 0.0000
10.0000 2.5394
11.0000 3.0891
12.0000 2.7774
13.0000 2.2252
14.0000 1.7157
15.0000 1.3404
16.0000 1.0988
17.0000 0.9575
18.0000 0.8800
19.0000 0.8386
20.0000 0.8159
21.0000 0.8024
22.0000 0.7935
23.0000 0.7873
24.0000 0.7832
25.0000 0.7806
26.0000 0.7790
27.0000 0.7781
28.0000 0.7773
29.0000 0.7768
30.0000 0.7764
31.0000 0.7760
32.0000 0.7749
33.0000 0.7736
34.0000 0.7722
35.0000 0.7709
36.0000 0.7699
37.0000 0.7686
38.0000 0.7667
39.0000 0.7655
40.0000 0.7648
41.0000 0.7635
42.0000 0.7624
43.0000 0.7608
44.0000 0.7601
45.0000 0.7597
46.0000 0.7590
47.0000 0.7583
48.0000 0.7577
49.0000 0.7569
50.0000 0.7560
51.0000 0.7555
52.0000 0.7553
53.0000 0.7550
54.0000 0.7549
55.0000 0.7547
56.0000 0.7537
57.0000 0.7536
58.0000 0.7534
59.0000 0.7534
60.0000 0.7533
61.0000 0.7531
62.0000 0.7527
63.0000 0.7521
64.0000 0.7522
65.0000 0.7522
66.0000 0.7523
67.0000 0.7523
68.0000 0.7524
69.0000 0.7518
70.0000 0.7513
71.0000 0.7512
72.0000 0.7514
73.0000 0.7512
74.0000 0.7511
75.0000 0.7510
76.0000 0.7509
77.0000 0.7507
78.0000 0.7505
79.0000 0.7505
80.0000 0.7502
81.0000 0.7500
82.0000 0.7497
83.0000 0.7496
84.0000 0.7499
85.0000 0.7497
86.0000 0.7497
87.0000 0.7503
88.0000 0.7506
89.0000 0.7518
90.0000 0.7529
91.0000 0.7518
92.0000 0.7500
93.0000 0.7486
94.0000 0.7478
95.0000 0.7474
96.0000 0.7474
97.0000 0.7475
98.0000 0.7477
99.0000 0.7479
100.0000 0.7481
101.0000 0.7482
102.0000 0.7482
103.0000 0.7482
104.0000 0.7482
105.0000 0.7481
106.0000 0.7480
107.0000 0.7480
108.0000 0.7479
109.0000 0.7478
110.0000 0.7478
111.0000 0.7477
112.0000 0.7477
113.0000 0.7476
114.0000 0.7476
115.0000 0.7476
116.0000 0.7476
117.0000 0.7476
118.0000 0.7475
119.0000 0.7475
120.0000 0.7475
121.0000 0.7475
122.0000 0.7475
123.0000 0.7475
124.0000 0.7475
125.0000 0.7475
126.0000 0.7474
127.0000 0.7474
128.0000 0.7474
129.0000 0.7474
130.0000 0.7474
131.0000 0.7474
132.0000 0.7474
133.0000 0.7474
134.0000 0.7473
135.0000 0.7473
136.0000 0.7473
137.0000 0.7473
138.0000 0.7473
139.0000 0.7473
140.0000 0.7473
141.0000 0.7472
142.0000 0.7472
143.0000 0.7472
144.0000 0.7472
145.0000 0.7472
146.0000 0.7472
147.0000 0.7472
148.0000 0.7472
149.0000 0.7472
150.0000 0.7471
151.0000 0.7471
152.0000 0.7471
153.0000 0.7471
154.0000 0.7471
155.0000 0.7471
156.0000 0.7471
157.0000 0.7471
158.0000 0.7471
159.0000 0.7471
160.0000 0.7471
161.0000 0.7471
162.0000 0.7471
163.0000 0.7471
164.0000 0.7471
165.0000 0.7471
166.0000 0.7470
167.0000 0.7470
168.0000 0.7470
169.0000 0.7470
170.0000 0.7470
171.0000 0.7470
172.0000 0.7470
173.0000 0.7470
174.0000 0.7470
175.0000 0.7470
176.0000 0.7470
177.0000 0.7470
178.0000 0.7470
179.0000 0.7470
180.0000 0.7470
181.0000 0.7470
182.0000 0.7470
183.0000 0.7470
184.0000 0.7470
185.0000 0.7470
186.0000 0.7470
187.0000 0.7470
188.0000 0.7469
189.0000 0.7469
190.0000 0.7469
191.0000 0.7469
192.0000 0.7469
193.0000 0.7469
194.0000 0.7469
195.0000 0.7469
196.0000 0.7469
197.0000 0.7469
198.0000 0.7469
199.0000 0.7469
200.0000 -4.3318
201.0000 -5.4313
202.0000 -4.8079
203.0000 -3.7035
204.0000 -2.6845
205.0000 -1.9339
206.0000 -1.4508
207.0000 -1.1680
208.0000 -1.0131
209.0000 -0.9303
210.0000 -0.8849
211.0000 -0.8579
212.0000 -0.8401
213.0000 -0.8278
214.0000 -0.8195
215.0000 -0.8143
216.0000 -0.8111
217.0000 -0.8093
218.0000 -0.8077
219.0000 -0.8067
220.0000 -0.8059
221.0000 -0.8051
222.0000 -0.8028
223.0000 -0.8003
224.0000 -0.7975
225.0000 -0.7949
226.0000 -0.7928
227.0000 -0.7903
228.0000 -0.7866
229.0000 -0.7842
230.0000 -0.7826
231.0000 -0.7800
232.0000 -0.7779
233.0000 -0.7748
234.0000 -0.7734
235.0000 -0.7724
236.0000 -0.7711
237.0000 -0.7697
238.0000 -0.7684
239.0000 -0.7668
240.0000 -0.7650
241.0000 -0.7642
242.0000 -0.7637
243.0000 -0.7631
244.0000 -0.7630
245.0000 -0.7625
246.0000 -0.7606
247.0000 -0.7603
248.0000 -0.7599
249.0000 -0.7600
250.0000 -0.7597
251.0000 -0.7594
252.0000 -0.7585
253.0000 -0.7574
254.0000 -0.7576
255.0000 -0.7576
256.0000 -0.7577
257.0000 -0.7577
258.0000 -0.7579
259.0000 -0.7567
260.0000 -0.7557
261.0000 -0.7555
262.0000 -0.7560
263.0000 -0.7555
264.0000 -0.7553
265.0000 -0.7552
266.0000 -0.7550
267.0000 -0.7545
268.0000 -0.7542
269.0000 -0.7541
270.0000 -0.7535
271.0000 -0.7531
272.0000 -0.7525
273.0000 -0.7523
274.0000 -0.7529
275.0000 -0.7525
276.0000 -0.7526
277.0000 -0.7538
278.0000 -0.7544
279.0000 -0.7568
280.0000 -0.7590
281.0000 -0.7568
282.0000 -0.7532
283.0000 -0.7503
284.0000 -0.7486
285.0000 -0.7480
286.0000 -0.7479
287.0000 -0.7482
288.0000 -0.7486
289.0000 -0.7490
290.0000 -0.7493
291.0000 -0.7495
292.0000 -0.7496
293.0000 -0.7496
294.0000 -0.7495
295.0000 -0.7494
296.0000 -0.7492
297.0000 -0.7491
298.0000 -0.7489
299.0000 -0.7488
300.0000 -0.7487
301.0000 -0.7486
302.0000 -0.7485
303.0000 -0.7484
304.0000 -0.7484
305.0000 -0.7483
306.0000 -0.7483
307.0000 -0.7482
308.0000 -0.7482
309.0000 -0.7482
310.0000 -0.7482
311.0000 -0.7482
312.0000 -0.7481
313.0000 -0.7481
314.0000 -0.7481
315.0000 -0.7481
316.0000 -0.7480
317.0000 -0.7480
318.0000 -0.7480
319.0000 -0.7480
320.0000 -0.7479
321.0000 -0.7479
322.0000 -0.7479
323.0000 -0.7478
324.0000 -0.7478
325.0000 -0.7478
326.0000 -0.7478
327.0000 -0.7477
328.0000 -0.7477
329.0000 -0.7477
330.0000 -0.7477
331.0000 -0.7476
332.0000 -0.7476
333.0000 -0.7476
334.0000 -0.7476
335.0000 -0.7475
336.0000 -0.7475
337.0000 -0.7475
338.0000 -0.7475
339.0000 -0.7475
340.0000 -0.7474
341.0000 -0.7474
342.0000 -0.7474
343.0000 -0.7474
344.0000 -0.7474
345.0000 -0.7474
346.0000 -0.7473
347.0000 -0.7473
348.0000 -0.7473
349.0000 -0.7473
350.0000 -0.7473
351.0000 -0.7473
352.0000 -0.7473
353.0000 -0.7473
354.0000 -0.7473
355.0000 -0.7472
356.0000 -0.7472
357.0000 -0.7472
358.0000 -0.7472
359.0000 -0.7472
360.0000 -0.7472
361.0000 -0.7472
362.0000 -0.7471
363.0000 -0.7471
364.0000 -0.7471
365.0000 -0.7471
366.0000 -0.7471
367.0000 -0.7471
368.0000 -0.7471
369.0000 -0.7471
370.0000 -0.7471
371.0000 -0.7471
372.0000 -0.7471
373.0000 -0.7471
374.0000 -0.7471
375.0000 -0.7471
376.0000 -0.7470
377.0000 -0.7470
378.0000 -0.7470
379.0000 -0.7470
380.0000 -0.7470
381.0000 -0.7470
382.0000 -0.7470
383.0000 -0.7470
384.0000 -0.7470
385.0000 -0.7470
386.0000 -0.7470
387.0000 -0.7470
388.0000 -0.7470
389.0000 -0.7470
390.0000 -0.7470
391.0000 -0.7470
392.0000 -0.7470
393.0000 -0.7470
394.0000 -0.7470
395.0000 -0.7470
396.0000 -0.7470
397.0000 -0.7470
398.0000 -0.7470
399.0000 -0.7470
400.0000 -0.7470
401.0000 -0.7470
402.0000 -0.7470
403.0000 -0.7469
404.0000 -0.7469
405.0000 -0.7469
406.0000 -0.7469
407.0000 -0.7469
408.0000 -0.7469
409.0000 -0.7469
410.0000 -0.7469
411.0000 -0.7469
412.0000 -0.7469
413.0000 -0.7469
414.0000 -0.7469
415.0000 -0.7469
416.0000 -0.7469
417.0000 -0.7469
418.0000 -0.7469
419.0000 -0.7469
420.0000 -0.7469
421.0000 -0.7469
422.0000 -0.7469
423.0000 -0.7469
424.0000 -0.7469
425.0000 -0.7469
426.0000 -0.7469
427.0000 -0.7469
428.0000 -0.7469
429.0000 -0.7469
430.0000 -0.7469
431.0000 -0.7469
432.0000 -0.7469
433.0000 -0.7469
434.0000 -0.7469
435.0000 -0.7469
436.0000 -0.7469
437.0000 -0.7469
438.0000 -0.7469
439.0000 -0.7469
440.0000 -0.7469
441.0000 -0.7469
442.0000 -0.7469
443.0000 -0.7469
444.0000 -0.7469
445.0000 -0.7469
446.0000 -0.7469
447.0000 -0.7469
448.0000 -0.7469
449.0000 -0.7469
450.0000 -0.7469
451.0000 -0.7469
452.0000 -0.7469
453.0000 -0.7469
454.0000 -0.7469
455.0000 -0.7469
456.0000 -0.7469
457.0000 -0.7469
458.0000 -0.7469
459.0000 -0.7469
460.0000 -0.7469
461.0000 -0.7469
462.0000 -0.7469
463.0000 -0.7469
464.0000 -0.7469
465.0000 -0.7469
466.0000 -0.7469
467.0000 -0.7469
468.0000 -0.7469
469.0000 -0.7469
470.0000 -0.7469
471.0000 -0.7469
472.0000 -0.7469
473.0000 -0.7469
474.0000 -0.7469
475.0000 -0.7469
476.0000 -0.7469
477.0000 -0.7469
478.0000 -0.7469
479.0000 -0.7469
480.0000 -0.7469
481.0000 -0.7469
482.0000 -0.7469
483.0000 -0.7469
484.0000 -0.7469
485.0000 -0.7469
486.0000 -0.7469
487.0000 -0.7469
488.0000 -0.7469
489.0000 -0.7469
490.0000 -0.7469
491.0000 -0.7469
492.0000 -0.7469
493.0000 -0.7469
494.0000 -0.7469
495.0000 -0.7469
496.0000 -0.7469
497.0000 -0.7469
498.0000 -0.7469
499.0000 -0.7469
500.0000 3.6970
501.0000 4.6591
502.0000 4.1136
503.0000 3.1473
504.0000 2.2557
505.0000 1.5989
506.0000 1.1761
507.0000 0.9287
508.0000 0.7931
509.0000 0.7207
510.0000 0.6810
511.0000 0.6573
512.0000 0.6417
513.0000 0.6310
514.0000 0.6238
515.0000 0.6192
516.0000 0.6164
517.0000 0.6148
518.0000 0.6134
519.0000 0.6125
520.0000 0.6119
521.0000 0.6111
522.0000 0.6091
523.0000 0.6069
524.0000 0.6044
525.0000 0.6022
526.0000 0.6004
527.0000 0.5981
528.0000 0.5949
529.0000 0.5928
530.0000 0.5915
531.0000 0.5892
532.0000 0.5873
533.0000 0.5846
534.0000 0.5834
535.0000 0.5825
536.0000 0.5814
537.0000 0.5801
538.0000 0.5790
539.0000 0.5777
540.0000 0.5761
541.0000 0.5754
542.0000 0.5749
543.0000 0.5744
544.0000 0.5743
545.0000 0.5738
546.0000 0.5722
547.0000 0.5719
548.0000 0.5715
549.0000 0.5716
550.0000 0.5714
551.0000 0.5711
552.0000 0.5703
553.0000 0.5694
554.0000 0.5695
555.0000 0.5695
556.0000 0.5696
557.0000 0.5696
558.0000 0.5699
559.0000 0.5687
560.0000 0.5679
561.0000 0.5677
562.0000 0.5681
563.0000 0.5677
564.0000 0.5675
565.0000 0.5674
566.0000 0.5673
567.0000 0.5668
568.0000 0.5666
569.0000 0.5665
570.0000 0.5659
571.0000 0.5656
572.0000 0.5651
573.0000 0.5649
574.0000 0.5654
575.0000 0.5651
576.0000 0.5652
577.0000 0.5663
578.0000 0.5668
579.0000 0.5688
580.0000 0.5708
581.0000 0.5688
582.0000 0.5657
583.0000 0.5632
584.0000 0.5617
585.0000 0.5611
586.0000 0.5611
587.0000 0.5613
588.0000 0.5617
589.0000 0.5620
590.0000 0.5623
591.0000 0.5624
592.0000 0.5625
593.0000 0.5625
594.0000 0.5624
595.0000 0.5624
596.0000 0.5622
597.0000 0.5621
598.0000 0.5620
599.0000 0.5618
600.0000 0.5617
601.0000 0.5616
602.0000 0.5616
603.0000 0.5615
604.0000 0.5615
605.0000 0.5614
606.0000 0.5614
607.0000 0.5614
608.0000 0.5613
609.0000 0.5613
610.0000 0.5613
611.0000 0.5613
612.0000 0.5613
613.0000 0.5612
614.0000 0.5612
615.0000 0.5612
616.0000 0.5612
617.0000 0.5612
618.0000 0.5611
619.0000 0.5611
620.0000 0.5611
621.0000 0.5611
622.0000 0.5610
623.0000 0.5610
624.0000 0.5610
625.0000 0.5610
626.0000 0.5609
627.0000 0.5609
628.0000 0.5609
629.0000 0.5609
630.0000 0.5608
631.0000 0.5608
632.0000 0.5608
633.0000 0.5608
634.0000 0.5608
635.0000 0.5607
636.0000 0.5607
637.0000 0.5607
638.0000 0.5607
639.0000 0.5607
640.0000 0.5607
641.0000 0.5606
642.0000 0.5606
643.0000 0.5606
644.0000 0.5606
645.0000 0.5606
646.0000 0.5606
647.0000 0.5606
648.0000 0.5606
649.0000 0.5605
650.0000 0.5605
651.0000 0.5605
652.0000 0.5605
653.0000 0.5605
654.0000 0.5605
655.0000 0.5605
656.0000 0.5605
657.0000 0.5605
658.0000 0.5604
659.0000 0.5604
660.0000 0.5604
661.0000 0.5604
662.0000 0.5604
663.0000 0.5604
664.0000 0.5604
665.0000 0.5604
666.0000 0.5604
667.0000 0.5604
668.0000 0.5604
669.0000 0.5604
670.0000 0.5603
671.0000 0.5603
672.0000 0.5603
673.0000 0.5603
674.0000 0.5603
675.0000 0.5603
676.0000 0.5603
677.0000 0.5603
678.0000 0.5603
679.0000 0.5603
680.0000 0.5603
681.0000 0.5603
682.0000 0.5603
683.0000 0.5603
684.0000 0.5603
685.0000 0.5603
686.0000 0.5603
687.0000 0.5603
688.0000 0.5603
689.0000 0.5603
690.0000 0.5603
691.0000 0.5603
692.0000 0.5603
693.0000 0.5602
694.0000 0.5602
695.0000 0.5602
696.0000 0.5602
697.0000 0.5602
698.0000 0.5602
699.0000 0.5602
700.0000 0.5602
701.0000 0.5602
702.0000 0.5602
703.0000 0.5602
704.0000 0.5602
705.0000 0.5602
706.0000 0.5602
707.0000 0.5602
708.0000 0.5602
709.0000 0.5602
710.0000 0.5602
711.0000 0.5602
712.0000 0.5602
713.0000 0.5602
714.0000 0.5602
715.0000 0.5602
716.0000 0.5602
717.0000 0.5602
718.0000 0.5602
719.0000 0.5602
720.0000 0.5602
721.0000 0.5602
722.0000 0.5602
723.0000 0.5602
724.0000 0.5602
725.0000 0.5602
726.0000 0.5602
727.0000 0.5602
728.0000 0.5602
729.0000 0.5602
730.0000 0.5602
731.0000 0.5602
732.0000 0.5602
733.0000 0.5602
734.0000 0.5602
735.0000 0.5602
736.0000 0.5602
737.0000 0.5602
738.0000 0.5602
739.0000 0.5602
740.0000 0.5602
741.0000 0.5602
742.0000 0.5602
743.0000 0.5602
744.0000 0.5602
745.0000 0.5602
746.0000 0.5602
747.0000 0.5602
748.0000 0.5602
749.0000 0.5602
750.0000 0.5602
751.0000 0.5602
752.0000 0.5602
753.0000 0.5602
754.0000 0.5602
755.0000 0.5602
756.0000 0.5602
757.0000 0.5602
758.0000 0.5602
759.0000 0.5602
760.0000 0.5602
761.0000 0.5602
762.0000 0.5602
763.0000 0.5602
764.0000 0.5602
765.0000 0.5602
766.0000 0.5602
767.0000 0.5602
768.0000 0.5602
769.0000 0.5602
770.0000 0.5602
771.0000 0.5602
772.0000 0.5602
773.0000 0.5602
774.0000 0.5602
775.0000 0.5602
776.0000 0.5602
777.0000 0.5602
778.0000 0.5602
779.0000 0.5602
780.0000 0.5602
781.0000 0.5602
782.0000 0.5602
783.0000 0.5602
784.0000 0.5602
785.0000 0.5602
786.0000 0.5602
787.0000 0.5602
788.0000 0.5602
789.0000 0.5601
790.0000 0.5601
791.0000 0.5601
792.0000 0.5601
793.0000 0.5601
794.0000 0.5601
795.0000 0.5601
796.0000 0.5601
797.0000 0.5601
798.0000 0.5601
799.0000 0.5601
800.0000 -1.3444
801.0000 -1.7567
802.0000 -1.5229
803.0000 -1.1088
804.0000 -0.7266
805.0000 -0.4452
806.0000 -0.2640
807.0000 -0.1580
808.0000 -0.0998
809.0000 -0.0688
810.0000 -0.0518
811.0000 -0.0416
812.0000 -0.0350
813.0000 -0.0304
814.0000 -0.0273
815.0000 -0.0253
816.0000 -0.0241
817.0000 -0.0234
818.0000 -0.0228
819.0000 -0.0225
820.0000 -0.0222
821.0000 -0.0218
822.0000 -0.0210
823.0000 -0.0200
824.0000 -0.0190
825.0000 -0.0180
826.0000 -0.0173
827.0000 -0.0163
828.0000 -0.0149
829.0000 -0.0140
830.0000 -0.0134
831.0000 -0.0125
832.0000 -0.0117
833.0000 -0.0105
834.0000 -0.0100
835.0000 -0.0096
836.0000 -0.0091
837.0000 -0.0086
838.0000 -0.0081
839.0000 -0.0075
840.0000 -0.0068
841.0000 -0.0065
842.0000 -0.0063
843.0000 -0.0061
844.0000 -0.0060
845.0000 -0.0059
846.0000 -0.0051
847.0000 -0.0051
848.0000 -0.0049
849.0000 -0.0049
850.0000 -0.0048
851.0000 -0.0047
852.0000 -0.0044
853.0000 -0.0040
854.0000 -0.0040
855.0000 -0.0040
856.0000 -0.0041
857.0000 -0.0041
858.0000 -0.0042
859.0000 -0.0037
860.0000 -0.0033
861.0000 -0.0033
862.0000 -0.0034
863.0000 -0.0033
864.0000 -0.0032
865.0000 -0.0031
866.0000 -0.0031
867.0000 -0.0029
868.0000 -0.0028
869.0000 -0.0027
870.0000 -0.0025
871.0000 -0.0023
872.0000 -0.0021
873.0000 -0.0020
874.0000 -0.0023
875.0000 -0.0021
876.0000 -0.0022
877.0000 -0.0026
878.0000 -0.0028
879.0000 -0.0037
880.0000 -0.0045
881.0000 -0.0037
882.0000 -0.0024
883.0000 -0.0013
884.0000 -0.0007
885.0000 -0.0004
886.0000 -0.0004
887.0000 -0.0005
888.0000 -0.0007
889.0000 -0.0008
890.0000 -0.0009
891.0000 -0.0010
892.0000 -0.0010
893.0000 -0.0010
894.0000 -0.0010
895.0000 -0.0009
896.0000 -0.0009
897.0000 -0.0008
898.0000 -0.0008
899.0000 -0.0007
900.0000 -0.0007
901.0000 -0.0006
902.0000 -0.0006
903.0000 -0.0006
904.0000 -0.0006
905.0000 -0.0005
906.0000 -0.0005
907.0000 -0.0005
908.0000 -0.0005
909.0000 -0.0005
910.0000 -0.0005
911.0000 -0.0005
912.0000 -0.0005
913.0000 -0.0005
914.0000 -0.0005
915.0000 -0.0005
916.0000 -0.0004
917.0000 -0.0004
918.0000 -0.0004
919.0000 -0.0004
920.0000 -0.0004
921.0000 -0.0004
922.0000 -0.0004
923.0000 -0.0004
924.0000 -0.0004
925.0000 -0.0003
926.0000 -0.0003
927.0000 -0.0003
928.0000 -0.0003
929.0000 -0.0003
930.0000 -0.0003
931.0000 -0.0003
932.0000 -0.0003
933.0000 -0.0003
934.0000 -0.0003
935.0000 -0.0003
936.0000 -0.0002
937.0000 -0.0002
938.0000 -0.0002
939.0000 -0.0002
940.0000 -0.0002
941.0000 -0.0002
942.0000 -0.0002
943.0000 -0.0002
944.0000 -0.0002
945.0000 -0.0002
946.0000 -0.0002
947.0000 -0.0002
948.0000 -0.0002
949.0000 -0.0002
950.0000 -0.0002
951.0000 -0.0002
952.0000 -0.0002
953.0000 -0.0002
954.0000 -0.0001
955.0000 -0.0001
956.0000 -0.0001
957.0000 -0.0001
958.0000 -0.0001
959.0000 -0.0001
960.0000 -0.0001
961.0000 -0.0001
962.0000 -0.0001
963.0000 -0.0001
964.0000 -0.0001
965.0000 -0.0001
966.0000 -0.0001
967.0000 -0.0001
968.0000 -0.0001
969.0000 -0.0001
970.0000 -0.0001
971.0000 -0.0001
972.0000 -0.0001
973.0000 -0.0001
974.0000 -0.0001
975.0000 -0.0001
976.0000 -0.0001
977.0000 -0.0001
978.0000 -0.0001
979.0000 -0.0001
980.0000 -0.0001
981.0000 -0.0001
982.0000 -0.0001
983.0000 -0.0001
984.0000 -0.0001
985.0000 -0.0001
986.0000 -0.0001
987.0000 -0.0001
988.0000 -0.0001
989.0000 -0.0001
990.0000 -0.0000
991.0000 -0.0000
992.0000 -0.0000
993.0000 -0.0000
994.0000 -0.0000
995.0000 -0.0000
996.0000 -0.0000
997.0000 -0.0000
998.0000 -0.0000
999.0000 -0.0000
1000.0000 -0.0000
1001.0000 -0.0000
1002.0000 -0.0000
1003.0000 -0.0000
1004.0000 -0.0000
1005.0000 -0.0000
1006.0000 -0.0000
1007.0000 -0.0000
1008.0000 -0.0000
1009.0000 -0.0000
1010.0000 -0.0000
1011.0000 -0.0000
1012.0000 -0.0000
1013.0000 -0.0000
1014.0000 -0.0000
1015.0000 -0.0000
1016.0000 -0.0000
1017.0000 -0.0000
1018.0000 -0.0000
1019.0000 -0.0000
1020.0000 -0.0000
1021.0000 -0.0000
1022.0000 -0.0000
1023.0000 -0.0000
1024.0000 -0.0000
1025.0000 -0.0000
1026.0000 -0.0000
1027.0000 -0.0000
1028.0000 -0.0000
1029.0000 -0.0000
1030.0000 -0.0000
1031.0000 -0.0000
1032.0000 -0.0000
1033.0000 -0.0000
1034.0000 -0.0000
1035.0000 -0.0000
1036.0000 -0.0000
1037.0000 -0.0000
1038.0000 -0.0000
1039.0000 -0.0000
1040.0000 -0.0000
1041.0000 -0.0000
1042.0000 -0.0000
1043.0000 -0.0000
1044.0000 -0.0000
1045.0000 -0.0000
1046.0000 -0.0000
1047.0000 -0.0000
1048.0000 -0.0000
1049.0000 -0.0000
1050.0000 -0.0000
1051.0000 -0.0000
1052.0000 -0.0000
1053.0000 -0.0000
1054.0000 -0.0000
1055.0000 -0.0000
1056.0000 -0.0000
1057.0000 -0.0000
1058.0000 -0.0000
1059.0000 -0.0000
1060.0000 -0.0000
1061.0000 -0.0000
1062.0000 -0.0000
1063.0000 -0.0000
1064.0000 -0.0000
1065.0000 -0.0000
1066.0000 -0.0000
1067.0000 -0.0000
1068.0000 -0.0000
1069.0000 -0.0000
1070.0000 -0.0000
1071.0000 -0.0000
1072.0000 -0.0000
1073.0000 -0.0000
1074.0000 -0.0000
1075.0000 -0.0000
1076.0000 -0.0000
1077.0000 -0.0000
1078.0000 -0.0000
1079.0000 -0.0000
1080.0000 -0.0000
1081.0000 -0.0000
1082.0000 -0.0000
1083.0000 -0.0000
1084.0000 -0.0000
1085.0000 -0.0000
1086.0000 -0.0000
1087.0000 -0.0000
1088.0000 -0.0000
1089.0000 -0.0000
1090.0000 -0.0000
1091.0000 -0.0000
1092.0000 -0.0000
1093.0000 -0.0000
1094.0000 -0.0000
1095.0000 -0.0000
1096.0000 -0.0000
1097.0000 -0.0000
1098.0000 -0.0000
1099.0000 -0.0000
1100.0000 -0.0000
