1.0000 0.0000
2.0000 0.0000
3.0000 0.0000
4.0000 0.0000
5.0000 0.0000
6.0000 0.0000
7.0000 0.0000
8.0000 0.0000
9.0000 0.0000
10.0000 1.4963
11.0000 1.1887
12.0000 0.6830
13.0000 0.3394
14.0000 0.1729
15.0000 0.1374
16.0000 0.1819
17.0000 0.2615
18.0000 0.3438
19.0000 0.4101
20.0000 0.4535
21.0000 0.4751
22.0000 0.4792
23.0000 0.4715
24.0000 0.4572
25.0000 0.4400
26.0000 0.4232
27.0000 0.4075
28.0000 0.3944
29.0000 0.3829
30.0000 0.3740
31.0000 0.3669
32.0000 0.3621
33.0000 0.3585
34.0000 0.3559
35.0000 0.3542
36.0000 0.3528
37.0000 0.3518
38.0000 0.3515
39.0000 0.3513
40.0000 0.3505
41.0000 0.3501
42.0000 0.3504
43.0000 0.3511
44.0000 0.3509
45.0000 0.3508
46.0000 0.3506
47.0000 0.3509
48.0000 0.3509
49.0000 0.3512
50.0000 0.3515
51.0000 0.3514
52.0000 0.3519
53.0000 0.3516
54.0000 0.3516
55.0000 0.3517
56.0000 0.3524
57.0000 0.3530
58.0000 0.3530
59.0000 0.3524
60.0000 0.3528
61.0000 0.3533
62.0000 0.3536
63.0000 0.3538
64.0000 0.3539
65.0000 0.3542
66.0000 0.3543
67.0000 0.3545
68.0000 0.3547
69.0000 0.3548
70.0000 0.3552
71.0000 0.3550
72.0000 0.3549
73.0000 0.3550
74.0000 0.3551
75.0000 0.3549
76.0000 0.3550
77.0000 0.3558
78.0000 0.3559
79.0000 0.3557
80.0000 0.3559
81.0000 0.3561
82.0000 0.3566
83.0000 0.3570
84.0000 0.3571
85.0000 0.3578
86.0000 0.3577
87.0000 0.3573
88.0000 0.3572
89.0000 0.3569
90.0000 0.3571
91.0000 0.3529
92.0000 0.3495
93.0000 0.3485
94.0000 0.3492
95.0000 0.3502
96.0000 0.3509
97.0000 0.3510
98.0000 0.3507
99.0000 0.3500
100.0000 0.3492
101.0000 0.3484
102.0000 0.3477
103.0000 0.3472
104.0000 0.3468
105.0000 0.3466
106.0000 0.3465
107.0000 0.3464
108.0000 0.3464
109.0000 0.3464
110.0000 0.3465
111.0000 0.3465
112.0000 0.3466
113.0000 0.3466
114.0000 0.3466
115.0000 0.3467
116.0000 0.3467
117.0000 0.3467
118.0000 0.3468
119.0000 0.3468
120.0000 0.3468
121.0000 0.3469
122.0000 0.3469
123.0000 0.3469
124.0000 0.3469
125.0000 0.3470
126.0000 0.3470
127.0000 0.3470
128.0000 0.3470
129.0000 0.3471
130.0000 0.3471
131.0000 0.3471
132.0000 0.3471
133.0000 0.3471
134.0000 0.3471
135.0000 0.3471
136.0000 0.3472
137.0000 0.3472
138.0000 0.3472
139.0000 0.3472
140.0000 0.3472
141.0000 0.3472
142.0000 0.3472
143.0000 0.3472
144.0000 0.3472
145.0000 0.3472
146.0000 0.3472
147.0000 0.3472
148.0000 0.3472
149.0000 0.3472
150.0000 0.3471
151.0000 0.3471
152.0000 0.3471
153.0000 0.3471
154.0000 0.3471
155.0000 0.3471
156.0000 0.3471
157.0000 0.3471
158.0000 0.3471
159.0000 0.3471
160.0000 0.3470
161.0000 0.3470
162.0000 0.3470
163.0000 0.3470
164.0000 0.3470
165.0000 0.3470
166.0000 0.3470
167.0000 0.3470
168.0000 0.3470
169.0000 0.3470
170.0000 0.3470
171.0000 0.3470
172.0000 0.3470
173.0000 0.3470
174.0000 0.3470
175.0000 0.3470
176.0000 0.3470
177.0000 0.3470
178.0000 0.3470
179.0000 0.3470
180.0000 0.3470
181.0000 0.3470
182.0000 0.3469
183.0000 0.3469
184.0000 0.3469
185.0000 0.3469
186.0000 0.3469
187.0000 0.3469
188.0000 0.3469
189.0000 0.3469
190.0000 0.3469
191.0000 0.3469
192.0000 0.3469
193.0000 0.3469
194.0000 0.3469
195.0000 0.3469
196.0000 0.3469
197.0000 0.3469
198.0000 0.3469
199.0000 0.3469
200.0000 -2.6457
201.0000 -2.0305
202.0000 -1.0192
203.0000 -0.3319
204.0000 0.0011
205.0000 0.0720
206.0000 -0.0170
207.0000 -0.1763
208.0000 -0.3408
209.0000 -0.4735
210.0000 -0.5603
211.0000 -0.6033
212.0000 -0.6115
213.0000 -0.5962
214.0000 -0.5675
215.0000 -0.5333
216.0000 -0.4996
217.0000 -0.4683
218.0000 -0.4420
219.0000 -0.4190
220.0000 -0.4012
221.0000 -0.3871
222.0000 -0.3773
223.0000 -0.3702
224.0000 -0.3650
225.0000 -0.3617
226.0000 -0.3588
227.0000 -0.3568
228.0000 -0.3563
229.0000 -0.3559
230.0000 -0.3542
231.0000 -0.3535
232.0000 -0.3541
233.0000 -0.3554
234.0000 -0.3550
235.0000 -0.3547
236.0000 -0.3545
237.0000 -0.3551
238.0000 -0.3549
239.0000 -0.3556
240.0000 -0.3563
241.0000 -0.3561
242.0000 -0.3570
243.0000 -0.3564
244.0000 -0.3565
245.0000 -0.3566
246.0000 -0.3581
247.0000 -0.3593
248.0000 -0.3592
249.0000 -0.3581
250.0000 -0.3588
251.0000 -0.3599
252.0000 -0.3605
253.0000 -0.3608
254.0000 -0.3611
255.0000 -0.3617
256.0000 -0.3619
257.0000 -0.3623
258.0000 -0.3626
259.0000 -0.3628
260.0000 -0.3636
261.0000 -0.3633
262.0000 -0.3631
263.0000 -0.3632
264.0000 -0.3635
265.0000 -0.3631
266.0000 -0.3633
267.0000 -0.3648
268.0000 -0.3650
269.0000 -0.3647
270.0000 -0.3650
271.0000 -0.3655
272.0000 -0.3665
273.0000 -0.3673
274.0000 -0.3674
275.0000 -0.3689
276.0000 -0.3687
277.0000 -0.3678
278.0000 -0.3677
279.0000 -0.3670
280.0000 -0.3675
281.0000 -0.3590
282.0000 -0.3522
283.0000 -0.3503
284.0000 -0.3516
285.0000 -0.3536
286.0000 -0.3551
287.0000 -0.3554
288.0000 -0.3546
289.0000 -0.3533
290.0000 -0.3517
291.0000 -0.3501
292.0000 -0.3487
293.0000 -0.3477
294.0000 -0.3469
295.0000 -0.3464
296.0000 -0.3462
297.0000 -0.3461
298.0000 -0.3461
299.0000 -0.3461
300.0000 -0.3462
301.0000 -0.3463
302.0000 -0.3464
303.0000 -0.3465
304.0000 -0.3465
305.0000 -0.3466
306.0000 -0.3467
307.0000 -0.3468
308.0000 -0.3468
309.0000 -0.3469
310.0000 -0.3469
311.0000 -0.3470
312.0000 -0.3471
313.0000 -0.3471
314.0000 -0.3472
315.0000 -0.3472
316.0000 -0.3473
317.0000 -0.3473
318.0000 -0.3473
319.0000 -0.3474
320.0000 -0.3474
321.0000 -0.3474
322.0000 -0.3475
323.0000 -0.3475
324.0000 -0.3475
325.0000 -0.3476
326.0000 -0.3476
327.0000 -0.3476
328.0000 -0.3476
329.0000 -0.3476
330.0000 -0.3476
331.0000 -0.3476
332.0000 -0.3476
333.0000 -0.3476
334.0000 -0.3476
335.0000 -0.3476
336.0000 -0.3476
337.0000 -0.3476
338.0000 -0.3476
339.0000 -0.3476
340.0000 -0.3476
341.0000 -0.3475
342.0000 -0.3475
343.0000 -0.3475
344.0000 -0.3475
345.0000 -0.3475
346.0000 -0.3474
347.0000 -0.3474
348.0000 -0.3474
349.0000 -0.3474
350.0000 -0.3473
351.0000 -0.3473
352.0000 -0.3473
353.0000 -0.3473
354.0000 -0.3473
355.0000 -0.3473
356.0000 -0.3473
357.0000 -0.3473
358.0000 -0.3473
359.0000 -0.3473
360.0000 -0.3473
361.0000 -0.3473
362.0000 -0.3473
363.0000 -0.3473
364.0000 -0.3473
365.0000 -0.3473
366.0000 -0.3472
367.0000 -0.3472
368.0000 -0.3472
369.0000 -0.3472
370.0000 -0.3472
371.0000 -0.3472
372.0000 -0.3472
373.0000 -0.3472
374.0000 -0.3472
375.0000 -0.3471
376.0000 -0.3471
377.0000 -0.3471
378.0000 -0.3471
379.0000 -0.3471
380.0000 -0.3471
381.0000 -0.3471
382.0000 -0.3471
383.0000 -0.3470
384.0000 -0.3470
385.0000 -0.3470
386.0000 -0.3470
387.0000 -0.3470
388.0000 -0.3470
389.0000 -0.3470
390.0000 -0.3470
391.0000 -0.3470
392.0000 -0.3469
393.0000 -0.3469
394.0000 -0.3469
395.0000 -0.3469
396.0000 -0.3469
397.0000 -0.3469
398.0000 -0.3469
399.0000 -0.3469
400.0000 -0.3469
401.0000 -0.3469
402.0000 -0.3469
403.0000 -0.3469
404.0000 -0.3469
405.0000 -0.3469
406.0000 -0.3469
407.0000 -0.3469
408.0000 -0.3468
409.0000 -0.3468
410.0000 -0.3468
411.0000 -0.3468
412.0000 -0.3468
413.0000 -0.3468
414.0000 -0.3468
415.0000 -0.3468
416.0000 -0.3468
417.0000 -0.3468
418.0000 -0.3468
419.0000 -0.3468
420.0000 -0.3468
421.0000 -0.3468
422.0000 -0.3468
423.0000 -0.3468
424.0000 -0.3468
425.0000 -0.3468
426.0000 -0.3468
427.0000 -0.3468
428.0000 -0.3468
429.0000 -0.3468
430.0000 -0.3468
431.0000 -0.3468
432.0000 -0.3468
433.0000 -0.3468
434.0000 -0.3468
435.0000 -0.3468
436.0000 -0.3468
437.0000 -0.3468
438.0000 -0.3468
439.0000 -0.3468
440.0000 -0.3468
441.0000 -0.3468
442.0000 -0.3468
443.0000 -0.3468
444.0000 -0.3468
445.0000 -0.3468
446.0000 -0.3468
447.0000 -0.3468
448.0000 -0.3468
449.0000 -0.3468
450.0000 -0.3468
451.0000 -0.3468
452.0000 -0.3468
453.0000 -0.3468
454.0000 -0.3468
455.0000 -0.3468
456.0000 -0.3468
457.0000 -0.3468
458.0000 -0.3468
459.0000 -0.3468
460.0000 -0.3468
461.0000 -0.3468
462.0000 -0.3468
463.0000 -0.3468
464.0000 -0.3468
465.0000 -0.3468
466.0000 -0.3468
467.0000 -0.3468
468.0000 -0.3468
469.0000 -0.3468
470.0000 -0.3468
471.0000 -0.3468
472.0000 -0.3468
473.0000 -0.3468
474.0000 -0.3468
475.0000 -0.3468
476.0000 -0.3468
477.0000 -0.3468
478.0000 -0.3468
479.0000 -0.3467
480.0000 -0.3467
481.0000 -0.3467
482.0000 -0.3467
483.0000 -0.3467
484.0000 -0.3467
485.0000 -0.3467
486.0000 -0.3467
487.0000 -0.3467
488.0000 -0.3467
489.0000 -0.3467
490.0000 -0.3467
491.0000 -0.3467
492.0000 -0.3467
493.0000 -0.3467
494.0000 -0.3467
495.0000 -0.3467
496.0000 -0.3467
497.0000 -0.3467
498.0000 -0.3467
499.0000 -0.3467
500.0000 2.2717
501.0000 1.7334
502.0000 0.8485
503.0000 0.2472
504.0000 -0.0443
505.0000 -0.1062
506.0000 -0.0284
507.0000 0.1110
508.0000 0.2549
509.0000 0.3710
510.0000 0.4470
511.0000 0.4846
512.0000 0.4918
513.0000 0.4784
514.0000 0.4533
515.0000 0.4233
516.0000 0.3938
517.0000 0.3665
518.0000 0.3434
519.0000 0.3233
520.0000 0.3077
521.0000 0.2954
522.0000 0.2869
523.0000 0.2806
524.0000 0.2761
525.0000 0.2732
526.0000 0.2706
527.0000 0.2689
528.0000 0.2685
529.0000 0.2681
530.0000 0.2666
531.0000 0.2660
532.0000 0.2665
533.0000 0.2677
534.0000 0.2673
535.0000 0.2671
536.0000 0.2669
537.0000 0.2674
538.0000 0.2673
539.0000 0.2679
540.0000 0.2684
541.0000 0.2683
542.0000 0.2691
543.0000 0.2686
544.0000 0.2686
545.0000 0.2687
546.0000 0.2700
547.0000 0.2711
548.0000 0.2710
549.0000 0.2700
550.0000 0.2707
551.0000 0.2716
552.0000 0.2721
553.0000 0.2723
554.0000 0.2726
555.0000 0.2731
556.0000 0.2733
557.0000 0.2737
558.0000 0.2740
559.0000 0.2741
560.0000 0.2748
561.0000 0.2746
562.0000 0.2744
563.0000 0.2745
564.0000 0.2747
565.0000 0.2744
566.0000 0.2746
567.0000 0.2759
568.0000 0.2761
569.0000 0.2758
570.0000 0.2760
571.0000 0.2765
572.0000 0.2774
573.0000 0.2781
574.0000 0.2781
575.0000 0.2794
576.0000 0.2793
577.0000 0.2785
578.0000 0.2784
579.0000 0.2778
580.0000 0.2783
581.0000 0.2708
582.0000 0.2648
583.0000 0.2632
584.0000 0.2643
585.0000 0.2661
586.0000 0.2673
587.0000 0.2676
588.0000 0.2670
589.0000 0.2658
590.0000 0.2644
591.0000 0.2630
592.0000 0.2618
593.0000 0.2609
594.0000 0.2602
595.0000 0.2598
596.0000 0.2596
597.0000 0.2595
598.0000 0.2595
599.0000 0.2595
600.0000 0.2596
601.0000 0.2597
602.0000 0.2597
603.0000 0.2598
604.0000 0.2599
605.0000 0.2600
606.0000 0.2600
607.0000 0.2601
608.0000 0.2601
609.0000 0.2602
610.0000 0.2602
611.0000 0.2603
612.0000 0.2603
613.0000 0.2604
614.0000 0.2604
615.0000 0.2605
616.0000 0.2605
617.0000 0.2605
618.0000 0.2606
619.0000 0.2606
620.0000 0.2606
621.0000 0.2607
622.0000 0.2607
623.0000 0.2607
624.0000 0.2608
625.0000 0.2608
626.0000 0.2608
627.0000 0.2608
628.0000 0.2608
629.0000 0.2608
630.0000 0.2608
631.0000 0.2608
632.0000 0.2608
633.0000 0.2608
634.0000 0.2608
635.0000 0.2608
636.0000 0.2608
637.0000 0.2608
638.0000 0.2608
639.0000 0.2608
640.0000 0.2608
641.0000 0.2608
642.0000 0.2607
643.0000 0.2607
644.0000 0.2607
645.0000 0.2607
646.0000 0.2607
647.0000 0.2606
648.0000 0.2606
649.0000 0.2606
650.0000 0.2606
651.0000 0.2606
652.0000 0.2606
653.0000 0.2605
654.0000 0.2605
655.0000 0.2605
656.0000 0.2605
657.0000 0.2605
658.0000 0.2605
659.0000 0.2605
660.0000 0.2605
661.0000 0.2605
662.0000 0.2605
663.0000 0.2605
664.0000 0.2605
665.0000 0.2605
666.0000 0.2605
667.0000 0.2605
668.0000 0.2605
669.0000 0.2605
670.0000 0.2604
671.0000 0.2604
672.0000 0.2604
673.0000 0.2604
674.0000 0.2604
675.0000 0.2604
676.0000 0.2604
677.0000 0.2604
678.0000 0.2604
679.0000 0.2604
680.0000 0.2604
681.0000 0.2603
682.0000 0.2603
683.0000 0.2603
684.0000 0.2603
685.0000 0.2603
686.0000 0.2603
687.0000 0.2603
688.0000 0.2603
689.0000 0.2603
690.0000 0.2603
691.0000 0.2602
692.0000 0.2602
693.0000 0.2602
694.0000 0.2602
695.0000 0.2602
696.0000 0.2602
697.0000 0.2602
698.0000 0.2602
699.0000 0.2602
700.0000 0.2602
701.0000 0.2602
702.0000 0.2602
703.0000 0.2602
704.0000 0.2602
705.0000 0.2602
706.0000 0.2602
707.0000 0.2602
708.0000 0.2602
709.0000 0.2601
710.0000 0.2601
711.0000 0.2601
712.0000 0.2601
713.0000 0.2601
714.0000 0.2601
715.0000 0.2601
716.0000 0.2601
717.0000 0.2601
718.0000 0.2601
719.0000 0.2601
720.0000 0.2601
721.0000 0.2601
722.0000 0.2601
723.0000 0.2601
724.0000 0.2601
725.0000 0.2601
726.0000 0.2601
727.0000 0.2601
728.0000 0.2601
729.0000 0.2601
730.0000 0.2601
731.0000 0.2601
732.0000 0.2601
733.0000 0.2601
734.0000 0.2601
735.0000 0.2601
736.0000 0.2601
737.0000 0.2601
738.0000 0.2601
739.0000 0.2601
740.0000 0.2601
741.0000 0.2601
742.0000 0.2601
743.0000 0.2601
744.0000 0.2601
745.0000 0.2601
746.0000 0.2601
747.0000 0.2601
748.0000 0.2601
749.0000 0.2601
750.0000 0.2601
751.0000 0.2601
752.0000 0.2601
753.0000 0.2601
754.0000 0.2601
755.0000 0.2601
756.0000 0.2601
757.0000 0.2601
758.0000 0.2601
759.0000 0.2601
760.0000 0.2601
761.0000 0.2601
762.0000 0.2601
763.0000 0.2601
764.0000 0.2601
765.0000 0.2601
766.0000 0.2601
767.0000 0.2601
768.0000 0.2601
769.0000 0.2601
770.0000 0.2601
771.0000 0.2601
772.0000 0.2601
773.0000 0.2601
774.0000 0.2601
775.0000 0.2601
776.0000 0.2601
777.0000 0.2601
778.0000 0.2601
779.0000 0.2601
780.0000 0.2601
781.0000 0.2601
782.0000 0.2601
783.0000 0.2601
784.0000 0.2601
785.0000 0.2601
786.0000 0.2601
787.0000 0.2601
788.0000 0.2601
789.0000 0.2601
790.0000 0.2601
791.0000 0.2601
792.0000 0.2601
793.0000 0.2601
794.0000 0.2601
795.0000 0.2601
796.0000 0.2601
797.0000 0.2601
798.0000 0.2601
799.0000 0.2601
800.0000 -0.8621
801.0000 -0.6314
802.0000 -0.2522
803.0000 0.0055
804.0000 0.1304
805.0000 0.1570
806.0000 0.1236
807.0000 0.0639
808.0000 0.0022
809.0000 -0.0476
810.0000 -0.0801
811.0000 -0.0963
812.0000 -0.0993
813.0000 -0.0936
814.0000 -0.0828
815.0000 -0.0700
816.0000 -0.0573
817.0000 -0.0456
818.0000 -0.0357
819.0000 -0.0271
820.0000 -0.0204
821.0000 -0.0151
822.0000 -0.0115
823.0000 -0.0088
824.0000 -0.0069
825.0000 -0.0056
826.0000 -0.0045
827.0000 -0.0038
828.0000 -0.0036
829.0000 -0.0034
830.0000 -0.0028
831.0000 -0.0026
832.0000 -0.0028
833.0000 -0.0033
834.0000 -0.0031
835.0000 -0.0030
836.0000 -0.0029
837.0000 -0.0032
838.0000 -0.0031
839.0000 -0.0033
840.0000 -0.0036
841.0000 -0.0035
842.0000 -0.0039
843.0000 -0.0036
844.0000 -0.0037
845.0000 -0.0037
846.0000 -0.0043
847.0000 -0.0047
848.0000 -0.0047
849.0000 -0.0043
850.0000 -0.0045
851.0000 -0.0049
852.0000 -0.0052
853.0000 -0.0053
854.0000 -0.0054
855.0000 -0.0056
856.0000 -0.0057
857.0000 -0.0058
858.0000 -0.0060
859.0000 -0.0060
860.0000 -0.0063
861.0000 -0.0062
862.0000 -0.0061
863.0000 -0.0062
864.0000 -0.0063
865.0000 -0.0061
866.0000 -0.0062
867.0000 -0.0068
868.0000 -0.0069
869.0000 -0.0067
870.0000 -0.0068
871.0000 -0.0070
872.0000 -0.0074
873.0000 -0.0077
874.0000 -0.0078
875.0000 -0.0083
876.0000 -0.0083
877.0000 -0.0079
878.0000 -0.0078
879.0000 -0.0076
880.0000 -0.0078
881.0000 -0.0046
882.0000 -0.0020
883.0000 -0.0013
884.0000 -0.0018
885.0000 -0.0026
886.0000 -0.0031
887.0000 -0.0032
888.0000 -0.0030
889.0000 -0.0025
890.0000 -0.0019
891.0000 -0.0013
892.0000 -0.0007
893.0000 -0.0003
894.0000 -0.0001
895.0000 0.0001
896.0000 0.0002
897.0000 0.0002
898.0000 0.0003
899.0000 0.0002
900.0000 0.0002
901.0000 0.0002
902.0000 0.0001
903.0000 0.0001
904.0000 0.0001
905.0000 0.0000
906.0000 0.0000
907.0000 -0.0000
908.0000 -0.0000
909.0000 -0.0001
910.0000 -0.0001
911.0000 -0.0001
912.0000 -0.0001
913.0000 -0.0001
914.0000 -0.0002
915.0000 -0.0002
916.0000 -0.0002
917.0000 -0.0002
918.0000 -0.0002
919.0000 -0.0002
920.0000 -0.0003
921.0000 -0.0003
922.0000 -0.0003
923.0000 -0.0003
924.0000 -0.0003
925.0000 -0.0003
926.0000 -0.0003
927.0000 -0.0003
928.0000 -0.0003
929.0000 -0.0003
930.0000 -0.0003
931.0000 -0.0003
932.0000 -0.0003
933.0000 -0.0003
934.0000 -0.0003
935.0000 -0.0003
936.0000 -0.0003
937.0000 -0.0003
938.0000 -0.0003
939.0000 -0.0003
940.0000 -0.0003
941.0000 -0.0003
942.0000 -0.0003
943.0000 -0.0003
944.0000 -0.0003
945.0000 -0.0003
946.0000 -0.0003
947.0000 -0.0003
948.0000 -0.0002
949.0000 -0.0002
950.0000 -0.0002
951.0000 -0.0002
952.0000 -0.0002
953.0000 -0.0002
954.0000 -0.0002
955.0000 -0.0002
956.0000 -0.0002
957.0000 -0.0002
958.0000 -0.0002
959.0000 -0.0002
960.0000 -0.0002
961.0000 -0.0002
962.0000 -0.0002
963.0000 -0.0002
964.0000 -0.0002
965.0000 -0.0002
966.0000 -0.0002
967.0000 -0.0002
968.0000 -0.0002
969.0000 -0.0002
970.0000 -0.0002
971.0000 -0.0002
972.0000 -0.0002
973.0000 -0.0002
974.0000 -0.0002
975.0000 -0.0002
976.0000 -0.0001
977.0000 -0.0001
978.0000 -0.0001
979.0000 -0.0001
980.0000 -0.0001
981.0000 -0.0001
982.0000 -0.0001
983.0000 -0.0001
984.0000 -0.0001
985.0000 -0.0001
986.0000 -0.0001
987.0000 -0.0001
988.0000 -0.0001
989.0000 -0.0001
990.0000 -0.0001
991.0000 -0.0001
992.0000 -0.0001
993.0000 -0.0001
994.0000 -0.0001
995.0000 -0.0001
996.0000 -0.0001
997.0000 -0.0001
998.0000 -0.0001
999.0000 -0.0001
1000.0000 -0.0001
1001.0000 -0.0001
1002.0000 -0.0001
1003.0000 -0.0001
1004.0000 -0.0001
1005.0000 -0.0000
1006.0000 -0.0000
1007.0000 -0.0000
1008.0000 -0.0000
1009.0000 -0.0000
1010.0000 -0.0000
1011.0000 -0.0000
1012.0000 -0.0000
1013.0000 -0.0000
1014.0000 -0.0000
1015.0000 -0.0000
1016.0000 -0.0000
1017.0000 -0.0000
1018.0000 -0.0000
1019.0000 -0.0000
1020.0000 -0.0000
1021.0000 -0.0000
1022.0000 -0.0000
1023.0000 -0.0000
1024.0000 -0.0000
1025.0000 -0.0000
1026.0000 -0.0000
1027.0000 -0.0000
1028.0000 -0.0000
1029.0000 -0.0000
1030.0000 -0.0000
1031.0000 -0.0000
1032.0000 -0.0000
1033.0000 -0.0000
1034.0000 -0.0000
1035.0000 -0.0000
1036.0000 -0.0000
1037.0000 -0.0000
1038.0000 -0.0000
1039.0000 -0.0000
1040.0000 -0.0000
1041.0000 -0.0000
1042.0000 -0.0000
1043.0000 -0.0000
1044.0000 -0.0000
1045.0000 -0.0000
1046.0000 -0.0000
1047.0000 -0.0000
1048.0000 -0.0000
1049.0000 -0.0000
1050.0000 -0.0000
1051.0000 -0.0000
1052.0000 -0.0000
1053.0000 -0.0000
1054.0000 -0.0000
1055.0000 -0.0000
1056.0000 -0.0000
1057.0000 -0.0000
1058.0000 -0.0000
1059.0000 -0.0000
1060.0000 -0.0000
1061.0000 -0.0000
1062.0000 -0.0000
1063.0000 -0.0000
1064.0000 -0.0000
1065.0000 -0.0000
1066.0000 -0.0000
1067.0000 -0.0000
1068.0000 -0.0000
1069.0000 -0.0000
1070.0000 -0.0000
1071.0000 -0.0000
1072.0000 -0.0000
1073.0000 -0.0000
1074.0000 -0.0000
1075.0000 -0.0000
1076.0000 -0.0000
1077.0000 -0.0000
1078.0000 -0.0000
1079.0000 -0.0000
1080.0000 -0.0000
1081.0000 -0.0000
1082.0000 -0.0000
1083.0000 -0.0000
1084.0000 -0.0000
1085.0000 -0.0000
1086.0000 -0.0000
1087.0000 -0.0000
1088.0000 -0.0000
1089.0000 -0.0000
1090.0000 -0.0000
1091.0000 -0.0000
1092.0000 -0.0000
1093.0000 -0.0000
1094.0000 -0.0000
1095.0000 -0.0000
1096.0000 -0.0000
1097.0000 -0.0000
1098.0000 -0.0000
1099.0000 -0.0000
1100.0000 -0.0000
