1.0000 0.0000
2.0000 0.0000
3.0000 0.0000
4.0000 0.0000
5.0000 0.0000
6.0000 0.0000
7.0000 0.0000
8.0000 0.0000
9.0000 0.0000
10.0000 0.5121
11.0000 0.5890
12.0000 0.5088
13.0000 0.4065
14.0000 0.3301
15.0000 0.2876
16.0000 0.2727
17.0000 0.2765
18.0000 0.2913
19.0000 0.3114
20.0000 0.3328
21.0000 0.3531
22.0000 0.3707
23.0000 0.3850
24.0000 0.3960
25.0000 0.4039
26.0000 0.4093
27.0000 0.4125
28.0000 0.4142
29.0000 0.4145
30.0000 0.4141
31.0000 0.4131
32.0000 0.4121
33.0000 0.4109
34.0000 0.4098
35.0000 0.4088
36.0000 0.4079
37.0000 0.4071
38.0000 0.4066
39.0000 0.4063
40.0000 0.4058
41.0000 0.4056
42.0000 0.4056
43.0000 0.4059
44.0000 0.4061
45.0000 0.4063
46.0000 0.4067
47.0000 0.4071
48.0000 0.4074
49.0000 0.4079
50.0000 0.4085
51.0000 0.4089
52.0000 0.4095
53.0000 0.4100
54.0000 0.4104
55.0000 0.4108
56.0000 0.4114
57.0000 0.4120
58.0000 0.4124
59.0000 0.4126
60.0000 0.4129
61.0000 0.4133
62.0000 0.4137
63.0000 0.4139
64.0000 0.4141
65.0000 0.4144
66.0000 0.4146
67.0000 0.4147
68.0000 0.4149
69.0000 0.4150
70.0000 0.4151
71.0000 0.4151
72.0000 0.4151
73.0000 0.4150
74.0000 0.4150
75.0000 0.4149
76.0000 0.4149
77.0000 0.4150
78.0000 0.4151
79.0000 0.4150
80.0000 0.4150
81.0000 0.4150
82.0000 0.4151
83.0000 0.4151
84.0000 0.4151
85.0000 0.4153
86.0000 0.4153
87.0000 0.4153
88.0000 0.4153
89.0000 0.4152
90.0000 0.4152
91.0000 0.4141
92.0000 0.4125
93.0000 0.4109
94.0000 0.4098
95.0000 0.4092
96.0000 0.4090
97.0000 0.4090
98.0000 0.4091
99.0000 0.4091
100.0000 0.4091
101.0000 0.4090
102.0000 0.4088
103.0000 0.4086
104.0000 0.4084
105.0000 0.4082
106.0000 0.4080
107.0000 0.4079
108.0000 0.4077
109.0000 0.4076
110.0000 0.4076
111.0000 0.4075
112.0000 0.4076
113.0000 0.4076
114.0000 0.4076
115.0000 0.4077
116.0000 0.4078
117.0000 0.4079
118.0000 0.4080
119.0000 0.4082
120.0000 0.4083
121.0000 0.4084
122.0000 0.4086
123.0000 0.4087
124.0000 0.4088
125.0000 0.4090
126.0000 0.4091
127.0000 0.4092
128.0000 0.4093
129.0000 0.4094
130.0000 0.4095
131.0000 0.4097
132.0000 0.4098
133.0000 0.4099
134.0000 0.4099
135.0000 0.4100
136.0000 0.4101
137.0000 0.4102
138.0000 0.4103
139.0000 0.4103
140.0000 0.4104
141.0000 0.4105
142.0000 0.4105
143.0000 0.4106
144.0000 0.4106
145.0000 0.4107
146.0000 0.4107
147.0000 0.4108
148.0000 0.4108
149.0000 0.4108
150.0000 0.4109
151.0000 0.4109
152.0000 0.4109
153.0000 0.4110
154.0000 0.4110
155.0000 0.4110
156.0000 0.4110
157.0000 0.4111
158.0000 0.4111
159.0000 0.4111
160.0000 0.4111
161.0000 0.4111
162.0000 0.4111
163.0000 0.4112
164.0000 0.4112
165.0000 0.4112
166.0000 0.4112
167.0000 0.4112
168.0000 0.4112
169.0000 0.4112
170.0000 0.4113
171.0000 0.4113
172.0000 0.4113
173.0000 0.4113
174.0000 0.4113
175.0000 0.4113
176.0000 0.4113
177.0000 0.4114
178.0000 0.4114
179.0000 0.4114
180.0000 0.4114
181.0000 0.4114
182.0000 0.4114
183.0000 0.4114
184.0000 0.4114
185.0000 0.4114
186.0000 0.4114
187.0000 0.4114
188.0000 0.4114
189.0000 0.4114
190.0000 0.4114
191.0000 0.4114
192.0000 0.4114
193.0000 0.4114
194.0000 0.4114
195.0000 0.4114
196.0000 0.4114
197.0000 0.4114
198.0000 0.4114
199.0000 0.4114
200.0000 -0.6127
201.0000 -0.7665
202.0000 -0.6063
203.0000 -0.4015
204.0000 -0.2487
205.0000 -0.1637
206.0000 -0.1340
207.0000 -0.1416
208.0000 -0.1712
209.0000 -0.2114
210.0000 -0.2542
211.0000 -0.2947
212.0000 -0.3299
213.0000 -0.3585
214.0000 -0.3806
215.0000 -0.3964
216.0000 -0.4071
217.0000 -0.4135
218.0000 -0.4168
219.0000 -0.4175
220.0000 -0.4167
221.0000 -0.4148
222.0000 -0.4127
223.0000 -0.4104
224.0000 -0.4081
225.0000 -0.4062
226.0000 -0.4043
227.0000 -0.4028
228.0000 -0.4018
229.0000 -0.4010
230.0000 -0.4002
231.0000 -0.3996
232.0000 -0.3997
233.0000 -0.4003
234.0000 -0.4006
235.0000 -0.4012
236.0000 -0.4018
237.0000 -0.4026
238.0000 -0.4034
239.0000 -0.4044
240.0000 -0.4055
241.0000 -0.4064
242.0000 -0.4075
243.0000 -0.4084
244.0000 -0.4093
245.0000 -0.4101
246.0000 -0.4113
247.0000 -0.4125
248.0000 -0.4134
249.0000 -0.4137
250.0000 -0.4143
251.0000 -0.4151
252.0000 -0.4158
253.0000 -0.4163
254.0000 -0.4167
255.0000 -0.4173
256.0000 -0.4177
257.0000 -0.4179
258.0000 -0.4182
259.0000 -0.4184
260.0000 -0.4187
261.0000 -0.4186
262.0000 -0.4186
263.0000 -0.4185
264.0000 -0.4185
265.0000 -0.4183
266.0000 -0.4183
267.0000 -0.4186
268.0000 -0.4186
269.0000 -0.4185
270.0000 -0.4185
271.0000 -0.4185
272.0000 -0.4186
273.0000 -0.4187
274.0000 -0.4187
275.0000 -0.4190
276.0000 -0.4191
277.0000 -0.4190
278.0000 -0.4190
279.0000 -0.4188
280.0000 -0.4188
281.0000 -0.4167
282.0000 -0.4134
283.0000 -0.4103
284.0000 -0.4081
285.0000 -0.4070
286.0000 -0.4065
287.0000 -0.4065
288.0000 -0.4066
289.0000 -0.4067
290.0000 -0.4066
291.0000 -0.4064
292.0000 -0.4061
293.0000 -0.4057
294.0000 -0.4053
295.0000 -0.4049
296.0000 -0.4045
297.0000 -0.4042
298.0000 -0.4039
299.0000 -0.4037
300.0000 -0.4036
301.0000 -0.4035
302.0000 -0.4036
303.0000 -0.4036
304.0000 -0.4037
305.0000 -0.4039
306.0000 -0.4041
307.0000 -0.4043
308.0000 -0.4045
309.0000 -0.4048
310.0000 -0.4050
311.0000 -0.4053
312.0000 -0.4056
313.0000 -0.4058
314.0000 -0.4061
315.0000 -0.4064
316.0000 -0.4066
317.0000 -0.4069
318.0000 -0.4071
319.0000 -0.4073
320.0000 -0.4075
321.0000 -0.4078
322.0000 -0.4080
323.0000 -0.4081
324.0000 -0.4083
325.0000 -0.4085
326.0000 -0.4087
327.0000 -0.4088
328.0000 -0.4090
329.0000 -0.4091
330.0000 -0.4092
331.0000 -0.4094
332.0000 -0.4095
333.0000 -0.4096
334.0000 -0.4097
335.0000 -0.4098
336.0000 -0.4099
337.0000 -0.4100
338.0000 -0.4100
339.0000 -0.4101
340.0000 -0.4102
341.0000 -0.4103
342.0000 -0.4103
343.0000 -0.4104
344.0000 -0.4104
345.0000 -0.4105
346.0000 -0.4105
347.0000 -0.4106
348.0000 -0.4106
349.0000 -0.4106
350.0000 -0.4107
351.0000 -0.4107
352.0000 -0.4107
353.0000 -0.4108
354.0000 -0.4108
355.0000 -0.4108
356.0000 -0.4108
357.0000 -0.4109
358.0000 -0.4109
359.0000 -0.4109
360.0000 -0.4110
361.0000 -0.4110
362.0000 -0.4110
363.0000 -0.4111
364.0000 -0.4111
365.0000 -0.4111
366.0000 -0.4111
367.0000 -0.4111
368.0000 -0.4112
369.0000 -0.4112
370.0000 -0.4112
371.0000 -0.4112
372.0000 -0.4112
373.0000 -0.4112
374.0000 -0.4112
375.0000 -0.4112
376.0000 -0.4112
377.0000 -0.4113
378.0000 -0.4113
379.0000 -0.4113
380.0000 -0.4113
381.0000 -0.4113
382.0000 -0.4113
383.0000 -0.4113
384.0000 -0.4113
385.0000 -0.4113
386.0000 -0.4113
387.0000 -0.4113
388.0000 -0.4113
389.0000 -0.4113
390.0000 -0.4113
391.0000 -0.4113
392.0000 -0.4113
393.0000 -0.4113
394.0000 -0.4113
395.0000 -0.4113
396.0000 -0.4113
397.0000 -0.4113
398.0000 -0.4113
399.0000 -0.4113
400.0000 -0.4113
401.0000 -0.4113
402.0000 -0.4113
403.0000 -0.4113
404.0000 -0.4113
405.0000 -0.4113
406.0000 -0.4113
407.0000 -0.4113
408.0000 -0.4114
409.0000 -0.4114
410.0000 -0.4114
411.0000 -0.4114
412.0000 -0.4114
413.0000 -0.4114
414.0000 -0.4114
415.0000 -0.4114
416.0000 -0.4114
417.0000 -0.4114
418.0000 -0.4114
419.0000 -0.4114
420.0000 -0.4114
421.0000 -0.4114
422.0000 -0.4114
423.0000 -0.4114
424.0000 -0.4114
425.0000 -0.4114
426.0000 -0.4114
427.0000 -0.4114
428.0000 -0.4114
429.0000 -0.4114
430.0000 -0.4114
431.0000 -0.4114
432.0000 -0.4115
433.0000 -0.4115
434.0000 -0.4115
435.0000 -0.4115
436.0000 -0.4115
437.0000 -0.4115
438.0000 -0.4115
439.0000 -0.4115
440.0000 -0.4115
441.0000 -0.4115
442.0000 -0.4115
443.0000 -0.4115
444.0000 -0.4115
445.0000 -0.4115
446.0000 -0.4115
447.0000 -0.4115
448.0000 -0.4115
449.0000 -0.4115
450.0000 -0.4115
451.0000 -0.4115
452.0000 -0.4115
453.0000 -0.4115
454.0000 -0.4115
455.0000 -0.4115
456.0000 -0.4115
457.0000 -0.4115
458.0000 -0.4115
459.0000 -0.4115
460.0000 -0.4115
461.0000 -0.4115
462.0000 -0.4115
463.0000 -0.4115
464.0000 -0.4115
465.0000 -0.4115
466.0000 -0.4115
467.0000 -0.4115
468.0000 -0.4115
469.0000 -0.4115
470.0000 -0.4115
471.0000 -0.4115
472.0000 -0.4115
473.0000 -0.4115
474.0000 -0.4115
475.0000 -0.4115
476.0000 -0.4115
477.0000 -0.4115
478.0000 -0.4115
479.0000 -0.4115
480.0000 -0.4115
481.0000 -0.4115
482.0000 -0.4115
483.0000 -0.4115
484.0000 -0.4115
485.0000 -0.4115
486.0000 -0.4115
487.0000 -0.4115
488.0000 -0.4115
489.0000 -0.4115
490.0000 -0.4115
491.0000 -0.4115
492.0000 -0.4115
493.0000 -0.4115
494.0000 -0.4115
495.0000 -0.4115
496.0000 -0.4115
497.0000 -0.4115
498.0000 -0.4115
499.0000 -0.4115
500.0000 0.4846
501.0000 0.6192
502.0000 0.4789
503.0000 0.2998
504.0000 0.1661
505.0000 0.0917
506.0000 0.0657
507.0000 0.0723
508.0000 0.0983
509.0000 0.1334
510.0000 0.1709
511.0000 0.2064
512.0000 0.2371
513.0000 0.2622
514.0000 0.2815
515.0000 0.2953
516.0000 0.3047
517.0000 0.3103
518.0000 0.3132
519.0000 0.3138
520.0000 0.3131
521.0000 0.3114
522.0000 0.3096
523.0000 0.3076
524.0000 0.3056
525.0000 0.3039
526.0000 0.3022
527.0000 0.3009
528.0000 0.3000
529.0000 0.2994
530.0000 0.2986
531.0000 0.2982
532.0000 0.2982
533.0000 0.2987
534.0000 0.2990
535.0000 0.2995
536.0000 0.3001
537.0000 0.3008
538.0000 0.3014
539.0000 0.3024
540.0000 0.3033
541.0000 0.3041
542.0000 0.3051
543.0000 0.3059
544.0000 0.3066
545.0000 0.3074
546.0000 0.3084
547.0000 0.3094
548.0000 0.3102
549.0000 0.3105
550.0000 0.3110
551.0000 0.3117
552.0000 0.3124
553.0000 0.3128
554.0000 0.3132
555.0000 0.3136
556.0000 0.3140
557.0000 0.3142
558.0000 0.3145
559.0000 0.3146
560.0000 0.3149
561.0000 0.3148
562.0000 0.3148
563.0000 0.3148
564.0000 0.3147
565.0000 0.3145
566.0000 0.3145
567.0000 0.3148
568.0000 0.3148
569.0000 0.3147
570.0000 0.3147
571.0000 0.3147
572.0000 0.3148
573.0000 0.3149
574.0000 0.3149
575.0000 0.3152
576.0000 0.3152
577.0000 0.3151
578.0000 0.3152
579.0000 0.3150
580.0000 0.3150
581.0000 0.3131
582.0000 0.3103
583.0000 0.3076
584.0000 0.3057
585.0000 0.3046
586.0000 0.3042
587.0000 0.3042
588.0000 0.3043
589.0000 0.3044
590.0000 0.3043
591.0000 0.3042
592.0000 0.3039
593.0000 0.3036
594.0000 0.3032
595.0000 0.3028
596.0000 0.3025
597.0000 0.3022
598.0000 0.3020
599.0000 0.3018
600.0000 0.3017
601.0000 0.3016
602.0000 0.3017
603.0000 0.3017
604.0000 0.3018
605.0000 0.3020
606.0000 0.3021
607.0000 0.3023
608.0000 0.3025
609.0000 0.3027
610.0000 0.3030
611.0000 0.3032
612.0000 0.3034
613.0000 0.3037
614.0000 0.3039
615.0000 0.3041
616.0000 0.3043
617.0000 0.3046
618.0000 0.3048
619.0000 0.3050
620.0000 0.3051
621.0000 0.3053
622.0000 0.3055
623.0000 0.3057
624.0000 0.3058
625.0000 0.3060
626.0000 0.3061
627.0000 0.3063
628.0000 0.3064
629.0000 0.3065
630.0000 0.3066
631.0000 0.3067
632.0000 0.3068
633.0000 0.3069
634.0000 0.3070
635.0000 0.3071
636.0000 0.3072
637.0000 0.3073
638.0000 0.3073
639.0000 0.3074
640.0000 0.3075
641.0000 0.3075
642.0000 0.3076
643.0000 0.3076
644.0000 0.3077
645.0000 0.3077
646.0000 0.3078
647.0000 0.3078
648.0000 0.3078
649.0000 0.3079
650.0000 0.3079
651.0000 0.3079
652.0000 0.3079
653.0000 0.3080
654.0000 0.3080
655.0000 0.3080
656.0000 0.3080
657.0000 0.3081
658.0000 0.3081
659.0000 0.3081
660.0000 0.3081
661.0000 0.3082
662.0000 0.3082
663.0000 0.3082
664.0000 0.3082
665.0000 0.3083
666.0000 0.3083
667.0000 0.3083
668.0000 0.3083
669.0000 0.3083
670.0000 0.3083
671.0000 0.3084
672.0000 0.3084
673.0000 0.3084
674.0000 0.3084
675.0000 0.3084
676.0000 0.3084
677.0000 0.3084
678.0000 0.3084
679.0000 0.3084
680.0000 0.3084
681.0000 0.3084
682.0000 0.3084
683.0000 0.3084
684.0000 0.3084
685.0000 0.3084
686.0000 0.3084
687.0000 0.3084
688.0000 0.3084
689.0000 0.3084
690.0000 0.3084
691.0000 0.3084
692.0000 0.3084
693.0000 0.3085
694.0000 0.3085
695.0000 0.3085
696.0000 0.3085
697.0000 0.3085
698.0000 0.3085
699.0000 0.3085
700.0000 0.3085
701.0000 0.3085
702.0000 0.3085
703.0000 0.3085
704.0000 0.3085
705.0000 0.3085
706.0000 0.3085
707.0000 0.3085
708.0000 0.3085
709.0000 0.3085
710.0000 0.3085
711.0000 0.3085
712.0000 0.3085
713.0000 0.3085
714.0000 0.3085
715.0000 0.3085
716.0000 0.3085
717.0000 0.3085
718.0000 0.3085
719.0000 0.3085
720.0000 0.3085
721.0000 0.3085
722.0000 0.3085
723.0000 0.3085
724.0000 0.3085
725.0000 0.3086
726.0000 0.3086
727.0000 0.3086
728.0000 0.3086
729.0000 0.3086
730.0000 0.3086
731.0000 0.3086
732.0000 0.3086
733.0000 0.3086
734.0000 0.3086
735.0000 0.3086
736.0000 0.3086
737.0000 0.3086
738.0000 0.3086
739.0000 0.3086
740.0000 0.3086
741.0000 0.3086
742.0000 0.3086
743.0000 0.3086
744.0000 0.3086
745.0000 0.3086
746.0000 0.3086
747.0000 0.3086
748.0000 0.3086
749.0000 0.3086
750.0000 0.3086
751.0000 0.3086
752.0000 0.3086
753.0000 0.3086
754.0000 0.3086
755.0000 0.3086
756.0000 0.3086
757.0000 0.3086
758.0000 0.3086
759.0000 0.3086
760.0000 0.3086
761.0000 0.3086
762.0000 0.3086
763.0000 0.3086
764.0000 0.3086
765.0000 0.3086
766.0000 0.3086
767.0000 0.3086
768.0000 0.3086
769.0000 0.3086
770.0000 0.3086
771.0000 0.3086
772.0000 0.3086
773.0000 0.3086
774.0000 0.3086
775.0000 0.3086
776.0000 0.3086
777.0000 0.3086
778.0000 0.3086
779.0000 0.3086
780.0000 0.3087
781.0000 0.3087
782.0000 0.3087
783.0000 0.3087
784.0000 0.3087
785.0000 0.3087
786.0000 0.3087
787.0000 0.3087
788.0000 0.3087
789.0000 0.3087
790.0000 0.3087
791.0000 0.3087
792.0000 0.3087
793.0000 0.3087
794.0000 0.3087
795.0000 0.3087
796.0000 0.3087
797.0000 0.3087
798.0000 0.3087
799.0000 0.3087
800.0000 -0.0754
801.0000 -0.1331
802.0000 -0.0730
803.0000 0.0038
804.0000 0.0611
805.0000 0.0930
806.0000 0.1041
807.0000 0.1013
808.0000 0.0902
809.0000 0.0751
810.0000 0.0590
811.0000 0.0438
812.0000 0.0307
813.0000 0.0199
814.0000 0.0117
815.0000 0.0057
816.0000 0.0017
817.0000 -0.0007
818.0000 -0.0020
819.0000 -0.0022
820.0000 -0.0019
821.0000 -0.0012
822.0000 -0.0004
823.0000 0.0005
824.0000 0.0013
825.0000 0.0021
826.0000 0.0028
827.0000 0.0033
828.0000 0.0037
829.0000 0.0040
830.0000 0.0043
831.0000 0.0045
832.0000 0.0045
833.0000 0.0043
834.0000 0.0041
835.0000 0.0039
836.0000 0.0037
837.0000 0.0034
838.0000 0.0031
839.0000 0.0027
840.0000 0.0023
841.0000 0.0020
842.0000 0.0015
843.0000 0.0012
844.0000 0.0009
845.0000 0.0006
846.0000 0.0001
847.0000 -0.0003
848.0000 -0.0007
849.0000 -0.0008
850.0000 -0.0010
851.0000 -0.0013
852.0000 -0.0016
853.0000 -0.0018
854.0000 -0.0019
855.0000 -0.0021
856.0000 -0.0023
857.0000 -0.0024
858.0000 -0.0025
859.0000 -0.0026
860.0000 -0.0027
861.0000 -0.0026
862.0000 -0.0026
863.0000 -0.0026
864.0000 -0.0026
865.0000 -0.0025
866.0000 -0.0025
867.0000 -0.0026
868.0000 -0.0026
869.0000 -0.0026
870.0000 -0.0026
871.0000 -0.0026
872.0000 -0.0026
873.0000 -0.0027
874.0000 -0.0027
875.0000 -0.0028
876.0000 -0.0028
877.0000 -0.0028
878.0000 -0.0028
879.0000 -0.0027
880.0000 -0.0027
881.0000 -0.0019
882.0000 -0.0007
883.0000 0.0005
884.0000 0.0013
885.0000 0.0017
886.0000 0.0019
887.0000 0.0019
888.0000 0.0019
889.0000 0.0018
890.0000 0.0019
891.0000 0.0019
892.0000 0.0020
893.0000 0.0022
894.0000 0.0023
895.0000 0.0025
896.0000 0.0026
897.0000 0.0028
898.0000 0.0029
899.0000 0.0029
900.0000 0.0030
901.0000 0.0030
902.0000 0.0030
903.0000 0.0030
904.0000 0.0029
905.0000 0.0029
906.0000 0.0028
907.0000 0.0027
908.0000 0.0026
909.0000 0.0025
910.0000 0.0024
911.0000 0.0023
912.0000 0.0022
913.0000 0.0021
914.0000 0.0020
915.0000 0.0020
916.0000 0.0019
917.0000 0.0018
918.0000 0.0017
919.0000 0.0016
920.0000 0.0015
921.0000 0.0014
922.0000 0.0014
923.0000 0.0013
924.0000 0.0012
925.0000 0.0012
926.0000 0.0011
927.0000 0.0010
928.0000 0.0010
929.0000 0.0009
930.0000 0.0009
931.0000 0.0008
932.0000 0.0008
933.0000 0.0007
934.0000 0.0007
935.0000 0.0007
936.0000 0.0006
937.0000 0.0006
938.0000 0.0006
939.0000 0.0005
940.0000 0.0005
941.0000 0.0005
942.0000 0.0005
943.0000 0.0004
944.0000 0.0004
945.0000 0.0004
946.0000 0.0004
947.0000 0.0004
948.0000 0.0004
949.0000 0.0003
950.0000 0.0003
951.0000 0.0003
952.0000 0.0003
953.0000 0.0003
954.0000 0.0003
955.0000 0.0003
956.0000 0.0003
957.0000 0.0003
958.0000 0.0002
959.0000 0.0002
960.0000 0.0002
961.0000 0.0002
962.0000 0.0002
963.0000 0.0002
964.0000 0.0002
965.0000 0.0002
966.0000 0.0002
967.0000 0.0002
968.0000 0.0002
969.0000 0.0001
970.0000 0.0001
971.0000 0.0001
972.0000 0.0001
973.0000 0.0001
974.0000 0.0001
975.0000 0.0001
976.0000 0.0001
977.0000 0.0001
978.0000 0.0001
979.0000 0.0001
980.0000 0.0001
981.0000 0.0001
982.0000 0.0001
983.0000 0.0001
984.0000 0.0001
985.0000 0.0001
986.0000 0.0001
987.0000 0.0001
988.0000 0.0001
989.0000 0.0001
990.0000 0.0001
991.0000 0.0001
992.0000 0.0001
993.0000 0.0001
994.0000 0.0001
995.0000 0.0001
996.0000 0.0001
997.0000 0.0001
998.0000 0.0001
999.0000 0.0001
1000.0000 0.0001
1001.0000 0.0001
1002.0000 0.0001
1003.0000 0.0001
1004.0000 0.0001
1005.0000 0.0001
1006.0000 0.0001
1007.0000 0.0001
1008.0000 0.0001
1009.0000 0.0001
1010.0000 0.0001
1011.0000 0.0001
1012.0000 0.0001
1013.0000 0.0001
1014.0000 0.0001
1015.0000 0.0001
1016.0000 0.0001
1017.0000 0.0001
1018.0000 0.0001
1019.0000 0.0001
1020.0000 0.0001
1021.0000 0.0001
1022.0000 0.0001
1023.0000 0.0001
1024.0000 0.0001
1025.0000 0.0001
1026.0000 0.0001
1027.0000 0.0000
1028.0000 0.0000
1029.0000 0.0000
1030.0000 0.0000
1031.0000 0.0000
1032.0000 0.0000
1033.0000 0.0000
1034.0000 0.0000
1035.0000 0.0000
1036.0000 0.0000
1037.0000 0.0000
1038.0000 0.0000
1039.0000 0.0000
1040.0000 0.0000
1041.0000 0.0000
1042.0000 0.0000
1043.0000 0.0000
1044.0000 0.0000
1045.0000 0.0000
1046.0000 0.0000
1047.0000 0.0000
1048.0000 0.0000
1049.0000 0.0000
1050.0000 0.0000
1051.0000 0.0000
1052.0000 0.0000
1053.0000 0.0000
1054.0000 0.0000
1055.0000 0.0000
1056.0000 0.0000
1057.0000 0.0000
1058.0000 0.0000
1059.0000 0.0000
1060.0000 0.0000
1061.0000 0.0000
1062.0000 0.0000
1063.0000 0.0000
1064.0000 0.0000
1065.0000 0.0000
1066.0000 0.0000
1067.0000 0.0000
1068.0000 0.0000
1069.0000 0.0000
1070.0000 0.0000
1071.0000 0.0000
1072.0000 0.0000
1073.0000 0.0000
1074.0000 0.0000
1075.0000 0.0000
1076.0000 0.0000
1077.0000 0.0000
1078.0000 0.0000
1079.0000 0.0000
1080.0000 0.0000
1081.0000 0.0000
1082.0000 0.0000
1083.0000 0.0000
1084.0000 0.0000
1085.0000 0.0000
1086.0000 0.0000
1087.0000 0.0000
1088.0000 0.0000
1089.0000 0.0000
1090.0000 0.0000
1091.0000 0.0000
1092.0000 0.0000
1093.0000 0.0000
1094.0000 0.0000
1095.0000 0.0000
1096.0000 0.0000
1097.0000 0.0000
1098.0000 0.0000
1099.0000 0.0000
1100.0000 0.0000
