1.0000 0.0000
2.0000 0.0000
3.0000 0.0000
4.0000 0.0000
5.0000 0.0000
6.0000 0.0000
7.0000 0.0000
8.0000 0.0000
9.0000 0.0000
10.0000 0.0000
11.0000 2.1058
12.0000 2.3781
13.0000 2.2820
14.0000 2.1962
15.0000 2.1311
16.0000 2.0774
17.0000 2.0352
18.0000 2.0039
19.0000 1.9829
20.0000 1.9704
21.0000 1.9643
22.0000 1.9630
23.0000 1.9649
24.0000 1.9683
25.0000 1.9730
26.0000 1.9774
27.0000 1.9818
28.0000 1.9859
29.0000 1.9889
30.0000 1.9915
31.0000 1.9937
32.0000 1.9957
33.0000 1.9960
34.0000 1.9974
35.0000 1.9976
36.0000 1.9980
37.0000 1.9985
38.0000 1.9990
39.0000 1.9984
40.0000 1.9990
41.0000 1.9994
42.0000 1.9987
43.0000 1.9993
44.0000 1.9989
45.0000 1.9998
46.0000 1.9998
47.0000 1.9994
48.0000 1.9994
49.0000 2.0000
50.0000 1.9999
51.0000 1.9997
52.0000 1.9998
53.0000 2.0003
54.0000 2.0000
55.0000 2.0004
56.0000 2.0009
57.0000 2.0003
58.0000 2.0013
59.0000 2.0011
60.0000 2.0016
61.0000 2.0016
62.0000 2.0020
63.0000 2.0026
64.0000 2.0020
65.0000 2.0027
66.0000 2.0026
67.0000 2.0028
68.0000 2.0028
69.0000 2.0033
70.0000 2.0026
71.0000 2.0028
72.0000 2.0028
73.0000 2.0028
74.0000 2.0025
75.0000 2.0024
76.0000 2.0024
77.0000 2.0022
78.0000 2.0015
79.0000 2.0019
80.0000 2.0011
81.0000 2.0010
82.0000 2.0003
83.0000 2.0000
84.0000 1.9996
85.0000 1.9993
86.0000 1.9984
87.0000 1.9982
88.0000 1.9982
89.0000 1.9971
90.0000 1.9978
91.0000 1.9998
92.0000 1.9985
93.0000 1.9982
94.0000 1.9984
95.0000 1.9987
96.0000 1.9990
97.0000 1.9993
98.0000 1.9996
99.0000 1.9999
100.0000 2.0000
101.0000 2.0002
102.0000 2.0003
103.0000 2.0003
104.0000 2.0003
105.0000 2.0003
106.0000 2.0003
107.0000 2.0003
108.0000 2.0003
109.0000 2.0002
110.0000 2.0002
111.0000 2.0002
112.0000 2.0002
113.0000 2.0002
114.0000 2.0002
115.0000 2.0002
116.0000 2.0002
117.0000 2.0002
118.0000 2.0002
119.0000 2.0002
120.0000 2.0002
121.0000 2.0003
122.0000 2.0003
123.0000 2.0003
124.0000 2.0003
125.0000 2.0003
126.0000 2.0003
127.0000 2.0002
128.0000 2.0002
129.0000 2.0002
130.0000 2.0002
131.0000 2.0002
132.0000 2.0002
133.0000 2.0002
134.0000 2.0002
135.0000 2.0002
136.0000 2.0002
137.0000 2.0002
138.0000 2.0002
139.0000 2.0002
140.0000 2.0001
141.0000 2.0001
142.0000 2.0001
143.0000 2.0001
144.0000 2.0001
145.0000 2.0001
146.0000 2.0001
147.0000 2.0001
148.0000 2.0001
149.0000 2.0001
150.0000 2.0001
151.0000 2.0001
152.0000 2.0001
153.0000 2.0001
154.0000 2.0001
155.0000 2.0001
156.0000 2.0001
157.0000 2.0001
158.0000 2.0001
159.0000 2.0001
160.0000 2.0001
161.0000 2.0001
162.0000 2.0001
163.0000 2.0001
164.0000 2.0001
165.0000 2.0001
166.0000 2.0001
167.0000 2.0001
168.0000 2.0001
169.0000 2.0001
170.0000 2.0001
171.0000 2.0001
172.0000 2.0001
173.0000 2.0001
174.0000 2.0000
175.0000 2.0000
176.0000 2.0000
177.0000 2.0000
178.0000 2.0000
179.0000 2.0000
180.0000 2.0000
181.0000 2.0000
182.0000 2.0000
183.0000 2.0000
184.0000 2.0000
185.0000 2.0000
186.0000 2.0000
187.0000 2.0000
188.0000 2.0000
189.0000 2.0000
190.0000 2.0000
191.0000 2.0000
192.0000 2.0000
193.0000 2.0000
194.0000 2.0000
195.0000 2.0000
196.0000 2.0000
197.0000 2.0000
198.0000 2.0000
199.0000 2.0000
200.0000 2.0000
201.0000 -2.2115
202.0000 -2.7562
203.0000 -2.5640
204.0000 -2.3924
205.0000 -2.2622
206.0000 -2.1549
207.0000 -2.0703
208.0000 -2.0078
209.0000 -1.9657
210.0000 -1.9409
211.0000 -1.9286
212.0000 -1.9260
213.0000 -1.9299
214.0000 -1.9366
215.0000 -1.9459
216.0000 -1.9548
217.0000 -1.9636
218.0000 -1.9717
219.0000 -1.9778
220.0000 -1.9830
221.0000 -1.9874
222.0000 -1.9914
223.0000 -1.9920
224.0000 -1.9947
225.0000 -1.9952
226.0000 -1.9960
227.0000 -1.9970
228.0000 -1.9980
229.0000 -1.9969
230.0000 -1.9980
231.0000 -1.9988
232.0000 -1.9974
233.0000 -1.9987
234.0000 -1.9977
235.0000 -1.9995
236.0000 -1.9997
237.0000 -1.9988
238.0000 -1.9988
239.0000 -2.0000
240.0000 -1.9997
241.0000 -1.9995
242.0000 -1.9995
243.0000 -2.0005
244.0000 -2.0000
245.0000 -2.0008
246.0000 -2.0018
247.0000 -2.0006
248.0000 -2.0026
249.0000 -2.0023
250.0000 -2.0031
251.0000 -2.0032
252.0000 -2.0041
253.0000 -2.0051
254.0000 -2.0041
255.0000 -2.0054
256.0000 -2.0051
257.0000 -2.0055
258.0000 -2.0055
259.0000 -2.0066
260.0000 -2.0052
261.0000 -2.0056
262.0000 -2.0056
263.0000 -2.0056
264.0000 -2.0050
265.0000 -2.0049
266.0000 -2.0048
267.0000 -2.0043
268.0000 -2.0029
269.0000 -2.0038
270.0000 -2.0021
271.0000 -2.0020
272.0000 -2.0006
273.0000 -1.9999
274.0000 -1.9992
275.0000 -1.9986
276.0000 -1.9967
277.0000 -1.9963
278.0000 -1.9965
279.0000 -1.9942
280.0000 -1.9955
281.0000 -1.9997
282.0000 -1.9971
283.0000 -1.9963
284.0000 -1.9967
285.0000 -1.9973
286.0000 -1.9980
287.0000 -1.9987
288.0000 -1.9992
289.0000 -1.9997
290.0000 -2.0001
291.0000 -2.0004
292.0000 -2.0005
293.0000 -2.0006
294.0000 -2.0006
295.0000 -2.0006
296.0000 -2.0006
297.0000 -2.0006
298.0000 -2.0005
299.0000 -2.0005
300.0000 -2.0005
301.0000 -2.0004
302.0000 -2.0004
303.0000 -2.0004
304.0000 -2.0004
305.0000 -2.0004
306.0000 -2.0005
307.0000 -2.0005
308.0000 -2.0005
309.0000 -2.0005
310.0000 -2.0005
311.0000 -2.0005
312.0000 -2.0005
313.0000 -2.0005
314.0000 -2.0005
315.0000 -2.0005
316.0000 -2.0005
317.0000 -2.0005
318.0000 -2.0005
319.0000 -2.0005
320.0000 -2.0005
321.0000 -2.0005
322.0000 -2.0004
323.0000 -2.0004
324.0000 -2.0004
325.0000 -2.0004
326.0000 -2.0004
327.0000 -2.0003
328.0000 -2.0003
329.0000 -2.0003
330.0000 -2.0003
331.0000 -2.0003
332.0000 -2.0003
333.0000 -2.0002
334.0000 -2.0002
335.0000 -2.0002
336.0000 -2.0002
337.0000 -2.0002
338.0000 -2.0002
339.0000 -2.0002
340.0000 -2.0002
341.0000 -2.0002
342.0000 -2.0002
343.0000 -2.0001
344.0000 -2.0001
345.0000 -2.0001
346.0000 -2.0001
347.0000 -2.0001
348.0000 -2.0001
349.0000 -2.0001
350.0000 -2.0001
351.0000 -2.0002
352.0000 -2.0002
353.0000 -2.0002
354.0000 -2.0002
355.0000 -2.0002
356.0000 -2.0001
357.0000 -2.0001
358.0000 -2.0001
359.0000 -2.0001
360.0000 -2.0001
361.0000 -2.0001
362.0000 -2.0001
363.0000 -2.0001
364.0000 -2.0001
365.0000 -2.0001
366.0000 -2.0001
367.0000 -2.0001
368.0000 -2.0001
369.0000 -2.0000
370.0000 -2.0000
371.0000 -2.0000
372.0000 -2.0000
373.0000 -2.0000
374.0000 -2.0000
375.0000 -2.0000
376.0000 -2.0000
377.0000 -2.0000
378.0000 -2.0000
379.0000 -2.0000
380.0000 -2.0000
381.0000 -2.0000
382.0000 -2.0000
383.0000 -2.0000
384.0000 -2.0000
385.0000 -2.0000
386.0000 -2.0000
387.0000 -2.0000
388.0000 -2.0000
389.0000 -2.0000
390.0000 -2.0000
391.0000 -2.0000
392.0000 -2.0000
393.0000 -2.0000
394.0000 -2.0000
395.0000 -2.0000
396.0000 -2.0000
397.0000 -2.0000
398.0000 -2.0000
399.0000 -2.0000
400.0000 -2.0000
401.0000 -2.0000
402.0000 -2.0000
403.0000 -2.0000
404.0000 -2.0000
405.0000 -2.0000
406.0000 -2.0000
407.0000 -2.0000
408.0000 -2.0000
409.0000 -2.0000
410.0000 -2.0000
411.0000 -2.0000
412.0000 -2.0000
413.0000 -2.0000
414.0000 -2.0000
415.0000 -2.0000
416.0000 -2.0000
417.0000 -2.0000
418.0000 -2.0000
419.0000 -2.0000
420.0000 -2.0000
421.0000 -2.0000
422.0000 -2.0000
423.0000 -2.0000
424.0000 -2.0000
425.0000 -2.0000
426.0000 -2.0000
427.0000 -2.0000
428.0000 -2.0000
429.0000 -2.0000
430.0000 -2.0000
431.0000 -2.0000
432.0000 -2.0000
433.0000 -2.0000
434.0000 -2.0000
435.0000 -2.0000
436.0000 -2.0000
437.0000 -2.0000
438.0000 -2.0000
439.0000 -2.0000
440.0000 -2.0000
441.0000 -2.0000
442.0000 -2.0000
443.0000 -2.0000
444.0000 -2.0000
445.0000 -2.0000
446.0000 -2.0000
447.0000 -2.0000
448.0000 -2.0000
449.0000 -2.0000
450.0000 -2.0000
451.0000 -2.0000
452.0000 -2.0000
453.0000 -2.0000
454.0000 -2.0000
455.0000 -2.0000
456.0000 -2.0000
457.0000 -2.0000
458.0000 -2.0000
459.0000 -2.0000
460.0000 -2.0000
461.0000 -2.0000
462.0000 -2.0000
463.0000 -2.0000
464.0000 -2.0000
465.0000 -2.0000
466.0000 -2.0000
467.0000 -2.0000
468.0000 -2.0000
469.0000 -2.0000
470.0000 -2.0000
471.0000 -2.0000
472.0000 -2.0000
473.0000 -2.0000
474.0000 -2.0000
475.0000 -2.0000
476.0000 -2.0000
477.0000 -2.0000
478.0000 -2.0000
479.0000 -2.0000
480.0000 -2.0000
481.0000 -2.0000
482.0000 -2.0000
483.0000 -2.0000
484.0000 -2.0000
485.0000 -2.0000
486.0000 -2.0000
487.0000 -2.0000
488.0000 -2.0000
489.0000 -2.0000
490.0000 -2.0000
491.0000 -2.0000
492.0000 -2.0000
493.0000 -2.0000
494.0000 -2.0000
495.0000 -2.0000
496.0000 -2.0000
497.0000 -2.0000
498.0000 -2.0000
499.0000 -2.0000
500.0000 -2.0000
501.0000 1.6851
502.0000 2.1617
503.0000 1.9935
504.0000 1.8434
505.0000 1.7294
506.0000 1.6355
507.0000 1.5615
508.0000 1.5069
509.0000 1.4700
510.0000 1.4483
511.0000 1.4375
512.0000 1.4353
513.0000 1.4387
514.0000 1.4445
515.0000 1.4527
516.0000 1.4605
517.0000 1.4682
518.0000 1.4752
519.0000 1.4806
520.0000 1.4852
521.0000 1.4890
522.0000 1.4925
523.0000 1.4930
524.0000 1.4954
525.0000 1.4958
526.0000 1.4965
527.0000 1.4974
528.0000 1.4983
529.0000 1.4973
530.0000 1.4983
531.0000 1.4990
532.0000 1.4977
533.0000 1.4988
534.0000 1.4980
535.0000 1.4996
536.0000 1.4997
537.0000 1.4989
538.0000 1.4990
539.0000 1.5000
540.0000 1.4997
541.0000 1.4995
542.0000 1.4996
543.0000 1.5005
544.0000 1.5000
545.0000 1.5007
546.0000 1.5016
547.0000 1.5005
548.0000 1.5023
549.0000 1.5020
550.0000 1.5027
551.0000 1.5028
552.0000 1.5036
553.0000 1.5045
554.0000 1.5036
555.0000 1.5047
556.0000 1.5045
557.0000 1.5048
558.0000 1.5048
559.0000 1.5057
560.0000 1.5046
561.0000 1.5049
562.0000 1.5049
563.0000 1.5049
564.0000 1.5044
565.0000 1.5043
566.0000 1.5042
567.0000 1.5038
568.0000 1.5026
569.0000 1.5033
570.0000 1.5019
571.0000 1.5017
572.0000 1.5005
573.0000 1.4999
574.0000 1.4993
575.0000 1.4988
576.0000 1.4971
577.0000 1.4968
578.0000 1.4969
579.0000 1.4949
580.0000 1.4961
581.0000 1.4997
582.0000 1.4974
583.0000 1.4968
584.0000 1.4971
585.0000 1.4977
586.0000 1.4983
587.0000 1.4988
588.0000 1.4993
589.0000 1.4998
590.0000 1.5001
591.0000 1.5003
592.0000 1.5005
593.0000 1.5005
594.0000 1.5006
595.0000 1.5006
596.0000 1.5005
597.0000 1.5005
598.0000 1.5005
599.0000 1.5004
600.0000 1.5004
601.0000 1.5004
602.0000 1.5004
603.0000 1.5004
604.0000 1.5004
605.0000 1.5004
606.0000 1.5004
607.0000 1.5004
608.0000 1.5004
609.0000 1.5004
610.0000 1.5004
611.0000 1.5004
612.0000 1.5004
613.0000 1.5004
614.0000 1.5004
615.0000 1.5004
616.0000 1.5004
617.0000 1.5004
618.0000 1.5004
619.0000 1.5004
620.0000 1.5004
621.0000 1.5004
622.0000 1.5004
623.0000 1.5004
624.0000 1.5004
625.0000 1.5003
626.0000 1.5003
627.0000 1.5003
628.0000 1.5003
629.0000 1.5003
630.0000 1.5003
631.0000 1.5002
632.0000 1.5002
633.0000 1.5002
634.0000 1.5002
635.0000 1.5002
636.0000 1.5002
637.0000 1.5002
638.0000 1.5002
639.0000 1.5001
640.0000 1.5001
641.0000 1.5001
642.0000 1.5001
643.0000 1.5001
644.0000 1.5001
645.0000 1.5001
646.0000 1.5001
647.0000 1.5001
648.0000 1.5001
649.0000 1.5001
650.0000 1.5001
651.0000 1.5001
652.0000 1.5001
653.0000 1.5001
654.0000 1.5001
655.0000 1.5001
656.0000 1.5001
657.0000 1.5001
658.0000 1.5001
659.0000 1.5001
660.0000 1.5001
661.0000 1.5001
662.0000 1.5001
663.0000 1.5001
664.0000 1.5001
665.0000 1.5001
666.0000 1.5001
667.0000 1.5001
668.0000 1.5000
669.0000 1.5000
670.0000 1.5000
671.0000 1.5000
672.0000 1.5000
673.0000 1.5000
674.0000 1.5000
675.0000 1.5000
676.0000 1.5000
677.0000 1.5000
678.0000 1.5000
679.0000 1.5000
680.0000 1.5000
681.0000 1.5000
682.0000 1.5000
683.0000 1.5000
684.0000 1.5000
685.0000 1.5000
686.0000 1.5000
687.0000 1.5000
688.0000 1.5000
689.0000 1.5000
690.0000 1.5000
691.0000 1.5000
692.0000 1.5000
693.0000 1.5000
694.0000 1.5000
695.0000 1.5000
696.0000 1.5000
697.0000 1.5000
698.0000 1.5000
699.0000 1.5000
700.0000 1.5000
701.0000 1.5000
702.0000 1.5000
703.0000 1.5000
704.0000 1.5000
705.0000 1.5000
706.0000 1.5000
707.0000 1.5000
708.0000 1.5000
709.0000 1.5000
710.0000 1.5000
711.0000 1.5000
712.0000 1.5000
713.0000 1.5000
714.0000 1.5000
715.0000 1.5000
716.0000 1.5000
717.0000 1.5000
718.0000 1.5000
719.0000 1.5000
720.0000 1.5000
721.0000 1.5000
722.0000 1.5000
723.0000 1.5000
724.0000 1.5000
725.0000 1.5000
726.0000 1.5000
727.0000 1.5000
728.0000 1.5000
729.0000 1.5000
730.0000 1.5000
731.0000 1.5000
732.0000 1.5000
733.0000 1.5000
734.0000 1.5000
735.0000 1.5000
736.0000 1.5000
737.0000 1.5000
738.0000 1.5000
739.0000 1.5000
740.0000 1.5000
741.0000 1.5000
742.0000 1.5000
743.0000 1.5000
744.0000 1.5000
745.0000 1.5000
746.0000 1.5000
747.0000 1.5000
748.0000 1.5000
749.0000 1.5000
750.0000 1.5000
751.0000 1.5000
752.0000 1.5000
753.0000 1.5000
754.0000 1.5000
755.0000 1.5000
756.0000 1.5000
757.0000 1.5000
758.0000 1.5000
759.0000 1.5000
760.0000 1.5000
761.0000 1.5000
762.0000 1.5000
763.0000 1.5000
764.0000 1.5000
765.0000 1.5000
766.0000 1.5000
767.0000 1.5000
768.0000 1.5000
769.0000 1.5000
770.0000 1.5000
771.0000 1.5000
772.0000 1.5000
773.0000 1.5000
774.0000 1.5000
775.0000 1.5000
776.0000 1.5000
777.0000 1.5000
778.0000 1.5000
779.0000 1.5000
780.0000 1.5000
781.0000 1.5000
782.0000 1.5000
783.0000 1.5000
784.0000 1.5000
785.0000 1.5000
786.0000 1.5000
787.0000 1.5000
788.0000 1.5000
789.0000 1.5000
790.0000 1.5000
791.0000 1.5000
792.0000 1.5000
793.0000 1.5000
794.0000 1.5000
795.0000 1.5000
796.0000 1.5000
797.0000 1.5000
798.0000 1.5000
799.0000 1.5000
800.0000 1.5000
801.0000 -0.0793
802.0000 -0.2836
803.0000 -0.2115
804.0000 -0.1472
805.0000 -0.0983
806.0000 -0.0581
807.0000 -0.0264
808.0000 -0.0029
809.0000 0.0128
810.0000 0.0222
811.0000 0.0268
812.0000 0.0277
813.0000 0.0263
814.0000 0.0238
815.0000 0.0203
816.0000 0.0169
817.0000 0.0136
818.0000 0.0106
819.0000 0.0083
820.0000 0.0064
821.0000 0.0047
822.0000 0.0032
823.0000 0.0030
824.0000 0.0020
825.0000 0.0018
826.0000 0.0015
827.0000 0.0011
828.0000 0.0007
829.0000 0.0012
830.0000 0.0007
831.0000 0.0004
832.0000 0.0010
833.0000 0.0005
834.0000 0.0009
835.0000 0.0002
836.0000 0.0001
837.0000 0.0005
838.0000 0.0005
839.0000 -0.0000
840.0000 0.0001
841.0000 0.0002
842.0000 0.0002
843.0000 -0.0002
844.0000 -0.0000
845.0000 -0.0003
846.0000 -0.0007
847.0000 -0.0002
848.0000 -0.0010
849.0000 -0.0009
850.0000 -0.0012
851.0000 -0.0012
852.0000 -0.0015
853.0000 -0.0019
854.0000 -0.0015
855.0000 -0.0020
856.0000 -0.0019
857.0000 -0.0021
858.0000 -0.0021
859.0000 -0.0025
860.0000 -0.0020
861.0000 -0.0021
862.0000 -0.0021
863.0000 -0.0021
864.0000 -0.0019
865.0000 -0.0018
866.0000 -0.0018
867.0000 -0.0016
868.0000 -0.0011
869.0000 -0.0014
870.0000 -0.0008
871.0000 -0.0007
872.0000 -0.0002
873.0000 0.0000
874.0000 0.0003
875.0000 0.0005
876.0000 0.0012
877.0000 0.0014
878.0000 0.0013
879.0000 0.0022
880.0000 0.0017
881.0000 0.0001
882.0000 0.0011
883.0000 0.0014
884.0000 0.0012
885.0000 0.0010
886.0000 0.0007
887.0000 0.0005
888.0000 0.0003
889.0000 0.0001
890.0000 -0.0000
891.0000 -0.0001
892.0000 -0.0002
893.0000 -0.0002
894.0000 -0.0002
895.0000 -0.0002
896.0000 -0.0002
897.0000 -0.0002
898.0000 -0.0002
899.0000 -0.0002
900.0000 -0.0002
901.0000 -0.0002
902.0000 -0.0002
903.0000 -0.0002
904.0000 -0.0002
905.0000 -0.0002
906.0000 -0.0002
907.0000 -0.0002
908.0000 -0.0002
909.0000 -0.0002
910.0000 -0.0002
911.0000 -0.0002
912.0000 -0.0002
913.0000 -0.0002
914.0000 -0.0002
915.0000 -0.0002
916.0000 -0.0002
917.0000 -0.0002
918.0000 -0.0002
919.0000 -0.0002
920.0000 -0.0002
921.0000 -0.0002
922.0000 -0.0002
923.0000 -0.0002
924.0000 -0.0002
925.0000 -0.0001
926.0000 -0.0001
927.0000 -0.0001
928.0000 -0.0001
929.0000 -0.0001
930.0000 -0.0001
931.0000 -0.0001
932.0000 -0.0001
933.0000 -0.0001
934.0000 -0.0001
935.0000 -0.0001
936.0000 -0.0001
937.0000 -0.0001
938.0000 -0.0001
939.0000 -0.0001
940.0000 -0.0001
941.0000 -0.0001
942.0000 -0.0001
943.0000 -0.0001
944.0000 -0.0001
945.0000 -0.0001
946.0000 -0.0001
947.0000 -0.0001
948.0000 -0.0001
949.0000 -0.0001
950.0000 -0.0001
951.0000 -0.0001
952.0000 -0.0001
953.0000 -0.0001
954.0000 -0.0001
955.0000 -0.0001
956.0000 -0.0001
957.0000 -0.0001
958.0000 -0.0001
959.0000 -0.0001
960.0000 -0.0000
961.0000 -0.0000
962.0000 -0.0000
963.0000 -0.0000
964.0000 -0.0000
965.0000 -0.0000
966.0000 -0.0000
967.0000 -0.0000
968.0000 -0.0000
969.0000 -0.0000
970.0000 -0.0000
971.0000 -0.0000
972.0000 -0.0000
973.0000 -0.0000
974.0000 -0.0000
975.0000 -0.0000
976.0000 -0.0000
977.0000 -0.0000
978.0000 -0.0000
979.0000 -0.0000
980.0000 -0.0000
981.0000 -0.0000
982.0000 -0.0000
983.0000 -0.0000
984.0000 -0.0000
985.0000 -0.0000
986.0000 -0.0000
987.0000 -0.0000
988.0000 -0.0000
989.0000 -0.0000
990.0000 -0.0000
991.0000 -0.0000
992.0000 -0.0000
993.0000 -0.0000
994.0000 -0.0000
995.0000 -0.0000
996.0000 -0.0000
997.0000 -0.0000
998.0000 -0.0000
999.0000 -0.0000
1000.0000 -0.0000
1001.0000 -0.0000
1002.0000 -0.0000
1003.0000 -0.0000
1004.0000 -0.0000
1005.0000 -0.0000
1006.0000 -0.0000
1007.0000 -0.0000
1008.0000 -0.0000
1009.0000 -0.0000
1010.0000 -0.0000
1011.0000 -0.0000
1012.0000 -0.0000
1013.0000 -0.0000
1014.0000 -0.0000
1015.0000 -0.0000
1016.0000 -0.0000
1017.0000 -0.0000
1018.0000 -0.0000
1019.0000 -0.0000
1020.0000 -0.0000
1021.0000 -0.0000
1022.0000 -0.0000
1023.0000 -0.0000
1024.0000 -0.0000
1025.0000 -0.0000
1026.0000 -0.0000
1027.0000 -0.0000
1028.0000 -0.0000
1029.0000 -0.0000
1030.0000 -0.0000
1031.0000 -0.0000
1032.0000 -0.0000
1033.0000 -0.0000
1034.0000 -0.0000
1035.0000 -0.0000
1036.0000 -0.0000
1037.0000 -0.0000
1038.0000 -0.0000
1039.0000 -0.0000
1040.0000 -0.0000
1041.0000 -0.0000
1042.0000 -0.0000
1043.0000 -0.0000
1044.0000 -0.0000
1045.0000 -0.0000
1046.0000 -0.0000
1047.0000 -0.0000
1048.0000 -0.0000
1049.0000 -0.0000
1050.0000 -0.0000
1051.0000 -0.0000
1052.0000 -0.0000
1053.0000 -0.0000
1054.0000 -0.0000
1055.0000 -0.0000
1056.0000 -0.0000
1057.0000 -0.0000
1058.0000 -0.0000
1059.0000 -0.0000
1060.0000 -0.0000
1061.0000 -0.0000
1062.0000 -0.0000
1063.0000 -0.0000
1064.0000 -0.0000
1065.0000 -0.0000
1066.0000 -0.0000
1067.0000 -0.0000
1068.0000 -0.0000
1069.0000 -0.0000
1070.0000 -0.0000
1071.0000 -0.0000
1072.0000 -0.0000
1073.0000 -0.0000
1074.0000 -0.0000
1075.0000 -0.0000
1076.0000 -0.0000
1077.0000 -0.0000
1078.0000 -0.0000
1079.0000 -0.0000
1080.0000 -0.0000
1081.0000 -0.0000
1082.0000 -0.0000
1083.0000 -0.0000
1084.0000 -0.0000
1085.0000 -0.0000
1086.0000 -0.0000
1087.0000 -0.0000
1088.0000 -0.0000
1089.0000 -0.0000
1090.0000 -0.0000
1091.0000 -0.0000
1092.0000 -0.0000
1093.0000 -0.0000
1094.0000 -0.0000
1095.0000 -0.0000
1096.0000 -0.0000
1097.0000 -0.0000
1098.0000 -0.0000
1099.0000 -0.0000
1100.0000 -0.0000
