1.0000 0.0000
2.0000 0.0000
3.0000 0.0000
4.0000 0.0000
5.0000 0.0000
6.0000 0.0000
7.0000 0.0000
8.0000 0.0000
9.0000 0.0000
10.0000 1.4086
11.0000 2.0734
12.0000 2.2677
13.0000 2.1950
14.0000 1.9942
15.0000 1.7529
16.0000 1.5213
17.0000 1.3237
18.0000 1.1679
19.0000 1.0525
20.0000 0.9711
21.0000 0.9163
22.0000 0.8805
23.0000 0.8577
24.0000 0.8431
25.0000 0.8334
26.0000 0.8266
27.0000 0.8213
28.0000 0.8168
29.0000 0.8130
30.0000 0.8096
31.0000 0.8067
32.0000 0.8042
33.0000 0.8020
34.0000 0.8003
35.0000 0.7990
36.0000 0.7980
37.0000 0.7973
38.0000 0.7967
39.0000 0.7962
40.0000 0.7959
41.0000 0.7955
42.0000 0.7951
43.0000 0.7946
44.0000 0.7942
45.0000 0.7938
46.0000 0.7934
47.0000 0.7929
48.0000 0.7925
49.0000 0.7919
50.0000 0.7913
51.0000 0.7908
52.0000 0.7903
53.0000 0.7898
54.0000 0.7894
55.0000 0.7890
56.0000 0.7884
57.0000 0.7879
58.0000 0.7875
59.0000 0.7871
60.0000 0.7868
61.0000 0.7864
62.0000 0.7860
63.0000 0.7855
64.0000 0.7852
65.0000 0.7849
66.0000 0.7847
67.0000 0.7846
68.0000 0.7845
69.0000 0.7842
70.0000 0.7839
71.0000 0.7837
72.0000 0.7836
73.0000 0.7834
74.0000 0.7833
75.0000 0.7832
76.0000 0.7831
77.0000 0.7830
78.0000 0.7829
79.0000 0.7828
80.0000 0.7826
81.0000 0.7824
82.0000 0.7822
83.0000 0.7820
84.0000 0.7820
85.0000 0.7819
86.0000 0.7819
87.0000 0.7822
88.0000 0.7825
89.0000 0.7830
90.0000 0.7835
91.0000 0.7834
92.0000 0.7829
93.0000 0.7822
94.0000 0.7815
95.0000 0.7809
96.0000 0.7806
97.0000 0.7804
98.0000 0.7803
99.0000 0.7803
100.0000 0.7803
101.0000 0.7804
102.0000 0.7804
103.0000 0.7805
104.0000 0.7805
105.0000 0.7805
106.0000 0.7805
107.0000 0.7805
108.0000 0.7805
109.0000 0.7805
110.0000 0.7805
111.0000 0.7805
112.0000 0.7804
113.0000 0.7804
114.0000 0.7804
115.0000 0.7803
116.0000 0.7803
117.0000 0.7802
118.0000 0.7802
119.0000 0.7801
120.0000 0.7801
121.0000 0.7801
122.0000 0.7800
123.0000 0.7800
124.0000 0.7799
125.0000 0.7799
126.0000 0.7798
127.0000 0.7798
128.0000 0.7798
129.0000 0.7797
130.0000 0.7797
131.0000 0.7797
132.0000 0.7796
133.0000 0.7796
134.0000 0.7796
135.0000 0.7796
136.0000 0.7795
137.0000 0.7795
138.0000 0.7795
139.0000 0.7795
140.0000 0.7794
141.0000 0.7794
142.0000 0.7794
143.0000 0.7794
144.0000 0.7794
145.0000 0.7793
146.0000 0.7793
147.0000 0.7793
148.0000 0.7793
149.0000 0.7793
150.0000 0.7792
151.0000 0.7792
152.0000 0.7792
153.0000 0.7792
154.0000 0.7792
155.0000 0.7792
156.0000 0.7791
157.0000 0.7791
158.0000 0.7791
159.0000 0.7791
160.0000 0.7791
161.0000 0.7791
162.0000 0.7791
163.0000 0.7790
164.0000 0.7790
165.0000 0.7790
166.0000 0.7790
167.0000 0.7790
168.0000 0.7790
169.0000 0.7790
170.0000 0.7790
171.0000 0.7789
172.0000 0.7789
173.0000 0.7789
174.0000 0.7789
175.0000 0.7789
176.0000 0.7789
177.0000 0.7789
178.0000 0.7789
179.0000 0.7789
180.0000 0.7788
181.0000 0.7788
182.0000 0.7788
183.0000 0.7788
184.0000 0.7788
185.0000 0.7788
186.0000 0.7788
187.0000 0.7788
188.0000 0.7788
189.0000 0.7788
190.0000 0.7788
191.0000 0.7787
192.0000 0.7787
193.0000 0.7787
194.0000 0.7787
195.0000 0.7787
196.0000 0.7787
197.0000 0.7787
198.0000 0.7787
199.0000 0.7787
200.0000 -2.0384
201.0000 -3.3682
202.0000 -3.7567
203.0000 -3.6112
204.0000 -3.2097
205.0000 -2.7272
206.0000 -2.2640
207.0000 -1.8688
208.0000 -1.5572
209.0000 -1.3263
210.0000 -1.1636
211.0000 -1.0539
212.0000 -0.9824
213.0000 -0.9367
214.0000 -0.9075
215.0000 -0.8882
216.0000 -0.8746
217.0000 -0.8640
218.0000 -0.8551
219.0000 -0.8473
220.0000 -0.8406
221.0000 -0.8348
222.0000 -0.8297
223.0000 -0.8255
224.0000 -0.8220
225.0000 -0.8194
226.0000 -0.8175
227.0000 -0.8161
228.0000 -0.8147
229.0000 -0.8138
230.0000 -0.8132
231.0000 -0.8124
232.0000 -0.8117
233.0000 -0.8106
234.0000 -0.8098
235.0000 -0.8091
236.0000 -0.8083
237.0000 -0.8073
238.0000 -0.8064
239.0000 -0.8054
240.0000 -0.8041
241.0000 -0.8031
242.0000 -0.8021
243.0000 -0.8011
244.0000 -0.8003
245.0000 -0.7994
246.0000 -0.7982
247.0000 -0.7974
248.0000 -0.7965
249.0000 -0.7957
250.0000 -0.7950
251.0000 -0.7943
252.0000 -0.7934
253.0000 -0.7926
254.0000 -0.7919
255.0000 -0.7914
256.0000 -0.7910
257.0000 -0.7907
258.0000 -0.7904
259.0000 -0.7899
260.0000 -0.7893
261.0000 -0.7889
262.0000 -0.7887
263.0000 -0.7884
264.0000 -0.7881
265.0000 -0.7879
266.0000 -0.7878
267.0000 -0.7875
268.0000 -0.7873
269.0000 -0.7871
270.0000 -0.7867
271.0000 -0.7864
272.0000 -0.7860
273.0000 -0.7856
274.0000 -0.7855
275.0000 -0.7854
276.0000 -0.7854
277.0000 -0.7859
278.0000 -0.7864
279.0000 -0.7875
280.0000 -0.7886
281.0000 -0.7884
282.0000 -0.7873
283.0000 -0.7859
284.0000 -0.7845
285.0000 -0.7834
286.0000 -0.7827
287.0000 -0.7823
288.0000 -0.7821
289.0000 -0.7821
290.0000 -0.7822
291.0000 -0.7823
292.0000 -0.7824
293.0000 -0.7825
294.0000 -0.7826
295.0000 -0.7826
296.0000 -0.7827
297.0000 -0.7827
298.0000 -0.7826
299.0000 -0.7826
300.0000 -0.7826
301.0000 -0.7825
302.0000 -0.7824
303.0000 -0.7824
304.0000 -0.7823
305.0000 -0.7822
306.0000 -0.7821
307.0000 -0.7821
308.0000 -0.7820
309.0000 -0.7819
310.0000 -0.7818
311.0000 -0.7817
312.0000 -0.7816
313.0000 -0.7815
314.0000 -0.7814
315.0000 -0.7814
316.0000 -0.7813
317.0000 -0.7812
318.0000 -0.7811
319.0000 -0.7811
320.0000 -0.7810
321.0000 -0.7809
322.0000 -0.7809
323.0000 -0.7808
324.0000 -0.7808
325.0000 -0.7807
326.0000 -0.7807
327.0000 -0.7806
328.0000 -0.7806
329.0000 -0.7805
330.0000 -0.7805
331.0000 -0.7804
332.0000 -0.7804
333.0000 -0.7804
334.0000 -0.7803
335.0000 -0.7803
336.0000 -0.7802
337.0000 -0.7802
338.0000 -0.7802
339.0000 -0.7801
340.0000 -0.7801
341.0000 -0.7801
342.0000 -0.7800
343.0000 -0.7800
344.0000 -0.7799
345.0000 -0.7799
346.0000 -0.7799
347.0000 -0.7799
348.0000 -0.7798
349.0000 -0.7798
350.0000 -0.7798
351.0000 -0.7797
352.0000 -0.7797
353.0000 -0.7797
354.0000 -0.7797
355.0000 -0.7796
356.0000 -0.7796
357.0000 -0.7796
358.0000 -0.7796
359.0000 -0.7795
360.0000 -0.7795
361.0000 -0.7795
362.0000 -0.7795
363.0000 -0.7794
364.0000 -0.7794
365.0000 -0.7794
366.0000 -0.7794
367.0000 -0.7793
368.0000 -0.7793
369.0000 -0.7793
370.0000 -0.7793
371.0000 -0.7793
372.0000 -0.7792
373.0000 -0.7792
374.0000 -0.7792
375.0000 -0.7792
376.0000 -0.7792
377.0000 -0.7792
378.0000 -0.7791
379.0000 -0.7791
380.0000 -0.7791
381.0000 -0.7791
382.0000 -0.7791
383.0000 -0.7791
384.0000 -0.7791
385.0000 -0.7790
386.0000 -0.7790
387.0000 -0.7790
388.0000 -0.7790
389.0000 -0.7790
390.0000 -0.7790
391.0000 -0.7790
392.0000 -0.7790
393.0000 -0.7789
394.0000 -0.7789
395.0000 -0.7789
396.0000 -0.7789
397.0000 -0.7789
398.0000 -0.7789
399.0000 -0.7789
400.0000 -0.7789
401.0000 -0.7789
402.0000 -0.7789
403.0000 -0.7788
404.0000 -0.7788
405.0000 -0.7788
406.0000 -0.7788
407.0000 -0.7788
408.0000 -0.7788
409.0000 -0.7788
410.0000 -0.7788
411.0000 -0.7788
412.0000 -0.7788
413.0000 -0.7788
414.0000 -0.7788
415.0000 -0.7788
416.0000 -0.7787
417.0000 -0.7787
418.0000 -0.7787
419.0000 -0.7787
420.0000 -0.7787
421.0000 -0.7787
422.0000 -0.7787
423.0000 -0.7787
424.0000 -0.7787
425.0000 -0.7787
426.0000 -0.7787
427.0000 -0.7787
428.0000 -0.7787
429.0000 -0.7787
430.0000 -0.7787
431.0000 -0.7787
432.0000 -0.7787
433.0000 -0.7787
434.0000 -0.7786
435.0000 -0.7786
436.0000 -0.7786
437.0000 -0.7786
438.0000 -0.7786
439.0000 -0.7786
440.0000 -0.7786
441.0000 -0.7786
442.0000 -0.7786
443.0000 -0.7786
444.0000 -0.7786
445.0000 -0.7786
446.0000 -0.7786
447.0000 -0.7786
448.0000 -0.7786
449.0000 -0.7786
450.0000 -0.7786
451.0000 -0.7786
452.0000 -0.7786
453.0000 -0.7786
454.0000 -0.7786
455.0000 -0.7786
456.0000 -0.7786
457.0000 -0.7786
458.0000 -0.7786
459.0000 -0.7785
460.0000 -0.7785
461.0000 -0.7785
462.0000 -0.7785
463.0000 -0.7785
464.0000 -0.7785
465.0000 -0.7785
466.0000 -0.7785
467.0000 -0.7785
468.0000 -0.7785
469.0000 -0.7785
470.0000 -0.7785
471.0000 -0.7785
472.0000 -0.7785
473.0000 -0.7785
474.0000 -0.7785
475.0000 -0.7785
476.0000 -0.7785
477.0000 -0.7785
478.0000 -0.7785
479.0000 -0.7785
480.0000 -0.7785
481.0000 -0.7785
482.0000 -0.7785
483.0000 -0.7785
484.0000 -0.7785
485.0000 -0.7785
486.0000 -0.7785
487.0000 -0.7785
488.0000 -0.7785
489.0000 -0.7785
490.0000 -0.7785
491.0000 -0.7785
492.0000 -0.7785
493.0000 -0.7785
494.0000 -0.7785
495.0000 -0.7785
496.0000 -0.7785
497.0000 -0.7785
498.0000 -0.7785
499.0000 -0.7785
500.0000 1.6865
501.0000 2.8500
502.0000 3.1900
503.0000 3.0627
504.0000 2.7113
505.0000 2.2892
506.0000 1.8839
507.0000 1.5380
508.0000 1.2654
509.0000 1.0633
510.0000 0.9210
511.0000 0.8250
512.0000 0.7624
513.0000 0.7225
514.0000 0.6969
515.0000 0.6800
516.0000 0.6681
517.0000 0.6588
518.0000 0.6510
519.0000 0.6442
520.0000 0.6383
521.0000 0.6333
522.0000 0.6288
523.0000 0.6251
524.0000 0.6221
525.0000 0.6198
526.0000 0.6182
527.0000 0.6169
528.0000 0.6157
529.0000 0.6149
530.0000 0.6143
531.0000 0.6136
532.0000 0.6130
533.0000 0.6121
534.0000 0.6114
535.0000 0.6107
536.0000 0.6100
537.0000 0.6092
538.0000 0.6084
539.0000 0.6075
540.0000 0.6064
541.0000 0.6055
542.0000 0.6046
543.0000 0.6038
544.0000 0.6030
545.0000 0.6023
546.0000 0.6012
547.0000 0.6005
548.0000 0.5997
549.0000 0.5991
550.0000 0.5984
551.0000 0.5978
552.0000 0.5970
553.0000 0.5963
554.0000 0.5957
555.0000 0.5952
556.0000 0.5949
557.0000 0.5946
558.0000 0.5944
559.0000 0.5939
560.0000 0.5934
561.0000 0.5931
562.0000 0.5929
563.0000 0.5926
564.0000 0.5923
565.0000 0.5922
566.0000 0.5920
567.0000 0.5918
568.0000 0.5916
569.0000 0.5915
570.0000 0.5912
571.0000 0.5908
572.0000 0.5905
573.0000 0.5902
574.0000 0.5901
575.0000 0.5899
576.0000 0.5900
577.0000 0.5904
578.0000 0.5909
579.0000 0.5918
580.0000 0.5927
581.0000 0.5926
582.0000 0.5917
583.0000 0.5904
584.0000 0.5892
585.0000 0.5882
586.0000 0.5876
587.0000 0.5872
588.0000 0.5871
589.0000 0.5871
590.0000 0.5872
591.0000 0.5873
592.0000 0.5874
593.0000 0.5874
594.0000 0.5875
595.0000 0.5875
596.0000 0.5876
597.0000 0.5876
598.0000 0.5875
599.0000 0.5875
600.0000 0.5875
601.0000 0.5874
602.0000 0.5874
603.0000 0.5873
604.0000 0.5872
605.0000 0.5872
606.0000 0.5871
607.0000 0.5870
608.0000 0.5869
609.0000 0.5869
610.0000 0.5868
611.0000 0.5867
612.0000 0.5866
613.0000 0.5866
614.0000 0.5865
615.0000 0.5864
616.0000 0.5863
617.0000 0.5863
618.0000 0.5862
619.0000 0.5862
620.0000 0.5861
621.0000 0.5860
622.0000 0.5860
623.0000 0.5859
624.0000 0.5859
625.0000 0.5858
626.0000 0.5858
627.0000 0.5858
628.0000 0.5857
629.0000 0.5857
630.0000 0.5856
631.0000 0.5856
632.0000 0.5856
633.0000 0.5855
634.0000 0.5855
635.0000 0.5855
636.0000 0.5854
637.0000 0.5854
638.0000 0.5854
639.0000 0.5853
640.0000 0.5853
641.0000 0.5853
642.0000 0.5852
643.0000 0.5852
644.0000 0.5852
645.0000 0.5851
646.0000 0.5851
647.0000 0.5851
648.0000 0.5851
649.0000 0.5850
650.0000 0.5850
651.0000 0.5850
652.0000 0.5850
653.0000 0.5849
654.0000 0.5849
655.0000 0.5849
656.0000 0.5849
657.0000 0.5848
658.0000 0.5848
659.0000 0.5848
660.0000 0.5848
661.0000 0.5848
662.0000 0.5847
663.0000 0.5847
664.0000 0.5847
665.0000 0.5847
666.0000 0.5847
667.0000 0.5846
668.0000 0.5846
669.0000 0.5846
670.0000 0.5846
671.0000 0.5846
672.0000 0.5846
673.0000 0.5845
674.0000 0.5845
675.0000 0.5845
676.0000 0.5845
677.0000 0.5845
678.0000 0.5845
679.0000 0.5844
680.0000 0.5844
681.0000 0.5844
682.0000 0.5844
683.0000 0.5844
684.0000 0.5844
685.0000 0.5844
686.0000 0.5844
687.0000 0.5843
688.0000 0.5843
689.0000 0.5843
690.0000 0.5843
691.0000 0.5843
692.0000 0.5843
693.0000 0.5843
694.0000 0.5843
695.0000 0.5843
696.0000 0.5843
697.0000 0.5842
698.0000 0.5842
699.0000 0.5842
700.0000 0.5842
701.0000 0.5842
702.0000 0.5842
703.0000 0.5842
704.0000 0.5842
705.0000 0.5842
706.0000 0.5842
707.0000 0.5842
708.0000 0.5842
709.0000 0.5842
710.0000 0.5841
711.0000 0.5841
712.0000 0.5841
713.0000 0.5841
714.0000 0.5841
715.0000 0.5841
716.0000 0.5841
717.0000 0.5841
718.0000 0.5841
719.0000 0.5841
720.0000 0.5841
721.0000 0.5841
722.0000 0.5841
723.0000 0.5841
724.0000 0.5841
725.0000 0.5841
726.0000 0.5841
727.0000 0.5841
728.0000 0.5840
729.0000 0.5840
730.0000 0.5840
731.0000 0.5840
732.0000 0.5840
733.0000 0.5840
734.0000 0.5840
735.0000 0.5840
736.0000 0.5840
737.0000 0.5840
738.0000 0.5840
739.0000 0.5840
740.0000 0.5840
741.0000 0.5840
742.0000 0.5840
743.0000 0.5840
744.0000 0.5840
745.0000 0.5840
746.0000 0.5840
747.0000 0.5840
748.0000 0.5840
749.0000 0.5840
750.0000 0.5840
751.0000 0.5840
752.0000 0.5840
753.0000 0.5840
754.0000 0.5839
755.0000 0.5839
756.0000 0.5839
757.0000 0.5839
758.0000 0.5839
759.0000 0.5839
760.0000 0.5839
761.0000 0.5839
762.0000 0.5839
763.0000 0.5839
764.0000 0.5839
765.0000 0.5839
766.0000 0.5839
767.0000 0.5839
768.0000 0.5839
769.0000 0.5839
770.0000 0.5839
771.0000 0.5839
772.0000 0.5839
773.0000 0.5839
774.0000 0.5839
775.0000 0.5839
776.0000 0.5839
777.0000 0.5839
778.0000 0.5839
779.0000 0.5839
780.0000 0.5839
781.0000 0.5839
782.0000 0.5839
783.0000 0.5839
784.0000 0.5839
785.0000 0.5839
786.0000 0.5839
787.0000 0.5839
788.0000 0.5839
789.0000 0.5839
790.0000 0.5839
791.0000 0.5839
792.0000 0.5839
793.0000 0.5839
794.0000 0.5839
795.0000 0.5839
796.0000 0.5839
797.0000 0.5839
798.0000 0.5839
799.0000 0.5839
800.0000 -0.4726
801.0000 -0.9712
802.0000 -1.1169
803.0000 -1.0624
804.0000 -0.9118
805.0000 -0.7309
806.0000 -0.5572
807.0000 -0.4089
808.0000 -0.2921
809.0000 -0.2055
810.0000 -0.1445
811.0000 -0.1034
812.0000 -0.0765
813.0000 -0.0594
814.0000 -0.0484
815.0000 -0.0412
816.0000 -0.0361
817.0000 -0.0321
818.0000 -0.0288
819.0000 -0.0259
820.0000 -0.0234
821.0000 -0.0212
822.0000 -0.0193
823.0000 -0.0177
824.0000 -0.0164
825.0000 -0.0154
826.0000 -0.0147
827.0000 -0.0142
828.0000 -0.0137
829.0000 -0.0133
830.0000 -0.0131
831.0000 -0.0128
832.0000 -0.0125
833.0000 -0.0121
834.0000 -0.0118
835.0000 -0.0115
836.0000 -0.0112
837.0000 -0.0109
838.0000 -0.0105
839.0000 -0.0101
840.0000 -0.0097
841.0000 -0.0093
842.0000 -0.0089
843.0000 -0.0085
844.0000 -0.0082
845.0000 -0.0079
846.0000 -0.0075
847.0000 -0.0071
848.0000 -0.0068
849.0000 -0.0065
850.0000 -0.0062
851.0000 -0.0060
852.0000 -0.0057
853.0000 -0.0053
854.0000 -0.0051
855.0000 -0.0049
856.0000 -0.0047
857.0000 -0.0046
858.0000 -0.0045
859.0000 -0.0043
860.0000 -0.0041
861.0000 -0.0040
862.0000 -0.0039
863.0000 -0.0038
864.0000 -0.0037
865.0000 -0.0036
866.0000 -0.0035
867.0000 -0.0034
868.0000 -0.0034
869.0000 -0.0033
870.0000 -0.0031
871.0000 -0.0030
872.0000 -0.0029
873.0000 -0.0027
874.0000 -0.0027
875.0000 -0.0026
876.0000 -0.0026
877.0000 -0.0028
878.0000 -0.0030
879.0000 -0.0034
880.0000 -0.0038
881.0000 -0.0038
882.0000 -0.0034
883.0000 -0.0028
884.0000 -0.0023
885.0000 -0.0019
886.0000 -0.0016
887.0000 -0.0015
888.0000 -0.0014
889.0000 -0.0014
890.0000 -0.0014
891.0000 -0.0015
892.0000 -0.0015
893.0000 -0.0016
894.0000 -0.0016
895.0000 -0.0016
896.0000 -0.0016
897.0000 -0.0016
898.0000 -0.0016
899.0000 -0.0016
900.0000 -0.0016
901.0000 -0.0016
902.0000 -0.0015
903.0000 -0.0015
904.0000 -0.0015
905.0000 -0.0014
906.0000 -0.0014
907.0000 -0.0014
908.0000 -0.0013
909.0000 -0.0013
910.0000 -0.0013
911.0000 -0.0012
912.0000 -0.0012
913.0000 -0.0012
914.0000 -0.0011
915.0000 -0.0011
916.0000 -0.0011
917.0000 -0.0011
918.0000 -0.0010
919.0000 -0.0010
920.0000 -0.0010
921.0000 -0.0010
922.0000 -0.0009
923.0000 -0.0009
924.0000 -0.0009
925.0000 -0.0009
926.0000 -0.0009
927.0000 -0.0008
928.0000 -0.0008
929.0000 -0.0008
930.0000 -0.0008
931.0000 -0.0008
932.0000 -0.0008
933.0000 -0.0007
934.0000 -0.0007
935.0000 -0.0007
936.0000 -0.0007
937.0000 -0.0007
938.0000 -0.0007
939.0000 -0.0007
940.0000 -0.0006
941.0000 -0.0006
942.0000 -0.0006
943.0000 -0.0006
944.0000 -0.0006
945.0000 -0.0006
946.0000 -0.0006
947.0000 -0.0006
948.0000 -0.0005
949.0000 -0.0005
950.0000 -0.0005
951.0000 -0.0005
952.0000 -0.0005
953.0000 -0.0005
954.0000 -0.0005
955.0000 -0.0005
956.0000 -0.0005
957.0000 -0.0005
958.0000 -0.0004
959.0000 -0.0004
960.0000 -0.0004
961.0000 -0.0004
962.0000 -0.0004
963.0000 -0.0004
964.0000 -0.0004
965.0000 -0.0004
966.0000 -0.0004
967.0000 -0.0004
968.0000 -0.0004
969.0000 -0.0003
970.0000 -0.0003
971.0000 -0.0003
972.0000 -0.0003
973.0000 -0.0003
974.0000 -0.0003
975.0000 -0.0003
976.0000 -0.0003
977.0000 -0.0003
978.0000 -0.0003
979.0000 -0.0003
980.0000 -0.0003
981.0000 -0.0003
982.0000 -0.0003
983.0000 -0.0003
984.0000 -0.0003
985.0000 -0.0002
986.0000 -0.0002
987.0000 -0.0002
988.0000 -0.0002
989.0000 -0.0002
990.0000 -0.0002
991.0000 -0.0002
992.0000 -0.0002
993.0000 -0.0002
994.0000 -0.0002
995.0000 -0.0002
996.0000 -0.0002
997.0000 -0.0002
998.0000 -0.0002
999.0000 -0.0002
1000.0000 -0.0002
1001.0000 -0.0002
1002.0000 -0.0002
1003.0000 -0.0002
1004.0000 -0.0002
1005.0000 -0.0002
1006.0000 -0.0002
1007.0000 -0.0002
1008.0000 -0.0002
1009.0000 -0.0002
1010.0000 -0.0002
1011.0000 -0.0001
1012.0000 -0.0001
1013.0000 -0.0001
1014.0000 -0.0001
1015.0000 -0.0001
1016.0000 -0.0001
1017.0000 -0.0001
1018.0000 -0.0001
1019.0000 -0.0001
1020.0000 -0.0001
1021.0000 -0.0001
1022.0000 -0.0001
1023.0000 -0.0001
1024.0000 -0.0001
1025.0000 -0.0001
1026.0000 -0.0001
1027.0000 -0.0001
1028.0000 -0.0001
1029.0000 -0.0001
1030.0000 -0.0001
1031.0000 -0.0001
1032.0000 -0.0001
1033.0000 -0.0001
1034.0000 -0.0001
1035.0000 -0.0001
1036.0000 -0.0001
1037.0000 -0.0001
1038.0000 -0.0001
1039.0000 -0.0001
1040.0000 -0.0001
1041.0000 -0.0001
1042.0000 -0.0001
1043.0000 -0.0001
1044.0000 -0.0001
1045.0000 -0.0001
1046.0000 -0.0001
1047.0000 -0.0001
1048.0000 -0.0001
1049.0000 -0.0001
1050.0000 -0.0001
1051.0000 -0.0001
1052.0000 -0.0001
1053.0000 -0.0001
1054.0000 -0.0001
1055.0000 -0.0001
1056.0000 -0.0001
1057.0000 -0.0001
1058.0000 -0.0001
1059.0000 -0.0001
1060.0000 -0.0001
1061.0000 -0.0001
1062.0000 -0.0001
1063.0000 -0.0001
1064.0000 -0.0001
1065.0000 -0.0001
1066.0000 -0.0001
1067.0000 -0.0001
1068.0000 -0.0001
1069.0000 -0.0000
1070.0000 -0.0000
1071.0000 -0.0000
1072.0000 -0.0000
1073.0000 -0.0000
1074.0000 -0.0000
1075.0000 -0.0000
1076.0000 -0.0000
1077.0000 -0.0000
1078.0000 -0.0000
1079.0000 -0.0000
1080.0000 -0.0000
1081.0000 -0.0000
1082.0000 -0.0000
1083.0000 -0.0000
1084.0000 -0.0000
1085.0000 -0.0000
1086.0000 -0.0000
1087.0000 -0.0000
1088.0000 -0.0000
1089.0000 -0.0000
1090.0000 -0.0000
1091.0000 -0.0000
1092.0000 -0.0000
1093.0000 -0.0000
1094.0000 -0.0000
1095.0000 -0.0000
1096.0000 -0.0000
1097.0000 -0.0000
1098.0000 -0.0000
1099.0000 -0.0000
1100.0000 -0.0000
