1.0000 0.0000
2.0000 0.0000
3.0000 0.0000
4.0000 0.0000
5.0000 0.0000
6.0000 0.0000
7.0000 0.0000
8.0000 0.0000
9.0000 0.0000
10.0000 1.5295
11.0000 0.7057
12.0000 0.1054
13.0000 -0.0342
14.0000 0.0292
15.0000 0.1210
16.0000 0.1824
17.0000 0.2096
18.0000 0.2117
19.0000 0.1995
20.0000 0.1807
21.0000 0.1609
22.0000 0.1434
23.0000 0.1293
24.0000 0.1185
25.0000 0.1112
26.0000 0.1069
27.0000 0.1045
28.0000 0.1033
29.0000 0.1030
30.0000 0.1033
31.0000 0.1043
32.0000 0.1050
33.0000 0.1058
34.0000 0.1066
35.0000 0.1071
36.0000 0.1080
37.0000 0.1083
38.0000 0.1087
39.0000 0.1090
40.0000 0.1093
41.0000 0.1098
42.0000 0.1099
43.0000 0.1100
44.0000 0.1100
45.0000 0.1100
46.0000 0.1101
47.0000 0.1102
48.0000 0.1104
49.0000 0.1102
50.0000 0.1102
51.0000 0.1103
52.0000 0.1104
53.0000 0.1103
54.0000 0.1106
55.0000 0.1106
56.0000 0.1107
57.0000 0.1108
58.0000 0.1110
59.0000 0.1113
60.0000 0.1116
61.0000 0.1116
62.0000 0.1115
63.0000 0.1120
64.0000 0.1122
65.0000 0.1122
66.0000 0.1124
67.0000 0.1127
68.0000 0.1128
69.0000 0.1131
70.0000 0.1133
71.0000 0.1134
72.0000 0.1135
73.0000 0.1137
74.0000 0.1141
75.0000 0.1143
76.0000 0.1142
77.0000 0.1142
78.0000 0.1142
79.0000 0.1142
80.0000 0.1142
81.0000 0.1143
82.0000 0.1139
83.0000 0.1139
84.0000 0.1137
85.0000 0.1133
86.0000 0.1130
87.0000 0.1128
88.0000 0.1126
89.0000 0.1128
90.0000 0.1128
91.0000 0.1135
92.0000 0.1147
93.0000 0.1156
94.0000 0.1161
95.0000 0.1161
96.0000 0.1160
97.0000 0.1158
98.0000 0.1157
99.0000 0.1157
100.0000 0.1158
101.0000 0.1160
102.0000 0.1162
103.0000 0.1164
104.0000 0.1166
105.0000 0.1168
106.0000 0.1169
107.0000 0.1170
108.0000 0.1171
109.0000 0.1171
110.0000 0.1172
111.0000 0.1172
112.0000 0.1172
113.0000 0.1172
114.0000 0.1171
115.0000 0.1171
116.0000 0.1171
117.0000 0.1171
118.0000 0.1171
119.0000 0.1171
120.0000 0.1170
121.0000 0.1170
122.0000 0.1170
123.0000 0.1170
124.0000 0.1170
125.0000 0.1170
126.0000 0.1169
127.0000 0.1169
128.0000 0.1169
129.0000 0.1169
130.0000 0.1169
131.0000 0.1169
132.0000 0.1169
133.0000 0.1169
134.0000 0.1169
135.0000 0.1169
136.0000 0.1168
137.0000 0.1168
138.0000 0.1168
139.0000 0.1168
140.0000 0.1168
141.0000 0.1168
142.0000 0.1168
143.0000 0.1168
144.0000 0.1168
145.0000 0.1168
146.0000 0.1168
147.0000 0.1168
148.0000 0.1168
149.0000 0.1168
150.0000 0.1168
151.0000 0.1168
152.0000 0.1168
153.0000 0.1168
154.0000 0.1168
155.0000 0.1168
156.0000 0.1168
157.0000 0.1168
158.0000 0.1168
159.0000 0.1168
160.0000 0.1169
161.0000 0.1169
162.0000 0.1169
163.0000 0.1169
164.0000 0.1169
165.0000 0.1169
166.0000 0.1169
167.0000 0.1169
168.0000 0.1169
169.0000 0.1169
170.0000 0.1169
171.0000 0.1169
172.0000 0.1169
173.0000 0.1169
174.0000 0.1169
175.0000 0.1169
176.0000 0.1169
177.0000 0.1169
178.0000 0.1169
179.0000 0.1169
180.0000 0.1169
181.0000 0.1169
182.0000 0.1169
183.0000 0.1169
184.0000 0.1169
185.0000 0.1169
186.0000 0.1169
187.0000 0.1169
188.0000 0.1169
189.0000 0.1169
190.0000 0.1169
191.0000 0.1169
192.0000 0.1169
193.0000 0.1169
194.0000 0.1169
195.0000 0.1170
196.0000 0.1170
197.0000 0.1170
198.0000 0.1170
199.0000 0.1170
200.0000 -2.9420
201.0000 -1.2945
202.0000 -0.0938
203.0000 0.1855
204.0000 0.0586
205.0000 -0.1250
206.0000 -0.2479
207.0000 -0.3023
208.0000 -0.3064
209.0000 -0.2821
210.0000 -0.2445
211.0000 -0.2048
212.0000 -0.1698
213.0000 -0.1416
214.0000 -0.1200
215.0000 -0.1054
216.0000 -0.0967
217.0000 -0.0920
218.0000 -0.0896
219.0000 -0.0890
220.0000 -0.0897
221.0000 -0.0916
222.0000 -0.0929
223.0000 -0.0946
224.0000 -0.0962
225.0000 -0.0973
226.0000 -0.0989
227.0000 -0.0996
228.0000 -0.1003
229.0000 -0.1010
230.0000 -0.1016
231.0000 -0.1027
232.0000 -0.1028
233.0000 -0.1029
234.0000 -0.1029
235.0000 -0.1031
236.0000 -0.1031
237.0000 -0.1034
238.0000 -0.1037
239.0000 -0.1033
240.0000 -0.1034
241.0000 -0.1036
242.0000 -0.1038
243.0000 -0.1035
244.0000 -0.1043
245.0000 -0.1042
246.0000 -0.1043
247.0000 -0.1046
248.0000 -0.1051
249.0000 -0.1056
250.0000 -0.1061
251.0000 -0.1062
252.0000 -0.1060
253.0000 -0.1069
254.0000 -0.1075
255.0000 -0.1074
256.0000 -0.1078
257.0000 -0.1084
258.0000 -0.1086
259.0000 -0.1092
260.0000 -0.1097
261.0000 -0.1098
262.0000 -0.1100
263.0000 -0.1103
264.0000 -0.1111
265.0000 -0.1117
266.0000 -0.1114
267.0000 -0.1115
268.0000 -0.1114
269.0000 -0.1114
270.0000 -0.1114
271.0000 -0.1115
272.0000 -0.1108
273.0000 -0.1107
274.0000 -0.1104
275.0000 -0.1096
276.0000 -0.1090
277.0000 -0.1086
278.0000 -0.1083
279.0000 -0.1085
280.0000 -0.1086
281.0000 -0.1100
282.0000 -0.1123
283.0000 -0.1142
284.0000 -0.1152
285.0000 -0.1152
286.0000 -0.1149
287.0000 -0.1145
288.0000 -0.1143
289.0000 -0.1143
290.0000 -0.1145
291.0000 -0.1149
292.0000 -0.1153
293.0000 -0.1158
294.0000 -0.1162
295.0000 -0.1165
296.0000 -0.1168
297.0000 -0.1170
298.0000 -0.1172
299.0000 -0.1173
300.0000 -0.1173
301.0000 -0.1173
302.0000 -0.1173
303.0000 -0.1173
304.0000 -0.1173
305.0000 -0.1172
306.0000 -0.1172
307.0000 -0.1172
308.0000 -0.1171
309.0000 -0.1171
310.0000 -0.1171
311.0000 -0.1170
312.0000 -0.1170
313.0000 -0.1170
314.0000 -0.1169
315.0000 -0.1169
316.0000 -0.1169
317.0000 -0.1169
318.0000 -0.1168
319.0000 -0.1168
320.0000 -0.1168
321.0000 -0.1168
322.0000 -0.1167
323.0000 -0.1167
324.0000 -0.1167
325.0000 -0.1167
326.0000 -0.1167
327.0000 -0.1167
328.0000 -0.1167
329.0000 -0.1166
330.0000 -0.1166
331.0000 -0.1166
332.0000 -0.1166
333.0000 -0.1166
334.0000 -0.1166
335.0000 -0.1166
336.0000 -0.1166
337.0000 -0.1166
338.0000 -0.1166
339.0000 -0.1166
340.0000 -0.1166
341.0000 -0.1166
342.0000 -0.1166
343.0000 -0.1166
344.0000 -0.1166
345.0000 -0.1166
346.0000 -0.1166
347.0000 -0.1167
348.0000 -0.1167
349.0000 -0.1167
350.0000 -0.1167
351.0000 -0.1167
352.0000 -0.1167
353.0000 -0.1167
354.0000 -0.1167
355.0000 -0.1167
356.0000 -0.1167
357.0000 -0.1168
358.0000 -0.1168
359.0000 -0.1168
360.0000 -0.1168
361.0000 -0.1168
362.0000 -0.1168
363.0000 -0.1168
364.0000 -0.1168
365.0000 -0.1168
366.0000 -0.1168
367.0000 -0.1168
368.0000 -0.1168
369.0000 -0.1168
370.0000 -0.1168
371.0000 -0.1168
372.0000 -0.1168
373.0000 -0.1168
374.0000 -0.1168
375.0000 -0.1168
376.0000 -0.1168
377.0000 -0.1168
378.0000 -0.1168
379.0000 -0.1168
380.0000 -0.1169
381.0000 -0.1169
382.0000 -0.1169
383.0000 -0.1169
384.0000 -0.1169
385.0000 -0.1169
386.0000 -0.1169
387.0000 -0.1169
388.0000 -0.1169
389.0000 -0.1169
390.0000 -0.1169
391.0000 -0.1169
392.0000 -0.1169
393.0000 -0.1169
394.0000 -0.1169
395.0000 -0.1169
396.0000 -0.1169
397.0000 -0.1169
398.0000 -0.1169
399.0000 -0.1169
400.0000 -0.1169
401.0000 -0.1169
402.0000 -0.1170
403.0000 -0.1170
404.0000 -0.1170
405.0000 -0.1170
406.0000 -0.1170
407.0000 -0.1170
408.0000 -0.1170
409.0000 -0.1170
410.0000 -0.1170
411.0000 -0.1170
412.0000 -0.1170
413.0000 -0.1170
414.0000 -0.1170
415.0000 -0.1170
416.0000 -0.1170
417.0000 -0.1170
418.0000 -0.1170
419.0000 -0.1170
420.0000 -0.1170
421.0000 -0.1170
422.0000 -0.1170
423.0000 -0.1170
424.0000 -0.1170
425.0000 -0.1170
426.0000 -0.1170
427.0000 -0.1170
428.0000 -0.1170
429.0000 -0.1170
430.0000 -0.1170
431.0000 -0.1170
432.0000 -0.1170
433.0000 -0.1170
434.0000 -0.1170
435.0000 -0.1170
436.0000 -0.1170
437.0000 -0.1170
438.0000 -0.1170
439.0000 -0.1170
440.0000 -0.1170
441.0000 -0.1170
442.0000 -0.1170
443.0000 -0.1170
444.0000 -0.1170
445.0000 -0.1170
446.0000 -0.1170
447.0000 -0.1170
448.0000 -0.1170
449.0000 -0.1170
450.0000 -0.1170
451.0000 -0.1170
452.0000 -0.1170
453.0000 -0.1170
454.0000 -0.1170
455.0000 -0.1170
456.0000 -0.1170
457.0000 -0.1170
458.0000 -0.1170
459.0000 -0.1170
460.0000 -0.1170
461.0000 -0.1170
462.0000 -0.1170
463.0000 -0.1170
464.0000 -0.1170
465.0000 -0.1170
466.0000 -0.1170
467.0000 -0.1170
468.0000 -0.1170
469.0000 -0.1170
470.0000 -0.1170
471.0000 -0.1170
472.0000 -0.1170
473.0000 -0.1170
474.0000 -0.1170
475.0000 -0.1170
476.0000 -0.1170
477.0000 -0.1170
478.0000 -0.1170
479.0000 -0.1170
480.0000 -0.1170
481.0000 -0.1170
482.0000 -0.1170
483.0000 -0.1170
484.0000 -0.1170
485.0000 -0.1170
486.0000 -0.1170
487.0000 -0.1170
488.0000 -0.1170
489.0000 -0.1170
490.0000 -0.1170
491.0000 -0.1170
492.0000 -0.1170
493.0000 -0.1170
494.0000 -0.1170
495.0000 -0.1170
496.0000 -0.1170
497.0000 -0.1170
498.0000 -0.1170
499.0000 -0.1170
500.0000 2.5595
501.0000 1.1180
502.0000 0.0674
503.0000 -0.1769
504.0000 -0.0659
505.0000 0.0947
506.0000 0.2023
507.0000 0.2498
508.0000 0.2535
509.0000 0.2322
510.0000 0.1993
511.0000 0.1646
512.0000 0.1339
513.0000 0.1092
514.0000 0.0904
515.0000 0.0776
516.0000 0.0700
517.0000 0.0658
518.0000 0.0637
519.0000 0.0632
520.0000 0.0638
521.0000 0.0655
522.0000 0.0667
523.0000 0.0682
524.0000 0.0695
525.0000 0.0705
526.0000 0.0719
527.0000 0.0725
528.0000 0.0731
529.0000 0.0737
530.0000 0.0743
531.0000 0.0752
532.0000 0.0753
533.0000 0.0754
534.0000 0.0754
535.0000 0.0755
536.0000 0.0756
537.0000 0.0758
538.0000 0.0761
539.0000 0.0758
540.0000 0.0758
541.0000 0.0760
542.0000 0.0762
543.0000 0.0760
544.0000 0.0766
545.0000 0.0766
546.0000 0.0766
547.0000 0.0769
548.0000 0.0773
549.0000 0.0777
550.0000 0.0782
551.0000 0.0782
552.0000 0.0781
553.0000 0.0789
554.0000 0.0794
555.0000 0.0793
556.0000 0.0797
557.0000 0.0802
558.0000 0.0804
559.0000 0.0809
560.0000 0.0813
561.0000 0.0815
562.0000 0.0816
563.0000 0.0819
564.0000 0.0826
565.0000 0.0831
566.0000 0.0828
567.0000 0.0829
568.0000 0.0828
569.0000 0.0828
570.0000 0.0828
571.0000 0.0830
572.0000 0.0823
573.0000 0.0823
574.0000 0.0820
575.0000 0.0813
576.0000 0.0807
577.0000 0.0804
578.0000 0.0801
579.0000 0.0803
580.0000 0.0804
581.0000 0.0816
582.0000 0.0836
583.0000 0.0853
584.0000 0.0861
585.0000 0.0862
586.0000 0.0859
587.0000 0.0856
588.0000 0.0854
589.0000 0.0854
590.0000 0.0856
591.0000 0.0859
592.0000 0.0863
593.0000 0.0867
594.0000 0.0870
595.0000 0.0873
596.0000 0.0876
597.0000 0.0878
598.0000 0.0879
599.0000 0.0880
600.0000 0.0880
601.0000 0.0880
602.0000 0.0880
603.0000 0.0880
604.0000 0.0880
605.0000 0.0880
606.0000 0.0879
607.0000 0.0879
608.0000 0.0879
609.0000 0.0878
610.0000 0.0878
611.0000 0.0878
612.0000 0.0877
613.0000 0.0877
614.0000 0.0877
615.0000 0.0877
616.0000 0.0876
617.0000 0.0876
618.0000 0.0876
619.0000 0.0876
620.0000 0.0876
621.0000 0.0875
622.0000 0.0875
623.0000 0.0875
624.0000 0.0875
625.0000 0.0875
626.0000 0.0875
627.0000 0.0875
628.0000 0.0874
629.0000 0.0874
630.0000 0.0874
631.0000 0.0874
632.0000 0.0874
633.0000 0.0874
634.0000 0.0874
635.0000 0.0874
636.0000 0.0874
637.0000 0.0874
638.0000 0.0874
639.0000 0.0874
640.0000 0.0874
641.0000 0.0874
642.0000 0.0874
643.0000 0.0874
644.0000 0.0874
645.0000 0.0874
646.0000 0.0874
647.0000 0.0874
648.0000 0.0875
649.0000 0.0875
650.0000 0.0875
651.0000 0.0875
652.0000 0.0875
653.0000 0.0875
654.0000 0.0875
655.0000 0.0875
656.0000 0.0875
657.0000 0.0875
658.0000 0.0875
659.0000 0.0875
660.0000 0.0875
661.0000 0.0875
662.0000 0.0875
663.0000 0.0875
664.0000 0.0875
665.0000 0.0875
666.0000 0.0876
667.0000 0.0876
668.0000 0.0876
669.0000 0.0876
670.0000 0.0876
671.0000 0.0876
672.0000 0.0876
673.0000 0.0876
674.0000 0.0876
675.0000 0.0876
676.0000 0.0876
677.0000 0.0876
678.0000 0.0876
679.0000 0.0876
680.0000 0.0876
681.0000 0.0876
682.0000 0.0876
683.0000 0.0876
684.0000 0.0876
685.0000 0.0876
686.0000 0.0877
687.0000 0.0877
688.0000 0.0877
689.0000 0.0877
690.0000 0.0877
691.0000 0.0877
692.0000 0.0877
693.0000 0.0877
694.0000 0.0877
695.0000 0.0877
696.0000 0.0877
697.0000 0.0877
698.0000 0.0877
699.0000 0.0877
700.0000 0.0877
701.0000 0.0877
702.0000 0.0877
703.0000 0.0877
704.0000 0.0877
705.0000 0.0877
706.0000 0.0877
707.0000 0.0877
708.0000 0.0877
709.0000 0.0877
710.0000 0.0877
711.0000 0.0877
712.0000 0.0877
713.0000 0.0877
714.0000 0.0877
715.0000 0.0877
716.0000 0.0877
717.0000 0.0877
718.0000 0.0877
719.0000 0.0877
720.0000 0.0877
721.0000 0.0877
722.0000 0.0877
723.0000 0.0877
724.0000 0.0877
725.0000 0.0877
726.0000 0.0877
727.0000 0.0877
728.0000 0.0877
729.0000 0.0877
730.0000 0.0877
731.0000 0.0877
732.0000 0.0877
733.0000 0.0877
734.0000 0.0877
735.0000 0.0877
736.0000 0.0877
737.0000 0.0877
738.0000 0.0877
739.0000 0.0877
740.0000 0.0877
741.0000 0.0877
742.0000 0.0877
743.0000 0.0877
744.0000 0.0877
745.0000 0.0877
746.0000 0.0877
747.0000 0.0877
748.0000 0.0877
749.0000 0.0877
750.0000 0.0877
751.0000 0.0877
752.0000 0.0877
753.0000 0.0877
754.0000 0.0877
755.0000 0.0878
756.0000 0.0878
757.0000 0.0878
758.0000 0.0878
759.0000 0.0878
760.0000 0.0878
761.0000 0.0878
762.0000 0.0878
763.0000 0.0878
764.0000 0.0878
765.0000 0.0878
766.0000 0.0878
767.0000 0.0878
768.0000 0.0878
769.0000 0.0878
770.0000 0.0878
771.0000 0.0878
772.0000 0.0878
773.0000 0.0878
774.0000 0.0878
775.0000 0.0878
776.0000 0.0878
777.0000 0.0878
778.0000 0.0878
779.0000 0.0878
780.0000 0.0878
781.0000 0.0878
782.0000 0.0878
783.0000 0.0878
784.0000 0.0878
785.0000 0.0878
786.0000 0.0878
787.0000 0.0878
788.0000 0.0878
789.0000 0.0878
790.0000 0.0878
791.0000 0.0878
792.0000 0.0878
793.0000 0.0878
794.0000 0.0878
795.0000 0.0878
796.0000 0.0878
797.0000 0.0878
798.0000 0.0878
799.0000 0.0878
800.0000 -1.0593
801.0000 -0.4415
802.0000 0.0087
803.0000 0.1134
804.0000 0.0659
805.0000 -0.0030
806.0000 -0.0491
807.0000 -0.0695
808.0000 -0.0710
809.0000 -0.0619
810.0000 -0.0478
811.0000 -0.0329
812.0000 -0.0198
813.0000 -0.0092
814.0000 -0.0011
815.0000 0.0044
816.0000 0.0076
817.0000 0.0094
818.0000 0.0103
819.0000 0.0105
820.0000 0.0103
821.0000 0.0095
822.0000 0.0090
823.0000 0.0084
824.0000 0.0078
825.0000 0.0074
826.0000 0.0068
827.0000 0.0065
828.0000 0.0063
829.0000 0.0060
830.0000 0.0058
831.0000 0.0054
832.0000 0.0054
833.0000 0.0053
834.0000 0.0053
835.0000 0.0052
836.0000 0.0052
837.0000 0.0051
838.0000 0.0050
839.0000 0.0051
840.0000 0.0051
841.0000 0.0051
842.0000 0.0050
843.0000 0.0051
844.0000 0.0048
845.0000 0.0048
846.0000 0.0048
847.0000 0.0047
848.0000 0.0045
849.0000 0.0043
850.0000 0.0041
851.0000 0.0041
852.0000 0.0041
853.0000 0.0038
854.0000 0.0036
855.0000 0.0036
856.0000 0.0034
857.0000 0.0032
858.0000 0.0032
859.0000 0.0029
860.0000 0.0028
861.0000 0.0027
862.0000 0.0026
863.0000 0.0025
864.0000 0.0022
865.0000 0.0020
866.0000 0.0021
867.0000 0.0021
868.0000 0.0021
869.0000 0.0021
870.0000 0.0021
871.0000 0.0021
872.0000 0.0023
873.0000 0.0024
874.0000 0.0025
875.0000 0.0028
876.0000 0.0030
877.0000 0.0032
878.0000 0.0033
879.0000 0.0032
880.0000 0.0032
881.0000 0.0026
882.0000 0.0018
883.0000 0.0010
884.0000 0.0007
885.0000 0.0007
886.0000 0.0008
887.0000 0.0009
888.0000 0.0010
889.0000 0.0010
890.0000 0.0009
891.0000 0.0008
892.0000 0.0006
893.0000 0.0005
894.0000 0.0003
895.0000 0.0002
896.0000 0.0001
897.0000 0.0000
898.0000 -0.0001
899.0000 -0.0001
900.0000 -0.0001
901.0000 -0.0001
902.0000 -0.0001
903.0000 -0.0001
904.0000 -0.0001
905.0000 -0.0001
906.0000 -0.0001
907.0000 -0.0001
908.0000 -0.0000
909.0000 -0.0000
910.0000 -0.0000
911.0000 -0.0000
912.0000 0.0000
913.0000 0.0000
914.0000 0.0000
915.0000 0.0000
916.0000 0.0001
917.0000 0.0001
918.0000 0.0001
919.0000 0.0001
920.0000 0.0001
921.0000 0.0001
922.0000 0.0001
923.0000 0.0001
924.0000 0.0001
925.0000 0.0001
926.0000 0.0001
927.0000 0.0001
928.0000 0.0001
929.0000 0.0001
930.0000 0.0001
931.0000 0.0001
932.0000 0.0001
933.0000 0.0002
934.0000 0.0002
935.0000 0.0002
936.0000 0.0002
937.0000 0.0002
938.0000 0.0002
939.0000 0.0002
940.0000 0.0002
941.0000 0.0002
942.0000 0.0001
943.0000 0.0001
944.0000 0.0001
945.0000 0.0001
946.0000 0.0001
947.0000 0.0001
948.0000 0.0001
949.0000 0.0001
950.0000 0.0001
951.0000 0.0001
952.0000 0.0001
953.0000 0.0001
954.0000 0.0001
955.0000 0.0001
956.0000 0.0001
957.0000 0.0001
958.0000 0.0001
959.0000 0.0001
960.0000 0.0001
961.0000 0.0001
962.0000 0.0001
963.0000 0.0001
964.0000 0.0001
965.0000 0.0001
966.0000 0.0001
967.0000 0.0001
968.0000 0.0001
969.0000 0.0001
970.0000 0.0001
971.0000 0.0001
972.0000 0.0001
973.0000 0.0001
974.0000 0.0001
975.0000 0.0001
976.0000 0.0001
977.0000 0.0001
978.0000 0.0001
979.0000 0.0001
980.0000 0.0001
981.0000 0.0001
982.0000 0.0001
983.0000 0.0001
984.0000 0.0001
985.0000 0.0001
986.0000 0.0000
987.0000 0.0000
988.0000 0.0000
989.0000 0.0000
990.0000 0.0000
991.0000 0.0000
992.0000 0.0000
993.0000 0.0000
994.0000 0.0000
995.0000 0.0000
996.0000 0.0000
997.0000 0.0000
998.0000 0.0000
999.0000 0.0000
1000.0000 0.0000
1001.0000 0.0000
1002.0000 0.0000
1003.0000 0.0000
1004.0000 0.0000
1005.0000 0.0000
1006.0000 0.0000
1007.0000 0.0000
1008.0000 0.0000
1009.0000 0.0000
1010.0000 0.0000
1011.0000 0.0000
1012.0000 0.0000
1013.0000 0.0000
1014.0000 0.0000
1015.0000 0.0000
1016.0000 0.0000
1017.0000 0.0000
1018.0000 0.0000
1019.0000 0.0000
1020.0000 0.0000
1021.0000 0.0000
1022.0000 0.0000
1023.0000 0.0000
1024.0000 0.0000
1025.0000 0.0000
1026.0000 0.0000
1027.0000 0.0000
1028.0000 0.0000
1029.0000 0.0000
1030.0000 0.0000
1031.0000 0.0000
1032.0000 0.0000
1033.0000 0.0000
1034.0000 0.0000
1035.0000 0.0000
1036.0000 0.0000
1037.0000 0.0000
1038.0000 0.0000
1039.0000 0.0000
1040.0000 0.0000
1041.0000 0.0000
1042.0000 0.0000
1043.0000 0.0000
1044.0000 0.0000
1045.0000 0.0000
1046.0000 0.0000
1047.0000 0.0000
1048.0000 0.0000
1049.0000 0.0000
1050.0000 0.0000
1051.0000 0.0000
1052.0000 0.0000
1053.0000 0.0000
1054.0000 0.0000
1055.0000 0.0000
1056.0000 0.0000
1057.0000 0.0000
1058.0000 0.0000
1059.0000 0.0000
1060.0000 0.0000
1061.0000 0.0000
1062.0000 0.0000
1063.0000 0.0000
1064.0000 0.0000
1065.0000 0.0000
1066.0000 0.0000
1067.0000 0.0000
1068.0000 0.0000
1069.0000 0.0000
1070.0000 0.0000
1071.0000 0.0000
1072.0000 0.0000
1073.0000 0.0000
1074.0000 0.0000
1075.0000 0.0000
1076.0000 0.0000
1077.0000 0.0000
1078.0000 0.0000
1079.0000 0.0000
1080.0000 0.0000
1081.0000 0.0000
1082.0000 0.0000
1083.0000 0.0000
1084.0000 0.0000
1085.0000 0.0000
1086.0000 0.0000
1087.0000 0.0000
1088.0000 0.0000
1089.0000 0.0000
1090.0000 0.0000
1091.0000 0.0000
1092.0000 0.0000
1093.0000 0.0000
1094.0000 0.0000
1095.0000 0.0000
1096.0000 0.0000
1097.0000 0.0000
1098.0000 0.0000
1099.0000 0.0000
1100.0000 0.0000
