1.0000 0.0000
2.0000 0.0000
3.0000 0.0000
4.0000 0.0000
5.0000 0.0000
6.0000 0.0000
7.0000 0.0000
8.0000 0.0000
9.0000 0.0000
10.0000 1.4688
11.0000 1.9232
12.0000 1.8872
13.0000 1.6606
14.0000 1.3932
15.0000 1.1514
16.0000 0.9595
17.0000 0.8215
18.0000 0.7322
19.0000 0.6822
20.0000 0.6612
21.0000 0.6596
22.0000 0.6694
23.0000 0.6846
24.0000 0.7009
25.0000 0.7159
26.0000 0.7284
27.0000 0.7380
28.0000 0.7446
29.0000 0.7487
30.0000 0.7509
31.0000 0.7517
32.0000 0.7515
33.0000 0.7506
34.0000 0.7494
35.0000 0.7480
36.0000 0.7467
37.0000 0.7453
38.0000 0.7441
39.0000 0.7430
40.0000 0.7420
41.0000 0.7411
42.0000 0.7404
43.0000 0.7398
44.0000 0.7392
45.0000 0.7387
46.0000 0.7383
47.0000 0.7380
48.0000 0.7378
49.0000 0.7376
50.0000 0.7374
51.0000 0.7372
52.0000 0.7370
53.0000 0.7368
54.0000 0.7366
55.0000 0.7363
56.0000 0.7360
57.0000 0.7358
58.0000 0.7356
59.0000 0.7352
60.0000 0.7349
61.0000 0.7347
62.0000 0.7344
63.0000 0.7340
64.0000 0.7338
65.0000 0.7335
66.0000 0.7333
67.0000 0.7331
68.0000 0.7329
69.0000 0.7326
70.0000 0.7324
71.0000 0.7321
72.0000 0.7319
73.0000 0.7317
74.0000 0.7315
75.0000 0.7314
76.0000 0.7313
77.0000 0.7312
78.0000 0.7312
79.0000 0.7311
80.0000 0.7310
81.0000 0.7309
82.0000 0.7309
83.0000 0.7309
84.0000 0.7309
85.0000 0.7310
86.0000 0.7311
87.0000 0.7314
88.0000 0.7318
89.0000 0.7324
90.0000 0.7330
91.0000 0.7328
92.0000 0.7319
93.0000 0.7311
94.0000 0.7305
95.0000 0.7302
96.0000 0.7303
97.0000 0.7305
98.0000 0.7309
99.0000 0.7312
100.0000 0.7316
101.0000 0.7318
102.0000 0.7320
103.0000 0.7322
104.0000 0.7323
105.0000 0.7323
106.0000 0.7324
107.0000 0.7324
108.0000 0.7324
109.0000 0.7324
110.0000 0.7325
111.0000 0.7325
112.0000 0.7326
113.0000 0.7326
114.0000 0.7327
115.0000 0.7327
116.0000 0.7328
117.0000 0.7328
118.0000 0.7328
119.0000 0.7329
120.0000 0.7329
121.0000 0.7330
122.0000 0.7330
123.0000 0.7330
124.0000 0.7330
125.0000 0.7330
126.0000 0.7331
127.0000 0.7331
128.0000 0.7331
129.0000 0.7331
130.0000 0.7331
131.0000 0.7331
132.0000 0.7331
133.0000 0.7331
134.0000 0.7331
135.0000 0.7331
136.0000 0.7331
137.0000 0.7331
138.0000 0.7331
139.0000 0.7331
140.0000 0.7331
141.0000 0.7331
142.0000 0.7331
143.0000 0.7331
144.0000 0.7331
145.0000 0.7331
146.0000 0.7331
147.0000 0.7331
148.0000 0.7330
149.0000 0.7330
150.0000 0.7330
151.0000 0.7330
152.0000 0.7330
153.0000 0.7330
154.0000 0.7330
155.0000 0.7330
156.0000 0.7330
157.0000 0.7330
158.0000 0.7330
159.0000 0.7330
160.0000 0.7330
161.0000 0.7330
162.0000 0.7330
163.0000 0.7330
164.0000 0.7330
165.0000 0.7330
166.0000 0.7330
167.0000 0.7330
168.0000 0.7330
169.0000 0.7330
170.0000 0.7330
171.0000 0.7330
172.0000 0.7330
173.0000 0.7330
174.0000 0.7330
175.0000 0.7330
176.0000 0.7330
177.0000 0.7330
178.0000 0.7330
179.0000 0.7330
180.0000 0.7330
181.0000 0.7330
182.0000 0.7330
183.0000 0.7330
184.0000 0.7330
185.0000 0.7330
186.0000 0.7330
187.0000 0.7330
188.0000 0.7330
189.0000 0.7330
190.0000 0.7330
191.0000 0.7330
192.0000 0.7330
193.0000 0.7330
194.0000 0.7330
195.0000 0.7330
196.0000 0.7330
197.0000 0.7330
198.0000 0.7330
199.0000 0.7330
200.0000 -2.2046
201.0000 -3.1135
202.0000 -3.0415
203.0000 -2.5882
204.0000 -2.0534
205.0000 -1.5699
206.0000 -1.1861
207.0000 -0.9101
208.0000 -0.7315
209.0000 -0.6315
210.0000 -0.5895
211.0000 -0.5863
212.0000 -0.6059
213.0000 -0.6362
214.0000 -0.6688
215.0000 -0.6988
216.0000 -0.7239
217.0000 -0.7430
218.0000 -0.7563
219.0000 -0.7645
220.0000 -0.7689
221.0000 -0.7705
222.0000 -0.7700
223.0000 -0.7683
224.0000 -0.7658
225.0000 -0.7631
226.0000 -0.7604
227.0000 -0.7577
228.0000 -0.7552
229.0000 -0.7530
230.0000 -0.7510
231.0000 -0.7492
232.0000 -0.7478
233.0000 -0.7465
234.0000 -0.7454
235.0000 -0.7445
236.0000 -0.7437
237.0000 -0.7431
238.0000 -0.7426
239.0000 -0.7421
240.0000 -0.7418
241.0000 -0.7414
242.0000 -0.7411
243.0000 -0.7406
244.0000 -0.7402
245.0000 -0.7396
246.0000 -0.7390
247.0000 -0.7386
248.0000 -0.7382
249.0000 -0.7375
250.0000 -0.7369
251.0000 -0.7364
252.0000 -0.7358
253.0000 -0.7351
254.0000 -0.7345
255.0000 -0.7340
256.0000 -0.7336
257.0000 -0.7332
258.0000 -0.7328
259.0000 -0.7323
260.0000 -0.7319
261.0000 -0.7313
262.0000 -0.7308
263.0000 -0.7304
264.0000 -0.7301
265.0000 -0.7298
266.0000 -0.7296
267.0000 -0.7295
268.0000 -0.7293
269.0000 -0.7292
270.0000 -0.7290
271.0000 -0.7289
272.0000 -0.7288
273.0000 -0.7287
274.0000 -0.7288
275.0000 -0.7290
276.0000 -0.7292
277.0000 -0.7298
278.0000 -0.7307
279.0000 -0.7318
280.0000 -0.7331
281.0000 -0.7326
282.0000 -0.7309
283.0000 -0.7292
284.0000 -0.7280
285.0000 -0.7275
286.0000 -0.7276
287.0000 -0.7281
288.0000 -0.7288
289.0000 -0.7295
290.0000 -0.7302
291.0000 -0.7307
292.0000 -0.7311
293.0000 -0.7314
294.0000 -0.7315
295.0000 -0.7317
296.0000 -0.7317
297.0000 -0.7318
298.0000 -0.7318
299.0000 -0.7319
300.0000 -0.7320
301.0000 -0.7321
302.0000 -0.7321
303.0000 -0.7322
304.0000 -0.7323
305.0000 -0.7324
306.0000 -0.7325
307.0000 -0.7326
308.0000 -0.7327
309.0000 -0.7328
310.0000 -0.7329
311.0000 -0.7329
312.0000 -0.7330
313.0000 -0.7330
314.0000 -0.7331
315.0000 -0.7331
316.0000 -0.7331
317.0000 -0.7332
318.0000 -0.7332
319.0000 -0.7332
320.0000 -0.7332
321.0000 -0.7332
322.0000 -0.7332
323.0000 -0.7332
324.0000 -0.7332
325.0000 -0.7332
326.0000 -0.7332
327.0000 -0.7332
328.0000 -0.7332
329.0000 -0.7332
330.0000 -0.7332
331.0000 -0.7332
332.0000 -0.7332
333.0000 -0.7332
334.0000 -0.7331
335.0000 -0.7331
336.0000 -0.7331
337.0000 -0.7331
338.0000 -0.7331
339.0000 -0.7331
340.0000 -0.7331
341.0000 -0.7331
342.0000 -0.7331
343.0000 -0.7331
344.0000 -0.7331
345.0000 -0.7331
346.0000 -0.7331
347.0000 -0.7331
348.0000 -0.7331
349.0000 -0.7331
350.0000 -0.7331
351.0000 -0.7330
352.0000 -0.7330
353.0000 -0.7330
354.0000 -0.7330
355.0000 -0.7330
356.0000 -0.7330
357.0000 -0.7330
358.0000 -0.7330
359.0000 -0.7330
360.0000 -0.7330
361.0000 -0.7330
362.0000 -0.7330
363.0000 -0.7330
364.0000 -0.7330
365.0000 -0.7330
366.0000 -0.7330
367.0000 -0.7330
368.0000 -0.7330
369.0000 -0.7330
370.0000 -0.7330
371.0000 -0.7330
372.0000 -0.7330
373.0000 -0.7329
374.0000 -0.7329
375.0000 -0.7329
376.0000 -0.7329
377.0000 -0.7329
378.0000 -0.7329
379.0000 -0.7329
380.0000 -0.7329
381.0000 -0.7329
382.0000 -0.7329
383.0000 -0.7329
384.0000 -0.7329
385.0000 -0.7329
386.0000 -0.7329
387.0000 -0.7329
388.0000 -0.7329
389.0000 -0.7329
390.0000 -0.7329
391.0000 -0.7329
392.0000 -0.7329
393.0000 -0.7329
394.0000 -0.7329
395.0000 -0.7329
396.0000 -0.7329
397.0000 -0.7329
398.0000 -0.7329
399.0000 -0.7329
400.0000 -0.7329
401.0000 -0.7329
402.0000 -0.7329
403.0000 -0.7329
404.0000 -0.7329
405.0000 -0.7329
406.0000 -0.7329
407.0000 -0.7329
408.0000 -0.7329
409.0000 -0.7329
410.0000 -0.7329
411.0000 -0.7330
412.0000 -0.7330
413.0000 -0.7330
414.0000 -0.7330
415.0000 -0.7330
416.0000 -0.7330
417.0000 -0.7330
418.0000 -0.7330
419.0000 -0.7330
420.0000 -0.7330
421.0000 -0.7330
422.0000 -0.7330
423.0000 -0.7330
424.0000 -0.7330
425.0000 -0.7330
426.0000 -0.7330
427.0000 -0.7330
428.0000 -0.7330
429.0000 -0.7330
430.0000 -0.7330
431.0000 -0.7330
432.0000 -0.7330
433.0000 -0.7330
434.0000 -0.7330
435.0000 -0.7330
436.0000 -0.7330
437.0000 -0.7330
438.0000 -0.7330
439.0000 -0.7330
440.0000 -0.7330
441.0000 -0.7330
442.0000 -0.7330
443.0000 -0.7330
444.0000 -0.7330
445.0000 -0.7330
446.0000 -0.7330
447.0000 -0.7330
448.0000 -0.7330
449.0000 -0.7330
450.0000 -0.7330
451.0000 -0.7330
452.0000 -0.7330
453.0000 -0.7330
454.0000 -0.7330
455.0000 -0.7330
456.0000 -0.7330
457.0000 -0.7330
458.0000 -0.7330
459.0000 -0.7330
460.0000 -0.7330
461.0000 -0.7330
462.0000 -0.7330
463.0000 -0.7330
464.0000 -0.7330
465.0000 -0.7330
466.0000 -0.7330
467.0000 -0.7330
468.0000 -0.7330
469.0000 -0.7330
470.0000 -0.7330
471.0000 -0.7330
472.0000 -0.7330
473.0000 -0.7330
474.0000 -0.7330
475.0000 -0.7330
476.0000 -0.7330
477.0000 -0.7330
478.0000 -0.7330
479.0000 -0.7330
480.0000 -0.7330
481.0000 -0.7330
482.0000 -0.7330
483.0000 -0.7330
484.0000 -0.7330
485.0000 -0.7330
486.0000 -0.7330
487.0000 -0.7330
488.0000 -0.7330
489.0000 -0.7330
490.0000 -0.7330
491.0000 -0.7330
492.0000 -0.7330
493.0000 -0.7330
494.0000 -0.7330
495.0000 -0.7330
496.0000 -0.7330
497.0000 -0.7330
498.0000 -0.7330
499.0000 -0.7330
500.0000 1.8374
501.0000 2.6327
502.0000 2.5696
503.0000 2.1730
504.0000 1.7051
505.0000 1.2820
506.0000 0.9462
507.0000 0.7047
508.0000 0.5484
509.0000 0.4609
510.0000 0.4242
511.0000 0.4214
512.0000 0.4385
513.0000 0.4650
514.0000 0.4936
515.0000 0.5199
516.0000 0.5418
517.0000 0.5585
518.0000 0.5702
519.0000 0.5773
520.0000 0.5812
521.0000 0.5825
522.0000 0.5821
523.0000 0.5806
524.0000 0.5785
525.0000 0.5761
526.0000 0.5737
527.0000 0.5714
528.0000 0.5692
529.0000 0.5673
530.0000 0.5655
531.0000 0.5639
532.0000 0.5627
533.0000 0.5616
534.0000 0.5606
535.0000 0.5598
536.0000 0.5591
537.0000 0.5586
538.0000 0.5581
539.0000 0.5578
540.0000 0.5574
541.0000 0.5571
542.0000 0.5569
543.0000 0.5564
544.0000 0.5560
545.0000 0.5555
546.0000 0.5550
547.0000 0.5547
548.0000 0.5543
549.0000 0.5537
550.0000 0.5532
551.0000 0.5527
552.0000 0.5522
553.0000 0.5516
554.0000 0.5511
555.0000 0.5507
556.0000 0.5503
557.0000 0.5499
558.0000 0.5496
559.0000 0.5492
560.0000 0.5488
561.0000 0.5483
562.0000 0.5479
563.0000 0.5475
564.0000 0.5472
565.0000 0.5470
566.0000 0.5468
567.0000 0.5467
568.0000 0.5466
569.0000 0.5464
570.0000 0.5462
571.0000 0.5462
572.0000 0.5461
573.0000 0.5460
574.0000 0.5461
575.0000 0.5462
576.0000 0.5464
577.0000 0.5470
578.0000 0.5477
579.0000 0.5487
580.0000 0.5499
581.0000 0.5494
582.0000 0.5479
583.0000 0.5464
584.0000 0.5454
585.0000 0.5449
586.0000 0.5450
587.0000 0.5455
588.0000 0.5461
589.0000 0.5467
590.0000 0.5473
591.0000 0.5477
592.0000 0.5481
593.0000 0.5483
594.0000 0.5485
595.0000 0.5486
596.0000 0.5487
597.0000 0.5487
598.0000 0.5487
599.0000 0.5488
600.0000 0.5489
601.0000 0.5489
602.0000 0.5490
603.0000 0.5491
604.0000 0.5492
605.0000 0.5493
606.0000 0.5494
607.0000 0.5494
608.0000 0.5495
609.0000 0.5496
610.0000 0.5496
611.0000 0.5497
612.0000 0.5497
613.0000 0.5498
614.0000 0.5498
615.0000 0.5498
616.0000 0.5499
617.0000 0.5499
618.0000 0.5499
619.0000 0.5499
620.0000 0.5499
621.0000 0.5499
622.0000 0.5499
623.0000 0.5499
624.0000 0.5499
625.0000 0.5499
626.0000 0.5499
627.0000 0.5499
628.0000 0.5499
629.0000 0.5499
630.0000 0.5499
631.0000 0.5499
632.0000 0.5499
633.0000 0.5499
634.0000 0.5499
635.0000 0.5499
636.0000 0.5499
637.0000 0.5499
638.0000 0.5499
639.0000 0.5499
640.0000 0.5499
641.0000 0.5498
642.0000 0.5498
643.0000 0.5498
644.0000 0.5498
645.0000 0.5498
646.0000 0.5498
647.0000 0.5498
648.0000 0.5498
649.0000 0.5498
650.0000 0.5498
651.0000 0.5498
652.0000 0.5498
653.0000 0.5498
654.0000 0.5498
655.0000 0.5498
656.0000 0.5498
657.0000 0.5498
658.0000 0.5498
659.0000 0.5497
660.0000 0.5497
661.0000 0.5497
662.0000 0.5497
663.0000 0.5497
664.0000 0.5497
665.0000 0.5497
666.0000 0.5497
667.0000 0.5497
668.0000 0.5497
669.0000 0.5497
670.0000 0.5497
671.0000 0.5497
672.0000 0.5497
673.0000 0.5497
674.0000 0.5497
675.0000 0.5497
676.0000 0.5497
677.0000 0.5497
678.0000 0.5497
679.0000 0.5497
680.0000 0.5497
681.0000 0.5497
682.0000 0.5497
683.0000 0.5497
684.0000 0.5497
685.0000 0.5497
686.0000 0.5497
687.0000 0.5497
688.0000 0.5497
689.0000 0.5497
690.0000 0.5497
691.0000 0.5497
692.0000 0.5497
693.0000 0.5497
694.0000 0.5497
695.0000 0.5497
696.0000 0.5497
697.0000 0.5497
698.0000 0.5497
699.0000 0.5497
700.0000 0.5497
701.0000 0.5497
702.0000 0.5497
703.0000 0.5497
704.0000 0.5497
705.0000 0.5497
706.0000 0.5497
707.0000 0.5497
708.0000 0.5497
709.0000 0.5497
710.0000 0.5497
711.0000 0.5497
712.0000 0.5497
713.0000 0.5497
714.0000 0.5497
715.0000 0.5497
716.0000 0.5497
717.0000 0.5497
718.0000 0.5497
719.0000 0.5497
720.0000 0.5497
721.0000 0.5497
722.0000 0.5497
723.0000 0.5497
724.0000 0.5497
725.0000 0.5497
726.0000 0.5497
727.0000 0.5497
728.0000 0.5497
729.0000 0.5497
730.0000 0.5497
731.0000 0.5497
732.0000 0.5497
733.0000 0.5497
734.0000 0.5497
735.0000 0.5497
736.0000 0.5497
737.0000 0.5497
738.0000 0.5497
739.0000 0.5497
740.0000 0.5497
741.0000 0.5497
742.0000 0.5497
743.0000 0.5497
744.0000 0.5497
745.0000 0.5497
746.0000 0.5497
747.0000 0.5497
748.0000 0.5497
749.0000 0.5497
750.0000 0.5497
751.0000 0.5497
752.0000 0.5497
753.0000 0.5497
754.0000 0.5497
755.0000 0.5497
756.0000 0.5497
757.0000 0.5497
758.0000 0.5497
759.0000 0.5497
760.0000 0.5497
761.0000 0.5497
762.0000 0.5497
763.0000 0.5497
764.0000 0.5497
765.0000 0.5497
766.0000 0.5497
767.0000 0.5497
768.0000 0.5497
769.0000 0.5497
770.0000 0.5497
771.0000 0.5497
772.0000 0.5497
773.0000 0.5497
774.0000 0.5497
775.0000 0.5497
776.0000 0.5497
777.0000 0.5497
778.0000 0.5497
779.0000 0.5497
780.0000 0.5497
781.0000 0.5497
782.0000 0.5497
783.0000 0.5497
784.0000 0.5497
785.0000 0.5497
786.0000 0.5497
787.0000 0.5497
788.0000 0.5497
789.0000 0.5497
790.0000 0.5497
791.0000 0.5497
792.0000 0.5497
793.0000 0.5497
794.0000 0.5497
795.0000 0.5497
796.0000 0.5497
797.0000 0.5497
798.0000 0.5497
799.0000 0.5497
800.0000 -0.5518
801.0000 -0.8927
802.0000 -0.8657
803.0000 -0.6957
804.0000 -0.4952
805.0000 -0.3139
806.0000 -0.1699
807.0000 -0.0664
808.0000 0.0006
809.0000 0.0381
810.0000 0.0538
811.0000 0.0550
812.0000 0.0477
813.0000 0.0363
814.0000 0.0241
815.0000 0.0128
816.0000 0.0034
817.0000 -0.0038
818.0000 -0.0088
819.0000 -0.0118
820.0000 -0.0135
821.0000 -0.0141
822.0000 -0.0139
823.0000 -0.0132
824.0000 -0.0123
825.0000 -0.0113
826.0000 -0.0103
827.0000 -0.0093
828.0000 -0.0083
829.0000 -0.0075
830.0000 -0.0068
831.0000 -0.0061
832.0000 -0.0056
833.0000 -0.0051
834.0000 -0.0047
835.0000 -0.0043
836.0000 -0.0040
837.0000 -0.0038
838.0000 -0.0036
839.0000 -0.0034
840.0000 -0.0033
841.0000 -0.0032
842.0000 -0.0031
843.0000 -0.0029
844.0000 -0.0027
845.0000 -0.0025
846.0000 -0.0023
847.0000 -0.0021
848.0000 -0.0019
849.0000 -0.0017
850.0000 -0.0015
851.0000 -0.0013
852.0000 -0.0010
853.0000 -0.0008
854.0000 -0.0006
855.0000 -0.0004
856.0000 -0.0002
857.0000 -0.0001
858.0000 0.0001
859.0000 0.0002
860.0000 0.0004
861.0000 0.0006
862.0000 0.0008
863.0000 0.0010
864.0000 0.0011
865.0000 0.0012
866.0000 0.0013
867.0000 0.0013
868.0000 0.0014
869.0000 0.0014
870.0000 0.0015
871.0000 0.0015
872.0000 0.0016
873.0000 0.0016
874.0000 0.0016
875.0000 0.0015
876.0000 0.0014
877.0000 0.0012
878.0000 0.0009
879.0000 0.0004
880.0000 -0.0001
881.0000 0.0001
882.0000 0.0008
883.0000 0.0014
884.0000 0.0019
885.0000 0.0021
886.0000 0.0020
887.0000 0.0018
888.0000 0.0016
889.0000 0.0013
890.0000 0.0011
891.0000 0.0009
892.0000 0.0007
893.0000 0.0006
894.0000 0.0005
895.0000 0.0005
896.0000 0.0005
897.0000 0.0004
898.0000 0.0004
899.0000 0.0004
900.0000 0.0004
901.0000 0.0003
902.0000 0.0003
903.0000 0.0003
904.0000 0.0002
905.0000 0.0002
906.0000 0.0002
907.0000 0.0001
908.0000 0.0001
909.0000 0.0001
910.0000 0.0000
911.0000 0.0000
912.0000 -0.0000
913.0000 -0.0000
914.0000 -0.0000
915.0000 -0.0001
916.0000 -0.0001
917.0000 -0.0001
918.0000 -0.0001
919.0000 -0.0001
920.0000 -0.0001
921.0000 -0.0001
922.0000 -0.0001
923.0000 -0.0001
924.0000 -0.0001
925.0000 -0.0001
926.0000 -0.0001
927.0000 -0.0001
928.0000 -0.0001
929.0000 -0.0001
930.0000 -0.0001
931.0000 -0.0001
932.0000 -0.0001
933.0000 -0.0001
934.0000 -0.0001
935.0000 -0.0001
936.0000 -0.0001
937.0000 -0.0001
938.0000 -0.0001
939.0000 -0.0001
940.0000 -0.0001
941.0000 -0.0001
942.0000 -0.0000
943.0000 -0.0000
944.0000 -0.0000
945.0000 -0.0000
946.0000 -0.0000
947.0000 -0.0000
948.0000 -0.0000
949.0000 -0.0000
950.0000 -0.0000
951.0000 -0.0000
952.0000 -0.0000
953.0000 -0.0000
954.0000 -0.0000
955.0000 -0.0000
956.0000 -0.0000
957.0000 -0.0000
958.0000 -0.0000
959.0000 -0.0000
960.0000 -0.0000
961.0000 -0.0000
962.0000 -0.0000
963.0000 -0.0000
964.0000 -0.0000
965.0000 -0.0000
966.0000 0.0000
967.0000 0.0000
968.0000 0.0000
969.0000 0.0000
970.0000 0.0000
971.0000 0.0000
972.0000 0.0000
973.0000 0.0000
974.0000 0.0000
975.0000 0.0000
976.0000 0.0000
977.0000 0.0000
978.0000 0.0000
979.0000 0.0000
980.0000 0.0000
981.0000 0.0000
982.0000 0.0000
983.0000 0.0000
984.0000 0.0000
985.0000 0.0000
986.0000 0.0000
987.0000 0.0000
988.0000 0.0000
989.0000 0.0000
990.0000 0.0000
991.0000 0.0000
992.0000 0.0000
993.0000 0.0000
994.0000 0.0000
995.0000 0.0000
996.0000 0.0000
997.0000 0.0000
998.0000 0.0000
999.0000 0.0000
1000.0000 0.0000
1001.0000 0.0000
1002.0000 0.0000
1003.0000 0.0000
1004.0000 0.0000
1005.0000 0.0000
1006.0000 0.0000
1007.0000 0.0000
1008.0000 0.0000
1009.0000 0.0000
1010.0000 0.0000
1011.0000 0.0000
1012.0000 0.0000
1013.0000 0.0000
1014.0000 0.0000
1015.0000 0.0000
1016.0000 0.0000
1017.0000 0.0000
1018.0000 0.0000
1019.0000 0.0000
1020.0000 0.0000
1021.0000 0.0000
1022.0000 0.0000
1023.0000 0.0000
1024.0000 0.0000
1025.0000 0.0000
1026.0000 0.0000
1027.0000 0.0000
1028.0000 0.0000
1029.0000 0.0000
1030.0000 0.0000
1031.0000 0.0000
1032.0000 0.0000
1033.0000 0.0000
1034.0000 0.0000
1035.0000 0.0000
1036.0000 0.0000
1037.0000 0.0000
1038.0000 0.0000
1039.0000 0.0000
1040.0000 0.0000
1041.0000 0.0000
1042.0000 0.0000
1043.0000 0.0000
1044.0000 0.0000
1045.0000 0.0000
1046.0000 0.0000
1047.0000 0.0000
1048.0000 0.0000
1049.0000 0.0000
1050.0000 0.0000
1051.0000 0.0000
1052.0000 0.0000
1053.0000 0.0000
1054.0000 0.0000
1055.0000 0.0000
1056.0000 0.0000
1057.0000 0.0000
1058.0000 0.0000
1059.0000 0.0000
1060.0000 0.0000
1061.0000 0.0000
1062.0000 0.0000
1063.0000 0.0000
1064.0000 0.0000
1065.0000 0.0000
1066.0000 0.0000
1067.0000 0.0000
1068.0000 0.0000
1069.0000 0.0000
1070.0000 0.0000
1071.0000 0.0000
1072.0000 0.0000
1073.0000 0.0000
1074.0000 0.0000
1075.0000 0.0000
1076.0000 0.0000
1077.0000 0.0000
1078.0000 0.0000
1079.0000 0.0000
1080.0000 0.0000
1081.0000 0.0000
1082.0000 0.0000
1083.0000 0.0000
1084.0000 0.0000
1085.0000 0.0000
1086.0000 0.0000
1087.0000 0.0000
1088.0000 0.0000
1089.0000 0.0000
1090.0000 0.0000
1091.0000 0.0000
1092.0000 0.0000
1093.0000 0.0000
1094.0000 0.0000
1095.0000 0.0000
1096.0000 0.0000
1097.0000 0.0000
1098.0000 0.0000
1099.0000 0.0000
1100.0000 0.0000
