1.0000 0.0000
2.0000 0.0000
3.0000 0.0000
4.0000 0.0000
5.0000 0.0000
6.0000 0.0000
7.0000 0.0000
8.0000 0.0000
9.0000 0.0000
10.0000 0.0000
11.0000 0.3818
12.0000 0.8058
13.0000 1.1574
14.0000 1.4190
15.0000 1.6048
16.0000 1.7340
17.0000 1.8229
18.0000 1.8833
19.0000 1.9238
20.0000 1.9505
21.0000 1.9676
22.0000 1.9783
23.0000 1.9848
24.0000 1.9886
25.0000 1.9907
26.0000 1.9918
27.0000 1.9923
28.0000 1.9925
29.0000 1.9926
30.0000 1.9927
31.0000 1.9927
32.0000 1.9929
33.0000 1.9930
34.0000 1.9932
35.0000 1.9935
36.0000 1.9938
37.0000 1.9941
38.0000 1.9944
39.0000 1.9948
40.0000 1.9951
41.0000 1.9954
42.0000 1.9957
43.0000 1.9961
44.0000 1.9964
45.0000 1.9966
46.0000 1.9969
47.0000 1.9971
48.0000 1.9974
49.0000 1.9976
50.0000 1.9978
51.0000 1.9979
52.0000 1.9981
53.0000 1.9982
54.0000 1.9984
55.0000 1.9985
56.0000 1.9985
57.0000 1.9986
58.0000 1.9987
59.0000 1.9987
60.0000 1.9988
61.0000 1.9988
62.0000 1.9988
63.0000 1.9988
64.0000 1.9988
65.0000 1.9989
66.0000 1.9989
67.0000 1.9989
68.0000 1.9989
69.0000 1.9990
70.0000 1.9990
71.0000 1.9991
72.0000 1.9991
73.0000 1.9992
74.0000 1.9993
75.0000 1.9994
76.0000 1.9995
77.0000 1.9996
78.0000 1.9997
79.0000 1.9999
80.0000 2.0000
81.0000 2.0002
82.0000 2.0004
83.0000 2.0007
84.0000 2.0009
85.0000 2.0012
86.0000 2.0015
87.0000 2.0019
88.0000 2.0022
89.0000 2.0027
90.0000 2.0031
91.0000 2.0037
92.0000 2.0040
93.0000 2.0040
94.0000 2.0039
95.0000 2.0035
96.0000 2.0032
97.0000 2.0028
98.0000 2.0025
99.0000 2.0022
100.0000 2.0019
101.0000 2.0017
102.0000 2.0015
103.0000 2.0014
104.0000 2.0012
105.0000 2.0011
106.0000 2.0010
107.0000 2.0009
108.0000 2.0008
109.0000 2.0008
110.0000 2.0007
111.0000 2.0006
112.0000 2.0006
113.0000 2.0005
114.0000 2.0005
115.0000 2.0004
116.0000 2.0004
117.0000 2.0003
118.0000 2.0003
119.0000 2.0003
120.0000 2.0002
121.0000 2.0002
122.0000 2.0002
123.0000 2.0002
124.0000 2.0002
125.0000 2.0001
126.0000 2.0001
127.0000 2.0001
128.0000 2.0001
129.0000 2.0001
130.0000 2.0001
131.0000 2.0001
132.0000 2.0001
133.0000 2.0001
134.0000 2.0000
135.0000 2.0000
136.0000 2.0000
137.0000 2.0000
138.0000 2.0000
139.0000 2.0000
140.0000 2.0000
141.0000 2.0000
142.0000 2.0000
143.0000 2.0000
144.0000 2.0000
145.0000 2.0000
146.0000 2.0000
147.0000 2.0000
148.0000 2.0000
149.0000 2.0000
150.0000 2.0000
151.0000 2.0000
152.0000 2.0000
153.0000 2.0000
154.0000 2.0000
155.0000 2.0000
156.0000 2.0000
157.0000 2.0000
158.0000 2.0000
159.0000 2.0000
160.0000 2.0000
161.0000 2.0000
162.0000 2.0000
163.0000 2.0000
164.0000 2.0000
165.0000 2.0000
166.0000 2.0000
167.0000 2.0000
168.0000 2.0000
169.0000 2.0000
170.0000 2.0000
171.0000 2.0000
172.0000 2.0000
173.0000 2.0000
174.0000 2.0000
175.0000 2.0000
176.0000 2.0000
177.0000 2.0000
178.0000 2.0000
179.0000 2.0000
180.0000 2.0000
181.0000 2.0000
182.0000 2.0000
183.0000 2.0000
184.0000 2.0000
185.0000 2.0000
186.0000 2.0000
187.0000 2.0000
188.0000 2.0000
189.0000 2.0000
190.0000 2.0000
191.0000 2.0000
192.0000 2.0000
193.0000 2.0000
194.0000 2.0000
195.0000 2.0000
196.0000 2.0000
197.0000 2.0000
198.0000 2.0000
199.0000 2.0000
200.0000 2.0000
201.0000 1.2364
202.0000 0.3885
203.0000 -0.3147
204.0000 -0.8380
205.0000 -1.2095
206.0000 -1.4680
207.0000 -1.6457
208.0000 -1.7666
209.0000 -1.8476
210.0000 -1.9009
211.0000 -1.9352
212.0000 -1.9566
213.0000 -1.9696
214.0000 -1.9772
215.0000 -1.9814
216.0000 -1.9836
217.0000 -1.9846
218.0000 -1.9851
219.0000 -1.9853
220.0000 -1.9854
221.0000 -1.9855
222.0000 -1.9857
223.0000 -1.9860
224.0000 -1.9864
225.0000 -1.9869
226.0000 -1.9875
227.0000 -1.9882
228.0000 -1.9888
229.0000 -1.9895
230.0000 -1.9902
231.0000 -1.9909
232.0000 -1.9915
233.0000 -1.9921
234.0000 -1.9927
235.0000 -1.9933
236.0000 -1.9938
237.0000 -1.9943
238.0000 -1.9947
239.0000 -1.9951
240.0000 -1.9955
241.0000 -1.9959
242.0000 -1.9962
243.0000 -1.9965
244.0000 -1.9967
245.0000 -1.9969
246.0000 -1.9971
247.0000 -1.9972
248.0000 -1.9973
249.0000 -1.9974
250.0000 -1.9975
251.0000 -1.9976
252.0000 -1.9976
253.0000 -1.9977
254.0000 -1.9977
255.0000 -1.9977
256.0000 -1.9978
257.0000 -1.9978
258.0000 -1.9979
259.0000 -1.9980
260.0000 -1.9981
261.0000 -1.9982
262.0000 -1.9983
263.0000 -1.9984
264.0000 -1.9985
265.0000 -1.9987
266.0000 -1.9989
267.0000 -1.9991
268.0000 -1.9994
269.0000 -1.9997
270.0000 -2.0001
271.0000 -2.0005
272.0000 -2.0009
273.0000 -2.0013
274.0000 -2.0018
275.0000 -2.0024
276.0000 -2.0030
277.0000 -2.0037
278.0000 -2.0045
279.0000 -2.0053
280.0000 -2.0063
281.0000 -2.0073
282.0000 -2.0080
283.0000 -2.0081
284.0000 -2.0077
285.0000 -2.0071
286.0000 -2.0063
287.0000 -2.0056
288.0000 -2.0049
289.0000 -2.0043
290.0000 -2.0038
291.0000 -2.0034
292.0000 -2.0030
293.0000 -2.0027
294.0000 -2.0025
295.0000 -2.0022
296.0000 -2.0020
297.0000 -2.0018
298.0000 -2.0017
299.0000 -2.0015
300.0000 -2.0014
301.0000 -2.0012
302.0000 -2.0011
303.0000 -2.0010
304.0000 -2.0009
305.0000 -2.0008
306.0000 -2.0008
307.0000 -2.0007
308.0000 -2.0006
309.0000 -2.0006
310.0000 -2.0005
311.0000 -2.0004
312.0000 -2.0004
313.0000 -2.0004
314.0000 -2.0003
315.0000 -2.0003
316.0000 -2.0003
317.0000 -2.0002
318.0000 -2.0002
319.0000 -2.0002
320.0000 -2.0002
321.0000 -2.0001
322.0000 -2.0001
323.0000 -2.0001
324.0000 -2.0001
325.0000 -2.0001
326.0000 -2.0001
327.0000 -2.0001
328.0000 -2.0001
329.0000 -2.0001
330.0000 -2.0001
331.0000 -2.0000
332.0000 -2.0000
333.0000 -2.0000
334.0000 -2.0000
335.0000 -2.0000
336.0000 -2.0000
337.0000 -2.0000
338.0000 -2.0000
339.0000 -2.0000
340.0000 -2.0000
341.0000 -2.0000
342.0000 -2.0000
343.0000 -2.0000
344.0000 -2.0000
345.0000 -2.0000
346.0000 -2.0000
347.0000 -2.0000
348.0000 -2.0000
349.0000 -2.0000
350.0000 -2.0000
351.0000 -2.0000
352.0000 -2.0000
353.0000 -2.0000
354.0000 -2.0000
355.0000 -2.0000
356.0000 -2.0000
357.0000 -2.0000
358.0000 -2.0000
359.0000 -2.0000
360.0000 -2.0000
361.0000 -2.0000
362.0000 -2.0000
363.0000 -2.0000
364.0000 -2.0000
365.0000 -2.0000
366.0000 -2.0000
367.0000 -2.0000
368.0000 -2.0000
369.0000 -2.0000
370.0000 -2.0000
371.0000 -2.0000
372.0000 -2.0000
373.0000 -2.0000
374.0000 -2.0000
375.0000 -2.0000
376.0000 -2.0000
377.0000 -2.0000
378.0000 -2.0001
379.0000 -2.0001
380.0000 -2.0001
381.0000 -2.0001
382.0000 -2.0001
383.0000 -2.0001
384.0000 -2.0001
385.0000 -2.0001
386.0000 -2.0001
387.0000 -2.0001
388.0000 -2.0001
389.0000 -2.0001
390.0000 -2.0001
391.0000 -2.0001
392.0000 -2.0001
393.0000 -2.0001
394.0000 -2.0000
395.0000 -2.0000
396.0000 -2.0000
397.0000 -2.0000
398.0000 -2.0000
399.0000 -2.0000
400.0000 -2.0000
401.0000 -2.0000
402.0000 -2.0000
403.0000 -2.0000
404.0000 -2.0000
405.0000 -2.0000
406.0000 -2.0000
407.0000 -2.0000
408.0000 -2.0000
409.0000 -2.0000
410.0000 -2.0000
411.0000 -2.0000
412.0000 -2.0000
413.0000 -2.0000
414.0000 -2.0000
415.0000 -2.0000
416.0000 -2.0000
417.0000 -2.0000
418.0000 -2.0000
419.0000 -2.0000
420.0000 -2.0000
421.0000 -2.0000
422.0000 -2.0000
423.0000 -2.0000
424.0000 -2.0000
425.0000 -2.0000
426.0000 -2.0000
427.0000 -2.0000
428.0000 -2.0000
429.0000 -2.0000
430.0000 -2.0000
431.0000 -2.0000
432.0000 -2.0000
433.0000 -2.0000
434.0000 -2.0000
435.0000 -2.0000
436.0000 -2.0000
437.0000 -2.0000
438.0000 -2.0000
439.0000 -2.0000
440.0000 -2.0000
441.0000 -2.0000
442.0000 -2.0000
443.0000 -2.0000
444.0000 -2.0000
445.0000 -2.0000
446.0000 -2.0000
447.0000 -2.0000
448.0000 -2.0000
449.0000 -2.0000
450.0000 -2.0000
451.0000 -2.0000
452.0000 -2.0000
453.0000 -2.0000
454.0000 -2.0000
455.0000 -2.0000
456.0000 -2.0000
457.0000 -2.0000
458.0000 -2.0000
459.0000 -2.0000
460.0000 -2.0000
461.0000 -2.0000
462.0000 -2.0000
463.0000 -2.0000
464.0000 -2.0000
465.0000 -2.0000
466.0000 -2.0000
467.0000 -2.0000
468.0000 -2.0000
469.0000 -2.0000
470.0000 -2.0000
471.0000 -2.0000
472.0000 -2.0000
473.0000 -2.0000
474.0000 -2.0000
475.0000 -2.0000
476.0000 -2.0000
477.0000 -2.0000
478.0000 -2.0000
479.0000 -2.0000
480.0000 -2.0000
481.0000 -2.0000
482.0000 -2.0000
483.0000 -2.0000
484.0000 -2.0000
485.0000 -2.0000
486.0000 -2.0000
487.0000 -2.0000
488.0000 -2.0000
489.0000 -2.0000
490.0000 -2.0000
491.0000 -2.0000
492.0000 -2.0000
493.0000 -2.0000
494.0000 -2.0000
495.0000 -2.0000
496.0000 -2.0000
497.0000 -2.0000
498.0000 -2.0000
499.0000 -2.0000
500.0000 -2.0000
501.0000 -1.3318
502.0000 -0.5899
503.0000 0.0254
504.0000 0.4833
505.0000 0.8084
506.0000 1.0345
507.0000 1.1900
508.0000 1.2958
509.0000 1.3667
510.0000 1.4133
511.0000 1.4433
512.0000 1.4621
513.0000 1.4734
514.0000 1.4801
515.0000 1.4837
516.0000 1.4856
517.0000 1.4866
518.0000 1.4869
519.0000 1.4871
520.0000 1.4872
521.0000 1.4873
522.0000 1.4875
523.0000 1.4878
524.0000 1.4882
525.0000 1.4886
526.0000 1.4891
527.0000 1.4896
528.0000 1.4902
529.0000 1.4908
530.0000 1.4914
531.0000 1.4920
532.0000 1.4926
533.0000 1.4931
534.0000 1.4936
535.0000 1.4941
536.0000 1.4946
537.0000 1.4950
538.0000 1.4954
539.0000 1.4957
540.0000 1.4961
541.0000 1.4964
542.0000 1.4967
543.0000 1.4969
544.0000 1.4971
545.0000 1.4973
546.0000 1.4975
547.0000 1.4976
548.0000 1.4977
549.0000 1.4978
550.0000 1.4978
551.0000 1.4979
552.0000 1.4979
553.0000 1.4980
554.0000 1.4980
555.0000 1.4980
556.0000 1.4980
557.0000 1.4981
558.0000 1.4982
559.0000 1.4982
560.0000 1.4983
561.0000 1.4984
562.0000 1.4985
563.0000 1.4986
564.0000 1.4987
565.0000 1.4989
566.0000 1.4990
567.0000 1.4992
568.0000 1.4995
569.0000 1.4998
570.0000 1.5001
571.0000 1.5004
572.0000 1.5008
573.0000 1.5012
574.0000 1.5016
575.0000 1.5021
576.0000 1.5026
577.0000 1.5032
578.0000 1.5039
579.0000 1.5047
580.0000 1.5055
581.0000 1.5064
582.0000 1.5070
583.0000 1.5071
584.0000 1.5068
585.0000 1.5062
586.0000 1.5055
587.0000 1.5049
588.0000 1.5043
589.0000 1.5038
590.0000 1.5034
591.0000 1.5030
592.0000 1.5027
593.0000 1.5024
594.0000 1.5021
595.0000 1.5019
596.0000 1.5018
597.0000 1.5016
598.0000 1.5015
599.0000 1.5013
600.0000 1.5012
601.0000 1.5011
602.0000 1.5010
603.0000 1.5009
604.0000 1.5008
605.0000 1.5007
606.0000 1.5007
607.0000 1.5006
608.0000 1.5005
609.0000 1.5005
610.0000 1.5004
611.0000 1.5004
612.0000 1.5003
613.0000 1.5003
614.0000 1.5003
615.0000 1.5002
616.0000 1.5002
617.0000 1.5002
618.0000 1.5002
619.0000 1.5002
620.0000 1.5001
621.0000 1.5001
622.0000 1.5001
623.0000 1.5001
624.0000 1.5001
625.0000 1.5001
626.0000 1.5001
627.0000 1.5001
628.0000 1.5001
629.0000 1.5000
630.0000 1.5000
631.0000 1.5000
632.0000 1.5000
633.0000 1.5000
634.0000 1.5000
635.0000 1.5000
636.0000 1.5000
637.0000 1.5000
638.0000 1.5000
639.0000 1.5000
640.0000 1.5000
641.0000 1.5000
642.0000 1.5000
643.0000 1.5000
644.0000 1.5000
645.0000 1.5000
646.0000 1.5000
647.0000 1.5000
648.0000 1.5000
649.0000 1.5000
650.0000 1.5000
651.0000 1.5000
652.0000 1.5000
653.0000 1.5000
654.0000 1.5000
655.0000 1.5000
656.0000 1.5000
657.0000 1.5000
658.0000 1.5000
659.0000 1.5000
660.0000 1.5000
661.0000 1.5000
662.0000 1.5000
663.0000 1.5000
664.0000 1.5000
665.0000 1.5000
666.0000 1.5000
667.0000 1.5000
668.0000 1.5000
669.0000 1.5000
670.0000 1.5000
671.0000 1.5000
672.0000 1.5000
673.0000 1.5000
674.0000 1.5000
675.0000 1.5000
676.0000 1.5000
677.0000 1.5000
678.0000 1.5000
679.0000 1.5000
680.0000 1.5000
681.0000 1.5000
682.0000 1.5000
683.0000 1.5000
684.0000 1.5000
685.0000 1.5000
686.0000 1.5000
687.0000 1.5000
688.0000 1.5000
689.0000 1.5000
690.0000 1.5000
691.0000 1.5000
692.0000 1.5000
693.0000 1.5000
694.0000 1.5000
695.0000 1.5000
696.0000 1.5000
697.0000 1.5000
698.0000 1.5000
699.0000 1.5000
700.0000 1.5000
701.0000 1.5000
702.0000 1.5000
703.0000 1.5000
704.0000 1.5000
705.0000 1.5000
706.0000 1.5000
707.0000 1.5000
708.0000 1.5000
709.0000 1.5000
710.0000 1.5000
711.0000 1.5000
712.0000 1.5000
713.0000 1.5000
714.0000 1.5000
715.0000 1.5000
716.0000 1.5000
717.0000 1.5000
718.0000 1.5000
719.0000 1.5000
720.0000 1.5000
721.0000 1.5000
722.0000 1.5000
723.0000 1.5000
724.0000 1.5000
725.0000 1.5000
726.0000 1.5000
727.0000 1.5000
728.0000 1.5000
729.0000 1.5000
730.0000 1.5000
731.0000 1.5000
732.0000 1.5000
733.0000 1.5000
734.0000 1.5000
735.0000 1.5000
736.0000 1.5000
737.0000 1.5000
738.0000 1.5000
739.0000 1.5000
740.0000 1.5000
741.0000 1.5000
742.0000 1.5000
743.0000 1.5000
744.0000 1.5000
745.0000 1.5000
746.0000 1.5000
747.0000 1.5000
748.0000 1.5000
749.0000 1.5000
750.0000 1.5000
751.0000 1.5000
752.0000 1.5000
753.0000 1.5000
754.0000 1.5000
755.0000 1.5000
756.0000 1.5000
757.0000 1.5000
758.0000 1.5000
759.0000 1.5000
760.0000 1.5000
761.0000 1.5000
762.0000 1.5000
763.0000 1.5000
764.0000 1.5000
765.0000 1.5000
766.0000 1.5000
767.0000 1.5000
768.0000 1.5000
769.0000 1.5000
770.0000 1.5000
771.0000 1.5000
772.0000 1.5000
773.0000 1.5000
774.0000 1.5000
775.0000 1.5000
776.0000 1.5000
777.0000 1.5000
778.0000 1.5000
779.0000 1.5000
780.0000 1.5000
781.0000 1.5000
782.0000 1.5000
783.0000 1.5000
784.0000 1.5000
785.0000 1.5000
786.0000 1.5000
787.0000 1.5000
788.0000 1.5000
789.0000 1.5000
790.0000 1.5000
791.0000 1.5000
792.0000 1.5000
793.0000 1.5000
794.0000 1.5000
795.0000 1.5000
796.0000 1.5000
797.0000 1.5000
798.0000 1.5000
799.0000 1.5000
800.0000 1.5000
801.0000 1.2136
802.0000 0.8957
803.0000 0.6320
804.0000 0.4358
805.0000 0.2964
806.0000 0.1995
807.0000 0.1328
808.0000 0.0875
809.0000 0.0571
810.0000 0.0372
811.0000 0.0243
812.0000 0.0163
813.0000 0.0114
814.0000 0.0085
815.0000 0.0070
816.0000 0.0062
817.0000 0.0058
818.0000 0.0056
819.0000 0.0055
820.0000 0.0055
821.0000 0.0054
822.0000 0.0054
823.0000 0.0052
824.0000 0.0051
825.0000 0.0049
826.0000 0.0047
827.0000 0.0044
828.0000 0.0042
829.0000 0.0039
830.0000 0.0037
831.0000 0.0034
832.0000 0.0032
833.0000 0.0030
834.0000 0.0027
835.0000 0.0025
836.0000 0.0023
837.0000 0.0021
838.0000 0.0020
839.0000 0.0018
840.0000 0.0017
841.0000 0.0015
842.0000 0.0014
843.0000 0.0013
844.0000 0.0012
845.0000 0.0012
846.0000 0.0011
847.0000 0.0010
848.0000 0.0010
849.0000 0.0010
850.0000 0.0009
851.0000 0.0009
852.0000 0.0009
853.0000 0.0009
854.0000 0.0009
855.0000 0.0009
856.0000 0.0008
857.0000 0.0008
858.0000 0.0008
859.0000 0.0008
860.0000 0.0007
861.0000 0.0007
862.0000 0.0006
863.0000 0.0006
864.0000 0.0005
865.0000 0.0005
866.0000 0.0004
867.0000 0.0003
868.0000 0.0002
869.0000 0.0001
870.0000 -0.0000
871.0000 -0.0002
872.0000 -0.0003
873.0000 -0.0005
874.0000 -0.0007
875.0000 -0.0009
876.0000 -0.0011
877.0000 -0.0014
878.0000 -0.0017
879.0000 -0.0020
880.0000 -0.0023
881.0000 -0.0027
882.0000 -0.0030
883.0000 -0.0030
884.0000 -0.0029
885.0000 -0.0027
886.0000 -0.0024
887.0000 -0.0021
888.0000 -0.0018
889.0000 -0.0016
890.0000 -0.0014
891.0000 -0.0013
892.0000 -0.0011
893.0000 -0.0010
894.0000 -0.0009
895.0000 -0.0008
896.0000 -0.0008
897.0000 -0.0007
898.0000 -0.0006
899.0000 -0.0006
900.0000 -0.0005
901.0000 -0.0005
902.0000 -0.0004
903.0000 -0.0004
904.0000 -0.0003
905.0000 -0.0003
906.0000 -0.0003
907.0000 -0.0003
908.0000 -0.0002
909.0000 -0.0002
910.0000 -0.0002
911.0000 -0.0002
912.0000 -0.0001
913.0000 -0.0001
914.0000 -0.0001
915.0000 -0.0001
916.0000 -0.0001
917.0000 -0.0001
918.0000 -0.0001
919.0000 -0.0001
920.0000 -0.0001
921.0000 -0.0001
922.0000 -0.0000
923.0000 -0.0000
924.0000 -0.0000
925.0000 -0.0000
926.0000 -0.0000
927.0000 -0.0000
928.0000 -0.0000
929.0000 -0.0000
930.0000 -0.0000
931.0000 -0.0000
932.0000 -0.0000
933.0000 -0.0000
934.0000 -0.0000
935.0000 -0.0000
936.0000 -0.0000
937.0000 -0.0000
938.0000 -0.0000
939.0000 -0.0000
940.0000 -0.0000
941.0000 -0.0000
942.0000 -0.0000
943.0000 -0.0000
944.0000 -0.0000
945.0000 -0.0000
946.0000 -0.0000
947.0000 -0.0000
948.0000 -0.0000
949.0000 -0.0000
950.0000 -0.0000
951.0000 -0.0000
952.0000 -0.0000
953.0000 -0.0000
954.0000 -0.0000
955.0000 -0.0000
956.0000 -0.0000
957.0000 -0.0000
958.0000 -0.0000
959.0000 -0.0000
960.0000 -0.0000
961.0000 -0.0000
962.0000 -0.0000
963.0000 -0.0000
964.0000 -0.0000
965.0000 -0.0000
966.0000 -0.0000
967.0000 -0.0000
968.0000 -0.0000
969.0000 -0.0000
970.0000 -0.0000
971.0000 -0.0000
972.0000 -0.0000
973.0000 -0.0000
974.0000 -0.0000
975.0000 -0.0000
976.0000 -0.0000
977.0000 -0.0000
978.0000 -0.0000
979.0000 -0.0000
980.0000 -0.0000
981.0000 -0.0000
982.0000 -0.0000
983.0000 -0.0000
984.0000 -0.0000
985.0000 -0.0000
986.0000 -0.0000
987.0000 -0.0000
988.0000 -0.0000
989.0000 -0.0000
990.0000 -0.0000
991.0000 -0.0000
992.0000 -0.0000
993.0000 -0.0000
994.0000 -0.0000
995.0000 -0.0000
996.0000 -0.0000
997.0000 -0.0000
998.0000 -0.0000
999.0000 -0.0000
1000.0000 -0.0000
1001.0000 -0.0000
1002.0000 -0.0000
1003.0000 -0.0000
1004.0000 -0.0000
1005.0000 -0.0000
1006.0000 -0.0000
1007.0000 -0.0000
1008.0000 -0.0000
1009.0000 -0.0000
1010.0000 -0.0000
1011.0000 -0.0000
1012.0000 -0.0000
1013.0000 -0.0000
1014.0000 -0.0000
1015.0000 -0.0000
1016.0000 -0.0000
1017.0000 -0.0000
1018.0000 -0.0000
1019.0000 -0.0000
1020.0000 -0.0000
1021.0000 -0.0000
1022.0000 -0.0000
1023.0000 -0.0000
1024.0000 -0.0000
1025.0000 -0.0000
1026.0000 -0.0000
1027.0000 -0.0000
1028.0000 -0.0000
1029.0000 -0.0000
1030.0000 -0.0000
1031.0000 -0.0000
1032.0000 -0.0000
1033.0000 -0.0000
1034.0000 -0.0000
1035.0000 -0.0000
1036.0000 -0.0000
1037.0000 -0.0000
1038.0000 -0.0000
1039.0000 -0.0000
1040.0000 -0.0000
1041.0000 -0.0000
1042.0000 -0.0000
1043.0000 -0.0000
1044.0000 -0.0000
1045.0000 -0.0000
1046.0000 -0.0000
1047.0000 -0.0000
1048.0000 -0.0000
1049.0000 -0.0000
1050.0000 -0.0000
1051.0000 -0.0000
1052.0000 -0.0000
1053.0000 -0.0000
1054.0000 -0.0000
1055.0000 -0.0000
1056.0000 -0.0000
1057.0000 -0.0000
1058.0000 -0.0000
1059.0000 -0.0000
1060.0000 -0.0000
1061.0000 -0.0000
1062.0000 -0.0000
1063.0000 -0.0000
1064.0000 -0.0000
1065.0000 -0.0000
1066.0000 -0.0000
1067.0000 -0.0000
1068.0000 -0.0000
1069.0000 -0.0000
1070.0000 -0.0000
1071.0000 -0.0000
1072.0000 -0.0000
1073.0000 -0.0000
1074.0000 -0.0000
1075.0000 -0.0000
1076.0000 -0.0000
1077.0000 -0.0000
1078.0000 -0.0000
1079.0000 -0.0000
1080.0000 -0.0000
1081.0000 -0.0000
1082.0000 -0.0000
1083.0000 -0.0000
1084.0000 -0.0000
1085.0000 -0.0000
1086.0000 -0.0000
1087.0000 -0.0000
1088.0000 -0.0000
1089.0000 -0.0000
1090.0000 -0.0000
1091.0000 -0.0000
1092.0000 -0.0000
1093.0000 -0.0000
1094.0000 -0.0000
1095.0000 -0.0000
1096.0000 -0.0000
1097.0000 -0.0000
1098.0000 -0.0000
1099.0000 -0.0000
1100.0000 -0.0000
