1.0000 0.0000
2.0000 0.0000
3.0000 0.0000
4.0000 0.0000
5.0000 0.0000
6.0000 0.0000
7.0000 0.0000
8.0000 0.0000
9.0000 0.0000
10.0000 0.0000
11.0000 0.3565
12.0000 0.7433
13.0000 1.0611
14.0000 1.3007
15.0000 1.4776
16.0000 1.6087
17.0000 1.7069
18.0000 1.7807
19.0000 1.8364
20.0000 1.8783
21.0000 1.9098
22.0000 1.9334
23.0000 1.9512
24.0000 1.9647
25.0000 1.9748
26.0000 1.9825
27.0000 1.9884
28.0000 1.9928
29.0000 1.9962
30.0000 1.9987
31.0000 2.0006
32.0000 2.0020
33.0000 2.0030
34.0000 2.0037
35.0000 2.0041
36.0000 2.0044
37.0000 2.0046
38.0000 2.0046
39.0000 2.0046
40.0000 2.0045
41.0000 2.0043
42.0000 2.0042
43.0000 2.0040
44.0000 2.0038
45.0000 2.0036
46.0000 2.0033
47.0000 2.0031
48.0000 2.0029
49.0000 2.0028
50.0000 2.0026
51.0000 2.0024
52.0000 2.0022
53.0000 2.0021
54.0000 2.0019
55.0000 2.0018
56.0000 2.0016
57.0000 2.0015
58.0000 2.0013
59.0000 2.0012
60.0000 2.0010
61.0000 2.0009
62.0000 2.0008
63.0000 2.0006
64.0000 2.0005
65.0000 2.0004
66.0000 2.0003
67.0000 2.0001
68.0000 2.0000
69.0000 2.0000
70.0000 1.9999
71.0000 1.9998
72.0000 1.9997
73.0000 1.9996
74.0000 1.9995
75.0000 1.9994
76.0000 1.9994
77.0000 1.9993
78.0000 1.9993
79.0000 1.9993
80.0000 1.9993
81.0000 1.9993
82.0000 1.9993
83.0000 1.9993
84.0000 1.9994
85.0000 1.9995
86.0000 1.9996
87.0000 1.9997
88.0000 1.9998
89.0000 2.0000
90.0000 2.0003
91.0000 2.0006
92.0000 2.0008
93.0000 2.0008
94.0000 2.0007
95.0000 2.0006
96.0000 2.0004
97.0000 2.0003
98.0000 2.0002
99.0000 2.0001
100.0000 2.0000
101.0000 2.0000
102.0000 1.9999
103.0000 1.9999
104.0000 1.9999
105.0000 1.9999
106.0000 1.9999
107.0000 2.0000
108.0000 2.0000
109.0000 2.0000
110.0000 2.0000
111.0000 2.0000
112.0000 2.0000
113.0000 2.0000
114.0000 2.0001
115.0000 2.0001
116.0000 2.0001
117.0000 2.0001
118.0000 2.0001
119.0000 2.0001
120.0000 2.0001
121.0000 2.0001
122.0000 2.0001
123.0000 2.0001
124.0000 2.0001
125.0000 2.0001
126.0000 2.0001
127.0000 2.0001
128.0000 2.0001
129.0000 2.0001
130.0000 2.0001
131.0000 2.0001
132.0000 2.0001
133.0000 2.0001
134.0000 2.0001
135.0000 2.0001
136.0000 2.0001
137.0000 2.0001
138.0000 2.0001
139.0000 2.0001
140.0000 2.0001
141.0000 2.0001
142.0000 2.0001
143.0000 2.0001
144.0000 2.0001
145.0000 2.0001
146.0000 2.0001
147.0000 2.0001
148.0000 2.0001
149.0000 2.0001
150.0000 2.0001
151.0000 2.0001
152.0000 2.0001
153.0000 2.0001
154.0000 2.0001
155.0000 2.0001
156.0000 2.0001
157.0000 2.0001
158.0000 2.0001
159.0000 2.0001
160.0000 2.0001
161.0000 2.0001
162.0000 2.0001
163.0000 2.0001
164.0000 2.0001
165.0000 2.0001
166.0000 2.0001
167.0000 2.0000
168.0000 2.0000
169.0000 2.0000
170.0000 2.0000
171.0000 2.0000
172.0000 2.0000
173.0000 2.0000
174.0000 2.0000
175.0000 2.0000
176.0000 2.0000
177.0000 2.0000
178.0000 2.0000
179.0000 2.0000
180.0000 2.0000
181.0000 2.0000
182.0000 2.0000
183.0000 2.0000
184.0000 2.0000
185.0000 2.0000
186.0000 2.0000
187.0000 2.0000
188.0000 2.0000
189.0000 2.0000
190.0000 2.0000
191.0000 2.0000
192.0000 2.0000
193.0000 2.0000
194.0000 2.0000
195.0000 2.0000
196.0000 2.0000
197.0000 2.0000
198.0000 2.0000
199.0000 2.0000
200.0000 2.0000
201.0000 1.2869
202.0000 0.5134
203.0000 -0.1223
204.0000 -0.6014
205.0000 -0.9552
206.0000 -1.2175
207.0000 -1.4138
208.0000 -1.5615
209.0000 -1.6728
210.0000 -1.7566
211.0000 -1.8196
212.0000 -1.8669
213.0000 -1.9025
214.0000 -1.9293
215.0000 -1.9497
216.0000 -1.9650
217.0000 -1.9767
218.0000 -1.9856
219.0000 -1.9924
220.0000 -1.9974
221.0000 -2.0012
222.0000 -2.0040
223.0000 -2.0060
224.0000 -2.0074
225.0000 -2.0083
226.0000 -2.0089
227.0000 -2.0092
228.0000 -2.0093
229.0000 -2.0092
230.0000 -2.0090
231.0000 -2.0087
232.0000 -2.0083
233.0000 -2.0080
234.0000 -2.0075
235.0000 -2.0071
236.0000 -2.0067
237.0000 -2.0063
238.0000 -2.0059
239.0000 -2.0055
240.0000 -2.0052
241.0000 -2.0048
242.0000 -2.0045
243.0000 -2.0042
244.0000 -2.0038
245.0000 -2.0035
246.0000 -2.0033
247.0000 -2.0029
248.0000 -2.0027
249.0000 -2.0024
250.0000 -2.0021
251.0000 -2.0018
252.0000 -2.0016
253.0000 -2.0013
254.0000 -2.0010
255.0000 -2.0008
256.0000 -2.0005
257.0000 -2.0003
258.0000 -2.0001
259.0000 -1.9999
260.0000 -1.9997
261.0000 -1.9995
262.0000 -1.9993
263.0000 -1.9992
264.0000 -1.9990
265.0000 -1.9989
266.0000 -1.9988
267.0000 -1.9987
268.0000 -1.9986
269.0000 -1.9986
270.0000 -1.9986
271.0000 -1.9986
272.0000 -1.9986
273.0000 -1.9987
274.0000 -1.9988
275.0000 -1.9989
276.0000 -1.9991
277.0000 -1.9994
278.0000 -1.9997
279.0000 -2.0001
280.0000 -2.0006
281.0000 -2.0012
282.0000 -2.0016
283.0000 -2.0016
284.0000 -2.0014
285.0000 -2.0012
286.0000 -2.0008
287.0000 -2.0006
288.0000 -2.0003
289.0000 -2.0001
290.0000 -2.0000
291.0000 -1.9999
292.0000 -1.9999
293.0000 -1.9999
294.0000 -1.9999
295.0000 -1.9999
296.0000 -1.9999
297.0000 -1.9999
298.0000 -1.9999
299.0000 -2.0000
300.0000 -2.0000
301.0000 -2.0000
302.0000 -2.0001
303.0000 -2.0001
304.0000 -2.0001
305.0000 -2.0001
306.0000 -2.0002
307.0000 -2.0002
308.0000 -2.0002
309.0000 -2.0002
310.0000 -2.0002
311.0000 -2.0002
312.0000 -2.0002
313.0000 -2.0003
314.0000 -2.0003
315.0000 -2.0003
316.0000 -2.0003
317.0000 -2.0003
318.0000 -2.0003
319.0000 -2.0003
320.0000 -2.0003
321.0000 -2.0003
322.0000 -2.0003
323.0000 -2.0003
324.0000 -2.0003
325.0000 -2.0003
326.0000 -2.0002
327.0000 -2.0002
328.0000 -2.0002
329.0000 -2.0002
330.0000 -2.0002
331.0000 -2.0002
332.0000 -2.0002
333.0000 -2.0002
334.0000 -2.0002
335.0000 -2.0002
336.0000 -2.0002
337.0000 -2.0002
338.0000 -2.0002
339.0000 -2.0002
340.0000 -2.0002
341.0000 -2.0002
342.0000 -2.0002
343.0000 -2.0002
344.0000 -2.0002
345.0000 -2.0002
346.0000 -2.0002
347.0000 -2.0002
348.0000 -2.0001
349.0000 -2.0001
350.0000 -2.0001
351.0000 -2.0001
352.0000 -2.0001
353.0000 -2.0001
354.0000 -2.0001
355.0000 -2.0001
356.0000 -2.0001
357.0000 -2.0001
358.0000 -2.0001
359.0000 -2.0001
360.0000 -2.0001
361.0000 -2.0001
362.0000 -2.0001
363.0000 -2.0000
364.0000 -2.0000
365.0000 -2.0000
366.0000 -2.0000
367.0000 -2.0000
368.0000 -2.0000
369.0000 -2.0000
370.0000 -2.0000
371.0000 -2.0000
372.0000 -2.0000
373.0000 -2.0000
374.0000 -2.0000
375.0000 -2.0000
376.0000 -2.0000
377.0000 -2.0000
378.0000 -2.0000
379.0000 -2.0000
380.0000 -2.0000
381.0000 -2.0000
382.0000 -2.0000
383.0000 -2.0000
384.0000 -2.0000
385.0000 -2.0000
386.0000 -2.0000
387.0000 -2.0000
388.0000 -2.0000
389.0000 -2.0000
390.0000 -2.0000
391.0000 -2.0000
392.0000 -2.0000
393.0000 -2.0000
394.0000 -2.0000
395.0000 -2.0000
396.0000 -2.0000
397.0000 -2.0000
398.0000 -2.0000
399.0000 -2.0000
400.0000 -2.0000
401.0000 -2.0000
402.0000 -2.0000
403.0000 -2.0000
404.0000 -2.0000
405.0000 -2.0000
406.0000 -2.0000
407.0000 -2.0000
408.0000 -2.0000
409.0000 -2.0000
410.0000 -2.0000
411.0000 -2.0000
412.0000 -2.0000
413.0000 -2.0000
414.0000 -2.0000
415.0000 -2.0000
416.0000 -2.0000
417.0000 -2.0000
418.0000 -2.0000
419.0000 -2.0000
420.0000 -2.0000
421.0000 -2.0000
422.0000 -2.0000
423.0000 -2.0000
424.0000 -2.0000
425.0000 -2.0000
426.0000 -2.0000
427.0000 -2.0000
428.0000 -2.0000
429.0000 -2.0000
430.0000 -2.0000
431.0000 -2.0000
432.0000 -2.0000
433.0000 -2.0000
434.0000 -2.0000
435.0000 -2.0000
436.0000 -2.0000
437.0000 -2.0000
438.0000 -2.0000
439.0000 -2.0000
440.0000 -2.0000
441.0000 -2.0000
442.0000 -2.0000
443.0000 -2.0000
444.0000 -2.0000
445.0000 -2.0000
446.0000 -2.0000
447.0000 -2.0000
448.0000 -2.0000
449.0000 -2.0000
450.0000 -2.0000
451.0000 -2.0000
452.0000 -2.0000
453.0000 -2.0000
454.0000 -2.0000
455.0000 -2.0000
456.0000 -2.0000
457.0000 -2.0000
458.0000 -2.0000
459.0000 -2.0000
460.0000 -2.0000
461.0000 -2.0000
462.0000 -2.0000
463.0000 -2.0000
464.0000 -2.0000
465.0000 -2.0000
466.0000 -2.0000
467.0000 -2.0000
468.0000 -2.0000
469.0000 -2.0000
470.0000 -2.0000
471.0000 -2.0000
472.0000 -2.0000
473.0000 -2.0000
474.0000 -2.0000
475.0000 -2.0000
476.0000 -2.0000
477.0000 -2.0000
478.0000 -2.0000
479.0000 -2.0000
480.0000 -2.0000
481.0000 -2.0000
482.0000 -2.0000
483.0000 -2.0000
484.0000 -2.0000
485.0000 -2.0000
486.0000 -2.0000
487.0000 -2.0000
488.0000 -2.0000
489.0000 -2.0000
490.0000 -2.0000
491.0000 -2.0000
492.0000 -2.0000
493.0000 -2.0000
494.0000 -2.0000
495.0000 -2.0000
496.0000 -2.0000
497.0000 -2.0000
498.0000 -2.0000
499.0000 -2.0000
500.0000 -2.0000
501.0000 -1.3761
502.0000 -0.6993
503.0000 -0.1430
504.0000 0.2762
505.0000 0.5858
506.0000 0.8153
507.0000 0.9870
508.0000 1.1163
509.0000 1.2137
510.0000 1.2870
511.0000 1.3421
512.0000 1.3835
513.0000 1.4147
514.0000 1.4382
515.0000 1.4559
516.0000 1.4694
517.0000 1.4796
518.0000 1.4874
519.0000 1.4933
520.0000 1.4977
521.0000 1.5010
522.0000 1.5035
523.0000 1.5052
524.0000 1.5065
525.0000 1.5073
526.0000 1.5077
527.0000 1.5080
528.0000 1.5081
529.0000 1.5080
530.0000 1.5078
531.0000 1.5076
532.0000 1.5073
533.0000 1.5070
534.0000 1.5066
535.0000 1.5062
536.0000 1.5059
537.0000 1.5055
538.0000 1.5051
539.0000 1.5048
540.0000 1.5045
541.0000 1.5042
542.0000 1.5039
543.0000 1.5036
544.0000 1.5034
545.0000 1.5031
546.0000 1.5028
547.0000 1.5026
548.0000 1.5023
549.0000 1.5021
550.0000 1.5018
551.0000 1.5016
552.0000 1.5014
553.0000 1.5011
554.0000 1.5009
555.0000 1.5007
556.0000 1.5004
557.0000 1.5002
558.0000 1.5001
559.0000 1.4999
560.0000 1.4998
561.0000 1.4996
562.0000 1.4994
563.0000 1.4993
564.0000 1.4991
565.0000 1.4990
566.0000 1.4989
567.0000 1.4988
568.0000 1.4988
569.0000 1.4987
570.0000 1.4987
571.0000 1.4987
572.0000 1.4988
573.0000 1.4988
574.0000 1.4989
575.0000 1.4990
576.0000 1.4992
577.0000 1.4994
578.0000 1.4997
579.0000 1.5001
580.0000 1.5005
581.0000 1.5010
582.0000 1.5014
583.0000 1.5014
584.0000 1.5013
585.0000 1.5010
586.0000 1.5007
587.0000 1.5005
588.0000 1.5003
589.0000 1.5001
590.0000 1.5000
591.0000 1.4999
592.0000 1.4999
593.0000 1.4999
594.0000 1.4999
595.0000 1.4999
596.0000 1.4999
597.0000 1.4999
598.0000 1.5000
599.0000 1.5000
600.0000 1.5000
601.0000 1.5000
602.0000 1.5001
603.0000 1.5001
604.0000 1.5001
605.0000 1.5001
606.0000 1.5001
607.0000 1.5002
608.0000 1.5002
609.0000 1.5002
610.0000 1.5002
611.0000 1.5002
612.0000 1.5002
613.0000 1.5002
614.0000 1.5002
615.0000 1.5002
616.0000 1.5002
617.0000 1.5002
618.0000 1.5002
619.0000 1.5002
620.0000 1.5002
621.0000 1.5002
622.0000 1.5002
623.0000 1.5002
624.0000 1.5002
625.0000 1.5002
626.0000 1.5002
627.0000 1.5002
628.0000 1.5002
629.0000 1.5002
630.0000 1.5002
631.0000 1.5002
632.0000 1.5002
633.0000 1.5002
634.0000 1.5002
635.0000 1.5002
636.0000 1.5002
637.0000 1.5002
638.0000 1.5002
639.0000 1.5002
640.0000 1.5002
641.0000 1.5002
642.0000 1.5002
643.0000 1.5002
644.0000 1.5001
645.0000 1.5001
646.0000 1.5001
647.0000 1.5001
648.0000 1.5001
649.0000 1.5001
650.0000 1.5001
651.0000 1.5001
652.0000 1.5001
653.0000 1.5001
654.0000 1.5001
655.0000 1.5001
656.0000 1.5001
657.0000 1.5001
658.0000 1.5001
659.0000 1.5001
660.0000 1.5001
661.0000 1.5001
662.0000 1.5000
663.0000 1.5000
664.0000 1.5000
665.0000 1.5000
666.0000 1.5000
667.0000 1.5000
668.0000 1.5000
669.0000 1.5000
670.0000 1.5000
671.0000 1.5000
672.0000 1.5000
673.0000 1.5000
674.0000 1.5000
675.0000 1.5000
676.0000 1.5000
677.0000 1.5000
678.0000 1.5000
679.0000 1.5000
680.0000 1.5000
681.0000 1.5000
682.0000 1.5000
683.0000 1.5000
684.0000 1.5000
685.0000 1.5000
686.0000 1.5000
687.0000 1.5000
688.0000 1.5000
689.0000 1.5000
690.0000 1.5000
691.0000 1.5000
692.0000 1.5000
693.0000 1.5000
694.0000 1.5000
695.0000 1.5000
696.0000 1.5000
697.0000 1.5000
698.0000 1.5000
699.0000 1.5000
700.0000 1.5000
701.0000 1.5000
702.0000 1.5000
703.0000 1.5000
704.0000 1.5000
705.0000 1.5000
706.0000 1.5000
707.0000 1.5000
708.0000 1.5000
709.0000 1.5000
710.0000 1.5000
711.0000 1.5000
712.0000 1.5000
713.0000 1.5000
714.0000 1.5000
715.0000 1.5000
716.0000 1.5000
717.0000 1.5000
718.0000 1.5000
719.0000 1.5000
720.0000 1.5000
721.0000 1.5000
722.0000 1.5000
723.0000 1.5000
724.0000 1.5000
725.0000 1.5000
726.0000 1.5000
727.0000 1.5000
728.0000 1.5000
729.0000 1.5000
730.0000 1.5000
731.0000 1.5000
732.0000 1.5000
733.0000 1.5000
734.0000 1.5000
735.0000 1.5000
736.0000 1.5000
737.0000 1.5000
738.0000 1.5000
739.0000 1.5000
740.0000 1.5000
741.0000 1.5000
742.0000 1.5000
743.0000 1.5000
744.0000 1.5000
745.0000 1.5000
746.0000 1.5000
747.0000 1.5000
748.0000 1.5000
749.0000 1.5000
750.0000 1.5000
751.0000 1.5000
752.0000 1.5000
753.0000 1.5000
754.0000 1.5000
755.0000 1.5000
756.0000 1.5000
757.0000 1.5000
758.0000 1.5000
759.0000 1.5000
760.0000 1.5000
761.0000 1.5000
762.0000 1.5000
763.0000 1.5000
764.0000 1.5000
765.0000 1.5000
766.0000 1.5000
767.0000 1.5000
768.0000 1.5000
769.0000 1.5000
770.0000 1.5000
771.0000 1.5000
772.0000 1.5000
773.0000 1.5000
774.0000 1.5000
775.0000 1.5000
776.0000 1.5000
777.0000 1.5000
778.0000 1.5000
779.0000 1.5000
780.0000 1.5000
781.0000 1.5000
782.0000 1.5000
783.0000 1.5000
784.0000 1.5000
785.0000 1.5000
786.0000 1.5000
787.0000 1.5000
788.0000 1.5000
789.0000 1.5000
790.0000 1.5000
791.0000 1.5000
792.0000 1.5000
793.0000 1.5000
794.0000 1.5000
795.0000 1.5000
796.0000 1.5000
797.0000 1.5000
798.0000 1.5000
799.0000 1.5000
800.0000 1.5000
801.0000 1.2326
802.0000 0.9425
803.0000 0.7041
804.0000 0.5245
805.0000 0.3918
806.0000 0.2935
807.0000 0.2198
808.0000 0.1644
809.0000 0.1227
810.0000 0.0913
811.0000 0.0677
812.0000 0.0499
813.0000 0.0366
814.0000 0.0265
815.0000 0.0189
816.0000 0.0131
817.0000 0.0087
818.0000 0.0054
819.0000 0.0029
820.0000 0.0010
821.0000 -0.0004
822.0000 -0.0015
823.0000 -0.0022
824.0000 -0.0028
825.0000 -0.0031
826.0000 -0.0033
827.0000 -0.0034
828.0000 -0.0035
829.0000 -0.0034
830.0000 -0.0034
831.0000 -0.0033
832.0000 -0.0031
833.0000 -0.0030
834.0000 -0.0028
835.0000 -0.0027
836.0000 -0.0025
837.0000 -0.0024
838.0000 -0.0022
839.0000 -0.0021
840.0000 -0.0019
841.0000 -0.0018
842.0000 -0.0017
843.0000 -0.0016
844.0000 -0.0014
845.0000 -0.0013
846.0000 -0.0012
847.0000 -0.0011
848.0000 -0.0010
849.0000 -0.0009
850.0000 -0.0008
851.0000 -0.0007
852.0000 -0.0006
853.0000 -0.0005
854.0000 -0.0004
855.0000 -0.0003
856.0000 -0.0002
857.0000 -0.0001
858.0000 -0.0000
859.0000 0.0000
860.0000 0.0001
861.0000 0.0002
862.0000 0.0003
863.0000 0.0003
864.0000 0.0004
865.0000 0.0004
866.0000 0.0005
867.0000 0.0005
868.0000 0.0005
869.0000 0.0005
870.0000 0.0005
871.0000 0.0005
872.0000 0.0005
873.0000 0.0005
874.0000 0.0005
875.0000 0.0004
876.0000 0.0003
877.0000 0.0002
878.0000 0.0001
879.0000 -0.0000
880.0000 -0.0002
881.0000 -0.0004
882.0000 -0.0006
883.0000 -0.0006
884.0000 -0.0005
885.0000 -0.0004
886.0000 -0.0003
887.0000 -0.0002
888.0000 -0.0001
889.0000 -0.0001
890.0000 -0.0000
891.0000 0.0000
892.0000 0.0000
893.0000 0.0001
894.0000 0.0001
895.0000 0.0000
896.0000 0.0000
897.0000 0.0000
898.0000 0.0000
899.0000 0.0000
900.0000 -0.0000
901.0000 -0.0000
902.0000 -0.0000
903.0000 -0.0000
904.0000 -0.0000
905.0000 -0.0001
906.0000 -0.0001
907.0000 -0.0001
908.0000 -0.0001
909.0000 -0.0001
910.0000 -0.0001
911.0000 -0.0001
912.0000 -0.0001
913.0000 -0.0001
914.0000 -0.0001
915.0000 -0.0001
916.0000 -0.0001
917.0000 -0.0001
918.0000 -0.0001
919.0000 -0.0001
920.0000 -0.0001
921.0000 -0.0001
922.0000 -0.0001
923.0000 -0.0001
924.0000 -0.0001
925.0000 -0.0001
926.0000 -0.0001
927.0000 -0.0001
928.0000 -0.0001
929.0000 -0.0001
930.0000 -0.0001
931.0000 -0.0001
932.0000 -0.0001
933.0000 -0.0001
934.0000 -0.0001
935.0000 -0.0001
936.0000 -0.0001
937.0000 -0.0001
938.0000 -0.0001
939.0000 -0.0001
940.0000 -0.0001
941.0000 -0.0001
942.0000 -0.0001
943.0000 -0.0001
944.0000 -0.0001
945.0000 -0.0001
946.0000 -0.0001
947.0000 -0.0001
948.0000 -0.0001
949.0000 -0.0001
950.0000 -0.0001
951.0000 -0.0000
952.0000 -0.0000
953.0000 -0.0000
954.0000 -0.0000
955.0000 -0.0000
956.0000 -0.0000
957.0000 -0.0000
958.0000 -0.0000
959.0000 -0.0000
960.0000 -0.0000
961.0000 -0.0000
962.0000 -0.0000
963.0000 -0.0000
964.0000 -0.0000
965.0000 -0.0000
966.0000 -0.0000
967.0000 -0.0000
968.0000 0.0000
969.0000 0.0000
970.0000 0.0000
971.0000 0.0000
972.0000 0.0000
973.0000 0.0000
974.0000 0.0000
975.0000 0.0000
976.0000 0.0000
977.0000 0.0000
978.0000 0.0000
979.0000 0.0000
980.0000 0.0000
981.0000 0.0000
982.0000 0.0000
983.0000 0.0000
984.0000 0.0000
985.0000 0.0000
986.0000 0.0000
987.0000 0.0000
988.0000 0.0000
989.0000 0.0000
990.0000 0.0000
991.0000 0.0000
992.0000 0.0000
993.0000 0.0000
994.0000 0.0000
995.0000 0.0000
996.0000 0.0000
997.0000 0.0000
998.0000 0.0000
999.0000 0.0000
1000.0000 0.0000
1001.0000 0.0000
1002.0000 0.0000
1003.0000 0.0000
1004.0000 0.0000
1005.0000 0.0000
1006.0000 0.0000
1007.0000 0.0000
1008.0000 0.0000
1009.0000 0.0000
1010.0000 0.0000
1011.0000 0.0000
1012.0000 0.0000
1013.0000 0.0000
1014.0000 0.0000
1015.0000 0.0000
1016.0000 0.0000
1017.0000 0.0000
1018.0000 0.0000
1019.0000 0.0000
1020.0000 0.0000
1021.0000 0.0000
1022.0000 0.0000
1023.0000 0.0000
1024.0000 0.0000
1025.0000 0.0000
1026.0000 0.0000
1027.0000 0.0000
1028.0000 0.0000
1029.0000 0.0000
1030.0000 0.0000
1031.0000 0.0000
1032.0000 0.0000
1033.0000 0.0000
1034.0000 0.0000
1035.0000 0.0000
1036.0000 0.0000
1037.0000 0.0000
1038.0000 0.0000
1039.0000 0.0000
1040.0000 0.0000
1041.0000 0.0000
1042.0000 0.0000
1043.0000 0.0000
1044.0000 0.0000
1045.0000 0.0000
1046.0000 0.0000
1047.0000 0.0000
1048.0000 0.0000
1049.0000 0.0000
1050.0000 0.0000
1051.0000 0.0000
1052.0000 0.0000
1053.0000 0.0000
1054.0000 0.0000
1055.0000 0.0000
1056.0000 0.0000
1057.0000 0.0000
1058.0000 0.0000
1059.0000 0.0000
1060.0000 0.0000
1061.0000 0.0000
1062.0000 0.0000
1063.0000 0.0000
1064.0000 0.0000
1065.0000 0.0000
1066.0000 0.0000
1067.0000 0.0000
1068.0000 0.0000
1069.0000 0.0000
1070.0000 0.0000
1071.0000 0.0000
1072.0000 0.0000
1073.0000 0.0000
1074.0000 0.0000
1075.0000 0.0000
1076.0000 0.0000
1077.0000 0.0000
1078.0000 0.0000
1079.0000 0.0000
1080.0000 0.0000
1081.0000 0.0000
1082.0000 0.0000
1083.0000 0.0000
1084.0000 0.0000
1085.0000 0.0000
1086.0000 0.0000
1087.0000 0.0000
1088.0000 0.0000
1089.0000 0.0000
1090.0000 0.0000
1091.0000 0.0000
1092.0000 0.0000
1093.0000 0.0000
1094.0000 0.0000
1095.0000 0.0000
1096.0000 0.0000
1097.0000 0.0000
1098.0000 0.0000
1099.0000 0.0000
1100.0000 0.0000
