1.0000 0.0000
2.0000 0.0000
3.0000 0.0000
4.0000 0.0000
5.0000 0.0000
6.0000 0.0000
7.0000 0.0000
8.0000 0.0000
9.0000 0.0000
10.0000 2.6948
11.0000 1.4674
12.0000 0.4955
13.0000 0.0693
14.0000 0.0409
15.0000 0.1912
16.0000 0.3608
17.0000 0.4795
18.0000 0.5370
19.0000 0.5484
20.0000 0.5326
21.0000 0.5058
22.0000 0.4766
23.0000 0.4499
24.0000 0.4278
25.0000 0.4101
26.0000 0.3980
27.0000 0.3885
28.0000 0.3826
29.0000 0.3765
30.0000 0.3738
31.0000 0.3714
32.0000 0.3714
33.0000 0.3710
34.0000 0.3705
35.0000 0.3710
36.0000 0.3705
37.0000 0.3708
38.0000 0.3722
39.0000 0.3727
40.0000 0.3709
41.0000 0.3710
42.0000 0.3729
43.0000 0.3747
44.0000 0.3732
45.0000 0.3730
46.0000 0.3731
47.0000 0.3741
48.0000 0.3735
49.0000 0.3740
50.0000 0.3745
51.0000 0.3738
52.0000 0.3747
53.0000 0.3734
54.0000 0.3742
55.0000 0.3740
56.0000 0.3756
57.0000 0.3764
58.0000 0.3758
59.0000 0.3743
60.0000 0.3757
61.0000 0.3770
62.0000 0.3772
63.0000 0.3773
64.0000 0.3772
65.0000 0.3779
66.0000 0.3781
67.0000 0.3781
68.0000 0.3779
69.0000 0.3778
70.0000 0.3788
71.0000 0.3777
72.0000 0.3778
73.0000 0.3774
74.0000 0.3769
75.0000 0.3755
76.0000 0.3760
77.0000 0.3775
78.0000 0.3758
79.0000 0.3746
80.0000 0.3746
81.0000 0.3750
82.0000 0.3756
83.0000 0.3756
84.0000 0.3751
85.0000 0.3767
86.0000 0.3754
87.0000 0.3739
88.0000 0.3747
89.0000 0.3746
90.0000 0.3769
91.0000 0.3696
92.0000 0.3693
93.0000 0.3721
94.0000 0.3740
95.0000 0.3743
96.0000 0.3733
97.0000 0.3718
98.0000 0.3705
99.0000 0.3694
100.0000 0.3688
101.0000 0.3684
102.0000 0.3682
103.0000 0.3682
104.0000 0.3682
105.0000 0.3682
106.0000 0.3683
107.0000 0.3683
108.0000 0.3684
109.0000 0.3684
110.0000 0.3685
111.0000 0.3686
112.0000 0.3686
113.0000 0.3686
114.0000 0.3687
115.0000 0.3687
116.0000 0.3688
117.0000 0.3688
118.0000 0.3688
119.0000 0.3689
120.0000 0.3689
121.0000 0.3689
122.0000 0.3689
123.0000 0.3689
124.0000 0.3690
125.0000 0.3690
126.0000 0.3690
127.0000 0.3690
128.0000 0.3690
129.0000 0.3690
130.0000 0.3690
131.0000 0.3691
132.0000 0.3691
133.0000 0.3691
134.0000 0.3691
135.0000 0.3691
136.0000 0.3691
137.0000 0.3691
138.0000 0.3691
139.0000 0.3691
140.0000 0.3691
141.0000 0.3691
142.0000 0.3691
143.0000 0.3691
144.0000 0.3691
145.0000 0.3691
146.0000 0.3690
147.0000 0.3690
148.0000 0.3690
149.0000 0.3690
150.0000 0.3690
151.0000 0.3690
152.0000 0.3690
153.0000 0.3690
154.0000 0.3690
155.0000 0.3690
156.0000 0.3689
157.0000 0.3689
158.0000 0.3689
159.0000 0.3689
160.0000 0.3689
161.0000 0.3689
162.0000 0.3689
163.0000 0.3689
164.0000 0.3689
165.0000 0.3689
166.0000 0.3689
167.0000 0.3689
168.0000 0.3689
169.0000 0.3689
170.0000 0.3689
171.0000 0.3689
172.0000 0.3689
173.0000 0.3689
174.0000 0.3689
175.0000 0.3688
176.0000 0.3688
177.0000 0.3688
178.0000 0.3688
179.0000 0.3688
180.0000 0.3688
181.0000 0.3688
182.0000 0.3688
183.0000 0.3688
184.0000 0.3688
185.0000 0.3688
186.0000 0.3688
187.0000 0.3688
188.0000 0.3688
189.0000 0.3688
190.0000 0.3688
191.0000 0.3688
192.0000 0.3688
193.0000 0.3688
194.0000 0.3688
195.0000 0.3688
196.0000 0.3687
197.0000 0.3687
198.0000 0.3687
199.0000 0.3687
200.0000 -5.0210
201.0000 -2.5661
202.0000 -0.6222
203.0000 0.2302
204.0000 0.2868
205.0000 -0.0138
206.0000 -0.3529
207.0000 -0.5903
208.0000 -0.7053
209.0000 -0.7281
210.0000 -0.6965
211.0000 -0.6429
212.0000 -0.5845
213.0000 -0.5312
214.0000 -0.4868
215.0000 -0.4516
216.0000 -0.4274
217.0000 -0.4083
218.0000 -0.3966
219.0000 -0.3843
220.0000 -0.3788
221.0000 -0.3742
222.0000 -0.3741
223.0000 -0.3733
224.0000 -0.3723
225.0000 -0.3734
226.0000 -0.3724
227.0000 -0.3728
228.0000 -0.3757
229.0000 -0.3768
230.0000 -0.3732
231.0000 -0.3734
232.0000 -0.3772
233.0000 -0.3808
234.0000 -0.3778
235.0000 -0.3774
236.0000 -0.3775
237.0000 -0.3795
238.0000 -0.3782
239.0000 -0.3793
240.0000 -0.3803
241.0000 -0.3789
242.0000 -0.3807
243.0000 -0.3782
244.0000 -0.3796
245.0000 -0.3794
246.0000 -0.3826
247.0000 -0.3841
248.0000 -0.3829
249.0000 -0.3799
250.0000 -0.3828
251.0000 -0.3853
252.0000 -0.3857
253.0000 -0.3859
254.0000 -0.3858
255.0000 -0.3872
256.0000 -0.3876
257.0000 -0.3875
258.0000 -0.3871
259.0000 -0.3870
260.0000 -0.3890
261.0000 -0.3868
262.0000 -0.3868
263.0000 -0.3862
264.0000 -0.3852
265.0000 -0.3824
266.0000 -0.3834
267.0000 -0.3864
268.0000 -0.3829
269.0000 -0.3806
270.0000 -0.3805
271.0000 -0.3814
272.0000 -0.3826
273.0000 -0.3826
274.0000 -0.3815
275.0000 -0.3848
276.0000 -0.3821
277.0000 -0.3792
278.0000 -0.3807
279.0000 -0.3806
280.0000 -0.3852
281.0000 -0.3706
282.0000 -0.3700
283.0000 -0.3755
284.0000 -0.3794
285.0000 -0.3798
286.0000 -0.3779
287.0000 -0.3750
288.0000 -0.3723
289.0000 -0.3702
290.0000 -0.3689
291.0000 -0.3682
292.0000 -0.3678
293.0000 -0.3677
294.0000 -0.3677
295.0000 -0.3678
296.0000 -0.3679
297.0000 -0.3680
298.0000 -0.3681
299.0000 -0.3682
300.0000 -0.3683
301.0000 -0.3684
302.0000 -0.3685
303.0000 -0.3686
304.0000 -0.3687
305.0000 -0.3688
306.0000 -0.3689
307.0000 -0.3689
308.0000 -0.3690
309.0000 -0.3691
310.0000 -0.3691
311.0000 -0.3692
312.0000 -0.3692
313.0000 -0.3692
314.0000 -0.3693
315.0000 -0.3693
316.0000 -0.3693
317.0000 -0.3694
318.0000 -0.3694
319.0000 -0.3694
320.0000 -0.3694
321.0000 -0.3694
322.0000 -0.3695
323.0000 -0.3695
324.0000 -0.3695
325.0000 -0.3695
326.0000 -0.3695
327.0000 -0.3695
328.0000 -0.3695
329.0000 -0.3695
330.0000 -0.3695
331.0000 -0.3695
332.0000 -0.3695
333.0000 -0.3695
334.0000 -0.3695
335.0000 -0.3695
336.0000 -0.3694
337.0000 -0.3694
338.0000 -0.3694
339.0000 -0.3694
340.0000 -0.3694
341.0000 -0.3693
342.0000 -0.3693
343.0000 -0.3693
344.0000 -0.3693
345.0000 -0.3692
346.0000 -0.3692
347.0000 -0.3692
348.0000 -0.3692
349.0000 -0.3692
350.0000 -0.3692
351.0000 -0.3692
352.0000 -0.3692
353.0000 -0.3692
354.0000 -0.3691
355.0000 -0.3691
356.0000 -0.3691
357.0000 -0.3691
358.0000 -0.3691
359.0000 -0.3691
360.0000 -0.3691
361.0000 -0.3691
362.0000 -0.3691
363.0000 -0.3691
364.0000 -0.3691
365.0000 -0.3690
366.0000 -0.3690
367.0000 -0.3690
368.0000 -0.3690
369.0000 -0.3690
370.0000 -0.3690
371.0000 -0.3690
372.0000 -0.3690
373.0000 -0.3690
374.0000 -0.3690
375.0000 -0.3689
376.0000 -0.3689
377.0000 -0.3689
378.0000 -0.3689
379.0000 -0.3689
380.0000 -0.3689
381.0000 -0.3689
382.0000 -0.3689
383.0000 -0.3689
384.0000 -0.3689
385.0000 -0.3688
386.0000 -0.3688
387.0000 -0.3688
388.0000 -0.3688
389.0000 -0.3688
390.0000 -0.3688
391.0000 -0.3688
392.0000 -0.3688
393.0000 -0.3688
394.0000 -0.3688
395.0000 -0.3688
396.0000 -0.3688
397.0000 -0.3688
398.0000 -0.3688
399.0000 -0.3688
400.0000 -0.3688
401.0000 -0.3688
402.0000 -0.3688
403.0000 -0.3687
404.0000 -0.3687
405.0000 -0.3687
406.0000 -0.3687
407.0000 -0.3687
408.0000 -0.3687
409.0000 -0.3687
410.0000 -0.3687
411.0000 -0.3687
412.0000 -0.3687
413.0000 -0.3687
414.0000 -0.3687
415.0000 -0.3687
416.0000 -0.3687
417.0000 -0.3687
418.0000 -0.3687
419.0000 -0.3687
420.0000 -0.3687
421.0000 -0.3687
422.0000 -0.3687
423.0000 -0.3687
424.0000 -0.3687
425.0000 -0.3687
426.0000 -0.3687
427.0000 -0.3687
428.0000 -0.3687
429.0000 -0.3687
430.0000 -0.3687
431.0000 -0.3687
432.0000 -0.3687
433.0000 -0.3687
434.0000 -0.3687
435.0000 -0.3687
436.0000 -0.3687
437.0000 -0.3687
438.0000 -0.3687
439.0000 -0.3687
440.0000 -0.3687
441.0000 -0.3687
442.0000 -0.3687
443.0000 -0.3687
444.0000 -0.3687
445.0000 -0.3687
446.0000 -0.3687
447.0000 -0.3687
448.0000 -0.3687
449.0000 -0.3687
450.0000 -0.3687
451.0000 -0.3687
452.0000 -0.3687
453.0000 -0.3687
454.0000 -0.3687
455.0000 -0.3687
456.0000 -0.3687
457.0000 -0.3687
458.0000 -0.3687
459.0000 -0.3687
460.0000 -0.3687
461.0000 -0.3687
462.0000 -0.3687
463.0000 -0.3687
464.0000 -0.3687
465.0000 -0.3687
466.0000 -0.3687
467.0000 -0.3687
468.0000 -0.3687
469.0000 -0.3687
470.0000 -0.3687
471.0000 -0.3687
472.0000 -0.3687
473.0000 -0.3687
474.0000 -0.3687
475.0000 -0.3687
476.0000 -0.3687
477.0000 -0.3687
478.0000 -0.3687
479.0000 -0.3687
480.0000 -0.3687
481.0000 -0.3687
482.0000 -0.3687
483.0000 -0.3687
484.0000 -0.3687
485.0000 -0.3687
486.0000 -0.3687
487.0000 -0.3687
488.0000 -0.3687
489.0000 -0.3687
490.0000 -0.3687
491.0000 -0.3687
492.0000 -0.3687
493.0000 -0.3687
494.0000 -0.3687
495.0000 -0.3687
496.0000 -0.3687
497.0000 -0.3687
498.0000 -0.3687
499.0000 -0.3687
500.0000 4.3473
501.0000 2.1993
502.0000 0.4984
503.0000 -0.2474
504.0000 -0.2970
505.0000 -0.0340
506.0000 0.2628
507.0000 0.4705
508.0000 0.5711
509.0000 0.5911
510.0000 0.5634
511.0000 0.5165
512.0000 0.4654
513.0000 0.4187
514.0000 0.3799
515.0000 0.3491
516.0000 0.3279
517.0000 0.3112
518.0000 0.3009
519.0000 0.2902
520.0000 0.2854
521.0000 0.2814
522.0000 0.2813
523.0000 0.2806
524.0000 0.2797
525.0000 0.2807
526.0000 0.2798
527.0000 0.2802
528.0000 0.2827
529.0000 0.2836
530.0000 0.2805
531.0000 0.2807
532.0000 0.2840
533.0000 0.2871
534.0000 0.2845
535.0000 0.2841
536.0000 0.2842
537.0000 0.2860
538.0000 0.2849
539.0000 0.2858
540.0000 0.2867
541.0000 0.2855
542.0000 0.2871
543.0000 0.2848
544.0000 0.2861
545.0000 0.2859
546.0000 0.2887
547.0000 0.2901
548.0000 0.2890
549.0000 0.2864
550.0000 0.2889
551.0000 0.2910
552.0000 0.2914
553.0000 0.2916
554.0000 0.2915
555.0000 0.2927
556.0000 0.2931
557.0000 0.2930
558.0000 0.2927
559.0000 0.2925
560.0000 0.2943
561.0000 0.2924
562.0000 0.2924
563.0000 0.2919
564.0000 0.2910
565.0000 0.2885
566.0000 0.2894
567.0000 0.2920
568.0000 0.2890
569.0000 0.2869
570.0000 0.2868
571.0000 0.2877
572.0000 0.2887
573.0000 0.2887
574.0000 0.2877
575.0000 0.2906
576.0000 0.2882
577.0000 0.2857
578.0000 0.2870
579.0000 0.2869
580.0000 0.2910
581.0000 0.2782
582.0000 0.2777
583.0000 0.2825
584.0000 0.2859
585.0000 0.2863
586.0000 0.2845
587.0000 0.2820
588.0000 0.2797
589.0000 0.2779
590.0000 0.2767
591.0000 0.2761
592.0000 0.2758
593.0000 0.2757
594.0000 0.2757
595.0000 0.2758
596.0000 0.2759
597.0000 0.2759
598.0000 0.2760
599.0000 0.2761
600.0000 0.2762
601.0000 0.2763
602.0000 0.2764
603.0000 0.2765
604.0000 0.2765
605.0000 0.2766
606.0000 0.2767
607.0000 0.2767
608.0000 0.2768
609.0000 0.2768
610.0000 0.2769
611.0000 0.2769
612.0000 0.2770
613.0000 0.2770
614.0000 0.2770
615.0000 0.2771
616.0000 0.2771
617.0000 0.2771
618.0000 0.2771
619.0000 0.2771
620.0000 0.2772
621.0000 0.2772
622.0000 0.2772
623.0000 0.2772
624.0000 0.2772
625.0000 0.2772
626.0000 0.2772
627.0000 0.2772
628.0000 0.2772
629.0000 0.2772
630.0000 0.2772
631.0000 0.2772
632.0000 0.2772
633.0000 0.2772
634.0000 0.2772
635.0000 0.2772
636.0000 0.2772
637.0000 0.2772
638.0000 0.2771
639.0000 0.2771
640.0000 0.2771
641.0000 0.2771
642.0000 0.2771
643.0000 0.2770
644.0000 0.2770
645.0000 0.2770
646.0000 0.2770
647.0000 0.2770
648.0000 0.2770
649.0000 0.2770
650.0000 0.2769
651.0000 0.2769
652.0000 0.2769
653.0000 0.2769
654.0000 0.2769
655.0000 0.2769
656.0000 0.2769
657.0000 0.2769
658.0000 0.2769
659.0000 0.2769
660.0000 0.2769
661.0000 0.2769
662.0000 0.2769
663.0000 0.2769
664.0000 0.2768
665.0000 0.2768
666.0000 0.2768
667.0000 0.2768
668.0000 0.2768
669.0000 0.2768
670.0000 0.2768
671.0000 0.2768
672.0000 0.2768
673.0000 0.2768
674.0000 0.2768
675.0000 0.2767
676.0000 0.2767
677.0000 0.2767
678.0000 0.2767
679.0000 0.2767
680.0000 0.2767
681.0000 0.2767
682.0000 0.2767
683.0000 0.2767
684.0000 0.2767
685.0000 0.2767
686.0000 0.2767
687.0000 0.2766
688.0000 0.2766
689.0000 0.2766
690.0000 0.2766
691.0000 0.2766
692.0000 0.2766
693.0000 0.2766
694.0000 0.2766
695.0000 0.2766
696.0000 0.2766
697.0000 0.2766
698.0000 0.2766
699.0000 0.2766
700.0000 0.2766
701.0000 0.2766
702.0000 0.2766
703.0000 0.2766
704.0000 0.2766
705.0000 0.2766
706.0000 0.2766
707.0000 0.2766
708.0000 0.2766
709.0000 0.2766
710.0000 0.2766
711.0000 0.2766
712.0000 0.2766
713.0000 0.2766
714.0000 0.2765
715.0000 0.2765
716.0000 0.2765
717.0000 0.2765
718.0000 0.2765
719.0000 0.2765
720.0000 0.2765
721.0000 0.2765
722.0000 0.2765
723.0000 0.2765
724.0000 0.2765
725.0000 0.2765
726.0000 0.2765
727.0000 0.2765
728.0000 0.2765
729.0000 0.2765
730.0000 0.2765
731.0000 0.2765
732.0000 0.2765
733.0000 0.2765
734.0000 0.2765
735.0000 0.2765
736.0000 0.2765
737.0000 0.2765
738.0000 0.2765
739.0000 0.2765
740.0000 0.2765
741.0000 0.2765
742.0000 0.2765
743.0000 0.2765
744.0000 0.2765
745.0000 0.2765
746.0000 0.2765
747.0000 0.2765
748.0000 0.2765
749.0000 0.2765
750.0000 0.2765
751.0000 0.2765
752.0000 0.2765
753.0000 0.2765
754.0000 0.2765
755.0000 0.2765
756.0000 0.2765
757.0000 0.2765
758.0000 0.2765
759.0000 0.2765
760.0000 0.2765
761.0000 0.2765
762.0000 0.2765
763.0000 0.2765
764.0000 0.2765
765.0000 0.2765
766.0000 0.2765
767.0000 0.2765
768.0000 0.2765
769.0000 0.2765
770.0000 0.2765
771.0000 0.2765
772.0000 0.2765
773.0000 0.2765
774.0000 0.2765
775.0000 0.2765
776.0000 0.2765
777.0000 0.2765
778.0000 0.2765
779.0000 0.2765
780.0000 0.2765
781.0000 0.2765
782.0000 0.2765
783.0000 0.2765
784.0000 0.2765
785.0000 0.2765
786.0000 0.2765
787.0000 0.2765
788.0000 0.2765
789.0000 0.2765
790.0000 0.2765
791.0000 0.2765
792.0000 0.2765
793.0000 0.2765
794.0000 0.2765
795.0000 0.2765
796.0000 0.2765
797.0000 0.2765
798.0000 0.2765
799.0000 0.2765
800.0000 -1.7446
801.0000 -0.8241
802.0000 -0.0951
803.0000 0.2245
804.0000 0.2458
805.0000 0.1331
806.0000 0.0059
807.0000 -0.0831
808.0000 -0.1262
809.0000 -0.1348
810.0000 -0.1229
811.0000 -0.1029
812.0000 -0.0810
813.0000 -0.0610
814.0000 -0.0443
815.0000 -0.0311
816.0000 -0.0220
817.0000 -0.0149
818.0000 -0.0105
819.0000 -0.0059
820.0000 -0.0038
821.0000 -0.0021
822.0000 -0.0020
823.0000 -0.0017
824.0000 -0.0014
825.0000 -0.0018
826.0000 -0.0014
827.0000 -0.0016
828.0000 -0.0026
829.0000 -0.0031
830.0000 -0.0017
831.0000 -0.0018
832.0000 -0.0032
833.0000 -0.0045
834.0000 -0.0034
835.0000 -0.0033
836.0000 -0.0033
837.0000 -0.0041
838.0000 -0.0036
839.0000 -0.0040
840.0000 -0.0044
841.0000 -0.0039
842.0000 -0.0045
843.0000 -0.0036
844.0000 -0.0041
845.0000 -0.0040
846.0000 -0.0052
847.0000 -0.0058
848.0000 -0.0054
849.0000 -0.0042
850.0000 -0.0053
851.0000 -0.0062
852.0000 -0.0064
853.0000 -0.0065
854.0000 -0.0064
855.0000 -0.0069
856.0000 -0.0071
857.0000 -0.0071
858.0000 -0.0069
859.0000 -0.0069
860.0000 -0.0076
861.0000 -0.0068
862.0000 -0.0068
863.0000 -0.0066
864.0000 -0.0062
865.0000 -0.0052
866.0000 -0.0055
867.0000 -0.0067
868.0000 -0.0054
869.0000 -0.0045
870.0000 -0.0044
871.0000 -0.0048
872.0000 -0.0052
873.0000 -0.0052
874.0000 -0.0048
875.0000 -0.0060
876.0000 -0.0050
877.0000 -0.0039
878.0000 -0.0045
879.0000 -0.0045
880.0000 -0.0062
881.0000 -0.0007
882.0000 -0.0005
883.0000 -0.0026
884.0000 -0.0040
885.0000 -0.0042
886.0000 -0.0035
887.0000 -0.0024
888.0000 -0.0014
889.0000 -0.0006
890.0000 -0.0001
891.0000 0.0002
892.0000 0.0003
893.0000 0.0004
894.0000 0.0003
895.0000 0.0003
896.0000 0.0003
897.0000 0.0002
898.0000 0.0002
899.0000 0.0002
900.0000 0.0001
901.0000 0.0001
902.0000 0.0000
903.0000 0.0000
904.0000 -0.0000
905.0000 -0.0000
906.0000 -0.0001
907.0000 -0.0001
908.0000 -0.0001
909.0000 -0.0001
910.0000 -0.0002
911.0000 -0.0002
912.0000 -0.0002
913.0000 -0.0002
914.0000 -0.0002
915.0000 -0.0002
916.0000 -0.0003
917.0000 -0.0003
918.0000 -0.0003
919.0000 -0.0003
920.0000 -0.0003
921.0000 -0.0003
922.0000 -0.0003
923.0000 -0.0003
924.0000 -0.0003
925.0000 -0.0003
926.0000 -0.0003
927.0000 -0.0003
928.0000 -0.0003
929.0000 -0.0003
930.0000 -0.0003
931.0000 -0.0003
932.0000 -0.0003
933.0000 -0.0003
934.0000 -0.0003
935.0000 -0.0003
936.0000 -0.0003
937.0000 -0.0003
938.0000 -0.0003
939.0000 -0.0003
940.0000 -0.0003
941.0000 -0.0003
942.0000 -0.0002
943.0000 -0.0002
944.0000 -0.0002
945.0000 -0.0002
946.0000 -0.0002
947.0000 -0.0002
948.0000 -0.0002
949.0000 -0.0002
950.0000 -0.0002
951.0000 -0.0002
952.0000 -0.0002
953.0000 -0.0002
954.0000 -0.0002
955.0000 -0.0002
956.0000 -0.0002
957.0000 -0.0002
958.0000 -0.0002
959.0000 -0.0002
960.0000 -0.0002
961.0000 -0.0002
962.0000 -0.0002
963.0000 -0.0002
964.0000 -0.0001
965.0000 -0.0001
966.0000 -0.0001
967.0000 -0.0001
968.0000 -0.0001
969.0000 -0.0001
970.0000 -0.0001
971.0000 -0.0001
972.0000 -0.0001
973.0000 -0.0001
974.0000 -0.0001
975.0000 -0.0001
976.0000 -0.0001
977.0000 -0.0001
978.0000 -0.0001
979.0000 -0.0001
980.0000 -0.0001
981.0000 -0.0001
982.0000 -0.0001
983.0000 -0.0001
984.0000 -0.0001
985.0000 -0.0001
986.0000 -0.0001
987.0000 -0.0001
988.0000 -0.0001
989.0000 -0.0001
990.0000 -0.0001
991.0000 -0.0001
992.0000 -0.0001
993.0000 -0.0001
994.0000 -0.0000
995.0000 -0.0000
996.0000 -0.0000
997.0000 -0.0000
998.0000 -0.0000
999.0000 -0.0000
1000.0000 -0.0000
1001.0000 -0.0000
1002.0000 -0.0000
1003.0000 -0.0000
1004.0000 -0.0000
1005.0000 -0.0000
1006.0000 -0.0000
1007.0000 -0.0000
1008.0000 -0.0000
1009.0000 -0.0000
1010.0000 -0.0000
1011.0000 -0.0000
1012.0000 -0.0000
1013.0000 -0.0000
1014.0000 -0.0000
1015.0000 -0.0000
1016.0000 -0.0000
1017.0000 -0.0000
1018.0000 -0.0000
1019.0000 -0.0000
1020.0000 -0.0000
1021.0000 -0.0000
1022.0000 -0.0000
1023.0000 -0.0000
1024.0000 -0.0000
1025.0000 -0.0000
1026.0000 -0.0000
1027.0000 -0.0000
1028.0000 -0.0000
1029.0000 -0.0000
1030.0000 -0.0000
1031.0000 -0.0000
1032.0000 -0.0000
1033.0000 -0.0000
1034.0000 -0.0000
1035.0000 -0.0000
1036.0000 -0.0000
1037.0000 -0.0000
1038.0000 -0.0000
1039.0000 -0.0000
1040.0000 -0.0000
1041.0000 -0.0000
1042.0000 -0.0000
1043.0000 -0.0000
1044.0000 -0.0000
1045.0000 -0.0000
1046.0000 -0.0000
1047.0000 -0.0000
1048.0000 -0.0000
1049.0000 -0.0000
1050.0000 -0.0000
1051.0000 -0.0000
1052.0000 -0.0000
1053.0000 -0.0000
1054.0000 -0.0000
1055.0000 -0.0000
1056.0000 -0.0000
1057.0000 -0.0000
1058.0000 -0.0000
1059.0000 -0.0000
1060.0000 -0.0000
1061.0000 -0.0000
1062.0000 -0.0000
1063.0000 -0.0000
1064.0000 -0.0000
1065.0000 -0.0000
1066.0000 -0.0000
1067.0000 -0.0000
1068.0000 -0.0000
1069.0000 -0.0000
1070.0000 -0.0000
1071.0000 -0.0000
1072.0000 -0.0000
1073.0000 -0.0000
1074.0000 -0.0000
1075.0000 -0.0000
1076.0000 -0.0000
1077.0000 -0.0000
1078.0000 -0.0000
1079.0000 -0.0000
1080.0000 -0.0000
1081.0000 -0.0000
1082.0000 -0.0000
1083.0000 -0.0000
1084.0000 -0.0000
1085.0000 -0.0000
1086.0000 -0.0000
1087.0000 -0.0000
1088.0000 -0.0000
1089.0000 -0.0000
1090.0000 -0.0000
1091.0000 -0.0000
1092.0000 -0.0000
1093.0000 -0.0000
1094.0000 -0.0000
1095.0000 -0.0000
1096.0000 -0.0000
1097.0000 -0.0000
1098.0000 -0.0000
1099.0000 -0.0000
1100.0000 -0.0000
