1.0000 0.0000
2.0000 0.0000
3.0000 0.0000
4.0000 0.0000
5.0000 0.0000
6.0000 0.0000
7.0000 0.0000
8.0000 0.0000
9.0000 0.0000
10.0000 0.0000
11.0000 0.3448
12.0000 0.7873
13.0000 1.2015
14.0000 1.5364
15.0000 1.7819
16.0000 1.9470
17.0000 2.0476
18.0000 2.1004
19.0000 2.1202
20.0000 2.1190
21.0000 2.1058
22.0000 2.0871
23.0000 2.0672
24.0000 2.0487
25.0000 2.0328
26.0000 2.0202
27.0000 2.0108
28.0000 2.0041
29.0000 1.9998
30.0000 1.9972
31.0000 1.9959
32.0000 1.9955
33.0000 1.9956
34.0000 1.9960
35.0000 1.9966
36.0000 1.9973
37.0000 1.9979
38.0000 1.9985
39.0000 1.9990
40.0000 1.9994
41.0000 1.9998
42.0000 2.0001
43.0000 2.0003
44.0000 2.0005
45.0000 2.0006
46.0000 2.0007
47.0000 2.0008
48.0000 2.0008
49.0000 2.0009
50.0000 2.0009
51.0000 2.0009
52.0000 2.0009
53.0000 2.0008
54.0000 2.0008
55.0000 2.0008
56.0000 2.0007
57.0000 2.0006
58.0000 2.0005
59.0000 2.0004
60.0000 2.0003
61.0000 2.0002
62.0000 2.0001
63.0000 2.0000
64.0000 1.9999
65.0000 1.9998
66.0000 1.9997
67.0000 1.9996
68.0000 1.9995
69.0000 1.9994
70.0000 1.9994
71.0000 1.9993
72.0000 1.9993
73.0000 1.9992
74.0000 1.9992
75.0000 1.9992
76.0000 1.9992
77.0000 1.9992
78.0000 1.9992
79.0000 1.9993
80.0000 1.9993
81.0000 1.9994
82.0000 1.9995
83.0000 1.9997
84.0000 1.9998
85.0000 2.0000
86.0000 2.0003
87.0000 2.0005
88.0000 2.0008
89.0000 2.0011
90.0000 2.0015
91.0000 2.0020
92.0000 2.0023
93.0000 2.0024
94.0000 2.0023
95.0000 2.0020
96.0000 2.0016
97.0000 2.0012
98.0000 2.0008
99.0000 2.0005
100.0000 2.0003
101.0000 2.0002
102.0000 2.0001
103.0000 2.0000
104.0000 2.0000
105.0000 2.0000
106.0000 2.0001
107.0000 2.0001
108.0000 2.0001
109.0000 2.0001
110.0000 2.0001
111.0000 2.0001
112.0000 2.0001
113.0000 2.0000
114.0000 2.0000
115.0000 2.0000
116.0000 2.0000
117.0000 2.0000
118.0000 1.9999
119.0000 1.9999
120.0000 1.9999
121.0000 1.9999
122.0000 1.9999
123.0000 1.9999
124.0000 1.9999
125.0000 1.9999
126.0000 1.9999
127.0000 1.9999
128.0000 1.9999
129.0000 1.9999
130.0000 1.9999
131.0000 1.9999
132.0000 1.9999
133.0000 1.9999
134.0000 1.9999
135.0000 1.9999
136.0000 1.9999
137.0000 1.9999
138.0000 1.9999
139.0000 1.9999
140.0000 1.9999
141.0000 1.9999
142.0000 1.9999
143.0000 1.9999
144.0000 1.9999
145.0000 1.9999
146.0000 1.9999
147.0000 1.9999
148.0000 2.0000
149.0000 2.0000
150.0000 2.0000
151.0000 2.0000
152.0000 2.0000
153.0000 2.0000
154.0000 2.0000
155.0000 2.0000
156.0000 2.0000
157.0000 2.0000
158.0000 2.0000
159.0000 2.0000
160.0000 2.0000
161.0000 2.0000
162.0000 2.0000
163.0000 2.0000
164.0000 2.0000
165.0000 2.0000
166.0000 2.0000
167.0000 2.0000
168.0000 2.0000
169.0000 2.0000
170.0000 2.0000
171.0000 2.0000
172.0000 2.0000
173.0000 2.0000
174.0000 2.0000
175.0000 2.0000
176.0000 2.0000
177.0000 2.0000
178.0000 2.0000
179.0000 2.0000
180.0000 2.0000
181.0000 2.0000
182.0000 2.0000
183.0000 2.0000
184.0000 2.0000
185.0000 2.0000
186.0000 2.0000
187.0000 2.0000
188.0000 2.0000
189.0000 2.0000
190.0000 2.0000
191.0000 2.0000
192.0000 2.0000
193.0000 2.0000
194.0000 2.0000
195.0000 2.0000
196.0000 2.0000
197.0000 2.0000
198.0000 2.0000
199.0000 2.0000
200.0000 2.0000
201.0000 1.3105
202.0000 0.4254
203.0000 -0.4031
204.0000 -1.0728
205.0000 -1.5638
206.0000 -1.8940
207.0000 -2.0952
208.0000 -2.2008
209.0000 -2.2405
210.0000 -2.2380
211.0000 -2.2116
212.0000 -2.1742
213.0000 -2.1344
214.0000 -2.0973
215.0000 -2.0657
216.0000 -2.0405
217.0000 -2.0216
218.0000 -2.0083
219.0000 -1.9996
220.0000 -1.9944
221.0000 -1.9918
222.0000 -1.9910
223.0000 -1.9912
224.0000 -1.9921
225.0000 -1.9933
226.0000 -1.9946
227.0000 -1.9958
228.0000 -1.9970
229.0000 -1.9980
230.0000 -1.9988
231.0000 -1.9995
232.0000 -2.0001
233.0000 -2.0006
234.0000 -2.0009
235.0000 -2.0012
236.0000 -2.0014
237.0000 -2.0015
238.0000 -2.0016
239.0000 -2.0017
240.0000 -2.0017
241.0000 -2.0017
242.0000 -2.0017
243.0000 -2.0017
244.0000 -2.0016
245.0000 -2.0015
246.0000 -2.0014
247.0000 -2.0012
248.0000 -2.0010
249.0000 -2.0009
250.0000 -2.0007
251.0000 -2.0004
252.0000 -2.0002
253.0000 -2.0000
254.0000 -1.9998
255.0000 -1.9995
256.0000 -1.9993
257.0000 -1.9991
258.0000 -1.9990
259.0000 -1.9989
260.0000 -1.9988
261.0000 -1.9987
262.0000 -1.9986
263.0000 -1.9985
264.0000 -1.9984
265.0000 -1.9983
266.0000 -1.9983
267.0000 -1.9984
268.0000 -1.9984
269.0000 -1.9985
270.0000 -1.9987
271.0000 -1.9989
272.0000 -1.9991
273.0000 -1.9994
274.0000 -1.9997
275.0000 -2.0001
276.0000 -2.0005
277.0000 -2.0010
278.0000 -2.0016
279.0000 -2.0023
280.0000 -2.0031
281.0000 -2.0040
282.0000 -2.0046
283.0000 -2.0048
284.0000 -2.0046
285.0000 -2.0040
286.0000 -2.0032
287.0000 -2.0024
288.0000 -2.0017
289.0000 -2.0011
290.0000 -2.0006
291.0000 -2.0003
292.0000 -2.0002
293.0000 -2.0001
294.0000 -2.0001
295.0000 -2.0001
296.0000 -2.0001
297.0000 -2.0002
298.0000 -2.0002
299.0000 -2.0002
300.0000 -2.0002
301.0000 -2.0002
302.0000 -2.0001
303.0000 -2.0001
304.0000 -2.0001
305.0000 -2.0000
306.0000 -2.0000
307.0000 -1.9999
308.0000 -1.9999
309.0000 -1.9999
310.0000 -1.9998
311.0000 -1.9998
312.0000 -1.9998
313.0000 -1.9998
314.0000 -1.9998
315.0000 -1.9998
316.0000 -1.9998
317.0000 -1.9998
318.0000 -1.9998
319.0000 -1.9998
320.0000 -1.9998
321.0000 -1.9998
322.0000 -1.9998
323.0000 -1.9998
324.0000 -1.9998
325.0000 -1.9998
326.0000 -1.9998
327.0000 -1.9998
328.0000 -1.9998
329.0000 -1.9998
330.0000 -1.9998
331.0000 -1.9998
332.0000 -1.9999
333.0000 -1.9999
334.0000 -1.9999
335.0000 -1.9999
336.0000 -1.9999
337.0000 -1.9999
338.0000 -1.9999
339.0000 -1.9999
340.0000 -1.9999
341.0000 -1.9999
342.0000 -1.9999
343.0000 -1.9999
344.0000 -1.9999
345.0000 -2.0000
346.0000 -2.0000
347.0000 -2.0000
348.0000 -2.0000
349.0000 -2.0000
350.0000 -2.0000
351.0000 -2.0000
352.0000 -2.0000
353.0000 -2.0000
354.0000 -2.0000
355.0000 -2.0000
356.0000 -2.0000
357.0000 -2.0000
358.0000 -2.0000
359.0000 -2.0000
360.0000 -2.0000
361.0000 -2.0000
362.0000 -2.0000
363.0000 -2.0000
364.0000 -2.0000
365.0000 -2.0000
366.0000 -2.0000
367.0000 -2.0000
368.0000 -2.0000
369.0000 -2.0000
370.0000 -2.0000
371.0000 -2.0000
372.0000 -2.0000
373.0000 -2.0000
374.0000 -2.0000
375.0000 -2.0000
376.0000 -2.0000
377.0000 -2.0000
378.0000 -2.0000
379.0000 -2.0000
380.0000 -2.0000
381.0000 -2.0000
382.0000 -2.0000
383.0000 -2.0000
384.0000 -2.0000
385.0000 -2.0000
386.0000 -2.0000
387.0000 -2.0000
388.0000 -2.0000
389.0000 -2.0000
390.0000 -2.0000
391.0000 -2.0000
392.0000 -2.0000
393.0000 -2.0000
394.0000 -2.0000
395.0000 -2.0000
396.0000 -2.0000
397.0000 -2.0000
398.0000 -2.0000
399.0000 -2.0000
400.0000 -2.0000
401.0000 -2.0000
402.0000 -2.0000
403.0000 -2.0000
404.0000 -2.0000
405.0000 -2.0000
406.0000 -2.0000
407.0000 -2.0000
408.0000 -2.0000
409.0000 -2.0000
410.0000 -2.0000
411.0000 -2.0000
412.0000 -2.0000
413.0000 -2.0000
414.0000 -2.0000
415.0000 -2.0000
416.0000 -2.0000
417.0000 -2.0000
418.0000 -2.0000
419.0000 -2.0000
420.0000 -2.0000
421.0000 -2.0000
422.0000 -2.0000
423.0000 -2.0000
424.0000 -2.0000
425.0000 -2.0000
426.0000 -2.0000
427.0000 -2.0000
428.0000 -2.0000
429.0000 -2.0000
430.0000 -2.0000
431.0000 -2.0000
432.0000 -2.0000
433.0000 -2.0000
434.0000 -2.0000
435.0000 -2.0000
436.0000 -2.0000
437.0000 -2.0000
438.0000 -2.0000
439.0000 -2.0000
440.0000 -2.0000
441.0000 -2.0000
442.0000 -2.0000
443.0000 -2.0000
444.0000 -2.0000
445.0000 -2.0000
446.0000 -2.0000
447.0000 -2.0000
448.0000 -2.0000
449.0000 -2.0000
450.0000 -2.0000
451.0000 -2.0000
452.0000 -2.0000
453.0000 -2.0000
454.0000 -2.0000
455.0000 -2.0000
456.0000 -2.0000
457.0000 -2.0000
458.0000 -2.0000
459.0000 -2.0000
460.0000 -2.0000
461.0000 -2.0000
462.0000 -2.0000
463.0000 -2.0000
464.0000 -2.0000
465.0000 -2.0000
466.0000 -2.0000
467.0000 -2.0000
468.0000 -2.0000
469.0000 -2.0000
470.0000 -2.0000
471.0000 -2.0000
472.0000 -2.0000
473.0000 -2.0000
474.0000 -2.0000
475.0000 -2.0000
476.0000 -2.0000
477.0000 -2.0000
478.0000 -2.0000
479.0000 -2.0000
480.0000 -2.0000
481.0000 -2.0000
482.0000 -2.0000
483.0000 -2.0000
484.0000 -2.0000
485.0000 -2.0000
486.0000 -2.0000
487.0000 -2.0000
488.0000 -2.0000
489.0000 -2.0000
490.0000 -2.0000
491.0000 -2.0000
492.0000 -2.0000
493.0000 -2.0000
494.0000 -2.0000
495.0000 -2.0000
496.0000 -2.0000
497.0000 -2.0000
498.0000 -2.0000
499.0000 -2.0000
500.0000 -2.0000
501.0000 -1.3967
502.0000 -0.6222
503.0000 0.1027
504.0000 0.6887
505.0000 1.1184
506.0000 1.4073
507.0000 1.5833
508.0000 1.6757
509.0000 1.7104
510.0000 1.7083
511.0000 1.6852
512.0000 1.6525
513.0000 1.6176
514.0000 1.5852
515.0000 1.5575
516.0000 1.5354
517.0000 1.5189
518.0000 1.5073
519.0000 1.4997
520.0000 1.4951
521.0000 1.4928
522.0000 1.4921
523.0000 1.4923
524.0000 1.4931
525.0000 1.4941
526.0000 1.4953
527.0000 1.4964
528.0000 1.4974
529.0000 1.4982
530.0000 1.4990
531.0000 1.4996
532.0000 1.5001
533.0000 1.5005
534.0000 1.5008
535.0000 1.5010
536.0000 1.5012
537.0000 1.5013
538.0000 1.5014
539.0000 1.5015
540.0000 1.5015
541.0000 1.5015
542.0000 1.5015
543.0000 1.5015
544.0000 1.5014
545.0000 1.5013
546.0000 1.5012
547.0000 1.5011
548.0000 1.5009
549.0000 1.5007
550.0000 1.5006
551.0000 1.5004
552.0000 1.5002
553.0000 1.5000
554.0000 1.4998
555.0000 1.4996
556.0000 1.4994
557.0000 1.4993
558.0000 1.4991
559.0000 1.4990
560.0000 1.4989
561.0000 1.4988
562.0000 1.4988
563.0000 1.4987
564.0000 1.4986
565.0000 1.4986
566.0000 1.4985
567.0000 1.4986
568.0000 1.4986
569.0000 1.4987
570.0000 1.4989
571.0000 1.4990
572.0000 1.4992
573.0000 1.4994
574.0000 1.4997
575.0000 1.5001
576.0000 1.5005
577.0000 1.5009
578.0000 1.5014
579.0000 1.5020
580.0000 1.5027
581.0000 1.5035
582.0000 1.5040
583.0000 1.5042
584.0000 1.5040
585.0000 1.5035
586.0000 1.5028
587.0000 1.5021
588.0000 1.5015
589.0000 1.5009
590.0000 1.5005
591.0000 1.5003
592.0000 1.5001
593.0000 1.5001
594.0000 1.5001
595.0000 1.5001
596.0000 1.5001
597.0000 1.5001
598.0000 1.5002
599.0000 1.5002
600.0000 1.5002
601.0000 1.5001
602.0000 1.5001
603.0000 1.5001
604.0000 1.5001
605.0000 1.5000
606.0000 1.5000
607.0000 1.4999
608.0000 1.4999
609.0000 1.4999
610.0000 1.4999
611.0000 1.4998
612.0000 1.4998
613.0000 1.4998
614.0000 1.4998
615.0000 1.4998
616.0000 1.4998
617.0000 1.4998
618.0000 1.4998
619.0000 1.4998
620.0000 1.4998
621.0000 1.4998
622.0000 1.4998
623.0000 1.4998
624.0000 1.4998
625.0000 1.4998
626.0000 1.4998
627.0000 1.4998
628.0000 1.4998
629.0000 1.4998
630.0000 1.4999
631.0000 1.4999
632.0000 1.4999
633.0000 1.4999
634.0000 1.4999
635.0000 1.4999
636.0000 1.4999
637.0000 1.4999
638.0000 1.4999
639.0000 1.4999
640.0000 1.4999
641.0000 1.4999
642.0000 1.4999
643.0000 1.4999
644.0000 1.5000
645.0000 1.5000
646.0000 1.5000
647.0000 1.5000
648.0000 1.5000
649.0000 1.5000
650.0000 1.5000
651.0000 1.5000
652.0000 1.5000
653.0000 1.5000
654.0000 1.5000
655.0000 1.5000
656.0000 1.5000
657.0000 1.5000
658.0000 1.5000
659.0000 1.5000
660.0000 1.5000
661.0000 1.5000
662.0000 1.5000
663.0000 1.5000
664.0000 1.5000
665.0000 1.5000
666.0000 1.5000
667.0000 1.5000
668.0000 1.5000
669.0000 1.5000
670.0000 1.5000
671.0000 1.5000
672.0000 1.5000
673.0000 1.5000
674.0000 1.5000
675.0000 1.5000
676.0000 1.5000
677.0000 1.5000
678.0000 1.5000
679.0000 1.5000
680.0000 1.5000
681.0000 1.5000
682.0000 1.5000
683.0000 1.5000
684.0000 1.5000
685.0000 1.5000
686.0000 1.5000
687.0000 1.5000
688.0000 1.5000
689.0000 1.5000
690.0000 1.5000
691.0000 1.5000
692.0000 1.5000
693.0000 1.5000
694.0000 1.5000
695.0000 1.5000
696.0000 1.5000
697.0000 1.5000
698.0000 1.5000
699.0000 1.5000
700.0000 1.5000
701.0000 1.5000
702.0000 1.5000
703.0000 1.5000
704.0000 1.5000
705.0000 1.5000
706.0000 1.5000
707.0000 1.5000
708.0000 1.5000
709.0000 1.5000
710.0000 1.5000
711.0000 1.5000
712.0000 1.5000
713.0000 1.5000
714.0000 1.5000
715.0000 1.5000
716.0000 1.5000
717.0000 1.5000
718.0000 1.5000
719.0000 1.5000
720.0000 1.5000
721.0000 1.5000
722.0000 1.5000
723.0000 1.5000
724.0000 1.5000
725.0000 1.5000
726.0000 1.5000
727.0000 1.5000
728.0000 1.5000
729.0000 1.5000
730.0000 1.5000
731.0000 1.5000
732.0000 1.5000
733.0000 1.5000
734.0000 1.5000
735.0000 1.5000
736.0000 1.5000
737.0000 1.5000
738.0000 1.5000
739.0000 1.5000
740.0000 1.5000
741.0000 1.5000
742.0000 1.5000
743.0000 1.5000
744.0000 1.5000
745.0000 1.5000
746.0000 1.5000
747.0000 1.5000
748.0000 1.5000
749.0000 1.5000
750.0000 1.5000
751.0000 1.5000
752.0000 1.5000
753.0000 1.5000
754.0000 1.5000
755.0000 1.5000
756.0000 1.5000
757.0000 1.5000
758.0000 1.5000
759.0000 1.5000
760.0000 1.5000
761.0000 1.5000
762.0000 1.5000
763.0000 1.5000
764.0000 1.5000
765.0000 1.5000
766.0000 1.5000
767.0000 1.5000
768.0000 1.5000
769.0000 1.5000
770.0000 1.5000
771.0000 1.5000
772.0000 1.5000
773.0000 1.5000
774.0000 1.5000
775.0000 1.5000
776.0000 1.5000
777.0000 1.5000
778.0000 1.5000
779.0000 1.5000
780.0000 1.5000
781.0000 1.5000
782.0000 1.5000
783.0000 1.5000
784.0000 1.5000
785.0000 1.5000
786.0000 1.5000
787.0000 1.5000
788.0000 1.5000
789.0000 1.5000
790.0000 1.5000
791.0000 1.5000
792.0000 1.5000
793.0000 1.5000
794.0000 1.5000
795.0000 1.5000
796.0000 1.5000
797.0000 1.5000
798.0000 1.5000
799.0000 1.5000
800.0000 1.5000
801.0000 1.2414
802.0000 0.9095
803.0000 0.5989
804.0000 0.3477
805.0000 0.1636
806.0000 0.0397
807.0000 -0.0357
808.0000 -0.0753
809.0000 -0.0902
810.0000 -0.0893
811.0000 -0.0794
812.0000 -0.0653
813.0000 -0.0504
814.0000 -0.0365
815.0000 -0.0246
816.0000 -0.0152
817.0000 -0.0081
818.0000 -0.0031
819.0000 0.0001
820.0000 0.0021
821.0000 0.0031
822.0000 0.0034
823.0000 0.0033
824.0000 0.0030
825.0000 0.0025
826.0000 0.0020
827.0000 0.0016
828.0000 0.0011
829.0000 0.0008
830.0000 0.0004
831.0000 0.0002
832.0000 -0.0000
833.0000 -0.0002
834.0000 -0.0003
835.0000 -0.0004
836.0000 -0.0005
837.0000 -0.0006
838.0000 -0.0006
839.0000 -0.0006
840.0000 -0.0007
841.0000 -0.0007
842.0000 -0.0006
843.0000 -0.0006
844.0000 -0.0006
845.0000 -0.0006
846.0000 -0.0005
847.0000 -0.0005
848.0000 -0.0004
849.0000 -0.0003
850.0000 -0.0002
851.0000 -0.0002
852.0000 -0.0001
853.0000 -0.0000
854.0000 0.0001
855.0000 0.0002
856.0000 0.0003
857.0000 0.0003
858.0000 0.0004
859.0000 0.0004
860.0000 0.0005
861.0000 0.0005
862.0000 0.0005
863.0000 0.0006
864.0000 0.0006
865.0000 0.0006
866.0000 0.0006
867.0000 0.0006
868.0000 0.0006
869.0000 0.0005
870.0000 0.0005
871.0000 0.0004
872.0000 0.0003
873.0000 0.0002
874.0000 0.0001
875.0000 -0.0000
876.0000 -0.0002
877.0000 -0.0004
878.0000 -0.0006
879.0000 -0.0009
880.0000 -0.0012
881.0000 -0.0015
882.0000 -0.0017
883.0000 -0.0018
884.0000 -0.0017
885.0000 -0.0015
886.0000 -0.0012
887.0000 -0.0009
888.0000 -0.0006
889.0000 -0.0004
890.0000 -0.0002
891.0000 -0.0001
892.0000 -0.0001
893.0000 -0.0000
894.0000 -0.0000
895.0000 -0.0000
896.0000 -0.0000
897.0000 -0.0001
898.0000 -0.0001
899.0000 -0.0001
900.0000 -0.0001
901.0000 -0.0001
902.0000 -0.0001
903.0000 -0.0000
904.0000 -0.0000
905.0000 -0.0000
906.0000 0.0000
907.0000 0.0000
908.0000 0.0000
909.0000 0.0001
910.0000 0.0001
911.0000 0.0001
912.0000 0.0001
913.0000 0.0001
914.0000 0.0001
915.0000 0.0001
916.0000 0.0001
917.0000 0.0001
918.0000 0.0001
919.0000 0.0001
920.0000 0.0001
921.0000 0.0001
922.0000 0.0001
923.0000 0.0001
924.0000 0.0001
925.0000 0.0001
926.0000 0.0001
927.0000 0.0001
928.0000 0.0001
929.0000 0.0001
930.0000 0.0001
931.0000 0.0001
932.0000 0.0001
933.0000 0.0001
934.0000 0.0000
935.0000 0.0000
936.0000 0.0000
937.0000 0.0000
938.0000 0.0000
939.0000 0.0000
940.0000 0.0000
941.0000 0.0000
942.0000 0.0000
943.0000 0.0000
944.0000 0.0000
945.0000 0.0000
946.0000 0.0000
947.0000 0.0000
948.0000 0.0000
949.0000 0.0000
950.0000 0.0000
951.0000 0.0000
952.0000 0.0000
953.0000 0.0000
954.0000 0.0000
955.0000 0.0000
956.0000 0.0000
957.0000 0.0000
958.0000 0.0000
959.0000 0.0000
960.0000 0.0000
961.0000 0.0000
962.0000 0.0000
963.0000 0.0000
964.0000 0.0000
965.0000 0.0000
966.0000 0.0000
967.0000 0.0000
968.0000 0.0000
969.0000 0.0000
970.0000 0.0000
971.0000 0.0000
972.0000 -0.0000
973.0000 -0.0000
974.0000 -0.0000
975.0000 -0.0000
976.0000 -0.0000
977.0000 -0.0000
978.0000 -0.0000
979.0000 -0.0000
980.0000 -0.0000
981.0000 -0.0000
982.0000 -0.0000
983.0000 -0.0000
984.0000 -0.0000
985.0000 -0.0000
986.0000 -0.0000
987.0000 -0.0000
988.0000 -0.0000
989.0000 -0.0000
990.0000 -0.0000
991.0000 -0.0000
992.0000 -0.0000
993.0000 -0.0000
994.0000 -0.0000
995.0000 -0.0000
996.0000 -0.0000
997.0000 -0.0000
998.0000 -0.0000
999.0000 -0.0000
1000.0000 -0.0000
1001.0000 -0.0000
1002.0000 -0.0000
1003.0000 -0.0000
1004.0000 -0.0000
1005.0000 -0.0000
1006.0000 -0.0000
1007.0000 -0.0000
1008.0000 -0.0000
1009.0000 -0.0000
1010.0000 -0.0000
1011.0000 -0.0000
1012.0000 -0.0000
1013.0000 -0.0000
1014.0000 -0.0000
1015.0000 -0.0000
1016.0000 -0.0000
1017.0000 -0.0000
1018.0000 -0.0000
1019.0000 0.0000
1020.0000 0.0000
1021.0000 0.0000
1022.0000 0.0000
1023.0000 0.0000
1024.0000 0.0000
1025.0000 0.0000
1026.0000 0.0000
1027.0000 0.0000
1028.0000 0.0000
1029.0000 0.0000
1030.0000 0.0000
1031.0000 0.0000
1032.0000 0.0000
1033.0000 0.0000
1034.0000 0.0000
1035.0000 0.0000
1036.0000 0.0000
1037.0000 0.0000
1038.0000 0.0000
1039.0000 0.0000
1040.0000 0.0000
1041.0000 0.0000
1042.0000 0.0000
1043.0000 0.0000
1044.0000 0.0000
1045.0000 0.0000
1046.0000 0.0000
1047.0000 0.0000
1048.0000 0.0000
1049.0000 0.0000
1050.0000 0.0000
1051.0000 0.0000
1052.0000 0.0000
1053.0000 0.0000
1054.0000 0.0000
1055.0000 0.0000
1056.0000 0.0000
1057.0000 0.0000
1058.0000 0.0000
1059.0000 0.0000
1060.0000 0.0000
1061.0000 0.0000
1062.0000 0.0000
1063.0000 0.0000
1064.0000 0.0000
1065.0000 0.0000
1066.0000 0.0000
1067.0000 0.0000
1068.0000 0.0000
1069.0000 0.0000
1070.0000 0.0000
1071.0000 0.0000
1072.0000 0.0000
1073.0000 0.0000
1074.0000 0.0000
1075.0000 0.0000
1076.0000 0.0000
1077.0000 0.0000
1078.0000 0.0000
1079.0000 0.0000
1080.0000 0.0000
1081.0000 0.0000
1082.0000 0.0000
1083.0000 0.0000
1084.0000 0.0000
1085.0000 0.0000
1086.0000 0.0000
1087.0000 0.0000
1088.0000 0.0000
1089.0000 0.0000
1090.0000 0.0000
1091.0000 0.0000
1092.0000 0.0000
1093.0000 0.0000
1094.0000 0.0000
1095.0000 0.0000
1096.0000 0.0000
1097.0000 0.0000
1098.0000 0.0000
1099.0000 0.0000
1100.0000 0.0000
