1.0000 0.0000
2.0000 0.0000
3.0000 0.0000
4.0000 0.0000
5.0000 0.0000
6.0000 0.0000
7.0000 0.0000
8.0000 0.0000
9.0000 0.0000
10.0000 0.0000
11.0000 0.4128
12.0000 0.9067
13.0000 1.3366
14.0000 1.6588
15.0000 1.8755
16.0000 2.0059
17.0000 2.0726
18.0000 2.0961
19.0000 2.0933
20.0000 2.0766
21.0000 2.0548
22.0000 2.0333
23.0000 2.0149
24.0000 2.0010
25.0000 1.9914
26.0000 1.9857
27.0000 1.9831
28.0000 1.9826
29.0000 1.9836
30.0000 1.9853
31.0000 1.9874
32.0000 1.9896
33.0000 1.9916
34.0000 1.9934
35.0000 1.9949
36.0000 1.9961
37.0000 1.9971
38.0000 1.9979
39.0000 1.9986
40.0000 1.9990
41.0000 1.9994
42.0000 1.9996
43.0000 1.9998
44.0000 1.9999
45.0000 2.0000
46.0000 2.0000
47.0000 2.0000
48.0000 2.0000
49.0000 2.0000
50.0000 1.9999
51.0000 1.9999
52.0000 1.9998
53.0000 1.9998
54.0000 1.9998
55.0000 1.9998
56.0000 1.9998
57.0000 1.9997
58.0000 1.9997
59.0000 1.9997
60.0000 1.9997
61.0000 1.9997
62.0000 1.9998
63.0000 1.9998
64.0000 1.9997
65.0000 1.9997
66.0000 1.9997
67.0000 1.9997
68.0000 1.9997
69.0000 1.9998
70.0000 1.9998
71.0000 1.9998
72.0000 1.9998
73.0000 1.9998
74.0000 1.9998
75.0000 1.9998
76.0000 1.9998
77.0000 1.9998
78.0000 1.9998
79.0000 1.9998
80.0000 1.9998
81.0000 1.9998
82.0000 1.9998
83.0000 1.9998
84.0000 1.9998
85.0000 1.9999
86.0000 2.0000
87.0000 2.0001
88.0000 2.0003
89.0000 2.0005
90.0000 2.0009
91.0000 2.0014
92.0000 2.0018
93.0000 2.0020
94.0000 2.0018
95.0000 2.0016
96.0000 2.0012
97.0000 2.0009
98.0000 2.0006
99.0000 2.0004
100.0000 2.0003
101.0000 2.0002
102.0000 2.0002
103.0000 2.0002
104.0000 2.0002
105.0000 2.0002
106.0000 2.0002
107.0000 2.0002
108.0000 2.0002
109.0000 2.0002
110.0000 2.0001
111.0000 2.0001
112.0000 2.0001
113.0000 2.0000
114.0000 2.0000
115.0000 2.0000
116.0000 1.9999
117.0000 1.9999
118.0000 1.9999
119.0000 1.9999
120.0000 1.9999
121.0000 1.9999
122.0000 1.9999
123.0000 1.9998
124.0000 1.9998
125.0000 1.9998
126.0000 1.9998
127.0000 1.9998
128.0000 1.9998
129.0000 1.9998
130.0000 1.9999
131.0000 1.9999
132.0000 1.9999
133.0000 1.9999
134.0000 1.9999
135.0000 1.9999
136.0000 1.9999
137.0000 1.9999
138.0000 1.9999
139.0000 1.9999
140.0000 1.9999
141.0000 1.9999
142.0000 1.9999
143.0000 1.9999
144.0000 1.9999
145.0000 1.9999
146.0000 1.9999
147.0000 1.9999
148.0000 1.9999
149.0000 1.9999
150.0000 1.9999
151.0000 1.9999
152.0000 1.9999
153.0000 1.9999
154.0000 1.9999
155.0000 1.9999
156.0000 1.9999
157.0000 1.9999
158.0000 1.9999
159.0000 1.9999
160.0000 1.9999
161.0000 1.9999
162.0000 1.9999
163.0000 1.9999
164.0000 1.9999
165.0000 1.9999
166.0000 1.9999
167.0000 1.9999
168.0000 1.9999
169.0000 1.9999
170.0000 1.9999
171.0000 1.9999
172.0000 1.9999
173.0000 1.9999
174.0000 1.9999
175.0000 1.9999
176.0000 1.9999
177.0000 2.0000
178.0000 2.0000
179.0000 2.0000
180.0000 2.0000
181.0000 2.0000
182.0000 2.0000
183.0000 2.0000
184.0000 2.0000
185.0000 2.0000
186.0000 2.0000
187.0000 2.0000
188.0000 2.0000
189.0000 2.0000
190.0000 2.0000
191.0000 2.0000
192.0000 2.0000
193.0000 2.0000
194.0000 2.0000
195.0000 2.0000
196.0000 2.0000
197.0000 2.0000
198.0000 2.0000
199.0000 2.0000
200.0000 2.0000
201.0000 1.1745
202.0000 0.1867
203.0000 -0.6733
204.0000 -1.3177
205.0000 -1.7511
206.0000 -2.0119
207.0000 -2.1452
208.0000 -2.1923
209.0000 -2.1866
210.0000 -2.1533
211.0000 -2.1097
212.0000 -2.0666
213.0000 -2.0299
214.0000 -2.0019
215.0000 -1.9828
216.0000 -1.9714
217.0000 -1.9661
218.0000 -1.9652
219.0000 -1.9672
220.0000 -1.9707
221.0000 -1.9749
222.0000 -1.9792
223.0000 -1.9832
224.0000 -1.9868
225.0000 -1.9898
226.0000 -1.9923
227.0000 -1.9943
228.0000 -1.9959
229.0000 -1.9971
230.0000 -1.9981
231.0000 -1.9987
232.0000 -1.9992
233.0000 -1.9996
234.0000 -1.9998
235.0000 -1.9999
236.0000 -2.0000
237.0000 -2.0000
238.0000 -2.0000
239.0000 -1.9999
240.0000 -1.9999
241.0000 -1.9998
242.0000 -1.9997
243.0000 -1.9997
244.0000 -1.9996
245.0000 -1.9996
246.0000 -1.9995
247.0000 -1.9995
248.0000 -1.9995
249.0000 -1.9995
250.0000 -1.9995
251.0000 -1.9995
252.0000 -1.9995
253.0000 -1.9995
254.0000 -1.9995
255.0000 -1.9995
256.0000 -1.9994
257.0000 -1.9995
258.0000 -1.9995
259.0000 -1.9996
260.0000 -1.9996
261.0000 -1.9997
262.0000 -1.9997
263.0000 -1.9997
264.0000 -1.9996
265.0000 -1.9996
266.0000 -1.9996
267.0000 -1.9996
268.0000 -1.9996
269.0000 -1.9996
270.0000 -1.9997
271.0000 -1.9997
272.0000 -1.9997
273.0000 -1.9997
274.0000 -1.9997
275.0000 -1.9998
276.0000 -1.9999
277.0000 -2.0002
278.0000 -2.0005
279.0000 -2.0011
280.0000 -2.0019
281.0000 -2.0029
282.0000 -2.0037
283.0000 -2.0039
284.0000 -2.0037
285.0000 -2.0031
286.0000 -2.0024
287.0000 -2.0018
288.0000 -2.0012
289.0000 -2.0008
290.0000 -2.0006
291.0000 -2.0004
292.0000 -2.0004
293.0000 -2.0004
294.0000 -2.0004
295.0000 -2.0004
296.0000 -2.0004
297.0000 -2.0004
298.0000 -2.0004
299.0000 -2.0003
300.0000 -2.0003
301.0000 -2.0002
302.0000 -2.0001
303.0000 -2.0001
304.0000 -2.0000
305.0000 -1.9999
306.0000 -1.9999
307.0000 -1.9998
308.0000 -1.9998
309.0000 -1.9998
310.0000 -1.9997
311.0000 -1.9997
312.0000 -1.9997
313.0000 -1.9997
314.0000 -1.9997
315.0000 -1.9997
316.0000 -1.9997
317.0000 -1.9997
318.0000 -1.9997
319.0000 -1.9997
320.0000 -1.9997
321.0000 -1.9997
322.0000 -1.9997
323.0000 -1.9997
324.0000 -1.9997
325.0000 -1.9997
326.0000 -1.9997
327.0000 -1.9998
328.0000 -1.9998
329.0000 -1.9998
330.0000 -1.9998
331.0000 -1.9998
332.0000 -1.9998
333.0000 -1.9998
334.0000 -1.9998
335.0000 -1.9998
336.0000 -1.9998
337.0000 -1.9998
338.0000 -1.9998
339.0000 -1.9998
340.0000 -1.9998
341.0000 -1.9998
342.0000 -1.9998
343.0000 -1.9998
344.0000 -1.9998
345.0000 -1.9998
346.0000 -1.9998
347.0000 -1.9998
348.0000 -1.9999
349.0000 -1.9999
350.0000 -1.9999
351.0000 -1.9999
352.0000 -1.9999
353.0000 -1.9999
354.0000 -1.9999
355.0000 -1.9999
356.0000 -1.9999
357.0000 -1.9999
358.0000 -1.9999
359.0000 -1.9999
360.0000 -1.9999
361.0000 -1.9999
362.0000 -1.9999
363.0000 -1.9999
364.0000 -1.9999
365.0000 -1.9999
366.0000 -1.9999
367.0000 -1.9999
368.0000 -1.9999
369.0000 -1.9999
370.0000 -1.9999
371.0000 -1.9999
372.0000 -1.9999
373.0000 -1.9999
374.0000 -1.9999
375.0000 -1.9999
376.0000 -1.9999
377.0000 -1.9999
378.0000 -1.9999
379.0000 -1.9999
380.0000 -1.9999
381.0000 -1.9999
382.0000 -1.9999
383.0000 -1.9999
384.0000 -1.9999
385.0000 -1.9999
386.0000 -1.9999
387.0000 -2.0000
388.0000 -2.0000
389.0000 -2.0000
390.0000 -2.0000
391.0000 -2.0000
392.0000 -2.0000
393.0000 -2.0000
394.0000 -2.0000
395.0000 -2.0000
396.0000 -2.0000
397.0000 -2.0000
398.0000 -2.0000
399.0000 -2.0000
400.0000 -2.0000
401.0000 -2.0000
402.0000 -2.0000
403.0000 -2.0000
404.0000 -2.0000
405.0000 -2.0000
406.0000 -2.0000
407.0000 -2.0000
408.0000 -2.0000
409.0000 -2.0000
410.0000 -2.0000
411.0000 -2.0000
412.0000 -2.0000
413.0000 -2.0000
414.0000 -2.0000
415.0000 -2.0000
416.0000 -2.0000
417.0000 -2.0000
418.0000 -2.0000
419.0000 -2.0000
420.0000 -2.0000
421.0000 -2.0000
422.0000 -2.0000
423.0000 -2.0000
424.0000 -2.0000
425.0000 -2.0000
426.0000 -2.0000
427.0000 -2.0000
428.0000 -2.0000
429.0000 -2.0000
430.0000 -2.0000
431.0000 -2.0000
432.0000 -2.0000
433.0000 -2.0000
434.0000 -2.0000
435.0000 -2.0000
436.0000 -2.0000
437.0000 -2.0000
438.0000 -2.0000
439.0000 -2.0000
440.0000 -2.0000
441.0000 -2.0000
442.0000 -2.0000
443.0000 -2.0000
444.0000 -2.0000
445.0000 -2.0000
446.0000 -2.0000
447.0000 -2.0000
448.0000 -2.0000
449.0000 -2.0000
450.0000 -2.0000
451.0000 -2.0000
452.0000 -2.0000
453.0000 -2.0000
454.0000 -2.0000
455.0000 -2.0000
456.0000 -2.0000
457.0000 -2.0000
458.0000 -2.0000
459.0000 -2.0000
460.0000 -2.0000
461.0000 -2.0000
462.0000 -2.0000
463.0000 -2.0000
464.0000 -2.0000
465.0000 -2.0000
466.0000 -2.0000
467.0000 -2.0000
468.0000 -2.0000
469.0000 -2.0000
470.0000 -2.0000
471.0000 -2.0000
472.0000 -2.0000
473.0000 -2.0000
474.0000 -2.0000
475.0000 -2.0000
476.0000 -2.0000
477.0000 -2.0000
478.0000 -2.0000
479.0000 -2.0000
480.0000 -2.0000
481.0000 -2.0000
482.0000 -2.0000
483.0000 -2.0000
484.0000 -2.0000
485.0000 -2.0000
486.0000 -2.0000
487.0000 -2.0000
488.0000 -2.0000
489.0000 -2.0000
490.0000 -2.0000
491.0000 -2.0000
492.0000 -2.0000
493.0000 -2.0000
494.0000 -2.0000
495.0000 -2.0000
496.0000 -2.0000
497.0000 -2.0000
498.0000 -2.0000
499.0000 -2.0000
500.0000 -2.0000
501.0000 -1.2777
502.0000 -0.4133
503.0000 0.3391
504.0000 0.9029
505.0000 1.2822
506.0000 1.5104
507.0000 1.6271
508.0000 1.6682
509.0000 1.6633
510.0000 1.6341
511.0000 1.5960
512.0000 1.5582
513.0000 1.5261
514.0000 1.5017
515.0000 1.4850
516.0000 1.4750
517.0000 1.4704
518.0000 1.4696
519.0000 1.4713
520.0000 1.4743
521.0000 1.4780
522.0000 1.4818
523.0000 1.4853
524.0000 1.4884
525.0000 1.4911
526.0000 1.4932
527.0000 1.4950
528.0000 1.4964
529.0000 1.4975
530.0000 1.4983
531.0000 1.4989
532.0000 1.4993
533.0000 1.4996
534.0000 1.4998
535.0000 1.4999
536.0000 1.5000
537.0000 1.5000
538.0000 1.5000
539.0000 1.4999
540.0000 1.4999
541.0000 1.4998
542.0000 1.4997
543.0000 1.4997
544.0000 1.4996
545.0000 1.4996
546.0000 1.4996
547.0000 1.4995
548.0000 1.4995
549.0000 1.4995
550.0000 1.4995
551.0000 1.4996
552.0000 1.4996
553.0000 1.4996
554.0000 1.4995
555.0000 1.4995
556.0000 1.4995
557.0000 1.4995
558.0000 1.4996
559.0000 1.4996
560.0000 1.4997
561.0000 1.4997
562.0000 1.4997
563.0000 1.4997
564.0000 1.4997
565.0000 1.4996
566.0000 1.4996
567.0000 1.4996
568.0000 1.4997
569.0000 1.4997
570.0000 1.4997
571.0000 1.4997
572.0000 1.4997
573.0000 1.4997
574.0000 1.4997
575.0000 1.4998
576.0000 1.4999
577.0000 1.5001
578.0000 1.5005
579.0000 1.5009
580.0000 1.5016
581.0000 1.5025
582.0000 1.5032
583.0000 1.5034
584.0000 1.5032
585.0000 1.5027
586.0000 1.5021
587.0000 1.5016
588.0000 1.5011
589.0000 1.5007
590.0000 1.5005
591.0000 1.5004
592.0000 1.5003
593.0000 1.5003
594.0000 1.5003
595.0000 1.5004
596.0000 1.5004
597.0000 1.5004
598.0000 1.5003
599.0000 1.5003
600.0000 1.5002
601.0000 1.5002
602.0000 1.5001
603.0000 1.5001
604.0000 1.5000
605.0000 1.5000
606.0000 1.4999
607.0000 1.4999
608.0000 1.4998
609.0000 1.4998
610.0000 1.4998
611.0000 1.4998
612.0000 1.4997
613.0000 1.4997
614.0000 1.4997
615.0000 1.4997
616.0000 1.4997
617.0000 1.4997
618.0000 1.4997
619.0000 1.4997
620.0000 1.4997
621.0000 1.4997
622.0000 1.4998
623.0000 1.4998
624.0000 1.4998
625.0000 1.4998
626.0000 1.4998
627.0000 1.4998
628.0000 1.4998
629.0000 1.4998
630.0000 1.4998
631.0000 1.4998
632.0000 1.4998
633.0000 1.4998
634.0000 1.4998
635.0000 1.4998
636.0000 1.4998
637.0000 1.4998
638.0000 1.4998
639.0000 1.4998
640.0000 1.4998
641.0000 1.4998
642.0000 1.4998
643.0000 1.4999
644.0000 1.4999
645.0000 1.4999
646.0000 1.4999
647.0000 1.4999
648.0000 1.4999
649.0000 1.4999
650.0000 1.4999
651.0000 1.4999
652.0000 1.4999
653.0000 1.4999
654.0000 1.4999
655.0000 1.4999
656.0000 1.4999
657.0000 1.4999
658.0000 1.4999
659.0000 1.4999
660.0000 1.4999
661.0000 1.4999
662.0000 1.4999
663.0000 1.4999
664.0000 1.4999
665.0000 1.4999
666.0000 1.4999
667.0000 1.4999
668.0000 1.4999
669.0000 1.4999
670.0000 1.4999
671.0000 1.4999
672.0000 1.4999
673.0000 1.4999
674.0000 1.4999
675.0000 1.4999
676.0000 1.4999
677.0000 1.4999
678.0000 1.4999
679.0000 1.4999
680.0000 1.4999
681.0000 1.4999
682.0000 1.4999
683.0000 1.4999
684.0000 1.5000
685.0000 1.5000
686.0000 1.5000
687.0000 1.5000
688.0000 1.5000
689.0000 1.5000
690.0000 1.5000
691.0000 1.5000
692.0000 1.5000
693.0000 1.5000
694.0000 1.5000
695.0000 1.5000
696.0000 1.5000
697.0000 1.5000
698.0000 1.5000
699.0000 1.5000
700.0000 1.5000
701.0000 1.5000
702.0000 1.5000
703.0000 1.5000
704.0000 1.5000
705.0000 1.5000
706.0000 1.5000
707.0000 1.5000
708.0000 1.5000
709.0000 1.5000
710.0000 1.5000
711.0000 1.5000
712.0000 1.5000
713.0000 1.5000
714.0000 1.5000
715.0000 1.5000
716.0000 1.5000
717.0000 1.5000
718.0000 1.5000
719.0000 1.5000
720.0000 1.5000
721.0000 1.5000
722.0000 1.5000
723.0000 1.5000
724.0000 1.5000
725.0000 1.5000
726.0000 1.5000
727.0000 1.5000
728.0000 1.5000
729.0000 1.5000
730.0000 1.5000
731.0000 1.5000
732.0000 1.5000
733.0000 1.5000
734.0000 1.5000
735.0000 1.5000
736.0000 1.5000
737.0000 1.5000
738.0000 1.5000
739.0000 1.5000
740.0000 1.5000
741.0000 1.5000
742.0000 1.5000
743.0000 1.5000
744.0000 1.5000
745.0000 1.5000
746.0000 1.5000
747.0000 1.5000
748.0000 1.5000
749.0000 1.5000
750.0000 1.5000
751.0000 1.5000
752.0000 1.5000
753.0000 1.5000
754.0000 1.5000
755.0000 1.5000
756.0000 1.5000
757.0000 1.5000
758.0000 1.5000
759.0000 1.5000
760.0000 1.5000
761.0000 1.5000
762.0000 1.5000
763.0000 1.5000
764.0000 1.5000
765.0000 1.5000
766.0000 1.5000
767.0000 1.5000
768.0000 1.5000
769.0000 1.5000
770.0000 1.5000
771.0000 1.5000
772.0000 1.5000
773.0000 1.5000
774.0000 1.5000
775.0000 1.5000
776.0000 1.5000
777.0000 1.5000
778.0000 1.5000
779.0000 1.5000
780.0000 1.5000
781.0000 1.5000
782.0000 1.5000
783.0000 1.5000
784.0000 1.5000
785.0000 1.5000
786.0000 1.5000
787.0000 1.5000
788.0000 1.5000
789.0000 1.5000
790.0000 1.5000
791.0000 1.5000
792.0000 1.5000
793.0000 1.5000
794.0000 1.5000
795.0000 1.5000
796.0000 1.5000
797.0000 1.5000
798.0000 1.5000
799.0000 1.5000
800.0000 1.5000
801.0000 1.1904
802.0000 0.8200
803.0000 0.4975
804.0000 0.2559
805.0000 0.0933
806.0000 -0.0045
807.0000 -0.0545
808.0000 -0.0721
809.0000 -0.0700
810.0000 -0.0575
811.0000 -0.0411
812.0000 -0.0250
813.0000 -0.0112
814.0000 -0.0007
815.0000 0.0064
816.0000 0.0107
817.0000 0.0127
818.0000 0.0130
819.0000 0.0123
820.0000 0.0110
821.0000 0.0094
822.0000 0.0078
823.0000 0.0063
824.0000 0.0050
825.0000 0.0038
826.0000 0.0029
827.0000 0.0021
828.0000 0.0015
829.0000 0.0011
830.0000 0.0007
831.0000 0.0005
832.0000 0.0003
833.0000 0.0002
834.0000 0.0001
835.0000 0.0000
836.0000 0.0000
837.0000 0.0000
838.0000 0.0000
839.0000 0.0000
840.0000 0.0001
841.0000 0.0001
842.0000 0.0001
843.0000 0.0001
844.0000 0.0002
845.0000 0.0002
846.0000 0.0002
847.0000 0.0002
848.0000 0.0002
849.0000 0.0002
850.0000 0.0002
851.0000 0.0002
852.0000 0.0002
853.0000 0.0002
854.0000 0.0002
855.0000 0.0002
856.0000 0.0002
857.0000 0.0002
858.0000 0.0002
859.0000 0.0002
860.0000 0.0001
861.0000 0.0001
862.0000 0.0001
863.0000 0.0001
864.0000 0.0001
865.0000 0.0002
866.0000 0.0002
867.0000 0.0002
868.0000 0.0001
869.0000 0.0001
870.0000 0.0001
871.0000 0.0001
872.0000 0.0001
873.0000 0.0001
874.0000 0.0001
875.0000 0.0001
876.0000 0.0000
877.0000 -0.0001
878.0000 -0.0002
879.0000 -0.0004
880.0000 -0.0007
881.0000 -0.0011
882.0000 -0.0014
883.0000 -0.0015
884.0000 -0.0014
885.0000 -0.0012
886.0000 -0.0009
887.0000 -0.0007
888.0000 -0.0005
889.0000 -0.0003
890.0000 -0.0002
891.0000 -0.0002
892.0000 -0.0001
893.0000 -0.0001
894.0000 -0.0001
895.0000 -0.0002
896.0000 -0.0002
897.0000 -0.0002
898.0000 -0.0001
899.0000 -0.0001
900.0000 -0.0001
901.0000 -0.0001
902.0000 -0.0001
903.0000 -0.0000
904.0000 -0.0000
905.0000 0.0000
906.0000 0.0000
907.0000 0.0001
908.0000 0.0001
909.0000 0.0001
910.0000 0.0001
911.0000 0.0001
912.0000 0.0001
913.0000 0.0001
914.0000 0.0001
915.0000 0.0001
916.0000 0.0001
917.0000 0.0001
918.0000 0.0001
919.0000 0.0001
920.0000 0.0001
921.0000 0.0001
922.0000 0.0001
923.0000 0.0001
924.0000 0.0001
925.0000 0.0001
926.0000 0.0001
927.0000 0.0001
928.0000 0.0001
929.0000 0.0001
930.0000 0.0001
931.0000 0.0001
932.0000 0.0001
933.0000 0.0001
934.0000 0.0001
935.0000 0.0001
936.0000 0.0001
937.0000 0.0001
938.0000 0.0001
939.0000 0.0001
940.0000 0.0001
941.0000 0.0001
942.0000 0.0001
943.0000 0.0001
944.0000 0.0001
945.0000 0.0001
946.0000 0.0001
947.0000 0.0001
948.0000 0.0001
949.0000 0.0001
950.0000 0.0001
951.0000 0.0001
952.0000 0.0000
953.0000 0.0000
954.0000 0.0000
955.0000 0.0000
956.0000 0.0000
957.0000 0.0000
958.0000 0.0000
959.0000 0.0000
960.0000 0.0000
961.0000 0.0000
962.0000 0.0000
963.0000 0.0000
964.0000 0.0000
965.0000 0.0000
966.0000 0.0000
967.0000 0.0000
968.0000 0.0000
969.0000 0.0000
970.0000 0.0000
971.0000 0.0000
972.0000 0.0000
973.0000 0.0000
974.0000 0.0000
975.0000 0.0000
976.0000 0.0000
977.0000 0.0000
978.0000 0.0000
979.0000 0.0000
980.0000 0.0000
981.0000 0.0000
982.0000 0.0000
983.0000 0.0000
984.0000 0.0000
985.0000 0.0000
986.0000 0.0000
987.0000 0.0000
988.0000 0.0000
989.0000 0.0000
990.0000 0.0000
991.0000 0.0000
992.0000 0.0000
993.0000 0.0000
994.0000 0.0000
995.0000 0.0000
996.0000 0.0000
997.0000 0.0000
998.0000 0.0000
999.0000 0.0000
1000.0000 0.0000
1001.0000 0.0000
1002.0000 0.0000
1003.0000 0.0000
1004.0000 0.0000
1005.0000 0.0000
1006.0000 0.0000
1007.0000 0.0000
1008.0000 0.0000
1009.0000 0.0000
1010.0000 0.0000
1011.0000 0.0000
1012.0000 0.0000
1013.0000 0.0000
1014.0000 0.0000
1015.0000 0.0000
1016.0000 0.0000
1017.0000 0.0000
1018.0000 0.0000
1019.0000 0.0000
1020.0000 0.0000
1021.0000 0.0000
1022.0000 0.0000
1023.0000 0.0000
1024.0000 0.0000
1025.0000 0.0000
1026.0000 0.0000
1027.0000 0.0000
1028.0000 0.0000
1029.0000 0.0000
1030.0000 0.0000
1031.0000 0.0000
1032.0000 0.0000
1033.0000 0.0000
1034.0000 0.0000
1035.0000 0.0000
1036.0000 0.0000
1037.0000 0.0000
1038.0000 0.0000
1039.0000 0.0000
1040.0000 0.0000
1041.0000 0.0000
1042.0000 0.0000
1043.0000 0.0000
1044.0000 0.0000
1045.0000 0.0000
1046.0000 0.0000
1047.0000 0.0000
1048.0000 0.0000
1049.0000 0.0000
1050.0000 0.0000
1051.0000 0.0000
1052.0000 0.0000
1053.0000 0.0000
1054.0000 0.0000
1055.0000 0.0000
1056.0000 0.0000
1057.0000 0.0000
1058.0000 0.0000
1059.0000 0.0000
1060.0000 0.0000
1061.0000 0.0000
1062.0000 0.0000
1063.0000 0.0000
1064.0000 0.0000
1065.0000 0.0000
1066.0000 0.0000
1067.0000 0.0000
1068.0000 0.0000
1069.0000 0.0000
1070.0000 0.0000
1071.0000 0.0000
1072.0000 0.0000
1073.0000 0.0000
1074.0000 0.0000
1075.0000 0.0000
1076.0000 0.0000
1077.0000 0.0000
1078.0000 0.0000
1079.0000 0.0000
1080.0000 0.0000
1081.0000 0.0000
1082.0000 0.0000
1083.0000 0.0000
1084.0000 0.0000
1085.0000 0.0000
1086.0000 0.0000
1087.0000 0.0000
1088.0000 0.0000
1089.0000 0.0000
1090.0000 0.0000
1091.0000 0.0000
1092.0000 0.0000
1093.0000 0.0000
1094.0000 0.0000
1095.0000 0.0000
1096.0000 0.0000
1097.0000 0.0000
1098.0000 0.0000
1099.0000 0.0000
1100.0000 0.0000
