1.0000 0.0000
2.0000 0.0000
3.0000 0.0000
4.0000 0.0000
5.0000 0.0000
6.0000 0.0000
7.0000 0.0000
8.0000 0.0000
9.0000 0.0000
10.0000 0.5076
11.0000 0.5820
12.0000 0.5009
13.0000 0.3985
14.0000 0.3228
15.0000 0.2816
16.0000 0.2683
17.0000 0.2739
18.0000 0.2905
19.0000 0.3122
20.0000 0.3349
21.0000 0.3562
22.0000 0.3745
23.0000 0.3891
24.0000 0.4001
25.0000 0.4076
26.0000 0.4123
27.0000 0.4146
28.0000 0.4152
29.0000 0.4144
30.0000 0.4127
31.0000 0.4105
32.0000 0.4082
33.0000 0.4058
34.0000 0.4035
35.0000 0.4014
36.0000 0.3994
37.0000 0.3977
38.0000 0.3963
39.0000 0.3952
40.0000 0.3941
41.0000 0.3932
42.0000 0.3927
43.0000 0.3924
44.0000 0.3922
45.0000 0.3920
46.0000 0.3920
47.0000 0.3921
48.0000 0.3922
49.0000 0.3925
50.0000 0.3929
51.0000 0.3932
52.0000 0.3937
53.0000 0.3941
54.0000 0.3946
55.0000 0.3951
56.0000 0.3958
57.0000 0.3966
58.0000 0.3972
59.0000 0.3975
60.0000 0.3980
61.0000 0.3985
62.0000 0.3991
63.0000 0.3995
64.0000 0.3999
65.0000 0.4004
66.0000 0.4007
67.0000 0.4011
68.0000 0.4014
69.0000 0.4017
70.0000 0.4020
71.0000 0.4021
72.0000 0.4023
73.0000 0.4024
74.0000 0.4025
75.0000 0.4026
76.0000 0.4027
77.0000 0.4030
78.0000 0.4031
79.0000 0.4032
80.0000 0.4032
81.0000 0.4033
82.0000 0.4035
83.0000 0.4036
84.0000 0.4036
85.0000 0.4038
86.0000 0.4039
87.0000 0.4039
88.0000 0.4039
89.0000 0.4038
90.0000 0.4038
91.0000 0.4028
92.0000 0.4011
93.0000 0.3996
94.0000 0.3985
95.0000 0.3978
96.0000 0.3976
97.0000 0.3975
98.0000 0.3975
99.0000 0.3975
100.0000 0.3974
101.0000 0.3972
102.0000 0.3970
103.0000 0.3968
104.0000 0.3965
105.0000 0.3962
106.0000 0.3959
107.0000 0.3957
108.0000 0.3955
109.0000 0.3954
110.0000 0.3952
111.0000 0.3952
112.0000 0.3951
113.0000 0.3951
114.0000 0.3951
115.0000 0.3951
116.0000 0.3952
117.0000 0.3953
118.0000 0.3953
119.0000 0.3954
120.0000 0.3955
121.0000 0.3956
122.0000 0.3957
123.0000 0.3958
124.0000 0.3959
125.0000 0.3961
126.0000 0.3962
127.0000 0.3963
128.0000 0.3964
129.0000 0.3965
130.0000 0.3966
131.0000 0.3967
132.0000 0.3967
133.0000 0.3968
134.0000 0.3969
135.0000 0.3970
136.0000 0.3971
137.0000 0.3971
138.0000 0.3972
139.0000 0.3973
140.0000 0.3973
141.0000 0.3974
142.0000 0.3975
143.0000 0.3975
144.0000 0.3976
145.0000 0.3976
146.0000 0.3976
147.0000 0.3977
148.0000 0.3977
149.0000 0.3978
150.0000 0.3978
151.0000 0.3978
152.0000 0.3979
153.0000 0.3979
154.0000 0.3979
155.0000 0.3979
156.0000 0.3980
157.0000 0.3980
158.0000 0.3980
159.0000 0.3980
160.0000 0.3980
161.0000 0.3981
162.0000 0.3981
163.0000 0.3981
164.0000 0.3981
165.0000 0.3981
166.0000 0.3981
167.0000 0.3981
168.0000 0.3982
169.0000 0.3982
170.0000 0.3982
171.0000 0.3982
172.0000 0.3982
173.0000 0.3982
174.0000 0.3982
175.0000 0.3983
176.0000 0.3983
177.0000 0.3983
178.0000 0.3983
179.0000 0.3983
180.0000 0.3983
181.0000 0.3983
182.0000 0.3983
183.0000 0.3983
184.0000 0.3983
185.0000 0.3983
186.0000 0.3983
187.0000 0.3983
188.0000 0.3983
189.0000 0.3983
190.0000 0.3983
191.0000 0.3983
192.0000 0.3983
193.0000 0.3983
194.0000 0.3983
195.0000 0.3983
196.0000 0.3983
197.0000 0.3983
198.0000 0.3983
199.0000 0.3983
200.0000 -0.6168
201.0000 -0.7657
202.0000 -0.6034
203.0000 -0.3986
204.0000 -0.2473
205.0000 -0.1648
206.0000 -0.1383
207.0000 -0.1494
208.0000 -0.1826
209.0000 -0.2260
210.0000 -0.2715
211.0000 -0.3141
212.0000 -0.3506
213.0000 -0.3799
214.0000 -0.4018
215.0000 -0.4168
216.0000 -0.4262
217.0000 -0.4309
218.0000 -0.4321
219.0000 -0.4304
220.0000 -0.4271
221.0000 -0.4227
222.0000 -0.4180
223.0000 -0.4132
224.0000 -0.4086
225.0000 -0.4044
226.0000 -0.4005
227.0000 -0.3970
228.0000 -0.3943
229.0000 -0.3920
230.0000 -0.3898
231.0000 -0.3880
232.0000 -0.3869
233.0000 -0.3865
234.0000 -0.3859
235.0000 -0.3857
236.0000 -0.3856
237.0000 -0.3858
238.0000 -0.3860
239.0000 -0.3866
240.0000 -0.3873
241.0000 -0.3880
242.0000 -0.3890
243.0000 -0.3899
244.0000 -0.3909
245.0000 -0.3919
246.0000 -0.3933
247.0000 -0.3947
248.0000 -0.3959
249.0000 -0.3966
250.0000 -0.3975
251.0000 -0.3987
252.0000 -0.3998
253.0000 -0.4006
254.0000 -0.4014
255.0000 -0.4023
256.0000 -0.4031
257.0000 -0.4037
258.0000 -0.4044
259.0000 -0.4049
260.0000 -0.4055
261.0000 -0.4058
262.0000 -0.4062
263.0000 -0.4064
264.0000 -0.4066
265.0000 -0.4067
266.0000 -0.4070
267.0000 -0.4075
268.0000 -0.4078
269.0000 -0.4079
270.0000 -0.4080
271.0000 -0.4082
272.0000 -0.4085
273.0000 -0.4087
274.0000 -0.4088
275.0000 -0.4092
276.0000 -0.4094
277.0000 -0.4093
278.0000 -0.4094
279.0000 -0.4092
280.0000 -0.4092
281.0000 -0.4071
282.0000 -0.4038
283.0000 -0.4007
284.0000 -0.3985
285.0000 -0.3972
286.0000 -0.3967
287.0000 -0.3965
288.0000 -0.3965
289.0000 -0.3965
290.0000 -0.3963
291.0000 -0.3960
292.0000 -0.3956
293.0000 -0.3951
294.0000 -0.3945
295.0000 -0.3940
296.0000 -0.3935
297.0000 -0.3930
298.0000 -0.3926
299.0000 -0.3923
300.0000 -0.3920
301.0000 -0.3919
302.0000 -0.3918
303.0000 -0.3917
304.0000 -0.3918
305.0000 -0.3918
306.0000 -0.3919
307.0000 -0.3921
308.0000 -0.3922
309.0000 -0.3924
310.0000 -0.3926
311.0000 -0.3928
312.0000 -0.3930
313.0000 -0.3932
314.0000 -0.3935
315.0000 -0.3937
316.0000 -0.3939
317.0000 -0.3941
318.0000 -0.3943
319.0000 -0.3945
320.0000 -0.3947
321.0000 -0.3949
322.0000 -0.3951
323.0000 -0.3952
324.0000 -0.3954
325.0000 -0.3956
326.0000 -0.3957
327.0000 -0.3958
328.0000 -0.3960
329.0000 -0.3961
330.0000 -0.3962
331.0000 -0.3964
332.0000 -0.3965
333.0000 -0.3966
334.0000 -0.3967
335.0000 -0.3968
336.0000 -0.3969
337.0000 -0.3969
338.0000 -0.3970
339.0000 -0.3971
340.0000 -0.3972
341.0000 -0.3972
342.0000 -0.3973
343.0000 -0.3973
344.0000 -0.3974
345.0000 -0.3974
346.0000 -0.3975
347.0000 -0.3975
348.0000 -0.3976
349.0000 -0.3976
350.0000 -0.3976
351.0000 -0.3977
352.0000 -0.3977
353.0000 -0.3977
354.0000 -0.3978
355.0000 -0.3978
356.0000 -0.3978
357.0000 -0.3978
358.0000 -0.3979
359.0000 -0.3979
360.0000 -0.3979
361.0000 -0.3980
362.0000 -0.3980
363.0000 -0.3980
364.0000 -0.3980
365.0000 -0.3981
366.0000 -0.3981
367.0000 -0.3981
368.0000 -0.3981
369.0000 -0.3981
370.0000 -0.3982
371.0000 -0.3982
372.0000 -0.3982
373.0000 -0.3982
374.0000 -0.3982
375.0000 -0.3982
376.0000 -0.3982
377.0000 -0.3982
378.0000 -0.3982
379.0000 -0.3982
380.0000 -0.3982
381.0000 -0.3982
382.0000 -0.3982
383.0000 -0.3982
384.0000 -0.3982
385.0000 -0.3982
386.0000 -0.3982
387.0000 -0.3983
388.0000 -0.3983
389.0000 -0.3983
390.0000 -0.3983
391.0000 -0.3983
392.0000 -0.3983
393.0000 -0.3983
394.0000 -0.3983
395.0000 -0.3983
396.0000 -0.3983
397.0000 -0.3983
398.0000 -0.3983
399.0000 -0.3983
400.0000 -0.3983
401.0000 -0.3983
402.0000 -0.3983
403.0000 -0.3983
404.0000 -0.3983
405.0000 -0.3983
406.0000 -0.3983
407.0000 -0.3983
408.0000 -0.3983
409.0000 -0.3983
410.0000 -0.3983
411.0000 -0.3983
412.0000 -0.3983
413.0000 -0.3983
414.0000 -0.3983
415.0000 -0.3983
416.0000 -0.3983
417.0000 -0.3983
418.0000 -0.3983
419.0000 -0.3983
420.0000 -0.3983
421.0000 -0.3983
422.0000 -0.3983
423.0000 -0.3983
424.0000 -0.3983
425.0000 -0.3983
426.0000 -0.3983
427.0000 -0.3983
428.0000 -0.3983
429.0000 -0.3983
430.0000 -0.3983
431.0000 -0.3983
432.0000 -0.3983
433.0000 -0.3983
434.0000 -0.3983
435.0000 -0.3983
436.0000 -0.3984
437.0000 -0.3984
438.0000 -0.3984
439.0000 -0.3984
440.0000 -0.3984
441.0000 -0.3984
442.0000 -0.3984
443.0000 -0.3984
444.0000 -0.3984
445.0000 -0.3984
446.0000 -0.3984
447.0000 -0.3984
448.0000 -0.3984
449.0000 -0.3984
450.0000 -0.3984
451.0000 -0.3984
452.0000 -0.3984
453.0000 -0.3984
454.0000 -0.3984
455.0000 -0.3984
456.0000 -0.3984
457.0000 -0.3984
458.0000 -0.3984
459.0000 -0.3984
460.0000 -0.3984
461.0000 -0.3984
462.0000 -0.3984
463.0000 -0.3984
464.0000 -0.3984
465.0000 -0.3984
466.0000 -0.3984
467.0000 -0.3984
468.0000 -0.3984
469.0000 -0.3984
470.0000 -0.3984
471.0000 -0.3984
472.0000 -0.3984
473.0000 -0.3984
474.0000 -0.3984
475.0000 -0.3984
476.0000 -0.3984
477.0000 -0.3984
478.0000 -0.3984
479.0000 -0.3984
480.0000 -0.3984
481.0000 -0.3984
482.0000 -0.3984
483.0000 -0.3984
484.0000 -0.3984
485.0000 -0.3984
486.0000 -0.3984
487.0000 -0.3984
488.0000 -0.3984
489.0000 -0.3984
490.0000 -0.3984
491.0000 -0.3984
492.0000 -0.3984
493.0000 -0.3984
494.0000 -0.3984
495.0000 -0.3984
496.0000 -0.3984
497.0000 -0.3984
498.0000 -0.3984
499.0000 -0.3984
500.0000 0.4899
501.0000 0.6201
502.0000 0.4781
503.0000 0.2989
504.0000 0.1665
505.0000 0.0943
506.0000 0.0711
507.0000 0.0809
508.0000 0.1099
509.0000 0.1479
510.0000 0.1877
511.0000 0.2250
512.0000 0.2569
513.0000 0.2825
514.0000 0.3017
515.0000 0.3148
516.0000 0.3231
517.0000 0.3271
518.0000 0.3282
519.0000 0.3267
520.0000 0.3238
521.0000 0.3200
522.0000 0.3159
523.0000 0.3117
524.0000 0.3076
525.0000 0.3040
526.0000 0.3005
527.0000 0.2975
528.0000 0.2951
529.0000 0.2931
530.0000 0.2912
531.0000 0.2896
532.0000 0.2887
533.0000 0.2883
534.0000 0.2878
535.0000 0.2876
536.0000 0.2875
537.0000 0.2877
538.0000 0.2879
539.0000 0.2884
540.0000 0.2891
541.0000 0.2896
542.0000 0.2905
543.0000 0.2913
544.0000 0.2922
545.0000 0.2931
546.0000 0.2943
547.0000 0.2956
548.0000 0.2966
549.0000 0.2972
550.0000 0.2980
551.0000 0.2990
552.0000 0.3000
553.0000 0.3007
554.0000 0.3014
555.0000 0.3022
556.0000 0.3028
557.0000 0.3034
558.0000 0.3040
559.0000 0.3045
560.0000 0.3050
561.0000 0.3053
562.0000 0.3056
563.0000 0.3058
564.0000 0.3060
565.0000 0.3061
566.0000 0.3063
567.0000 0.3067
568.0000 0.3070
569.0000 0.3071
570.0000 0.3072
571.0000 0.3074
572.0000 0.3076
573.0000 0.3078
574.0000 0.3079
575.0000 0.3083
576.0000 0.3084
577.0000 0.3083
578.0000 0.3084
579.0000 0.3082
580.0000 0.3083
581.0000 0.3064
582.0000 0.3035
583.0000 0.3008
584.0000 0.2989
585.0000 0.2978
586.0000 0.2973
587.0000 0.2972
588.0000 0.2972
589.0000 0.2971
590.0000 0.2970
591.0000 0.2967
592.0000 0.2963
593.0000 0.2959
594.0000 0.2954
595.0000 0.2949
596.0000 0.2945
597.0000 0.2941
598.0000 0.2937
599.0000 0.2934
600.0000 0.2932
601.0000 0.2931
602.0000 0.2930
603.0000 0.2930
604.0000 0.2930
605.0000 0.2930
606.0000 0.2931
607.0000 0.2933
608.0000 0.2934
609.0000 0.2936
610.0000 0.2937
611.0000 0.2939
612.0000 0.2941
613.0000 0.2943
614.0000 0.2945
615.0000 0.2947
616.0000 0.2948
617.0000 0.2950
618.0000 0.2952
619.0000 0.2954
620.0000 0.2956
621.0000 0.2957
622.0000 0.2959
623.0000 0.2960
624.0000 0.2962
625.0000 0.2963
626.0000 0.2964
627.0000 0.2966
628.0000 0.2967
629.0000 0.2968
630.0000 0.2969
631.0000 0.2970
632.0000 0.2971
633.0000 0.2972
634.0000 0.2973
635.0000 0.2974
636.0000 0.2974
637.0000 0.2975
638.0000 0.2976
639.0000 0.2976
640.0000 0.2977
641.0000 0.2978
642.0000 0.2978
643.0000 0.2979
644.0000 0.2979
645.0000 0.2979
646.0000 0.2980
647.0000 0.2980
648.0000 0.2981
649.0000 0.2981
650.0000 0.2981
651.0000 0.2982
652.0000 0.2982
653.0000 0.2982
654.0000 0.2982
655.0000 0.2983
656.0000 0.2983
657.0000 0.2983
658.0000 0.2983
659.0000 0.2984
660.0000 0.2984
661.0000 0.2984
662.0000 0.2984
663.0000 0.2985
664.0000 0.2985
665.0000 0.2985
666.0000 0.2985
667.0000 0.2985
668.0000 0.2986
669.0000 0.2986
670.0000 0.2986
671.0000 0.2986
672.0000 0.2986
673.0000 0.2986
674.0000 0.2986
675.0000 0.2986
676.0000 0.2986
677.0000 0.2986
678.0000 0.2986
679.0000 0.2986
680.0000 0.2986
681.0000 0.2987
682.0000 0.2987
683.0000 0.2987
684.0000 0.2987
685.0000 0.2987
686.0000 0.2987
687.0000 0.2987
688.0000 0.2987
689.0000 0.2987
690.0000 0.2987
691.0000 0.2987
692.0000 0.2987
693.0000 0.2987
694.0000 0.2987
695.0000 0.2987
696.0000 0.2987
697.0000 0.2987
698.0000 0.2987
699.0000 0.2987
700.0000 0.2987
701.0000 0.2987
702.0000 0.2987
703.0000 0.2987
704.0000 0.2987
705.0000 0.2987
706.0000 0.2987
707.0000 0.2987
708.0000 0.2987
709.0000 0.2987
710.0000 0.2987
711.0000 0.2987
712.0000 0.2987
713.0000 0.2987
714.0000 0.2987
715.0000 0.2987
716.0000 0.2987
717.0000 0.2987
718.0000 0.2987
719.0000 0.2987
720.0000 0.2987
721.0000 0.2987
722.0000 0.2987
723.0000 0.2987
724.0000 0.2987
725.0000 0.2987
726.0000 0.2987
727.0000 0.2987
728.0000 0.2987
729.0000 0.2987
730.0000 0.2987
731.0000 0.2987
732.0000 0.2987
733.0000 0.2987
734.0000 0.2987
735.0000 0.2988
736.0000 0.2988
737.0000 0.2988
738.0000 0.2988
739.0000 0.2988
740.0000 0.2988
741.0000 0.2988
742.0000 0.2988
743.0000 0.2988
744.0000 0.2988
745.0000 0.2988
746.0000 0.2988
747.0000 0.2988
748.0000 0.2988
749.0000 0.2988
750.0000 0.2988
751.0000 0.2988
752.0000 0.2988
753.0000 0.2988
754.0000 0.2988
755.0000 0.2988
756.0000 0.2988
757.0000 0.2988
758.0000 0.2988
759.0000 0.2988
760.0000 0.2988
761.0000 0.2988
762.0000 0.2988
763.0000 0.2988
764.0000 0.2988
765.0000 0.2988
766.0000 0.2988
767.0000 0.2988
768.0000 0.2988
769.0000 0.2988
770.0000 0.2988
771.0000 0.2988
772.0000 0.2988
773.0000 0.2988
774.0000 0.2988
775.0000 0.2988
776.0000 0.2988
777.0000 0.2988
778.0000 0.2988
779.0000 0.2988
780.0000 0.2988
781.0000 0.2988
782.0000 0.2988
783.0000 0.2988
784.0000 0.2988
785.0000 0.2988
786.0000 0.2988
787.0000 0.2988
788.0000 0.2988
789.0000 0.2988
790.0000 0.2988
791.0000 0.2988
792.0000 0.2988
793.0000 0.2988
794.0000 0.2988
795.0000 0.2988
796.0000 0.2988
797.0000 0.2988
798.0000 0.2988
799.0000 0.2988
800.0000 -0.0819
801.0000 -0.1377
802.0000 -0.0768
803.0000 -0.0000
804.0000 0.0567
805.0000 0.0876
806.0000 0.0976
807.0000 0.0934
808.0000 0.0810
809.0000 0.0647
810.0000 0.0476
811.0000 0.0316
812.0000 0.0180
813.0000 0.0070
814.0000 -0.0012
815.0000 -0.0069
816.0000 -0.0104
817.0000 -0.0121
818.0000 -0.0126
819.0000 -0.0120
820.0000 -0.0107
821.0000 -0.0091
822.0000 -0.0073
823.0000 -0.0055
824.0000 -0.0038
825.0000 -0.0022
826.0000 -0.0007
827.0000 0.0006
828.0000 0.0016
829.0000 0.0024
830.0000 0.0033
831.0000 0.0039
832.0000 0.0043
833.0000 0.0045
834.0000 0.0047
835.0000 0.0048
836.0000 0.0048
837.0000 0.0048
838.0000 0.0047
839.0000 0.0045
840.0000 0.0042
841.0000 0.0039
842.0000 0.0036
843.0000 0.0032
844.0000 0.0029
845.0000 0.0025
846.0000 0.0020
847.0000 0.0014
848.0000 0.0010
849.0000 0.0007
850.0000 0.0004
851.0000 -0.0001
852.0000 -0.0005
853.0000 -0.0008
854.0000 -0.0011
855.0000 -0.0014
856.0000 -0.0017
857.0000 -0.0020
858.0000 -0.0022
859.0000 -0.0024
860.0000 -0.0026
861.0000 -0.0028
862.0000 -0.0029
863.0000 -0.0030
864.0000 -0.0031
865.0000 -0.0031
866.0000 -0.0032
867.0000 -0.0034
868.0000 -0.0035
869.0000 -0.0035
870.0000 -0.0036
871.0000 -0.0037
872.0000 -0.0038
873.0000 -0.0039
874.0000 -0.0039
875.0000 -0.0040
876.0000 -0.0041
877.0000 -0.0041
878.0000 -0.0041
879.0000 -0.0040
880.0000 -0.0040
881.0000 -0.0032
882.0000 -0.0020
883.0000 -0.0009
884.0000 -0.0000
885.0000 0.0005
886.0000 0.0007
887.0000 0.0007
888.0000 0.0007
889.0000 0.0007
890.0000 0.0008
891.0000 0.0009
892.0000 0.0011
893.0000 0.0013
894.0000 0.0015
895.0000 0.0017
896.0000 0.0019
897.0000 0.0020
898.0000 0.0022
899.0000 0.0023
900.0000 0.0024
901.0000 0.0025
902.0000 0.0025
903.0000 0.0025
904.0000 0.0025
905.0000 0.0025
906.0000 0.0024
907.0000 0.0024
908.0000 0.0023
909.0000 0.0023
910.0000 0.0022
911.0000 0.0021
912.0000 0.0020
913.0000 0.0019
914.0000 0.0019
915.0000 0.0018
916.0000 0.0017
917.0000 0.0016
918.0000 0.0016
919.0000 0.0015
920.0000 0.0014
921.0000 0.0013
922.0000 0.0013
923.0000 0.0012
924.0000 0.0011
925.0000 0.0011
926.0000 0.0010
927.0000 0.0010
928.0000 0.0009
929.0000 0.0009
930.0000 0.0008
931.0000 0.0008
932.0000 0.0007
933.0000 0.0007
934.0000 0.0007
935.0000 0.0006
936.0000 0.0006
937.0000 0.0006
938.0000 0.0005
939.0000 0.0005
940.0000 0.0005
941.0000 0.0005
942.0000 0.0004
943.0000 0.0004
944.0000 0.0004
945.0000 0.0004
946.0000 0.0004
947.0000 0.0003
948.0000 0.0003
949.0000 0.0003
950.0000 0.0003
951.0000 0.0003
952.0000 0.0003
953.0000 0.0003
954.0000 0.0003
955.0000 0.0002
956.0000 0.0002
957.0000 0.0002
958.0000 0.0002
959.0000 0.0002
960.0000 0.0002
961.0000 0.0002
962.0000 0.0002
963.0000 0.0002
964.0000 0.0001
965.0000 0.0001
966.0000 0.0001
967.0000 0.0001
968.0000 0.0001
969.0000 0.0001
970.0000 0.0001
971.0000 0.0001
972.0000 0.0001
973.0000 0.0001
974.0000 0.0001
975.0000 0.0001
976.0000 0.0001
977.0000 0.0001
978.0000 0.0001
979.0000 0.0001
980.0000 0.0001
981.0000 0.0001
982.0000 0.0001
983.0000 0.0001
984.0000 0.0001
985.0000 0.0001
986.0000 0.0001
987.0000 0.0001
988.0000 0.0001
989.0000 0.0001
990.0000 0.0001
991.0000 0.0001
992.0000 0.0001
993.0000 0.0001
994.0000 0.0001
995.0000 0.0001
996.0000 0.0001
997.0000 0.0001
998.0000 0.0001
999.0000 0.0001
1000.0000 0.0001
1001.0000 0.0001
1002.0000 0.0001
1003.0000 0.0001
1004.0000 0.0001
1005.0000 0.0001
1006.0000 0.0001
1007.0000 0.0001
1008.0000 0.0001
1009.0000 0.0001
1010.0000 0.0001
1011.0000 0.0001
1012.0000 0.0001
1013.0000 0.0001
1014.0000 0.0001
1015.0000 0.0001
1016.0000 0.0001
1017.0000 0.0001
1018.0000 0.0001
1019.0000 0.0001
1020.0000 0.0001
1021.0000 0.0001
1022.0000 0.0000
1023.0000 0.0000
1024.0000 0.0000
1025.0000 0.0000
1026.0000 0.0000
1027.0000 0.0000
1028.0000 0.0000
1029.0000 0.0000
1030.0000 0.0000
1031.0000 0.0000
1032.0000 0.0000
1033.0000 0.0000
1034.0000 0.0000
1035.0000 0.0000
1036.0000 0.0000
1037.0000 0.0000
1038.0000 0.0000
1039.0000 0.0000
1040.0000 0.0000
1041.0000 0.0000
1042.0000 0.0000
1043.0000 0.0000
1044.0000 0.0000
1045.0000 0.0000
1046.0000 0.0000
1047.0000 0.0000
1048.0000 0.0000
1049.0000 0.0000
1050.0000 0.0000
1051.0000 0.0000
1052.0000 0.0000
1053.0000 0.0000
1054.0000 0.0000
1055.0000 0.0000
1056.0000 0.0000
1057.0000 0.0000
1058.0000 0.0000
1059.0000 0.0000
1060.0000 0.0000
1061.0000 0.0000
1062.0000 0.0000
1063.0000 0.0000
1064.0000 0.0000
1065.0000 0.0000
1066.0000 0.0000
1067.0000 0.0000
1068.0000 0.0000
1069.0000 0.0000
1070.0000 0.0000
1071.0000 0.0000
1072.0000 0.0000
1073.0000 0.0000
1074.0000 0.0000
1075.0000 0.0000
1076.0000 0.0000
1077.0000 0.0000
1078.0000 0.0000
1079.0000 0.0000
1080.0000 0.0000
1081.0000 0.0000
1082.0000 0.0000
1083.0000 0.0000
1084.0000 0.0000
1085.0000 0.0000
1086.0000 0.0000
1087.0000 0.0000
1088.0000 0.0000
1089.0000 0.0000
1090.0000 0.0000
1091.0000 0.0000
1092.0000 0.0000
1093.0000 0.0000
1094.0000 0.0000
1095.0000 0.0000
1096.0000 0.0000
1097.0000 0.0000
1098.0000 0.0000
1099.0000 0.0000
1100.0000 0.0000
