1.0000 0.0000
2.0000 0.0000
3.0000 0.0000
4.0000 0.0000
5.0000 0.0000
6.0000 0.0000
7.0000 0.0000
8.0000 0.0000
9.0000 0.0000
10.0000 1.2383
11.0000 1.7354
12.0000 1.8190
13.0000 1.7030
14.0000 1.5119
15.0000 1.3117
16.0000 1.1331
17.0000 0.9881
18.0000 0.8783
19.0000 0.8006
20.0000 0.7496
21.0000 0.7196
22.0000 0.7050
23.0000 0.7008
24.0000 0.7033
25.0000 0.7094
26.0000 0.7171
27.0000 0.7249
28.0000 0.7321
29.0000 0.7381
30.0000 0.7429
31.0000 0.7467
32.0000 0.7494
33.0000 0.7513
34.0000 0.7526
35.0000 0.7534
36.0000 0.7539
37.0000 0.7541
38.0000 0.7542
39.0000 0.7542
40.0000 0.7541
41.0000 0.7539
42.0000 0.7537
43.0000 0.7535
44.0000 0.7533
45.0000 0.7531
46.0000 0.7529
47.0000 0.7527
48.0000 0.7525
49.0000 0.7523
50.0000 0.7521
51.0000 0.7518
52.0000 0.7516
53.0000 0.7513
54.0000 0.7509
55.0000 0.7505
56.0000 0.7501
57.0000 0.7497
58.0000 0.7493
59.0000 0.7489
60.0000 0.7485
61.0000 0.7481
62.0000 0.7477
63.0000 0.7473
64.0000 0.7470
65.0000 0.7466
66.0000 0.7463
67.0000 0.7461
68.0000 0.7458
69.0000 0.7455
70.0000 0.7453
71.0000 0.7450
72.0000 0.7447
73.0000 0.7445
74.0000 0.7444
75.0000 0.7442
76.0000 0.7441
77.0000 0.7440
78.0000 0.7440
79.0000 0.7439
80.0000 0.7439
81.0000 0.7440
82.0000 0.7440
83.0000 0.7441
84.0000 0.7443
85.0000 0.7445
86.0000 0.7447
87.0000 0.7450
88.0000 0.7453
89.0000 0.7458
90.0000 0.7462
91.0000 0.7461
92.0000 0.7455
93.0000 0.7449
94.0000 0.7443
95.0000 0.7440
96.0000 0.7440
97.0000 0.7441
98.0000 0.7443
99.0000 0.7446
100.0000 0.7448
101.0000 0.7451
102.0000 0.7453
103.0000 0.7455
104.0000 0.7456
105.0000 0.7457
106.0000 0.7458
107.0000 0.7459
108.0000 0.7459
109.0000 0.7459
110.0000 0.7459
111.0000 0.7459
112.0000 0.7460
113.0000 0.7460
114.0000 0.7460
115.0000 0.7460
116.0000 0.7460
117.0000 0.7460
118.0000 0.7461
119.0000 0.7461
120.0000 0.7461
121.0000 0.7461
122.0000 0.7461
123.0000 0.7461
124.0000 0.7461
125.0000 0.7461
126.0000 0.7461
127.0000 0.7461
128.0000 0.7461
129.0000 0.7461
130.0000 0.7461
131.0000 0.7461
132.0000 0.7461
133.0000 0.7461
134.0000 0.7461
135.0000 0.7461
136.0000 0.7461
137.0000 0.7461
138.0000 0.7461
139.0000 0.7461
140.0000 0.7461
141.0000 0.7461
142.0000 0.7461
143.0000 0.7461
144.0000 0.7461
145.0000 0.7461
146.0000 0.7461
147.0000 0.7461
148.0000 0.7461
149.0000 0.7461
150.0000 0.7461
151.0000 0.7460
152.0000 0.7460
153.0000 0.7460
154.0000 0.7460
155.0000 0.7460
156.0000 0.7460
157.0000 0.7460
158.0000 0.7460
159.0000 0.7460
160.0000 0.7460
161.0000 0.7460
162.0000 0.7460
163.0000 0.7460
164.0000 0.7460
165.0000 0.7460
166.0000 0.7460
167.0000 0.7460
168.0000 0.7460
169.0000 0.7460
170.0000 0.7460
171.0000 0.7460
172.0000 0.7460
173.0000 0.7460
174.0000 0.7460
175.0000 0.7460
176.0000 0.7460
177.0000 0.7460
178.0000 0.7460
179.0000 0.7460
180.0000 0.7460
181.0000 0.7460
182.0000 0.7460
183.0000 0.7460
184.0000 0.7460
185.0000 0.7460
186.0000 0.7460
187.0000 0.7460
188.0000 0.7460
189.0000 0.7460
190.0000 0.7460
191.0000 0.7460
192.0000 0.7460
193.0000 0.7460
194.0000 0.7460
195.0000 0.7460
196.0000 0.7460
197.0000 0.7460
198.0000 0.7460
199.0000 0.7460
200.0000 -1.7306
201.0000 -2.7248
202.0000 -2.8921
203.0000 -2.6601
204.0000 -2.2779
205.0000 -1.8774
206.0000 -1.5203
207.0000 -1.2302
208.0000 -1.0106
209.0000 -0.8551
210.0000 -0.7532
211.0000 -0.6932
212.0000 -0.6639
213.0000 -0.6557
214.0000 -0.6607
215.0000 -0.6729
216.0000 -0.6882
217.0000 -0.7039
218.0000 -0.7182
219.0000 -0.7302
220.0000 -0.7399
221.0000 -0.7474
222.0000 -0.7529
223.0000 -0.7567
224.0000 -0.7592
225.0000 -0.7609
226.0000 -0.7619
227.0000 -0.7623
228.0000 -0.7624
229.0000 -0.7624
230.0000 -0.7621
231.0000 -0.7618
232.0000 -0.7615
233.0000 -0.7611
234.0000 -0.7606
235.0000 -0.7602
236.0000 -0.7598
237.0000 -0.7594
238.0000 -0.7590
239.0000 -0.7586
240.0000 -0.7581
241.0000 -0.7577
242.0000 -0.7572
243.0000 -0.7565
244.0000 -0.7559
245.0000 -0.7550
246.0000 -0.7542
247.0000 -0.7535
248.0000 -0.7527
249.0000 -0.7518
250.0000 -0.7510
251.0000 -0.7502
252.0000 -0.7494
253.0000 -0.7486
254.0000 -0.7479
255.0000 -0.7473
256.0000 -0.7467
257.0000 -0.7461
258.0000 -0.7457
259.0000 -0.7451
260.0000 -0.7446
261.0000 -0.7440
262.0000 -0.7435
263.0000 -0.7431
264.0000 -0.7427
265.0000 -0.7425
266.0000 -0.7422
267.0000 -0.7421
268.0000 -0.7420
269.0000 -0.7419
270.0000 -0.7419
271.0000 -0.7420
272.0000 -0.7421
273.0000 -0.7423
274.0000 -0.7426
275.0000 -0.7430
276.0000 -0.7434
277.0000 -0.7440
278.0000 -0.7447
279.0000 -0.7455
280.0000 -0.7464
281.0000 -0.7461
282.0000 -0.7450
283.0000 -0.7438
284.0000 -0.7427
285.0000 -0.7421
286.0000 -0.7419
287.0000 -0.7422
288.0000 -0.7426
289.0000 -0.7432
290.0000 -0.7437
291.0000 -0.7442
292.0000 -0.7447
293.0000 -0.7450
294.0000 -0.7453
295.0000 -0.7455
296.0000 -0.7457
297.0000 -0.7457
298.0000 -0.7458
299.0000 -0.7459
300.0000 -0.7459
301.0000 -0.7459
302.0000 -0.7460
303.0000 -0.7460
304.0000 -0.7460
305.0000 -0.7461
306.0000 -0.7461
307.0000 -0.7461
308.0000 -0.7462
309.0000 -0.7462
310.0000 -0.7462
311.0000 -0.7462
312.0000 -0.7462
313.0000 -0.7463
314.0000 -0.7463
315.0000 -0.7463
316.0000 -0.7463
317.0000 -0.7463
318.0000 -0.7463
319.0000 -0.7463
320.0000 -0.7463
321.0000 -0.7463
322.0000 -0.7463
323.0000 -0.7463
324.0000 -0.7463
325.0000 -0.7462
326.0000 -0.7462
327.0000 -0.7462
328.0000 -0.7462
329.0000 -0.7462
330.0000 -0.7462
331.0000 -0.7462
332.0000 -0.7462
333.0000 -0.7462
334.0000 -0.7462
335.0000 -0.7462
336.0000 -0.7462
337.0000 -0.7461
338.0000 -0.7461
339.0000 -0.7461
340.0000 -0.7461
341.0000 -0.7461
342.0000 -0.7461
343.0000 -0.7461
344.0000 -0.7461
345.0000 -0.7461
346.0000 -0.7461
347.0000 -0.7461
348.0000 -0.7461
349.0000 -0.7461
350.0000 -0.7461
351.0000 -0.7461
352.0000 -0.7461
353.0000 -0.7461
354.0000 -0.7461
355.0000 -0.7460
356.0000 -0.7460
357.0000 -0.7460
358.0000 -0.7460
359.0000 -0.7460
360.0000 -0.7460
361.0000 -0.7460
362.0000 -0.7460
363.0000 -0.7460
364.0000 -0.7460
365.0000 -0.7460
366.0000 -0.7460
367.0000 -0.7460
368.0000 -0.7460
369.0000 -0.7460
370.0000 -0.7460
371.0000 -0.7460
372.0000 -0.7460
373.0000 -0.7460
374.0000 -0.7460
375.0000 -0.7460
376.0000 -0.7460
377.0000 -0.7460
378.0000 -0.7460
379.0000 -0.7460
380.0000 -0.7460
381.0000 -0.7460
382.0000 -0.7460
383.0000 -0.7460
384.0000 -0.7460
385.0000 -0.7460
386.0000 -0.7460
387.0000 -0.7460
388.0000 -0.7460
389.0000 -0.7460
390.0000 -0.7460
391.0000 -0.7460
392.0000 -0.7460
393.0000 -0.7460
394.0000 -0.7460
395.0000 -0.7460
396.0000 -0.7460
397.0000 -0.7460
398.0000 -0.7460
399.0000 -0.7460
400.0000 -0.7460
401.0000 -0.7460
402.0000 -0.7460
403.0000 -0.7460
404.0000 -0.7460
405.0000 -0.7460
406.0000 -0.7460
407.0000 -0.7460
408.0000 -0.7460
409.0000 -0.7460
410.0000 -0.7460
411.0000 -0.7460
412.0000 -0.7460
413.0000 -0.7460
414.0000 -0.7460
415.0000 -0.7460
416.0000 -0.7460
417.0000 -0.7460
418.0000 -0.7460
419.0000 -0.7460
420.0000 -0.7460
421.0000 -0.7460
422.0000 -0.7460
423.0000 -0.7460
424.0000 -0.7460
425.0000 -0.7460
426.0000 -0.7460
427.0000 -0.7460
428.0000 -0.7460
429.0000 -0.7460
430.0000 -0.7460
431.0000 -0.7460
432.0000 -0.7460
433.0000 -0.7460
434.0000 -0.7460
435.0000 -0.7460
436.0000 -0.7460
437.0000 -0.7460
438.0000 -0.7460
439.0000 -0.7460
440.0000 -0.7460
441.0000 -0.7460
442.0000 -0.7460
443.0000 -0.7460
444.0000 -0.7460
445.0000 -0.7460
446.0000 -0.7460
447.0000 -0.7460
448.0000 -0.7460
449.0000 -0.7460
450.0000 -0.7460
451.0000 -0.7460
452.0000 -0.7460
453.0000 -0.7460
454.0000 -0.7460
455.0000 -0.7460
456.0000 -0.7460
457.0000 -0.7460
458.0000 -0.7460
459.0000 -0.7460
460.0000 -0.7460
461.0000 -0.7460
462.0000 -0.7460
463.0000 -0.7460
464.0000 -0.7460
465.0000 -0.7460
466.0000 -0.7460
467.0000 -0.7460
468.0000 -0.7460
469.0000 -0.7460
470.0000 -0.7460
471.0000 -0.7460
472.0000 -0.7460
473.0000 -0.7460
474.0000 -0.7460
475.0000 -0.7460
476.0000 -0.7460
477.0000 -0.7460
478.0000 -0.7460
479.0000 -0.7460
480.0000 -0.7460
481.0000 -0.7460
482.0000 -0.7460
483.0000 -0.7460
484.0000 -0.7460
485.0000 -0.7460
486.0000 -0.7460
487.0000 -0.7460
488.0000 -0.7460
489.0000 -0.7460
490.0000 -0.7460
491.0000 -0.7460
492.0000 -0.7460
493.0000 -0.7460
494.0000 -0.7460
495.0000 -0.7460
496.0000 -0.7460
497.0000 -0.7460
498.0000 -0.7460
499.0000 -0.7460
500.0000 1.4211
501.0000 2.2910
502.0000 2.4373
503.0000 2.2343
504.0000 1.8999
505.0000 1.5494
506.0000 1.2370
507.0000 0.9832
508.0000 0.7910
509.0000 0.6550
510.0000 0.5658
511.0000 0.5133
512.0000 0.4877
513.0000 0.4805
514.0000 0.4848
515.0000 0.4955
516.0000 0.5090
517.0000 0.5226
518.0000 0.5352
519.0000 0.5457
520.0000 0.5542
521.0000 0.5607
522.0000 0.5655
523.0000 0.5689
524.0000 0.5711
525.0000 0.5725
526.0000 0.5734
527.0000 0.5738
528.0000 0.5739
529.0000 0.5738
530.0000 0.5736
531.0000 0.5733
532.0000 0.5730
533.0000 0.5727
534.0000 0.5723
535.0000 0.5720
536.0000 0.5716
537.0000 0.5712
538.0000 0.5709
539.0000 0.5705
540.0000 0.5701
541.0000 0.5697
542.0000 0.5693
543.0000 0.5687
544.0000 0.5681
545.0000 0.5674
546.0000 0.5667
547.0000 0.5660
548.0000 0.5653
549.0000 0.5646
550.0000 0.5639
551.0000 0.5632
552.0000 0.5625
553.0000 0.5618
554.0000 0.5612
555.0000 0.5606
556.0000 0.5601
557.0000 0.5596
558.0000 0.5592
559.0000 0.5587
560.0000 0.5583
561.0000 0.5578
562.0000 0.5573
563.0000 0.5569
564.0000 0.5566
565.0000 0.5564
566.0000 0.5562
567.0000 0.5561
568.0000 0.5560
569.0000 0.5559
570.0000 0.5559
571.0000 0.5560
572.0000 0.5561
573.0000 0.5563
574.0000 0.5565
575.0000 0.5569
576.0000 0.5573
577.0000 0.5578
578.0000 0.5584
579.0000 0.5591
580.0000 0.5598
581.0000 0.5596
582.0000 0.5587
583.0000 0.5575
584.0000 0.5566
585.0000 0.5561
586.0000 0.5560
587.0000 0.5561
588.0000 0.5565
589.0000 0.5570
590.0000 0.5575
591.0000 0.5580
592.0000 0.5584
593.0000 0.5587
594.0000 0.5589
595.0000 0.5591
596.0000 0.5592
597.0000 0.5593
598.0000 0.5593
599.0000 0.5594
600.0000 0.5594
601.0000 0.5594
602.0000 0.5595
603.0000 0.5595
604.0000 0.5595
605.0000 0.5596
606.0000 0.5596
607.0000 0.5596
608.0000 0.5596
609.0000 0.5597
610.0000 0.5597
611.0000 0.5597
612.0000 0.5597
613.0000 0.5597
614.0000 0.5597
615.0000 0.5598
616.0000 0.5598
617.0000 0.5598
618.0000 0.5598
619.0000 0.5598
620.0000 0.5597
621.0000 0.5597
622.0000 0.5597
623.0000 0.5597
624.0000 0.5597
625.0000 0.5597
626.0000 0.5597
627.0000 0.5597
628.0000 0.5597
629.0000 0.5597
630.0000 0.5597
631.0000 0.5597
632.0000 0.5597
633.0000 0.5597
634.0000 0.5597
635.0000 0.5596
636.0000 0.5596
637.0000 0.5596
638.0000 0.5596
639.0000 0.5596
640.0000 0.5596
641.0000 0.5596
642.0000 0.5596
643.0000 0.5596
644.0000 0.5596
645.0000 0.5596
646.0000 0.5596
647.0000 0.5596
648.0000 0.5596
649.0000 0.5596
650.0000 0.5596
651.0000 0.5596
652.0000 0.5596
653.0000 0.5596
654.0000 0.5595
655.0000 0.5595
656.0000 0.5595
657.0000 0.5595
658.0000 0.5595
659.0000 0.5595
660.0000 0.5595
661.0000 0.5595
662.0000 0.5595
663.0000 0.5595
664.0000 0.5595
665.0000 0.5595
666.0000 0.5595
667.0000 0.5595
668.0000 0.5595
669.0000 0.5595
670.0000 0.5595
671.0000 0.5595
672.0000 0.5595
673.0000 0.5595
674.0000 0.5595
675.0000 0.5595
676.0000 0.5595
677.0000 0.5595
678.0000 0.5595
679.0000 0.5595
680.0000 0.5595
681.0000 0.5595
682.0000 0.5595
683.0000 0.5595
684.0000 0.5595
685.0000 0.5595
686.0000 0.5595
687.0000 0.5595
688.0000 0.5595
689.0000 0.5595
690.0000 0.5595
691.0000 0.5595
692.0000 0.5595
693.0000 0.5595
694.0000 0.5595
695.0000 0.5595
696.0000 0.5595
697.0000 0.5595
698.0000 0.5595
699.0000 0.5595
700.0000 0.5595
701.0000 0.5595
702.0000 0.5595
703.0000 0.5595
704.0000 0.5595
705.0000 0.5595
706.0000 0.5595
707.0000 0.5595
708.0000 0.5595
709.0000 0.5595
710.0000 0.5595
711.0000 0.5595
712.0000 0.5595
713.0000 0.5595
714.0000 0.5595
715.0000 0.5595
716.0000 0.5595
717.0000 0.5595
718.0000 0.5595
719.0000 0.5595
720.0000 0.5595
721.0000 0.5595
722.0000 0.5595
723.0000 0.5595
724.0000 0.5595
725.0000 0.5595
726.0000 0.5595
727.0000 0.5595
728.0000 0.5595
729.0000 0.5595
730.0000 0.5595
731.0000 0.5595
732.0000 0.5595
733.0000 0.5595
734.0000 0.5595
735.0000 0.5595
736.0000 0.5595
737.0000 0.5595
738.0000 0.5595
739.0000 0.5595
740.0000 0.5595
741.0000 0.5595
742.0000 0.5595
743.0000 0.5595
744.0000 0.5595
745.0000 0.5595
746.0000 0.5595
747.0000 0.5595
748.0000 0.5595
749.0000 0.5595
750.0000 0.5595
751.0000 0.5595
752.0000 0.5595
753.0000 0.5595
754.0000 0.5595
755.0000 0.5595
756.0000 0.5595
757.0000 0.5595
758.0000 0.5595
759.0000 0.5595
760.0000 0.5595
761.0000 0.5595
762.0000 0.5595
763.0000 0.5595
764.0000 0.5595
765.0000 0.5595
766.0000 0.5595
767.0000 0.5595
768.0000 0.5595
769.0000 0.5595
770.0000 0.5595
771.0000 0.5595
772.0000 0.5595
773.0000 0.5595
774.0000 0.5595
775.0000 0.5595
776.0000 0.5595
777.0000 0.5595
778.0000 0.5595
779.0000 0.5595
780.0000 0.5595
781.0000 0.5595
782.0000 0.5595
783.0000 0.5595
784.0000 0.5595
785.0000 0.5595
786.0000 0.5595
787.0000 0.5595
788.0000 0.5595
789.0000 0.5595
790.0000 0.5595
791.0000 0.5595
792.0000 0.5595
793.0000 0.5595
794.0000 0.5595
795.0000 0.5595
796.0000 0.5595
797.0000 0.5595
798.0000 0.5595
799.0000 0.5595
800.0000 -0.3692
801.0000 -0.7421
802.0000 -0.8048
803.0000 -0.7178
804.0000 -0.5745
805.0000 -0.4243
806.0000 -0.2904
807.0000 -0.1816
808.0000 -0.0992
809.0000 -0.0409
810.0000 -0.0027
811.0000 0.0198
812.0000 0.0308
813.0000 0.0338
814.0000 0.0320
815.0000 0.0274
816.0000 0.0217
817.0000 0.0158
818.0000 0.0104
819.0000 0.0059
820.0000 0.0023
821.0000 -0.0005
822.0000 -0.0026
823.0000 -0.0040
824.0000 -0.0050
825.0000 -0.0056
826.0000 -0.0060
827.0000 -0.0061
828.0000 -0.0062
829.0000 -0.0061
830.0000 -0.0061
831.0000 -0.0059
832.0000 -0.0058
833.0000 -0.0057
834.0000 -0.0055
835.0000 -0.0053
836.0000 -0.0052
837.0000 -0.0050
838.0000 -0.0049
839.0000 -0.0047
840.0000 -0.0046
841.0000 -0.0044
842.0000 -0.0042
843.0000 -0.0040
844.0000 -0.0037
845.0000 -0.0034
846.0000 -0.0031
847.0000 -0.0028
848.0000 -0.0025
849.0000 -0.0022
850.0000 -0.0019
851.0000 -0.0016
852.0000 -0.0013
853.0000 -0.0010
854.0000 -0.0007
855.0000 -0.0005
856.0000 -0.0003
857.0000 -0.0001
858.0000 0.0001
859.0000 0.0003
860.0000 0.0005
861.0000 0.0007
862.0000 0.0009
863.0000 0.0011
864.0000 0.0012
865.0000 0.0013
866.0000 0.0014
867.0000 0.0014
868.0000 0.0015
869.0000 0.0015
870.0000 0.0015
871.0000 0.0015
872.0000 0.0015
873.0000 0.0014
874.0000 0.0013
875.0000 0.0011
876.0000 0.0010
877.0000 0.0007
878.0000 0.0005
879.0000 0.0002
880.0000 -0.0002
881.0000 -0.0001
882.0000 0.0003
883.0000 0.0008
884.0000 0.0012
885.0000 0.0015
886.0000 0.0015
887.0000 0.0014
888.0000 0.0013
889.0000 0.0011
890.0000 0.0008
891.0000 0.0006
892.0000 0.0005
893.0000 0.0003
894.0000 0.0002
895.0000 0.0002
896.0000 0.0001
897.0000 0.0001
898.0000 0.0001
899.0000 0.0000
900.0000 0.0000
901.0000 0.0000
902.0000 0.0000
903.0000 -0.0000
904.0000 -0.0000
905.0000 -0.0000
906.0000 -0.0000
907.0000 -0.0001
908.0000 -0.0001
909.0000 -0.0001
910.0000 -0.0001
911.0000 -0.0001
912.0000 -0.0001
913.0000 -0.0001
914.0000 -0.0001
915.0000 -0.0001
916.0000 -0.0001
917.0000 -0.0001
918.0000 -0.0001
919.0000 -0.0001
920.0000 -0.0001
921.0000 -0.0001
922.0000 -0.0001
923.0000 -0.0001
924.0000 -0.0001
925.0000 -0.0001
926.0000 -0.0001
927.0000 -0.0001
928.0000 -0.0001
929.0000 -0.0001
930.0000 -0.0001
931.0000 -0.0001
932.0000 -0.0001
933.0000 -0.0001
934.0000 -0.0001
935.0000 -0.0001
936.0000 -0.0001
937.0000 -0.0001
938.0000 -0.0001
939.0000 -0.0001
940.0000 -0.0001
941.0000 -0.0001
942.0000 -0.0001
943.0000 -0.0001
944.0000 -0.0001
945.0000 -0.0000
946.0000 -0.0000
947.0000 -0.0000
948.0000 -0.0000
949.0000 -0.0000
950.0000 -0.0000
951.0000 -0.0000
952.0000 -0.0000
953.0000 -0.0000
954.0000 -0.0000
955.0000 -0.0000
956.0000 -0.0000
957.0000 -0.0000
958.0000 -0.0000
959.0000 -0.0000
960.0000 -0.0000
961.0000 -0.0000
962.0000 -0.0000
963.0000 -0.0000
964.0000 -0.0000
965.0000 -0.0000
966.0000 -0.0000
967.0000 -0.0000
968.0000 -0.0000
969.0000 -0.0000
970.0000 -0.0000
971.0000 -0.0000
972.0000 -0.0000
973.0000 -0.0000
974.0000 -0.0000
975.0000 0.0000
976.0000 0.0000
977.0000 0.0000
978.0000 0.0000
979.0000 0.0000
980.0000 0.0000
981.0000 0.0000
982.0000 0.0000
983.0000 0.0000
984.0000 0.0000
985.0000 0.0000
986.0000 0.0000
987.0000 0.0000
988.0000 0.0000
989.0000 0.0000
990.0000 0.0000
991.0000 0.0000
992.0000 0.0000
993.0000 0.0000
994.0000 0.0000
995.0000 0.0000
996.0000 0.0000
997.0000 0.0000
998.0000 0.0000
999.0000 0.0000
1000.0000 0.0000
1001.0000 0.0000
1002.0000 0.0000
1003.0000 0.0000
1004.0000 0.0000
1005.0000 0.0000
1006.0000 0.0000
1007.0000 0.0000
1008.0000 0.0000
1009.0000 0.0000
1010.0000 0.0000
1011.0000 0.0000
1012.0000 0.0000
1013.0000 0.0000
1014.0000 0.0000
1015.0000 0.0000
1016.0000 0.0000
1017.0000 0.0000
1018.0000 0.0000
1019.0000 -0.0000
1020.0000 -0.0000
1021.0000 -0.0000
1022.0000 -0.0000
1023.0000 -0.0000
1024.0000 -0.0000
1025.0000 -0.0000
1026.0000 -0.0000
1027.0000 -0.0000
1028.0000 -0.0000
1029.0000 -0.0000
1030.0000 -0.0000
1031.0000 -0.0000
1032.0000 -0.0000
1033.0000 -0.0000
1034.0000 -0.0000
1035.0000 -0.0000
1036.0000 -0.0000
1037.0000 -0.0000
1038.0000 -0.0000
1039.0000 -0.0000
1040.0000 -0.0000
1041.0000 -0.0000
1042.0000 -0.0000
1043.0000 -0.0000
1044.0000 -0.0000
1045.0000 -0.0000
1046.0000 -0.0000
1047.0000 -0.0000
1048.0000 -0.0000
1049.0000 -0.0000
1050.0000 -0.0000
1051.0000 -0.0000
1052.0000 -0.0000
1053.0000 -0.0000
1054.0000 -0.0000
1055.0000 -0.0000
1056.0000 -0.0000
1057.0000 -0.0000
1058.0000 -0.0000
1059.0000 -0.0000
1060.0000 -0.0000
1061.0000 -0.0000
1062.0000 -0.0000
1063.0000 -0.0000
1064.0000 -0.0000
1065.0000 -0.0000
1066.0000 -0.0000
1067.0000 -0.0000
1068.0000 -0.0000
1069.0000 -0.0000
1070.0000 -0.0000
1071.0000 -0.0000
1072.0000 -0.0000
1073.0000 -0.0000
1074.0000 -0.0000
1075.0000 -0.0000
1076.0000 -0.0000
1077.0000 -0.0000
1078.0000 -0.0000
1079.0000 -0.0000
1080.0000 -0.0000
1081.0000 -0.0000
1082.0000 -0.0000
1083.0000 -0.0000
1084.0000 -0.0000
1085.0000 -0.0000
1086.0000 -0.0000
1087.0000 -0.0000
1088.0000 -0.0000
1089.0000 -0.0000
1090.0000 -0.0000
1091.0000 -0.0000
1092.0000 -0.0000
1093.0000 -0.0000
1094.0000 -0.0000
1095.0000 -0.0000
1096.0000 -0.0000
1097.0000 -0.0000
1098.0000 -0.0000
1099.0000 -0.0000
1100.0000 -0.0000
