1.0000 0.0000
2.0000 0.0000
3.0000 0.0000
4.0000 0.0000
5.0000 0.0000
6.0000 0.0000
7.0000 0.0000
8.0000 0.0000
9.0000 0.0000
10.0000 1.5706
11.0000 2.1152
12.0000 2.1743
13.0000 2.0406
14.0000 1.8548
15.0000 1.6761
16.0000 1.5244
17.0000 1.4027
18.0000 1.3079
19.0000 1.2351
20.0000 1.1797
21.0000 1.1376
22.0000 1.1055
23.0000 1.0809
24.0000 1.0618
25.0000 1.0469
26.0000 1.0351
27.0000 1.0257
28.0000 1.0179
29.0000 1.0115
30.0000 1.0062
31.0000 1.0019
32.0000 0.9981
33.0000 0.9949
34.0000 0.9922
35.0000 0.9899
36.0000 0.9880
37.0000 0.9863
38.0000 0.9848
39.0000 0.9835
40.0000 0.9825
41.0000 0.9815
42.0000 0.9808
43.0000 0.9800
44.0000 0.9795
45.0000 0.9790
46.0000 0.9786
47.0000 0.9782
48.0000 0.9779
49.0000 0.9777
50.0000 0.9774
51.0000 0.9772
52.0000 0.9772
53.0000 0.9771
54.0000 0.9771
55.0000 0.9772
56.0000 0.9772
57.0000 0.9774
58.0000 0.9775
59.0000 0.9777
60.0000 0.9778
61.0000 0.9780
62.0000 0.9782
63.0000 0.9783
64.0000 0.9786
65.0000 0.9788
66.0000 0.9791
67.0000 0.9793
68.0000 0.9796
69.0000 0.9797
70.0000 0.9799
71.0000 0.9801
72.0000 0.9804
73.0000 0.9805
74.0000 0.9808
75.0000 0.9810
76.0000 0.9812
77.0000 0.9814
78.0000 0.9816
79.0000 0.9819
80.0000 0.9820
81.0000 0.9822
82.0000 0.9824
83.0000 0.9826
84.0000 0.9829
85.0000 0.9831
86.0000 0.9833
87.0000 0.9836
88.0000 0.9839
89.0000 0.9842
90.0000 0.9845
91.0000 0.9840
92.0000 0.9831
93.0000 0.9823
94.0000 0.9816
95.0000 0.9813
96.0000 0.9811
97.0000 0.9812
98.0000 0.9813
99.0000 0.9815
100.0000 0.9817
101.0000 0.9819
102.0000 0.9821
103.0000 0.9823
104.0000 0.9825
105.0000 0.9826
106.0000 0.9828
107.0000 0.9829
108.0000 0.9831
109.0000 0.9832
110.0000 0.9833
111.0000 0.9834
112.0000 0.9835
113.0000 0.9836
114.0000 0.9837
115.0000 0.9838
116.0000 0.9839
117.0000 0.9840
118.0000 0.9841
119.0000 0.9841
120.0000 0.9842
121.0000 0.9843
122.0000 0.9843
123.0000 0.9844
124.0000 0.9844
125.0000 0.9845
126.0000 0.9845
127.0000 0.9846
128.0000 0.9847
129.0000 0.9847
130.0000 0.9847
131.0000 0.9848
132.0000 0.9848
133.0000 0.9849
134.0000 0.9849
135.0000 0.9850
136.0000 0.9850
137.0000 0.9850
138.0000 0.9851
139.0000 0.9851
140.0000 0.9851
141.0000 0.9852
142.0000 0.9852
143.0000 0.9852
144.0000 0.9853
145.0000 0.9853
146.0000 0.9853
147.0000 0.9853
148.0000 0.9854
149.0000 0.9854
150.0000 0.9854
151.0000 0.9854
152.0000 0.9855
153.0000 0.9855
154.0000 0.9855
155.0000 0.9855
156.0000 0.9855
157.0000 0.9856
158.0000 0.9856
159.0000 0.9856
160.0000 0.9856
161.0000 0.9856
162.0000 0.9856
163.0000 0.9857
164.0000 0.9857
165.0000 0.9857
166.0000 0.9857
167.0000 0.9857
168.0000 0.9857
169.0000 0.9857
170.0000 0.9857
171.0000 0.9858
172.0000 0.9858
173.0000 0.9858
174.0000 0.9858
175.0000 0.9858
176.0000 0.9858
177.0000 0.9858
178.0000 0.9858
179.0000 0.9858
180.0000 0.9859
181.0000 0.9859
182.0000 0.9859
183.0000 0.9859
184.0000 0.9859
185.0000 0.9859
186.0000 0.9859
187.0000 0.9859
188.0000 0.9859
189.0000 0.9859
190.0000 0.9860
191.0000 0.9860
192.0000 0.9860
193.0000 0.9860
194.0000 0.9860
195.0000 0.9860
196.0000 0.9860
197.0000 0.9860
198.0000 0.9860
199.0000 0.9860
200.0000 -2.1551
201.0000 -3.2443
202.0000 -3.3625
203.0000 -3.0951
204.0000 -2.7236
205.0000 -2.3662
206.0000 -2.0627
207.0000 -1.8194
208.0000 -1.6297
209.0000 -1.4842
210.0000 -1.3733
211.0000 -1.2891
212.0000 -1.2249
213.0000 -1.1756
214.0000 -1.1375
215.0000 -1.1078
216.0000 -1.0842
217.0000 -1.0652
218.0000 -1.0497
219.0000 -1.0369
220.0000 -1.0264
221.0000 -1.0176
222.0000 -1.0100
223.0000 -1.0037
224.0000 -0.9982
225.0000 -0.9936
226.0000 -0.9898
227.0000 -0.9865
228.0000 -0.9834
229.0000 -0.9809
230.0000 -0.9789
231.0000 -0.9769
232.0000 -0.9754
233.0000 -0.9738
234.0000 -0.9727
235.0000 -0.9719
236.0000 -0.9710
237.0000 -0.9702
238.0000 -0.9697
239.0000 -0.9692
240.0000 -0.9686
241.0000 -0.9683
242.0000 -0.9681
243.0000 -0.9680
244.0000 -0.9681
245.0000 -0.9682
246.0000 -0.9682
247.0000 -0.9685
248.0000 -0.9688
249.0000 -0.9691
250.0000 -0.9694
251.0000 -0.9699
252.0000 -0.9702
253.0000 -0.9705
254.0000 -0.9710
255.0000 -0.9714
256.0000 -0.9719
257.0000 -0.9724
258.0000 -0.9730
259.0000 -0.9733
260.0000 -0.9736
261.0000 -0.9740
262.0000 -0.9745
263.0000 -0.9749
264.0000 -0.9753
265.0000 -0.9757
266.0000 -0.9762
267.0000 -0.9766
268.0000 -0.9771
269.0000 -0.9775
270.0000 -0.9778
271.0000 -0.9782
272.0000 -0.9785
273.0000 -0.9789
274.0000 -0.9795
275.0000 -0.9799
276.0000 -0.9803
277.0000 -0.9810
278.0000 -0.9815
279.0000 -0.9821
280.0000 -0.9828
281.0000 -0.9818
282.0000 -0.9800
283.0000 -0.9783
284.0000 -0.9770
285.0000 -0.9763
286.0000 -0.9760
287.0000 -0.9761
288.0000 -0.9764
289.0000 -0.9767
290.0000 -0.9771
291.0000 -0.9775
292.0000 -0.9779
293.0000 -0.9783
294.0000 -0.9787
295.0000 -0.9790
296.0000 -0.9793
297.0000 -0.9796
298.0000 -0.9799
299.0000 -0.9802
300.0000 -0.9804
301.0000 -0.9806
302.0000 -0.9808
303.0000 -0.9810
304.0000 -0.9812
305.0000 -0.9814
306.0000 -0.9815
307.0000 -0.9817
308.0000 -0.9819
309.0000 -0.9820
310.0000 -0.9821
311.0000 -0.9823
312.0000 -0.9824
313.0000 -0.9825
314.0000 -0.9826
315.0000 -0.9827
316.0000 -0.9828
317.0000 -0.9829
318.0000 -0.9830
319.0000 -0.9831
320.0000 -0.9832
321.0000 -0.9833
322.0000 -0.9834
323.0000 -0.9835
324.0000 -0.9836
325.0000 -0.9836
326.0000 -0.9837
327.0000 -0.9838
328.0000 -0.9839
329.0000 -0.9839
330.0000 -0.9840
331.0000 -0.9841
332.0000 -0.9841
333.0000 -0.9842
334.0000 -0.9842
335.0000 -0.9843
336.0000 -0.9844
337.0000 -0.9844
338.0000 -0.9845
339.0000 -0.9845
340.0000 -0.9846
341.0000 -0.9846
342.0000 -0.9846
343.0000 -0.9847
344.0000 -0.9847
345.0000 -0.9848
346.0000 -0.9848
347.0000 -0.9848
348.0000 -0.9849
349.0000 -0.9849
350.0000 -0.9849
351.0000 -0.9850
352.0000 -0.9850
353.0000 -0.9850
354.0000 -0.9851
355.0000 -0.9851
356.0000 -0.9851
357.0000 -0.9852
358.0000 -0.9852
359.0000 -0.9852
360.0000 -0.9852
361.0000 -0.9852
362.0000 -0.9853
363.0000 -0.9853
364.0000 -0.9853
365.0000 -0.9853
366.0000 -0.9853
367.0000 -0.9854
368.0000 -0.9854
369.0000 -0.9854
370.0000 -0.9854
371.0000 -0.9855
372.0000 -0.9855
373.0000 -0.9855
374.0000 -0.9855
375.0000 -0.9855
376.0000 -0.9856
377.0000 -0.9856
378.0000 -0.9856
379.0000 -0.9856
380.0000 -0.9856
381.0000 -0.9857
382.0000 -0.9857
383.0000 -0.9857
384.0000 -0.9857
385.0000 -0.9857
386.0000 -0.9857
387.0000 -0.9857
388.0000 -0.9858
389.0000 -0.9858
390.0000 -0.9858
391.0000 -0.9858
392.0000 -0.9858
393.0000 -0.9858
394.0000 -0.9858
395.0000 -0.9858
396.0000 -0.9859
397.0000 -0.9859
398.0000 -0.9859
399.0000 -0.9859
400.0000 -0.9859
401.0000 -0.9859
402.0000 -0.9859
403.0000 -0.9859
404.0000 -0.9859
405.0000 -0.9860
406.0000 -0.9860
407.0000 -0.9860
408.0000 -0.9860
409.0000 -0.9860
410.0000 -0.9860
411.0000 -0.9860
412.0000 -0.9860
413.0000 -0.9860
414.0000 -0.9860
415.0000 -0.9860
416.0000 -0.9860
417.0000 -0.9860
418.0000 -0.9861
419.0000 -0.9861
420.0000 -0.9861
421.0000 -0.9861
422.0000 -0.9861
423.0000 -0.9861
424.0000 -0.9861
425.0000 -0.9861
426.0000 -0.9861
427.0000 -0.9861
428.0000 -0.9861
429.0000 -0.9861
430.0000 -0.9861
431.0000 -0.9861
432.0000 -0.9861
433.0000 -0.9861
434.0000 -0.9861
435.0000 -0.9861
436.0000 -0.9861
437.0000 -0.9861
438.0000 -0.9862
439.0000 -0.9862
440.0000 -0.9862
441.0000 -0.9862
442.0000 -0.9862
443.0000 -0.9862
444.0000 -0.9862
445.0000 -0.9862
446.0000 -0.9862
447.0000 -0.9862
448.0000 -0.9862
449.0000 -0.9862
450.0000 -0.9862
451.0000 -0.9862
452.0000 -0.9862
453.0000 -0.9862
454.0000 -0.9862
455.0000 -0.9862
456.0000 -0.9862
457.0000 -0.9862
458.0000 -0.9862
459.0000 -0.9862
460.0000 -0.9862
461.0000 -0.9862
462.0000 -0.9862
463.0000 -0.9862
464.0000 -0.9862
465.0000 -0.9862
466.0000 -0.9862
467.0000 -0.9862
468.0000 -0.9862
469.0000 -0.9862
470.0000 -0.9862
471.0000 -0.9862
472.0000 -0.9862
473.0000 -0.9862
474.0000 -0.9862
475.0000 -0.9862
476.0000 -0.9862
477.0000 -0.9862
478.0000 -0.9862
479.0000 -0.9862
480.0000 -0.9862
481.0000 -0.9862
482.0000 -0.9862
483.0000 -0.9862
484.0000 -0.9862
485.0000 -0.9862
486.0000 -0.9862
487.0000 -0.9862
488.0000 -0.9862
489.0000 -0.9862
490.0000 -0.9862
491.0000 -0.9862
492.0000 -0.9862
493.0000 -0.9862
494.0000 -0.9862
495.0000 -0.9862
496.0000 -0.9862
497.0000 -0.9862
498.0000 -0.9862
499.0000 -0.9863
500.0000 1.7623
501.0000 2.7153
502.0000 2.8187
503.0000 2.5847
504.0000 2.2597
505.0000 1.9469
506.0000 1.6815
507.0000 1.4685
508.0000 1.3026
509.0000 1.1752
510.0000 1.0782
511.0000 1.0045
512.0000 0.9483
513.0000 0.9052
514.0000 0.8719
515.0000 0.8459
516.0000 0.8252
517.0000 0.8087
518.0000 0.7951
519.0000 0.7839
520.0000 0.7747
521.0000 0.7670
522.0000 0.7604
523.0000 0.7548
524.0000 0.7500
525.0000 0.7460
526.0000 0.7427
527.0000 0.7398
528.0000 0.7371
529.0000 0.7349
530.0000 0.7332
531.0000 0.7314
532.0000 0.7301
533.0000 0.7287
534.0000 0.7278
535.0000 0.7270
536.0000 0.7263
537.0000 0.7256
538.0000 0.7251
539.0000 0.7247
540.0000 0.7242
541.0000 0.7239
542.0000 0.7238
543.0000 0.7237
544.0000 0.7237
545.0000 0.7239
546.0000 0.7238
547.0000 0.7241
548.0000 0.7243
549.0000 0.7246
550.0000 0.7249
551.0000 0.7253
552.0000 0.7256
553.0000 0.7258
554.0000 0.7263
555.0000 0.7267
556.0000 0.7271
557.0000 0.7275
558.0000 0.7281
559.0000 0.7283
560.0000 0.7286
561.0000 0.7289
562.0000 0.7294
563.0000 0.7297
564.0000 0.7301
565.0000 0.7305
566.0000 0.7309
567.0000 0.7312
568.0000 0.7316
569.0000 0.7320
570.0000 0.7323
571.0000 0.7326
572.0000 0.7329
573.0000 0.7333
574.0000 0.7337
575.0000 0.7341
576.0000 0.7345
577.0000 0.7351
578.0000 0.7355
579.0000 0.7361
580.0000 0.7366
581.0000 0.7358
582.0000 0.7342
583.0000 0.7327
584.0000 0.7316
585.0000 0.7310
586.0000 0.7307
587.0000 0.7308
588.0000 0.7310
589.0000 0.7313
590.0000 0.7317
591.0000 0.7320
592.0000 0.7324
593.0000 0.7327
594.0000 0.7331
595.0000 0.7334
596.0000 0.7336
597.0000 0.7339
598.0000 0.7341
599.0000 0.7343
600.0000 0.7346
601.0000 0.7347
602.0000 0.7349
603.0000 0.7351
604.0000 0.7353
605.0000 0.7354
606.0000 0.7356
607.0000 0.7357
608.0000 0.7358
609.0000 0.7360
610.0000 0.7361
611.0000 0.7362
612.0000 0.7363
613.0000 0.7364
614.0000 0.7365
615.0000 0.7366
616.0000 0.7367
617.0000 0.7368
618.0000 0.7369
619.0000 0.7370
620.0000 0.7370
621.0000 0.7371
622.0000 0.7372
623.0000 0.7373
624.0000 0.7373
625.0000 0.7374
626.0000 0.7375
627.0000 0.7375
628.0000 0.7376
629.0000 0.7377
630.0000 0.7377
631.0000 0.7378
632.0000 0.7378
633.0000 0.7379
634.0000 0.7379
635.0000 0.7380
636.0000 0.7380
637.0000 0.7381
638.0000 0.7381
639.0000 0.7382
640.0000 0.7382
641.0000 0.7382
642.0000 0.7383
643.0000 0.7383
644.0000 0.7383
645.0000 0.7384
646.0000 0.7384
647.0000 0.7384
648.0000 0.7385
649.0000 0.7385
650.0000 0.7385
651.0000 0.7386
652.0000 0.7386
653.0000 0.7386
654.0000 0.7387
655.0000 0.7387
656.0000 0.7387
657.0000 0.7387
658.0000 0.7387
659.0000 0.7388
660.0000 0.7388
661.0000 0.7388
662.0000 0.7388
663.0000 0.7388
664.0000 0.7388
665.0000 0.7389
666.0000 0.7389
667.0000 0.7389
668.0000 0.7389
669.0000 0.7390
670.0000 0.7390
671.0000 0.7390
672.0000 0.7390
673.0000 0.7390
674.0000 0.7390
675.0000 0.7391
676.0000 0.7391
677.0000 0.7391
678.0000 0.7391
679.0000 0.7391
680.0000 0.7391
681.0000 0.7392
682.0000 0.7392
683.0000 0.7392
684.0000 0.7392
685.0000 0.7392
686.0000 0.7392
687.0000 0.7392
688.0000 0.7393
689.0000 0.7393
690.0000 0.7393
691.0000 0.7393
692.0000 0.7393
693.0000 0.7393
694.0000 0.7393
695.0000 0.7393
696.0000 0.7393
697.0000 0.7394
698.0000 0.7394
699.0000 0.7394
700.0000 0.7394
701.0000 0.7394
702.0000 0.7394
703.0000 0.7394
704.0000 0.7394
705.0000 0.7394
706.0000 0.7394
707.0000 0.7394
708.0000 0.7394
709.0000 0.7395
710.0000 0.7395
711.0000 0.7395
712.0000 0.7395
713.0000 0.7395
714.0000 0.7395
715.0000 0.7395
716.0000 0.7395
717.0000 0.7395
718.0000 0.7395
719.0000 0.7395
720.0000 0.7395
721.0000 0.7395
722.0000 0.7395
723.0000 0.7395
724.0000 0.7395
725.0000 0.7395
726.0000 0.7396
727.0000 0.7396
728.0000 0.7396
729.0000 0.7396
730.0000 0.7396
731.0000 0.7396
732.0000 0.7396
733.0000 0.7396
734.0000 0.7396
735.0000 0.7396
736.0000 0.7396
737.0000 0.7396
738.0000 0.7396
739.0000 0.7396
740.0000 0.7396
741.0000 0.7396
742.0000 0.7396
743.0000 0.7396
744.0000 0.7396
745.0000 0.7396
746.0000 0.7396
747.0000 0.7396
748.0000 0.7396
749.0000 0.7396
750.0000 0.7396
751.0000 0.7396
752.0000 0.7396
753.0000 0.7396
754.0000 0.7396
755.0000 0.7396
756.0000 0.7396
757.0000 0.7396
758.0000 0.7396
759.0000 0.7396
760.0000 0.7396
761.0000 0.7396
762.0000 0.7397
763.0000 0.7397
764.0000 0.7397
765.0000 0.7397
766.0000 0.7397
767.0000 0.7397
768.0000 0.7397
769.0000 0.7397
770.0000 0.7397
771.0000 0.7397
772.0000 0.7397
773.0000 0.7397
774.0000 0.7397
775.0000 0.7397
776.0000 0.7397
777.0000 0.7397
778.0000 0.7397
779.0000 0.7397
780.0000 0.7397
781.0000 0.7397
782.0000 0.7397
783.0000 0.7397
784.0000 0.7397
785.0000 0.7397
786.0000 0.7397
787.0000 0.7397
788.0000 0.7397
789.0000 0.7397
790.0000 0.7397
791.0000 0.7397
792.0000 0.7397
793.0000 0.7397
794.0000 0.7397
795.0000 0.7397
796.0000 0.7397
797.0000 0.7397
798.0000 0.7397
799.0000 0.7397
800.0000 -0.4382
801.0000 -0.8467
802.0000 -0.8910
803.0000 -0.7907
804.0000 -0.6514
805.0000 -0.5174
806.0000 -0.4036
807.0000 -0.3123
808.0000 -0.2412
809.0000 -0.1867
810.0000 -0.1451
811.0000 -0.1135
812.0000 -0.0894
813.0000 -0.0710
814.0000 -0.0567
815.0000 -0.0455
816.0000 -0.0367
817.0000 -0.0296
818.0000 -0.0237
819.0000 -0.0189
820.0000 -0.0150
821.0000 -0.0117
822.0000 -0.0089
823.0000 -0.0065
824.0000 -0.0044
825.0000 -0.0027
826.0000 -0.0013
827.0000 -0.0000
828.0000 0.0011
829.0000 0.0020
830.0000 0.0028
831.0000 0.0035
832.0000 0.0041
833.0000 0.0047
834.0000 0.0051
835.0000 0.0054
836.0000 0.0058
837.0000 0.0060
838.0000 0.0062
839.0000 0.0064
840.0000 0.0066
841.0000 0.0068
842.0000 0.0068
843.0000 0.0069
844.0000 0.0068
845.0000 0.0068
846.0000 0.0068
847.0000 0.0067
848.0000 0.0066
849.0000 0.0065
850.0000 0.0063
851.0000 0.0062
852.0000 0.0060
853.0000 0.0059
854.0000 0.0058
855.0000 0.0056
856.0000 0.0054
857.0000 0.0052
858.0000 0.0050
859.0000 0.0049
860.0000 0.0048
861.0000 0.0046
862.0000 0.0044
863.0000 0.0043
864.0000 0.0041
865.0000 0.0040
866.0000 0.0038
867.0000 0.0036
868.0000 0.0035
869.0000 0.0033
870.0000 0.0032
871.0000 0.0030
872.0000 0.0029
873.0000 0.0028
874.0000 0.0026
875.0000 0.0024
876.0000 0.0022
877.0000 0.0020
878.0000 0.0018
879.0000 0.0016
880.0000 0.0013
881.0000 0.0017
882.0000 0.0024
883.0000 0.0030
884.0000 0.0035
885.0000 0.0037
886.0000 0.0038
887.0000 0.0038
888.0000 0.0037
889.0000 0.0036
890.0000 0.0034
891.0000 0.0033
892.0000 0.0031
893.0000 0.0030
894.0000 0.0028
895.0000 0.0027
896.0000 0.0026
897.0000 0.0025
898.0000 0.0024
899.0000 0.0023
900.0000 0.0022
901.0000 0.0021
902.0000 0.0020
903.0000 0.0020
904.0000 0.0019
905.0000 0.0018
906.0000 0.0018
907.0000 0.0017
908.0000 0.0017
909.0000 0.0016
910.0000 0.0016
911.0000 0.0015
912.0000 0.0015
913.0000 0.0014
914.0000 0.0014
915.0000 0.0013
916.0000 0.0013
917.0000 0.0013
918.0000 0.0012
919.0000 0.0012
920.0000 0.0011
921.0000 0.0011
922.0000 0.0011
923.0000 0.0010
924.0000 0.0010
925.0000 0.0010
926.0000 0.0010
927.0000 0.0009
928.0000 0.0009
929.0000 0.0009
930.0000 0.0009
931.0000 0.0008
932.0000 0.0008
933.0000 0.0008
934.0000 0.0008
935.0000 0.0007
936.0000 0.0007
937.0000 0.0007
938.0000 0.0007
939.0000 0.0007
940.0000 0.0006
941.0000 0.0006
942.0000 0.0006
943.0000 0.0006
944.0000 0.0006
945.0000 0.0006
946.0000 0.0006
947.0000 0.0005
948.0000 0.0005
949.0000 0.0005
950.0000 0.0005
951.0000 0.0005
952.0000 0.0005
953.0000 0.0005
954.0000 0.0005
955.0000 0.0004
956.0000 0.0004
957.0000 0.0004
958.0000 0.0004
959.0000 0.0004
960.0000 0.0004
961.0000 0.0004
962.0000 0.0004
963.0000 0.0004
964.0000 0.0004
965.0000 0.0004
966.0000 0.0003
967.0000 0.0003
968.0000 0.0003
969.0000 0.0003
970.0000 0.0003
971.0000 0.0003
972.0000 0.0003
973.0000 0.0003
974.0000 0.0003
975.0000 0.0003
976.0000 0.0003
977.0000 0.0003
978.0000 0.0003
979.0000 0.0002
980.0000 0.0002
981.0000 0.0002
982.0000 0.0002
983.0000 0.0002
984.0000 0.0002
985.0000 0.0002
986.0000 0.0002
987.0000 0.0002
988.0000 0.0002
989.0000 0.0002
990.0000 0.0002
991.0000 0.0002
992.0000 0.0002
993.0000 0.0002
994.0000 0.0002
995.0000 0.0002
996.0000 0.0002
997.0000 0.0001
998.0000 0.0001
999.0000 0.0001
1000.0000 0.0001
1001.0000 0.0001
1002.0000 0.0001
1003.0000 0.0001
1004.0000 0.0001
1005.0000 0.0001
1006.0000 0.0001
1007.0000 0.0001
1008.0000 0.0001
1009.0000 0.0001
1010.0000 0.0001
1011.0000 0.0001
1012.0000 0.0001
1013.0000 0.0001
1014.0000 0.0001
1015.0000 0.0001
1016.0000 0.0001
1017.0000 0.0001
1018.0000 0.0001
1019.0000 0.0001
1020.0000 0.0001
1021.0000 0.0001
1022.0000 0.0001
1023.0000 0.0001
1024.0000 0.0001
1025.0000 0.0001
1026.0000 0.0001
1027.0000 0.0001
1028.0000 0.0001
1029.0000 0.0001
1030.0000 0.0001
1031.0000 0.0001
1032.0000 0.0001
1033.0000 0.0001
1034.0000 0.0001
1035.0000 0.0000
1036.0000 0.0000
1037.0000 0.0000
1038.0000 0.0000
1039.0000 0.0000
1040.0000 0.0000
1041.0000 0.0000
1042.0000 0.0000
1043.0000 0.0000
1044.0000 0.0000
1045.0000 0.0000
1046.0000 0.0000
1047.0000 0.0000
1048.0000 0.0000
1049.0000 0.0000
1050.0000 0.0000
1051.0000 0.0000
1052.0000 0.0000
1053.0000 0.0000
1054.0000 0.0000
1055.0000 0.0000
1056.0000 0.0000
1057.0000 0.0000
1058.0000 0.0000
1059.0000 0.0000
1060.0000 0.0000
1061.0000 0.0000
1062.0000 0.0000
1063.0000 0.0000
1064.0000 0.0000
1065.0000 0.0000
1066.0000 0.0000
1067.0000 0.0000
1068.0000 0.0000
1069.0000 0.0000
1070.0000 0.0000
1071.0000 0.0000
1072.0000 0.0000
1073.0000 0.0000
1074.0000 0.0000
1075.0000 0.0000
1076.0000 0.0000
1077.0000 0.0000
1078.0000 0.0000
1079.0000 0.0000
1080.0000 0.0000
1081.0000 0.0000
1082.0000 0.0000
1083.0000 0.0000
1084.0000 0.0000
1085.0000 0.0000
1086.0000 0.0000
1087.0000 0.0000
1088.0000 0.0000
1089.0000 0.0000
1090.0000 0.0000
1091.0000 0.0000
1092.0000 0.0000
1093.0000 0.0000
1094.0000 0.0000
1095.0000 0.0000
1096.0000 0.0000
1097.0000 0.0000
1098.0000 0.0000
1099.0000 0.0000
1100.0000 0.0000
