1.0000 0.0000
2.0000 0.0000
3.0000 0.0000
4.0000 0.0000
5.0000 0.0000
6.0000 0.0000
7.0000 0.0000
8.0000 0.0000
9.0000 0.0000
10.0000 16.3667
11.0000 3.1362
12.0000 0.1177
13.0000 0.0328
14.0000 0.1199
15.0000 0.1854
16.0000 0.2810
17.0000 0.3897
18.0000 0.5011
19.0000 0.6016
20.0000 0.6815
21.0000 0.7463
22.0000 0.7925
23.0000 0.8190
24.0000 0.8406
25.0000 0.8455
26.0000 0.8481
27.0000 0.8464
28.0000 0.8377
29.0000 0.8325
30.0000 0.8274
31.0000 0.8238
32.0000 0.8065
33.0000 0.8133
34.0000 0.8011
35.0000 0.8015
36.0000 0.8005
37.0000 0.7992
38.0000 0.7879
39.0000 0.7970
40.0000 0.7944
41.0000 0.7833
42.0000 0.7941
43.0000 0.7833
44.0000 0.7949
45.0000 0.7873
46.0000 0.7815
47.0000 0.7843
48.0000 0.7897
49.0000 0.7817
50.0000 0.7815
51.0000 0.7823
52.0000 0.7860
53.0000 0.7797
54.0000 0.7858
55.0000 0.7866
56.0000 0.7768
57.0000 0.7909
58.0000 0.7815
59.0000 0.7871
60.0000 0.7836
61.0000 0.7872
62.0000 0.7885
63.0000 0.7796
64.0000 0.7895
65.0000 0.7832
66.0000 0.7860
67.0000 0.7841
68.0000 0.7886
69.0000 0.7782
70.0000 0.7848
71.0000 0.7835
72.0000 0.7838
73.0000 0.7804
74.0000 0.7816
75.0000 0.7815
76.0000 0.7799
77.0000 0.7743
78.0000 0.7838
79.0000 0.7721
80.0000 0.7771
81.0000 0.7713
82.0000 0.7731
83.0000 0.7724
84.0000 0.7720
85.0000 0.7647
86.0000 0.7709
87.0000 0.7730
88.0000 0.7619
89.0000 0.7768
90.0000 0.7882
91.0000 0.7640
92.0000 0.7714
93.0000 0.7767
94.0000 0.7784
95.0000 0.7791
96.0000 0.7792
97.0000 0.7789
98.0000 0.7784
99.0000 0.7777
100.0000 0.7769
101.0000 0.7762
102.0000 0.7756
103.0000 0.7751
104.0000 0.7748
105.0000 0.7745
106.0000 0.7743
107.0000 0.7742
108.0000 0.7742
109.0000 0.7742
110.0000 0.7742
111.0000 0.7742
112.0000 0.7742
113.0000 0.7742
114.0000 0.7742
115.0000 0.7742
116.0000 0.7742
117.0000 0.7741
118.0000 0.7741
119.0000 0.7741
120.0000 0.7741
121.0000 0.7740
122.0000 0.7740
123.0000 0.7739
124.0000 0.7739
125.0000 0.7739
126.0000 0.7738
127.0000 0.7738
128.0000 0.7738
129.0000 0.7737
130.0000 0.7737
131.0000 0.7736
132.0000 0.7736
133.0000 0.7736
134.0000 0.7735
135.0000 0.7735
136.0000 0.7735
137.0000 0.7734
138.0000 0.7734
139.0000 0.7733
140.0000 0.7733
141.0000 0.7733
142.0000 0.7733
143.0000 0.7733
144.0000 0.7733
145.0000 0.7732
146.0000 0.7732
147.0000 0.7732
148.0000 0.7732
149.0000 0.7732
150.0000 0.7732
151.0000 0.7732
152.0000 0.7732
153.0000 0.7731
154.0000 0.7731
155.0000 0.7731
156.0000 0.7731
157.0000 0.7731
158.0000 0.7731
159.0000 0.7731
160.0000 0.7731
161.0000 0.7731
162.0000 0.7731
163.0000 0.7731
164.0000 0.7731
165.0000 0.7730
166.0000 0.7730
167.0000 0.7730
168.0000 0.7730
169.0000 0.7730
170.0000 0.7730
171.0000 0.7729
172.0000 0.7729
173.0000 0.7729
174.0000 0.7729
175.0000 0.7729
176.0000 0.7729
177.0000 0.7728
178.0000 0.7728
179.0000 0.7728
180.0000 0.7728
181.0000 0.7728
182.0000 0.7728
183.0000 0.7728
184.0000 0.7728
185.0000 0.7728
186.0000 0.7728
187.0000 0.7728
188.0000 0.7728
189.0000 0.7728
190.0000 0.7728
191.0000 0.7728
192.0000 0.7728
193.0000 0.7728
194.0000 0.7728
195.0000 0.7728
196.0000 0.7728
197.0000 0.7728
198.0000 0.7728
199.0000 0.7727
200.0000 -31.9607
201.0000 -5.4996
202.0000 0.5373
203.0000 0.7072
204.0000 0.5329
205.0000 0.4019
206.0000 0.2107
207.0000 -0.0068
208.0000 -0.2295
209.0000 -0.4304
210.0000 -0.5904
211.0000 -0.7198
212.0000 -0.8123
213.0000 -0.8653
214.0000 -0.9086
215.0000 -0.9183
216.0000 -0.9235
217.0000 -0.9201
218.0000 -0.9026
219.0000 -0.8923
220.0000 -0.8822
221.0000 -0.8750
222.0000 -0.8404
223.0000 -0.8539
224.0000 -0.8296
225.0000 -0.8304
226.0000 -0.8284
227.0000 -0.8256
228.0000 -0.8031
229.0000 -0.8213
230.0000 -0.8162
231.0000 -0.7939
232.0000 -0.8156
233.0000 -0.7939
234.0000 -0.8172
235.0000 -0.8019
236.0000 -0.7904
237.0000 -0.7960
238.0000 -0.8068
239.0000 -0.7908
240.0000 -0.7903
241.0000 -0.7920
242.0000 -0.7993
243.0000 -0.7868
244.0000 -0.7989
245.0000 -0.8006
246.0000 -0.7810
247.0000 -0.8092
248.0000 -0.7903
249.0000 -0.8016
250.0000 -0.7945
251.0000 -0.8018
252.0000 -0.8044
253.0000 -0.7865
254.0000 -0.8064
255.0000 -0.7939
256.0000 -0.7995
257.0000 -0.7956
258.0000 -0.8045
259.0000 -0.7837
260.0000 -0.7970
261.0000 -0.7943
262.0000 -0.7950
263.0000 -0.7882
264.0000 -0.7906
265.0000 -0.7904
266.0000 -0.7871
267.0000 -0.7760
268.0000 -0.7950
269.0000 -0.7717
270.0000 -0.7817
271.0000 -0.7701
272.0000 -0.7736
273.0000 -0.7722
274.0000 -0.7713
275.0000 -0.7568
276.0000 -0.7693
277.0000 -0.7735
278.0000 -0.7512
279.0000 -0.7809
280.0000 -0.8038
281.0000 -0.7553
282.0000 -0.7702
283.0000 -0.7809
284.0000 -0.7842
285.0000 -0.7855
286.0000 -0.7858
287.0000 -0.7853
288.0000 -0.7841
289.0000 -0.7827
290.0000 -0.7812
291.0000 -0.7798
292.0000 -0.7786
293.0000 -0.7776
294.0000 -0.7769
295.0000 -0.7764
296.0000 -0.7761
297.0000 -0.7759
298.0000 -0.7758
299.0000 -0.7757
300.0000 -0.7758
301.0000 -0.7758
302.0000 -0.7758
303.0000 -0.7759
304.0000 -0.7758
305.0000 -0.7758
306.0000 -0.7758
307.0000 -0.7757
308.0000 -0.7757
309.0000 -0.7756
310.0000 -0.7755
311.0000 -0.7755
312.0000 -0.7754
313.0000 -0.7753
314.0000 -0.7753
315.0000 -0.7752
316.0000 -0.7751
317.0000 -0.7751
318.0000 -0.7749
319.0000 -0.7749
320.0000 -0.7748
321.0000 -0.7747
322.0000 -0.7746
323.0000 -0.7745
324.0000 -0.7745
325.0000 -0.7744
326.0000 -0.7743
327.0000 -0.7743
328.0000 -0.7742
329.0000 -0.7741
330.0000 -0.7741
331.0000 -0.7740
332.0000 -0.7740
333.0000 -0.7739
334.0000 -0.7739
335.0000 -0.7739
336.0000 -0.7739
337.0000 -0.7738
338.0000 -0.7738
339.0000 -0.7738
340.0000 -0.7738
341.0000 -0.7738
342.0000 -0.7738
343.0000 -0.7737
344.0000 -0.7737
345.0000 -0.7737
346.0000 -0.7737
347.0000 -0.7737
348.0000 -0.7737
349.0000 -0.7736
350.0000 -0.7737
351.0000 -0.7736
352.0000 -0.7736
353.0000 -0.7736
354.0000 -0.7735
355.0000 -0.7735
356.0000 -0.7735
357.0000 -0.7734
358.0000 -0.7734
359.0000 -0.7734
360.0000 -0.7733
361.0000 -0.7732
362.0000 -0.7733
363.0000 -0.7732
364.0000 -0.7732
365.0000 -0.7732
366.0000 -0.7731
367.0000 -0.7731
368.0000 -0.7731
369.0000 -0.7731
370.0000 -0.7731
371.0000 -0.7731
372.0000 -0.7731
373.0000 -0.7731
374.0000 -0.7731
375.0000 -0.7731
376.0000 -0.7731
377.0000 -0.7731
378.0000 -0.7730
379.0000 -0.7730
380.0000 -0.7730
381.0000 -0.7730
382.0000 -0.7730
383.0000 -0.7730
384.0000 -0.7730
385.0000 -0.7730
386.0000 -0.7730
387.0000 -0.7729
388.0000 -0.7729
389.0000 -0.7729
390.0000 -0.7729
391.0000 -0.7729
392.0000 -0.7729
393.0000 -0.7729
394.0000 -0.7729
395.0000 -0.7729
396.0000 -0.7729
397.0000 -0.7729
398.0000 -0.7729
399.0000 -0.7729
400.0000 -0.7728
401.0000 -0.7728
402.0000 -0.7728
403.0000 -0.7728
404.0000 -0.7728
405.0000 -0.7728
406.0000 -0.7728
407.0000 -0.7728
408.0000 -0.7728
409.0000 -0.7728
410.0000 -0.7728
411.0000 -0.7728
412.0000 -0.7728
413.0000 -0.7728
414.0000 -0.7728
415.0000 -0.7728
416.0000 -0.7728
417.0000 -0.7728
418.0000 -0.7727
419.0000 -0.7727
420.0000 -0.7727
421.0000 -0.7727
422.0000 -0.7727
423.0000 -0.7727
424.0000 -0.7727
425.0000 -0.7727
426.0000 -0.7727
427.0000 -0.7727
428.0000 -0.7727
429.0000 -0.7727
430.0000 -0.7727
431.0000 -0.7727
432.0000 -0.7727
433.0000 -0.7727
434.0000 -0.7727
435.0000 -0.7727
436.0000 -0.7727
437.0000 -0.7727
438.0000 -0.7727
439.0000 -0.7727
440.0000 -0.7727
441.0000 -0.7727
442.0000 -0.7727
443.0000 -0.7727
444.0000 -0.7727
445.0000 -0.7727
446.0000 -0.7727
447.0000 -0.7727
448.0000 -0.7727
449.0000 -0.7727
450.0000 -0.7726
451.0000 -0.7726
452.0000 -0.7726
453.0000 -0.7726
454.0000 -0.7726
455.0000 -0.7726
456.0000 -0.7726
457.0000 -0.7726
458.0000 -0.7726
459.0000 -0.7726
460.0000 -0.7726
461.0000 -0.7726
462.0000 -0.7726
463.0000 -0.7726
464.0000 -0.7726
465.0000 -0.7726
466.0000 -0.7726
467.0000 -0.7726
468.0000 -0.7726
469.0000 -0.7726
470.0000 -0.7726
471.0000 -0.7726
472.0000 -0.7726
473.0000 -0.7726
474.0000 -0.7726
475.0000 -0.7726
476.0000 -0.7726
477.0000 -0.7726
478.0000 -0.7726
479.0000 -0.7726
480.0000 -0.7726
481.0000 -0.7726
482.0000 -0.7726
483.0000 -0.7726
484.0000 -0.7726
485.0000 -0.7726
486.0000 -0.7726
487.0000 -0.7726
488.0000 -0.7726
489.0000 -0.7726
490.0000 -0.7726
491.0000 -0.7726
492.0000 -0.7726
493.0000 -0.7726
494.0000 -0.7726
495.0000 -0.7726
496.0000 -0.7726
497.0000 -0.7726
498.0000 -0.7726
499.0000 -0.7726
500.0000 27.8692
501.0000 4.7157
502.0000 -0.5666
503.0000 -0.7153
504.0000 -0.5628
505.0000 -0.4481
506.0000 -0.2809
507.0000 -0.0905
508.0000 0.1043
509.0000 0.2801
510.0000 0.4201
511.0000 0.5334
512.0000 0.6143
513.0000 0.6607
514.0000 0.6985
515.0000 0.7070
516.0000 0.7116
517.0000 0.7086
518.0000 0.6933
519.0000 0.6843
520.0000 0.6754
521.0000 0.6691
522.0000 0.6388
523.0000 0.6506
524.0000 0.6294
525.0000 0.6301
526.0000 0.6284
527.0000 0.6259
528.0000 0.6062
529.0000 0.6221
530.0000 0.6176
531.0000 0.5981
532.0000 0.6171
533.0000 0.5982
534.0000 0.6185
535.0000 0.6052
536.0000 0.5951
537.0000 0.6000
538.0000 0.6094
539.0000 0.5954
540.0000 0.5950
541.0000 0.5965
542.0000 0.6029
543.0000 0.5919
544.0000 0.6026
545.0000 0.6040
546.0000 0.5869
547.0000 0.6115
548.0000 0.5950
549.0000 0.6049
550.0000 0.5987
551.0000 0.6050
552.0000 0.6073
553.0000 0.5917
554.0000 0.6091
555.0000 0.5981
556.0000 0.6030
557.0000 0.5996
558.0000 0.6074
559.0000 0.5892
560.0000 0.6008
561.0000 0.5985
562.0000 0.5991
563.0000 0.5932
564.0000 0.5952
565.0000 0.5951
566.0000 0.5922
567.0000 0.5825
568.0000 0.5991
569.0000 0.5787
570.0000 0.5874
571.0000 0.5773
572.0000 0.5803
573.0000 0.5792
574.0000 0.5784
575.0000 0.5656
576.0000 0.5766
577.0000 0.5803
578.0000 0.5608
579.0000 0.5868
580.0000 0.6068
581.0000 0.5643
582.0000 0.5774
583.0000 0.5867
584.0000 0.5896
585.0000 0.5908
586.0000 0.5910
587.0000 0.5905
588.0000 0.5896
589.0000 0.5883
590.0000 0.5870
591.0000 0.5858
592.0000 0.5847
593.0000 0.5839
594.0000 0.5832
595.0000 0.5828
596.0000 0.5825
597.0000 0.5823
598.0000 0.5822
599.0000 0.5822
600.0000 0.5823
601.0000 0.5822
602.0000 0.5823
603.0000 0.5823
604.0000 0.5823
605.0000 0.5823
606.0000 0.5823
607.0000 0.5822
608.0000 0.5822
609.0000 0.5821
610.0000 0.5820
611.0000 0.5820
612.0000 0.5819
613.0000 0.5818
614.0000 0.5818
615.0000 0.5817
616.0000 0.5816
617.0000 0.5816
618.0000 0.5815
619.0000 0.5814
620.0000 0.5814
621.0000 0.5813
622.0000 0.5812
623.0000 0.5812
624.0000 0.5811
625.0000 0.5810
626.0000 0.5810
627.0000 0.5809
628.0000 0.5809
629.0000 0.5808
630.0000 0.5808
631.0000 0.5807
632.0000 0.5807
633.0000 0.5806
634.0000 0.5806
635.0000 0.5806
636.0000 0.5806
637.0000 0.5805
638.0000 0.5805
639.0000 0.5805
640.0000 0.5805
641.0000 0.5805
642.0000 0.5805
643.0000 0.5804
644.0000 0.5804
645.0000 0.5804
646.0000 0.5804
647.0000 0.5804
648.0000 0.5804
649.0000 0.5804
650.0000 0.5804
651.0000 0.5803
652.0000 0.5803
653.0000 0.5803
654.0000 0.5803
655.0000 0.5803
656.0000 0.5802
657.0000 0.5802
658.0000 0.5802
659.0000 0.5801
660.0000 0.5801
661.0000 0.5800
662.0000 0.5800
663.0000 0.5800
664.0000 0.5800
665.0000 0.5799
666.0000 0.5799
667.0000 0.5799
668.0000 0.5799
669.0000 0.5799
670.0000 0.5799
671.0000 0.5799
672.0000 0.5799
673.0000 0.5799
674.0000 0.5799
675.0000 0.5799
676.0000 0.5799
677.0000 0.5799
678.0000 0.5798
679.0000 0.5798
680.0000 0.5798
681.0000 0.5798
682.0000 0.5798
683.0000 0.5798
684.0000 0.5798
685.0000 0.5798
686.0000 0.5798
687.0000 0.5798
688.0000 0.5797
689.0000 0.5797
690.0000 0.5797
691.0000 0.5797
692.0000 0.5797
693.0000 0.5797
694.0000 0.5797
695.0000 0.5797
696.0000 0.5797
697.0000 0.5797
698.0000 0.5797
699.0000 0.5797
700.0000 0.5797
701.0000 0.5797
702.0000 0.5797
703.0000 0.5797
704.0000 0.5797
705.0000 0.5796
706.0000 0.5796
707.0000 0.5796
708.0000 0.5796
709.0000 0.5796
710.0000 0.5796
711.0000 0.5796
712.0000 0.5796
713.0000 0.5796
714.0000 0.5796
715.0000 0.5796
716.0000 0.5796
717.0000 0.5796
718.0000 0.5796
719.0000 0.5796
720.0000 0.5796
721.0000 0.5796
722.0000 0.5796
723.0000 0.5796
724.0000 0.5796
725.0000 0.5796
726.0000 0.5796
727.0000 0.5796
728.0000 0.5795
729.0000 0.5795
730.0000 0.5795
731.0000 0.5795
732.0000 0.5795
733.0000 0.5795
734.0000 0.5795
735.0000 0.5795
736.0000 0.5795
737.0000 0.5795
738.0000 0.5795
739.0000 0.5795
740.0000 0.5795
741.0000 0.5795
742.0000 0.5795
743.0000 0.5795
744.0000 0.5795
745.0000 0.5795
746.0000 0.5795
747.0000 0.5795
748.0000 0.5795
749.0000 0.5795
750.0000 0.5795
751.0000 0.5795
752.0000 0.5795
753.0000 0.5795
754.0000 0.5795
755.0000 0.5795
756.0000 0.5795
757.0000 0.5795
758.0000 0.5795
759.0000 0.5795
760.0000 0.5795
761.0000 0.5795
762.0000 0.5795
763.0000 0.5795
764.0000 0.5795
765.0000 0.5795
766.0000 0.5795
767.0000 0.5795
768.0000 0.5795
769.0000 0.5795
770.0000 0.5795
771.0000 0.5795
772.0000 0.5795
773.0000 0.5795
774.0000 0.5795
775.0000 0.5795
776.0000 0.5795
777.0000 0.5795
778.0000 0.5795
779.0000 0.5795
780.0000 0.5795
781.0000 0.5795
782.0000 0.5795
783.0000 0.5795
784.0000 0.5795
785.0000 0.5795
786.0000 0.5795
787.0000 0.5795
788.0000 0.5795
789.0000 0.5795
790.0000 0.5795
791.0000 0.5795
792.0000 0.5795
793.0000 0.5794
794.0000 0.5794
795.0000 0.5794
796.0000 0.5794
797.0000 0.5794
798.0000 0.5794
799.0000 0.5794
800.0000 -11.6956
801.0000 -1.7727
802.0000 0.4912
803.0000 0.5549
804.0000 0.4895
805.0000 0.4404
806.0000 0.3687
807.0000 0.2871
808.0000 0.2036
809.0000 0.1283
810.0000 0.0683
811.0000 0.0197
812.0000 -0.0149
813.0000 -0.0348
814.0000 -0.0510
815.0000 -0.0547
816.0000 -0.0566
817.0000 -0.0554
818.0000 -0.0488
819.0000 -0.0449
820.0000 -0.0411
821.0000 -0.0384
822.0000 -0.0254
823.0000 -0.0305
824.0000 -0.0214
825.0000 -0.0217
826.0000 -0.0210
827.0000 -0.0199
828.0000 -0.0115
829.0000 -0.0183
830.0000 -0.0164
831.0000 -0.0080
832.0000 -0.0161
833.0000 -0.0080
834.0000 -0.0168
835.0000 -0.0110
836.0000 -0.0067
837.0000 -0.0088
838.0000 -0.0129
839.0000 -0.0068
840.0000 -0.0067
841.0000 -0.0073
842.0000 -0.0101
843.0000 -0.0054
844.0000 -0.0099
845.0000 -0.0105
846.0000 -0.0032
847.0000 -0.0137
848.0000 -0.0067
849.0000 -0.0109
850.0000 -0.0082
851.0000 -0.0110
852.0000 -0.0119
853.0000 -0.0052
854.0000 -0.0127
855.0000 -0.0080
856.0000 -0.0101
857.0000 -0.0086
858.0000 -0.0120
859.0000 -0.0042
860.0000 -0.0092
861.0000 -0.0082
862.0000 -0.0084
863.0000 -0.0059
864.0000 -0.0068
865.0000 -0.0067
866.0000 -0.0055
867.0000 -0.0013
868.0000 -0.0084
869.0000 0.0003
870.0000 -0.0034
871.0000 0.0009
872.0000 -0.0004
873.0000 0.0001
874.0000 0.0005
875.0000 0.0059
876.0000 0.0012
877.0000 -0.0004
878.0000 0.0080
879.0000 -0.0031
880.0000 -0.0117
881.0000 0.0065
882.0000 0.0009
883.0000 -0.0031
884.0000 -0.0044
885.0000 -0.0049
886.0000 -0.0050
887.0000 -0.0048
888.0000 -0.0043
889.0000 -0.0038
890.0000 -0.0032
891.0000 -0.0027
892.0000 -0.0023
893.0000 -0.0019
894.0000 -0.0016
895.0000 -0.0014
896.0000 -0.0013
897.0000 -0.0012
898.0000 -0.0012
899.0000 -0.0012
900.0000 -0.0012
901.0000 -0.0012
902.0000 -0.0012
903.0000 -0.0012
904.0000 -0.0012
905.0000 -0.0012
906.0000 -0.0012
907.0000 -0.0012
908.0000 -0.0012
909.0000 -0.0012
910.0000 -0.0011
911.0000 -0.0011
912.0000 -0.0011
913.0000 -0.0010
914.0000 -0.0010
915.0000 -0.0010
916.0000 -0.0009
917.0000 -0.0009
918.0000 -0.0009
919.0000 -0.0009
920.0000 -0.0008
921.0000 -0.0008
922.0000 -0.0008
923.0000 -0.0007
924.0000 -0.0007
925.0000 -0.0007
926.0000 -0.0007
927.0000 -0.0006
928.0000 -0.0006
929.0000 -0.0006
930.0000 -0.0006
931.0000 -0.0006
932.0000 -0.0005
933.0000 -0.0005
934.0000 -0.0005
935.0000 -0.0005
936.0000 -0.0005
937.0000 -0.0005
938.0000 -0.0005
939.0000 -0.0005
940.0000 -0.0005
941.0000 -0.0004
942.0000 -0.0004
943.0000 -0.0004
944.0000 -0.0004
945.0000 -0.0004
946.0000 -0.0004
947.0000 -0.0004
948.0000 -0.0004
949.0000 -0.0004
950.0000 -0.0004
951.0000 -0.0004
952.0000 -0.0004
953.0000 -0.0004
954.0000 -0.0004
955.0000 -0.0004
956.0000 -0.0004
957.0000 -0.0003
958.0000 -0.0003
959.0000 -0.0003
960.0000 -0.0003
961.0000 -0.0003
962.0000 -0.0003
963.0000 -0.0002
964.0000 -0.0002
965.0000 -0.0002
966.0000 -0.0002
967.0000 -0.0002
968.0000 -0.0002
969.0000 -0.0002
970.0000 -0.0002
971.0000 -0.0002
972.0000 -0.0002
973.0000 -0.0002
974.0000 -0.0002
975.0000 -0.0002
976.0000 -0.0002
977.0000 -0.0002
978.0000 -0.0002
979.0000 -0.0002
980.0000 -0.0002
981.0000 -0.0002
982.0000 -0.0002
983.0000 -0.0002
984.0000 -0.0002
985.0000 -0.0002
986.0000 -0.0001
987.0000 -0.0001
988.0000 -0.0001
989.0000 -0.0001
990.0000 -0.0001
991.0000 -0.0001
992.0000 -0.0001
993.0000 -0.0001
994.0000 -0.0001
995.0000 -0.0001
996.0000 -0.0001
997.0000 -0.0001
998.0000 -0.0001
999.0000 -0.0001
1000.0000 -0.0001
1001.0000 -0.0001
1002.0000 -0.0001
1003.0000 -0.0001
1004.0000 -0.0001
1005.0000 -0.0001
1006.0000 -0.0001
1007.0000 -0.0001
1008.0000 -0.0001
1009.0000 -0.0001
1010.0000 -0.0001
1011.0000 -0.0001
1012.0000 -0.0001
1013.0000 -0.0001
1014.0000 -0.0001
1015.0000 -0.0001
1016.0000 -0.0001
1017.0000 -0.0001
1018.0000 -0.0001
1019.0000 -0.0001
1020.0000 -0.0001
1021.0000 -0.0001
1022.0000 -0.0001
1023.0000 -0.0001
1024.0000 -0.0001
1025.0000 -0.0001
1026.0000 -0.0001
1027.0000 -0.0001
1028.0000 -0.0001
1029.0000 -0.0001
1030.0000 -0.0001
1031.0000 -0.0001
1032.0000 -0.0000
1033.0000 -0.0000
1034.0000 -0.0000
1035.0000 -0.0000
1036.0000 -0.0000
1037.0000 -0.0000
1038.0000 -0.0000
1039.0000 -0.0000
1040.0000 -0.0000
1041.0000 -0.0000
1042.0000 -0.0000
1043.0000 -0.0000
1044.0000 -0.0000
1045.0000 -0.0000
1046.0000 -0.0000
1047.0000 -0.0000
1048.0000 -0.0000
1049.0000 -0.0000
1050.0000 -0.0000
1051.0000 -0.0000
1052.0000 -0.0000
1053.0000 -0.0000
1054.0000 -0.0000
1055.0000 -0.0000
1056.0000 -0.0000
1057.0000 -0.0000
1058.0000 -0.0000
1059.0000 -0.0000
1060.0000 -0.0000
1061.0000 -0.0000
1062.0000 -0.0000
1063.0000 -0.0000
1064.0000 -0.0000
1065.0000 -0.0000
1066.0000 -0.0000
1067.0000 -0.0000
1068.0000 -0.0000
1069.0000 -0.0000
1070.0000 -0.0000
1071.0000 -0.0000
1072.0000 -0.0000
1073.0000 -0.0000
1074.0000 -0.0000
1075.0000 -0.0000
1076.0000 -0.0000
1077.0000 -0.0000
1078.0000 -0.0000
1079.0000 -0.0000
1080.0000 -0.0000
1081.0000 -0.0000
1082.0000 -0.0000
1083.0000 -0.0000
1084.0000 -0.0000
1085.0000 -0.0000
1086.0000 -0.0000
1087.0000 -0.0000
1088.0000 -0.0000
1089.0000 -0.0000
1090.0000 -0.0000
1091.0000 -0.0000
1092.0000 -0.0000
1093.0000 -0.0000
1094.0000 -0.0000
1095.0000 -0.0000
1096.0000 -0.0000
1097.0000 -0.0000
1098.0000 -0.0000
1099.0000 -0.0000
1100.0000 -0.0000
