1.0000 0.0000
2.0000 0.0000
3.0000 0.0000
4.0000 0.0000
5.0000 0.0000
6.0000 0.0000
7.0000 0.0000
8.0000 0.0000
9.0000 0.0000
10.0000 0.0000
11.0000 0.3545
12.0000 0.7761
13.0000 1.1509
14.0000 1.4473
15.0000 1.6666
16.0000 1.8203
17.0000 1.9221
18.0000 1.9848
19.0000 2.0196
20.0000 2.0359
21.0000 2.0406
22.0000 2.0391
23.0000 2.0345
24.0000 2.0292
25.0000 2.0241
26.0000 2.0197
27.0000 2.0162
28.0000 2.0135
29.0000 2.0113
30.0000 2.0096
31.0000 2.0082
32.0000 2.0070
33.0000 2.0059
34.0000 2.0049
35.0000 2.0040
36.0000 2.0032
37.0000 2.0025
38.0000 2.0019
39.0000 2.0014
40.0000 2.0010
41.0000 2.0007
42.0000 2.0004
43.0000 2.0002
44.0000 2.0001
45.0000 2.0000
46.0000 1.9999
47.0000 1.9999
48.0000 1.9999
49.0000 1.9999
50.0000 1.9999
51.0000 1.9999
52.0000 2.0000
53.0000 2.0000
54.0000 2.0000
55.0000 2.0000
56.0000 2.0001
57.0000 2.0001
58.0000 2.0001
59.0000 2.0001
60.0000 2.0001
61.0000 2.0001
62.0000 2.0002
63.0000 2.0002
64.0000 2.0001
65.0000 2.0001
66.0000 2.0001
67.0000 2.0001
68.0000 2.0001
69.0000 2.0001
70.0000 2.0001
71.0000 2.0001
72.0000 2.0001
73.0000 2.0001
74.0000 2.0001
75.0000 2.0001
76.0000 2.0001
77.0000 2.0001
78.0000 2.0001
79.0000 2.0001
80.0000 2.0001
81.0000 2.0000
82.0000 2.0000
83.0000 2.0000
84.0000 1.9999
85.0000 1.9999
86.0000 1.9999
87.0000 2.0000
88.0000 2.0001
89.0000 2.0002
90.0000 2.0005
91.0000 2.0009
92.0000 2.0012
93.0000 2.0014
94.0000 2.0014
95.0000 2.0013
96.0000 2.0011
97.0000 2.0009
98.0000 2.0007
99.0000 2.0005
100.0000 2.0004
101.0000 2.0003
102.0000 2.0002
103.0000 2.0002
104.0000 2.0002
105.0000 2.0002
106.0000 2.0002
107.0000 2.0002
108.0000 2.0002
109.0000 2.0002
110.0000 2.0002
111.0000 2.0002
112.0000 2.0002
113.0000 2.0002
114.0000 2.0002
115.0000 2.0002
116.0000 2.0002
117.0000 2.0002
118.0000 2.0002
119.0000 2.0002
120.0000 2.0002
121.0000 2.0002
122.0000 2.0002
123.0000 2.0002
124.0000 2.0002
125.0000 2.0002
126.0000 2.0002
127.0000 2.0002
128.0000 2.0002
129.0000 2.0002
130.0000 2.0002
131.0000 2.0001
132.0000 2.0001
133.0000 2.0001
134.0000 2.0001
135.0000 2.0001
136.0000 2.0001
137.0000 2.0001
138.0000 2.0001
139.0000 2.0001
140.0000 2.0001
141.0000 2.0001
142.0000 2.0001
143.0000 2.0001
144.0000 2.0001
145.0000 2.0001
146.0000 2.0001
147.0000 2.0001
148.0000 2.0001
149.0000 2.0001
150.0000 2.0001
151.0000 2.0001
152.0000 2.0001
153.0000 2.0001
154.0000 2.0001
155.0000 2.0001
156.0000 2.0001
157.0000 2.0001
158.0000 2.0001
159.0000 2.0001
160.0000 2.0001
161.0000 2.0001
162.0000 2.0000
163.0000 2.0000
164.0000 2.0000
165.0000 2.0000
166.0000 2.0000
167.0000 2.0000
168.0000 2.0000
169.0000 2.0000
170.0000 2.0000
171.0000 2.0000
172.0000 2.0000
173.0000 2.0000
174.0000 2.0000
175.0000 2.0000
176.0000 2.0000
177.0000 2.0000
178.0000 2.0000
179.0000 2.0000
180.0000 2.0000
181.0000 2.0000
182.0000 2.0000
183.0000 2.0000
184.0000 2.0000
185.0000 2.0000
186.0000 2.0000
187.0000 2.0000
188.0000 2.0000
189.0000 2.0000
190.0000 2.0000
191.0000 2.0000
192.0000 2.0000
193.0000 2.0000
194.0000 2.0000
195.0000 2.0000
196.0000 2.0000
197.0000 2.0000
198.0000 2.0000
199.0000 2.0000
200.0000 2.0000
201.0000 1.2909
202.0000 0.4477
203.0000 -0.3018
204.0000 -0.8947
205.0000 -1.3332
206.0000 -1.6407
207.0000 -1.8442
208.0000 -1.9696
209.0000 -2.0393
210.0000 -2.0718
211.0000 -2.0813
212.0000 -2.0781
213.0000 -2.0691
214.0000 -2.0584
215.0000 -2.0482
216.0000 -2.0394
217.0000 -2.0324
218.0000 -2.0270
219.0000 -2.0227
220.0000 -2.0192
221.0000 -2.0164
222.0000 -2.0139
223.0000 -2.0118
224.0000 -2.0098
225.0000 -2.0080
226.0000 -2.0064
227.0000 -2.0050
228.0000 -2.0038
229.0000 -2.0028
230.0000 -2.0020
231.0000 -2.0013
232.0000 -2.0008
233.0000 -2.0005
234.0000 -2.0002
235.0000 -2.0000
236.0000 -1.9999
237.0000 -1.9998
238.0000 -1.9998
239.0000 -1.9998
240.0000 -1.9999
241.0000 -1.9999
242.0000 -1.9999
243.0000 -2.0000
244.0000 -2.0000
245.0000 -2.0001
246.0000 -2.0001
247.0000 -2.0001
248.0000 -2.0002
249.0000 -2.0002
250.0000 -2.0003
251.0000 -2.0003
252.0000 -2.0003
253.0000 -2.0003
254.0000 -2.0003
255.0000 -2.0002
256.0000 -2.0002
257.0000 -2.0002
258.0000 -2.0002
259.0000 -2.0002
260.0000 -2.0002
261.0000 -2.0003
262.0000 -2.0002
263.0000 -2.0002
264.0000 -2.0002
265.0000 -2.0001
266.0000 -2.0001
267.0000 -2.0001
268.0000 -2.0001
269.0000 -2.0001
270.0000 -2.0001
271.0000 -2.0001
272.0000 -2.0000
273.0000 -2.0000
274.0000 -1.9999
275.0000 -1.9999
276.0000 -1.9999
277.0000 -1.9999
278.0000 -2.0001
279.0000 -2.0004
280.0000 -2.0010
281.0000 -2.0018
282.0000 -2.0025
283.0000 -2.0028
284.0000 -2.0028
285.0000 -2.0025
286.0000 -2.0021
287.0000 -2.0017
288.0000 -2.0013
289.0000 -2.0010
290.0000 -2.0007
291.0000 -2.0005
292.0000 -2.0004
293.0000 -2.0004
294.0000 -2.0003
295.0000 -2.0003
296.0000 -2.0004
297.0000 -2.0004
298.0000 -2.0004
299.0000 -2.0004
300.0000 -2.0004
301.0000 -2.0004
302.0000 -2.0004
303.0000 -2.0004
304.0000 -2.0004
305.0000 -2.0004
306.0000 -2.0004
307.0000 -2.0004
308.0000 -2.0004
309.0000 -2.0004
310.0000 -2.0004
311.0000 -2.0004
312.0000 -2.0004
313.0000 -2.0004
314.0000 -2.0004
315.0000 -2.0004
316.0000 -2.0004
317.0000 -2.0003
318.0000 -2.0003
319.0000 -2.0003
320.0000 -2.0003
321.0000 -2.0003
322.0000 -2.0003
323.0000 -2.0003
324.0000 -2.0003
325.0000 -2.0003
326.0000 -2.0002
327.0000 -2.0002
328.0000 -2.0002
329.0000 -2.0002
330.0000 -2.0002
331.0000 -2.0002
332.0000 -2.0002
333.0000 -2.0002
334.0000 -2.0002
335.0000 -2.0002
336.0000 -2.0002
337.0000 -2.0002
338.0000 -2.0002
339.0000 -2.0002
340.0000 -2.0001
341.0000 -2.0001
342.0000 -2.0001
343.0000 -2.0001
344.0000 -2.0001
345.0000 -2.0001
346.0000 -2.0001
347.0000 -2.0001
348.0000 -2.0001
349.0000 -2.0001
350.0000 -2.0001
351.0000 -2.0001
352.0000 -2.0001
353.0000 -2.0001
354.0000 -2.0001
355.0000 -2.0001
356.0000 -2.0001
357.0000 -2.0001
358.0000 -2.0001
359.0000 -2.0001
360.0000 -2.0001
361.0000 -2.0001
362.0000 -2.0001
363.0000 -2.0001
364.0000 -2.0001
365.0000 -2.0001
366.0000 -2.0001
367.0000 -2.0001
368.0000 -2.0001
369.0000 -2.0001
370.0000 -2.0000
371.0000 -2.0000
372.0000 -2.0000
373.0000 -2.0000
374.0000 -2.0000
375.0000 -2.0000
376.0000 -2.0000
377.0000 -2.0000
378.0000 -2.0000
379.0000 -2.0000
380.0000 -2.0000
381.0000 -2.0000
382.0000 -2.0000
383.0000 -2.0000
384.0000 -2.0000
385.0000 -2.0000
386.0000 -2.0000
387.0000 -2.0000
388.0000 -2.0000
389.0000 -2.0000
390.0000 -2.0000
391.0000 -2.0000
392.0000 -2.0000
393.0000 -2.0000
394.0000 -2.0000
395.0000 -2.0000
396.0000 -2.0000
397.0000 -2.0000
398.0000 -2.0000
399.0000 -2.0000
400.0000 -2.0000
401.0000 -2.0000
402.0000 -2.0000
403.0000 -2.0000
404.0000 -2.0000
405.0000 -2.0000
406.0000 -2.0000
407.0000 -2.0000
408.0000 -2.0000
409.0000 -2.0000
410.0000 -2.0000
411.0000 -2.0000
412.0000 -2.0000
413.0000 -2.0000
414.0000 -2.0000
415.0000 -2.0000
416.0000 -2.0000
417.0000 -2.0000
418.0000 -2.0000
419.0000 -2.0000
420.0000 -2.0000
421.0000 -2.0000
422.0000 -2.0000
423.0000 -2.0000
424.0000 -2.0000
425.0000 -2.0000
426.0000 -2.0000
427.0000 -2.0000
428.0000 -2.0000
429.0000 -2.0000
430.0000 -2.0000
431.0000 -2.0000
432.0000 -2.0000
433.0000 -2.0000
434.0000 -2.0000
435.0000 -2.0000
436.0000 -2.0000
437.0000 -2.0000
438.0000 -2.0000
439.0000 -2.0000
440.0000 -2.0000
441.0000 -2.0000
442.0000 -2.0000
443.0000 -2.0000
444.0000 -2.0000
445.0000 -2.0000
446.0000 -2.0000
447.0000 -2.0000
448.0000 -2.0000
449.0000 -2.0000
450.0000 -2.0000
451.0000 -2.0000
452.0000 -2.0000
453.0000 -2.0000
454.0000 -2.0000
455.0000 -2.0000
456.0000 -2.0000
457.0000 -2.0000
458.0000 -2.0000
459.0000 -2.0000
460.0000 -2.0000
461.0000 -2.0000
462.0000 -2.0000
463.0000 -2.0000
464.0000 -2.0000
465.0000 -2.0000
466.0000 -2.0000
467.0000 -2.0000
468.0000 -2.0000
469.0000 -2.0000
470.0000 -2.0000
471.0000 -2.0000
472.0000 -2.0000
473.0000 -2.0000
474.0000 -2.0000
475.0000 -2.0000
476.0000 -2.0000
477.0000 -2.0000
478.0000 -2.0000
479.0000 -2.0000
480.0000 -2.0000
481.0000 -2.0000
482.0000 -2.0000
483.0000 -2.0000
484.0000 -2.0000
485.0000 -2.0000
486.0000 -2.0000
487.0000 -2.0000
488.0000 -2.0000
489.0000 -2.0000
490.0000 -2.0000
491.0000 -2.0000
492.0000 -2.0000
493.0000 -2.0000
494.0000 -2.0000
495.0000 -2.0000
496.0000 -2.0000
497.0000 -2.0000
498.0000 -2.0000
499.0000 -2.0000
500.0000 -2.0000
501.0000 -1.3796
502.0000 -0.6418
503.0000 0.0141
504.0000 0.5328
505.0000 0.9166
506.0000 1.1856
507.0000 1.3637
508.0000 1.4734
509.0000 1.5344
510.0000 1.5628
511.0000 1.5711
512.0000 1.5683
513.0000 1.5604
514.0000 1.5511
515.0000 1.5421
516.0000 1.5345
517.0000 1.5284
518.0000 1.5236
519.0000 1.5199
520.0000 1.5168
521.0000 1.5143
522.0000 1.5122
523.0000 1.5103
524.0000 1.5086
525.0000 1.5070
526.0000 1.5056
527.0000 1.5044
528.0000 1.5034
529.0000 1.5025
530.0000 1.5017
531.0000 1.5012
532.0000 1.5007
533.0000 1.5004
534.0000 1.5002
535.0000 1.5000
536.0000 1.4999
537.0000 1.4998
538.0000 1.4998
539.0000 1.4998
540.0000 1.4999
541.0000 1.4999
542.0000 1.4999
543.0000 1.5000
544.0000 1.5000
545.0000 1.5001
546.0000 1.5001
547.0000 1.5001
548.0000 1.5002
549.0000 1.5002
550.0000 1.5002
551.0000 1.5003
552.0000 1.5003
553.0000 1.5003
554.0000 1.5002
555.0000 1.5002
556.0000 1.5002
557.0000 1.5001
558.0000 1.5002
559.0000 1.5002
560.0000 1.5002
561.0000 1.5002
562.0000 1.5002
563.0000 1.5002
564.0000 1.5001
565.0000 1.5001
566.0000 1.5001
567.0000 1.5001
568.0000 1.5001
569.0000 1.5001
570.0000 1.5001
571.0000 1.5001
572.0000 1.5000
573.0000 1.5000
574.0000 1.4999
575.0000 1.4999
576.0000 1.4999
577.0000 1.4999
578.0000 1.5001
579.0000 1.5004
580.0000 1.5009
581.0000 1.5016
582.0000 1.5022
583.0000 1.5024
584.0000 1.5024
585.0000 1.5022
586.0000 1.5019
587.0000 1.5015
588.0000 1.5011
589.0000 1.5009
590.0000 1.5006
591.0000 1.5005
592.0000 1.5004
593.0000 1.5003
594.0000 1.5003
595.0000 1.5003
596.0000 1.5003
597.0000 1.5003
598.0000 1.5003
599.0000 1.5004
600.0000 1.5004
601.0000 1.5004
602.0000 1.5004
603.0000 1.5004
604.0000 1.5004
605.0000 1.5004
606.0000 1.5004
607.0000 1.5004
608.0000 1.5004
609.0000 1.5004
610.0000 1.5004
611.0000 1.5004
612.0000 1.5003
613.0000 1.5003
614.0000 1.5003
615.0000 1.5003
616.0000 1.5003
617.0000 1.5003
618.0000 1.5003
619.0000 1.5003
620.0000 1.5003
621.0000 1.5003
622.0000 1.5003
623.0000 1.5002
624.0000 1.5002
625.0000 1.5002
626.0000 1.5002
627.0000 1.5002
628.0000 1.5002
629.0000 1.5002
630.0000 1.5002
631.0000 1.5002
632.0000 1.5002
633.0000 1.5002
634.0000 1.5002
635.0000 1.5002
636.0000 1.5001
637.0000 1.5001
638.0000 1.5001
639.0000 1.5001
640.0000 1.5001
641.0000 1.5001
642.0000 1.5001
643.0000 1.5001
644.0000 1.5001
645.0000 1.5001
646.0000 1.5001
647.0000 1.5001
648.0000 1.5001
649.0000 1.5001
650.0000 1.5001
651.0000 1.5001
652.0000 1.5001
653.0000 1.5001
654.0000 1.5001
655.0000 1.5001
656.0000 1.5001
657.0000 1.5001
658.0000 1.5001
659.0000 1.5001
660.0000 1.5001
661.0000 1.5001
662.0000 1.5001
663.0000 1.5001
664.0000 1.5001
665.0000 1.5001
666.0000 1.5001
667.0000 1.5000
668.0000 1.5000
669.0000 1.5000
670.0000 1.5000
671.0000 1.5000
672.0000 1.5000
673.0000 1.5000
674.0000 1.5000
675.0000 1.5000
676.0000 1.5000
677.0000 1.5000
678.0000 1.5000
679.0000 1.5000
680.0000 1.5000
681.0000 1.5000
682.0000 1.5000
683.0000 1.5000
684.0000 1.5000
685.0000 1.5000
686.0000 1.5000
687.0000 1.5000
688.0000 1.5000
689.0000 1.5000
690.0000 1.5000
691.0000 1.5000
692.0000 1.5000
693.0000 1.5000
694.0000 1.5000
695.0000 1.5000
696.0000 1.5000
697.0000 1.5000
698.0000 1.5000
699.0000 1.5000
700.0000 1.5000
701.0000 1.5000
702.0000 1.5000
703.0000 1.5000
704.0000 1.5000
705.0000 1.5000
706.0000 1.5000
707.0000 1.5000
708.0000 1.5000
709.0000 1.5000
710.0000 1.5000
711.0000 1.5000
712.0000 1.5000
713.0000 1.5000
714.0000 1.5000
715.0000 1.5000
716.0000 1.5000
717.0000 1.5000
718.0000 1.5000
719.0000 1.5000
720.0000 1.5000
721.0000 1.5000
722.0000 1.5000
723.0000 1.5000
724.0000 1.5000
725.0000 1.5000
726.0000 1.5000
727.0000 1.5000
728.0000 1.5000
729.0000 1.5000
730.0000 1.5000
731.0000 1.5000
732.0000 1.5000
733.0000 1.5000
734.0000 1.5000
735.0000 1.5000
736.0000 1.5000
737.0000 1.5000
738.0000 1.5000
739.0000 1.5000
740.0000 1.5000
741.0000 1.5000
742.0000 1.5000
743.0000 1.5000
744.0000 1.5000
745.0000 1.5000
746.0000 1.5000
747.0000 1.5000
748.0000 1.5000
749.0000 1.5000
750.0000 1.5000
751.0000 1.5000
752.0000 1.5000
753.0000 1.5000
754.0000 1.5000
755.0000 1.5000
756.0000 1.5000
757.0000 1.5000
758.0000 1.5000
759.0000 1.5000
760.0000 1.5000
761.0000 1.5000
762.0000 1.5000
763.0000 1.5000
764.0000 1.5000
765.0000 1.5000
766.0000 1.5000
767.0000 1.5000
768.0000 1.5000
769.0000 1.5000
770.0000 1.5000
771.0000 1.5000
772.0000 1.5000
773.0000 1.5000
774.0000 1.5000
775.0000 1.5000
776.0000 1.5000
777.0000 1.5000
778.0000 1.5000
779.0000 1.5000
780.0000 1.5000
781.0000 1.5000
782.0000 1.5000
783.0000 1.5000
784.0000 1.5000
785.0000 1.5000
786.0000 1.5000
787.0000 1.5000
788.0000 1.5000
789.0000 1.5000
790.0000 1.5000
791.0000 1.5000
792.0000 1.5000
793.0000 1.5000
794.0000 1.5000
795.0000 1.5000
796.0000 1.5000
797.0000 1.5000
798.0000 1.5000
799.0000 1.5000
800.0000 1.5000
801.0000 1.2341
802.0000 0.9179
803.0000 0.6368
804.0000 0.4145
805.0000 0.2500
806.0000 0.1347
807.0000 0.0584
808.0000 0.0114
809.0000 -0.0147
810.0000 -0.0269
811.0000 -0.0305
812.0000 -0.0293
813.0000 -0.0259
814.0000 -0.0219
815.0000 -0.0181
816.0000 -0.0148
817.0000 -0.0122
818.0000 -0.0101
819.0000 -0.0085
820.0000 -0.0072
821.0000 -0.0061
822.0000 -0.0052
823.0000 -0.0044
824.0000 -0.0037
825.0000 -0.0030
826.0000 -0.0024
827.0000 -0.0019
828.0000 -0.0014
829.0000 -0.0011
830.0000 -0.0007
831.0000 -0.0005
832.0000 -0.0003
833.0000 -0.0002
834.0000 -0.0001
835.0000 0.0000
836.0000 0.0001
837.0000 0.0001
838.0000 0.0001
839.0000 0.0001
840.0000 0.0001
841.0000 0.0000
842.0000 0.0000
843.0000 0.0000
844.0000 -0.0000
845.0000 -0.0000
846.0000 -0.0000
847.0000 -0.0001
848.0000 -0.0001
849.0000 -0.0001
850.0000 -0.0001
851.0000 -0.0001
852.0000 -0.0001
853.0000 -0.0001
854.0000 -0.0001
855.0000 -0.0001
856.0000 -0.0001
857.0000 -0.0001
858.0000 -0.0001
859.0000 -0.0001
860.0000 -0.0001
861.0000 -0.0001
862.0000 -0.0001
863.0000 -0.0001
864.0000 -0.0001
865.0000 -0.0001
866.0000 -0.0001
867.0000 -0.0000
868.0000 -0.0000
869.0000 -0.0000
870.0000 -0.0000
871.0000 -0.0000
872.0000 -0.0000
873.0000 0.0000
874.0000 0.0000
875.0000 0.0001
876.0000 0.0001
877.0000 0.0000
878.0000 -0.0000
879.0000 -0.0002
880.0000 -0.0004
881.0000 -0.0007
882.0000 -0.0009
883.0000 -0.0010
884.0000 -0.0010
885.0000 -0.0010
886.0000 -0.0008
887.0000 -0.0006
888.0000 -0.0005
889.0000 -0.0004
890.0000 -0.0003
891.0000 -0.0002
892.0000 -0.0002
893.0000 -0.0001
894.0000 -0.0001
895.0000 -0.0001
896.0000 -0.0001
897.0000 -0.0001
898.0000 -0.0001
899.0000 -0.0002
900.0000 -0.0002
901.0000 -0.0002
902.0000 -0.0002
903.0000 -0.0002
904.0000 -0.0002
905.0000 -0.0002
906.0000 -0.0002
907.0000 -0.0002
908.0000 -0.0002
909.0000 -0.0002
910.0000 -0.0002
911.0000 -0.0002
912.0000 -0.0001
913.0000 -0.0001
914.0000 -0.0001
915.0000 -0.0001
916.0000 -0.0001
917.0000 -0.0001
918.0000 -0.0001
919.0000 -0.0001
920.0000 -0.0001
921.0000 -0.0001
922.0000 -0.0001
923.0000 -0.0001
924.0000 -0.0001
925.0000 -0.0001
926.0000 -0.0001
927.0000 -0.0001
928.0000 -0.0001
929.0000 -0.0001
930.0000 -0.0001
931.0000 -0.0001
932.0000 -0.0001
933.0000 -0.0001
934.0000 -0.0001
935.0000 -0.0001
936.0000 -0.0001
937.0000 -0.0001
938.0000 -0.0001
939.0000 -0.0001
940.0000 -0.0001
941.0000 -0.0001
942.0000 -0.0001
943.0000 -0.0001
944.0000 -0.0000
945.0000 -0.0000
946.0000 -0.0000
947.0000 -0.0000
948.0000 -0.0000
949.0000 -0.0000
950.0000 -0.0000
951.0000 -0.0000
952.0000 -0.0000
953.0000 -0.0000
954.0000 -0.0000
955.0000 -0.0000
956.0000 -0.0000
957.0000 -0.0000
958.0000 -0.0000
959.0000 -0.0000
960.0000 -0.0000
961.0000 -0.0000
962.0000 -0.0000
963.0000 -0.0000
964.0000 -0.0000
965.0000 -0.0000
966.0000 -0.0000
967.0000 -0.0000
968.0000 -0.0000
969.0000 -0.0000
970.0000 -0.0000
971.0000 -0.0000
972.0000 -0.0000
973.0000 -0.0000
974.0000 -0.0000
975.0000 -0.0000
976.0000 -0.0000
977.0000 -0.0000
978.0000 -0.0000
979.0000 -0.0000
980.0000 -0.0000
981.0000 -0.0000
982.0000 -0.0000
983.0000 -0.0000
984.0000 -0.0000
985.0000 -0.0000
986.0000 -0.0000
987.0000 -0.0000
988.0000 -0.0000
989.0000 -0.0000
990.0000 -0.0000
991.0000 -0.0000
992.0000 -0.0000
993.0000 -0.0000
994.0000 -0.0000
995.0000 -0.0000
996.0000 -0.0000
997.0000 -0.0000
998.0000 -0.0000
999.0000 -0.0000
1000.0000 -0.0000
1001.0000 -0.0000
1002.0000 -0.0000
1003.0000 -0.0000
1004.0000 -0.0000
1005.0000 -0.0000
1006.0000 -0.0000
1007.0000 -0.0000
1008.0000 -0.0000
1009.0000 -0.0000
1010.0000 -0.0000
1011.0000 -0.0000
1012.0000 -0.0000
1013.0000 -0.0000
1014.0000 -0.0000
1015.0000 -0.0000
1016.0000 -0.0000
1017.0000 -0.0000
1018.0000 -0.0000
1019.0000 -0.0000
1020.0000 -0.0000
1021.0000 -0.0000
1022.0000 -0.0000
1023.0000 -0.0000
1024.0000 -0.0000
1025.0000 -0.0000
1026.0000 -0.0000
1027.0000 -0.0000
1028.0000 -0.0000
1029.0000 -0.0000
1030.0000 -0.0000
1031.0000 -0.0000
1032.0000 -0.0000
1033.0000 -0.0000
1034.0000 -0.0000
1035.0000 -0.0000
1036.0000 -0.0000
1037.0000 -0.0000
1038.0000 -0.0000
1039.0000 -0.0000
1040.0000 -0.0000
1041.0000 -0.0000
1042.0000 -0.0000
1043.0000 -0.0000
1044.0000 -0.0000
1045.0000 -0.0000
1046.0000 -0.0000
1047.0000 -0.0000
1048.0000 -0.0000
1049.0000 -0.0000
1050.0000 -0.0000
1051.0000 -0.0000
1052.0000 -0.0000
1053.0000 -0.0000
1054.0000 -0.0000
1055.0000 -0.0000
1056.0000 -0.0000
1057.0000 -0.0000
1058.0000 -0.0000
1059.0000 -0.0000
1060.0000 -0.0000
1061.0000 -0.0000
1062.0000 -0.0000
1063.0000 -0.0000
1064.0000 -0.0000
1065.0000 -0.0000
1066.0000 -0.0000
1067.0000 -0.0000
1068.0000 -0.0000
1069.0000 -0.0000
1070.0000 -0.0000
1071.0000 -0.0000
1072.0000 -0.0000
1073.0000 -0.0000
1074.0000 -0.0000
1075.0000 -0.0000
1076.0000 -0.0000
1077.0000 -0.0000
1078.0000 -0.0000
1079.0000 -0.0000
1080.0000 -0.0000
1081.0000 -0.0000
1082.0000 -0.0000
1083.0000 -0.0000
1084.0000 -0.0000
1085.0000 -0.0000
1086.0000 -0.0000
1087.0000 -0.0000
1088.0000 -0.0000
1089.0000 -0.0000
1090.0000 -0.0000
1091.0000 -0.0000
1092.0000 -0.0000
1093.0000 -0.0000
1094.0000 -0.0000
1095.0000 -0.0000
1096.0000 -0.0000
1097.0000 -0.0000
1098.0000 -0.0000
1099.0000 -0.0000
1100.0000 -0.0000
