1.0000 0.0000
2.0000 0.0000
3.0000 0.0000
4.0000 0.0000
5.0000 0.0000
6.0000 0.0000
7.0000 0.0000
8.0000 0.0000
9.0000 0.0000
10.0000 0.3988
11.0000 0.5049
12.0000 0.4754
13.0000 0.4027
14.0000 0.3321
15.0000 0.2801
16.0000 0.2492
17.0000 0.2363
18.0000 0.2365
19.0000 0.2453
20.0000 0.2592
21.0000 0.2755
22.0000 0.2923
23.0000 0.3082
24.0000 0.3226
25.0000 0.3349
26.0000 0.3452
27.0000 0.3533
28.0000 0.3595
29.0000 0.3639
30.0000 0.3669
31.0000 0.3687
32.0000 0.3696
33.0000 0.3698
34.0000 0.3696
35.0000 0.3689
36.0000 0.3680
37.0000 0.3670
38.0000 0.3660
39.0000 0.3649
40.0000 0.3638
41.0000 0.3627
42.0000 0.3618
43.0000 0.3611
44.0000 0.3603
45.0000 0.3597
46.0000 0.3591
47.0000 0.3586
48.0000 0.3582
49.0000 0.3580
50.0000 0.3579
51.0000 0.3577
52.0000 0.3578
53.0000 0.3579
54.0000 0.3581
55.0000 0.3584
56.0000 0.3588
57.0000 0.3593
58.0000 0.3598
59.0000 0.3602
60.0000 0.3607
61.0000 0.3612
62.0000 0.3618
63.0000 0.3622
64.0000 0.3627
65.0000 0.3632
66.0000 0.3637
67.0000 0.3641
68.0000 0.3645
69.0000 0.3649
70.0000 0.3653
71.0000 0.3656
72.0000 0.3659
73.0000 0.3662
74.0000 0.3664
75.0000 0.3666
76.0000 0.3668
77.0000 0.3671
78.0000 0.3673
79.0000 0.3675
80.0000 0.3677
81.0000 0.3678
82.0000 0.3680
83.0000 0.3682
84.0000 0.3683
85.0000 0.3685
86.0000 0.3687
87.0000 0.3687
88.0000 0.3689
89.0000 0.3689
90.0000 0.3689
91.0000 0.3682
92.0000 0.3670
93.0000 0.3655
94.0000 0.3641
95.0000 0.3629
96.0000 0.3621
97.0000 0.3615
98.0000 0.3612
99.0000 0.3609
100.0000 0.3608
101.0000 0.3606
102.0000 0.3605
103.0000 0.3603
104.0000 0.3601
105.0000 0.3599
106.0000 0.3597
107.0000 0.3594
108.0000 0.3592
109.0000 0.3590
110.0000 0.3588
111.0000 0.3586
112.0000 0.3585
113.0000 0.3583
114.0000 0.3582
115.0000 0.3581
116.0000 0.3580
117.0000 0.3580
118.0000 0.3580
119.0000 0.3579
120.0000 0.3579
121.0000 0.3579
122.0000 0.3580
123.0000 0.3580
124.0000 0.3580
125.0000 0.3581
126.0000 0.3581
127.0000 0.3582
128.0000 0.3582
129.0000 0.3583
130.0000 0.3584
131.0000 0.3584
132.0000 0.3585
133.0000 0.3586
134.0000 0.3586
135.0000 0.3587
136.0000 0.3587
137.0000 0.3588
138.0000 0.3589
139.0000 0.3589
140.0000 0.3590
141.0000 0.3590
142.0000 0.3591
143.0000 0.3591
144.0000 0.3591
145.0000 0.3592
146.0000 0.3592
147.0000 0.3593
148.0000 0.3593
149.0000 0.3593
150.0000 0.3594
151.0000 0.3594
152.0000 0.3594
153.0000 0.3594
154.0000 0.3595
155.0000 0.3595
156.0000 0.3595
157.0000 0.3595
158.0000 0.3596
159.0000 0.3596
160.0000 0.3596
161.0000 0.3596
162.0000 0.3596
163.0000 0.3596
164.0000 0.3596
165.0000 0.3597
166.0000 0.3597
167.0000 0.3597
168.0000 0.3597
169.0000 0.3597
170.0000 0.3597
171.0000 0.3597
172.0000 0.3598
173.0000 0.3598
174.0000 0.3598
175.0000 0.3598
176.0000 0.3598
177.0000 0.3598
178.0000 0.3598
179.0000 0.3598
180.0000 0.3598
181.0000 0.3598
182.0000 0.3599
183.0000 0.3599
184.0000 0.3599
185.0000 0.3599
186.0000 0.3599
187.0000 0.3599
188.0000 0.3599
189.0000 0.3599
190.0000 0.3599
191.0000 0.3599
192.0000 0.3599
193.0000 0.3599
194.0000 0.3599
195.0000 0.3599
196.0000 0.3599
197.0000 0.3599
198.0000 0.3599
199.0000 0.3599
200.0000 -0.4377
201.0000 -0.6499
202.0000 -0.5908
203.0000 -0.4456
204.0000 -0.3043
205.0000 -0.2003
206.0000 -0.1386
207.0000 -0.1127
208.0000 -0.1131
209.0000 -0.1307
210.0000 -0.1586
211.0000 -0.1912
212.0000 -0.2247
213.0000 -0.2566
214.0000 -0.2853
215.0000 -0.3101
216.0000 -0.3306
217.0000 -0.3468
218.0000 -0.3592
219.0000 -0.3681
220.0000 -0.3740
221.0000 -0.3776
222.0000 -0.3794
223.0000 -0.3799
224.0000 -0.3793
225.0000 -0.3781
226.0000 -0.3763
227.0000 -0.3742
228.0000 -0.3721
229.0000 -0.3700
230.0000 -0.3678
231.0000 -0.3656
232.0000 -0.3638
233.0000 -0.3623
234.0000 -0.3608
235.0000 -0.3595
236.0000 -0.3583
237.0000 -0.3574
238.0000 -0.3566
239.0000 -0.3561
240.0000 -0.3559
241.0000 -0.3557
242.0000 -0.3558
243.0000 -0.3560
244.0000 -0.3564
245.0000 -0.3569
246.0000 -0.3578
247.0000 -0.3588
248.0000 -0.3598
249.0000 -0.3606
250.0000 -0.3615
251.0000 -0.3626
252.0000 -0.3637
253.0000 -0.3647
254.0000 -0.3656
255.0000 -0.3666
256.0000 -0.3675
257.0000 -0.3684
258.0000 -0.3692
259.0000 -0.3700
260.0000 -0.3708
261.0000 -0.3714
262.0000 -0.3720
263.0000 -0.3725
264.0000 -0.3730
265.0000 -0.3734
266.0000 -0.3738
267.0000 -0.3744
268.0000 -0.3748
269.0000 -0.3752
270.0000 -0.3755
271.0000 -0.3759
272.0000 -0.3762
273.0000 -0.3766
274.0000 -0.3768
275.0000 -0.3772
276.0000 -0.3775
277.0000 -0.3776
278.0000 -0.3779
279.0000 -0.3779
280.0000 -0.3780
281.0000 -0.3766
282.0000 -0.3741
283.0000 -0.3711
284.0000 -0.3683
285.0000 -0.3660
286.0000 -0.3643
287.0000 -0.3632
288.0000 -0.3625
289.0000 -0.3620
290.0000 -0.3617
291.0000 -0.3614
292.0000 -0.3611
293.0000 -0.3607
294.0000 -0.3604
295.0000 -0.3599
296.0000 -0.3595
297.0000 -0.3590
298.0000 -0.3586
299.0000 -0.3582
300.0000 -0.3578
301.0000 -0.3574
302.0000 -0.3571
303.0000 -0.3568
304.0000 -0.3566
305.0000 -0.3564
306.0000 -0.3562
307.0000 -0.3561
308.0000 -0.3561
309.0000 -0.3560
310.0000 -0.3560
311.0000 -0.3560
312.0000 -0.3561
313.0000 -0.3561
314.0000 -0.3562
315.0000 -0.3563
316.0000 -0.3564
317.0000 -0.3565
318.0000 -0.3566
319.0000 -0.3568
320.0000 -0.3569
321.0000 -0.3570
322.0000 -0.3571
323.0000 -0.3573
324.0000 -0.3574
325.0000 -0.3575
326.0000 -0.3576
327.0000 -0.3577
328.0000 -0.3578
329.0000 -0.3580
330.0000 -0.3581
331.0000 -0.3582
332.0000 -0.3583
333.0000 -0.3583
334.0000 -0.3584
335.0000 -0.3585
336.0000 -0.3586
337.0000 -0.3587
338.0000 -0.3587
339.0000 -0.3588
340.0000 -0.3589
341.0000 -0.3589
342.0000 -0.3590
343.0000 -0.3590
344.0000 -0.3591
345.0000 -0.3591
346.0000 -0.3592
347.0000 -0.3592
348.0000 -0.3592
349.0000 -0.3593
350.0000 -0.3593
351.0000 -0.3594
352.0000 -0.3594
353.0000 -0.3594
354.0000 -0.3594
355.0000 -0.3595
356.0000 -0.3595
357.0000 -0.3595
358.0000 -0.3595
359.0000 -0.3596
360.0000 -0.3596
361.0000 -0.3596
362.0000 -0.3596
363.0000 -0.3597
364.0000 -0.3597
365.0000 -0.3597
366.0000 -0.3597
367.0000 -0.3598
368.0000 -0.3598
369.0000 -0.3598
370.0000 -0.3598
371.0000 -0.3598
372.0000 -0.3598
373.0000 -0.3599
374.0000 -0.3599
375.0000 -0.3599
376.0000 -0.3599
377.0000 -0.3599
378.0000 -0.3599
379.0000 -0.3599
380.0000 -0.3599
381.0000 -0.3599
382.0000 -0.3599
383.0000 -0.3599
384.0000 -0.3599
385.0000 -0.3599
386.0000 -0.3599
387.0000 -0.3599
388.0000 -0.3599
389.0000 -0.3599
390.0000 -0.3599
391.0000 -0.3599
392.0000 -0.3599
393.0000 -0.3599
394.0000 -0.3599
395.0000 -0.3599
396.0000 -0.3599
397.0000 -0.3599
398.0000 -0.3599
399.0000 -0.3598
400.0000 -0.3598
401.0000 -0.3598
402.0000 -0.3598
403.0000 -0.3598
404.0000 -0.3598
405.0000 -0.3598
406.0000 -0.3598
407.0000 -0.3598
408.0000 -0.3598
409.0000 -0.3598
410.0000 -0.3598
411.0000 -0.3598
412.0000 -0.3598
413.0000 -0.3598
414.0000 -0.3598
415.0000 -0.3598
416.0000 -0.3598
417.0000 -0.3598
418.0000 -0.3598
419.0000 -0.3598
420.0000 -0.3598
421.0000 -0.3598
422.0000 -0.3598
423.0000 -0.3598
424.0000 -0.3598
425.0000 -0.3598
426.0000 -0.3598
427.0000 -0.3598
428.0000 -0.3598
429.0000 -0.3598
430.0000 -0.3598
431.0000 -0.3598
432.0000 -0.3598
433.0000 -0.3598
434.0000 -0.3598
435.0000 -0.3598
436.0000 -0.3598
437.0000 -0.3598
438.0000 -0.3598
439.0000 -0.3598
440.0000 -0.3598
441.0000 -0.3598
442.0000 -0.3598
443.0000 -0.3598
444.0000 -0.3598
445.0000 -0.3598
446.0000 -0.3598
447.0000 -0.3598
448.0000 -0.3598
449.0000 -0.3598
450.0000 -0.3598
451.0000 -0.3598
452.0000 -0.3598
453.0000 -0.3598
454.0000 -0.3598
455.0000 -0.3598
456.0000 -0.3598
457.0000 -0.3598
458.0000 -0.3598
459.0000 -0.3598
460.0000 -0.3598
461.0000 -0.3598
462.0000 -0.3598
463.0000 -0.3598
464.0000 -0.3598
465.0000 -0.3598
466.0000 -0.3598
467.0000 -0.3598
468.0000 -0.3598
469.0000 -0.3598
470.0000 -0.3598
471.0000 -0.3598
472.0000 -0.3598
473.0000 -0.3598
474.0000 -0.3598
475.0000 -0.3598
476.0000 -0.3598
477.0000 -0.3598
478.0000 -0.3598
479.0000 -0.3598
480.0000 -0.3598
481.0000 -0.3598
482.0000 -0.3598
483.0000 -0.3598
484.0000 -0.3598
485.0000 -0.3598
486.0000 -0.3598
487.0000 -0.3599
488.0000 -0.3599
489.0000 -0.3599
490.0000 -0.3599
491.0000 -0.3599
492.0000 -0.3599
493.0000 -0.3599
494.0000 -0.3599
495.0000 -0.3599
496.0000 -0.3599
497.0000 -0.3599
498.0000 -0.3599
499.0000 -0.3599
500.0000 0.3380
501.0000 0.5237
502.0000 0.4720
503.0000 0.3449
504.0000 0.2213
505.0000 0.1303
506.0000 0.0763
507.0000 0.0536
508.0000 0.0539
509.0000 0.0694
510.0000 0.0938
511.0000 0.1223
512.0000 0.1516
513.0000 0.1795
514.0000 0.2047
515.0000 0.2263
516.0000 0.2443
517.0000 0.2585
518.0000 0.2693
519.0000 0.2771
520.0000 0.2823
521.0000 0.2854
522.0000 0.2870
523.0000 0.2874
524.0000 0.2869
525.0000 0.2858
526.0000 0.2842
527.0000 0.2824
528.0000 0.2806
529.0000 0.2788
530.0000 0.2768
531.0000 0.2749
532.0000 0.2733
533.0000 0.2720
534.0000 0.2707
535.0000 0.2695
536.0000 0.2685
537.0000 0.2677
538.0000 0.2670
539.0000 0.2666
540.0000 0.2664
541.0000 0.2662
542.0000 0.2663
543.0000 0.2665
544.0000 0.2668
545.0000 0.2673
546.0000 0.2680
547.0000 0.2690
548.0000 0.2698
549.0000 0.2705
550.0000 0.2713
551.0000 0.2723
552.0000 0.2732
553.0000 0.2741
554.0000 0.2749
555.0000 0.2758
556.0000 0.2766
557.0000 0.2773
558.0000 0.2781
559.0000 0.2788
560.0000 0.2795
561.0000 0.2800
562.0000 0.2805
563.0000 0.2810
564.0000 0.2814
565.0000 0.2817
566.0000 0.2821
567.0000 0.2826
568.0000 0.2830
569.0000 0.2833
570.0000 0.2836
571.0000 0.2839
572.0000 0.2842
573.0000 0.2845
574.0000 0.2847
575.0000 0.2850
576.0000 0.2853
577.0000 0.2854
578.0000 0.2856
579.0000 0.2857
580.0000 0.2858
581.0000 0.2846
582.0000 0.2823
583.0000 0.2797
584.0000 0.2773
585.0000 0.2753
586.0000 0.2738
587.0000 0.2728
588.0000 0.2722
589.0000 0.2718
590.0000 0.2715
591.0000 0.2712
592.0000 0.2710
593.0000 0.2707
594.0000 0.2703
595.0000 0.2700
596.0000 0.2696
597.0000 0.2692
598.0000 0.2688
599.0000 0.2684
600.0000 0.2681
601.0000 0.2677
602.0000 0.2675
603.0000 0.2672
604.0000 0.2670
605.0000 0.2668
606.0000 0.2667
607.0000 0.2666
608.0000 0.2666
609.0000 0.2665
610.0000 0.2665
611.0000 0.2665
612.0000 0.2666
613.0000 0.2666
614.0000 0.2667
615.0000 0.2668
616.0000 0.2669
617.0000 0.2670
618.0000 0.2671
619.0000 0.2672
620.0000 0.2673
621.0000 0.2674
622.0000 0.2675
623.0000 0.2676
624.0000 0.2677
625.0000 0.2678
626.0000 0.2679
627.0000 0.2680
628.0000 0.2681
629.0000 0.2682
630.0000 0.2683
631.0000 0.2684
632.0000 0.2685
633.0000 0.2686
634.0000 0.2686
635.0000 0.2687
636.0000 0.2688
637.0000 0.2689
638.0000 0.2689
639.0000 0.2690
640.0000 0.2690
641.0000 0.2691
642.0000 0.2691
643.0000 0.2692
644.0000 0.2692
645.0000 0.2693
646.0000 0.2693
647.0000 0.2693
648.0000 0.2694
649.0000 0.2694
650.0000 0.2694
651.0000 0.2694
652.0000 0.2695
653.0000 0.2695
654.0000 0.2695
655.0000 0.2695
656.0000 0.2696
657.0000 0.2696
658.0000 0.2696
659.0000 0.2696
660.0000 0.2697
661.0000 0.2697
662.0000 0.2697
663.0000 0.2697
664.0000 0.2698
665.0000 0.2698
666.0000 0.2698
667.0000 0.2698
668.0000 0.2698
669.0000 0.2699
670.0000 0.2699
671.0000 0.2699
672.0000 0.2699
673.0000 0.2699
674.0000 0.2699
675.0000 0.2699
676.0000 0.2699
677.0000 0.2699
678.0000 0.2699
679.0000 0.2699
680.0000 0.2699
681.0000 0.2699
682.0000 0.2699
683.0000 0.2699
684.0000 0.2699
685.0000 0.2699
686.0000 0.2699
687.0000 0.2699
688.0000 0.2699
689.0000 0.2699
690.0000 0.2699
691.0000 0.2699
692.0000 0.2699
693.0000 0.2699
694.0000 0.2699
695.0000 0.2699
696.0000 0.2699
697.0000 0.2699
698.0000 0.2699
699.0000 0.2699
700.0000 0.2699
701.0000 0.2699
702.0000 0.2699
703.0000 0.2699
704.0000 0.2699
705.0000 0.2699
706.0000 0.2699
707.0000 0.2699
708.0000 0.2699
709.0000 0.2699
710.0000 0.2699
711.0000 0.2699
712.0000 0.2699
713.0000 0.2699
714.0000 0.2699
715.0000 0.2699
716.0000 0.2699
717.0000 0.2698
718.0000 0.2698
719.0000 0.2698
720.0000 0.2698
721.0000 0.2698
722.0000 0.2698
723.0000 0.2698
724.0000 0.2698
725.0000 0.2698
726.0000 0.2698
727.0000 0.2699
728.0000 0.2699
729.0000 0.2699
730.0000 0.2699
731.0000 0.2699
732.0000 0.2699
733.0000 0.2699
734.0000 0.2699
735.0000 0.2699
736.0000 0.2699
737.0000 0.2699
738.0000 0.2699
739.0000 0.2699
740.0000 0.2699
741.0000 0.2699
742.0000 0.2699
743.0000 0.2699
744.0000 0.2699
745.0000 0.2699
746.0000 0.2699
747.0000 0.2699
748.0000 0.2699
749.0000 0.2699
750.0000 0.2699
751.0000 0.2699
752.0000 0.2699
753.0000 0.2699
754.0000 0.2699
755.0000 0.2699
756.0000 0.2699
757.0000 0.2699
758.0000 0.2699
759.0000 0.2699
760.0000 0.2699
761.0000 0.2699
762.0000 0.2699
763.0000 0.2699
764.0000 0.2699
765.0000 0.2699
766.0000 0.2699
767.0000 0.2699
768.0000 0.2699
769.0000 0.2699
770.0000 0.2699
771.0000 0.2699
772.0000 0.2699
773.0000 0.2699
774.0000 0.2699
775.0000 0.2699
776.0000 0.2699
777.0000 0.2699
778.0000 0.2699
779.0000 0.2699
780.0000 0.2699
781.0000 0.2699
782.0000 0.2699
783.0000 0.2699
784.0000 0.2699
785.0000 0.2699
786.0000 0.2699
787.0000 0.2699
788.0000 0.2699
789.0000 0.2699
790.0000 0.2699
791.0000 0.2699
792.0000 0.2699
793.0000 0.2699
794.0000 0.2699
795.0000 0.2699
796.0000 0.2699
797.0000 0.2699
798.0000 0.2699
799.0000 0.2699
800.0000 -0.0292
801.0000 -0.1088
802.0000 -0.0866
803.0000 -0.0322
804.0000 0.0208
805.0000 0.0598
806.0000 0.0830
807.0000 0.0927
808.0000 0.0926
809.0000 0.0859
810.0000 0.0755
811.0000 0.0633
812.0000 0.0507
813.0000 0.0387
814.0000 0.0280
815.0000 0.0187
816.0000 0.0110
817.0000 0.0049
818.0000 0.0002
819.0000 -0.0031
820.0000 -0.0053
821.0000 -0.0066
822.0000 -0.0073
823.0000 -0.0075
824.0000 -0.0073
825.0000 -0.0068
826.0000 -0.0061
827.0000 -0.0054
828.0000 -0.0046
829.0000 -0.0038
830.0000 -0.0030
831.0000 -0.0022
832.0000 -0.0015
833.0000 -0.0009
834.0000 -0.0003
835.0000 0.0002
836.0000 0.0006
837.0000 0.0009
838.0000 0.0012
839.0000 0.0014
840.0000 0.0015
841.0000 0.0016
842.0000 0.0015
843.0000 0.0015
844.0000 0.0013
845.0000 0.0011
846.0000 0.0008
847.0000 0.0004
848.0000 0.0000
849.0000 -0.0003
850.0000 -0.0006
851.0000 -0.0010
852.0000 -0.0014
853.0000 -0.0018
854.0000 -0.0021
855.0000 -0.0025
856.0000 -0.0029
857.0000 -0.0032
858.0000 -0.0035
859.0000 -0.0038
860.0000 -0.0041
861.0000 -0.0043
862.0000 -0.0046
863.0000 -0.0047
864.0000 -0.0049
865.0000 -0.0051
866.0000 -0.0052
867.0000 -0.0054
868.0000 -0.0056
869.0000 -0.0057
870.0000 -0.0059
871.0000 -0.0060
872.0000 -0.0061
873.0000 -0.0063
874.0000 -0.0063
875.0000 -0.0065
876.0000 -0.0066
877.0000 -0.0067
878.0000 -0.0067
879.0000 -0.0068
880.0000 -0.0068
881.0000 -0.0063
882.0000 -0.0053
883.0000 -0.0042
884.0000 -0.0032
885.0000 -0.0023
886.0000 -0.0017
887.0000 -0.0013
888.0000 -0.0010
889.0000 -0.0008
890.0000 -0.0007
891.0000 -0.0006
892.0000 -0.0005
893.0000 -0.0003
894.0000 -0.0002
895.0000 -0.0000
896.0000 0.0001
897.0000 0.0003
898.0000 0.0005
899.0000 0.0006
900.0000 0.0008
901.0000 0.0009
902.0000 0.0010
903.0000 0.0011
904.0000 0.0012
905.0000 0.0013
906.0000 0.0014
907.0000 0.0014
908.0000 0.0014
909.0000 0.0014
910.0000 0.0014
911.0000 0.0014
912.0000 0.0014
913.0000 0.0014
914.0000 0.0014
915.0000 0.0013
916.0000 0.0013
917.0000 0.0013
918.0000 0.0012
919.0000 0.0012
920.0000 0.0011
921.0000 0.0011
922.0000 0.0010
923.0000 0.0010
924.0000 0.0009
925.0000 0.0009
926.0000 0.0008
927.0000 0.0008
928.0000 0.0008
929.0000 0.0007
930.0000 0.0007
931.0000 0.0006
932.0000 0.0006
933.0000 0.0006
934.0000 0.0005
935.0000 0.0005
936.0000 0.0005
937.0000 0.0004
938.0000 0.0004
939.0000 0.0004
940.0000 0.0004
941.0000 0.0003
942.0000 0.0003
943.0000 0.0003
944.0000 0.0003
945.0000 0.0003
946.0000 0.0003
947.0000 0.0002
948.0000 0.0002
949.0000 0.0002
950.0000 0.0002
951.0000 0.0002
952.0000 0.0002
953.0000 0.0002
954.0000 0.0002
955.0000 0.0001
956.0000 0.0001
957.0000 0.0001
958.0000 0.0001
959.0000 0.0001
960.0000 0.0001
961.0000 0.0001
962.0000 0.0001
963.0000 0.0001
964.0000 0.0001
965.0000 0.0000
966.0000 0.0000
967.0000 0.0000
968.0000 0.0000
969.0000 0.0000
970.0000 0.0000
971.0000 0.0000
972.0000 0.0000
973.0000 0.0000
974.0000 -0.0000
975.0000 -0.0000
976.0000 -0.0000
977.0000 -0.0000
978.0000 -0.0000
979.0000 -0.0000
980.0000 -0.0000
981.0000 -0.0000
982.0000 -0.0000
983.0000 -0.0000
984.0000 -0.0000
985.0000 -0.0000
986.0000 -0.0000
987.0000 -0.0000
988.0000 -0.0000
989.0000 -0.0000
990.0000 -0.0000
991.0000 -0.0000
992.0000 -0.0000
993.0000 -0.0000
994.0000 -0.0000
995.0000 -0.0000
996.0000 -0.0000
997.0000 0.0000
998.0000 0.0000
999.0000 0.0000
1000.0000 0.0000
1001.0000 0.0000
1002.0000 0.0000
1003.0000 0.0000
1004.0000 0.0000
1005.0000 0.0000
1006.0000 0.0000
1007.0000 0.0000
1008.0000 0.0000
1009.0000 0.0000
1010.0000 0.0000
1011.0000 0.0000
1012.0000 0.0000
1013.0000 0.0000
1014.0000 0.0000
1015.0000 0.0000
1016.0000 0.0000
1017.0000 0.0000
1018.0000 0.0000
1019.0000 0.0000
1020.0000 0.0000
1021.0000 0.0000
1022.0000 0.0000
1023.0000 0.0000
1024.0000 0.0000
1025.0000 0.0000
1026.0000 0.0000
1027.0000 0.0000
1028.0000 0.0000
1029.0000 0.0000
1030.0000 0.0000
1031.0000 0.0000
1032.0000 0.0000
1033.0000 0.0000
1034.0000 0.0000
1035.0000 0.0000
1036.0000 0.0000
1037.0000 0.0000
1038.0000 0.0000
1039.0000 0.0000
1040.0000 0.0000
1041.0000 0.0000
1042.0000 0.0000
1043.0000 0.0000
1044.0000 0.0000
1045.0000 0.0000
1046.0000 0.0000
1047.0000 0.0000
1048.0000 0.0000
1049.0000 0.0000
1050.0000 0.0000
1051.0000 0.0000
1052.0000 0.0000
1053.0000 0.0000
1054.0000 0.0000
1055.0000 0.0000
1056.0000 0.0000
1057.0000 0.0000
1058.0000 0.0000
1059.0000 0.0000
1060.0000 0.0000
1061.0000 0.0000
1062.0000 0.0000
1063.0000 0.0000
1064.0000 0.0000
1065.0000 0.0000
1066.0000 0.0000
1067.0000 0.0000
1068.0000 0.0000
1069.0000 0.0000
1070.0000 0.0000
1071.0000 0.0000
1072.0000 0.0000
1073.0000 0.0000
1074.0000 0.0000
1075.0000 0.0000
1076.0000 0.0000
1077.0000 0.0000
1078.0000 0.0000
1079.0000 0.0000
1080.0000 0.0000
1081.0000 0.0000
1082.0000 0.0000
1083.0000 0.0000
1084.0000 0.0000
1085.0000 0.0000
1086.0000 0.0000
1087.0000 0.0000
1088.0000 0.0000
1089.0000 0.0000
1090.0000 0.0000
1091.0000 0.0000
1092.0000 0.0000
1093.0000 0.0000
1094.0000 0.0000
1095.0000 0.0000
1096.0000 0.0000
1097.0000 0.0000
1098.0000 0.0000
1099.0000 0.0000
1100.0000 0.0000
