1.0000 0.0000
2.0000 0.0000
3.0000 0.0000
4.0000 0.0000
5.0000 0.0000
6.0000 0.0000
7.0000 0.0000
8.0000 0.0000
9.0000 0.0000
10.0000 1.0331
11.0000 1.2341
12.0000 1.1583
13.0000 1.0276
14.0000 0.9115
15.0000 0.8225
16.0000 0.7568
17.0000 0.7087
18.0000 0.6737
19.0000 0.6486
20.0000 0.6310
21.0000 0.6191
22.0000 0.6113
23.0000 0.6065
24.0000 0.6037
25.0000 0.6022
26.0000 0.6017
27.0000 0.6018
28.0000 0.6021
29.0000 0.6026
30.0000 0.6033
31.0000 0.6039
32.0000 0.6046
33.0000 0.6051
34.0000 0.6057
35.0000 0.6061
36.0000 0.6066
37.0000 0.6069
38.0000 0.6072
39.0000 0.6075
40.0000 0.6077
41.0000 0.6079
42.0000 0.6080
43.0000 0.6081
44.0000 0.6082
45.0000 0.6083
46.0000 0.6083
47.0000 0.6084
48.0000 0.6085
49.0000 0.6085
50.0000 0.6085
51.0000 0.6084
52.0000 0.6083
53.0000 0.6081
54.0000 0.6078
55.0000 0.6074
56.0000 0.6070
57.0000 0.6066
58.0000 0.6061
59.0000 0.6056
60.0000 0.6052
61.0000 0.6047
62.0000 0.6042
63.0000 0.6036
64.0000 0.6032
65.0000 0.6027
66.0000 0.6023
67.0000 0.6018
68.0000 0.6014
69.0000 0.6010
70.0000 0.6006
71.0000 0.6002
72.0000 0.5998
73.0000 0.5995
74.0000 0.5992
75.0000 0.5990
76.0000 0.5987
77.0000 0.5985
78.0000 0.5983
79.0000 0.5982
80.0000 0.5980
81.0000 0.5979
82.0000 0.5979
83.0000 0.5979
84.0000 0.5979
85.0000 0.5980
86.0000 0.5981
87.0000 0.5983
88.0000 0.5985
89.0000 0.5988
90.0000 0.5992
91.0000 0.5993
92.0000 0.5993
93.0000 0.5995
94.0000 0.5998
95.0000 0.6002
96.0000 0.6006
97.0000 0.6010
98.0000 0.6013
99.0000 0.6015
100.0000 0.6017
101.0000 0.6019
102.0000 0.6020
103.0000 0.6020
104.0000 0.6021
105.0000 0.6021
106.0000 0.6022
107.0000 0.6022
108.0000 0.6022
109.0000 0.6023
110.0000 0.6023
111.0000 0.6023
112.0000 0.6024
113.0000 0.6024
114.0000 0.6024
115.0000 0.6024
116.0000 0.6025
117.0000 0.6025
118.0000 0.6025
119.0000 0.6025
120.0000 0.6026
121.0000 0.6026
122.0000 0.6026
123.0000 0.6026
124.0000 0.6026
125.0000 0.6027
126.0000 0.6027
127.0000 0.6027
128.0000 0.6027
129.0000 0.6027
130.0000 0.6028
131.0000 0.6028
132.0000 0.6028
133.0000 0.6028
134.0000 0.6028
135.0000 0.6029
136.0000 0.6029
137.0000 0.6029
138.0000 0.6029
139.0000 0.6029
140.0000 0.6029
141.0000 0.6029
142.0000 0.6030
143.0000 0.6030
144.0000 0.6030
145.0000 0.6030
146.0000 0.6030
147.0000 0.6030
148.0000 0.6030
149.0000 0.6030
150.0000 0.6030
151.0000 0.6031
152.0000 0.6031
153.0000 0.6031
154.0000 0.6031
155.0000 0.6031
156.0000 0.6031
157.0000 0.6031
158.0000 0.6031
159.0000 0.6031
160.0000 0.6031
161.0000 0.6031
162.0000 0.6031
163.0000 0.6031
164.0000 0.6031
165.0000 0.6031
166.0000 0.6031
167.0000 0.6031
168.0000 0.6031
169.0000 0.6031
170.0000 0.6031
171.0000 0.6031
172.0000 0.6031
173.0000 0.6031
174.0000 0.6031
175.0000 0.6031
176.0000 0.6031
177.0000 0.6032
178.0000 0.6032
179.0000 0.6032
180.0000 0.6032
181.0000 0.6032
182.0000 0.6032
183.0000 0.6032
184.0000 0.6032
185.0000 0.6032
186.0000 0.6032
187.0000 0.6032
188.0000 0.6032
189.0000 0.6032
190.0000 0.6032
191.0000 0.6032
192.0000 0.6032
193.0000 0.6032
194.0000 0.6032
195.0000 0.6032
196.0000 0.6032
197.0000 0.6032
198.0000 0.6032
199.0000 0.6032
200.0000 -1.4630
201.0000 -1.8650
202.0000 -1.7133
203.0000 -1.4519
204.0000 -1.2198
205.0000 -1.0418
206.0000 -0.9104
207.0000 -0.8142
208.0000 -0.7441
209.0000 -0.6939
210.0000 -0.6588
211.0000 -0.6350
212.0000 -0.6194
213.0000 -0.6098
214.0000 -0.6041
215.0000 -0.6012
216.0000 -0.6002
217.0000 -0.6003
218.0000 -0.6010
219.0000 -0.6020
220.0000 -0.6033
221.0000 -0.6047
222.0000 -0.6059
223.0000 -0.6071
224.0000 -0.6081
225.0000 -0.6090
226.0000 -0.6099
227.0000 -0.6106
228.0000 -0.6112
229.0000 -0.6117
230.0000 -0.6121
231.0000 -0.6125
232.0000 -0.6128
233.0000 -0.6130
234.0000 -0.6132
235.0000 -0.6133
236.0000 -0.6134
237.0000 -0.6135
238.0000 -0.6137
239.0000 -0.6137
240.0000 -0.6137
241.0000 -0.6136
242.0000 -0.6134
243.0000 -0.6129
244.0000 -0.6124
245.0000 -0.6116
246.0000 -0.6107
247.0000 -0.6099
248.0000 -0.6090
249.0000 -0.6080
250.0000 -0.6071
251.0000 -0.6061
252.0000 -0.6051
253.0000 -0.6040
254.0000 -0.6031
255.0000 -0.6022
256.0000 -0.6013
257.0000 -0.6004
258.0000 -0.5996
259.0000 -0.5987
260.0000 -0.5979
261.0000 -0.5971
262.0000 -0.5964
263.0000 -0.5958
264.0000 -0.5952
265.0000 -0.5947
266.0000 -0.5942
267.0000 -0.5938
268.0000 -0.5934
269.0000 -0.5931
270.0000 -0.5928
271.0000 -0.5926
272.0000 -0.5925
273.0000 -0.5925
274.0000 -0.5926
275.0000 -0.5927
276.0000 -0.5929
277.0000 -0.5933
278.0000 -0.5937
279.0000 -0.5944
280.0000 -0.5952
281.0000 -0.5953
282.0000 -0.5954
283.0000 -0.5957
284.0000 -0.5963
285.0000 -0.5971
286.0000 -0.5980
287.0000 -0.5987
288.0000 -0.5993
289.0000 -0.5998
290.0000 -0.6002
291.0000 -0.6004
292.0000 -0.6007
293.0000 -0.6008
294.0000 -0.6009
295.0000 -0.6010
296.0000 -0.6011
297.0000 -0.6012
298.0000 -0.6012
299.0000 -0.6013
300.0000 -0.6013
301.0000 -0.6014
302.0000 -0.6014
303.0000 -0.6015
304.0000 -0.6015
305.0000 -0.6016
306.0000 -0.6016
307.0000 -0.6017
308.0000 -0.6017
309.0000 -0.6018
310.0000 -0.6018
311.0000 -0.6019
312.0000 -0.6019
313.0000 -0.6020
314.0000 -0.6020
315.0000 -0.6021
316.0000 -0.6021
317.0000 -0.6021
318.0000 -0.6022
319.0000 -0.6022
320.0000 -0.6023
321.0000 -0.6023
322.0000 -0.6023
323.0000 -0.6024
324.0000 -0.6024
325.0000 -0.6024
326.0000 -0.6025
327.0000 -0.6025
328.0000 -0.6025
329.0000 -0.6026
330.0000 -0.6026
331.0000 -0.6026
332.0000 -0.6026
333.0000 -0.6027
334.0000 -0.6027
335.0000 -0.6027
336.0000 -0.6027
337.0000 -0.6028
338.0000 -0.6028
339.0000 -0.6028
340.0000 -0.6028
341.0000 -0.6028
342.0000 -0.6029
343.0000 -0.6029
344.0000 -0.6029
345.0000 -0.6029
346.0000 -0.6029
347.0000 -0.6029
348.0000 -0.6029
349.0000 -0.6030
350.0000 -0.6030
351.0000 -0.6030
352.0000 -0.6030
353.0000 -0.6030
354.0000 -0.6030
355.0000 -0.6030
356.0000 -0.6030
357.0000 -0.6030
358.0000 -0.6030
359.0000 -0.6030
360.0000 -0.6030
361.0000 -0.6030
362.0000 -0.6030
363.0000 -0.6030
364.0000 -0.6030
365.0000 -0.6030
366.0000 -0.6030
367.0000 -0.6030
368.0000 -0.6030
369.0000 -0.6030
370.0000 -0.6030
371.0000 -0.6030
372.0000 -0.6030
373.0000 -0.6030
374.0000 -0.6030
375.0000 -0.6031
376.0000 -0.6031
377.0000 -0.6031
378.0000 -0.6031
379.0000 -0.6031
380.0000 -0.6031
381.0000 -0.6031
382.0000 -0.6031
383.0000 -0.6031
384.0000 -0.6031
385.0000 -0.6031
386.0000 -0.6031
387.0000 -0.6031
388.0000 -0.6031
389.0000 -0.6031
390.0000 -0.6031
391.0000 -0.6031
392.0000 -0.6031
393.0000 -0.6031
394.0000 -0.6031
395.0000 -0.6031
396.0000 -0.6031
397.0000 -0.6032
398.0000 -0.6032
399.0000 -0.6032
400.0000 -0.6032
401.0000 -0.6032
402.0000 -0.6032
403.0000 -0.6032
404.0000 -0.6032
405.0000 -0.6032
406.0000 -0.6032
407.0000 -0.6032
408.0000 -0.6032
409.0000 -0.6032
410.0000 -0.6032
411.0000 -0.6032
412.0000 -0.6032
413.0000 -0.6032
414.0000 -0.6032
415.0000 -0.6032
416.0000 -0.6032
417.0000 -0.6032
418.0000 -0.6032
419.0000 -0.6032
420.0000 -0.6032
421.0000 -0.6032
422.0000 -0.6032
423.0000 -0.6032
424.0000 -0.6032
425.0000 -0.6032
426.0000 -0.6032
427.0000 -0.6032
428.0000 -0.6032
429.0000 -0.6032
430.0000 -0.6032
431.0000 -0.6032
432.0000 -0.6032
433.0000 -0.6032
434.0000 -0.6032
435.0000 -0.6032
436.0000 -0.6032
437.0000 -0.6032
438.0000 -0.6032
439.0000 -0.6032
440.0000 -0.6032
441.0000 -0.6032
442.0000 -0.6032
443.0000 -0.6032
444.0000 -0.6032
445.0000 -0.6032
446.0000 -0.6032
447.0000 -0.6032
448.0000 -0.6032
449.0000 -0.6032
450.0000 -0.6032
451.0000 -0.6033
452.0000 -0.6033
453.0000 -0.6033
454.0000 -0.6033
455.0000 -0.6033
456.0000 -0.6033
457.0000 -0.6033
458.0000 -0.6033
459.0000 -0.6033
460.0000 -0.6033
461.0000 -0.6033
462.0000 -0.6033
463.0000 -0.6033
464.0000 -0.6033
465.0000 -0.6033
466.0000 -0.6033
467.0000 -0.6033
468.0000 -0.6033
469.0000 -0.6033
470.0000 -0.6033
471.0000 -0.6033
472.0000 -0.6033
473.0000 -0.6033
474.0000 -0.6033
475.0000 -0.6033
476.0000 -0.6033
477.0000 -0.6033
478.0000 -0.6033
479.0000 -0.6033
480.0000 -0.6033
481.0000 -0.6033
482.0000 -0.6033
483.0000 -0.6033
484.0000 -0.6033
485.0000 -0.6033
486.0000 -0.6033
487.0000 -0.6033
488.0000 -0.6033
489.0000 -0.6033
490.0000 -0.6033
491.0000 -0.6033
492.0000 -0.6033
493.0000 -0.6033
494.0000 -0.6033
495.0000 -0.6033
496.0000 -0.6033
497.0000 -0.6033
498.0000 -0.6033
499.0000 -0.6033
500.0000 1.2047
501.0000 1.5564
502.0000 1.4237
503.0000 1.1949
504.0000 0.9919
505.0000 0.8361
506.0000 0.7211
507.0000 0.6369
508.0000 0.5757
509.0000 0.5317
510.0000 0.5010
511.0000 0.4801
512.0000 0.4666
513.0000 0.4581
514.0000 0.4532
515.0000 0.4506
516.0000 0.4497
517.0000 0.4498
518.0000 0.4504
519.0000 0.4513
520.0000 0.4524
521.0000 0.4536
522.0000 0.4547
523.0000 0.4557
524.0000 0.4566
525.0000 0.4575
526.0000 0.4582
527.0000 0.4588
528.0000 0.4593
529.0000 0.4598
530.0000 0.4602
531.0000 0.4605
532.0000 0.4608
533.0000 0.4609
534.0000 0.4611
535.0000 0.4612
536.0000 0.4613
537.0000 0.4614
538.0000 0.4615
539.0000 0.4615
540.0000 0.4616
541.0000 0.4615
542.0000 0.4613
543.0000 0.4609
544.0000 0.4604
545.0000 0.4597
546.0000 0.4590
547.0000 0.4583
548.0000 0.4574
549.0000 0.4566
550.0000 0.4558
551.0000 0.4549
552.0000 0.4540
553.0000 0.4531
554.0000 0.4523
555.0000 0.4515
556.0000 0.4507
557.0000 0.4499
558.0000 0.4492
559.0000 0.4485
560.0000 0.4478
561.0000 0.4471
562.0000 0.4464
563.0000 0.4459
564.0000 0.4454
565.0000 0.4449
566.0000 0.4445
567.0000 0.4441
568.0000 0.4438
569.0000 0.4435
570.0000 0.4433
571.0000 0.4431
572.0000 0.4430
573.0000 0.4430
574.0000 0.4431
575.0000 0.4432
576.0000 0.4434
577.0000 0.4437
578.0000 0.4441
579.0000 0.4447
580.0000 0.4454
581.0000 0.4455
582.0000 0.4455
583.0000 0.4458
584.0000 0.4464
585.0000 0.4471
586.0000 0.4478
587.0000 0.4485
588.0000 0.4490
589.0000 0.4494
590.0000 0.4497
591.0000 0.4500
592.0000 0.4502
593.0000 0.4503
594.0000 0.4504
595.0000 0.4505
596.0000 0.4506
597.0000 0.4506
598.0000 0.4507
599.0000 0.4507
600.0000 0.4508
601.0000 0.4508
602.0000 0.4508
603.0000 0.4509
604.0000 0.4509
605.0000 0.4510
606.0000 0.4510
607.0000 0.4511
608.0000 0.4511
609.0000 0.4512
610.0000 0.4512
611.0000 0.4512
612.0000 0.4513
613.0000 0.4513
614.0000 0.4514
615.0000 0.4514
616.0000 0.4514
617.0000 0.4515
618.0000 0.4515
619.0000 0.4515
620.0000 0.4516
621.0000 0.4516
622.0000 0.4516
623.0000 0.4517
624.0000 0.4517
625.0000 0.4517
626.0000 0.4517
627.0000 0.4518
628.0000 0.4518
629.0000 0.4518
630.0000 0.4519
631.0000 0.4519
632.0000 0.4519
633.0000 0.4519
634.0000 0.4519
635.0000 0.4520
636.0000 0.4520
637.0000 0.4520
638.0000 0.4520
639.0000 0.4520
640.0000 0.4521
641.0000 0.4521
642.0000 0.4521
643.0000 0.4521
644.0000 0.4521
645.0000 0.4521
646.0000 0.4521
647.0000 0.4522
648.0000 0.4522
649.0000 0.4522
650.0000 0.4522
651.0000 0.4522
652.0000 0.4522
653.0000 0.4522
654.0000 0.4522
655.0000 0.4522
656.0000 0.4522
657.0000 0.4522
658.0000 0.4522
659.0000 0.4522
660.0000 0.4522
661.0000 0.4522
662.0000 0.4522
663.0000 0.4522
664.0000 0.4522
665.0000 0.4522
666.0000 0.4522
667.0000 0.4522
668.0000 0.4522
669.0000 0.4522
670.0000 0.4522
671.0000 0.4522
672.0000 0.4523
673.0000 0.4523
674.0000 0.4523
675.0000 0.4523
676.0000 0.4523
677.0000 0.4523
678.0000 0.4523
679.0000 0.4523
680.0000 0.4523
681.0000 0.4523
682.0000 0.4523
683.0000 0.4523
684.0000 0.4523
685.0000 0.4523
686.0000 0.4523
687.0000 0.4523
688.0000 0.4523
689.0000 0.4523
690.0000 0.4523
691.0000 0.4523
692.0000 0.4523
693.0000 0.4523
694.0000 0.4523
695.0000 0.4523
696.0000 0.4523
697.0000 0.4523
698.0000 0.4524
699.0000 0.4524
700.0000 0.4524
701.0000 0.4524
702.0000 0.4524
703.0000 0.4524
704.0000 0.4524
705.0000 0.4524
706.0000 0.4524
707.0000 0.4524
708.0000 0.4524
709.0000 0.4524
710.0000 0.4524
711.0000 0.4524
712.0000 0.4524
713.0000 0.4524
714.0000 0.4524
715.0000 0.4524
716.0000 0.4524
717.0000 0.4524
718.0000 0.4524
719.0000 0.4524
720.0000 0.4524
721.0000 0.4524
722.0000 0.4524
723.0000 0.4524
724.0000 0.4524
725.0000 0.4524
726.0000 0.4524
727.0000 0.4524
728.0000 0.4524
729.0000 0.4524
730.0000 0.4524
731.0000 0.4524
732.0000 0.4524
733.0000 0.4524
734.0000 0.4524
735.0000 0.4524
736.0000 0.4524
737.0000 0.4524
738.0000 0.4524
739.0000 0.4524
740.0000 0.4524
741.0000 0.4524
742.0000 0.4524
743.0000 0.4524
744.0000 0.4524
745.0000 0.4524
746.0000 0.4524
747.0000 0.4524
748.0000 0.4524
749.0000 0.4524
750.0000 0.4524
751.0000 0.4524
752.0000 0.4524
753.0000 0.4524
754.0000 0.4524
755.0000 0.4524
756.0000 0.4524
757.0000 0.4524
758.0000 0.4524
759.0000 0.4524
760.0000 0.4524
761.0000 0.4524
762.0000 0.4524
763.0000 0.4524
764.0000 0.4524
765.0000 0.4524
766.0000 0.4524
767.0000 0.4524
768.0000 0.4524
769.0000 0.4524
770.0000 0.4524
771.0000 0.4524
772.0000 0.4524
773.0000 0.4524
774.0000 0.4524
775.0000 0.4524
776.0000 0.4524
777.0000 0.4524
778.0000 0.4524
779.0000 0.4524
780.0000 0.4524
781.0000 0.4524
782.0000 0.4524
783.0000 0.4524
784.0000 0.4524
785.0000 0.4524
786.0000 0.4524
787.0000 0.4524
788.0000 0.4524
789.0000 0.4524
790.0000 0.4524
791.0000 0.4524
792.0000 0.4524
793.0000 0.4524
794.0000 0.4524
795.0000 0.4524
796.0000 0.4524
797.0000 0.4524
798.0000 0.4524
799.0000 0.4524
800.0000 -0.3224
801.0000 -0.4731
802.0000 -0.4162
803.0000 -0.3182
804.0000 -0.2312
805.0000 -0.1644
806.0000 -0.1151
807.0000 -0.0791
808.0000 -0.0528
809.0000 -0.0340
810.0000 -0.0208
811.0000 -0.0119
812.0000 -0.0060
813.0000 -0.0024
814.0000 -0.0003
815.0000 0.0008
816.0000 0.0012
817.0000 0.0011
818.0000 0.0009
819.0000 0.0005
820.0000 0.0000
821.0000 -0.0005
822.0000 -0.0010
823.0000 -0.0014
824.0000 -0.0018
825.0000 -0.0021
826.0000 -0.0025
827.0000 -0.0027
828.0000 -0.0029
829.0000 -0.0031
830.0000 -0.0033
831.0000 -0.0034
832.0000 -0.0036
833.0000 -0.0036
834.0000 -0.0037
835.0000 -0.0038
836.0000 -0.0038
837.0000 -0.0038
838.0000 -0.0039
839.0000 -0.0039
840.0000 -0.0039
841.0000 -0.0039
842.0000 -0.0038
843.0000 -0.0036
844.0000 -0.0034
845.0000 -0.0031
846.0000 -0.0028
847.0000 -0.0025
848.0000 -0.0021
849.0000 -0.0018
850.0000 -0.0014
851.0000 -0.0011
852.0000 -0.0007
853.0000 -0.0003
854.0000 0.0001
855.0000 0.0004
856.0000 0.0008
857.0000 0.0011
858.0000 0.0014
859.0000 0.0017
860.0000 0.0020
861.0000 0.0023
862.0000 0.0026
863.0000 0.0028
864.0000 0.0030
865.0000 0.0032
866.0000 0.0034
867.0000 0.0036
868.0000 0.0037
869.0000 0.0038
870.0000 0.0039
871.0000 0.0040
872.0000 0.0040
873.0000 0.0041
874.0000 0.0040
875.0000 0.0040
876.0000 0.0039
877.0000 0.0038
878.0000 0.0036
879.0000 0.0033
880.0000 0.0030
881.0000 0.0030
882.0000 0.0030
883.0000 0.0028
884.0000 0.0026
885.0000 0.0023
886.0000 0.0020
887.0000 0.0017
888.0000 0.0015
889.0000 0.0013
890.0000 0.0012
891.0000 0.0011
892.0000 0.0010
893.0000 0.0009
894.0000 0.0009
895.0000 0.0008
896.0000 0.0008
897.0000 0.0008
898.0000 0.0008
899.0000 0.0007
900.0000 0.0007
901.0000 0.0007
902.0000 0.0007
903.0000 0.0007
904.0000 0.0007
905.0000 0.0006
906.0000 0.0006
907.0000 0.0006
908.0000 0.0006
909.0000 0.0006
910.0000 0.0005
911.0000 0.0005
912.0000 0.0005
913.0000 0.0005
914.0000 0.0005
915.0000 0.0005
916.0000 0.0004
917.0000 0.0004
918.0000 0.0004
919.0000 0.0004
920.0000 0.0004
921.0000 0.0004
922.0000 0.0004
923.0000 0.0003
924.0000 0.0003
925.0000 0.0003
926.0000 0.0003
927.0000 0.0003
928.0000 0.0003
929.0000 0.0003
930.0000 0.0003
931.0000 0.0002
932.0000 0.0002
933.0000 0.0002
934.0000 0.0002
935.0000 0.0002
936.0000 0.0002
937.0000 0.0002
938.0000 0.0002
939.0000 0.0002
940.0000 0.0002
941.0000 0.0002
942.0000 0.0002
943.0000 0.0001
944.0000 0.0001
945.0000 0.0001
946.0000 0.0001
947.0000 0.0001
948.0000 0.0001
949.0000 0.0001
950.0000 0.0001
951.0000 0.0001
952.0000 0.0001
953.0000 0.0001
954.0000 0.0001
955.0000 0.0001
956.0000 0.0001
957.0000 0.0001
958.0000 0.0001
959.0000 0.0001
960.0000 0.0001
961.0000 0.0001
962.0000 0.0001
963.0000 0.0001
964.0000 0.0001
965.0000 0.0001
966.0000 0.0001
967.0000 0.0001
968.0000 0.0001
969.0000 0.0001
970.0000 0.0001
971.0000 0.0001
972.0000 0.0001
973.0000 0.0001
974.0000 0.0001
975.0000 0.0001
976.0000 0.0001
977.0000 0.0001
978.0000 0.0001
979.0000 0.0001
980.0000 0.0001
981.0000 0.0001
982.0000 0.0001
983.0000 0.0001
984.0000 0.0001
985.0000 0.0001
986.0000 0.0001
987.0000 0.0001
988.0000 0.0001
989.0000 0.0001
990.0000 0.0001
991.0000 0.0001
992.0000 0.0001
993.0000 0.0001
994.0000 0.0000
995.0000 0.0000
996.0000 0.0000
997.0000 0.0000
998.0000 0.0000
999.0000 0.0000
1000.0000 0.0000
1001.0000 0.0000
1002.0000 0.0000
1003.0000 0.0000
1004.0000 0.0000
1005.0000 0.0000
1006.0000 0.0000
1007.0000 0.0000
1008.0000 0.0000
1009.0000 0.0000
1010.0000 0.0000
1011.0000 0.0000
1012.0000 0.0000
1013.0000 0.0000
1014.0000 0.0000
1015.0000 0.0000
1016.0000 0.0000
1017.0000 0.0000
1018.0000 0.0000
1019.0000 0.0000
1020.0000 0.0000
1021.0000 0.0000
1022.0000 0.0000
1023.0000 0.0000
1024.0000 0.0000
1025.0000 0.0000
1026.0000 0.0000
1027.0000 0.0000
1028.0000 0.0000
1029.0000 0.0000
1030.0000 0.0000
1031.0000 0.0000
1032.0000 0.0000
1033.0000 0.0000
1034.0000 0.0000
1035.0000 0.0000
1036.0000 0.0000
1037.0000 0.0000
1038.0000 0.0000
1039.0000 0.0000
1040.0000 0.0000
1041.0000 0.0000
1042.0000 0.0000
1043.0000 0.0000
1044.0000 0.0000
1045.0000 0.0000
1046.0000 0.0000
1047.0000 0.0000
1048.0000 0.0000
1049.0000 0.0000
1050.0000 0.0000
1051.0000 0.0000
1052.0000 0.0000
1053.0000 0.0000
1054.0000 0.0000
1055.0000 0.0000
1056.0000 0.0000
1057.0000 0.0000
1058.0000 0.0000
1059.0000 0.0000
1060.0000 0.0000
1061.0000 0.0000
1062.0000 0.0000
1063.0000 0.0000
1064.0000 0.0000
1065.0000 0.0000
1066.0000 0.0000
1067.0000 0.0000
1068.0000 0.0000
1069.0000 0.0000
1070.0000 0.0000
1071.0000 0.0000
1072.0000 0.0000
1073.0000 0.0000
1074.0000 0.0000
1075.0000 0.0000
1076.0000 0.0000
1077.0000 0.0000
1078.0000 0.0000
1079.0000 0.0000
1080.0000 0.0000
1081.0000 0.0000
1082.0000 0.0000
1083.0000 0.0000
1084.0000 0.0000
1085.0000 0.0000
1086.0000 0.0000
1087.0000 0.0000
1088.0000 0.0000
1089.0000 0.0000
1090.0000 0.0000
1091.0000 0.0000
1092.0000 0.0000
1093.0000 0.0000
1094.0000 0.0000
1095.0000 0.0000
1096.0000 0.0000
1097.0000 0.0000
1098.0000 0.0000
1099.0000 0.0000
1100.0000 0.0000
