1.0000 0.0000
2.0000 0.0000
3.0000 0.0000
4.0000 0.0000
5.0000 0.0000
6.0000 0.0000
7.0000 0.0000
8.0000 0.0000
9.0000 0.0000
10.0000 1.5284
11.0000 -0.2186
12.0000 -0.1887
13.0000 0.0879
14.0000 0.2228
15.0000 0.2445
16.0000 0.2151
17.0000 0.1760
18.0000 0.1419
19.0000 0.1193
20.0000 0.1046
21.0000 0.0964
22.0000 0.0926
23.0000 0.0908
24.0000 0.0892
25.0000 0.0893
26.0000 0.0896
27.0000 0.0898
28.0000 0.0899
29.0000 0.0900
30.0000 0.0904
31.0000 0.0912
32.0000 0.0902
33.0000 0.0907
34.0000 0.0908
35.0000 0.0900
36.0000 0.0910
37.0000 0.0901
38.0000 0.0901
39.0000 0.0901
40.0000 0.0901
41.0000 0.0910
42.0000 0.0898
43.0000 0.0898
44.0000 0.0896
45.0000 0.0898
46.0000 0.0896
47.0000 0.0897
48.0000 0.0900
49.0000 0.0892
50.0000 0.0895
51.0000 0.0895
52.0000 0.0898
53.0000 0.0891
54.0000 0.0903
55.0000 0.0897
56.0000 0.0897
57.0000 0.0899
58.0000 0.0902
59.0000 0.0905
60.0000 0.0909
61.0000 0.0904
62.0000 0.0900
63.0000 0.0914
64.0000 0.0914
65.0000 0.0908
66.0000 0.0913
67.0000 0.0917
68.0000 0.0914
69.0000 0.0920
70.0000 0.0922
71.0000 0.0921
72.0000 0.0919
73.0000 0.0922
74.0000 0.0930
75.0000 0.0934
76.0000 0.0924
77.0000 0.0925
78.0000 0.0926
79.0000 0.0928
80.0000 0.0929
81.0000 0.0932
82.0000 0.0920
83.0000 0.0927
84.0000 0.0926
85.0000 0.0922
86.0000 0.0926
87.0000 0.0932
88.0000 0.0931
89.0000 0.0932
90.0000 0.0924
91.0000 0.0942
92.0000 0.0952
93.0000 0.0948
94.0000 0.0941
95.0000 0.0937
96.0000 0.0937
97.0000 0.0939
98.0000 0.0942
99.0000 0.0946
100.0000 0.0948
101.0000 0.0950
102.0000 0.0952
103.0000 0.0952
104.0000 0.0953
105.0000 0.0953
106.0000 0.0953
107.0000 0.0953
108.0000 0.0953
109.0000 0.0953
110.0000 0.0953
111.0000 0.0953
112.0000 0.0953
113.0000 0.0953
114.0000 0.0952
115.0000 0.0952
116.0000 0.0952
117.0000 0.0952
118.0000 0.0952
119.0000 0.0952
120.0000 0.0952
121.0000 0.0951
122.0000 0.0951
123.0000 0.0951
124.0000 0.0951
125.0000 0.0951
126.0000 0.0951
127.0000 0.0951
128.0000 0.0951
129.0000 0.0951
130.0000 0.0951
131.0000 0.0951
132.0000 0.0950
133.0000 0.0950
134.0000 0.0950
135.0000 0.0950
136.0000 0.0950
137.0000 0.0950
138.0000 0.0950
139.0000 0.0950
140.0000 0.0950
141.0000 0.0950
142.0000 0.0950
143.0000 0.0950
144.0000 0.0950
145.0000 0.0950
146.0000 0.0950
147.0000 0.0950
148.0000 0.0950
149.0000 0.0950
150.0000 0.0950
151.0000 0.0950
152.0000 0.0951
153.0000 0.0951
154.0000 0.0951
155.0000 0.0951
156.0000 0.0951
157.0000 0.0951
158.0000 0.0951
159.0000 0.0951
160.0000 0.0951
161.0000 0.0951
162.0000 0.0951
163.0000 0.0951
164.0000 0.0951
165.0000 0.0951
166.0000 0.0951
167.0000 0.0951
168.0000 0.0951
169.0000 0.0951
170.0000 0.0951
171.0000 0.0951
172.0000 0.0951
173.0000 0.0951
174.0000 0.0951
175.0000 0.0951
176.0000 0.0951
177.0000 0.0951
178.0000 0.0951
179.0000 0.0951
180.0000 0.0951
181.0000 0.0951
182.0000 0.0951
183.0000 0.0951
184.0000 0.0951
185.0000 0.0952
186.0000 0.0952
187.0000 0.0952
188.0000 0.0952
189.0000 0.0952
190.0000 0.0952
191.0000 0.0952
192.0000 0.0952
193.0000 0.0952
194.0000 0.0952
195.0000 0.0952
196.0000 0.0952
197.0000 0.0952
198.0000 0.0952
199.0000 0.0952
200.0000 -2.9617
201.0000 0.5324
202.0000 0.4726
203.0000 -0.0806
204.0000 -0.3505
205.0000 -0.3939
206.0000 -0.3350
207.0000 -0.2568
208.0000 -0.1887
209.0000 -0.1434
210.0000 -0.1139
211.0000 -0.0976
212.0000 -0.0901
213.0000 -0.0863
214.0000 -0.0832
215.0000 -0.0834
216.0000 -0.0839
217.0000 -0.0844
218.0000 -0.0846
219.0000 -0.0849
220.0000 -0.0856
221.0000 -0.0871
222.0000 -0.0852
223.0000 -0.0862
224.0000 -0.0864
225.0000 -0.0848
226.0000 -0.0868
227.0000 -0.0851
228.0000 -0.0851
229.0000 -0.0849
230.0000 -0.0851
231.0000 -0.0868
232.0000 -0.0843
233.0000 -0.0843
234.0000 -0.0840
235.0000 -0.0844
236.0000 -0.0840
237.0000 -0.0842
238.0000 -0.0848
239.0000 -0.0831
240.0000 -0.0838
241.0000 -0.0838
242.0000 -0.0844
243.0000 -0.0830
244.0000 -0.0855
245.0000 -0.0841
246.0000 -0.0843
247.0000 -0.0845
248.0000 -0.0852
249.0000 -0.0859
250.0000 -0.0866
251.0000 -0.0856
252.0000 -0.0849
253.0000 -0.0875
254.0000 -0.0876
255.0000 -0.0864
256.0000 -0.0873
257.0000 -0.0881
258.0000 -0.0877
259.0000 -0.0888
260.0000 -0.0891
261.0000 -0.0889
262.0000 -0.0887
263.0000 -0.0892
264.0000 -0.0907
265.0000 -0.0916
266.0000 -0.0895
267.0000 -0.0898
268.0000 -0.0900
269.0000 -0.0905
270.0000 -0.0906
271.0000 -0.0911
272.0000 -0.0888
273.0000 -0.0903
274.0000 -0.0900
275.0000 -0.0892
276.0000 -0.0901
277.0000 -0.0912
278.0000 -0.0909
279.0000 -0.0913
280.0000 -0.0897
281.0000 -0.0933
282.0000 -0.0952
283.0000 -0.0944
284.0000 -0.0929
285.0000 -0.0921
286.0000 -0.0921
287.0000 -0.0926
288.0000 -0.0932
289.0000 -0.0939
290.0000 -0.0944
291.0000 -0.0948
292.0000 -0.0951
293.0000 -0.0953
294.0000 -0.0954
295.0000 -0.0954
296.0000 -0.0954
297.0000 -0.0954
298.0000 -0.0954
299.0000 -0.0954
300.0000 -0.0954
301.0000 -0.0953
302.0000 -0.0953
303.0000 -0.0953
304.0000 -0.0953
305.0000 -0.0952
306.0000 -0.0952
307.0000 -0.0952
308.0000 -0.0951
309.0000 -0.0951
310.0000 -0.0951
311.0000 -0.0951
312.0000 -0.0950
313.0000 -0.0950
314.0000 -0.0950
315.0000 -0.0950
316.0000 -0.0950
317.0000 -0.0949
318.0000 -0.0949
319.0000 -0.0949
320.0000 -0.0949
321.0000 -0.0949
322.0000 -0.0949
323.0000 -0.0949
324.0000 -0.0949
325.0000 -0.0948
326.0000 -0.0948
327.0000 -0.0948
328.0000 -0.0948
329.0000 -0.0948
330.0000 -0.0948
331.0000 -0.0948
332.0000 -0.0948
333.0000 -0.0948
334.0000 -0.0948
335.0000 -0.0948
336.0000 -0.0948
337.0000 -0.0949
338.0000 -0.0949
339.0000 -0.0949
340.0000 -0.0949
341.0000 -0.0949
342.0000 -0.0949
343.0000 -0.0949
344.0000 -0.0949
345.0000 -0.0949
346.0000 -0.0949
347.0000 -0.0949
348.0000 -0.0949
349.0000 -0.0950
350.0000 -0.0950
351.0000 -0.0950
352.0000 -0.0950
353.0000 -0.0950
354.0000 -0.0950
355.0000 -0.0950
356.0000 -0.0950
357.0000 -0.0950
358.0000 -0.0950
359.0000 -0.0950
360.0000 -0.0950
361.0000 -0.0950
362.0000 -0.0950
363.0000 -0.0950
364.0000 -0.0950
365.0000 -0.0950
366.0000 -0.0951
367.0000 -0.0951
368.0000 -0.0951
369.0000 -0.0951
370.0000 -0.0951
371.0000 -0.0951
372.0000 -0.0951
373.0000 -0.0951
374.0000 -0.0951
375.0000 -0.0951
376.0000 -0.0951
377.0000 -0.0951
378.0000 -0.0951
379.0000 -0.0951
380.0000 -0.0951
381.0000 -0.0951
382.0000 -0.0951
383.0000 -0.0951
384.0000 -0.0951
385.0000 -0.0951
386.0000 -0.0951
387.0000 -0.0951
388.0000 -0.0951
389.0000 -0.0951
390.0000 -0.0951
391.0000 -0.0952
392.0000 -0.0952
393.0000 -0.0952
394.0000 -0.0952
395.0000 -0.0952
396.0000 -0.0952
397.0000 -0.0952
398.0000 -0.0952
399.0000 -0.0952
400.0000 -0.0952
401.0000 -0.0952
402.0000 -0.0952
403.0000 -0.0952
404.0000 -0.0952
405.0000 -0.0952
406.0000 -0.0952
407.0000 -0.0952
408.0000 -0.0952
409.0000 -0.0952
410.0000 -0.0952
411.0000 -0.0952
412.0000 -0.0952
413.0000 -0.0952
414.0000 -0.0952
415.0000 -0.0952
416.0000 -0.0952
417.0000 -0.0952
418.0000 -0.0952
419.0000 -0.0952
420.0000 -0.0952
421.0000 -0.0952
422.0000 -0.0952
423.0000 -0.0952
424.0000 -0.0952
425.0000 -0.0952
426.0000 -0.0952
427.0000 -0.0952
428.0000 -0.0952
429.0000 -0.0952
430.0000 -0.0952
431.0000 -0.0952
432.0000 -0.0952
433.0000 -0.0952
434.0000 -0.0952
435.0000 -0.0952
436.0000 -0.0952
437.0000 -0.0952
438.0000 -0.0952
439.0000 -0.0952
440.0000 -0.0952
441.0000 -0.0952
442.0000 -0.0952
443.0000 -0.0952
444.0000 -0.0952
445.0000 -0.0952
446.0000 -0.0952
447.0000 -0.0952
448.0000 -0.0952
449.0000 -0.0952
450.0000 -0.0952
451.0000 -0.0952
452.0000 -0.0952
453.0000 -0.0952
454.0000 -0.0952
455.0000 -0.0952
456.0000 -0.0952
457.0000 -0.0952
458.0000 -0.0952
459.0000 -0.0952
460.0000 -0.0952
461.0000 -0.0952
462.0000 -0.0952
463.0000 -0.0952
464.0000 -0.0952
465.0000 -0.0952
466.0000 -0.0952
467.0000 -0.0952
468.0000 -0.0952
469.0000 -0.0952
470.0000 -0.0952
471.0000 -0.0952
472.0000 -0.0952
473.0000 -0.0952
474.0000 -0.0952
475.0000 -0.0952
476.0000 -0.0952
477.0000 -0.0952
478.0000 -0.0952
479.0000 -0.0952
480.0000 -0.0952
481.0000 -0.0952
482.0000 -0.0952
483.0000 -0.0952
484.0000 -0.0952
485.0000 -0.0952
486.0000 -0.0952
487.0000 -0.0952
488.0000 -0.0952
489.0000 -0.0952
490.0000 -0.0952
491.0000 -0.0952
492.0000 -0.0952
493.0000 -0.0952
494.0000 -0.0952
495.0000 -0.0952
496.0000 -0.0952
497.0000 -0.0952
498.0000 -0.0952
499.0000 -0.0952
500.0000 2.5795
501.0000 -0.4778
502.0000 -0.4255
503.0000 0.0586
504.0000 0.2948
505.0000 0.3327
506.0000 0.2812
507.0000 0.2128
508.0000 0.1532
509.0000 0.1136
510.0000 0.0878
511.0000 0.0735
512.0000 0.0669
513.0000 0.0636
514.0000 0.0609
515.0000 0.0611
516.0000 0.0615
517.0000 0.0620
518.0000 0.0621
519.0000 0.0623
520.0000 0.0630
521.0000 0.0643
522.0000 0.0626
523.0000 0.0635
524.0000 0.0637
525.0000 0.0623
526.0000 0.0641
527.0000 0.0625
528.0000 0.0625
529.0000 0.0624
530.0000 0.0625
531.0000 0.0640
532.0000 0.0619
533.0000 0.0619
534.0000 0.0616
535.0000 0.0619
536.0000 0.0616
537.0000 0.0617
538.0000 0.0623
539.0000 0.0608
540.0000 0.0614
541.0000 0.0614
542.0000 0.0619
543.0000 0.0607
544.0000 0.0629
545.0000 0.0617
546.0000 0.0618
547.0000 0.0621
548.0000 0.0626
549.0000 0.0632
550.0000 0.0639
551.0000 0.0630
552.0000 0.0624
553.0000 0.0647
554.0000 0.0648
555.0000 0.0637
556.0000 0.0645
557.0000 0.0652
558.0000 0.0648
559.0000 0.0658
560.0000 0.0661
561.0000 0.0659
562.0000 0.0657
563.0000 0.0661
564.0000 0.0675
565.0000 0.0682
566.0000 0.0664
567.0000 0.0667
568.0000 0.0668
569.0000 0.0673
570.0000 0.0674
571.0000 0.0678
572.0000 0.0658
573.0000 0.0671
574.0000 0.0669
575.0000 0.0661
576.0000 0.0669
577.0000 0.0679
578.0000 0.0677
579.0000 0.0680
580.0000 0.0665
581.0000 0.0697
582.0000 0.0714
583.0000 0.0707
584.0000 0.0694
585.0000 0.0687
586.0000 0.0687
587.0000 0.0691
588.0000 0.0697
589.0000 0.0703
590.0000 0.0707
591.0000 0.0711
592.0000 0.0713
593.0000 0.0714
594.0000 0.0715
595.0000 0.0716
596.0000 0.0716
597.0000 0.0716
598.0000 0.0716
599.0000 0.0716
600.0000 0.0716
601.0000 0.0715
602.0000 0.0715
603.0000 0.0715
604.0000 0.0715
605.0000 0.0714
606.0000 0.0714
607.0000 0.0714
608.0000 0.0713
609.0000 0.0713
610.0000 0.0713
611.0000 0.0713
612.0000 0.0713
613.0000 0.0712
614.0000 0.0712
615.0000 0.0712
616.0000 0.0712
617.0000 0.0712
618.0000 0.0712
619.0000 0.0711
620.0000 0.0711
621.0000 0.0711
622.0000 0.0711
623.0000 0.0711
624.0000 0.0711
625.0000 0.0711
626.0000 0.0711
627.0000 0.0711
628.0000 0.0711
629.0000 0.0711
630.0000 0.0711
631.0000 0.0711
632.0000 0.0711
633.0000 0.0711
634.0000 0.0711
635.0000 0.0711
636.0000 0.0711
637.0000 0.0711
638.0000 0.0711
639.0000 0.0711
640.0000 0.0711
641.0000 0.0711
642.0000 0.0711
643.0000 0.0711
644.0000 0.0711
645.0000 0.0712
646.0000 0.0712
647.0000 0.0712
648.0000 0.0712
649.0000 0.0712
650.0000 0.0712
651.0000 0.0712
652.0000 0.0712
653.0000 0.0712
654.0000 0.0712
655.0000 0.0712
656.0000 0.0712
657.0000 0.0712
658.0000 0.0712
659.0000 0.0712
660.0000 0.0712
661.0000 0.0712
662.0000 0.0712
663.0000 0.0712
664.0000 0.0713
665.0000 0.0713
666.0000 0.0713
667.0000 0.0713
668.0000 0.0713
669.0000 0.0713
670.0000 0.0713
671.0000 0.0713
672.0000 0.0713
673.0000 0.0713
674.0000 0.0713
675.0000 0.0713
676.0000 0.0713
677.0000 0.0713
678.0000 0.0713
679.0000 0.0713
680.0000 0.0713
681.0000 0.0713
682.0000 0.0713
683.0000 0.0713
684.0000 0.0713
685.0000 0.0713
686.0000 0.0713
687.0000 0.0713
688.0000 0.0713
689.0000 0.0713
690.0000 0.0714
691.0000 0.0714
692.0000 0.0714
693.0000 0.0714
694.0000 0.0714
695.0000 0.0714
696.0000 0.0714
697.0000 0.0714
698.0000 0.0714
699.0000 0.0714
700.0000 0.0714
701.0000 0.0714
702.0000 0.0714
703.0000 0.0714
704.0000 0.0714
705.0000 0.0714
706.0000 0.0714
707.0000 0.0714
708.0000 0.0714
709.0000 0.0714
710.0000 0.0714
711.0000 0.0714
712.0000 0.0714
713.0000 0.0714
714.0000 0.0714
715.0000 0.0714
716.0000 0.0714
717.0000 0.0714
718.0000 0.0714
719.0000 0.0714
720.0000 0.0714
721.0000 0.0714
722.0000 0.0714
723.0000 0.0714
724.0000 0.0714
725.0000 0.0714
726.0000 0.0714
727.0000 0.0714
728.0000 0.0714
729.0000 0.0714
730.0000 0.0714
731.0000 0.0714
732.0000 0.0714
733.0000 0.0714
734.0000 0.0714
735.0000 0.0714
736.0000 0.0714
737.0000 0.0714
738.0000 0.0714
739.0000 0.0714
740.0000 0.0714
741.0000 0.0714
742.0000 0.0714
743.0000 0.0714
744.0000 0.0714
745.0000 0.0714
746.0000 0.0714
747.0000 0.0714
748.0000 0.0714
749.0000 0.0714
750.0000 0.0714
751.0000 0.0714
752.0000 0.0714
753.0000 0.0714
754.0000 0.0714
755.0000 0.0714
756.0000 0.0714
757.0000 0.0714
758.0000 0.0714
759.0000 0.0714
760.0000 0.0714
761.0000 0.0714
762.0000 0.0714
763.0000 0.0714
764.0000 0.0714
765.0000 0.0714
766.0000 0.0714
767.0000 0.0714
768.0000 0.0714
769.0000 0.0714
770.0000 0.0714
771.0000 0.0714
772.0000 0.0714
773.0000 0.0714
774.0000 0.0714
775.0000 0.0714
776.0000 0.0714
777.0000 0.0714
778.0000 0.0714
779.0000 0.0714
780.0000 0.0714
781.0000 0.0714
782.0000 0.0714
783.0000 0.0714
784.0000 0.0714
785.0000 0.0714
786.0000 0.0714
787.0000 0.0714
788.0000 0.0714
789.0000 0.0714
790.0000 0.0714
791.0000 0.0714
792.0000 0.0714
793.0000 0.0714
794.0000 0.0714
795.0000 0.0714
796.0000 0.0714
797.0000 0.0714
798.0000 0.0714
799.0000 0.0714
800.0000 -1.0749
801.0000 0.2354
802.0000 0.2129
803.0000 0.0055
804.0000 -0.0957
805.0000 -0.1120
806.0000 -0.0899
807.0000 -0.0606
808.0000 -0.0350
809.0000 -0.0181
810.0000 -0.0070
811.0000 -0.0009
812.0000 0.0019
813.0000 0.0033
814.0000 0.0045
815.0000 0.0044
816.0000 0.0042
817.0000 0.0041
818.0000 0.0040
819.0000 0.0039
820.0000 0.0036
821.0000 0.0030
822.0000 0.0038
823.0000 0.0034
824.0000 0.0033
825.0000 0.0039
826.0000 0.0031
827.0000 0.0038
828.0000 0.0038
829.0000 0.0039
830.0000 0.0038
831.0000 0.0032
832.0000 0.0041
833.0000 0.0041
834.0000 0.0042
835.0000 0.0041
836.0000 0.0042
837.0000 0.0041
838.0000 0.0039
839.0000 0.0045
840.0000 0.0043
841.0000 0.0043
842.0000 0.0041
843.0000 0.0046
844.0000 0.0037
845.0000 0.0042
846.0000 0.0041
847.0000 0.0040
848.0000 0.0038
849.0000 0.0035
850.0000 0.0032
851.0000 0.0036
852.0000 0.0039
853.0000 0.0029
854.0000 0.0028
855.0000 0.0033
856.0000 0.0030
857.0000 0.0027
858.0000 0.0028
859.0000 0.0024
860.0000 0.0023
861.0000 0.0024
862.0000 0.0025
863.0000 0.0023
864.0000 0.0017
865.0000 0.0014
866.0000 0.0021
867.0000 0.0020
868.0000 0.0020
869.0000 0.0018
870.0000 0.0017
871.0000 0.0015
872.0000 0.0024
873.0000 0.0019
874.0000 0.0019
875.0000 0.0023
876.0000 0.0019
877.0000 0.0015
878.0000 0.0016
879.0000 0.0015
880.0000 0.0021
881.0000 0.0007
882.0000 -0.0000
883.0000 0.0003
884.0000 0.0009
885.0000 0.0012
886.0000 0.0012
887.0000 0.0010
888.0000 0.0007
889.0000 0.0005
890.0000 0.0003
891.0000 0.0001
892.0000 0.0000
893.0000 -0.0000
894.0000 -0.0001
895.0000 -0.0001
896.0000 -0.0001
897.0000 -0.0001
898.0000 -0.0001
899.0000 -0.0001
900.0000 -0.0001
901.0000 -0.0000
902.0000 -0.0000
903.0000 -0.0000
904.0000 -0.0000
905.0000 -0.0000
906.0000 0.0000
907.0000 0.0000
908.0000 0.0000
909.0000 0.0000
910.0000 0.0000
911.0000 0.0001
912.0000 0.0001
913.0000 0.0001
914.0000 0.0001
915.0000 0.0001
916.0000 0.0001
917.0000 0.0001
918.0000 0.0001
919.0000 0.0001
920.0000 0.0001
921.0000 0.0001
922.0000 0.0001
923.0000 0.0001
924.0000 0.0001
925.0000 0.0001
926.0000 0.0001
927.0000 0.0001
928.0000 0.0001
929.0000 0.0001
930.0000 0.0001
931.0000 0.0001
932.0000 0.0001
933.0000 0.0001
934.0000 0.0001
935.0000 0.0001
936.0000 0.0001
937.0000 0.0001
938.0000 0.0001
939.0000 0.0001
940.0000 0.0001
941.0000 0.0001
942.0000 0.0001
943.0000 0.0001
944.0000 0.0001
945.0000 0.0001
946.0000 0.0001
947.0000 0.0001
948.0000 0.0001
949.0000 0.0001
950.0000 0.0001
951.0000 0.0001
952.0000 0.0001
953.0000 0.0001
954.0000 0.0001
955.0000 0.0001
956.0000 0.0001
957.0000 0.0001
958.0000 0.0001
959.0000 0.0001
960.0000 0.0001
961.0000 0.0001
962.0000 0.0001
963.0000 0.0001
964.0000 0.0001
965.0000 0.0001
966.0000 0.0001
967.0000 0.0001
968.0000 0.0001
969.0000 0.0001
970.0000 0.0001
971.0000 0.0001
972.0000 0.0001
973.0000 0.0001
974.0000 0.0000
975.0000 0.0000
976.0000 0.0000
977.0000 0.0000
978.0000 0.0000
979.0000 0.0000
980.0000 0.0000
981.0000 0.0000
982.0000 0.0000
983.0000 0.0000
984.0000 0.0000
985.0000 0.0000
986.0000 0.0000
987.0000 0.0000
988.0000 0.0000
989.0000 0.0000
990.0000 0.0000
991.0000 0.0000
992.0000 0.0000
993.0000 0.0000
994.0000 0.0000
995.0000 0.0000
996.0000 0.0000
997.0000 0.0000
998.0000 0.0000
999.0000 0.0000
1000.0000 0.0000
1001.0000 0.0000
1002.0000 0.0000
1003.0000 0.0000
1004.0000 0.0000
1005.0000 0.0000
1006.0000 0.0000
1007.0000 0.0000
1008.0000 0.0000
1009.0000 0.0000
1010.0000 0.0000
1011.0000 0.0000
1012.0000 0.0000
1013.0000 0.0000
1014.0000 0.0000
1015.0000 0.0000
1016.0000 0.0000
1017.0000 0.0000
1018.0000 0.0000
1019.0000 0.0000
1020.0000 0.0000
1021.0000 0.0000
1022.0000 0.0000
1023.0000 0.0000
1024.0000 0.0000
1025.0000 0.0000
1026.0000 0.0000
1027.0000 0.0000
1028.0000 0.0000
1029.0000 0.0000
1030.0000 0.0000
1031.0000 0.0000
1032.0000 0.0000
1033.0000 0.0000
1034.0000 0.0000
1035.0000 0.0000
1036.0000 0.0000
1037.0000 0.0000
1038.0000 0.0000
1039.0000 0.0000
1040.0000 0.0000
1041.0000 0.0000
1042.0000 0.0000
1043.0000 0.0000
1044.0000 0.0000
1045.0000 0.0000
1046.0000 0.0000
1047.0000 0.0000
1048.0000 0.0000
1049.0000 0.0000
1050.0000 0.0000
1051.0000 0.0000
1052.0000 0.0000
1053.0000 0.0000
1054.0000 0.0000
1055.0000 0.0000
1056.0000 0.0000
1057.0000 0.0000
1058.0000 0.0000
1059.0000 0.0000
1060.0000 0.0000
1061.0000 0.0000
1062.0000 0.0000
1063.0000 0.0000
1064.0000 0.0000
1065.0000 0.0000
1066.0000 0.0000
1067.0000 0.0000
1068.0000 0.0000
1069.0000 0.0000
1070.0000 0.0000
1071.0000 0.0000
1072.0000 0.0000
1073.0000 0.0000
1074.0000 0.0000
1075.0000 0.0000
1076.0000 0.0000
1077.0000 0.0000
1078.0000 0.0000
1079.0000 0.0000
1080.0000 0.0000
1081.0000 0.0000
1082.0000 0.0000
1083.0000 0.0000
1084.0000 0.0000
1085.0000 0.0000
1086.0000 0.0000
1087.0000 0.0000
1088.0000 0.0000
1089.0000 0.0000
1090.0000 0.0000
1091.0000 0.0000
1092.0000 0.0000
1093.0000 0.0000
1094.0000 0.0000
1095.0000 0.0000
1096.0000 0.0000
1097.0000 0.0000
1098.0000 0.0000
1099.0000 0.0000
1100.0000 0.0000
