1.0000 0.0000
2.0000 0.0000
3.0000 0.0000
4.0000 0.0000
5.0000 0.0000
6.0000 0.0000
7.0000 0.0000
8.0000 0.0000
9.0000 0.0000
10.0000 0.4324
11.0000 0.4879
12.0000 0.4055
13.0000 0.3027
14.0000 0.2226
15.0000 0.1732
16.0000 0.1499
17.0000 0.1459
18.0000 0.1548
19.0000 0.1716
20.0000 0.1924
21.0000 0.2145
22.0000 0.2359
23.0000 0.2554
24.0000 0.2724
25.0000 0.2866
26.0000 0.2982
27.0000 0.3074
28.0000 0.3145
29.0000 0.3198
30.0000 0.3238
31.0000 0.3268
32.0000 0.3291
33.0000 0.3308
34.0000 0.3322
35.0000 0.3334
36.0000 0.3344
37.0000 0.3353
38.0000 0.3363
39.0000 0.3373
40.0000 0.3382
41.0000 0.3392
42.0000 0.3402
43.0000 0.3414
44.0000 0.3425
45.0000 0.3436
46.0000 0.3447
47.0000 0.3459
48.0000 0.3470
49.0000 0.3482
50.0000 0.3494
51.0000 0.3505
52.0000 0.3517
53.0000 0.3528
54.0000 0.3538
55.0000 0.3548
56.0000 0.3559
57.0000 0.3570
58.0000 0.3580
59.0000 0.3589
60.0000 0.3598
61.0000 0.3607
62.0000 0.3616
63.0000 0.3624
64.0000 0.3632
65.0000 0.3640
66.0000 0.3647
67.0000 0.3654
68.0000 0.3661
69.0000 0.3668
70.0000 0.3675
71.0000 0.3680
72.0000 0.3686
73.0000 0.3691
74.0000 0.3697
75.0000 0.3702
76.0000 0.3707
77.0000 0.3713
78.0000 0.3718
79.0000 0.3722
80.0000 0.3727
81.0000 0.3732
82.0000 0.3737
83.0000 0.3742
84.0000 0.3746
85.0000 0.3751
86.0000 0.3756
87.0000 0.3760
88.0000 0.3766
89.0000 0.3770
90.0000 0.3775
91.0000 0.3773
92.0000 0.3768
93.0000 0.3763
94.0000 0.3758
95.0000 0.3756
96.0000 0.3755
97.0000 0.3755
98.0000 0.3755
99.0000 0.3755
100.0000 0.3755
101.0000 0.3754
102.0000 0.3752
103.0000 0.3750
104.0000 0.3748
105.0000 0.3746
106.0000 0.3744
107.0000 0.3741
108.0000 0.3739
109.0000 0.3737
110.0000 0.3734
111.0000 0.3733
112.0000 0.3731
113.0000 0.3729
114.0000 0.3728
115.0000 0.3727
116.0000 0.3725
117.0000 0.3724
118.0000 0.3724
119.0000 0.3723
120.0000 0.3722
121.0000 0.3722
122.0000 0.3721
123.0000 0.3721
124.0000 0.3721
125.0000 0.3721
126.0000 0.3720
127.0000 0.3720
128.0000 0.3720
129.0000 0.3720
130.0000 0.3721
131.0000 0.3721
132.0000 0.3721
133.0000 0.3721
134.0000 0.3721
135.0000 0.3722
136.0000 0.3722
137.0000 0.3722
138.0000 0.3723
139.0000 0.3723
140.0000 0.3724
141.0000 0.3724
142.0000 0.3725
143.0000 0.3725
144.0000 0.3726
145.0000 0.3726
146.0000 0.3727
147.0000 0.3727
148.0000 0.3728
149.0000 0.3728
150.0000 0.3729
151.0000 0.3729
152.0000 0.3730
153.0000 0.3731
154.0000 0.3731
155.0000 0.3732
156.0000 0.3732
157.0000 0.3733
158.0000 0.3734
159.0000 0.3734
160.0000 0.3735
161.0000 0.3735
162.0000 0.3736
163.0000 0.3736
164.0000 0.3737
165.0000 0.3738
166.0000 0.3738
167.0000 0.3739
168.0000 0.3739
169.0000 0.3740
170.0000 0.3740
171.0000 0.3741
172.0000 0.3741
173.0000 0.3742
174.0000 0.3742
175.0000 0.3743
176.0000 0.3743
177.0000 0.3744
178.0000 0.3744
179.0000 0.3745
180.0000 0.3745
181.0000 0.3746
182.0000 0.3746
183.0000 0.3746
184.0000 0.3747
185.0000 0.3747
186.0000 0.3748
187.0000 0.3748
188.0000 0.3748
189.0000 0.3749
190.0000 0.3749
191.0000 0.3749
192.0000 0.3750
193.0000 0.3750
194.0000 0.3750
195.0000 0.3751
196.0000 0.3751
197.0000 0.3751
198.0000 0.3752
199.0000 0.3752
200.0000 -0.4897
201.0000 -0.6006
202.0000 -0.4358
203.0000 -0.2302
204.0000 -0.0699
205.0000 0.0290
206.0000 0.0755
207.0000 0.0835
208.0000 0.0657
209.0000 0.0323
210.0000 -0.0093
211.0000 -0.0535
212.0000 -0.0963
213.0000 -0.1354
214.0000 -0.1693
215.0000 -0.1977
216.0000 -0.2209
217.0000 -0.2392
218.0000 -0.2534
219.0000 -0.2640
220.0000 -0.2720
221.0000 -0.2780
222.0000 -0.2825
223.0000 -0.2860
224.0000 -0.2887
225.0000 -0.2911
226.0000 -0.2931
227.0000 -0.2950
228.0000 -0.2969
229.0000 -0.2989
230.0000 -0.3007
231.0000 -0.3026
232.0000 -0.3047
233.0000 -0.3070
234.0000 -0.3092
235.0000 -0.3114
236.0000 -0.3136
237.0000 -0.3160
238.0000 -0.3182
239.0000 -0.3206
240.0000 -0.3229
241.0000 -0.3252
242.0000 -0.3275
243.0000 -0.3297
244.0000 -0.3318
245.0000 -0.3338
246.0000 -0.3360
247.0000 -0.3382
248.0000 -0.3402
249.0000 -0.3419
250.0000 -0.3437
251.0000 -0.3455
252.0000 -0.3472
253.0000 -0.3489
254.0000 -0.3504
255.0000 -0.3520
256.0000 -0.3535
257.0000 -0.3549
258.0000 -0.3563
259.0000 -0.3576
260.0000 -0.3590
261.0000 -0.3601
262.0000 -0.3612
263.0000 -0.3623
264.0000 -0.3634
265.0000 -0.3644
266.0000 -0.3654
267.0000 -0.3665
268.0000 -0.3675
269.0000 -0.3685
270.0000 -0.3694
271.0000 -0.3703
272.0000 -0.3713
273.0000 -0.3723
274.0000 -0.3732
275.0000 -0.3742
276.0000 -0.3752
277.0000 -0.3761
278.0000 -0.3771
279.0000 -0.3779
280.0000 -0.3789
281.0000 -0.3786
282.0000 -0.3776
283.0000 -0.3765
284.0000 -0.3756
285.0000 -0.3751
286.0000 -0.3749
287.0000 -0.3748
288.0000 -0.3749
289.0000 -0.3749
290.0000 -0.3748
291.0000 -0.3746
292.0000 -0.3744
293.0000 -0.3740
294.0000 -0.3736
295.0000 -0.3731
296.0000 -0.3726
297.0000 -0.3721
298.0000 -0.3716
299.0000 -0.3712
300.0000 -0.3708
301.0000 -0.3704
302.0000 -0.3700
303.0000 -0.3697
304.0000 -0.3694
305.0000 -0.3692
306.0000 -0.3689
307.0000 -0.3687
308.0000 -0.3686
309.0000 -0.3684
310.0000 -0.3683
311.0000 -0.3682
312.0000 -0.3681
313.0000 -0.3680
314.0000 -0.3680
315.0000 -0.3679
316.0000 -0.3679
317.0000 -0.3679
318.0000 -0.3679
319.0000 -0.3679
320.0000 -0.3679
321.0000 -0.3680
322.0000 -0.3680
323.0000 -0.3680
324.0000 -0.3681
325.0000 -0.3681
326.0000 -0.3682
327.0000 -0.3683
328.0000 -0.3684
329.0000 -0.3684
330.0000 -0.3685
331.0000 -0.3686
332.0000 -0.3687
333.0000 -0.3688
334.0000 -0.3689
335.0000 -0.3690
336.0000 -0.3691
337.0000 -0.3692
338.0000 -0.3693
339.0000 -0.3694
340.0000 -0.3696
341.0000 -0.3697
342.0000 -0.3698
343.0000 -0.3699
344.0000 -0.3700
345.0000 -0.3701
346.0000 -0.3703
347.0000 -0.3704
348.0000 -0.3705
349.0000 -0.3706
350.0000 -0.3707
351.0000 -0.3708
352.0000 -0.3709
353.0000 -0.3711
354.0000 -0.3712
355.0000 -0.3713
356.0000 -0.3714
357.0000 -0.3715
358.0000 -0.3716
359.0000 -0.3717
360.0000 -0.3718
361.0000 -0.3719
362.0000 -0.3720
363.0000 -0.3721
364.0000 -0.3722
365.0000 -0.3723
366.0000 -0.3724
367.0000 -0.3725
368.0000 -0.3726
369.0000 -0.3727
370.0000 -0.3728
371.0000 -0.3729
372.0000 -0.3729
373.0000 -0.3730
374.0000 -0.3731
375.0000 -0.3732
376.0000 -0.3733
377.0000 -0.3733
378.0000 -0.3734
379.0000 -0.3735
380.0000 -0.3736
381.0000 -0.3736
382.0000 -0.3737
383.0000 -0.3738
384.0000 -0.3738
385.0000 -0.3739
386.0000 -0.3739
387.0000 -0.3740
388.0000 -0.3740
389.0000 -0.3741
390.0000 -0.3742
391.0000 -0.3742
392.0000 -0.3743
393.0000 -0.3743
394.0000 -0.3743
395.0000 -0.3744
396.0000 -0.3744
397.0000 -0.3745
398.0000 -0.3745
399.0000 -0.3746
400.0000 -0.3746
401.0000 -0.3746
402.0000 -0.3747
403.0000 -0.3747
404.0000 -0.3747
405.0000 -0.3748
406.0000 -0.3748
407.0000 -0.3748
408.0000 -0.3749
409.0000 -0.3749
410.0000 -0.3749
411.0000 -0.3749
412.0000 -0.3750
413.0000 -0.3750
414.0000 -0.3750
415.0000 -0.3750
416.0000 -0.3751
417.0000 -0.3751
418.0000 -0.3751
419.0000 -0.3751
420.0000 -0.3752
421.0000 -0.3752
422.0000 -0.3752
423.0000 -0.3752
424.0000 -0.3752
425.0000 -0.3753
426.0000 -0.3753
427.0000 -0.3753
428.0000 -0.3753
429.0000 -0.3753
430.0000 -0.3753
431.0000 -0.3754
432.0000 -0.3754
433.0000 -0.3754
434.0000 -0.3754
435.0000 -0.3754
436.0000 -0.3754
437.0000 -0.3755
438.0000 -0.3755
439.0000 -0.3755
440.0000 -0.3755
441.0000 -0.3755
442.0000 -0.3755
443.0000 -0.3755
444.0000 -0.3755
445.0000 -0.3756
446.0000 -0.3756
447.0000 -0.3756
448.0000 -0.3756
449.0000 -0.3756
450.0000 -0.3756
451.0000 -0.3756
452.0000 -0.3756
453.0000 -0.3757
454.0000 -0.3757
455.0000 -0.3757
456.0000 -0.3757
457.0000 -0.3757
458.0000 -0.3757
459.0000 -0.3757
460.0000 -0.3757
461.0000 -0.3757
462.0000 -0.3758
463.0000 -0.3758
464.0000 -0.3758
465.0000 -0.3758
466.0000 -0.3758
467.0000 -0.3758
468.0000 -0.3758
469.0000 -0.3758
470.0000 -0.3758
471.0000 -0.3758
472.0000 -0.3758
473.0000 -0.3758
474.0000 -0.3759
475.0000 -0.3759
476.0000 -0.3759
477.0000 -0.3759
478.0000 -0.3759
479.0000 -0.3759
480.0000 -0.3759
481.0000 -0.3759
482.0000 -0.3759
483.0000 -0.3759
484.0000 -0.3759
485.0000 -0.3759
486.0000 -0.3759
487.0000 -0.3760
488.0000 -0.3760
489.0000 -0.3760
490.0000 -0.3760
491.0000 -0.3760
492.0000 -0.3760
493.0000 -0.3760
494.0000 -0.3760
495.0000 -0.3760
496.0000 -0.3760
497.0000 -0.3760
498.0000 -0.3760
499.0000 -0.3760
500.0000 0.3808
501.0000 0.4779
502.0000 0.3337
503.0000 0.1538
504.0000 0.0135
505.0000 -0.0730
506.0000 -0.1136
507.0000 -0.1207
508.0000 -0.1051
509.0000 -0.0758
510.0000 -0.0394
511.0000 -0.0007
512.0000 0.0367
513.0000 0.0709
514.0000 0.1006
515.0000 0.1255
516.0000 0.1458
517.0000 0.1618
518.0000 0.1742
519.0000 0.1836
520.0000 0.1906
521.0000 0.1958
522.0000 0.1997
523.0000 0.2028
524.0000 0.2052
525.0000 0.2073
526.0000 0.2091
527.0000 0.2107
528.0000 0.2124
529.0000 0.2141
530.0000 0.2157
531.0000 0.2174
532.0000 0.2192
533.0000 0.2212
534.0000 0.2232
535.0000 0.2251
536.0000 0.2271
537.0000 0.2291
538.0000 0.2311
539.0000 0.2331
540.0000 0.2352
541.0000 0.2372
542.0000 0.2393
543.0000 0.2411
544.0000 0.2430
545.0000 0.2448
546.0000 0.2467
547.0000 0.2486
548.0000 0.2504
549.0000 0.2519
550.0000 0.2534
551.0000 0.2550
552.0000 0.2565
553.0000 0.2580
554.0000 0.2593
555.0000 0.2607
556.0000 0.2620
557.0000 0.2633
558.0000 0.2645
559.0000 0.2657
560.0000 0.2668
561.0000 0.2678
562.0000 0.2688
563.0000 0.2698
564.0000 0.2707
565.0000 0.2716
566.0000 0.2725
567.0000 0.2735
568.0000 0.2744
569.0000 0.2752
570.0000 0.2760
571.0000 0.2768
572.0000 0.2777
573.0000 0.2786
574.0000 0.2793
575.0000 0.2802
576.0000 0.2811
577.0000 0.2819
578.0000 0.2827
579.0000 0.2835
580.0000 0.2843
581.0000 0.2841
582.0000 0.2832
583.0000 0.2822
584.0000 0.2815
585.0000 0.2810
586.0000 0.2808
587.0000 0.2808
588.0000 0.2809
589.0000 0.2809
590.0000 0.2808
591.0000 0.2806
592.0000 0.2804
593.0000 0.2801
594.0000 0.2797
595.0000 0.2793
596.0000 0.2789
597.0000 0.2785
598.0000 0.2780
599.0000 0.2776
600.0000 0.2773
601.0000 0.2769
602.0000 0.2766
603.0000 0.2764
604.0000 0.2761
605.0000 0.2759
606.0000 0.2757
607.0000 0.2755
608.0000 0.2754
609.0000 0.2753
610.0000 0.2751
611.0000 0.2751
612.0000 0.2750
613.0000 0.2749
614.0000 0.2749
615.0000 0.2748
616.0000 0.2748
617.0000 0.2748
618.0000 0.2748
619.0000 0.2748
620.0000 0.2748
621.0000 0.2749
622.0000 0.2749
623.0000 0.2749
624.0000 0.2750
625.0000 0.2750
626.0000 0.2751
627.0000 0.2751
628.0000 0.2752
629.0000 0.2753
630.0000 0.2754
631.0000 0.2754
632.0000 0.2755
633.0000 0.2756
634.0000 0.2757
635.0000 0.2758
636.0000 0.2759
637.0000 0.2760
638.0000 0.2761
639.0000 0.2762
640.0000 0.2763
641.0000 0.2764
642.0000 0.2765
643.0000 0.2766
644.0000 0.2767
645.0000 0.2768
646.0000 0.2769
647.0000 0.2770
648.0000 0.2771
649.0000 0.2772
650.0000 0.2773
651.0000 0.2774
652.0000 0.2775
653.0000 0.2776
654.0000 0.2777
655.0000 0.2778
656.0000 0.2779
657.0000 0.2780
658.0000 0.2781
659.0000 0.2782
660.0000 0.2783
661.0000 0.2783
662.0000 0.2784
663.0000 0.2785
664.0000 0.2786
665.0000 0.2787
666.0000 0.2788
667.0000 0.2789
668.0000 0.2790
669.0000 0.2790
670.0000 0.2791
671.0000 0.2792
672.0000 0.2793
673.0000 0.2793
674.0000 0.2794
675.0000 0.2795
676.0000 0.2795
677.0000 0.2796
678.0000 0.2797
679.0000 0.2797
680.0000 0.2798
681.0000 0.2799
682.0000 0.2799
683.0000 0.2800
684.0000 0.2800
685.0000 0.2801
686.0000 0.2801
687.0000 0.2802
688.0000 0.2802
689.0000 0.2803
690.0000 0.2803
691.0000 0.2804
692.0000 0.2804
693.0000 0.2805
694.0000 0.2805
695.0000 0.2805
696.0000 0.2806
697.0000 0.2806
698.0000 0.2806
699.0000 0.2807
700.0000 0.2807
701.0000 0.2807
702.0000 0.2808
703.0000 0.2808
704.0000 0.2808
705.0000 0.2809
706.0000 0.2809
707.0000 0.2809
708.0000 0.2809
709.0000 0.2810
710.0000 0.2810
711.0000 0.2810
712.0000 0.2810
713.0000 0.2811
714.0000 0.2811
715.0000 0.2811
716.0000 0.2811
717.0000 0.2812
718.0000 0.2812
719.0000 0.2812
720.0000 0.2812
721.0000 0.2812
722.0000 0.2812
723.0000 0.2813
724.0000 0.2813
725.0000 0.2813
726.0000 0.2813
727.0000 0.2813
728.0000 0.2813
729.0000 0.2814
730.0000 0.2814
731.0000 0.2814
732.0000 0.2814
733.0000 0.2814
734.0000 0.2814
735.0000 0.2814
736.0000 0.2815
737.0000 0.2815
738.0000 0.2815
739.0000 0.2815
740.0000 0.2815
741.0000 0.2815
742.0000 0.2815
743.0000 0.2816
744.0000 0.2816
745.0000 0.2816
746.0000 0.2816
747.0000 0.2816
748.0000 0.2816
749.0000 0.2816
750.0000 0.2816
751.0000 0.2816
752.0000 0.2816
753.0000 0.2817
754.0000 0.2817
755.0000 0.2817
756.0000 0.2817
757.0000 0.2817
758.0000 0.2817
759.0000 0.2817
760.0000 0.2817
761.0000 0.2817
762.0000 0.2817
763.0000 0.2818
764.0000 0.2818
765.0000 0.2818
766.0000 0.2818
767.0000 0.2818
768.0000 0.2818
769.0000 0.2818
770.0000 0.2818
771.0000 0.2818
772.0000 0.2818
773.0000 0.2818
774.0000 0.2818
775.0000 0.2818
776.0000 0.2818
777.0000 0.2819
778.0000 0.2819
779.0000 0.2819
780.0000 0.2819
781.0000 0.2819
782.0000 0.2819
783.0000 0.2819
784.0000 0.2819
785.0000 0.2819
786.0000 0.2819
787.0000 0.2819
788.0000 0.2819
789.0000 0.2819
790.0000 0.2819
791.0000 0.2819
792.0000 0.2819
793.0000 0.2820
794.0000 0.2820
795.0000 0.2820
796.0000 0.2820
797.0000 0.2820
798.0000 0.2820
799.0000 0.2820
800.0000 -0.0424
801.0000 -0.0840
802.0000 -0.0222
803.0000 0.0549
804.0000 0.1150
805.0000 0.1521
806.0000 0.1696
807.0000 0.1726
808.0000 0.1659
809.0000 0.1533
810.0000 0.1377
811.0000 0.1212
812.0000 0.1051
813.0000 0.0905
814.0000 0.0777
815.0000 0.0671
816.0000 0.0584
817.0000 0.0515
818.0000 0.0462
819.0000 0.0422
820.0000 0.0392
821.0000 0.0370
822.0000 0.0353
823.0000 0.0340
824.0000 0.0329
825.0000 0.0320
826.0000 0.0313
827.0000 0.0306
828.0000 0.0298
829.0000 0.0291
830.0000 0.0284
831.0000 0.0277
832.0000 0.0269
833.0000 0.0261
834.0000 0.0253
835.0000 0.0244
836.0000 0.0236
837.0000 0.0227
838.0000 0.0219
839.0000 0.0210
840.0000 0.0201
841.0000 0.0192
842.0000 0.0184
843.0000 0.0176
844.0000 0.0168
845.0000 0.0160
846.0000 0.0152
847.0000 0.0144
848.0000 0.0136
849.0000 0.0130
850.0000 0.0123
851.0000 0.0116
852.0000 0.0110
853.0000 0.0103
854.0000 0.0098
855.0000 0.0092
856.0000 0.0086
857.0000 0.0081
858.0000 0.0076
859.0000 0.0071
860.0000 0.0066
861.0000 0.0061
862.0000 0.0057
863.0000 0.0053
864.0000 0.0049
865.0000 0.0045
866.0000 0.0041
867.0000 0.0037
868.0000 0.0033
869.0000 0.0030
870.0000 0.0026
871.0000 0.0023
872.0000 0.0019
873.0000 0.0015
874.0000 0.0012
875.0000 0.0008
876.0000 0.0005
877.0000 0.0001
878.0000 -0.0002
879.0000 -0.0006
880.0000 -0.0009
881.0000 -0.0008
882.0000 -0.0005
883.0000 -0.0000
884.0000 0.0003
885.0000 0.0005
886.0000 0.0006
887.0000 0.0006
888.0000 0.0006
889.0000 0.0006
890.0000 0.0006
891.0000 0.0007
892.0000 0.0008
893.0000 0.0009
894.0000 0.0011
895.0000 0.0012
896.0000 0.0014
897.0000 0.0016
898.0000 0.0018
899.0000 0.0019
900.0000 0.0021
901.0000 0.0022
902.0000 0.0024
903.0000 0.0025
904.0000 0.0026
905.0000 0.0027
906.0000 0.0028
907.0000 0.0029
908.0000 0.0029
909.0000 0.0030
910.0000 0.0030
911.0000 0.0031
912.0000 0.0031
913.0000 0.0031
914.0000 0.0031
915.0000 0.0031
916.0000 0.0032
917.0000 0.0032
918.0000 0.0032
919.0000 0.0032
920.0000 0.0032
921.0000 0.0031
922.0000 0.0031
923.0000 0.0031
924.0000 0.0031
925.0000 0.0031
926.0000 0.0030
927.0000 0.0030
928.0000 0.0030
929.0000 0.0030
930.0000 0.0029
931.0000 0.0029
932.0000 0.0029
933.0000 0.0028
934.0000 0.0028
935.0000 0.0027
936.0000 0.0027
937.0000 0.0027
938.0000 0.0026
939.0000 0.0026
940.0000 0.0025
941.0000 0.0025
942.0000 0.0024
943.0000 0.0024
944.0000 0.0024
945.0000 0.0023
946.0000 0.0023
947.0000 0.0022
948.0000 0.0022
949.0000 0.0021
950.0000 0.0021
951.0000 0.0021
952.0000 0.0020
953.0000 0.0020
954.0000 0.0019
955.0000 0.0019
956.0000 0.0019
957.0000 0.0018
958.0000 0.0018
959.0000 0.0017
960.0000 0.0017
961.0000 0.0017
962.0000 0.0016
963.0000 0.0016
964.0000 0.0015
965.0000 0.0015
966.0000 0.0015
967.0000 0.0014
968.0000 0.0014
969.0000 0.0014
970.0000 0.0013
971.0000 0.0013
972.0000 0.0013
973.0000 0.0012
974.0000 0.0012
975.0000 0.0012
976.0000 0.0011
977.0000 0.0011
978.0000 0.0011
979.0000 0.0011
980.0000 0.0010
981.0000 0.0010
982.0000 0.0010
983.0000 0.0010
984.0000 0.0009
985.0000 0.0009
986.0000 0.0009
987.0000 0.0009
988.0000 0.0008
989.0000 0.0008
990.0000 0.0008
991.0000 0.0008
992.0000 0.0008
993.0000 0.0007
994.0000 0.0007
995.0000 0.0007
996.0000 0.0007
997.0000 0.0007
998.0000 0.0007
999.0000 0.0007
1000.0000 0.0006
1001.0000 0.0006
1002.0000 0.0006
1003.0000 0.0006
1004.0000 0.0006
1005.0000 0.0006
1006.0000 0.0006
1007.0000 0.0006
1008.0000 0.0005
1009.0000 0.0005
1010.0000 0.0005
1011.0000 0.0005
1012.0000 0.0005
1013.0000 0.0005
1014.0000 0.0005
1015.0000 0.0005
1016.0000 0.0005
1017.0000 0.0005
1018.0000 0.0004
1019.0000 0.0004
1020.0000 0.0004
1021.0000 0.0004
1022.0000 0.0004
1023.0000 0.0004
1024.0000 0.0004
1025.0000 0.0004
1026.0000 0.0004
1027.0000 0.0004
1028.0000 0.0004
1029.0000 0.0004
1030.0000 0.0004
1031.0000 0.0004
1032.0000 0.0003
1033.0000 0.0003
1034.0000 0.0003
1035.0000 0.0003
1036.0000 0.0003
1037.0000 0.0003
1038.0000 0.0003
1039.0000 0.0003
1040.0000 0.0003
1041.0000 0.0003
1042.0000 0.0003
1043.0000 0.0003
1044.0000 0.0003
1045.0000 0.0003
1046.0000 0.0003
1047.0000 0.0003
1048.0000 0.0003
1049.0000 0.0003
1050.0000 0.0003
1051.0000 0.0002
1052.0000 0.0002
1053.0000 0.0002
1054.0000 0.0002
1055.0000 0.0002
1056.0000 0.0002
1057.0000 0.0002
1058.0000 0.0002
1059.0000 0.0002
1060.0000 0.0002
1061.0000 0.0002
1062.0000 0.0002
1063.0000 0.0002
1064.0000 0.0002
1065.0000 0.0002
1066.0000 0.0002
1067.0000 0.0002
1068.0000 0.0002
1069.0000 0.0002
1070.0000 0.0002
1071.0000 0.0002
1072.0000 0.0002
1073.0000 0.0002
1074.0000 0.0002
1075.0000 0.0002
1076.0000 0.0002
1077.0000 0.0002
1078.0000 0.0002
1079.0000 0.0001
1080.0000 0.0001
1081.0000 0.0001
1082.0000 0.0001
1083.0000 0.0001
1084.0000 0.0001
1085.0000 0.0001
1086.0000 0.0001
1087.0000 0.0001
1088.0000 0.0001
1089.0000 0.0001
1090.0000 0.0001
1091.0000 0.0001
1092.0000 0.0001
1093.0000 0.0001
1094.0000 0.0001
1095.0000 0.0001
1096.0000 0.0001
1097.0000 0.0001
1098.0000 0.0001
1099.0000 0.0001
1100.0000 0.0001
