1.0000 0.0000
2.0000 0.0000
3.0000 0.0000
4.0000 0.0000
5.0000 0.0000
6.0000 0.0000
7.0000 0.0000
8.0000 0.0000
9.0000 0.0000
10.0000 0.0737
11.0000 0.1208
12.0000 0.1555
13.0000 0.1797
14.0000 0.1965
15.0000 0.2085
16.0000 0.2178
17.0000 0.2255
18.0000 0.2327
19.0000 0.2398
20.0000 0.2470
21.0000 0.2544
22.0000 0.2618
23.0000 0.2693
24.0000 0.2769
25.0000 0.2841
26.0000 0.2911
27.0000 0.2978
28.0000 0.3043
29.0000 0.3100
30.0000 0.3153
31.0000 0.3201
32.0000 0.3251
33.0000 0.3293
34.0000 0.3335
35.0000 0.3369
36.0000 0.3402
37.0000 0.3433
38.0000 0.3466
39.0000 0.3492
40.0000 0.3516
41.0000 0.3543
42.0000 0.3563
43.0000 0.3587
44.0000 0.3603
45.0000 0.3622
46.0000 0.3641
47.0000 0.3659
48.0000 0.3670
49.0000 0.3687
50.0000 0.3701
51.0000 0.3714
52.0000 0.3728
53.0000 0.3741
54.0000 0.3751
55.0000 0.3765
56.0000 0.3781
57.0000 0.3793
58.0000 0.3806
59.0000 0.3815
60.0000 0.3830
61.0000 0.3841
62.0000 0.3852
63.0000 0.3863
64.0000 0.3872
65.0000 0.3881
66.0000 0.3887
67.0000 0.3896
68.0000 0.3903
69.0000 0.3910
70.0000 0.3917
71.0000 0.3920
72.0000 0.3920
73.0000 0.3925
74.0000 0.3929
75.0000 0.3930
76.0000 0.3929
77.0000 0.3932
78.0000 0.3932
79.0000 0.3932
80.0000 0.3934
81.0000 0.3933
82.0000 0.3932
83.0000 0.3931
84.0000 0.3929
85.0000 0.3933
86.0000 0.3932
87.0000 0.3929
88.0000 0.3930
89.0000 0.3928
90.0000 0.3930
91.0000 0.3919
92.0000 0.3906
93.0000 0.3893
94.0000 0.3880
95.0000 0.3868
96.0000 0.3858
97.0000 0.3848
98.0000 0.3840
99.0000 0.3833
100.0000 0.3828
101.0000 0.3823
102.0000 0.3818
103.0000 0.3815
104.0000 0.3812
105.0000 0.3809
106.0000 0.3807
107.0000 0.3806
108.0000 0.3804
109.0000 0.3803
110.0000 0.3803
111.0000 0.3802
112.0000 0.3802
113.0000 0.3802
114.0000 0.3803
115.0000 0.3803
116.0000 0.3804
117.0000 0.3804
118.0000 0.3805
119.0000 0.3807
120.0000 0.3808
121.0000 0.3809
122.0000 0.3810
123.0000 0.3812
124.0000 0.3813
125.0000 0.3815
126.0000 0.3817
127.0000 0.3818
128.0000 0.3820
129.0000 0.3822
130.0000 0.3823
131.0000 0.3825
132.0000 0.3827
133.0000 0.3828
134.0000 0.3830
135.0000 0.3832
136.0000 0.3833
137.0000 0.3835
138.0000 0.3836
139.0000 0.3838
140.0000 0.3839
141.0000 0.3841
142.0000 0.3842
143.0000 0.3843
144.0000 0.3844
145.0000 0.3846
146.0000 0.3847
147.0000 0.3848
148.0000 0.3849
149.0000 0.3850
150.0000 0.3851
151.0000 0.3852
152.0000 0.3853
153.0000 0.3854
154.0000 0.3855
155.0000 0.3856
156.0000 0.3856
157.0000 0.3857
158.0000 0.3858
159.0000 0.3859
160.0000 0.3859
161.0000 0.3860
162.0000 0.3861
163.0000 0.3861
164.0000 0.3862
165.0000 0.3862
166.0000 0.3863
167.0000 0.3863
168.0000 0.3864
169.0000 0.3865
170.0000 0.3865
171.0000 0.3866
172.0000 0.3866
173.0000 0.3867
174.0000 0.3867
175.0000 0.3868
176.0000 0.3868
177.0000 0.3869
178.0000 0.3869
179.0000 0.3869
180.0000 0.3870
181.0000 0.3870
182.0000 0.3870
183.0000 0.3871
184.0000 0.3871
185.0000 0.3871
186.0000 0.3871
187.0000 0.3871
188.0000 0.3872
189.0000 0.3872
190.0000 0.3872
191.0000 0.3872
192.0000 0.3872
193.0000 0.3872
194.0000 0.3873
195.0000 0.3873
196.0000 0.3873
197.0000 0.3873
198.0000 0.3873
199.0000 0.3873
200.0000 0.2400
201.0000 0.1457
202.0000 0.0764
203.0000 0.0279
204.0000 -0.0056
205.0000 -0.0296
206.0000 -0.0482
207.0000 -0.0636
208.0000 -0.0779
209.0000 -0.0921
210.0000 -0.1065
211.0000 -0.1213
212.0000 -0.1363
213.0000 -0.1513
214.0000 -0.1663
215.0000 -0.1808
216.0000 -0.1948
217.0000 -0.2081
218.0000 -0.2212
219.0000 -0.2325
220.0000 -0.2432
221.0000 -0.2527
222.0000 -0.2627
223.0000 -0.2711
224.0000 -0.2794
225.0000 -0.2864
226.0000 -0.2929
227.0000 -0.2991
228.0000 -0.3057
229.0000 -0.3108
230.0000 -0.3156
231.0000 -0.3211
232.0000 -0.3252
233.0000 -0.3298
234.0000 -0.3331
235.0000 -0.3368
236.0000 -0.3406
237.0000 -0.3442
238.0000 -0.3464
239.0000 -0.3498
240.0000 -0.3527
241.0000 -0.3553
242.0000 -0.3580
243.0000 -0.3606
244.0000 -0.3626
245.0000 -0.3653
246.0000 -0.3686
247.0000 -0.3710
248.0000 -0.3737
249.0000 -0.3754
250.0000 -0.3784
251.0000 -0.3805
252.0000 -0.3828
253.0000 -0.3849
254.0000 -0.3867
255.0000 -0.3885
256.0000 -0.3898
257.0000 -0.3916
258.0000 -0.3930
259.0000 -0.3944
260.0000 -0.3958
261.0000 -0.3964
262.0000 -0.3964
263.0000 -0.3973
264.0000 -0.3980
265.0000 -0.3983
266.0000 -0.3981
267.0000 -0.3988
268.0000 -0.3986
269.0000 -0.3987
270.0000 -0.3991
271.0000 -0.3989
272.0000 -0.3988
273.0000 -0.3985
274.0000 -0.3981
275.0000 -0.3988
276.0000 -0.3986
277.0000 -0.3981
278.0000 -0.3984
279.0000 -0.3979
280.0000 -0.3982
281.0000 -0.3961
282.0000 -0.3935
283.0000 -0.3909
284.0000 -0.3883
285.0000 -0.3859
286.0000 -0.3838
287.0000 -0.3819
288.0000 -0.3803
289.0000 -0.3789
290.0000 -0.3777
291.0000 -0.3768
292.0000 -0.3759
293.0000 -0.3752
294.0000 -0.3746
295.0000 -0.3741
296.0000 -0.3737
297.0000 -0.3734
298.0000 -0.3731
299.0000 -0.3729
300.0000 -0.3728
301.0000 -0.3727
302.0000 -0.3727
303.0000 -0.3727
304.0000 -0.3727
305.0000 -0.3728
306.0000 -0.3729
307.0000 -0.3731
308.0000 -0.3733
309.0000 -0.3735
310.0000 -0.3738
311.0000 -0.3740
312.0000 -0.3743
313.0000 -0.3746
314.0000 -0.3749
315.0000 -0.3752
316.0000 -0.3755
317.0000 -0.3759
318.0000 -0.3762
319.0000 -0.3765
320.0000 -0.3769
321.0000 -0.3772
322.0000 -0.3775
323.0000 -0.3779
324.0000 -0.3782
325.0000 -0.3785
326.0000 -0.3788
327.0000 -0.3791
328.0000 -0.3794
329.0000 -0.3797
330.0000 -0.3800
331.0000 -0.3803
332.0000 -0.3806
333.0000 -0.3808
334.0000 -0.3811
335.0000 -0.3813
336.0000 -0.3816
337.0000 -0.3818
338.0000 -0.3820
339.0000 -0.3822
340.0000 -0.3824
341.0000 -0.3826
342.0000 -0.3828
343.0000 -0.3830
344.0000 -0.3831
345.0000 -0.3833
346.0000 -0.3835
347.0000 -0.3836
348.0000 -0.3837
349.0000 -0.3839
350.0000 -0.3840
351.0000 -0.3842
352.0000 -0.3843
353.0000 -0.3844
354.0000 -0.3845
355.0000 -0.3847
356.0000 -0.3848
357.0000 -0.3849
358.0000 -0.3850
359.0000 -0.3851
360.0000 -0.3852
361.0000 -0.3853
362.0000 -0.3854
363.0000 -0.3855
364.0000 -0.3856
365.0000 -0.3857
366.0000 -0.3858
367.0000 -0.3859
368.0000 -0.3860
369.0000 -0.3860
370.0000 -0.3861
371.0000 -0.3862
372.0000 -0.3862
373.0000 -0.3863
374.0000 -0.3863
375.0000 -0.3864
376.0000 -0.3864
377.0000 -0.3865
378.0000 -0.3865
379.0000 -0.3865
380.0000 -0.3866
381.0000 -0.3866
382.0000 -0.3866
383.0000 -0.3867
384.0000 -0.3867
385.0000 -0.3867
386.0000 -0.3867
387.0000 -0.3867
388.0000 -0.3868
389.0000 -0.3868
390.0000 -0.3868
391.0000 -0.3868
392.0000 -0.3868
393.0000 -0.3869
394.0000 -0.3869
395.0000 -0.3869
396.0000 -0.3869
397.0000 -0.3869
398.0000 -0.3869
399.0000 -0.3869
400.0000 -0.3870
401.0000 -0.3870
402.0000 -0.3870
403.0000 -0.3870
404.0000 -0.3870
405.0000 -0.3870
406.0000 -0.3870
407.0000 -0.3870
408.0000 -0.3870
409.0000 -0.3871
410.0000 -0.3871
411.0000 -0.3871
412.0000 -0.3871
413.0000 -0.3871
414.0000 -0.3871
415.0000 -0.3871
416.0000 -0.3871
417.0000 -0.3872
418.0000 -0.3872
419.0000 -0.3872
420.0000 -0.3872
421.0000 -0.3872
422.0000 -0.3872
423.0000 -0.3872
424.0000 -0.3872
425.0000 -0.3873
426.0000 -0.3873
427.0000 -0.3873
428.0000 -0.3873
429.0000 -0.3873
430.0000 -0.3873
431.0000 -0.3873
432.0000 -0.3873
433.0000 -0.3873
434.0000 -0.3874
435.0000 -0.3874
436.0000 -0.3874
437.0000 -0.3874
438.0000 -0.3874
439.0000 -0.3874
440.0000 -0.3874
441.0000 -0.3874
442.0000 -0.3874
443.0000 -0.3874
444.0000 -0.3875
445.0000 -0.3875
446.0000 -0.3875
447.0000 -0.3875
448.0000 -0.3875
449.0000 -0.3875
450.0000 -0.3875
451.0000 -0.3875
452.0000 -0.3875
453.0000 -0.3875
454.0000 -0.3875
455.0000 -0.3875
456.0000 -0.3876
457.0000 -0.3876
458.0000 -0.3876
459.0000 -0.3876
460.0000 -0.3876
461.0000 -0.3876
462.0000 -0.3876
463.0000 -0.3876
464.0000 -0.3876
465.0000 -0.3876
466.0000 -0.3876
467.0000 -0.3876
468.0000 -0.3876
469.0000 -0.3876
470.0000 -0.3876
471.0000 -0.3876
472.0000 -0.3877
473.0000 -0.3877
474.0000 -0.3877
475.0000 -0.3877
476.0000 -0.3877
477.0000 -0.3877
478.0000 -0.3877
479.0000 -0.3877
480.0000 -0.3877
481.0000 -0.3877
482.0000 -0.3877
483.0000 -0.3877
484.0000 -0.3877
485.0000 -0.3877
486.0000 -0.3877
487.0000 -0.3877
488.0000 -0.3877
489.0000 -0.3877
490.0000 -0.3877
491.0000 -0.3877
492.0000 -0.3877
493.0000 -0.3877
494.0000 -0.3877
495.0000 -0.3877
496.0000 -0.3877
497.0000 -0.3877
498.0000 -0.3877
499.0000 -0.3877
500.0000 -0.2588
501.0000 -0.1763
502.0000 -0.1157
503.0000 -0.0733
504.0000 -0.0439
505.0000 -0.0229
506.0000 -0.0067
507.0000 0.0069
508.0000 0.0194
509.0000 0.0318
510.0000 0.0444
511.0000 0.0574
512.0000 0.0704
513.0000 0.0836
514.0000 0.0968
515.0000 0.1095
516.0000 0.1217
517.0000 0.1333
518.0000 0.1447
519.0000 0.1547
520.0000 0.1641
521.0000 0.1724
522.0000 0.1811
523.0000 0.1885
524.0000 0.1958
525.0000 0.2018
526.0000 0.2075
527.0000 0.2130
528.0000 0.2188
529.0000 0.2233
530.0000 0.2275
531.0000 0.2322
532.0000 0.2358
533.0000 0.2399
534.0000 0.2428
535.0000 0.2460
536.0000 0.2494
537.0000 0.2525
538.0000 0.2544
539.0000 0.2574
540.0000 0.2600
541.0000 0.2622
542.0000 0.2646
543.0000 0.2668
544.0000 0.2686
545.0000 0.2710
546.0000 0.2739
547.0000 0.2759
548.0000 0.2783
549.0000 0.2799
550.0000 0.2824
551.0000 0.2843
552.0000 0.2863
553.0000 0.2881
554.0000 0.2897
555.0000 0.2913
556.0000 0.2925
557.0000 0.2940
558.0000 0.2952
559.0000 0.2965
560.0000 0.2977
561.0000 0.2982
562.0000 0.2983
563.0000 0.2991
564.0000 0.2997
565.0000 0.2999
566.0000 0.2997
567.0000 0.3004
568.0000 0.3002
569.0000 0.3003
570.0000 0.3006
571.0000 0.3005
572.0000 0.3004
573.0000 0.3001
574.0000 0.2998
575.0000 0.3004
576.0000 0.3002
577.0000 0.2998
578.0000 0.3000
579.0000 0.2996
580.0000 0.2999
581.0000 0.2980
582.0000 0.2958
583.0000 0.2935
584.0000 0.2912
585.0000 0.2891
586.0000 0.2873
587.0000 0.2856
588.0000 0.2842
589.0000 0.2830
590.0000 0.2820
591.0000 0.2811
592.0000 0.2804
593.0000 0.2798
594.0000 0.2793
595.0000 0.2788
596.0000 0.2785
597.0000 0.2782
598.0000 0.2780
599.0000 0.2778
600.0000 0.2777
601.0000 0.2776
602.0000 0.2776
603.0000 0.2776
604.0000 0.2776
605.0000 0.2777
606.0000 0.2778
607.0000 0.2780
608.0000 0.2781
609.0000 0.2783
610.0000 0.2785
611.0000 0.2788
612.0000 0.2790
613.0000 0.2793
614.0000 0.2795
615.0000 0.2798
616.0000 0.2801
617.0000 0.2804
618.0000 0.2807
619.0000 0.2810
620.0000 0.2813
621.0000 0.2815
622.0000 0.2818
623.0000 0.2821
624.0000 0.2824
625.0000 0.2827
626.0000 0.2830
627.0000 0.2832
628.0000 0.2835
629.0000 0.2838
630.0000 0.2840
631.0000 0.2843
632.0000 0.2845
633.0000 0.2847
634.0000 0.2849
635.0000 0.2852
636.0000 0.2854
637.0000 0.2856
638.0000 0.2858
639.0000 0.2859
640.0000 0.2861
641.0000 0.2863
642.0000 0.2864
643.0000 0.2866
644.0000 0.2867
645.0000 0.2869
646.0000 0.2870
647.0000 0.2872
648.0000 0.2873
649.0000 0.2874
650.0000 0.2875
651.0000 0.2876
652.0000 0.2878
653.0000 0.2879
654.0000 0.2880
655.0000 0.2881
656.0000 0.2882
657.0000 0.2883
658.0000 0.2884
659.0000 0.2885
660.0000 0.2886
661.0000 0.2887
662.0000 0.2888
663.0000 0.2889
664.0000 0.2889
665.0000 0.2890
666.0000 0.2891
667.0000 0.2892
668.0000 0.2892
669.0000 0.2893
670.0000 0.2894
671.0000 0.2894
672.0000 0.2895
673.0000 0.2895
674.0000 0.2896
675.0000 0.2896
676.0000 0.2896
677.0000 0.2897
678.0000 0.2897
679.0000 0.2897
680.0000 0.2898
681.0000 0.2898
682.0000 0.2898
683.0000 0.2898
684.0000 0.2899
685.0000 0.2899
686.0000 0.2899
687.0000 0.2899
688.0000 0.2899
689.0000 0.2900
690.0000 0.2900
691.0000 0.2900
692.0000 0.2900
693.0000 0.2900
694.0000 0.2900
695.0000 0.2900
696.0000 0.2901
697.0000 0.2901
698.0000 0.2901
699.0000 0.2901
700.0000 0.2901
701.0000 0.2901
702.0000 0.2901
703.0000 0.2901
704.0000 0.2901
705.0000 0.2902
706.0000 0.2902
707.0000 0.2902
708.0000 0.2902
709.0000 0.2902
710.0000 0.2902
711.0000 0.2902
712.0000 0.2902
713.0000 0.2902
714.0000 0.2902
715.0000 0.2903
716.0000 0.2903
717.0000 0.2903
718.0000 0.2903
719.0000 0.2903
720.0000 0.2903
721.0000 0.2903
722.0000 0.2903
723.0000 0.2903
724.0000 0.2904
725.0000 0.2904
726.0000 0.2904
727.0000 0.2904
728.0000 0.2904
729.0000 0.2904
730.0000 0.2904
731.0000 0.2904
732.0000 0.2904
733.0000 0.2904
734.0000 0.2905
735.0000 0.2905
736.0000 0.2905
737.0000 0.2905
738.0000 0.2905
739.0000 0.2905
740.0000 0.2905
741.0000 0.2905
742.0000 0.2905
743.0000 0.2905
744.0000 0.2905
745.0000 0.2906
746.0000 0.2906
747.0000 0.2906
748.0000 0.2906
749.0000 0.2906
750.0000 0.2906
751.0000 0.2906
752.0000 0.2906
753.0000 0.2906
754.0000 0.2906
755.0000 0.2906
756.0000 0.2906
757.0000 0.2906
758.0000 0.2906
759.0000 0.2906
760.0000 0.2907
761.0000 0.2907
762.0000 0.2907
763.0000 0.2907
764.0000 0.2907
765.0000 0.2907
766.0000 0.2907
767.0000 0.2907
768.0000 0.2907
769.0000 0.2907
770.0000 0.2907
771.0000 0.2907
772.0000 0.2907
773.0000 0.2907
774.0000 0.2907
775.0000 0.2907
776.0000 0.2907
777.0000 0.2907
778.0000 0.2907
779.0000 0.2907
780.0000 0.2907
781.0000 0.2907
782.0000 0.2908
783.0000 0.2908
784.0000 0.2908
785.0000 0.2908
786.0000 0.2908
787.0000 0.2908
788.0000 0.2908
789.0000 0.2908
790.0000 0.2908
791.0000 0.2908
792.0000 0.2908
793.0000 0.2908
794.0000 0.2908
795.0000 0.2908
796.0000 0.2908
797.0000 0.2908
798.0000 0.2908
799.0000 0.2908
800.0000 0.2355
801.0000 0.2002
802.0000 0.1742
803.0000 0.1560
804.0000 0.1435
805.0000 0.1344
806.0000 0.1275
807.0000 0.1217
808.0000 0.1163
809.0000 0.1110
810.0000 0.1056
811.0000 0.1000
812.0000 0.0944
813.0000 0.0888
814.0000 0.0832
815.0000 0.0777
816.0000 0.0725
817.0000 0.0675
818.0000 0.0626
819.0000 0.0583
820.0000 0.0543
821.0000 0.0508
822.0000 0.0470
823.0000 0.0439
824.0000 0.0407
825.0000 0.0381
826.0000 0.0357
827.0000 0.0334
828.0000 0.0309
829.0000 0.0290
830.0000 0.0272
831.0000 0.0251
832.0000 0.0236
833.0000 0.0218
834.0000 0.0206
835.0000 0.0192
836.0000 0.0178
837.0000 0.0164
838.0000 0.0156
839.0000 0.0143
840.0000 0.0132
841.0000 0.0123
842.0000 0.0113
843.0000 0.0103
844.0000 0.0095
845.0000 0.0085
846.0000 0.0073
847.0000 0.0064
848.0000 0.0054
849.0000 0.0047
850.0000 0.0036
851.0000 0.0028
852.0000 0.0019
853.0000 0.0012
854.0000 0.0005
855.0000 -0.0002
856.0000 -0.0007
857.0000 -0.0014
858.0000 -0.0019
859.0000 -0.0024
860.0000 -0.0029
861.0000 -0.0032
862.0000 -0.0032
863.0000 -0.0035
864.0000 -0.0038
865.0000 -0.0039
866.0000 -0.0038
867.0000 -0.0041
868.0000 -0.0040
869.0000 -0.0040
870.0000 -0.0042
871.0000 -0.0041
872.0000 -0.0041
873.0000 -0.0040
874.0000 -0.0038
875.0000 -0.0041
876.0000 -0.0040
877.0000 -0.0038
878.0000 -0.0039
879.0000 -0.0038
880.0000 -0.0039
881.0000 -0.0031
882.0000 -0.0021
883.0000 -0.0011
884.0000 -0.0002
885.0000 0.0007
886.0000 0.0015
887.0000 0.0022
888.0000 0.0028
889.0000 0.0034
890.0000 0.0038
891.0000 0.0042
892.0000 0.0045
893.0000 0.0048
894.0000 0.0050
895.0000 0.0052
896.0000 0.0053
897.0000 0.0054
898.0000 0.0055
899.0000 0.0056
900.0000 0.0057
901.0000 0.0057
902.0000 0.0057
903.0000 0.0057
904.0000 0.0057
905.0000 0.0056
906.0000 0.0056
907.0000 0.0055
908.0000 0.0055
909.0000 0.0054
910.0000 0.0053
911.0000 0.0052
912.0000 0.0051
913.0000 0.0050
914.0000 0.0049
915.0000 0.0047
916.0000 0.0046
917.0000 0.0045
918.0000 0.0044
919.0000 0.0042
920.0000 0.0041
921.0000 0.0040
922.0000 0.0039
923.0000 0.0037
924.0000 0.0036
925.0000 0.0035
926.0000 0.0034
927.0000 0.0033
928.0000 0.0032
929.0000 0.0030
930.0000 0.0029
931.0000 0.0028
932.0000 0.0027
933.0000 0.0026
934.0000 0.0025
935.0000 0.0024
936.0000 0.0024
937.0000 0.0023
938.0000 0.0022
939.0000 0.0021
940.0000 0.0020
941.0000 0.0020
942.0000 0.0019
943.0000 0.0018
944.0000 0.0018
945.0000 0.0017
946.0000 0.0016
947.0000 0.0016
948.0000 0.0015
949.0000 0.0015
950.0000 0.0014
951.0000 0.0014
952.0000 0.0013
953.0000 0.0013
954.0000 0.0012
955.0000 0.0012
956.0000 0.0012
957.0000 0.0011
958.0000 0.0011
959.0000 0.0010
960.0000 0.0010
961.0000 0.0009
962.0000 0.0009
963.0000 0.0009
964.0000 0.0008
965.0000 0.0008
966.0000 0.0008
967.0000 0.0007
968.0000 0.0007
969.0000 0.0007
970.0000 0.0006
971.0000 0.0006
972.0000 0.0006
973.0000 0.0006
974.0000 0.0006
975.0000 0.0005
976.0000 0.0005
977.0000 0.0005
978.0000 0.0005
979.0000 0.0005
980.0000 0.0005
981.0000 0.0005
982.0000 0.0005
983.0000 0.0004
984.0000 0.0004
985.0000 0.0004
986.0000 0.0004
987.0000 0.0004
988.0000 0.0004
989.0000 0.0004
990.0000 0.0004
991.0000 0.0004
992.0000 0.0004
993.0000 0.0004
994.0000 0.0004
995.0000 0.0004
996.0000 0.0004
997.0000 0.0003
998.0000 0.0003
999.0000 0.0003
1000.0000 0.0003
1001.0000 0.0003
1002.0000 0.0003
1003.0000 0.0003
1004.0000 0.0003
1005.0000 0.0003
1006.0000 0.0003
1007.0000 0.0003
1008.0000 0.0003
1009.0000 0.0003
1010.0000 0.0003
1011.0000 0.0003
1012.0000 0.0003
1013.0000 0.0003
1014.0000 0.0003
1015.0000 0.0003
1016.0000 0.0003
1017.0000 0.0003
1018.0000 0.0002
1019.0000 0.0002
1020.0000 0.0002
1021.0000 0.0002
1022.0000 0.0002
1023.0000 0.0002
1024.0000 0.0002
1025.0000 0.0002
1026.0000 0.0002
1027.0000 0.0002
1028.0000 0.0002
1029.0000 0.0002
1030.0000 0.0002
1031.0000 0.0002
1032.0000 0.0002
1033.0000 0.0002
1034.0000 0.0002
1035.0000 0.0002
1036.0000 0.0002
1037.0000 0.0002
1038.0000 0.0002
1039.0000 0.0002
1040.0000 0.0002
1041.0000 0.0002
1042.0000 0.0001
1043.0000 0.0001
1044.0000 0.0001
1045.0000 0.0001
1046.0000 0.0001
1047.0000 0.0001
1048.0000 0.0001
1049.0000 0.0001
1050.0000 0.0001
1051.0000 0.0001
1052.0000 0.0001
1053.0000 0.0001
1054.0000 0.0001
1055.0000 0.0001
1056.0000 0.0001
1057.0000 0.0001
1058.0000 0.0001
1059.0000 0.0001
1060.0000 0.0001
1061.0000 0.0001
1062.0000 0.0001
1063.0000 0.0001
1064.0000 0.0001
1065.0000 0.0001
1066.0000 0.0001
1067.0000 0.0001
1068.0000 0.0001
1069.0000 0.0001
1070.0000 0.0001
1071.0000 0.0001
1072.0000 0.0001
1073.0000 0.0001
1074.0000 0.0001
1075.0000 0.0001
1076.0000 0.0001
1077.0000 0.0001
1078.0000 0.0001
1079.0000 0.0001
1080.0000 0.0001
1081.0000 0.0001
1082.0000 0.0001
1083.0000 0.0001
1084.0000 0.0000
1085.0000 0.0000
1086.0000 0.0000
1087.0000 0.0000
1088.0000 0.0000
1089.0000 0.0000
1090.0000 0.0000
1091.0000 0.0000
1092.0000 0.0000
1093.0000 0.0000
1094.0000 0.0000
1095.0000 0.0000
1096.0000 0.0000
1097.0000 0.0000
1098.0000 0.0000
1099.0000 0.0000
1100.0000 0.0000
