1.0000 0.0000
2.0000 0.0000
3.0000 0.0000
4.0000 0.0000
5.0000 0.0000
6.0000 0.0000
7.0000 0.0000
8.0000 0.0000
9.0000 0.0000
10.0000 0.4319
11.0000 0.4869
12.0000 0.4040
13.0000 0.3008
14.0000 0.2203
15.0000 0.1704
16.0000 0.1469
17.0000 0.1426
18.0000 0.1512
19.0000 0.1677
20.0000 0.1883
21.0000 0.2102
22.0000 0.2315
23.0000 0.2509
24.0000 0.2677
25.0000 0.2819
26.0000 0.2934
27.0000 0.3025
28.0000 0.3096
29.0000 0.3149
30.0000 0.3189
31.0000 0.3219
32.0000 0.3243
33.0000 0.3261
34.0000 0.3275
35.0000 0.3288
36.0000 0.3299
37.0000 0.3309
38.0000 0.3320
39.0000 0.3331
40.0000 0.3342
41.0000 0.3353
42.0000 0.3365
43.0000 0.3379
44.0000 0.3392
45.0000 0.3405
46.0000 0.3419
47.0000 0.3433
48.0000 0.3446
49.0000 0.3461
50.0000 0.3475
51.0000 0.3489
52.0000 0.3503
53.0000 0.3516
54.0000 0.3530
55.0000 0.3543
56.0000 0.3556
57.0000 0.3570
58.0000 0.3583
59.0000 0.3594
60.0000 0.3606
61.0000 0.3618
62.0000 0.3630
63.0000 0.3641
64.0000 0.3652
65.0000 0.3662
66.0000 0.3673
67.0000 0.3683
68.0000 0.3692
69.0000 0.3702
70.0000 0.3711
71.0000 0.3720
72.0000 0.3728
73.0000 0.3736
74.0000 0.3744
75.0000 0.3751
76.0000 0.3759
77.0000 0.3767
78.0000 0.3774
79.0000 0.3781
80.0000 0.3788
81.0000 0.3795
82.0000 0.3803
83.0000 0.3810
84.0000 0.3816
85.0000 0.3824
86.0000 0.3830
87.0000 0.3837
88.0000 0.3844
89.0000 0.3850
90.0000 0.3857
91.0000 0.3858
92.0000 0.3855
93.0000 0.3852
94.0000 0.3850
95.0000 0.3849
96.0000 0.3851
97.0000 0.3852
98.0000 0.3855
99.0000 0.3857
100.0000 0.3858
101.0000 0.3859
102.0000 0.3859
103.0000 0.3859
104.0000 0.3859
105.0000 0.3858
106.0000 0.3857
107.0000 0.3857
108.0000 0.3856
109.0000 0.3855
110.0000 0.3854
111.0000 0.3854
112.0000 0.3853
113.0000 0.3853
114.0000 0.3853
115.0000 0.3853
116.0000 0.3853
117.0000 0.3853
118.0000 0.3853
119.0000 0.3853
120.0000 0.3854
121.0000 0.3854
122.0000 0.3854
123.0000 0.3855
124.0000 0.3855
125.0000 0.3856
126.0000 0.3857
127.0000 0.3857
128.0000 0.3858
129.0000 0.3859
130.0000 0.3859
131.0000 0.3860
132.0000 0.3861
133.0000 0.3862
134.0000 0.3863
135.0000 0.3863
136.0000 0.3864
137.0000 0.3865
138.0000 0.3866
139.0000 0.3867
140.0000 0.3868
141.0000 0.3869
142.0000 0.3870
143.0000 0.3871
144.0000 0.3872
145.0000 0.3873
146.0000 0.3874
147.0000 0.3875
148.0000 0.3876
149.0000 0.3877
150.0000 0.3878
151.0000 0.3879
152.0000 0.3880
153.0000 0.3881
154.0000 0.3882
155.0000 0.3883
156.0000 0.3884
157.0000 0.3884
158.0000 0.3885
159.0000 0.3886
160.0000 0.3887
161.0000 0.3888
162.0000 0.3889
163.0000 0.3890
164.0000 0.3891
165.0000 0.3892
166.0000 0.3893
167.0000 0.3894
168.0000 0.3895
169.0000 0.3896
170.0000 0.3896
171.0000 0.3897
172.0000 0.3898
173.0000 0.3899
174.0000 0.3900
175.0000 0.3901
176.0000 0.3902
177.0000 0.3902
178.0000 0.3903
179.0000 0.3904
180.0000 0.3905
181.0000 0.3905
182.0000 0.3906
183.0000 0.3907
184.0000 0.3908
185.0000 0.3908
186.0000 0.3909
187.0000 0.3910
188.0000 0.3910
189.0000 0.3911
190.0000 0.3912
191.0000 0.3912
192.0000 0.3913
193.0000 0.3914
194.0000 0.3914
195.0000 0.3915
196.0000 0.3915
197.0000 0.3916
198.0000 0.3917
199.0000 0.3917
200.0000 -0.4721
201.0000 -0.5820
202.0000 -0.4162
203.0000 -0.2097
204.0000 -0.0485
205.0000 0.0512
206.0000 0.0983
207.0000 0.1069
208.0000 0.0898
209.0000 0.0568
210.0000 0.0156
211.0000 -0.0281
212.0000 -0.0706
213.0000 -0.1094
214.0000 -0.1431
215.0000 -0.1713
216.0000 -0.1943
217.0000 -0.2125
218.0000 -0.2267
219.0000 -0.2373
220.0000 -0.2453
221.0000 -0.2512
222.0000 -0.2558
223.0000 -0.2594
224.0000 -0.2623
225.0000 -0.2648
226.0000 -0.2670
227.0000 -0.2690
228.0000 -0.2711
229.0000 -0.2733
230.0000 -0.2754
231.0000 -0.2776
232.0000 -0.2800
233.0000 -0.2827
234.0000 -0.2853
235.0000 -0.2879
236.0000 -0.2906
237.0000 -0.2934
238.0000 -0.2961
239.0000 -0.2989
240.0000 -0.3018
241.0000 -0.3045
242.0000 -0.3074
243.0000 -0.3100
244.0000 -0.3127
245.0000 -0.3152
246.0000 -0.3179
247.0000 -0.3206
248.0000 -0.3232
249.0000 -0.3255
250.0000 -0.3278
251.0000 -0.3302
252.0000 -0.3325
253.0000 -0.3347
254.0000 -0.3368
255.0000 -0.3390
256.0000 -0.3410
257.0000 -0.3430
258.0000 -0.3449
259.0000 -0.3467
260.0000 -0.3486
261.0000 -0.3503
262.0000 -0.3519
263.0000 -0.3535
264.0000 -0.3551
265.0000 -0.3566
266.0000 -0.3581
267.0000 -0.3596
268.0000 -0.3611
269.0000 -0.3625
270.0000 -0.3639
271.0000 -0.3653
272.0000 -0.3667
273.0000 -0.3681
274.0000 -0.3694
275.0000 -0.3709
276.0000 -0.3722
277.0000 -0.3735
278.0000 -0.3749
279.0000 -0.3762
280.0000 -0.3775
281.0000 -0.3777
282.0000 -0.3771
283.0000 -0.3764
284.0000 -0.3760
285.0000 -0.3759
286.0000 -0.3761
287.0000 -0.3765
288.0000 -0.3769
289.0000 -0.3773
290.0000 -0.3776
291.0000 -0.3778
292.0000 -0.3779
293.0000 -0.3778
294.0000 -0.3777
295.0000 -0.3776
296.0000 -0.3774
297.0000 -0.3772
298.0000 -0.3771
299.0000 -0.3769
300.0000 -0.3768
301.0000 -0.3766
302.0000 -0.3765
303.0000 -0.3765
304.0000 -0.3764
305.0000 -0.3764
306.0000 -0.3764
307.0000 -0.3764
308.0000 -0.3764
309.0000 -0.3765
310.0000 -0.3765
311.0000 -0.3766
312.0000 -0.3767
313.0000 -0.3768
314.0000 -0.3769
315.0000 -0.3770
316.0000 -0.3771
317.0000 -0.3772
318.0000 -0.3773
319.0000 -0.3775
320.0000 -0.3776
321.0000 -0.3778
322.0000 -0.3779
323.0000 -0.3781
324.0000 -0.3782
325.0000 -0.3784
326.0000 -0.3786
327.0000 -0.3787
328.0000 -0.3789
329.0000 -0.3791
330.0000 -0.3793
331.0000 -0.3794
332.0000 -0.3796
333.0000 -0.3798
334.0000 -0.3800
335.0000 -0.3802
336.0000 -0.3804
337.0000 -0.3806
338.0000 -0.3808
339.0000 -0.3810
340.0000 -0.3812
341.0000 -0.3813
342.0000 -0.3815
343.0000 -0.3817
344.0000 -0.3819
345.0000 -0.3821
346.0000 -0.3823
347.0000 -0.3825
348.0000 -0.3827
349.0000 -0.3829
350.0000 -0.3831
351.0000 -0.3832
352.0000 -0.3834
353.0000 -0.3836
354.0000 -0.3838
355.0000 -0.3840
356.0000 -0.3841
357.0000 -0.3843
358.0000 -0.3845
359.0000 -0.3847
360.0000 -0.3848
361.0000 -0.3850
362.0000 -0.3852
363.0000 -0.3853
364.0000 -0.3855
365.0000 -0.3857
366.0000 -0.3858
367.0000 -0.3860
368.0000 -0.3862
369.0000 -0.3863
370.0000 -0.3865
371.0000 -0.3866
372.0000 -0.3868
373.0000 -0.3869
374.0000 -0.3871
375.0000 -0.3872
376.0000 -0.3873
377.0000 -0.3875
378.0000 -0.3876
379.0000 -0.3877
380.0000 -0.3879
381.0000 -0.3880
382.0000 -0.3881
383.0000 -0.3882
384.0000 -0.3884
385.0000 -0.3885
386.0000 -0.3886
387.0000 -0.3887
388.0000 -0.3888
389.0000 -0.3889
390.0000 -0.3890
391.0000 -0.3891
392.0000 -0.3892
393.0000 -0.3893
394.0000 -0.3894
395.0000 -0.3895
396.0000 -0.3896
397.0000 -0.3897
398.0000 -0.3898
399.0000 -0.3899
400.0000 -0.3900
401.0000 -0.3900
402.0000 -0.3901
403.0000 -0.3902
404.0000 -0.3903
405.0000 -0.3904
406.0000 -0.3904
407.0000 -0.3905
408.0000 -0.3906
409.0000 -0.3906
410.0000 -0.3907
411.0000 -0.3908
412.0000 -0.3908
413.0000 -0.3909
414.0000 -0.3910
415.0000 -0.3910
416.0000 -0.3911
417.0000 -0.3912
418.0000 -0.3912
419.0000 -0.3913
420.0000 -0.3913
421.0000 -0.3914
422.0000 -0.3914
423.0000 -0.3915
424.0000 -0.3915
425.0000 -0.3916
426.0000 -0.3917
427.0000 -0.3917
428.0000 -0.3917
429.0000 -0.3918
430.0000 -0.3918
431.0000 -0.3919
432.0000 -0.3919
433.0000 -0.3920
434.0000 -0.3920
435.0000 -0.3921
436.0000 -0.3921
437.0000 -0.3922
438.0000 -0.3922
439.0000 -0.3922
440.0000 -0.3923
441.0000 -0.3923
442.0000 -0.3923
443.0000 -0.3924
444.0000 -0.3924
445.0000 -0.3925
446.0000 -0.3925
447.0000 -0.3925
448.0000 -0.3926
449.0000 -0.3926
450.0000 -0.3926
451.0000 -0.3927
452.0000 -0.3927
453.0000 -0.3927
454.0000 -0.3928
455.0000 -0.3928
456.0000 -0.3928
457.0000 -0.3928
458.0000 -0.3929
459.0000 -0.3929
460.0000 -0.3929
461.0000 -0.3930
462.0000 -0.3930
463.0000 -0.3930
464.0000 -0.3930
465.0000 -0.3931
466.0000 -0.3931
467.0000 -0.3931
468.0000 -0.3931
469.0000 -0.3932
470.0000 -0.3932
471.0000 -0.3932
472.0000 -0.3932
473.0000 -0.3933
474.0000 -0.3933
475.0000 -0.3933
476.0000 -0.3933
477.0000 -0.3934
478.0000 -0.3934
479.0000 -0.3934
480.0000 -0.3934
481.0000 -0.3934
482.0000 -0.3935
483.0000 -0.3935
484.0000 -0.3935
485.0000 -0.3935
486.0000 -0.3935
487.0000 -0.3935
488.0000 -0.3936
489.0000 -0.3936
490.0000 -0.3936
491.0000 -0.3936
492.0000 -0.3936
493.0000 -0.3937
494.0000 -0.3937
495.0000 -0.3937
496.0000 -0.3937
497.0000 -0.3937
498.0000 -0.3937
499.0000 -0.3937
500.0000 0.3621
501.0000 0.4583
502.0000 0.3133
503.0000 0.1326
504.0000 -0.0084
505.0000 -0.0956
506.0000 -0.1368
507.0000 -0.1443
508.0000 -0.1293
509.0000 -0.1004
510.0000 -0.0644
511.0000 -0.0260
512.0000 0.0112
513.0000 0.0451
514.0000 0.0746
515.0000 0.0993
516.0000 0.1195
517.0000 0.1354
518.0000 0.1478
519.0000 0.1571
520.0000 0.1641
521.0000 0.1694
522.0000 0.1734
523.0000 0.1766
524.0000 0.1791
525.0000 0.1813
526.0000 0.1832
527.0000 0.1851
528.0000 0.1869
529.0000 0.1889
530.0000 0.1907
531.0000 0.1926
532.0000 0.1948
533.0000 0.1971
534.0000 0.1994
535.0000 0.2017
536.0000 0.2041
537.0000 0.2065
538.0000 0.2089
539.0000 0.2114
540.0000 0.2139
541.0000 0.2163
542.0000 0.2188
543.0000 0.2212
544.0000 0.2235
545.0000 0.2258
546.0000 0.2281
547.0000 0.2305
548.0000 0.2328
549.0000 0.2348
550.0000 0.2368
551.0000 0.2389
552.0000 0.2410
553.0000 0.2429
554.0000 0.2448
555.0000 0.2466
556.0000 0.2484
557.0000 0.2502
558.0000 0.2518
559.0000 0.2535
560.0000 0.2551
561.0000 0.2566
562.0000 0.2580
563.0000 0.2594
564.0000 0.2608
565.0000 0.2621
566.0000 0.2634
567.0000 0.2648
568.0000 0.2661
569.0000 0.2674
570.0000 0.2686
571.0000 0.2698
572.0000 0.2711
573.0000 0.2723
574.0000 0.2735
575.0000 0.2747
576.0000 0.2759
577.0000 0.2771
578.0000 0.2783
579.0000 0.2794
580.0000 0.2806
581.0000 0.2807
582.0000 0.2802
583.0000 0.2797
584.0000 0.2793
585.0000 0.2792
586.0000 0.2794
587.0000 0.2797
588.0000 0.2801
589.0000 0.2805
590.0000 0.2807
591.0000 0.2809
592.0000 0.2810
593.0000 0.2809
594.0000 0.2809
595.0000 0.2807
596.0000 0.2806
597.0000 0.2804
598.0000 0.2803
599.0000 0.2802
600.0000 0.2800
601.0000 0.2799
602.0000 0.2798
603.0000 0.2798
604.0000 0.2798
605.0000 0.2797
606.0000 0.2797
607.0000 0.2797
608.0000 0.2798
609.0000 0.2798
610.0000 0.2799
611.0000 0.2799
612.0000 0.2800
613.0000 0.2801
614.0000 0.2802
615.0000 0.2803
616.0000 0.2804
617.0000 0.2805
618.0000 0.2806
619.0000 0.2808
620.0000 0.2809
621.0000 0.2810
622.0000 0.2811
623.0000 0.2813
624.0000 0.2814
625.0000 0.2816
626.0000 0.2817
627.0000 0.2819
628.0000 0.2820
629.0000 0.2822
630.0000 0.2823
631.0000 0.2825
632.0000 0.2827
633.0000 0.2828
634.0000 0.2830
635.0000 0.2832
636.0000 0.2833
637.0000 0.2835
638.0000 0.2837
639.0000 0.2839
640.0000 0.2840
641.0000 0.2842
642.0000 0.2844
643.0000 0.2845
644.0000 0.2847
645.0000 0.2849
646.0000 0.2851
647.0000 0.2852
648.0000 0.2854
649.0000 0.2856
650.0000 0.2857
651.0000 0.2859
652.0000 0.2860
653.0000 0.2862
654.0000 0.2864
655.0000 0.2865
656.0000 0.2867
657.0000 0.2868
658.0000 0.2870
659.0000 0.2871
660.0000 0.2873
661.0000 0.2874
662.0000 0.2876
663.0000 0.2877
664.0000 0.2879
665.0000 0.2880
666.0000 0.2882
667.0000 0.2883
668.0000 0.2885
669.0000 0.2886
670.0000 0.2887
671.0000 0.2889
672.0000 0.2890
673.0000 0.2891
674.0000 0.2893
675.0000 0.2894
676.0000 0.2895
677.0000 0.2896
678.0000 0.2897
679.0000 0.2899
680.0000 0.2900
681.0000 0.2901
682.0000 0.2902
683.0000 0.2903
684.0000 0.2904
685.0000 0.2905
686.0000 0.2906
687.0000 0.2907
688.0000 0.2908
689.0000 0.2909
690.0000 0.2910
691.0000 0.2911
692.0000 0.2912
693.0000 0.2913
694.0000 0.2913
695.0000 0.2914
696.0000 0.2915
697.0000 0.2916
698.0000 0.2917
699.0000 0.2917
700.0000 0.2918
701.0000 0.2919
702.0000 0.2920
703.0000 0.2920
704.0000 0.2921
705.0000 0.2922
706.0000 0.2922
707.0000 0.2923
708.0000 0.2924
709.0000 0.2924
710.0000 0.2925
711.0000 0.2926
712.0000 0.2926
713.0000 0.2927
714.0000 0.2927
715.0000 0.2928
716.0000 0.2928
717.0000 0.2929
718.0000 0.2929
719.0000 0.2930
720.0000 0.2930
721.0000 0.2931
722.0000 0.2931
723.0000 0.2932
724.0000 0.2932
725.0000 0.2933
726.0000 0.2933
727.0000 0.2934
728.0000 0.2934
729.0000 0.2935
730.0000 0.2935
731.0000 0.2935
732.0000 0.2936
733.0000 0.2936
734.0000 0.2937
735.0000 0.2937
736.0000 0.2937
737.0000 0.2938
738.0000 0.2938
739.0000 0.2938
740.0000 0.2939
741.0000 0.2939
742.0000 0.2939
743.0000 0.2940
744.0000 0.2940
745.0000 0.2940
746.0000 0.2941
747.0000 0.2941
748.0000 0.2941
749.0000 0.2942
750.0000 0.2942
751.0000 0.2942
752.0000 0.2943
753.0000 0.2943
754.0000 0.2943
755.0000 0.2943
756.0000 0.2944
757.0000 0.2944
758.0000 0.2944
759.0000 0.2944
760.0000 0.2945
761.0000 0.2945
762.0000 0.2945
763.0000 0.2945
764.0000 0.2946
765.0000 0.2946
766.0000 0.2946
767.0000 0.2946
768.0000 0.2947
769.0000 0.2947
770.0000 0.2947
771.0000 0.2947
772.0000 0.2947
773.0000 0.2948
774.0000 0.2948
775.0000 0.2948
776.0000 0.2948
777.0000 0.2948
778.0000 0.2949
779.0000 0.2949
780.0000 0.2949
781.0000 0.2949
782.0000 0.2949
783.0000 0.2949
784.0000 0.2950
785.0000 0.2950
786.0000 0.2950
787.0000 0.2950
788.0000 0.2950
789.0000 0.2950
790.0000 0.2951
791.0000 0.2951
792.0000 0.2951
793.0000 0.2951
794.0000 0.2951
795.0000 0.2951
796.0000 0.2951
797.0000 0.2952
798.0000 0.2952
799.0000 0.2952
800.0000 -0.0287
801.0000 -0.0700
802.0000 -0.0078
803.0000 0.0696
804.0000 0.1301
805.0000 0.1674
806.0000 0.1851
807.0000 0.1883
808.0000 0.1819
809.0000 0.1695
810.0000 0.1541
811.0000 0.1377
812.0000 0.1217
813.0000 0.1072
814.0000 0.0946
815.0000 0.0840
816.0000 0.0753
817.0000 0.0685
818.0000 0.0632
819.0000 0.0592
820.0000 0.0562
821.0000 0.0540
822.0000 0.0522
823.0000 0.0509
824.0000 0.0498
825.0000 0.0489
826.0000 0.0481
827.0000 0.0473
828.0000 0.0465
829.0000 0.0457
830.0000 0.0449
831.0000 0.0441
832.0000 0.0431
833.0000 0.0421
834.0000 0.0412
835.0000 0.0402
836.0000 0.0392
837.0000 0.0381
838.0000 0.0371
839.0000 0.0360
840.0000 0.0350
841.0000 0.0339
842.0000 0.0329
843.0000 0.0319
844.0000 0.0309
845.0000 0.0299
846.0000 0.0289
847.0000 0.0279
848.0000 0.0269
849.0000 0.0261
850.0000 0.0252
851.0000 0.0243
852.0000 0.0234
853.0000 0.0226
854.0000 0.0218
855.0000 0.0210
856.0000 0.0202
857.0000 0.0195
858.0000 0.0188
859.0000 0.0181
860.0000 0.0174
861.0000 0.0167
862.0000 0.0161
863.0000 0.0155
864.0000 0.0149
865.0000 0.0144
866.0000 0.0138
867.0000 0.0132
868.0000 0.0127
869.0000 0.0121
870.0000 0.0116
871.0000 0.0111
872.0000 0.0106
873.0000 0.0100
874.0000 0.0095
875.0000 0.0090
876.0000 0.0085
877.0000 0.0080
878.0000 0.0075
879.0000 0.0070
880.0000 0.0065
881.0000 0.0064
882.0000 0.0066
883.0000 0.0069
884.0000 0.0071
885.0000 0.0071
886.0000 0.0070
887.0000 0.0069
888.0000 0.0067
889.0000 0.0066
890.0000 0.0065
891.0000 0.0064
892.0000 0.0064
893.0000 0.0064
894.0000 0.0064
895.0000 0.0064
896.0000 0.0065
897.0000 0.0066
898.0000 0.0066
899.0000 0.0067
900.0000 0.0068
901.0000 0.0068
902.0000 0.0068
903.0000 0.0069
904.0000 0.0069
905.0000 0.0069
906.0000 0.0069
907.0000 0.0069
908.0000 0.0069
909.0000 0.0069
910.0000 0.0068
911.0000 0.0068
912.0000 0.0068
913.0000 0.0067
914.0000 0.0067
915.0000 0.0067
916.0000 0.0066
917.0000 0.0066
918.0000 0.0065
919.0000 0.0065
920.0000 0.0064
921.0000 0.0064
922.0000 0.0063
923.0000 0.0062
924.0000 0.0062
925.0000 0.0061
926.0000 0.0061
927.0000 0.0060
928.0000 0.0059
929.0000 0.0059
930.0000 0.0058
931.0000 0.0057
932.0000 0.0057
933.0000 0.0056
934.0000 0.0055
935.0000 0.0054
936.0000 0.0054
937.0000 0.0053
938.0000 0.0052
939.0000 0.0052
940.0000 0.0051
941.0000 0.0050
942.0000 0.0049
943.0000 0.0049
944.0000 0.0048
945.0000 0.0047
946.0000 0.0046
947.0000 0.0046
948.0000 0.0045
949.0000 0.0044
950.0000 0.0044
951.0000 0.0043
952.0000 0.0042
953.0000 0.0042
954.0000 0.0041
955.0000 0.0040
956.0000 0.0040
957.0000 0.0039
958.0000 0.0038
959.0000 0.0038
960.0000 0.0037
961.0000 0.0036
962.0000 0.0036
963.0000 0.0035
964.0000 0.0034
965.0000 0.0034
966.0000 0.0033
967.0000 0.0033
968.0000 0.0032
969.0000 0.0031
970.0000 0.0031
971.0000 0.0030
972.0000 0.0030
973.0000 0.0029
974.0000 0.0029
975.0000 0.0028
976.0000 0.0028
977.0000 0.0027
978.0000 0.0027
979.0000 0.0026
980.0000 0.0026
981.0000 0.0025
982.0000 0.0025
983.0000 0.0024
984.0000 0.0024
985.0000 0.0023
986.0000 0.0023
987.0000 0.0022
988.0000 0.0022
989.0000 0.0022
990.0000 0.0021
991.0000 0.0021
992.0000 0.0020
993.0000 0.0020
994.0000 0.0020
995.0000 0.0019
996.0000 0.0019
997.0000 0.0019
998.0000 0.0018
999.0000 0.0018
1000.0000 0.0018
1001.0000 0.0017
1002.0000 0.0017
1003.0000 0.0017
1004.0000 0.0016
1005.0000 0.0016
1006.0000 0.0016
1007.0000 0.0016
1008.0000 0.0015
1009.0000 0.0015
1010.0000 0.0015
1011.0000 0.0015
1012.0000 0.0014
1013.0000 0.0014
1014.0000 0.0014
1015.0000 0.0014
1016.0000 0.0013
1017.0000 0.0013
1018.0000 0.0013
1019.0000 0.0013
1020.0000 0.0012
1021.0000 0.0012
1022.0000 0.0012
1023.0000 0.0012
1024.0000 0.0012
1025.0000 0.0011
1026.0000 0.0011
1027.0000 0.0011
1028.0000 0.0011
1029.0000 0.0011
1030.0000 0.0011
1031.0000 0.0010
1032.0000 0.0010
1033.0000 0.0010
1034.0000 0.0010
1035.0000 0.0010
1036.0000 0.0010
1037.0000 0.0009
1038.0000 0.0009
1039.0000 0.0009
1040.0000 0.0009
1041.0000 0.0009
1042.0000 0.0009
1043.0000 0.0009
1044.0000 0.0008
1045.0000 0.0008
1046.0000 0.0008
1047.0000 0.0008
1048.0000 0.0008
1049.0000 0.0008
1050.0000 0.0008
1051.0000 0.0007
1052.0000 0.0007
1053.0000 0.0007
1054.0000 0.0007
1055.0000 0.0007
1056.0000 0.0007
1057.0000 0.0007
1058.0000 0.0007
1059.0000 0.0007
1060.0000 0.0006
1061.0000 0.0006
1062.0000 0.0006
1063.0000 0.0006
1064.0000 0.0006
1065.0000 0.0006
1066.0000 0.0006
1067.0000 0.0006
1068.0000 0.0006
1069.0000 0.0006
1070.0000 0.0005
1071.0000 0.0005
1072.0000 0.0005
1073.0000 0.0005
1074.0000 0.0005
1075.0000 0.0005
1076.0000 0.0005
1077.0000 0.0005
1078.0000 0.0005
1079.0000 0.0005
1080.0000 0.0005
1081.0000 0.0005
1082.0000 0.0004
1083.0000 0.0004
1084.0000 0.0004
1085.0000 0.0004
1086.0000 0.0004
1087.0000 0.0004
1088.0000 0.0004
1089.0000 0.0004
1090.0000 0.0004
1091.0000 0.0004
1092.0000 0.0004
1093.0000 0.0004
1094.0000 0.0004
1095.0000 0.0004
1096.0000 0.0004
1097.0000 0.0003
1098.0000 0.0003
1099.0000 0.0003
1100.0000 0.0003
