1.0000 0.0000
2.0000 0.0000
3.0000 0.0000
4.0000 0.0000
5.0000 0.0000
6.0000 0.0000
7.0000 0.0000
8.0000 0.0000
9.0000 0.0000
10.0000 1.4745
11.0000 1.9368
12.0000 1.9081
13.0000 1.6868
14.0000 1.4228
15.0000 1.1827
16.0000 0.9913
17.0000 0.8532
18.0000 0.7634
19.0000 0.7130
20.0000 0.6918
21.0000 0.6901
22.0000 0.7000
23.0000 0.7153
24.0000 0.7319
25.0000 0.7472
26.0000 0.7599
27.0000 0.7696
28.0000 0.7764
29.0000 0.7804
30.0000 0.7825
31.0000 0.7831
32.0000 0.7826
33.0000 0.7815
34.0000 0.7800
35.0000 0.7783
36.0000 0.7766
37.0000 0.7749
38.0000 0.7733
39.0000 0.7719
40.0000 0.7706
41.0000 0.7694
42.0000 0.7684
43.0000 0.7675
44.0000 0.7666
45.0000 0.7659
46.0000 0.7653
47.0000 0.7648
48.0000 0.7643
49.0000 0.7639
50.0000 0.7635
51.0000 0.7632
52.0000 0.7630
53.0000 0.7627
54.0000 0.7625
55.0000 0.7623
56.0000 0.7621
57.0000 0.7620
58.0000 0.7619
59.0000 0.7617
60.0000 0.7615
61.0000 0.7613
62.0000 0.7611
63.0000 0.7609
64.0000 0.7607
65.0000 0.7606
66.0000 0.7604
67.0000 0.7603
68.0000 0.7602
69.0000 0.7600
70.0000 0.7598
71.0000 0.7596
72.0000 0.7593
73.0000 0.7591
74.0000 0.7589
75.0000 0.7587
76.0000 0.7586
77.0000 0.7585
78.0000 0.7583
79.0000 0.7581
80.0000 0.7580
81.0000 0.7578
82.0000 0.7577
83.0000 0.7577
84.0000 0.7577
85.0000 0.7579
86.0000 0.7580
87.0000 0.7584
88.0000 0.7588
89.0000 0.7594
90.0000 0.7601
91.0000 0.7597
92.0000 0.7587
93.0000 0.7576
94.0000 0.7567
95.0000 0.7563
96.0000 0.7562
97.0000 0.7563
98.0000 0.7566
99.0000 0.7568
100.0000 0.7571
101.0000 0.7573
102.0000 0.7574
103.0000 0.7574
104.0000 0.7574
105.0000 0.7574
106.0000 0.7574
107.0000 0.7573
108.0000 0.7573
109.0000 0.7573
110.0000 0.7573
111.0000 0.7572
112.0000 0.7573
113.0000 0.7573
114.0000 0.7573
115.0000 0.7573
116.0000 0.7574
117.0000 0.7574
118.0000 0.7575
119.0000 0.7575
120.0000 0.7575
121.0000 0.7576
122.0000 0.7576
123.0000 0.7577
124.0000 0.7577
125.0000 0.7578
126.0000 0.7578
127.0000 0.7578
128.0000 0.7579
129.0000 0.7579
130.0000 0.7579
131.0000 0.7579
132.0000 0.7580
133.0000 0.7580
134.0000 0.7580
135.0000 0.7580
136.0000 0.7581
137.0000 0.7581
138.0000 0.7581
139.0000 0.7581
140.0000 0.7581
141.0000 0.7581
142.0000 0.7582
143.0000 0.7582
144.0000 0.7582
145.0000 0.7582
146.0000 0.7582
147.0000 0.7582
148.0000 0.7582
149.0000 0.7582
150.0000 0.7583
151.0000 0.7583
152.0000 0.7583
153.0000 0.7583
154.0000 0.7583
155.0000 0.7583
156.0000 0.7583
157.0000 0.7583
158.0000 0.7583
159.0000 0.7583
160.0000 0.7583
161.0000 0.7584
162.0000 0.7584
163.0000 0.7584
164.0000 0.7584
165.0000 0.7584
166.0000 0.7584
167.0000 0.7584
168.0000 0.7584
169.0000 0.7584
170.0000 0.7584
171.0000 0.7584
172.0000 0.7584
173.0000 0.7584
174.0000 0.7584
175.0000 0.7584
176.0000 0.7584
177.0000 0.7584
178.0000 0.7584
179.0000 0.7584
180.0000 0.7584
181.0000 0.7584
182.0000 0.7584
183.0000 0.7584
184.0000 0.7584
185.0000 0.7584
186.0000 0.7584
187.0000 0.7584
188.0000 0.7584
189.0000 0.7584
190.0000 0.7584
191.0000 0.7584
192.0000 0.7584
193.0000 0.7584
194.0000 0.7584
195.0000 0.7584
196.0000 0.7584
197.0000 0.7584
198.0000 0.7584
199.0000 0.7584
200.0000 -2.1905
201.0000 -3.1152
202.0000 -3.0577
203.0000 -2.6152
204.0000 -2.0872
205.0000 -1.6070
206.0000 -1.2241
207.0000 -0.9479
208.0000 -0.7684
209.0000 -0.6676
210.0000 -0.6251
211.0000 -0.6217
212.0000 -0.6415
213.0000 -0.6722
214.0000 -0.7053
215.0000 -0.7359
216.0000 -0.7614
217.0000 -0.7808
218.0000 -0.7943
219.0000 -0.8024
220.0000 -0.8066
221.0000 -0.8078
222.0000 -0.8068
223.0000 -0.8045
224.0000 -0.8015
225.0000 -0.7981
226.0000 -0.7947
227.0000 -0.7914
228.0000 -0.7882
229.0000 -0.7854
230.0000 -0.7827
231.0000 -0.7803
232.0000 -0.7782
233.0000 -0.7764
234.0000 -0.7748
235.0000 -0.7734
236.0000 -0.7721
237.0000 -0.7711
238.0000 -0.7701
239.0000 -0.7693
240.0000 -0.7686
241.0000 -0.7680
242.0000 -0.7676
243.0000 -0.7670
244.0000 -0.7666
245.0000 -0.7661
246.0000 -0.7657
247.0000 -0.7656
248.0000 -0.7653
249.0000 -0.7648
250.0000 -0.7645
251.0000 -0.7642
252.0000 -0.7638
253.0000 -0.7633
254.0000 -0.7630
255.0000 -0.7627
256.0000 -0.7624
257.0000 -0.7621
258.0000 -0.7619
259.0000 -0.7615
260.0000 -0.7612
261.0000 -0.7607
262.0000 -0.7602
263.0000 -0.7597
264.0000 -0.7594
265.0000 -0.7590
266.0000 -0.7587
267.0000 -0.7584
268.0000 -0.7582
269.0000 -0.7578
270.0000 -0.7575
271.0000 -0.7572
272.0000 -0.7570
273.0000 -0.7569
274.0000 -0.7570
275.0000 -0.7572
276.0000 -0.7576
277.0000 -0.7583
278.0000 -0.7592
279.0000 -0.7604
280.0000 -0.7617
281.0000 -0.7609
282.0000 -0.7588
283.0000 -0.7566
284.0000 -0.7550
285.0000 -0.7541
286.0000 -0.7539
287.0000 -0.7541
288.0000 -0.7546
289.0000 -0.7552
290.0000 -0.7556
291.0000 -0.7560
292.0000 -0.7562
293.0000 -0.7564
294.0000 -0.7564
295.0000 -0.7564
296.0000 -0.7563
297.0000 -0.7562
298.0000 -0.7561
299.0000 -0.7560
300.0000 -0.7560
301.0000 -0.7560
302.0000 -0.7560
303.0000 -0.7560
304.0000 -0.7561
305.0000 -0.7562
306.0000 -0.7562
307.0000 -0.7563
308.0000 -0.7564
309.0000 -0.7565
310.0000 -0.7566
311.0000 -0.7567
312.0000 -0.7568
313.0000 -0.7568
314.0000 -0.7569
315.0000 -0.7570
316.0000 -0.7571
317.0000 -0.7571
318.0000 -0.7572
319.0000 -0.7573
320.0000 -0.7573
321.0000 -0.7574
322.0000 -0.7574
323.0000 -0.7575
324.0000 -0.7575
325.0000 -0.7576
326.0000 -0.7576
327.0000 -0.7576
328.0000 -0.7577
329.0000 -0.7577
330.0000 -0.7577
331.0000 -0.7578
332.0000 -0.7578
333.0000 -0.7578
334.0000 -0.7579
335.0000 -0.7579
336.0000 -0.7579
337.0000 -0.7579
338.0000 -0.7580
339.0000 -0.7580
340.0000 -0.7580
341.0000 -0.7580
342.0000 -0.7580
343.0000 -0.7581
344.0000 -0.7581
345.0000 -0.7581
346.0000 -0.7581
347.0000 -0.7581
348.0000 -0.7582
349.0000 -0.7582
350.0000 -0.7582
351.0000 -0.7582
352.0000 -0.7582
353.0000 -0.7582
354.0000 -0.7582
355.0000 -0.7582
356.0000 -0.7582
357.0000 -0.7582
358.0000 -0.7583
359.0000 -0.7583
360.0000 -0.7583
361.0000 -0.7583
362.0000 -0.7583
363.0000 -0.7583
364.0000 -0.7583
365.0000 -0.7583
366.0000 -0.7583
367.0000 -0.7583
368.0000 -0.7583
369.0000 -0.7583
370.0000 -0.7583
371.0000 -0.7583
372.0000 -0.7583
373.0000 -0.7583
374.0000 -0.7583
375.0000 -0.7583
376.0000 -0.7584
377.0000 -0.7584
378.0000 -0.7584
379.0000 -0.7584
380.0000 -0.7584
381.0000 -0.7584
382.0000 -0.7584
383.0000 -0.7584
384.0000 -0.7584
385.0000 -0.7584
386.0000 -0.7584
387.0000 -0.7584
388.0000 -0.7584
389.0000 -0.7584
390.0000 -0.7584
391.0000 -0.7584
392.0000 -0.7584
393.0000 -0.7584
394.0000 -0.7584
395.0000 -0.7584
396.0000 -0.7584
397.0000 -0.7584
398.0000 -0.7584
399.0000 -0.7584
400.0000 -0.7584
401.0000 -0.7584
402.0000 -0.7584
403.0000 -0.7584
404.0000 -0.7584
405.0000 -0.7584
406.0000 -0.7584
407.0000 -0.7584
408.0000 -0.7584
409.0000 -0.7584
410.0000 -0.7584
411.0000 -0.7584
412.0000 -0.7584
413.0000 -0.7584
414.0000 -0.7584
415.0000 -0.7584
416.0000 -0.7584
417.0000 -0.7584
418.0000 -0.7584
419.0000 -0.7584
420.0000 -0.7584
421.0000 -0.7584
422.0000 -0.7584
423.0000 -0.7584
424.0000 -0.7584
425.0000 -0.7584
426.0000 -0.7584
427.0000 -0.7584
428.0000 -0.7584
429.0000 -0.7584
430.0000 -0.7584
431.0000 -0.7584
432.0000 -0.7584
433.0000 -0.7584
434.0000 -0.7584
435.0000 -0.7584
436.0000 -0.7584
437.0000 -0.7584
438.0000 -0.7584
439.0000 -0.7584
440.0000 -0.7584
441.0000 -0.7584
442.0000 -0.7584
443.0000 -0.7584
444.0000 -0.7584
445.0000 -0.7584
446.0000 -0.7584
447.0000 -0.7584
448.0000 -0.7584
449.0000 -0.7584
450.0000 -0.7584
451.0000 -0.7584
452.0000 -0.7585
453.0000 -0.7585
454.0000 -0.7585
455.0000 -0.7585
456.0000 -0.7585
457.0000 -0.7585
458.0000 -0.7585
459.0000 -0.7585
460.0000 -0.7585
461.0000 -0.7585
462.0000 -0.7585
463.0000 -0.7585
464.0000 -0.7585
465.0000 -0.7585
466.0000 -0.7585
467.0000 -0.7585
468.0000 -0.7585
469.0000 -0.7585
470.0000 -0.7585
471.0000 -0.7585
472.0000 -0.7585
473.0000 -0.7585
474.0000 -0.7585
475.0000 -0.7585
476.0000 -0.7585
477.0000 -0.7585
478.0000 -0.7585
479.0000 -0.7585
480.0000 -0.7585
481.0000 -0.7585
482.0000 -0.7585
483.0000 -0.7585
484.0000 -0.7585
485.0000 -0.7585
486.0000 -0.7585
487.0000 -0.7585
488.0000 -0.7585
489.0000 -0.7585
490.0000 -0.7585
491.0000 -0.7585
492.0000 -0.7585
493.0000 -0.7585
494.0000 -0.7585
495.0000 -0.7585
496.0000 -0.7585
497.0000 -0.7585
498.0000 -0.7585
499.0000 -0.7585
500.0000 1.8218
501.0000 2.6310
502.0000 2.5807
503.0000 2.1935
504.0000 1.7315
505.0000 1.3113
506.0000 0.9763
507.0000 0.7345
508.0000 0.5775
509.0000 0.4893
510.0000 0.4521
511.0000 0.4492
512.0000 0.4665
513.0000 0.4933
514.0000 0.5223
515.0000 0.5491
516.0000 0.5714
517.0000 0.5883
518.0000 0.6001
519.0000 0.6073
520.0000 0.6109
521.0000 0.6119
522.0000 0.6111
523.0000 0.6091
524.0000 0.6064
525.0000 0.6035
526.0000 0.6005
527.0000 0.5976
528.0000 0.5948
529.0000 0.5923
530.0000 0.5900
531.0000 0.5879
532.0000 0.5861
533.0000 0.5845
534.0000 0.5831
535.0000 0.5819
536.0000 0.5807
537.0000 0.5798
538.0000 0.5790
539.0000 0.5783
540.0000 0.5777
541.0000 0.5771
542.0000 0.5768
543.0000 0.5763
544.0000 0.5759
545.0000 0.5755
546.0000 0.5752
547.0000 0.5751
548.0000 0.5748
549.0000 0.5744
550.0000 0.5741
551.0000 0.5738
552.0000 0.5735
553.0000 0.5731
554.0000 0.5728
555.0000 0.5725
556.0000 0.5723
557.0000 0.5720
558.0000 0.5719
559.0000 0.5715
560.0000 0.5712
561.0000 0.5707
562.0000 0.5703
563.0000 0.5699
564.0000 0.5696
565.0000 0.5693
566.0000 0.5690
567.0000 0.5688
568.0000 0.5686
569.0000 0.5682
570.0000 0.5679
571.0000 0.5677
572.0000 0.5675
573.0000 0.5675
574.0000 0.5675
575.0000 0.5677
576.0000 0.5681
577.0000 0.5686
578.0000 0.5695
579.0000 0.5705
580.0000 0.5716
581.0000 0.5710
582.0000 0.5692
583.0000 0.5672
584.0000 0.5658
585.0000 0.5650
586.0000 0.5648
587.0000 0.5651
588.0000 0.5655
589.0000 0.5659
590.0000 0.5664
591.0000 0.5667
592.0000 0.5669
593.0000 0.5670
594.0000 0.5670
595.0000 0.5670
596.0000 0.5669
597.0000 0.5668
598.0000 0.5668
599.0000 0.5667
600.0000 0.5667
601.0000 0.5667
602.0000 0.5667
603.0000 0.5667
604.0000 0.5668
605.0000 0.5668
606.0000 0.5669
607.0000 0.5670
608.0000 0.5670
609.0000 0.5671
610.0000 0.5672
611.0000 0.5673
612.0000 0.5673
613.0000 0.5674
614.0000 0.5675
615.0000 0.5676
616.0000 0.5676
617.0000 0.5677
618.0000 0.5677
619.0000 0.5678
620.0000 0.5678
621.0000 0.5679
622.0000 0.5679
623.0000 0.5680
624.0000 0.5680
625.0000 0.5680
626.0000 0.5681
627.0000 0.5681
628.0000 0.5681
629.0000 0.5682
630.0000 0.5682
631.0000 0.5682
632.0000 0.5683
633.0000 0.5683
634.0000 0.5683
635.0000 0.5683
636.0000 0.5684
637.0000 0.5684
638.0000 0.5684
639.0000 0.5684
640.0000 0.5684
641.0000 0.5685
642.0000 0.5685
643.0000 0.5685
644.0000 0.5685
645.0000 0.5685
646.0000 0.5685
647.0000 0.5686
648.0000 0.5686
649.0000 0.5686
650.0000 0.5686
651.0000 0.5686
652.0000 0.5686
653.0000 0.5686
654.0000 0.5686
655.0000 0.5686
656.0000 0.5686
657.0000 0.5686
658.0000 0.5687
659.0000 0.5687
660.0000 0.5687
661.0000 0.5687
662.0000 0.5687
663.0000 0.5687
664.0000 0.5687
665.0000 0.5687
666.0000 0.5687
667.0000 0.5687
668.0000 0.5687
669.0000 0.5687
670.0000 0.5687
671.0000 0.5687
672.0000 0.5687
673.0000 0.5687
674.0000 0.5687
675.0000 0.5687
676.0000 0.5687
677.0000 0.5687
678.0000 0.5687
679.0000 0.5687
680.0000 0.5687
681.0000 0.5687
682.0000 0.5688
683.0000 0.5688
684.0000 0.5688
685.0000 0.5688
686.0000 0.5688
687.0000 0.5688
688.0000 0.5688
689.0000 0.5688
690.0000 0.5688
691.0000 0.5688
692.0000 0.5688
693.0000 0.5688
694.0000 0.5688
695.0000 0.5688
696.0000 0.5688
697.0000 0.5688
698.0000 0.5688
699.0000 0.5688
700.0000 0.5688
701.0000 0.5688
702.0000 0.5688
703.0000 0.5688
704.0000 0.5688
705.0000 0.5688
706.0000 0.5688
707.0000 0.5688
708.0000 0.5688
709.0000 0.5688
710.0000 0.5688
711.0000 0.5688
712.0000 0.5688
713.0000 0.5688
714.0000 0.5688
715.0000 0.5688
716.0000 0.5688
717.0000 0.5688
718.0000 0.5688
719.0000 0.5688
720.0000 0.5688
721.0000 0.5688
722.0000 0.5688
723.0000 0.5688
724.0000 0.5688
725.0000 0.5688
726.0000 0.5688
727.0000 0.5688
728.0000 0.5688
729.0000 0.5688
730.0000 0.5688
731.0000 0.5688
732.0000 0.5688
733.0000 0.5688
734.0000 0.5688
735.0000 0.5688
736.0000 0.5688
737.0000 0.5688
738.0000 0.5688
739.0000 0.5688
740.0000 0.5688
741.0000 0.5688
742.0000 0.5688
743.0000 0.5688
744.0000 0.5688
745.0000 0.5688
746.0000 0.5688
747.0000 0.5688
748.0000 0.5688
749.0000 0.5688
750.0000 0.5688
751.0000 0.5688
752.0000 0.5688
753.0000 0.5688
754.0000 0.5688
755.0000 0.5688
756.0000 0.5688
757.0000 0.5688
758.0000 0.5688
759.0000 0.5688
760.0000 0.5688
761.0000 0.5688
762.0000 0.5688
763.0000 0.5688
764.0000 0.5688
765.0000 0.5688
766.0000 0.5688
767.0000 0.5688
768.0000 0.5688
769.0000 0.5688
770.0000 0.5688
771.0000 0.5688
772.0000 0.5688
773.0000 0.5688
774.0000 0.5688
775.0000 0.5688
776.0000 0.5688
777.0000 0.5689
778.0000 0.5689
779.0000 0.5689
780.0000 0.5689
781.0000 0.5689
782.0000 0.5689
783.0000 0.5689
784.0000 0.5689
785.0000 0.5689
786.0000 0.5689
787.0000 0.5689
788.0000 0.5689
789.0000 0.5689
790.0000 0.5689
791.0000 0.5689
792.0000 0.5689
793.0000 0.5689
794.0000 0.5689
795.0000 0.5689
796.0000 0.5689
797.0000 0.5689
798.0000 0.5689
799.0000 0.5689
800.0000 -0.5370
801.0000 -0.8838
802.0000 -0.8622
803.0000 -0.6963
804.0000 -0.4983
805.0000 -0.3182
806.0000 -0.1746
807.0000 -0.0710
808.0000 -0.0037
809.0000 0.0341
810.0000 0.0500
811.0000 0.0513
812.0000 0.0439
813.0000 0.0324
814.0000 0.0200
815.0000 0.0085
816.0000 -0.0011
817.0000 -0.0083
818.0000 -0.0134
819.0000 -0.0165
820.0000 -0.0180
821.0000 -0.0185
822.0000 -0.0181
823.0000 -0.0173
824.0000 -0.0161
825.0000 -0.0148
826.0000 -0.0136
827.0000 -0.0123
828.0000 -0.0111
829.0000 -0.0101
830.0000 -0.0091
831.0000 -0.0082
832.0000 -0.0074
833.0000 -0.0067
834.0000 -0.0061
835.0000 -0.0056
836.0000 -0.0051
837.0000 -0.0047
838.0000 -0.0043
839.0000 -0.0040
840.0000 -0.0038
841.0000 -0.0035
842.0000 -0.0034
843.0000 -0.0032
844.0000 -0.0030
845.0000 -0.0028
846.0000 -0.0027
847.0000 -0.0026
848.0000 -0.0025
849.0000 -0.0024
850.0000 -0.0022
851.0000 -0.0021
852.0000 -0.0020
853.0000 -0.0018
854.0000 -0.0017
855.0000 -0.0016
856.0000 -0.0014
857.0000 -0.0014
858.0000 -0.0013
859.0000 -0.0011
860.0000 -0.0010
861.0000 -0.0008
862.0000 -0.0006
863.0000 -0.0004
864.0000 -0.0003
865.0000 -0.0002
866.0000 -0.0000
867.0000 0.0000
868.0000 0.0001
869.0000 0.0003
870.0000 0.0004
871.0000 0.0005
872.0000 0.0006
873.0000 0.0006
874.0000 0.0006
875.0000 0.0005
876.0000 0.0003
877.0000 0.0001
878.0000 -0.0003
879.0000 -0.0007
880.0000 -0.0012
881.0000 -0.0009
882.0000 -0.0001
883.0000 0.0007
884.0000 0.0013
885.0000 0.0017
886.0000 0.0017
887.0000 0.0016
888.0000 0.0015
889.0000 0.0013
890.0000 0.0011
891.0000 0.0009
892.0000 0.0009
893.0000 0.0008
894.0000 0.0008
895.0000 0.0008
896.0000 0.0008
897.0000 0.0009
898.0000 0.0009
899.0000 0.0009
900.0000 0.0009
901.0000 0.0009
902.0000 0.0009
903.0000 0.0009
904.0000 0.0009
905.0000 0.0009
906.0000 0.0009
907.0000 0.0008
908.0000 0.0008
909.0000 0.0008
910.0000 0.0007
911.0000 0.0007
912.0000 0.0007
913.0000 0.0006
914.0000 0.0006
915.0000 0.0006
916.0000 0.0005
917.0000 0.0005
918.0000 0.0005
919.0000 0.0005
920.0000 0.0005
921.0000 0.0004
922.0000 0.0004
923.0000 0.0004
924.0000 0.0004
925.0000 0.0004
926.0000 0.0003
927.0000 0.0003
928.0000 0.0003
929.0000 0.0003
930.0000 0.0003
931.0000 0.0003
932.0000 0.0003
933.0000 0.0003
934.0000 0.0002
935.0000 0.0002
936.0000 0.0002
937.0000 0.0002
938.0000 0.0002
939.0000 0.0002
940.0000 0.0002
941.0000 0.0002
942.0000 0.0002
943.0000 0.0002
944.0000 0.0002
945.0000 0.0002
946.0000 0.0002
947.0000 0.0001
948.0000 0.0001
949.0000 0.0001
950.0000 0.0001
951.0000 0.0001
952.0000 0.0001
953.0000 0.0001
954.0000 0.0001
955.0000 0.0001
956.0000 0.0001
957.0000 0.0001
958.0000 0.0001
959.0000 0.0001
960.0000 0.0001
961.0000 0.0001
962.0000 0.0001
963.0000 0.0001
964.0000 0.0001
965.0000 0.0001
966.0000 0.0001
967.0000 0.0001
968.0000 0.0001
969.0000 0.0001
970.0000 0.0001
971.0000 0.0001
972.0000 0.0001
973.0000 0.0001
974.0000 0.0001
975.0000 0.0001
976.0000 0.0001
977.0000 0.0001
978.0000 0.0001
979.0000 0.0001
980.0000 0.0001
981.0000 0.0001
982.0000 0.0001
983.0000 0.0001
984.0000 0.0001
985.0000 0.0001
986.0000 0.0001
987.0000 0.0001
988.0000 0.0001
989.0000 0.0001
990.0000 0.0001
991.0000 0.0001
992.0000 0.0001
993.0000 0.0001
994.0000 0.0001
995.0000 0.0001
996.0000 0.0001
997.0000 0.0001
998.0000 0.0001
999.0000 0.0001
1000.0000 0.0001
1001.0000 0.0001
1002.0000 0.0001
1003.0000 0.0001
1004.0000 0.0000
1005.0000 0.0000
1006.0000 0.0000
1007.0000 0.0000
1008.0000 0.0000
1009.0000 0.0000
1010.0000 0.0000
1011.0000 0.0000
1012.0000 0.0000
1013.0000 0.0000
1014.0000 0.0000
1015.0000 0.0000
1016.0000 0.0000
1017.0000 0.0000
1018.0000 0.0000
1019.0000 0.0000
1020.0000 0.0000
1021.0000 0.0000
1022.0000 0.0000
1023.0000 0.0000
1024.0000 0.0000
1025.0000 0.0000
1026.0000 0.0000
1027.0000 0.0000
1028.0000 0.0000
1029.0000 0.0000
1030.0000 0.0000
1031.0000 0.0000
1032.0000 0.0000
1033.0000 0.0000
1034.0000 0.0000
1035.0000 0.0000
1036.0000 0.0000
1037.0000 0.0000
1038.0000 0.0000
1039.0000 0.0000
1040.0000 0.0000
1041.0000 0.0000
1042.0000 0.0000
1043.0000 0.0000
1044.0000 0.0000
1045.0000 0.0000
1046.0000 0.0000
1047.0000 0.0000
1048.0000 0.0000
1049.0000 0.0000
1050.0000 0.0000
1051.0000 0.0000
1052.0000 0.0000
1053.0000 0.0000
1054.0000 0.0000
1055.0000 0.0000
1056.0000 0.0000
1057.0000 0.0000
1058.0000 0.0000
1059.0000 0.0000
1060.0000 0.0000
1061.0000 0.0000
1062.0000 0.0000
1063.0000 0.0000
1064.0000 0.0000
1065.0000 0.0000
1066.0000 0.0000
1067.0000 0.0000
1068.0000 0.0000
1069.0000 0.0000
1070.0000 0.0000
1071.0000 0.0000
1072.0000 0.0000
1073.0000 0.0000
1074.0000 0.0000
1075.0000 0.0000
1076.0000 0.0000
1077.0000 0.0000
1078.0000 0.0000
1079.0000 0.0000
1080.0000 0.0000
1081.0000 0.0000
1082.0000 0.0000
1083.0000 0.0000
1084.0000 0.0000
1085.0000 0.0000
1086.0000 0.0000
1087.0000 0.0000
1088.0000 0.0000
1089.0000 0.0000
1090.0000 0.0000
1091.0000 0.0000
1092.0000 0.0000
1093.0000 0.0000
1094.0000 0.0000
1095.0000 0.0000
1096.0000 0.0000
1097.0000 0.0000
1098.0000 0.0000
1099.0000 0.0000
1100.0000 0.0000
