1.0000 0.0000
2.0000 0.0000
3.0000 0.0000
4.0000 0.0000
5.0000 0.0000
6.0000 0.0000
7.0000 0.0000
8.0000 0.0000
9.0000 0.0000
10.0000 3.6063
11.0000 2.8598
12.0000 1.6719
13.0000 0.8959
14.0000 0.5797
15.0000 0.5375
16.0000 0.5976
17.0000 0.6680
18.0000 0.7174
19.0000 0.7450
20.0000 0.7579
21.0000 0.7636
22.0000 0.7658
23.0000 0.7666
24.0000 0.7668
25.0000 0.7667
26.0000 0.7670
27.0000 0.7664
28.0000 0.7659
29.0000 0.7640
30.0000 0.7634
31.0000 0.7625
32.0000 0.7615
33.0000 0.7605
34.0000 0.7594
35.0000 0.7587
36.0000 0.7579
37.0000 0.7567
38.0000 0.7560
39.0000 0.7557
40.0000 0.7545
41.0000 0.7539
42.0000 0.7543
43.0000 0.7541
44.0000 0.7531
45.0000 0.7530
46.0000 0.7526
47.0000 0.7528
48.0000 0.7523
49.0000 0.7523
50.0000 0.7522
51.0000 0.7519
52.0000 0.7523
53.0000 0.7509
54.0000 0.7511
55.0000 0.7503
56.0000 0.7499
57.0000 0.7503
58.0000 0.7496
59.0000 0.7485
60.0000 0.7487
61.0000 0.7488
62.0000 0.7479
63.0000 0.7473
64.0000 0.7472
65.0000 0.7471
66.0000 0.7470
67.0000 0.7469
68.0000 0.7469
69.0000 0.7463
70.0000 0.7465
71.0000 0.7461
72.0000 0.7466
73.0000 0.7466
74.0000 0.7469
75.0000 0.7468
76.0000 0.7475
77.0000 0.7485
78.0000 0.7481
79.0000 0.7480
80.0000 0.7483
81.0000 0.7489
82.0000 0.7492
83.0000 0.7491
84.0000 0.7487
85.0000 0.7487
86.0000 0.7474
87.0000 0.7471
88.0000 0.7477
89.0000 0.7490
90.0000 0.7512
91.0000 0.7459
92.0000 0.7450
93.0000 0.7466
94.0000 0.7483
95.0000 0.7492
96.0000 0.7494
97.0000 0.7492
98.0000 0.7490
99.0000 0.7489
100.0000 0.7489
101.0000 0.7490
102.0000 0.7491
103.0000 0.7492
104.0000 0.7492
105.0000 0.7493
106.0000 0.7493
107.0000 0.7494
108.0000 0.7494
109.0000 0.7493
110.0000 0.7493
111.0000 0.7493
112.0000 0.7493
113.0000 0.7493
114.0000 0.7493
115.0000 0.7492
116.0000 0.7492
117.0000 0.7492
118.0000 0.7492
119.0000 0.7492
120.0000 0.7492
121.0000 0.7492
122.0000 0.7492
123.0000 0.7492
124.0000 0.7492
125.0000 0.7491
126.0000 0.7491
127.0000 0.7491
128.0000 0.7491
129.0000 0.7491
130.0000 0.7491
131.0000 0.7491
132.0000 0.7491
133.0000 0.7491
134.0000 0.7491
135.0000 0.7491
136.0000 0.7491
137.0000 0.7491
138.0000 0.7491
139.0000 0.7491
140.0000 0.7491
141.0000 0.7491
142.0000 0.7491
143.0000 0.7491
144.0000 0.7491
145.0000 0.7491
146.0000 0.7491
147.0000 0.7491
148.0000 0.7491
149.0000 0.7491
150.0000 0.7491
151.0000 0.7491
152.0000 0.7491
153.0000 0.7491
154.0000 0.7491
155.0000 0.7491
156.0000 0.7491
157.0000 0.7491
158.0000 0.7491
159.0000 0.7491
160.0000 0.7491
161.0000 0.7491
162.0000 0.7491
163.0000 0.7491
164.0000 0.7491
165.0000 0.7491
166.0000 0.7491
167.0000 0.7491
168.0000 0.7491
169.0000 0.7491
170.0000 0.7491
171.0000 0.7491
172.0000 0.7491
173.0000 0.7491
174.0000 0.7491
175.0000 0.7491
176.0000 0.7491
177.0000 0.7491
178.0000 0.7491
179.0000 0.7491
180.0000 0.7491
181.0000 0.7491
182.0000 0.7491
183.0000 0.7491
184.0000 0.7491
185.0000 0.7491
186.0000 0.7491
187.0000 0.7491
188.0000 0.7491
189.0000 0.7491
190.0000 0.7491
191.0000 0.7491
192.0000 0.7491
193.0000 0.7491
194.0000 0.7491
195.0000 0.7491
196.0000 0.7491
197.0000 0.7491
198.0000 0.7491
199.0000 0.7491
200.0000 -6.4635
201.0000 -4.9705
202.0000 -2.5946
203.0000 -1.0427
204.0000 -0.4103
205.0000 -0.3258
206.0000 -0.4461
207.0000 -0.5869
208.0000 -0.6857
209.0000 -0.7408
210.0000 -0.7666
211.0000 -0.7781
212.0000 -0.7825
213.0000 -0.7841
214.0000 -0.7845
215.0000 -0.7843
216.0000 -0.7849
217.0000 -0.7837
218.0000 -0.7826
219.0000 -0.7790
220.0000 -0.7777
221.0000 -0.7759
222.0000 -0.7739
223.0000 -0.7719
224.0000 -0.7696
225.0000 -0.7683
226.0000 -0.7666
227.0000 -0.7643
228.0000 -0.7629
229.0000 -0.7622
230.0000 -0.7598
231.0000 -0.7586
232.0000 -0.7594
233.0000 -0.7591
234.0000 -0.7570
235.0000 -0.7568
236.0000 -0.7562
237.0000 -0.7565
238.0000 -0.7556
239.0000 -0.7555
240.0000 -0.7552
241.0000 -0.7547
242.0000 -0.7554
243.0000 -0.7527
244.0000 -0.7530
245.0000 -0.7515
246.0000 -0.7507
247.0000 -0.7514
248.0000 -0.7501
249.0000 -0.7479
250.0000 -0.7483
251.0000 -0.7484
252.0000 -0.7466
253.0000 -0.7454
254.0000 -0.7452
255.0000 -0.7450
256.0000 -0.7448
257.0000 -0.7447
258.0000 -0.7447
259.0000 -0.7435
260.0000 -0.7439
261.0000 -0.7430
262.0000 -0.7441
263.0000 -0.7441
264.0000 -0.7447
265.0000 -0.7445
266.0000 -0.7459
267.0000 -0.7479
268.0000 -0.7470
269.0000 -0.7468
270.0000 -0.7474
271.0000 -0.7487
272.0000 -0.7493
273.0000 -0.7491
274.0000 -0.7484
275.0000 -0.7482
276.0000 -0.7457
277.0000 -0.7450
278.0000 -0.7462
279.0000 -0.7488
280.0000 -0.7533
281.0000 -0.7426
282.0000 -0.7408
283.0000 -0.7441
284.0000 -0.7474
285.0000 -0.7492
286.0000 -0.7496
287.0000 -0.7493
288.0000 -0.7489
289.0000 -0.7487
290.0000 -0.7487
291.0000 -0.7488
292.0000 -0.7490
293.0000 -0.7492
294.0000 -0.7493
295.0000 -0.7494
296.0000 -0.7495
297.0000 -0.7496
298.0000 -0.7496
299.0000 -0.7495
300.0000 -0.7495
301.0000 -0.7495
302.0000 -0.7494
303.0000 -0.7494
304.0000 -0.7494
305.0000 -0.7493
306.0000 -0.7493
307.0000 -0.7493
308.0000 -0.7492
309.0000 -0.7492
310.0000 -0.7492
311.0000 -0.7492
312.0000 -0.7492
313.0000 -0.7492
314.0000 -0.7492
315.0000 -0.7492
316.0000 -0.7491
317.0000 -0.7491
318.0000 -0.7491
319.0000 -0.7491
320.0000 -0.7491
321.0000 -0.7491
322.0000 -0.7491
323.0000 -0.7491
324.0000 -0.7491
325.0000 -0.7491
326.0000 -0.7491
327.0000 -0.7491
328.0000 -0.7491
329.0000 -0.7491
330.0000 -0.7491
331.0000 -0.7491
332.0000 -0.7491
333.0000 -0.7491
334.0000 -0.7491
335.0000 -0.7491
336.0000 -0.7491
337.0000 -0.7491
338.0000 -0.7491
339.0000 -0.7491
340.0000 -0.7491
341.0000 -0.7491
342.0000 -0.7491
343.0000 -0.7491
344.0000 -0.7491
345.0000 -0.7491
346.0000 -0.7491
347.0000 -0.7491
348.0000 -0.7491
349.0000 -0.7491
350.0000 -0.7491
351.0000 -0.7491
352.0000 -0.7491
353.0000 -0.7491
354.0000 -0.7491
355.0000 -0.7491
356.0000 -0.7491
357.0000 -0.7491
358.0000 -0.7491
359.0000 -0.7491
360.0000 -0.7491
361.0000 -0.7491
362.0000 -0.7491
363.0000 -0.7491
364.0000 -0.7491
365.0000 -0.7491
366.0000 -0.7491
367.0000 -0.7491
368.0000 -0.7491
369.0000 -0.7491
370.0000 -0.7491
371.0000 -0.7491
372.0000 -0.7491
373.0000 -0.7491
374.0000 -0.7491
375.0000 -0.7491
376.0000 -0.7491
377.0000 -0.7491
378.0000 -0.7491
379.0000 -0.7491
380.0000 -0.7491
381.0000 -0.7491
382.0000 -0.7491
383.0000 -0.7491
384.0000 -0.7491
385.0000 -0.7491
386.0000 -0.7491
387.0000 -0.7491
388.0000 -0.7491
389.0000 -0.7491
390.0000 -0.7491
391.0000 -0.7491
392.0000 -0.7491
393.0000 -0.7491
394.0000 -0.7491
395.0000 -0.7491
396.0000 -0.7491
397.0000 -0.7491
398.0000 -0.7491
399.0000 -0.7491
400.0000 -0.7491
401.0000 -0.7491
402.0000 -0.7491
403.0000 -0.7491
404.0000 -0.7491
405.0000 -0.7491
406.0000 -0.7491
407.0000 -0.7491
408.0000 -0.7491
409.0000 -0.7491
410.0000 -0.7491
411.0000 -0.7491
412.0000 -0.7491
413.0000 -0.7491
414.0000 -0.7491
415.0000 -0.7491
416.0000 -0.7491
417.0000 -0.7491
418.0000 -0.7491
419.0000 -0.7491
420.0000 -0.7491
421.0000 -0.7491
422.0000 -0.7491
423.0000 -0.7491
424.0000 -0.7491
425.0000 -0.7491
426.0000 -0.7491
427.0000 -0.7491
428.0000 -0.7491
429.0000 -0.7491
430.0000 -0.7491
431.0000 -0.7491
432.0000 -0.7491
433.0000 -0.7491
434.0000 -0.7491
435.0000 -0.7491
436.0000 -0.7491
437.0000 -0.7491
438.0000 -0.7491
439.0000 -0.7491
440.0000 -0.7491
441.0000 -0.7491
442.0000 -0.7491
443.0000 -0.7491
444.0000 -0.7491
445.0000 -0.7491
446.0000 -0.7491
447.0000 -0.7491
448.0000 -0.7491
449.0000 -0.7491
450.0000 -0.7491
451.0000 -0.7491
452.0000 -0.7491
453.0000 -0.7491
454.0000 -0.7491
455.0000 -0.7491
456.0000 -0.7491
457.0000 -0.7491
458.0000 -0.7491
459.0000 -0.7491
460.0000 -0.7491
461.0000 -0.7491
462.0000 -0.7491
463.0000 -0.7491
464.0000 -0.7491
465.0000 -0.7491
466.0000 -0.7491
467.0000 -0.7491
468.0000 -0.7491
469.0000 -0.7491
470.0000 -0.7491
471.0000 -0.7491
472.0000 -0.7491
473.0000 -0.7491
474.0000 -0.7491
475.0000 -0.7491
476.0000 -0.7491
477.0000 -0.7491
478.0000 -0.7491
479.0000 -0.7491
480.0000 -0.7491
481.0000 -0.7491
482.0000 -0.7491
483.0000 -0.7491
484.0000 -0.7491
485.0000 -0.7491
486.0000 -0.7491
487.0000 -0.7491
488.0000 -0.7491
489.0000 -0.7491
490.0000 -0.7491
491.0000 -0.7491
492.0000 -0.7491
493.0000 -0.7491
494.0000 -0.7491
495.0000 -0.7491
496.0000 -0.7491
497.0000 -0.7491
498.0000 -0.7491
499.0000 -0.7491
500.0000 5.5619
501.0000 4.2555
502.0000 2.1766
503.0000 0.8187
504.0000 0.2654
505.0000 0.1914
506.0000 0.2967
507.0000 0.4199
508.0000 0.5063
509.0000 0.5546
510.0000 0.5771
511.0000 0.5872
512.0000 0.5910
513.0000 0.5925
514.0000 0.5928
515.0000 0.5926
516.0000 0.5931
517.0000 0.5921
518.0000 0.5911
519.0000 0.5879
520.0000 0.5868
521.0000 0.5853
522.0000 0.5836
523.0000 0.5818
524.0000 0.5797
525.0000 0.5787
526.0000 0.5771
527.0000 0.5752
528.0000 0.5739
529.0000 0.5733
530.0000 0.5712
531.0000 0.5701
532.0000 0.5709
533.0000 0.5706
534.0000 0.5688
535.0000 0.5686
536.0000 0.5680
537.0000 0.5683
538.0000 0.5675
539.0000 0.5674
540.0000 0.5671
541.0000 0.5667
542.0000 0.5673
543.0000 0.5650
544.0000 0.5652
545.0000 0.5639
546.0000 0.5632
547.0000 0.5639
548.0000 0.5627
549.0000 0.5607
550.0000 0.5611
551.0000 0.5612
552.0000 0.5596
553.0000 0.5585
554.0000 0.5584
555.0000 0.5582
556.0000 0.5581
557.0000 0.5579
558.0000 0.5579
559.0000 0.5569
560.0000 0.5573
561.0000 0.5565
562.0000 0.5575
563.0000 0.5574
564.0000 0.5580
565.0000 0.5578
566.0000 0.5590
567.0000 0.5608
568.0000 0.5600
569.0000 0.5598
570.0000 0.5603
571.0000 0.5615
572.0000 0.5620
573.0000 0.5618
574.0000 0.5612
575.0000 0.5610
576.0000 0.5588
577.0000 0.5582
578.0000 0.5593
579.0000 0.5616
580.0000 0.5655
581.0000 0.5562
582.0000 0.5546
583.0000 0.5574
584.0000 0.5604
585.0000 0.5619
586.0000 0.5623
587.0000 0.5620
588.0000 0.5617
589.0000 0.5615
590.0000 0.5614
591.0000 0.5615
592.0000 0.5617
593.0000 0.5619
594.0000 0.5620
595.0000 0.5621
596.0000 0.5622
597.0000 0.5622
598.0000 0.5622
599.0000 0.5622
600.0000 0.5622
601.0000 0.5622
602.0000 0.5621
603.0000 0.5621
604.0000 0.5621
605.0000 0.5620
606.0000 0.5620
607.0000 0.5620
608.0000 0.5619
609.0000 0.5619
610.0000 0.5619
611.0000 0.5619
612.0000 0.5619
613.0000 0.5619
614.0000 0.5619
615.0000 0.5619
616.0000 0.5619
617.0000 0.5619
618.0000 0.5619
619.0000 0.5618
620.0000 0.5618
621.0000 0.5618
622.0000 0.5618
623.0000 0.5618
624.0000 0.5618
625.0000 0.5618
626.0000 0.5618
627.0000 0.5618
628.0000 0.5618
629.0000 0.5618
630.0000 0.5618
631.0000 0.5618
632.0000 0.5618
633.0000 0.5618
634.0000 0.5618
635.0000 0.5618
636.0000 0.5618
637.0000 0.5618
638.0000 0.5618
639.0000 0.5618
640.0000 0.5618
641.0000 0.5618
642.0000 0.5618
643.0000 0.5618
644.0000 0.5618
645.0000 0.5618
646.0000 0.5618
647.0000 0.5618
648.0000 0.5618
649.0000 0.5618
650.0000 0.5618
651.0000 0.5618
652.0000 0.5618
653.0000 0.5618
654.0000 0.5618
655.0000 0.5618
656.0000 0.5618
657.0000 0.5618
658.0000 0.5618
659.0000 0.5618
660.0000 0.5618
661.0000 0.5618
662.0000 0.5618
663.0000 0.5618
664.0000 0.5618
665.0000 0.5618
666.0000 0.5618
667.0000 0.5618
668.0000 0.5618
669.0000 0.5618
670.0000 0.5618
671.0000 0.5618
672.0000 0.5618
673.0000 0.5618
674.0000 0.5618
675.0000 0.5618
676.0000 0.5618
677.0000 0.5618
678.0000 0.5618
679.0000 0.5618
680.0000 0.5618
681.0000 0.5618
682.0000 0.5618
683.0000 0.5618
684.0000 0.5618
685.0000 0.5618
686.0000 0.5618
687.0000 0.5618
688.0000 0.5618
689.0000 0.5618
690.0000 0.5618
691.0000 0.5618
692.0000 0.5618
693.0000 0.5618
694.0000 0.5618
695.0000 0.5618
696.0000 0.5618
697.0000 0.5619
698.0000 0.5619
699.0000 0.5619
700.0000 0.5619
701.0000 0.5619
702.0000 0.5619
703.0000 0.5619
704.0000 0.5619
705.0000 0.5619
706.0000 0.5619
707.0000 0.5619
708.0000 0.5619
709.0000 0.5619
710.0000 0.5619
711.0000 0.5619
712.0000 0.5619
713.0000 0.5619
714.0000 0.5619
715.0000 0.5619
716.0000 0.5619
717.0000 0.5619
718.0000 0.5619
719.0000 0.5619
720.0000 0.5619
721.0000 0.5619
722.0000 0.5619
723.0000 0.5619
724.0000 0.5619
725.0000 0.5619
726.0000 0.5619
727.0000 0.5619
728.0000 0.5619
729.0000 0.5619
730.0000 0.5619
731.0000 0.5619
732.0000 0.5619
733.0000 0.5619
734.0000 0.5619
735.0000 0.5619
736.0000 0.5619
737.0000 0.5619
738.0000 0.5619
739.0000 0.5619
740.0000 0.5619
741.0000 0.5619
742.0000 0.5619
743.0000 0.5619
744.0000 0.5619
745.0000 0.5619
746.0000 0.5619
747.0000 0.5619
748.0000 0.5619
749.0000 0.5619
750.0000 0.5619
751.0000 0.5619
752.0000 0.5619
753.0000 0.5619
754.0000 0.5619
755.0000 0.5619
756.0000 0.5619
757.0000 0.5619
758.0000 0.5619
759.0000 0.5619
760.0000 0.5619
761.0000 0.5619
762.0000 0.5619
763.0000 0.5619
764.0000 0.5619
765.0000 0.5619
766.0000 0.5619
767.0000 0.5619
768.0000 0.5619
769.0000 0.5619
770.0000 0.5619
771.0000 0.5619
772.0000 0.5619
773.0000 0.5619
774.0000 0.5619
775.0000 0.5619
776.0000 0.5619
777.0000 0.5619
778.0000 0.5619
779.0000 0.5619
780.0000 0.5619
781.0000 0.5619
782.0000 0.5619
783.0000 0.5619
784.0000 0.5619
785.0000 0.5619
786.0000 0.5619
787.0000 0.5619
788.0000 0.5619
789.0000 0.5619
790.0000 0.5619
791.0000 0.5619
792.0000 0.5619
793.0000 0.5619
794.0000 0.5619
795.0000 0.5619
796.0000 0.5619
797.0000 0.5619
798.0000 0.5619
799.0000 0.5619
800.0000 -2.1429
801.0000 -1.5830
802.0000 -0.6920
803.0000 -0.1101
804.0000 0.1271
805.0000 0.1588
806.0000 0.1136
807.0000 0.0609
808.0000 0.0238
809.0000 0.0031
810.0000 -0.0066
811.0000 -0.0109
812.0000 -0.0125
813.0000 -0.0131
814.0000 -0.0132
815.0000 -0.0132
816.0000 -0.0134
817.0000 -0.0130
818.0000 -0.0125
819.0000 -0.0112
820.0000 -0.0107
821.0000 -0.0100
822.0000 -0.0093
823.0000 -0.0085
824.0000 -0.0077
825.0000 -0.0072
826.0000 -0.0065
827.0000 -0.0057
828.0000 -0.0051
829.0000 -0.0049
830.0000 -0.0040
831.0000 -0.0035
832.0000 -0.0039
833.0000 -0.0037
834.0000 -0.0030
835.0000 -0.0029
836.0000 -0.0026
837.0000 -0.0027
838.0000 -0.0024
839.0000 -0.0024
840.0000 -0.0023
841.0000 -0.0021
842.0000 -0.0023
843.0000 -0.0013
844.0000 -0.0014
845.0000 -0.0009
846.0000 -0.0006
847.0000 -0.0009
848.0000 -0.0003
849.0000 0.0005
850.0000 0.0003
851.0000 0.0003
852.0000 0.0009
853.0000 0.0014
854.0000 0.0015
855.0000 0.0016
856.0000 0.0016
857.0000 0.0017
858.0000 0.0017
859.0000 0.0021
860.0000 0.0020
861.0000 0.0023
862.0000 0.0019
863.0000 0.0019
864.0000 0.0017
865.0000 0.0017
866.0000 0.0012
867.0000 0.0005
868.0000 0.0008
869.0000 0.0009
870.0000 0.0007
871.0000 0.0002
872.0000 -0.0000
873.0000 0.0000
874.0000 0.0003
875.0000 0.0004
876.0000 0.0013
877.0000 0.0016
878.0000 0.0011
879.0000 0.0001
880.0000 -0.0016
881.0000 0.0024
882.0000 0.0031
883.0000 0.0019
884.0000 0.0006
885.0000 -0.0000
886.0000 -0.0002
887.0000 -0.0001
888.0000 0.0001
889.0000 0.0002
890.0000 0.0002
891.0000 0.0001
892.0000 0.0001
893.0000 -0.0000
894.0000 -0.0001
895.0000 -0.0001
896.0000 -0.0001
897.0000 -0.0002
898.0000 -0.0002
899.0000 -0.0002
900.0000 -0.0001
901.0000 -0.0001
902.0000 -0.0001
903.0000 -0.0001
904.0000 -0.0001
905.0000 -0.0001
906.0000 -0.0001
907.0000 -0.0000
908.0000 -0.0000
909.0000 -0.0000
910.0000 -0.0000
911.0000 -0.0000
912.0000 -0.0000
913.0000 -0.0000
914.0000 -0.0000
915.0000 -0.0000
916.0000 -0.0000
917.0000 0.0000
918.0000 0.0000
919.0000 0.0000
920.0000 0.0000
921.0000 0.0000
922.0000 0.0000
923.0000 0.0000
924.0000 0.0000
925.0000 0.0000
926.0000 0.0000
927.0000 0.0000
928.0000 0.0000
929.0000 0.0000
930.0000 0.0000
931.0000 0.0000
932.0000 0.0000
933.0000 0.0000
934.0000 0.0000
935.0000 0.0000
936.0000 0.0000
937.0000 0.0000
938.0000 0.0000
939.0000 0.0000
940.0000 0.0000
941.0000 0.0000
942.0000 0.0000
943.0000 0.0000
944.0000 0.0000
945.0000 0.0000
946.0000 0.0000
947.0000 0.0000
948.0000 0.0000
949.0000 0.0000
950.0000 0.0000
951.0000 0.0000
952.0000 0.0000
953.0000 0.0000
954.0000 0.0000
955.0000 0.0000
956.0000 0.0000
957.0000 0.0000
958.0000 0.0000
959.0000 0.0000
960.0000 0.0000
961.0000 0.0000
962.0000 0.0000
963.0000 0.0000
964.0000 0.0000
965.0000 0.0000
966.0000 0.0000
967.0000 0.0000
968.0000 0.0000
969.0000 0.0000
970.0000 0.0000
971.0000 0.0000
972.0000 0.0000
973.0000 0.0000
974.0000 0.0000
975.0000 0.0000
976.0000 0.0000
977.0000 0.0000
978.0000 0.0000
979.0000 0.0000
980.0000 0.0000
981.0000 0.0000
982.0000 0.0000
983.0000 0.0000
984.0000 0.0000
985.0000 0.0000
986.0000 0.0000
987.0000 0.0000
988.0000 0.0000
989.0000 0.0000
990.0000 0.0000
991.0000 0.0000
992.0000 0.0000
993.0000 0.0000
994.0000 0.0000
995.0000 0.0000
996.0000 0.0000
997.0000 0.0000
998.0000 0.0000
999.0000 0.0000
1000.0000 0.0000
1001.0000 0.0000
1002.0000 0.0000
1003.0000 0.0000
1004.0000 0.0000
1005.0000 0.0000
1006.0000 0.0000
1007.0000 0.0000
1008.0000 0.0000
1009.0000 0.0000
1010.0000 0.0000
1011.0000 0.0000
1012.0000 0.0000
1013.0000 0.0000
1014.0000 0.0000
1015.0000 0.0000
1016.0000 0.0000
1017.0000 0.0000
1018.0000 0.0000
1019.0000 0.0000
1020.0000 0.0000
1021.0000 0.0000
1022.0000 0.0000
1023.0000 0.0000
1024.0000 0.0000
1025.0000 0.0000
1026.0000 0.0000
1027.0000 0.0000
1028.0000 0.0000
1029.0000 0.0000
1030.0000 0.0000
1031.0000 0.0000
1032.0000 0.0000
1033.0000 0.0000
1034.0000 0.0000
1035.0000 0.0000
1036.0000 0.0000
1037.0000 0.0000
1038.0000 0.0000
1039.0000 0.0000
1040.0000 0.0000
1041.0000 0.0000
1042.0000 0.0000
1043.0000 0.0000
1044.0000 0.0000
1045.0000 0.0000
1046.0000 0.0000
1047.0000 0.0000
1048.0000 0.0000
1049.0000 0.0000
1050.0000 0.0000
1051.0000 0.0000
1052.0000 0.0000
1053.0000 0.0000
1054.0000 0.0000
1055.0000 0.0000
1056.0000 0.0000
1057.0000 0.0000
1058.0000 0.0000
1059.0000 0.0000
1060.0000 0.0000
1061.0000 0.0000
1062.0000 0.0000
1063.0000 0.0000
1064.0000 0.0000
1065.0000 0.0000
1066.0000 0.0000
1067.0000 0.0000
1068.0000 0.0000
1069.0000 0.0000
1070.0000 0.0000
1071.0000 0.0000
1072.0000 0.0000
1073.0000 0.0000
1074.0000 0.0000
1075.0000 0.0000
1076.0000 0.0000
1077.0000 0.0000
1078.0000 0.0000
1079.0000 0.0000
1080.0000 0.0000
1081.0000 0.0000
1082.0000 0.0000
1083.0000 0.0000
1084.0000 0.0000
1085.0000 0.0000
1086.0000 0.0000
1087.0000 0.0000
1088.0000 0.0000
1089.0000 0.0000
1090.0000 0.0000
1091.0000 0.0000
1092.0000 0.0000
1093.0000 0.0000
1094.0000 0.0000
1095.0000 0.0000
1096.0000 0.0000
1097.0000 0.0000
1098.0000 0.0000
1099.0000 0.0000
1100.0000 0.0000
