0.000000 0
1.000000 0
2.000000 0
3.000000 0
4.000000 0
5.000000 0
6.000000 0
7.000000 0
8.000000 0
9.000000 0
10.000000 0.51165
11.000000 0.82386
12.000000 1.0248
13.000000 1.1614
14.000000 1.2594
15.000000 1.333
16.000000 1.3904
17.000000 1.4364
18.000000 1.4743
19.000000 1.5058
20.000000 1.5325
21.000000 1.5553
22.000000 1.5748
23.000000 1.5916
24.000000 1.6062
25.000000 1.6189
26.000000 1.63
27.000000 1.6396
28.000000 1.648
29.000000 1.6554
30.000000 1.6618
31.000000 1.6675
32.000000 1.6724
33.000000 1.6768
34.000000 1.6805
35.000000 1.6839
36.000000 1.6868
37.000000 1.6893
38.000000 1.6915
39.000000 1.6935
40.000000 1.6952
41.000000 1.6966
42.000000 1.6979
43.000000 1.6991
44.000000 1.7
45.000000 1.7009
46.000000 1.7016
47.000000 1.7023
48.000000 1.7028
49.000000 1.7033
50.000000 1.7037
51.000000 1.7041
52.000000 1.7044
53.000000 1.7047
54.000000 1.7049
55.000000 1.7051
56.000000 1.7053
57.000000 1.7055
58.000000 1.7056
59.000000 1.7057
60.000000 1.7058
61.000000 1.7059
62.000000 1.706
63.000000 1.7061
64.000000 1.7061
65.000000 1.7062
66.000000 1.7062
67.000000 1.7063
68.000000 1.7063
69.000000 1.7064
70.000000 1.7064
71.000000 1.7064
72.000000 1.7064
73.000000 1.7065
74.000000 1.7065
75.000000 1.7065
76.000000 1.7065
77.000000 1.7065
78.000000 1.7066
79.000000 1.7066
80.000000 1.7066
81.000000 1.7066
82.000000 1.7066
83.000000 1.7066
84.000000 1.7066
85.000000 1.7067
86.000000 1.7067
87.000000 1.7067
88.000000 1.7067
89.000000 1.7067
90.000000 1.7067
91.000000 1.7067
92.000000 1.7067
93.000000 1.7067
94.000000 1.7067
95.000000 1.7067
96.000000 1.7067
97.000000 1.7067
98.000000 1.7067
99.000000 1.7067
100.000000 1.7067
101.000000 1.7067
102.000000 1.7067
103.000000 1.7067
104.000000 1.7067
105.000000 1.7067
106.000000 1.7066
107.000000 1.7066
108.000000 1.7066
109.000000 1.7066
110.000000 1.7066
111.000000 1.7066
112.000000 1.7065
113.000000 1.7065
114.000000 1.7065
115.000000 1.7065
116.000000 1.7065
117.000000 1.7064
118.000000 1.7064
119.000000 1.7064
120.000000 1.7064
121.000000 1.7063
122.000000 1.7063
123.000000 1.7063
124.000000 1.7062
125.000000 1.7062
126.000000 1.7062
127.000000 1.7061
128.000000 1.7061
129.000000 1.7061
130.000000 1.706
131.000000 1.706
132.000000 1.7059
133.000000 1.7059
134.000000 1.7059
135.000000 1.7058
136.000000 1.7058
137.000000 1.7057
138.000000 1.7057
139.000000 1.7056
140.000000 1.7056
141.000000 1.7055
142.000000 1.7055
143.000000 1.7054
144.000000 1.7054
145.000000 1.7053
146.000000 1.7053
147.000000 1.7052
148.000000 1.7052
149.000000 1.7051
150.000000 1.7051
151.000000 1.705
152.000000 1.705
153.000000 1.7049
154.000000 1.7049
155.000000 1.7048
156.000000 1.7048
157.000000 1.7047
158.000000 1.7046
159.000000 1.7046
160.000000 1.7045
161.000000 1.7045
162.000000 1.7044
163.000000 1.7043
164.000000 1.7043
165.000000 1.7042
166.000000 1.7042
167.000000 1.7041
168.000000 1.704
169.000000 1.704
170.000000 1.7039
171.000000 1.7039
172.000000 1.7038
173.000000 1.7037
174.000000 1.7037
175.000000 1.7036
176.000000 1.7036
177.000000 1.7035
178.000000 1.7034
179.000000 1.7034
180.000000 1.7033
181.000000 1.7032
182.000000 1.7032
183.000000 1.7031
184.000000 1.7031
185.000000 1.703
186.000000 1.7029
187.000000 1.7029
188.000000 1.7028
189.000000 1.7027
190.000000 1.7027
191.000000 1.7026
192.000000 1.7026
193.000000 1.7025
194.000000 1.7024
195.000000 1.7024
196.000000 1.7023
197.000000 1.7023
198.000000 1.7022
199.000000 1.7021
200.000000 0.67876
201.000000 0.054287
202.000000 -0.34759
203.000000 -0.62095
204.000000 -0.81697
205.000000 -0.96418
206.000000 -1.079
207.000000 -1.1712
208.000000 -1.2469
209.000000 -1.3101
210.000000 -1.3635
211.000000 -1.4091
212.000000 -1.4482
213.000000 -1.4819
214.000000 -1.5112
215.000000 -1.5366
216.000000 -1.5588
217.000000 -1.5781
218.000000 -1.595
219.000000 -1.6098
220.000000 -1.6227
221.000000 -1.6341
222.000000 -1.644
223.000000 -1.6527
224.000000 -1.6603
225.000000 -1.667
226.000000 -1.6729
227.000000 -1.678
228.000000 -1.6825
229.000000 -1.6864
230.000000 -1.6899
231.000000 -1.6929
232.000000 -1.6955
233.000000 -1.6978
234.000000 -1.6998
235.000000 -1.7015
236.000000 -1.703
237.000000 -1.7044
238.000000 -1.7055
239.000000 -1.7065
240.000000 -1.7074
241.000000 -1.7082
242.000000 -1.7089
243.000000 -1.7094
244.000000 -1.71
245.000000 -1.7104
246.000000 -1.7108
247.000000 -1.7111
248.000000 -1.7114
249.000000 -1.7117
250.000000 -1.7119
251.000000 -1.7121
252.000000 -1.7123
253.000000 -1.7125
254.000000 -1.7126
255.000000 -1.7128
256.000000 -1.7129
257.000000 -1.713
258.000000 -1.7131
259.000000 -1.7132
260.000000 -1.7133
261.000000 -1.7133
262.000000 -1.7134
263.000000 -1.7135
264.000000 -1.7135
265.000000 -1.7136
266.000000 -1.7136
267.000000 -1.7137
268.000000 -1.7137
269.000000 -1.7138
270.000000 -1.7138
271.000000 -1.7138
272.000000 -1.7139
273.000000 -1.7139
274.000000 -1.7139
275.000000 -1.7139
276.000000 -1.7139
277.000000 -1.714
278.000000 -1.714
279.000000 -1.714
280.000000 -1.714
281.000000 -1.714
282.000000 -1.714
283.000000 -1.714
284.000000 -1.714
285.000000 -1.714
286.000000 -1.7139
287.000000 -1.7139
288.000000 -1.7139
289.000000 -1.7139
290.000000 -1.7138
291.000000 -1.7138
292.000000 -1.7138
293.000000 -1.7137
294.000000 -1.7137
295.000000 -1.7136
296.000000 -1.7136
297.000000 -1.7135
298.000000 -1.7135
299.000000 -1.7134
300.000000 -1.7133
301.000000 -1.7133
302.000000 -1.7132
303.000000 -1.7131
304.000000 -1.713
305.000000 -1.713
306.000000 -1.7129
307.000000 -1.7128
308.000000 -1.7127
309.000000 -1.7126
310.000000 -1.7125
311.000000 -1.7124
312.000000 -1.7123
313.000000 -1.7121
314.000000 -1.712
315.000000 -1.7119
316.000000 -1.7118
317.000000 -1.7116
318.000000 -1.7115
319.000000 -1.7114
320.000000 -1.7112
321.000000 -1.7111
322.000000 -1.7109
323.000000 -1.7108
324.000000 -1.7106
325.000000 -1.7105
326.000000 -1.7103
327.000000 -1.7102
328.000000 -1.71
329.000000 -1.7098
330.000000 -1.7096
331.000000 -1.7095
332.000000 -1.7093
333.000000 -1.7091
334.000000 -1.7089
335.000000 -1.7087
336.000000 -1.7085
337.000000 -1.7084
338.000000 -1.7082
339.000000 -1.708
340.000000 -1.7078
341.000000 -1.7076
342.000000 -1.7073
343.000000 -1.7071
344.000000 -1.7069
345.000000 -1.7067
346.000000 -1.7065
347.000000 -1.7063
348.000000 -1.706
349.000000 -1.7058
350.000000 -1.7056
351.000000 -1.7054
352.000000 -1.7051
353.000000 -1.7049
354.000000 -1.7047
355.000000 -1.7044
356.000000 -1.7042
357.000000 -1.7039
358.000000 -1.7037
359.000000 -1.7034
360.000000 -1.7032
361.000000 -1.7029
362.000000 -1.7027
363.000000 -1.7024
364.000000 -1.7022
365.000000 -1.7019
366.000000 -1.7017
367.000000 -1.7014
368.000000 -1.7011
369.000000 -1.7009
370.000000 -1.7006
371.000000 -1.7003
372.000000 -1.7001
373.000000 -1.6998
374.000000 -1.6995
375.000000 -1.6992
376.000000 -1.699
377.000000 -1.6987
378.000000 -1.6984
379.000000 -1.6981
380.000000 -1.6978
381.000000 -1.6975
382.000000 -1.6973
383.000000 -1.697
384.000000 -1.6967
385.000000 -1.6964
386.000000 -1.6961
387.000000 -1.6958
388.000000 -1.6955
389.000000 -1.6952
390.000000 -1.6949
391.000000 -1.6946
392.000000 -1.6944
393.000000 -1.6941
394.000000 -1.6938
395.000000 -1.6935
396.000000 -1.6932
397.000000 -1.6929
398.000000 -1.6926
399.000000 -1.6923
400.000000 -1.692
401.000000 -1.6917
402.000000 -1.6914
403.000000 -1.6911
404.000000 -1.6908
405.000000 -1.6905
406.000000 -1.6901
407.000000 -1.6898
408.000000 -1.6895
409.000000 -1.6892
410.000000 -1.6889
411.000000 -1.6886
412.000000 -1.6883
413.000000 -1.688
414.000000 -1.6877
415.000000 -1.6874
416.000000 -1.6871
417.000000 -1.6868
418.000000 -1.6865
419.000000 -1.6862
420.000000 -1.6859
421.000000 -1.6856
422.000000 -1.6853
423.000000 -1.685
424.000000 -1.6847
425.000000 -1.6844
426.000000 -1.6841
427.000000 -1.6838
428.000000 -1.6835
429.000000 -1.6832
430.000000 -1.6829
431.000000 -1.6826
432.000000 -1.6823
433.000000 -1.682
434.000000 -1.6817
435.000000 -1.6814
436.000000 -1.6811
437.000000 -1.6808
438.000000 -1.6805
439.000000 -1.6802
440.000000 -1.6799
441.000000 -1.6796
442.000000 -1.6793
443.000000 -1.679
444.000000 -1.6787
445.000000 -1.6785
446.000000 -1.6782
447.000000 -1.6779
448.000000 -1.6776
449.000000 -1.6773
450.000000 -1.677
451.000000 -1.6768
452.000000 -1.6765
453.000000 -1.6762
454.000000 -1.6759
455.000000 -1.6757
456.000000 -1.6754
457.000000 -1.6751
458.000000 -1.6748
459.000000 -1.6746
460.000000 -1.6743
461.000000 -1.674
462.000000 -1.6738
463.000000 -1.6735
464.000000 -1.6733
465.000000 -1.673
466.000000 -1.6727
467.000000 -1.6725
468.000000 -1.6722
469.000000 -1.672
470.000000 -1.6717
471.000000 -1.6715
472.000000 -1.6712
473.000000 -1.671
474.000000 -1.6708
475.000000 -1.6705
476.000000 -1.6703
477.000000 -1.6701
478.000000 -1.6698
479.000000 -1.6696
480.000000 -1.6694
481.000000 -1.6691
482.000000 -1.6689
483.000000 -1.6687
484.000000 -1.6685
485.000000 -1.6683
486.000000 -1.668
487.000000 -1.6678
488.000000 -1.6676
489.000000 -1.6674
490.000000 -1.6672
491.000000 -1.667
492.000000 -1.6668
493.000000 -1.6666
494.000000 -1.6664
495.000000 -1.6662
496.000000 -1.6661
497.000000 -1.6659
498.000000 -1.6657
499.000000 -1.6655
500.000000 -0.76994
501.000000 -0.2234
502.000000 0.12836
503.000000 0.36766
504.000000 0.53929
505.000000 0.66821
506.000000 0.76878
507.000000 0.84956
508.000000 0.91592
509.000000 0.97132
510.000000 1.0182
511.000000 1.0581
512.000000 1.0924
513.000000 1.122
514.000000 1.1477
515.000000 1.17
516.000000 1.1895
517.000000 1.2065
518.000000 1.2214
519.000000 1.2344
520.000000 1.2458
521.000000 1.2558
522.000000 1.2645
523.000000 1.2722
524.000000 1.2789
525.000000 1.2848
526.000000 1.29
527.000000 1.2946
528.000000 1.2985
529.000000 1.302
530.000000 1.3051
531.000000 1.3077
532.000000 1.31
533.000000 1.3121
534.000000 1.3139
535.000000 1.3154
536.000000 1.3168
537.000000 1.318
538.000000 1.319
539.000000 1.3199
540.000000 1.3207
541.000000 1.3214
542.000000 1.322
543.000000 1.3225
544.000000 1.3229
545.000000 1.3233
546.000000 1.3237
547.000000 1.3239
548.000000 1.3242
549.000000 1.3244
550.000000 1.3246
551.000000 1.3248
552.000000 1.3249
553.000000 1.325
554.000000 1.3251
555.000000 1.3252
556.000000 1.3253
557.000000 1.3253
558.000000 1.3254
559.000000 1.3254
560.000000 1.3254
561.000000 1.3255
562.000000 1.3255
563.000000 1.3255
564.000000 1.3255
565.000000 1.3255
566.000000 1.3254
567.000000 1.3254
568.000000 1.3254
569.000000 1.3254
570.000000 1.3253
571.000000 1.3253
572.000000 1.3252
573.000000 1.3252
574.000000 1.3251
575.000000 1.325
576.000000 1.3249
577.000000 1.3249
578.000000 1.3248
579.000000 1.3247
580.000000 1.3246
581.000000 1.3245
582.000000 1.3244
583.000000 1.3243
584.000000 1.3242
585.000000 1.324
586.000000 1.3239
587.000000 1.3238
588.000000 1.3236
589.000000 1.3235
590.000000 1.3233
591.000000 1.3232
592.000000 1.323
593.000000 1.3228
594.000000 1.3226
595.000000 1.3225
596.000000 1.3223
597.000000 1.3221
598.000000 1.3219
599.000000 1.3217
600.000000 1.3215
601.000000 1.3212
602.000000 1.321
603.000000 1.3208
604.000000 1.3205
605.000000 1.3203
606.000000 1.32
607.000000 1.3198
608.000000 1.3195
609.000000 1.3193
610.000000 1.319
611.000000 1.3187
612.000000 1.3184
613.000000 1.3182
614.000000 1.3179
615.000000 1.3176
616.000000 1.3173
617.000000 1.317
618.000000 1.3166
619.000000 1.3163
620.000000 1.316
621.000000 1.3157
622.000000 1.3153
623.000000 1.315
624.000000 1.3146
625.000000 1.3143
626.000000 1.3139
627.000000 1.3136
628.000000 1.3132
629.000000 1.3128
630.000000 1.3125
631.000000 1.3121
632.000000 1.3117
633.000000 1.3113
634.000000 1.3109
635.000000 1.3105
636.000000 1.3101
637.000000 1.3097
638.000000 1.3093
639.000000 1.3089
640.000000 1.3084
641.000000 1.308
642.000000 1.3076
643.000000 1.3072
644.000000 1.3067
645.000000 1.3063
646.000000 1.3058
647.000000 1.3054
648.000000 1.3049
649.000000 1.3045
650.000000 1.304
651.000000 1.3035
652.000000 1.3031
653.000000 1.3026
654.000000 1.3021
655.000000 1.3017
656.000000 1.3012
657.000000 1.3007
658.000000 1.3002
659.000000 1.2997
660.000000 1.2992
661.000000 1.2987
662.000000 1.2982
663.000000 1.2977
664.000000 1.2972
665.000000 1.2967
666.000000 1.2962
667.000000 1.2957
668.000000 1.2951
669.000000 1.2946
670.000000 1.2941
671.000000 1.2936
672.000000 1.293
673.000000 1.2925
674.000000 1.292
675.000000 1.2914
676.000000 1.2909
677.000000 1.2903
678.000000 1.2898
679.000000 1.2893
680.000000 1.2887
681.000000 1.2882
682.000000 1.2876
683.000000 1.287
684.000000 1.2865
685.000000 1.2859
686.000000 1.2854
687.000000 1.2848
688.000000 1.2842
689.000000 1.2837
690.000000 1.2831
691.000000 1.2826
692.000000 1.282
693.000000 1.2814
694.000000 1.2808
695.000000 1.2803
696.000000 1.2797
697.000000 1.2791
698.000000 1.2785
699.000000 1.278
700.000000 1.2774
701.000000 1.2768
702.000000 1.2762
703.000000 1.2757
704.000000 1.2751
705.000000 1.2745
706.000000 1.2739
707.000000 1.2733
708.000000 1.2727
709.000000 1.2722
710.000000 1.2716
711.000000 1.271
712.000000 1.2704
713.000000 1.2698
714.000000 1.2692
715.000000 1.2687
716.000000 1.2681
717.000000 1.2675
718.000000 1.2669
719.000000 1.2663
720.000000 1.2657
721.000000 1.2652
722.000000 1.2646
723.000000 1.264
724.000000 1.2634
725.000000 1.2628
726.000000 1.2623
727.000000 1.2617
728.000000 1.2611
729.000000 1.2605
730.000000 1.2599
731.000000 1.2594
732.000000 1.2588
733.000000 1.2582
734.000000 1.2577
735.000000 1.2571
736.000000 1.2565
737.000000 1.2559
738.000000 1.2554
739.000000 1.2548
740.000000 1.2542
741.000000 1.2537
742.000000 1.2531
743.000000 1.2526
744.000000 1.252
745.000000 1.2515
746.000000 1.2509
747.000000 1.2503
748.000000 1.2498
749.000000 1.2492
750.000000 1.2487
751.000000 1.2482
752.000000 1.2476
753.000000 1.2471
754.000000 1.2465
755.000000 1.246
756.000000 1.2455
757.000000 1.2449
758.000000 1.2444
759.000000 1.2439
760.000000 1.2434
761.000000 1.2429
762.000000 1.2423
763.000000 1.2418
764.000000 1.2413
765.000000 1.2408
766.000000 1.2403
767.000000 1.2398
768.000000 1.2393
769.000000 1.2388
770.000000 1.2383
771.000000 1.2378
772.000000 1.2373
773.000000 1.2368
774.000000 1.2364
775.000000 1.2359
776.000000 1.2354
777.000000 1.235
778.000000 1.2345
779.000000 1.234
780.000000 1.2336
781.000000 1.2331
782.000000 1.2327
783.000000 1.2322
784.000000 1.2318
785.000000 1.2313
786.000000 1.2309
787.000000 1.2305
788.000000 1.23
789.000000 1.2296
790.000000 1.2292
791.000000 1.2288
792.000000 1.2284
793.000000 1.228
794.000000 1.2276
795.000000 1.2272
796.000000 1.2268
797.000000 1.2264
798.000000 1.226
799.000000 1.2256
800.000000 0.8415
801.000000 0.60698
802.000000 0.45593
803.000000 0.35308
804.000000 0.27924
805.000000 0.2237
806.000000 0.18032
807.000000 0.14543
808.000000 0.11672
809.000000 0.092705
810.000000 0.072371
811.000000 0.05499
812.000000 0.040029
813.000000 0.02708
814.000000 0.015824
815.000000 0.0060082
816.000000 -0.0025759
817.000000 -0.010099
818.000000 -0.016703
819.000000 -0.02251
820.000000 -0.027621
821.000000 -0.032125
822.000000 -0.036097
823.000000 -0.039603
824.000000 -0.042699
825.000000 -0.045436
826.000000 -0.047856
827.000000 -0.049999
828.000000 -0.051896
829.000000 -0.053578
830.000000 -0.05507
831.000000 -0.056395
832.000000 -0.057572
833.000000 -0.058619
834.000000 -0.059552
835.000000 -0.060384
836.000000 -0.061127
837.000000 -0.061792
838.000000 -0.062387
839.000000 -0.062921
840.000000 -0.063401
841.000000 -0.063833
842.000000 -0.064223
843.000000 -0.064575
844.000000 -0.064893
845.000000 -0.065182
846.000000 -0.065445
847.000000 -0.065683
848.000000 -0.065901
849.000000 -0.066099
850.000000 -0.066279
851.000000 -0.066444
852.000000 -0.066594
853.000000 -0.066731
854.000000 -0.066856
855.000000 -0.06697
856.000000 -0.067072
857.000000 -0.067165
858.000000 -0.067248
859.000000 -0.067323
860.000000 -0.067389
861.000000 -0.067446
862.000000 -0.067495
863.000000 -0.067537
864.000000 -0.067571
865.000000 -0.067598
866.000000 -0.067617
867.000000 -0.067629
868.000000 -0.067634
869.000000 -0.067632
870.000000 -0.067623
871.000000 -0.067607
872.000000 -0.067583
873.000000 -0.067553
874.000000 -0.067516
875.000000 -0.067472
876.000000 -0.06742
877.000000 -0.067362
878.000000 -0.067297
879.000000 -0.067225
880.000000 -0.067145
881.000000 -0.067059
882.000000 -0.066965
883.000000 -0.066865
884.000000 -0.066757
885.000000 -0.066642
886.000000 -0.06652
887.000000 -0.066391
888.000000 -0.066255
889.000000 -0.066112
890.000000 -0.065961
891.000000 -0.065804
892.000000 -0.065639
893.000000 -0.065467
894.000000 -0.065288
895.000000 -0.065102
896.000000 -0.064909
897.000000 -0.064708
898.000000 -0.064501
899.000000 -0.064286
900.000000 -0.064064
901.000000 -0.063835
902.000000 -0.0636
903.000000 -0.063357
904.000000 -0.063107
905.000000 -0.06285
906.000000 -0.062586
907.000000 -0.062315
908.000000 -0.062037
909.000000 -0.061752
910.000000 -0.06146
911.000000 -0.061162
912.000000 -0.060856
913.000000 -0.060544
914.000000 -0.060225
915.000000 -0.059899
916.000000 -0.059567
917.000000 -0.059228
918.000000 -0.058882
919.000000 -0.05853
920.000000 -0.058171
921.000000 -0.057805
922.000000 -0.057433
923.000000 -0.057054
924.000000 -0.056669
925.000000 -0.056278
926.000000 -0.05588
927.000000 -0.055476
928.000000 -0.055066
929.000000 -0.054649
930.000000 -0.054226
931.000000 -0.053797
932.000000 -0.053362
933.000000 -0.052921
934.000000 -0.052474
935.000000 -0.05202
936.000000 -0.051561
937.000000 -0.051096
938.000000 -0.050625
939.000000 -0.050148
940.000000 -0.049666
941.000000 -0.049177
942.000000 -0.048684
943.000000 -0.048184
944.000000 -0.047679
945.000000 -0.047168
946.000000 -0.046652
947.000000 -0.04613
948.000000 -0.045603
949.000000 -0.045071
950.000000 -0.044533
951.000000 -0.04399
952.000000 -0.043442
953.000000 -0.042889
954.000000 -0.042331
955.000000 -0.041768
956.000000 -0.041199
957.000000 -0.040626
958.000000 -0.040048
959.000000 -0.039465
960.000000 -0.038878
961.000000 -0.038285
962.000000 -0.037688
963.000000 -0.037087
964.000000 -0.036481
965.000000 -0.03587
966.000000 -0.035255
967.000000 -0.034636
968.000000 -0.034012
969.000000 -0.033384
970.000000 -0.032752
971.000000 -0.032115
972.000000 -0.031475
973.000000 -0.030831
974.000000 -0.030182
975.000000 -0.02953
976.000000 -0.028874
977.000000 -0.028214
978.000000 -0.02755
979.000000 -0.026883
980.000000 -0.026212
981.000000 -0.025538
982.000000 -0.02486
983.000000 -0.024178
984.000000 -0.023494
985.000000 -0.022806
986.000000 -0.022114
987.000000 -0.02142
988.000000 -0.020722
989.000000 -0.020022
990.000000 -0.019318
991.000000 -0.018612
992.000000 -0.017903
993.000000 -0.01719
994.000000 -0.016476
995.000000 -0.015758
996.000000 -0.015038
997.000000 -0.014316
998.000000 -0.013591
999.000000 -0.012863
1000.000000 -0.012133
1001.000000 -0.011401
1002.000000 -0.010667
1003.000000 -0.0099308
1004.000000 -0.0091924
1005.000000 -0.008452
1006.000000 -0.0077096
1007.000000 -0.0069654
1008.000000 -0.0062194
1009.000000 -0.0054717
1010.000000 -0.0047223
1011.000000 -0.0039714
1012.000000 -0.0032189
1013.000000 -0.0024649
1014.000000 -0.0017096
1015.000000 -0.00095294
1016.000000 -0.00019504
1017.000000 0.00056405
1018.000000 0.0013242
1019.000000 0.0020855
1020.000000 0.0028477
1021.000000 0.0036108
1022.000000 0.0043748
1023.000000 0.0051395
1024.000000 0.0059049
1025.000000 0.006671
1026.000000 0.0074376
1027.000000 0.0082047
1028.000000 0.0089723
1029.000000 0.0097401
1030.000000 0.010508
1031.000000 0.011277
1032.000000 0.012045
1033.000000 0.012814
1034.000000 0.013582
1035.000000 0.014351
1036.000000 0.015119
1037.000000 0.015888
1038.000000 0.016655
1039.000000 0.017423
1040.000000 0.01819
1041.000000 0.018957
1042.000000 0.019723
1043.000000 0.020489
1044.000000 0.021253
1045.000000 0.022018
1046.000000 0.022781
1047.000000 0.023543
1048.000000 0.024305
1049.000000 0.025065
1050.000000 0.025824
1051.000000 0.026582
1052.000000 0.027339
1053.000000 0.028095
1054.000000 0.028849
1055.000000 0.029601
1056.000000 0.030353
1057.000000 0.031102
1058.000000 0.03185
1059.000000 0.032596
1060.000000 0.033341
1061.000000 0.034084
1062.000000 0.034824
1063.000000 0.035563
1064.000000 0.0363
1065.000000 0.037034
1066.000000 0.037767
1067.000000 0.038497
1068.000000 0.039224
1069.000000 0.03995
1070.000000 0.040673
1071.000000 0.041393
1072.000000 0.042111
1073.000000 0.042826
1074.000000 0.043539
1075.000000 0.044248
1076.000000 0.044955
1077.000000 0.045659
1078.000000 0.04636
1079.000000 0.047058
1080.000000 0.047753
1081.000000 0.048445
1082.000000 0.049133
1083.000000 0.049819
1084.000000 0.050501
1085.000000 0.051179
1086.000000 0.051854
1087.000000 0.052526
1088.000000 0.053193
1089.000000 0.053858
1090.000000 0.054518
1091.000000 0.055175
1092.000000 0.055828
1093.000000 0.056477
1094.000000 0.057122
1095.000000 0.057763
1096.000000 0.0584
1097.000000 0.059033
1098.000000 0.059662
1099.000000 0.060286
