0.000000 0
1.000000 0
2.000000 0
3.000000 0
4.000000 0
5.000000 0
6.000000 0
7.000000 0
8.000000 0
9.000000 0
10.000000 0.50639
11.000000 0.81793
12.000000 1.0195
13.000000 1.1572
14.000000 1.2563
15.000000 1.3314
16.000000 1.3908
17.000000 1.4396
18.000000 1.481
19.000000 1.517
20.000000 1.5488
21.000000 1.5775
22.000000 1.6035
23.000000 1.6275
24.000000 1.6496
25.000000 1.6702
26.000000 1.6894
27.000000 1.7074
28.000000 1.7243
29.000000 1.7402
30.000000 1.7551
31.000000 1.7692
32.000000 1.7824
33.000000 1.7949
34.000000 1.8067
35.000000 1.8178
36.000000 1.8283
37.000000 1.8381
38.000000 1.8475
39.000000 1.8562
40.000000 1.8645
41.000000 1.8723
42.000000 1.8797
43.000000 1.8866
44.000000 1.8931
45.000000 1.8993
46.000000 1.9051
47.000000 1.9105
48.000000 1.9157
49.000000 1.9205
50.000000 1.9251
51.000000 1.9294
52.000000 1.9335
53.000000 1.9373
54.000000 1.9409
55.000000 1.9443
56.000000 1.9474
57.000000 1.9504
58.000000 1.9533
59.000000 1.9559
60.000000 1.9584
61.000000 1.9608
62.000000 1.963
63.000000 1.9651
64.000000 1.9671
65.000000 1.969
66.000000 1.9707
67.000000 1.9724
68.000000 1.9739
69.000000 1.9754
70.000000 1.9768
71.000000 1.9781
72.000000 1.9793
73.000000 1.9804
74.000000 1.9815
75.000000 1.9825
76.000000 1.9835
77.000000 1.9844
78.000000 1.9853
79.000000 1.9861
80.000000 1.9868
81.000000 1.9876
82.000000 1.9882
83.000000 1.9889
84.000000 1.9895
85.000000 1.99
86.000000 1.9906
87.000000 1.9911
88.000000 1.9916
89.000000 1.992
90.000000 1.9924
91.000000 1.9928
92.000000 1.9932
93.000000 1.9936
94.000000 1.9939
95.000000 1.9942
96.000000 1.9945
97.000000 1.9948
98.000000 1.995
99.000000 1.9953
100.000000 1.9955
101.000000 1.9958
102.000000 1.996
103.000000 1.9962
104.000000 1.9964
105.000000 1.9965
106.000000 1.9967
107.000000 1.9969
108.000000 1.997
109.000000 1.9972
110.000000 1.9973
111.000000 1.9974
112.000000 1.9975
113.000000 1.9976
114.000000 1.9978
115.000000 1.9979
116.000000 1.998
117.000000 1.998
118.000000 1.9981
119.000000 1.9982
120.000000 1.9983
121.000000 1.9984
122.000000 1.9984
123.000000 1.9985
124.000000 1.9986
125.000000 1.9986
126.000000 1.9987
127.000000 1.9987
128.000000 1.9988
129.000000 1.9988
130.000000 1.9989
131.000000 1.9989
132.000000 1.9989
133.000000 1.999
134.000000 1.999
135.000000 1.999
136.000000 1.9991
137.000000 1.9991
138.000000 1.9991
139.000000 1.9992
140.000000 1.9992
141.000000 1.9992
142.000000 1.9992
143.000000 1.9993
144.000000 1.9993
145.000000 1.9993
146.000000 1.9993
147.000000 1.9993
148.000000 1.9994
149.000000 1.9994
150.000000 1.9994
151.000000 1.9994
152.000000 1.9994
153.000000 1.9994
154.000000 1.9994
155.000000 1.9995
156.000000 1.9995
157.000000 1.9995
158.000000 1.9995
159.000000 1.9995
160.000000 1.9995
161.000000 1.9995
162.000000 1.9995
163.000000 1.9995
164.000000 1.9995
165.000000 1.9995
166.000000 1.9996
167.000000 1.9996
168.000000 1.9996
169.000000 1.9996
170.000000 1.9996
171.000000 1.9996
172.000000 1.9996
173.000000 1.9996
174.000000 1.9996
175.000000 1.9996
176.000000 1.9996
177.000000 1.9996
178.000000 1.9996
179.000000 1.9996
180.000000 1.9996
181.000000 1.9996
182.000000 1.9996
183.000000 1.9996
184.000000 1.9996
185.000000 1.9996
186.000000 1.9997
187.000000 1.9997
188.000000 1.9997
189.000000 1.9997
190.000000 1.9997
191.000000 1.9997
192.000000 1.9997
193.000000 1.9997
194.000000 1.9997
195.000000 1.9997
196.000000 1.9997
197.000000 1.9997
198.000000 1.9997
199.000000 1.9997
200.000000 0.98693
201.000000 0.36384
202.000000 -0.039335
203.000000 -0.31461
204.000000 -0.51289
205.000000 -0.66303
206.000000 -0.78187
207.000000 -0.87954
208.000000 -0.9623
209.000000 -1.0342
210.000000 -1.0979
211.000000 -1.1552
212.000000 -1.2073
213.000000 -1.2552
214.000000 -1.2995
215.000000 -1.3407
216.000000 -1.3791
217.000000 -1.4151
218.000000 -1.4489
219.000000 -1.4806
220.000000 -1.5105
221.000000 -1.5386
222.000000 -1.5651
223.000000 -1.5901
224.000000 -1.6136
225.000000 -1.6358
226.000000 -1.6568
227.000000 -1.6765
228.000000 -1.6951
229.000000 -1.7127
230.000000 -1.7292
231.000000 -1.7448
232.000000 -1.7595
233.000000 -1.7733
234.000000 -1.7864
235.000000 -1.7987
236.000000 -1.8103
237.000000 -1.8212
238.000000 -1.8315
239.000000 -1.8412
240.000000 -1.8503
241.000000 -1.8589
242.000000 -1.867
243.000000 -1.8747
244.000000 -1.8819
245.000000 -1.8886
246.000000 -1.895
247.000000 -1.901
248.000000 -1.9067
249.000000 -1.912
250.000000 -1.917
251.000000 -1.9217
252.000000 -1.9262
253.000000 -1.9304
254.000000 -1.9343
255.000000 -1.938
256.000000 -1.9415
257.000000 -1.9448
258.000000 -1.9479
259.000000 -1.9508
260.000000 -1.9536
261.000000 -1.9562
262.000000 -1.9586
263.000000 -1.9609
264.000000 -1.9631
265.000000 -1.9651
266.000000 -1.967
267.000000 -1.9689
268.000000 -1.9706
269.000000 -1.9722
270.000000 -1.9737
271.000000 -1.9751
272.000000 -1.9765
273.000000 -1.9777
274.000000 -1.9789
275.000000 -1.9801
276.000000 -1.9811
277.000000 -1.9821
278.000000 -1.9831
279.000000 -1.984
280.000000 -1.9848
281.000000 -1.9856
282.000000 -1.9863
283.000000 -1.987
284.000000 -1.9877
285.000000 -1.9883
286.000000 -1.9889
287.000000 -1.9895
288.000000 -1.99
289.000000 -1.9905
290.000000 -1.991
291.000000 -1.9914
292.000000 -1.9918
293.000000 -1.9922
294.000000 -1.9926
295.000000 -1.9929
296.000000 -1.9933
297.000000 -1.9936
298.000000 -1.9939
299.000000 -1.9941
300.000000 -1.9944
301.000000 -1.9947
302.000000 -1.9949
303.000000 -1.9951
304.000000 -1.9953
305.000000 -1.9955
306.000000 -1.9957
307.000000 -1.9959
308.000000 -1.996
309.000000 -1.9962
310.000000 -1.9963
311.000000 -1.9965
312.000000 -1.9966
313.000000 -1.9967
314.000000 -1.9968
315.000000 -1.997
316.000000 -1.9971
317.000000 -1.9972
318.000000 -1.9972
319.000000 -1.9973
320.000000 -1.9974
321.000000 -1.9975
322.000000 -1.9976
323.000000 -1.9976
324.000000 -1.9977
325.000000 -1.9978
326.000000 -1.9978
327.000000 -1.9979
328.000000 -1.9979
329.000000 -1.998
330.000000 -1.998
331.000000 -1.9981
332.000000 -1.9981
333.000000 -1.9981
334.000000 -1.9982
335.000000 -1.9982
336.000000 -1.9982
337.000000 -1.9983
338.000000 -1.9983
339.000000 -1.9983
340.000000 -1.9983
341.000000 -1.9984
342.000000 -1.9984
343.000000 -1.9984
344.000000 -1.9984
345.000000 -1.9984
346.000000 -1.9984
347.000000 -1.9985
348.000000 -1.9985
349.000000 -1.9985
350.000000 -1.9985
351.000000 -1.9985
352.000000 -1.9985
353.000000 -1.9985
354.000000 -1.9985
355.000000 -1.9985
356.000000 -1.9986
357.000000 -1.9986
358.000000 -1.9986
359.000000 -1.9986
360.000000 -1.9986
361.000000 -1.9986
362.000000 -1.9986
363.000000 -1.9986
364.000000 -1.9986
365.000000 -1.9986
366.000000 -1.9986
367.000000 -1.9986
368.000000 -1.9986
369.000000 -1.9986
370.000000 -1.9986
371.000000 -1.9986
372.000000 -1.9986
373.000000 -1.9986
374.000000 -1.9986
375.000000 -1.9986
376.000000 -1.9986
377.000000 -1.9986
378.000000 -1.9986
379.000000 -1.9986
380.000000 -1.9986
381.000000 -1.9986
382.000000 -1.9986
383.000000 -1.9986
384.000000 -1.9986
385.000000 -1.9986
386.000000 -1.9986
387.000000 -1.9986
388.000000 -1.9986
389.000000 -1.9986
390.000000 -1.9986
391.000000 -1.9986
392.000000 -1.9986
393.000000 -1.9986
394.000000 -1.9986
395.000000 -1.9986
396.000000 -1.9986
397.000000 -1.9986
398.000000 -1.9986
399.000000 -1.9986
400.000000 -1.9986
401.000000 -1.9986
402.000000 -1.9986
403.000000 -1.9986
404.000000 -1.9986
405.000000 -1.9986
406.000000 -1.9986
407.000000 -1.9987
408.000000 -1.9987
409.000000 -1.9987
410.000000 -1.9987
411.000000 -1.9987
412.000000 -1.9987
413.000000 -1.9987
414.000000 -1.9987
415.000000 -1.9987
416.000000 -1.9987
417.000000 -1.9987
418.000000 -1.9987
419.000000 -1.9987
420.000000 -1.9987
421.000000 -1.9987
422.000000 -1.9987
423.000000 -1.9987
424.000000 -1.9987
425.000000 -1.9987
426.000000 -1.9987
427.000000 -1.9987
428.000000 -1.9987
429.000000 -1.9987
430.000000 -1.9987
431.000000 -1.9987
432.000000 -1.9987
433.000000 -1.9987
434.000000 -1.9987
435.000000 -1.9987
436.000000 -1.9987
437.000000 -1.9987
438.000000 -1.9987
439.000000 -1.9988
440.000000 -1.9988
441.000000 -1.9988
442.000000 -1.9988
443.000000 -1.9988
444.000000 -1.9988
445.000000 -1.9988
446.000000 -1.9988
447.000000 -1.9988
448.000000 -1.9988
449.000000 -1.9988
450.000000 -1.9988
451.000000 -1.9988
452.000000 -1.9988
453.000000 -1.9988
454.000000 -1.9988
455.000000 -1.9989
456.000000 -1.9989
457.000000 -1.9989
458.000000 -1.9989
459.000000 -1.9989
460.000000 -1.9989
461.000000 -1.9989
462.000000 -1.9989
463.000000 -1.9989
464.000000 -1.9989
465.000000 -1.9989
466.000000 -1.9989
467.000000 -1.999
468.000000 -1.999
469.000000 -1.999
470.000000 -1.999
471.000000 -1.999
472.000000 -1.999
473.000000 -1.999
474.000000 -1.999
475.000000 -1.999
476.000000 -1.999
477.000000 -1.9991
478.000000 -1.9991
479.000000 -1.9991
480.000000 -1.9991
481.000000 -1.9991
482.000000 -1.9991
483.000000 -1.9991
484.000000 -1.9991
485.000000 -1.9991
486.000000 -1.9991
487.000000 -1.9992
488.000000 -1.9992
489.000000 -1.9992
490.000000 -1.9992
491.000000 -1.9992
492.000000 -1.9992
493.000000 -1.9992
494.000000 -1.9992
495.000000 -1.9993
496.000000 -1.9993
497.000000 -1.9993
498.000000 -1.9993
499.000000 -1.9993
500.000000 -1.1131
501.000000 -0.56795
502.000000 -0.21518
503.000000 0.025671
504.000000 0.19915
505.000000 0.33052
506.000000 0.4345
507.000000 0.51994
508.000000 0.59235
509.000000 0.65525
510.000000 0.71097
511.000000 0.76108
512.000000 0.80669
513.000000 0.84858
514.000000 0.88733
515.000000 0.92335
516.000000 0.95698
517.000000 0.98846
518.000000 1.018
519.000000 1.0458
520.000000 1.0719
521.000000 1.0965
522.000000 1.1197
523.000000 1.1415
524.000000 1.1621
525.000000 1.1815
526.000000 1.1998
527.000000 1.2171
528.000000 1.2333
529.000000 1.2487
530.000000 1.2631
531.000000 1.2768
532.000000 1.2896
533.000000 1.3017
534.000000 1.3131
535.000000 1.3239
536.000000 1.334
537.000000 1.3436
538.000000 1.3526
539.000000 1.361
540.000000 1.369
541.000000 1.3765
542.000000 1.3836
543.000000 1.3903
544.000000 1.3966
545.000000 1.4025
546.000000 1.408
547.000000 1.4133
548.000000 1.4182
549.000000 1.4229
550.000000 1.4272
551.000000 1.4313
552.000000 1.4352
553.000000 1.4389
554.000000 1.4423
555.000000 1.4455
556.000000 1.4486
557.000000 1.4515
558.000000 1.4542
559.000000 1.4567
560.000000 1.4591
561.000000 1.4614
562.000000 1.4635
563.000000 1.4655
564.000000 1.4674
565.000000 1.4691
566.000000 1.4708
567.000000 1.4724
568.000000 1.4739
569.000000 1.4753
570.000000 1.4766
571.000000 1.4778
572.000000 1.479
573.000000 1.4801
574.000000 1.4811
575.000000 1.4821
576.000000 1.483
577.000000 1.4839
578.000000 1.4847
579.000000 1.4855
580.000000 1.4862
581.000000 1.4869
582.000000 1.4875
583.000000 1.4881
584.000000 1.4887
585.000000 1.4892
586.000000 1.4897
587.000000 1.4902
588.000000 1.4906
589.000000 1.4911
590.000000 1.4915
591.000000 1.4918
592.000000 1.4922
593.000000 1.4925
594.000000 1.4928
595.000000 1.4931
596.000000 1.4934
597.000000 1.4937
598.000000 1.4939
599.000000 1.4942
600.000000 1.4944
601.000000 1.4946
602.000000 1.4948
603.000000 1.495
604.000000 1.4951
605.000000 1.4953
606.000000 1.4954
607.000000 1.4956
608.000000 1.4957
609.000000 1.4958
610.000000 1.496
611.000000 1.4961
612.000000 1.4962
613.000000 1.4963
614.000000 1.4964
615.000000 1.4965
616.000000 1.4965
617.000000 1.4966
618.000000 1.4967
619.000000 1.4967
620.000000 1.4968
621.000000 1.4969
622.000000 1.4969
623.000000 1.497
624.000000 1.497
625.000000 1.4971
626.000000 1.4971
627.000000 1.4971
628.000000 1.4972
629.000000 1.4972
630.000000 1.4972
631.000000 1.4973
632.000000 1.4973
633.000000 1.4973
634.000000 1.4973
635.000000 1.4974
636.000000 1.4974
637.000000 1.4974
638.000000 1.4974
639.000000 1.4974
640.000000 1.4974
641.000000 1.4975
642.000000 1.4975
643.000000 1.4975
644.000000 1.4975
645.000000 1.4975
646.000000 1.4975
647.000000 1.4975
648.000000 1.4975
649.000000 1.4975
650.000000 1.4975
651.000000 1.4975
652.000000 1.4975
653.000000 1.4975
654.000000 1.4975
655.000000 1.4975
656.000000 1.4975
657.000000 1.4975
658.000000 1.4975
659.000000 1.4975
660.000000 1.4975
661.000000 1.4975
662.000000 1.4975
663.000000 1.4975
664.000000 1.4975
665.000000 1.4975
666.000000 1.4975
667.000000 1.4975
668.000000 1.4975
669.000000 1.4975
670.000000 1.4975
671.000000 1.4975
672.000000 1.4975
673.000000 1.4975
674.000000 1.4975
675.000000 1.4975
676.000000 1.4975
677.000000 1.4975
678.000000 1.4975
679.000000 1.4975
680.000000 1.4975
681.000000 1.4975
682.000000 1.4975
683.000000 1.4975
684.000000 1.4975
685.000000 1.4975
686.000000 1.4975
687.000000 1.4975
688.000000 1.4975
689.000000 1.4975
690.000000 1.4975
691.000000 1.4975
692.000000 1.4975
693.000000 1.4975
694.000000 1.4975
695.000000 1.4975
696.000000 1.4975
697.000000 1.4975
698.000000 1.4975
699.000000 1.4975
700.000000 1.4975
701.000000 1.4975
702.000000 1.4975
703.000000 1.4975
704.000000 1.4975
705.000000 1.4975
706.000000 1.4975
707.000000 1.4975
708.000000 1.4975
709.000000 1.4975
710.000000 1.4975
711.000000 1.4975
712.000000 1.4975
713.000000 1.4975
714.000000 1.4975
715.000000 1.4975
716.000000 1.4975
717.000000 1.4975
718.000000 1.4975
719.000000 1.4975
720.000000 1.4975
721.000000 1.4975
722.000000 1.4975
723.000000 1.4975
724.000000 1.4975
725.000000 1.4975
726.000000 1.4975
727.000000 1.4975
728.000000 1.4975
729.000000 1.4975
730.000000 1.4976
731.000000 1.4976
732.000000 1.4976
733.000000 1.4976
734.000000 1.4976
735.000000 1.4976
736.000000 1.4976
737.000000 1.4976
738.000000 1.4976
739.000000 1.4976
740.000000 1.4976
741.000000 1.4976
742.000000 1.4976
743.000000 1.4977
744.000000 1.4977
745.000000 1.4977
746.000000 1.4977
747.000000 1.4977
748.000000 1.4977
749.000000 1.4977
750.000000 1.4977
751.000000 1.4977
752.000000 1.4977
753.000000 1.4978
754.000000 1.4978
755.000000 1.4978
756.000000 1.4978
757.000000 1.4978
758.000000 1.4978
759.000000 1.4978
760.000000 1.4978
761.000000 1.4979
762.000000 1.4979
763.000000 1.4979
764.000000 1.4979
765.000000 1.4979
766.000000 1.4979
767.000000 1.4979
768.000000 1.498
769.000000 1.498
770.000000 1.498
771.000000 1.498
772.000000 1.498
773.000000 1.498
774.000000 1.498
775.000000 1.4981
776.000000 1.4981
777.000000 1.4981
778.000000 1.4981
779.000000 1.4981
780.000000 1.4981
781.000000 1.4982
782.000000 1.4982
783.000000 1.4982
784.000000 1.4982
785.000000 1.4982
786.000000 1.4983
787.000000 1.4983
788.000000 1.4983
789.000000 1.4983
790.000000 1.4983
791.000000 1.4983
792.000000 1.4984
793.000000 1.4984
794.000000 1.4984
795.000000 1.4984
796.000000 1.4984
797.000000 1.4985
798.000000 1.4985
799.000000 1.4985
800.000000 1.1187
801.000000 0.8851
802.000000 0.73393
803.000000 0.63072
804.000000 0.55639
805.000000 0.5001
806.000000 0.45556
807.000000 0.41895
808.000000 0.38794
809.000000 0.361
810.000000 0.33713
811.000000 0.31567
812.000000 0.29614
813.000000 0.27821
814.000000 0.26162
815.000000 0.24619
816.000000 0.2318
817.000000 0.21832
818.000000 0.20568
819.000000 0.1938
820.000000 0.18262
821.000000 0.1721
822.000000 0.16219
823.000000 0.15284
824.000000 0.14404
825.000000 0.13574
826.000000 0.12791
827.000000 0.12053
828.000000 0.11357
829.000000 0.10702
830.000000 0.10084
831.000000 0.095011
832.000000 0.089522
833.000000 0.08435
834.000000 0.079477
835.000000 0.074887
836.000000 0.070563
837.000000 0.066491
838.000000 0.062655
839.000000 0.059044
840.000000 0.055643
841.000000 0.052442
842.000000 0.049428
843.000000 0.04659
844.000000 0.043919
845.000000 0.041406
846.000000 0.039039
847.000000 0.036813
848.000000 0.034717
849.000000 0.032745
850.000000 0.03089
851.000000 0.029144
852.000000 0.027501
853.000000 0.025956
854.000000 0.024502
855.000000 0.023134
856.000000 0.021847
857.000000 0.020637
858.000000 0.019499
859.000000 0.018428
860.000000 0.017421
861.000000 0.016473
862.000000 0.015583
863.000000 0.014745
864.000000 0.013957
865.000000 0.013217
866.000000 0.012521
867.000000 0.011866
868.000000 0.011251
869.000000 0.010673
870.000000 0.010129
871.000000 0.0096182
872.000000 0.0091383
873.000000 0.0086874
874.000000 0.0082638
875.000000 0.007866
876.000000 0.0074923
877.000000 0.0071415
878.000000 0.0068122
879.000000 0.0065031
880.000000 0.006213
881.000000 0.0059409
882.000000 0.0056857
883.000000 0.0054464
884.000000 0.005222
885.000000 0.0050118
886.000000 0.0048149
887.000000 0.0046305
888.000000 0.0044579
889.000000 0.0042965
890.000000 0.0041455
891.000000 0.0040044
892.000000 0.0038725
893.000000 0.0037495
894.000000 0.0036346
895.000000 0.0035276
896.000000 0.0034279
897.000000 0.0033351
898.000000 0.0032488
899.000000 0.0031687
900.000000 0.0030943
901.000000 0.0030254
902.000000 0.0029616
903.000000 0.0029026
904.000000 0.0028482
905.000000 0.0027982
906.000000 0.0027521
907.000000 0.0027099
908.000000 0.0026713
909.000000 0.002636
910.000000 0.002604
911.000000 0.0025749
912.000000 0.0025487
913.000000 0.0025252
914.000000 0.0025041
915.000000 0.0024855
916.000000 0.002469
917.000000 0.0024547
918.000000 0.0024423
919.000000 0.0024318
920.000000 0.002423
921.000000 0.0024159
922.000000 0.0024103
923.000000 0.0024061
924.000000 0.0024034
925.000000 0.0024019
926.000000 0.0024016
927.000000 0.0024024
928.000000 0.0024043
929.000000 0.0024071
930.000000 0.0024109
931.000000 0.0024156
932.000000 0.002421
933.000000 0.0024272
934.000000 0.0024342
935.000000 0.0024417
936.000000 0.0024499
937.000000 0.0024587
938.000000 0.0024679
939.000000 0.0024777
940.000000 0.0024879
941.000000 0.0024985
942.000000 0.0025095
943.000000 0.0025209
944.000000 0.0025325
945.000000 0.0025445
946.000000 0.0025567
947.000000 0.0025692
948.000000 0.0025819
949.000000 0.0025948
950.000000 0.0026078
951.000000 0.002621
952.000000 0.0026343
953.000000 0.0026477
954.000000 0.0026612
955.000000 0.0026748
956.000000 0.0026885
957.000000 0.0027021
958.000000 0.0027159
959.000000 0.0027296
960.000000 0.0027433
961.000000 0.002757
962.000000 0.0027707
963.000000 0.0027843
964.000000 0.0027979
965.000000 0.0028114
966.000000 0.0028249
967.000000 0.0028382
968.000000 0.0028515
969.000000 0.0028647
970.000000 0.0028778
971.000000 0.0028907
972.000000 0.0029036
973.000000 0.0029163
974.000000 0.0029288
975.000000 0.0029412
976.000000 0.0029535
977.000000 0.0029656
978.000000 0.0029775
979.000000 0.0029893
980.000000 0.0030009
981.000000 0.0030123
982.000000 0.0030235
983.000000 0.0030345
984.000000 0.0030454
985.000000 0.003056
986.000000 0.0030664
987.000000 0.0030766
988.000000 0.0030866
989.000000 0.0030964
990.000000 0.003106
991.000000 0.0031153
992.000000 0.0031245
993.000000 0.0031333
994.000000 0.003142
995.000000 0.0031504
996.000000 0.0031586
997.000000 0.0031665
998.000000 0.0031742
999.000000 0.0031816
1000.000000 0.0031888
1001.000000 0.0031957
1002.000000 0.0032024
1003.000000 0.0032088
1004.000000 0.003215
1005.000000 0.0032209
1006.000000 0.0032265
1007.000000 0.0032319
1008.000000 0.003237
1009.000000 0.0032419
1010.000000 0.0032464
1011.000000 0.0032507
1012.000000 0.0032548
1013.000000 0.0032585
1014.000000 0.003262
1015.000000 0.0032652
1016.000000 0.0032681
1017.000000 0.0032708
1018.000000 0.0032732
1019.000000 0.0032753
1020.000000 0.0032771
1021.000000 0.0032786
1022.000000 0.0032799
1023.000000 0.0032808
1024.000000 0.0032815
1025.000000 0.0032819
1026.000000 0.003282
1027.000000 0.0032818
1028.000000 0.0032814
1029.000000 0.0032806
1030.000000 0.0032796
1031.000000 0.0032783
1032.000000 0.0032767
1033.000000 0.0032748
1034.000000 0.0032726
1035.000000 0.0032701
1036.000000 0.0032674
1037.000000 0.0032643
1038.000000 0.003261
1039.000000 0.0032574
1040.000000 0.0032535
1041.000000 0.0032493
1042.000000 0.0032448
1043.000000 0.00324
1044.000000 0.003235
1045.000000 0.0032296
1046.000000 0.003224
1047.000000 0.0032181
1048.000000 0.0032118
1049.000000 0.0032053
1050.000000 0.0031986
1051.000000 0.0031915
1052.000000 0.0031841
1053.000000 0.0031765
1054.000000 0.0031686
1055.000000 0.0031604
1056.000000 0.0031519
1057.000000 0.0031431
1058.000000 0.0031341
1059.000000 0.0031247
1060.000000 0.0031151
1061.000000 0.0031052
1062.000000 0.0030951
1063.000000 0.0030846
1064.000000 0.0030739
1065.000000 0.0030629
1066.000000 0.0030516
1067.000000 0.0030401
1068.000000 0.0030282
1069.000000 0.0030162
1070.000000 0.0030038
1071.000000 0.0029911
1072.000000 0.0029782
1073.000000 0.0029651
1074.000000 0.0029516
1075.000000 0.0029379
1076.000000 0.0029239
1077.000000 0.0029097
1078.000000 0.0028952
1079.000000 0.0028804
1080.000000 0.0028654
1081.000000 0.0028501
1082.000000 0.0028346
1083.000000 0.0028188
1084.000000 0.0028027
1085.000000 0.0027864
1086.000000 0.0027699
1087.000000 0.0027531
1088.000000 0.002736
1089.000000 0.0027187
1090.000000 0.0027012
1091.000000 0.0026834
1092.000000 0.0026654
1093.000000 0.0026471
1094.000000 0.0026286
1095.000000 0.0026098
1096.000000 0.0025908
1097.000000 0.0025716
1098.000000 0.0025521
1099.000000 0.0025325
