0.000000 0
1.000000 0
2.000000 0
3.000000 0
4.000000 0
5.000000 0
6.000000 0
7.000000 0
8.000000 0
9.000000 0
10.000000 0.59338
11.000000 0.9187
12.000000 1.102
13.000000 1.2089
14.000000 1.2738
15.000000 1.3151
16.000000 1.3427
17.000000 1.3621
18.000000 1.3764
19.000000 1.3873
20.000000 1.396
21.000000 1.4031
22.000000 1.4091
23.000000 1.4142
24.000000 1.4187
25.000000 1.4226
26.000000 1.4261
27.000000 1.4293
28.000000 1.4322
29.000000 1.4348
30.000000 1.4372
31.000000 1.4395
32.000000 1.4415
33.000000 1.4435
34.000000 1.4452
35.000000 1.4469
36.000000 1.4485
37.000000 1.4499
38.000000 1.4513
39.000000 1.4526
40.000000 1.4538
41.000000 1.4549
42.000000 1.456
43.000000 1.457
44.000000 1.4579
45.000000 1.4588
46.000000 1.4597
47.000000 1.4605
48.000000 1.4612
49.000000 1.4619
50.000000 1.4626
51.000000 1.4632
52.000000 1.4638
53.000000 1.4643
54.000000 1.4649
55.000000 1.4654
56.000000 1.4658
57.000000 1.4663
58.000000 1.4667
59.000000 1.4671
60.000000 1.4675
61.000000 1.4679
62.000000 1.4682
63.000000 1.4685
64.000000 1.4688
65.000000 1.4691
66.000000 1.4694
67.000000 1.4697
68.000000 1.4699
69.000000 1.4702
70.000000 1.4704
71.000000 1.4706
72.000000 1.4708
73.000000 1.471
74.000000 1.4712
75.000000 1.4714
76.000000 1.4715
77.000000 1.4717
78.000000 1.4719
79.000000 1.472
80.000000 1.4722
81.000000 1.4723
82.000000 1.4724
83.000000 1.4725
84.000000 1.4727
85.000000 1.4728
86.000000 1.4729
87.000000 1.473
88.000000 1.4731
89.000000 1.4732
90.000000 1.4733
91.000000 1.4734
92.000000 1.4735
93.000000 1.4735
94.000000 1.4736
95.000000 1.4737
96.000000 1.4738
97.000000 1.4738
98.000000 1.4739
99.000000 1.474
100.000000 1.4741
101.000000 1.4741
102.000000 1.4742
103.000000 1.4742
104.000000 1.4743
105.000000 1.4744
106.000000 1.4744
107.000000 1.4745
108.000000 1.4745
109.000000 1.4746
110.000000 1.4746
111.000000 1.4747
112.000000 1.4747
113.000000 1.4748
114.000000 1.4748
115.000000 1.4749
116.000000 1.4749
117.000000 1.475
118.000000 1.475
119.000000 1.475
120.000000 1.4751
121.000000 1.4751
122.000000 1.4752
123.000000 1.4752
124.000000 1.4753
125.000000 1.4753
126.000000 1.4753
127.000000 1.4754
128.000000 1.4754
129.000000 1.4754
130.000000 1.4755
131.000000 1.4755
132.000000 1.4756
133.000000 1.4756
134.000000 1.4756
135.000000 1.4757
136.000000 1.4757
137.000000 1.4758
138.000000 1.4758
139.000000 1.4758
140.000000 1.4759
141.000000 1.4759
142.000000 1.4759
143.000000 1.476
144.000000 1.476
145.000000 1.476
146.000000 1.4761
147.000000 1.4761
148.000000 1.4761
149.000000 1.4762
150.000000 1.4762
151.000000 1.4763
152.000000 1.4763
153.000000 1.4763
154.000000 1.4764
155.000000 1.4764
156.000000 1.4764
157.000000 1.4765
158.000000 1.4765
159.000000 1.4765
160.000000 1.4766
161.000000 1.4766
162.000000 1.4766
163.000000 1.4767
164.000000 1.4767
165.000000 1.4767
166.000000 1.4768
167.000000 1.4768
168.000000 1.4768
169.000000 1.4769
170.000000 1.4769
171.000000 1.477
172.000000 1.477
173.000000 1.477
174.000000 1.4771
175.000000 1.4771
176.000000 1.4771
177.000000 1.4772
178.000000 1.4772
179.000000 1.4772
180.000000 1.4773
181.000000 1.4773
182.000000 1.4773
183.000000 1.4773
184.000000 1.4774
185.000000 1.4774
186.000000 1.4774
187.000000 1.4775
188.000000 1.4775
189.000000 1.4775
190.000000 1.4776
191.000000 1.4776
192.000000 1.4776
193.000000 1.4777
194.000000 1.4777
195.000000 1.4777
196.000000 1.4778
197.000000 1.4778
198.000000 1.4778
199.000000 1.4778
200.000000 0.29111
201.000000 -0.3595
202.000000 -0.72605
203.000000 -0.93977
204.000000 -1.0696
205.000000 -1.1522
206.000000 -1.2074
207.000000 -1.2462
208.000000 -1.2747
209.000000 -1.2966
210.000000 -1.3139
211.000000 -1.3281
212.000000 -1.34
213.000000 -1.3502
214.000000 -1.3591
215.000000 -1.3669
216.000000 -1.3739
217.000000 -1.3802
218.000000 -1.386
219.000000 -1.3912
220.000000 -1.396
221.000000 -1.4005
222.000000 -1.4046
223.000000 -1.4084
224.000000 -1.412
225.000000 -1.4153
226.000000 -1.4184
227.000000 -1.4213
228.000000 -1.424
229.000000 -1.4266
230.000000 -1.429
231.000000 -1.4312
232.000000 -1.4333
233.000000 -1.4353
234.000000 -1.4372
235.000000 -1.439
236.000000 -1.4406
237.000000 -1.4422
238.000000 -1.4436
239.000000 -1.445
240.000000 -1.4463
241.000000 -1.4476
242.000000 -1.4487
243.000000 -1.4499
244.000000 -1.4509
245.000000 -1.4519
246.000000 -1.4528
247.000000 -1.4537
248.000000 -1.4545
249.000000 -1.4553
250.000000 -1.4561
251.000000 -1.4568
252.000000 -1.4575
253.000000 -1.4581
254.000000 -1.4587
255.000000 -1.4593
256.000000 -1.4599
257.000000 -1.4604
258.000000 -1.4609
259.000000 -1.4614
260.000000 -1.4618
261.000000 -1.4622
262.000000 -1.4626
263.000000 -1.463
264.000000 -1.4634
265.000000 -1.4638
266.000000 -1.4641
267.000000 -1.4644
268.000000 -1.4647
269.000000 -1.465
270.000000 -1.4653
271.000000 -1.4656
272.000000 -1.4659
273.000000 -1.4661
274.000000 -1.4664
275.000000 -1.4666
276.000000 -1.4668
277.000000 -1.467
278.000000 -1.4672
279.000000 -1.4674
280.000000 -1.4676
281.000000 -1.4678
282.000000 -1.468
283.000000 -1.4682
284.000000 -1.4684
285.000000 -1.4685
286.000000 -1.4687
287.000000 -1.4688
288.000000 -1.469
289.000000 -1.4691
290.000000 -1.4693
291.000000 -1.4694
292.000000 -1.4696
293.000000 -1.4697
294.000000 -1.4699
295.000000 -1.47
296.000000 -1.4701
297.000000 -1.4702
298.000000 -1.4704
299.000000 -1.4705
300.000000 -1.4706
301.000000 -1.4707
302.000000 -1.4709
303.000000 -1.471
304.000000 -1.4711
305.000000 -1.4712
306.000000 -1.4713
307.000000 -1.4715
308.000000 -1.4716
309.000000 -1.4717
310.000000 -1.4718
311.000000 -1.4719
312.000000 -1.472
313.000000 -1.4722
314.000000 -1.4723
315.000000 -1.4724
316.000000 -1.4725
317.000000 -1.4726
318.000000 -1.4727
319.000000 -1.4728
320.000000 -1.4729
321.000000 -1.4731
322.000000 -1.4732
323.000000 -1.4733
324.000000 -1.4734
325.000000 -1.4735
326.000000 -1.4736
327.000000 -1.4738
328.000000 -1.4739
329.000000 -1.474
330.000000 -1.4741
331.000000 -1.4742
332.000000 -1.4743
333.000000 -1.4745
334.000000 -1.4746
335.000000 -1.4747
336.000000 -1.4748
337.000000 -1.475
338.000000 -1.4751
339.000000 -1.4752
340.000000 -1.4753
341.000000 -1.4754
342.000000 -1.4756
343.000000 -1.4757
344.000000 -1.4758
345.000000 -1.4759
346.000000 -1.4761
347.000000 -1.4762
348.000000 -1.4763
349.000000 -1.4765
350.000000 -1.4766
351.000000 -1.4767
352.000000 -1.4769
353.000000 -1.477
354.000000 -1.4771
355.000000 -1.4772
356.000000 -1.4774
357.000000 -1.4775
358.000000 -1.4776
359.000000 -1.4778
360.000000 -1.4779
361.000000 -1.4781
362.000000 -1.4782
363.000000 -1.4783
364.000000 -1.4785
365.000000 -1.4786
366.000000 -1.4787
367.000000 -1.4789
368.000000 -1.479
369.000000 -1.4792
370.000000 -1.4793
371.000000 -1.4795
372.000000 -1.4796
373.000000 -1.4797
374.000000 -1.4799
375.000000 -1.48
376.000000 -1.4802
377.000000 -1.4803
378.000000 -1.4805
379.000000 -1.4806
380.000000 -1.4807
381.000000 -1.4809
382.000000 -1.481
383.000000 -1.4812
384.000000 -1.4813
385.000000 -1.4815
386.000000 -1.4816
387.000000 -1.4818
388.000000 -1.4819
389.000000 -1.4821
390.000000 -1.4822
391.000000 -1.4824
392.000000 -1.4825
393.000000 -1.4827
394.000000 -1.4828
395.000000 -1.483
396.000000 -1.4831
397.000000 -1.4832
398.000000 -1.4834
399.000000 -1.4835
400.000000 -1.4837
401.000000 -1.4838
402.000000 -1.484
403.000000 -1.4841
404.000000 -1.4843
405.000000 -1.4844
406.000000 -1.4846
407.000000 -1.4847
408.000000 -1.4849
409.000000 -1.485
410.000000 -1.4852
411.000000 -1.4853
412.000000 -1.4855
413.000000 -1.4856
414.000000 -1.4858
415.000000 -1.4859
416.000000 -1.4861
417.000000 -1.4862
418.000000 -1.4864
419.000000 -1.4865
420.000000 -1.4867
421.000000 -1.4868
422.000000 -1.4869
423.000000 -1.4871
424.000000 -1.4872
425.000000 -1.4874
426.000000 -1.4875
427.000000 -1.4877
428.000000 -1.4878
429.000000 -1.488
430.000000 -1.4881
431.000000 -1.4882
432.000000 -1.4884
433.000000 -1.4885
434.000000 -1.4887
435.000000 -1.4888
436.000000 -1.4889
437.000000 -1.4891
438.000000 -1.4892
439.000000 -1.4894
440.000000 -1.4895
441.000000 -1.4896
442.000000 -1.4898
443.000000 -1.4899
444.000000 -1.49
445.000000 -1.4902
446.000000 -1.4903
447.000000 -1.4904
448.000000 -1.4906
449.000000 -1.4907
450.000000 -1.4908
451.000000 -1.4909
452.000000 -1.4911
453.000000 -1.4912
454.000000 -1.4913
455.000000 -1.4915
456.000000 -1.4916
457.000000 -1.4917
458.000000 -1.4918
459.000000 -1.4919
460.000000 -1.4921
461.000000 -1.4922
462.000000 -1.4923
463.000000 -1.4924
464.000000 -1.4925
465.000000 -1.4927
466.000000 -1.4928
467.000000 -1.4929
468.000000 -1.493
469.000000 -1.4931
470.000000 -1.4932
471.000000 -1.4933
472.000000 -1.4934
473.000000 -1.4935
474.000000 -1.4936
475.000000 -1.4938
476.000000 -1.4939
477.000000 -1.494
478.000000 -1.4941
479.000000 -1.4942
480.000000 -1.4943
481.000000 -1.4944
482.000000 -1.4945
483.000000 -1.4945
484.000000 -1.4946
485.000000 -1.4947
486.000000 -1.4948
487.000000 -1.4949
488.000000 -1.495
489.000000 -1.4951
490.000000 -1.4952
491.000000 -1.4953
492.000000 -1.4953
493.000000 -1.4954
494.000000 -1.4955
495.000000 -1.4956
496.000000 -1.4957
497.000000 -1.4957
498.000000 -1.4958
499.000000 -1.4959
500.000000 -0.45753
501.000000 0.11171
502.000000 0.4324
503.000000 0.61936
504.000000 0.73292
505.000000 0.80517
506.000000 0.85346
507.000000 0.88735
508.000000 0.91226
509.000000 0.93134
510.000000 0.94648
511.000000 0.95886
512.000000 0.96924
513.000000 0.97813
514.000000 0.98587
515.000000 0.9927
516.000000 0.99881
517.000000 1.0043
518.000000 1.0093
519.000000 1.0139
520.000000 1.0181
521.000000 1.022
522.000000 1.0256
523.000000 1.0289
524.000000 1.032
525.000000 1.0349
526.000000 1.0376
527.000000 1.0401
528.000000 1.0425
529.000000 1.0447
530.000000 1.0468
531.000000 1.0488
532.000000 1.0506
533.000000 1.0523
534.000000 1.054
535.000000 1.0555
536.000000 1.057
537.000000 1.0583
538.000000 1.0596
539.000000 1.0609
540.000000 1.062
541.000000 1.0631
542.000000 1.0641
543.000000 1.0651
544.000000 1.066
545.000000 1.0669
546.000000 1.0678
547.000000 1.0685
548.000000 1.0693
549.000000 1.07
550.000000 1.0707
551.000000 1.0713
552.000000 1.072
553.000000 1.0725
554.000000 1.0731
555.000000 1.0736
556.000000 1.0742
557.000000 1.0746
558.000000 1.0751
559.000000 1.0756
560.000000 1.076
561.000000 1.0764
562.000000 1.0768
563.000000 1.0772
564.000000 1.0776
565.000000 1.0779
566.000000 1.0783
567.000000 1.0786
568.000000 1.0789
569.000000 1.0792
570.000000 1.0795
571.000000 1.0798
572.000000 1.0801
573.000000 1.0804
574.000000 1.0806
575.000000 1.0809
576.000000 1.0811
577.000000 1.0814
578.000000 1.0816
579.000000 1.0819
580.000000 1.0821
581.000000 1.0823
582.000000 1.0825
583.000000 1.0828
584.000000 1.083
585.000000 1.0832
586.000000 1.0834
587.000000 1.0836
588.000000 1.0838
589.000000 1.084
590.000000 1.0842
591.000000 1.0844
592.000000 1.0846
593.000000 1.0848
594.000000 1.085
595.000000 1.0852
596.000000 1.0854
597.000000 1.0856
598.000000 1.0858
599.000000 1.086
600.000000 1.0862
601.000000 1.0864
602.000000 1.0866
603.000000 1.0868
604.000000 1.087
605.000000 1.0872
606.000000 1.0874
607.000000 1.0876
608.000000 1.0878
609.000000 1.088
610.000000 1.0882
611.000000 1.0884
612.000000 1.0886
613.000000 1.0888
614.000000 1.089
615.000000 1.0892
616.000000 1.0894
617.000000 1.0896
618.000000 1.0898
619.000000 1.09
620.000000 1.0902
621.000000 1.0904
622.000000 1.0906
623.000000 1.0909
624.000000 1.0911
625.000000 1.0913
626.000000 1.0915
627.000000 1.0917
628.000000 1.0919
629.000000 1.0922
630.000000 1.0924
631.000000 1.0926
632.000000 1.0928
633.000000 1.093
634.000000 1.0933
635.000000 1.0935
636.000000 1.0937
637.000000 1.094
638.000000 1.0942
639.000000 1.0944
640.000000 1.0947
641.000000 1.0949
642.000000 1.0951
643.000000 1.0954
644.000000 1.0956
645.000000 1.0959
646.000000 1.0961
647.000000 1.0963
648.000000 1.0966
649.000000 1.0968
650.000000 1.0971
651.000000 1.0973
652.000000 1.0976
653.000000 1.0978
654.000000 1.0981
655.000000 1.0983
656.000000 1.0986
657.000000 1.0988
658.000000 1.0991
659.000000 1.0994
660.000000 1.0996
661.000000 1.0999
662.000000 1.1001
663.000000 1.1004
664.000000 1.1007
665.000000 1.1009
666.000000 1.1012
667.000000 1.1015
668.000000 1.1017
669.000000 1.102
670.000000 1.1023
671.000000 1.1025
672.000000 1.1028
673.000000 1.1031
674.000000 1.1033
675.000000 1.1036
676.000000 1.1039
677.000000 1.1042
678.000000 1.1044
679.000000 1.1047
680.000000 1.105
681.000000 1.1053
682.000000 1.1055
683.000000 1.1058
684.000000 1.1061
685.000000 1.1064
686.000000 1.1066
687.000000 1.1069
688.000000 1.1072
689.000000 1.1075
690.000000 1.1078
691.000000 1.1081
692.000000 1.1083
693.000000 1.1086
694.000000 1.1089
695.000000 1.1092
696.000000 1.1095
697.000000 1.1097
698.000000 1.11
699.000000 1.1103
700.000000 1.1106
701.000000 1.1109
702.000000 1.1112
703.000000 1.1114
704.000000 1.1117
705.000000 1.112
706.000000 1.1123
707.000000 1.1126
708.000000 1.1128
709.000000 1.1131
710.000000 1.1134
711.000000 1.1137
712.000000 1.114
713.000000 1.1143
714.000000 1.1145
715.000000 1.1148
716.000000 1.1151
717.000000 1.1154
718.000000 1.1157
719.000000 1.1159
720.000000 1.1162
721.000000 1.1165
722.000000 1.1168
723.000000 1.117
724.000000 1.1173
725.000000 1.1176
726.000000 1.1179
727.000000 1.1182
728.000000 1.1184
729.000000 1.1187
730.000000 1.119
731.000000 1.1192
732.000000 1.1195
733.000000 1.1198
734.000000 1.1201
735.000000 1.1203
736.000000 1.1206
737.000000 1.1209
738.000000 1.1211
739.000000 1.1214
740.000000 1.1216
741.000000 1.1219
742.000000 1.1222
743.000000 1.1224
744.000000 1.1227
745.000000 1.1229
746.000000 1.1232
747.000000 1.1235
748.000000 1.1237
749.000000 1.124
750.000000 1.1242
751.000000 1.1245
752.000000 1.1247
753.000000 1.125
754.000000 1.1252
755.000000 1.1255
756.000000 1.1257
757.000000 1.1259
758.000000 1.1262
759.000000 1.1264
760.000000 1.1267
761.000000 1.1269
762.000000 1.1271
763.000000 1.1274
764.000000 1.1276
765.000000 1.1278
766.000000 1.128
767.000000 1.1283
768.000000 1.1285
769.000000 1.1287
770.000000 1.1289
771.000000 1.1292
772.000000 1.1294
773.000000 1.1296
774.000000 1.1298
775.000000 1.13
776.000000 1.1302
777.000000 1.1304
778.000000 1.1306
779.000000 1.1308
780.000000 1.131
781.000000 1.1312
782.000000 1.1314
783.000000 1.1316
784.000000 1.1318
785.000000 1.132
786.000000 1.1322
787.000000 1.1324
788.000000 1.1326
789.000000 1.1328
790.000000 1.1329
791.000000 1.1331
792.000000 1.1333
793.000000 1.1335
794.000000 1.1336
795.000000 1.1338
796.000000 1.134
797.000000 1.1341
798.000000 1.1343
799.000000 1.1345
800.000000 0.68959
801.000000 0.44575
802.000000 0.30844
803.000000 0.22843
804.000000 0.17988
805.000000 0.14904
806.000000 0.12846
807.000000 0.11405
808.000000 0.10348
809.000000 0.095417
810.000000 0.089037
811.000000 0.083837
812.000000 0.079492
813.000000 0.075786
814.000000 0.072569
815.000000 0.069739
816.000000 0.06722
817.000000 0.064956
818.000000 0.062906
819.000000 0.061037
820.000000 0.059325
821.000000 0.05775
822.000000 0.056296
823.000000 0.05495
824.000000 0.053701
825.000000 0.052539
826.000000 0.051456
827.000000 0.050446
828.000000 0.049503
829.000000 0.048621
830.000000 0.047795
831.000000 0.047021
832.000000 0.046295
833.000000 0.045614
834.000000 0.044973
835.000000 0.044372
836.000000 0.043805
837.000000 0.043272
838.000000 0.042769
839.000000 0.042295
840.000000 0.041847
841.000000 0.041424
842.000000 0.041024
843.000000 0.040645
844.000000 0.040286
845.000000 0.039945
846.000000 0.039621
847.000000 0.039314
848.000000 0.039021
849.000000 0.038742
850.000000 0.038476
851.000000 0.038221
852.000000 0.037978
853.000000 0.037744
854.000000 0.03752
855.000000 0.037305
856.000000 0.037098
857.000000 0.036898
858.000000 0.036704
859.000000 0.036517
860.000000 0.036336
861.000000 0.03616
862.000000 0.035989
863.000000 0.035821
864.000000 0.035658
865.000000 0.035498
866.000000 0.035342
867.000000 0.035188
868.000000 0.035037
869.000000 0.034888
870.000000 0.03474
871.000000 0.034595
872.000000 0.03445
873.000000 0.034307
874.000000 0.034164
875.000000 0.034023
876.000000 0.033881
877.000000 0.03374
878.000000 0.033599
879.000000 0.033458
880.000000 0.033317
881.000000 0.033175
882.000000 0.033033
883.000000 0.03289
884.000000 0.032746
885.000000 0.032602
886.000000 0.032456
887.000000 0.032309
888.000000 0.032161
889.000000 0.032011
890.000000 0.03186
891.000000 0.031708
892.000000 0.031554
893.000000 0.031398
894.000000 0.031241
895.000000 0.031081
896.000000 0.03092
897.000000 0.030757
898.000000 0.030592
899.000000 0.030425
900.000000 0.030256
901.000000 0.030085
902.000000 0.029912
903.000000 0.029736
904.000000 0.029558
905.000000 0.029378
906.000000 0.029196
907.000000 0.029011
908.000000 0.028824
909.000000 0.028635
910.000000 0.028443
911.000000 0.028249
912.000000 0.028053
913.000000 0.027854
914.000000 0.027652
915.000000 0.027449
916.000000 0.027242
917.000000 0.027034
918.000000 0.026822
919.000000 0.026609
920.000000 0.026393
921.000000 0.026174
922.000000 0.025953
923.000000 0.025729
924.000000 0.025503
925.000000 0.025275
926.000000 0.025044
927.000000 0.02481
928.000000 0.024574
929.000000 0.024336
930.000000 0.024095
931.000000 0.023852
932.000000 0.023606
933.000000 0.023358
934.000000 0.023107
935.000000 0.022854
936.000000 0.022599
937.000000 0.022341
938.000000 0.022081
939.000000 0.021819
940.000000 0.021554
941.000000 0.021287
942.000000 0.021018
943.000000 0.020746
944.000000 0.020473
945.000000 0.020197
946.000000 0.019918
947.000000 0.019638
948.000000 0.019355
949.000000 0.01907
950.000000 0.018783
951.000000 0.018494
952.000000 0.018203
953.000000 0.017909
954.000000 0.017614
955.000000 0.017317
956.000000 0.017017
957.000000 0.016716
958.000000 0.016412
959.000000 0.016107
960.000000 0.0158
961.000000 0.015491
962.000000 0.015179
963.000000 0.014867
964.000000 0.014552
965.000000 0.014235
966.000000 0.013917
967.000000 0.013597
968.000000 0.013275
969.000000 0.012952
970.000000 0.012627
971.000000 0.0123
972.000000 0.011972
973.000000 0.011642
974.000000 0.01131
975.000000 0.010977
976.000000 0.010643
977.000000 0.010307
978.000000 0.0099696
979.000000 0.0096308
980.000000 0.0092906
981.000000 0.0089491
982.000000 0.0086062
983.000000 0.0082621
984.000000 0.0079167
985.000000 0.0075701
986.000000 0.0072222
987.000000 0.0068732
988.000000 0.0065231
989.000000 0.0061718
990.000000 0.0058195
991.000000 0.0054661
992.000000 0.0051117
993.000000 0.0047563
994.000000 0.0043999
995.000000 0.0040427
996.000000 0.0036845
997.000000 0.0033255
998.000000 0.0029656
999.000000 0.002605
1000.000000 0.0022436
1001.000000 0.0018814
1002.000000 0.0015186
1003.000000 0.0011551
1004.000000 0.00079095
1005.000000 0.00042621
1006.000000 6.0895e-05
1007.000000 -0.00030496
1008.000000 -0.00067132
1009.000000 -0.0010381
1010.000000 -0.0014054
1011.000000 -0.0017731
1012.000000 -0.0021411
1013.000000 -0.0025095
1014.000000 -0.0028782
1015.000000 -0.0032472
1016.000000 -0.0036164
1017.000000 -0.0039859
1018.000000 -0.0043555
1019.000000 -0.0047252
1020.000000 -0.0050951
1021.000000 -0.005465
1022.000000 -0.005835
1023.000000 -0.0062049
1024.000000 -0.0065749
1025.000000 -0.0069448
1026.000000 -0.0073146
1027.000000 -0.0076843
1028.000000 -0.0080538
1029.000000 -0.0084232
1030.000000 -0.0087923
1031.000000 -0.0091612
1032.000000 -0.0095298
1033.000000 -0.009898
1034.000000 -0.010266
1035.000000 -0.010633
1036.000000 -0.011001
1037.000000 -0.011367
1038.000000 -0.011733
1039.000000 -0.012099
1040.000000 -0.012464
1041.000000 -0.012828
1042.000000 -0.013192
1043.000000 -0.013556
1044.000000 -0.013918
1045.000000 -0.01428
1046.000000 -0.014641
1047.000000 -0.015001
1048.000000 -0.015361
1049.000000 -0.015719
1050.000000 -0.016077
1051.000000 -0.016434
1052.000000 -0.01679
1053.000000 -0.017145
1054.000000 -0.017498
1055.000000 -0.017851
1056.000000 -0.018203
1057.000000 -0.018554
1058.000000 -0.018903
1059.000000 -0.019252
1060.000000 -0.019599
1061.000000 -0.019945
1062.000000 -0.020289
1063.000000 -0.020633
1064.000000 -0.020975
1065.000000 -0.021316
1066.000000 -0.021655
1067.000000 -0.021993
1068.000000 -0.022329
1069.000000 -0.022664
1070.000000 -0.022998
1071.000000 -0.02333
1072.000000 -0.02366
1073.000000 -0.023989
1074.000000 -0.024316
1075.000000 -0.024641
1076.000000 -0.024965
1077.000000 -0.025287
1078.000000 -0.025607
1079.000000 -0.025926
1080.000000 -0.026243
1081.000000 -0.026558
1082.000000 -0.026871
1083.000000 -0.027182
1084.000000 -0.027491
1085.000000 -0.027798
1086.000000 -0.028104
1087.000000 -0.028407
1088.000000 -0.028708
1089.000000 -0.029007
1090.000000 -0.029305
1091.000000 -0.0296
1092.000000 -0.029892
1093.000000 -0.030183
1094.000000 -0.030472
1095.000000 -0.030758
1096.000000 -0.031042
1097.000000 -0.031324
1098.000000 -0.031603
1099.000000 -0.031881
