0.000000 0
1.000000 0
2.000000 0
3.000000 0
4.000000 0
5.000000 0
6.000000 0
7.000000 0
8.000000 0
9.000000 0
10.000000 1.9011
11.000000 1.9457
12.000000 1.9638
13.000000 1.9735
14.000000 1.9785
15.000000 1.981
16.000000 1.9823
17.000000 1.983
18.000000 1.9834
19.000000 1.9838
20.000000 1.9841
21.000000 1.9846
22.000000 1.9851
23.000000 1.9857
24.000000 1.9863
25.000000 1.9869
26.000000 1.9876
27.000000 1.9882
28.000000 1.9889
29.000000 1.9896
30.000000 1.9902
31.000000 1.9909
32.000000 1.9915
33.000000 1.9921
34.000000 1.9926
35.000000 1.9932
36.000000 1.9937
37.000000 1.9942
38.000000 1.9946
39.000000 1.9951
40.000000 1.9955
41.000000 1.9959
42.000000 1.9962
43.000000 1.9966
44.000000 1.9969
45.000000 1.9972
46.000000 1.9975
47.000000 1.9977
48.000000 1.998
49.000000 1.9982
50.000000 1.9984
51.000000 1.9986
52.000000 1.9987
53.000000 1.9989
54.000000 1.999
55.000000 1.9991
56.000000 1.9993
57.000000 1.9993
58.000000 1.9994
59.000000 1.9995
60.000000 1.9996
61.000000 1.9996
62.000000 1.9997
63.000000 1.9997
64.000000 1.9997
65.000000 1.9997
66.000000 1.9997
67.000000 1.9998
68.000000 1.9998
69.000000 1.9997
70.000000 1.9997
71.000000 1.9997
72.000000 1.9997
73.000000 1.9997
74.000000 1.9997
75.000000 1.9997
76.000000 1.9996
77.000000 1.9996
78.000000 1.9996
79.000000 1.9996
80.000000 1.9996
81.000000 1.9996
82.000000 1.9995
83.000000 1.9995
84.000000 1.9995
85.000000 1.9995
86.000000 1.9995
87.000000 1.9995
88.000000 1.9995
89.000000 1.9995
90.000000 1.9995
91.000000 1.9995
92.000000 1.9995
93.000000 1.9996
94.000000 1.9996
95.000000 1.9996
96.000000 1.9996
97.000000 1.9997
98.000000 1.9997
99.000000 1.9997
100.000000 1.9998
101.000000 1.9998
102.000000 1.9998
103.000000 1.9999
104.000000 1.9999
105.000000 2
106.000000 2
107.000000 2
108.000000 2.0001
109.000000 2.0001
110.000000 2.0002
111.000000 2.0002
112.000000 2.0002
113.000000 2.0003
114.000000 2.0003
115.000000 2.0003
116.000000 2.0004
117.000000 2.0004
118.000000 2.0004
119.000000 2.0004
120.000000 2.0004
121.000000 2.0005
122.000000 2.0005
123.000000 2.0005
124.000000 2.0005
125.000000 2.0005
126.000000 2.0005
127.000000 2.0005
128.000000 2.0004
129.000000 2.0004
130.000000 2.0004
131.000000 2.0004
132.000000 2.0004
133.000000 2.0004
134.000000 2.0003
135.000000 2.0003
136.000000 2.0003
137.000000 2.0002
138.000000 2.0002
139.000000 2.0002
140.000000 2.0001
141.000000 2.0001
142.000000 2.0001
143.000000 2
144.000000 2
145.000000 1.9999
146.000000 1.9999
147.000000 1.9999
148.000000 1.9998
149.000000 1.9998
150.000000 1.9998
151.000000 1.9998
152.000000 1.9997
153.000000 1.9997
154.000000 1.9997
155.000000 1.9997
156.000000 1.9997
157.000000 1.9996
158.000000 1.9996
159.000000 1.9996
160.000000 1.9996
161.000000 1.9996
162.000000 1.9996
163.000000 1.9996
164.000000 1.9997
165.000000 1.9997
166.000000 1.9997
167.000000 1.9997
168.000000 1.9997
169.000000 1.9997
170.000000 1.9998
171.000000 1.9998
172.000000 1.9998
173.000000 1.9998
174.000000 1.9999
175.000000 1.9999
176.000000 1.9999
177.000000 2
178.000000 2
179.000000 2
180.000000 2.0001
181.000000 2.0001
182.000000 2.0001
183.000000 2.0001
184.000000 2.0002
185.000000 2.0002
186.000000 2.0002
187.000000 2.0002
188.000000 2.0003
189.000000 2.0003
190.000000 2.0003
191.000000 2.0003
192.000000 2.0003
193.000000 2.0003
194.000000 2.0003
195.000000 2.0003
196.000000 2.0003
197.000000 2.0003
198.000000 2.0003
199.000000 2.0003
200.000000 -1.8019
201.000000 -1.8912
202.000000 -1.9274
203.000000 -1.9466
204.000000 -1.9567
205.000000 -1.9618
206.000000 -1.9644
207.000000 -1.9657
208.000000 -1.9666
209.000000 -1.9674
210.000000 -1.9682
211.000000 -1.9691
212.000000 -1.9701
213.000000 -1.9713
214.000000 -1.9725
215.000000 -1.9738
216.000000 -1.9752
217.000000 -1.9765
218.000000 -1.9779
219.000000 -1.9793
220.000000 -1.9806
221.000000 -1.9819
222.000000 -1.9831
223.000000 -1.9843
224.000000 -1.9855
225.000000 -1.9866
226.000000 -1.9876
227.000000 -1.9886
228.000000 -1.9896
229.000000 -1.9904
230.000000 -1.9913
231.000000 -1.9921
232.000000 -1.9928
233.000000 -1.9935
234.000000 -1.9941
235.000000 -1.9947
236.000000 -1.9952
237.000000 -1.9957
238.000000 -1.9962
239.000000 -1.9966
240.000000 -1.997
241.000000 -1.9973
242.000000 -1.9976
243.000000 -1.9979
244.000000 -1.9982
245.000000 -1.9984
246.000000 -1.9986
247.000000 -1.9988
248.000000 -1.9989
249.000000 -1.999
250.000000 -1.9991
251.000000 -1.9992
252.000000 -1.9993
253.000000 -1.9993
254.000000 -1.9993
255.000000 -1.9993
256.000000 -1.9993
257.000000 -1.9993
258.000000 -1.9993
259.000000 -1.9993
260.000000 -1.9993
261.000000 -1.9992
262.000000 -1.9992
263.000000 -1.9992
264.000000 -1.9991
265.000000 -1.9991
266.000000 -1.999
267.000000 -1.999
268.000000 -1.999
269.000000 -1.9989
270.000000 -1.9989
271.000000 -1.9989
272.000000 -1.9989
273.000000 -1.9988
274.000000 -1.9988
275.000000 -1.9988
276.000000 -1.9988
277.000000 -1.9989
278.000000 -1.9989
279.000000 -1.9989
280.000000 -1.9989
281.000000 -1.999
282.000000 -1.999
283.000000 -1.9991
284.000000 -1.9991
285.000000 -1.9992
286.000000 -1.9993
287.000000 -1.9994
288.000000 -1.9994
289.000000 -1.9995
290.000000 -1.9996
291.000000 -1.9997
292.000000 -1.9998
293.000000 -1.9999
294.000000 -2
295.000000 -2.0001
296.000000 -2.0002
297.000000 -2.0003
298.000000 -2.0004
299.000000 -2.0005
300.000000 -2.0005
301.000000 -2.0006
302.000000 -2.0007
303.000000 -2.0008
304.000000 -2.0008
305.000000 -2.0009
306.000000 -2.0009
307.000000 -2.001
308.000000 -2.001
309.000000 -2.001
310.000000 -2.0011
311.000000 -2.0011
312.000000 -2.0011
313.000000 -2.0011
314.000000 -2.0011
315.000000 -2.001
316.000000 -2.001
317.000000 -2.001
318.000000 -2.001
319.000000 -2.0009
320.000000 -2.0009
321.000000 -2.0008
322.000000 -2.0007
323.000000 -2.0007
324.000000 -2.0006
325.000000 -2.0005
326.000000 -2.0004
327.000000 -2.0004
328.000000 -2.0003
329.000000 -2.0002
330.000000 -2.0001
331.000000 -2
332.000000 -1.9999
333.000000 -1.9999
334.000000 -1.9998
335.000000 -1.9997
336.000000 -1.9996
337.000000 -1.9996
338.000000 -1.9995
339.000000 -1.9994
340.000000 -1.9994
341.000000 -1.9993
342.000000 -1.9993
343.000000 -1.9992
344.000000 -1.9992
345.000000 -1.9992
346.000000 -1.9992
347.000000 -1.9992
348.000000 -1.9991
349.000000 -1.9992
350.000000 -1.9992
351.000000 -1.9992
352.000000 -1.9992
353.000000 -1.9992
354.000000 -1.9993
355.000000 -1.9993
356.000000 -1.9993
357.000000 -1.9994
358.000000 -1.9995
359.000000 -1.9995
360.000000 -1.9996
361.000000 -1.9996
362.000000 -1.9997
363.000000 -1.9998
364.000000 -1.9999
365.000000 -1.9999
366.000000 -2
367.000000 -2.0001
368.000000 -2.0001
369.000000 -2.0002
370.000000 -2.0003
371.000000 -2.0003
372.000000 -2.0004
373.000000 -2.0005
374.000000 -2.0005
375.000000 -2.0006
376.000000 -2.0006
377.000000 -2.0007
378.000000 -2.0007
379.000000 -2.0007
380.000000 -2.0007
381.000000 -2.0008
382.000000 -2.0008
383.000000 -2.0008
384.000000 -2.0008
385.000000 -2.0008
386.000000 -2.0008
387.000000 -2.0007
388.000000 -2.0007
389.000000 -2.0007
390.000000 -2.0007
391.000000 -2.0006
392.000000 -2.0006
393.000000 -2.0005
394.000000 -2.0005
395.000000 -2.0004
396.000000 -2.0004
397.000000 -2.0003
398.000000 -2.0002
399.000000 -2.0002
400.000000 -2.0001
401.000000 -2.0001
402.000000 -2
403.000000 -1.9999
404.000000 -1.9999
405.000000 -1.9998
406.000000 -1.9997
407.000000 -1.9997
408.000000 -1.9996
409.000000 -1.9996
410.000000 -1.9995
411.000000 -1.9995
412.000000 -1.9995
413.000000 -1.9994
414.000000 -1.9994
415.000000 -1.9994
416.000000 -1.9993
417.000000 -1.9993
418.000000 -1.9993
419.000000 -1.9993
420.000000 -1.9993
421.000000 -1.9993
422.000000 -1.9993
423.000000 -1.9994
424.000000 -1.9994
425.000000 -1.9994
426.000000 -1.9994
427.000000 -1.9995
428.000000 -1.9995
429.000000 -1.9996
430.000000 -1.9996
431.000000 -1.9996
432.000000 -1.9997
433.000000 -1.9998
434.000000 -1.9998
435.000000 -1.9999
436.000000 -1.9999
437.000000 -2
438.000000 -2
439.000000 -2.0001
440.000000 -2.0001
441.000000 -2.0002
442.000000 -2.0002
443.000000 -2.0003
444.000000 -2.0003
445.000000 -2.0004
446.000000 -2.0004
447.000000 -2.0005
448.000000 -2.0005
449.000000 -2.0005
450.000000 -2.0005
451.000000 -2.0006
452.000000 -2.0006
453.000000 -2.0006
454.000000 -2.0006
455.000000 -2.0006
456.000000 -2.0006
457.000000 -2.0006
458.000000 -2.0006
459.000000 -2.0006
460.000000 -2.0005
461.000000 -2.0005
462.000000 -2.0005
463.000000 -2.0005
464.000000 -2.0004
465.000000 -2.0004
466.000000 -2.0003
467.000000 -2.0003
468.000000 -2.0002
469.000000 -2.0002
470.000000 -2.0002
471.000000 -2.0001
472.000000 -2.0001
473.000000 -2
474.000000 -2
475.000000 -1.9999
476.000000 -1.9999
477.000000 -1.9998
478.000000 -1.9998
479.000000 -1.9997
480.000000 -1.9997
481.000000 -1.9996
482.000000 -1.9996
483.000000 -1.9996
484.000000 -1.9996
485.000000 -1.9995
486.000000 -1.9995
487.000000 -1.9995
488.000000 -1.9995
489.000000 -1.9995
490.000000 -1.9995
491.000000 -1.9995
492.000000 -1.9995
493.000000 -1.9995
494.000000 -1.9995
495.000000 -1.9995
496.000000 -1.9995
497.000000 -1.9996
498.000000 -1.9996
499.000000 -1.9996
500.000000 1.3273
501.000000 1.4054
502.000000 1.437
503.000000 1.4538
504.000000 1.4625
505.000000 1.4669
506.000000 1.4691
507.000000 1.4703
508.000000 1.471
509.000000 1.4716
510.000000 1.4722
511.000000 1.4729
512.000000 1.4738
513.000000 1.4747
514.000000 1.4757
515.000000 1.4768
516.000000 1.4779
517.000000 1.4791
518.000000 1.4802
519.000000 1.4814
520.000000 1.4825
521.000000 1.4836
522.000000 1.4846
523.000000 1.4857
524.000000 1.4866
525.000000 1.4876
526.000000 1.4885
527.000000 1.4893
528.000000 1.4902
529.000000 1.4909
530.000000 1.4917
531.000000 1.4924
532.000000 1.493
533.000000 1.4936
534.000000 1.4942
535.000000 1.4948
536.000000 1.4953
537.000000 1.4958
538.000000 1.4962
539.000000 1.4966
540.000000 1.497
541.000000 1.4974
542.000000 1.4977
543.000000 1.498
544.000000 1.4983
545.000000 1.4985
546.000000 1.4988
547.000000 1.499
548.000000 1.4991
549.000000 1.4993
550.000000 1.4994
551.000000 1.4996
552.000000 1.4997
553.000000 1.4997
554.000000 1.4998
555.000000 1.4999
556.000000 1.4999
557.000000 1.4999
558.000000 1.5
559.000000 1.5
560.000000 1.5
561.000000 1.4999
562.000000 1.4999
563.000000 1.4999
564.000000 1.4998
565.000000 1.4998
566.000000 1.4998
567.000000 1.4997
568.000000 1.4997
569.000000 1.4996
570.000000 1.4996
571.000000 1.4995
572.000000 1.4995
573.000000 1.4994
574.000000 1.4994
575.000000 1.4993
576.000000 1.4993
577.000000 1.4992
578.000000 1.4992
579.000000 1.4992
580.000000 1.4992
581.000000 1.4991
582.000000 1.4991
583.000000 1.4991
584.000000 1.4991
585.000000 1.4992
586.000000 1.4992
587.000000 1.4992
588.000000 1.4992
589.000000 1.4993
590.000000 1.4993
591.000000 1.4993
592.000000 1.4994
593.000000 1.4995
594.000000 1.4995
595.000000 1.4996
596.000000 1.4996
597.000000 1.4997
598.000000 1.4998
599.000000 1.4999
600.000000 1.4999
601.000000 1.5
602.000000 1.5001
603.000000 1.5002
604.000000 1.5002
605.000000 1.5003
606.000000 1.5004
607.000000 1.5004
608.000000 1.5005
609.000000 1.5006
610.000000 1.5006
611.000000 1.5007
612.000000 1.5007
613.000000 1.5007
614.000000 1.5008
615.000000 1.5008
616.000000 1.5008
617.000000 1.5008
618.000000 1.5009
619.000000 1.5009
620.000000 1.5009
621.000000 1.5009
622.000000 1.5008
623.000000 1.5008
624.000000 1.5008
625.000000 1.5008
626.000000 1.5007
627.000000 1.5007
628.000000 1.5006
629.000000 1.5006
630.000000 1.5005
631.000000 1.5005
632.000000 1.5004
633.000000 1.5003
634.000000 1.5003
635.000000 1.5002
636.000000 1.5001
637.000000 1.5001
638.000000 1.5
639.000000 1.4999
640.000000 1.4999
641.000000 1.4998
642.000000 1.4998
643.000000 1.4997
644.000000 1.4996
645.000000 1.4996
646.000000 1.4995
647.000000 1.4995
648.000000 1.4995
649.000000 1.4994
650.000000 1.4994
651.000000 1.4994
652.000000 1.4993
653.000000 1.4993
654.000000 1.4993
655.000000 1.4993
656.000000 1.4993
657.000000 1.4993
658.000000 1.4993
659.000000 1.4994
660.000000 1.4994
661.000000 1.4994
662.000000 1.4994
663.000000 1.4995
664.000000 1.4995
665.000000 1.4996
666.000000 1.4996
667.000000 1.4997
668.000000 1.4997
669.000000 1.4998
670.000000 1.4998
671.000000 1.4999
672.000000 1.4999
673.000000 1.5
674.000000 1.5001
675.000000 1.5001
676.000000 1.5002
677.000000 1.5002
678.000000 1.5003
679.000000 1.5003
680.000000 1.5004
681.000000 1.5004
682.000000 1.5005
683.000000 1.5005
684.000000 1.5005
685.000000 1.5006
686.000000 1.5006
687.000000 1.5006
688.000000 1.5006
689.000000 1.5006
690.000000 1.5006
691.000000 1.5006
692.000000 1.5006
693.000000 1.5006
694.000000 1.5006
695.000000 1.5006
696.000000 1.5006
697.000000 1.5005
698.000000 1.5005
699.000000 1.5005
700.000000 1.5004
701.000000 1.5004
702.000000 1.5003
703.000000 1.5003
704.000000 1.5002
705.000000 1.5002
706.000000 1.5001
707.000000 1.5001
708.000000 1.5
709.000000 1.5
710.000000 1.4999
711.000000 1.4999
712.000000 1.4998
713.000000 1.4998
714.000000 1.4998
715.000000 1.4997
716.000000 1.4997
717.000000 1.4996
718.000000 1.4996
719.000000 1.4996
720.000000 1.4995
721.000000 1.4995
722.000000 1.4995
723.000000 1.4995
724.000000 1.4995
725.000000 1.4995
726.000000 1.4995
727.000000 1.4995
728.000000 1.4995
729.000000 1.4995
730.000000 1.4995
731.000000 1.4995
732.000000 1.4995
733.000000 1.4995
734.000000 1.4996
735.000000 1.4996
736.000000 1.4996
737.000000 1.4997
738.000000 1.4997
739.000000 1.4998
740.000000 1.4998
741.000000 1.4998
742.000000 1.4999
743.000000 1.4999
744.000000 1.5
745.000000 1.5
746.000000 1.5001
747.000000 1.5001
748.000000 1.5002
749.000000 1.5002
750.000000 1.5002
751.000000 1.5003
752.000000 1.5003
753.000000 1.5003
754.000000 1.5004
755.000000 1.5004
756.000000 1.5004
757.000000 1.5004
758.000000 1.5005
759.000000 1.5005
760.000000 1.5005
761.000000 1.5005
762.000000 1.5005
763.000000 1.5005
764.000000 1.5005
765.000000 1.5005
766.000000 1.5004
767.000000 1.5004
768.000000 1.5004
769.000000 1.5004
770.000000 1.5004
771.000000 1.5003
772.000000 1.5003
773.000000 1.5003
774.000000 1.5002
775.000000 1.5002
776.000000 1.5002
777.000000 1.5001
778.000000 1.5001
779.000000 1.5
780.000000 1.5
781.000000 1.5
782.000000 1.4999
783.000000 1.4999
784.000000 1.4998
785.000000 1.4998
786.000000 1.4998
787.000000 1.4997
788.000000 1.4997
789.000000 1.4997
790.000000 1.4997
791.000000 1.4996
792.000000 1.4996
793.000000 1.4996
794.000000 1.4996
795.000000 1.4996
796.000000 1.4996
797.000000 1.4996
798.000000 1.4996
799.000000 1.4996
800.000000 0.073767
801.000000 0.040286
802.000000 0.026732
803.000000 0.019534
804.000000 0.015798
805.000000 0.013914
806.000000 0.012979
807.000000 0.012498
808.000000 0.012203
809.000000 0.011958
810.000000 0.011699
811.000000 0.011399
812.000000 0.011054
813.000000 0.010668
814.000000 0.010247
815.000000 0.0098023
816.000000 0.0093421
817.000000 0.0088742
818.000000 0.0084051
819.000000 0.0079401
820.000000 0.0074833
821.000000 0.0070377
822.000000 0.0066058
823.000000 0.006189
824.000000 0.0057884
825.000000 0.0054046
826.000000 0.0050379
827.000000 0.0046883
828.000000 0.0043556
829.000000 0.0040394
830.000000 0.0037394
831.000000 0.0034551
832.000000 0.003186
833.000000 0.0029314
834.000000 0.0026909
835.000000 0.0024639
836.000000 0.0022499
837.000000 0.0020484
838.000000 0.0018588
839.000000 0.0016807
840.000000 0.0015137
841.000000 0.0013572
842.000000 0.001211
843.000000 0.0010747
844.000000 0.00094778
845.000000 0.00083004
846.000000 0.00072111
847.000000 0.00062069
848.000000 0.00052846
849.000000 0.00044414
850.000000 0.00036744
851.000000 0.00029807
852.000000 0.00023576
853.000000 0.00018023
854.000000 0.0001312
855.000000 8.84e-05
856.000000 5.1541e-05
857.000000 2.0345e-05
858.000000 -5.4764e-06
859.000000 -2.6212e-05
860.000000 -4.2157e-05
861.000000 -5.3607e-05
862.000000 -6.0866e-05
863.000000 -6.4238e-05
864.000000 -6.4031e-05
865.000000 -6.0554e-05
866.000000 -5.4121e-05
867.000000 -4.5041e-05
868.000000 -3.3628e-05
869.000000 -2.0192e-05
870.000000 -5.039e-06
871.000000 1.1526e-05
872.000000 2.9205e-05
873.000000 4.7706e-05
874.000000 6.6744e-05
875.000000 8.6043e-05
876.000000 0.00010534
877.000000 0.00012438
878.000000 0.00014292
879.000000 0.00016073
880.000000 0.00017761
881.000000 0.00019335
882.000000 0.00020777
883.000000 0.00022071
884.000000 0.00023204
885.000000 0.00024161
886.000000 0.00024933
887.000000 0.0002551
888.000000 0.00025887
889.000000 0.00026057
890.000000 0.0002602
891.000000 0.00025772
892.000000 0.00025317
893.000000 0.00024656
894.000000 0.00023794
895.000000 0.00022739
896.000000 0.00021497
897.000000 0.00020079
898.000000 0.00018497
899.000000 0.00016762
900.000000 0.00014888
901.000000 0.00012891
902.000000 0.00010786
903.000000 8.5901e-05
904.000000 6.3205e-05
905.000000 3.9952e-05
906.000000 1.6326e-05
907.000000 -7.488e-06
908.000000 -3.1304e-05
909.000000 -5.4936e-05
910.000000 -7.82e-05
911.000000 -0.00010092
912.000000 -0.00012291
913.000000 -0.00014402
914.000000 -0.00016408
915.000000 -0.00018293
916.000000 -0.00020045
917.000000 -0.00021649
918.000000 -0.00023094
919.000000 -0.0002437
920.000000 -0.00025467
921.000000 -0.00026378
922.000000 -0.00027097
923.000000 -0.00027619
924.000000 -0.00027941
925.000000 -0.00028061
926.000000 -0.0002798
927.000000 -0.00027699
928.000000 -0.00027222
929.000000 -0.00026552
930.000000 -0.00025697
931.000000 -0.00024664
932.000000 -0.00023461
933.000000 -0.000221
934.000000 -0.0002059
935.000000 -0.00018945
936.000000 -0.00017178
937.000000 -0.00015303
938.000000 -0.00013335
939.000000 -0.00011289
940.000000 -9.1822e-05
941.000000 -7.0305e-05
942.000000 -4.8507e-05
943.000000 -2.6594e-05
944.000000 -4.7352e-06
945.000000 1.6904e-05
946.000000 3.8161e-05
947.000000 5.8875e-05
948.000000 7.8893e-05
949.000000 9.8068e-05
950.000000 0.00011626
951.000000 0.00013333
952.000000 0.00014917
953.000000 0.00016367
954.000000 0.00017671
955.000000 0.00018821
956.000000 0.00019811
957.000000 0.00020632
958.000000 0.00021281
959.000000 0.00021754
960.000000 0.00022049
961.000000 0.00022165
962.000000 0.00022102
963.000000 0.00021863
964.000000 0.0002145
965.000000 0.00020869
966.000000 0.00020125
967.000000 0.00019225
968.000000 0.00018179
969.000000 0.00016994
970.000000 0.00015682
971.000000 0.00014253
972.000000 0.0001272
973.000000 0.00011095
974.000000 9.393e-05
975.000000 7.6263e-05
976.000000 5.8098e-05
977.000000 3.9581e-05
978.000000 2.0859e-05
979.000000 2.0792e-06
980.000000 -1.661e-05
981.000000 -3.5063e-05
982.000000 -5.3137e-05
983.000000 -7.0694e-05
984.000000 -8.76e-05
985.000000 -0.00010373
986.000000 -0.00011896
987.000000 -0.00013317
988.000000 -0.00014628
989.000000 -0.00015817
990.000000 -0.00016876
991.000000 -0.00017799
992.000000 -0.00018579
993.000000 -0.0001921
994.000000 -0.0001969
995.000000 -0.00020014
996.000000 -0.00020183
997.000000 -0.00020195
998.000000 -0.00020051
999.000000 -0.00019754
1000.000000 -0.00019307
1001.000000 -0.00018714
1002.000000 -0.00017982
1003.000000 -0.00017116
1004.000000 -0.00016125
1005.000000 -0.00015016
1006.000000 -0.000138
1007.000000 -0.00012487
1008.000000 -0.00011087
1009.000000 -9.6113e-05
1010.000000 -8.0728e-05
1011.000000 -6.4835e-05
1012.000000 -4.856e-05
1013.000000 -3.2032e-05
1014.000000 -1.5382e-05
1015.000000 1.2616e-06
1016.000000 1.7769e-05
1017.000000 3.4013e-05
1018.000000 4.987e-05
1019.000000 6.522e-05
1020.000000 7.9948e-05
1021.000000 9.3943e-05
1022.000000 0.0001071
1023.000000 0.00011933
1024.000000 0.00013054
1025.000000 0.00014065
1026.000000 0.00014959
1027.000000 0.0001573
1028.000000 0.00016373
1029.000000 0.00016884
1030.000000 0.00017259
1031.000000 0.00017497
1032.000000 0.00017598
1033.000000 0.00017561
1034.000000 0.00017387
1035.000000 0.00017079
1036.000000 0.0001664
1037.000000 0.00016075
1038.000000 0.00015389
1039.000000 0.00014588
1040.000000 0.00013679
1041.000000 0.00012671
1042.000000 0.0001157
1043.000000 0.00010388
1044.000000 9.1334e-05
1045.000000 7.8165e-05
1046.000000 6.4481e-05
1047.000000 5.0393e-05
1048.000000 3.6012e-05
1049.000000 2.1454e-05
1050.000000 6.8313e-06
1051.000000 -7.7409e-06
1052.000000 -2.215e-05
1053.000000 -3.6285e-05
1054.000000 -5.0038e-05
1055.000000 -6.3306e-05
1056.000000 -7.5987e-05
1057.000000 -8.7989e-05
1058.000000 -9.9222e-05
1059.000000 -0.00010961
1060.000000 -0.00011906
1061.000000 -0.00012753
1062.000000 -0.00013495
1063.000000 -0.00014126
1064.000000 -0.00014644
1065.000000 -0.00015044
1066.000000 -0.00015324
1067.000000 -0.00015484
1068.000000 -0.00015522
1069.000000 -0.0001544
1070.000000 -0.00015238
1071.000000 -0.00014919
1072.000000 -0.00014487
1073.000000 -0.00013945
1074.000000 -0.000133
1075.000000 -0.00012555
1076.000000 -0.00011718
1077.000000 -0.00010797
1078.000000 -9.7982e-05
1079.000000 -8.7305e-05
1080.000000 -7.6028e-05
1081.000000 -6.4241e-05
1082.000000 -5.2041e-05
1083.000000 -3.9524e-05
1084.000000 -2.6791e-05
1085.000000 -1.3941e-05
1086.000000 -1.0754e-06
1087.000000 1.1706e-05
1088.000000 2.4304e-05
1089.000000 3.6622e-05
1090.000000 4.8568e-05
1091.000000 6.005e-05
1092.000000 7.0983e-05
1093.000000 8.1286e-05
1094.000000 9.0884e-05
1095.000000 9.9706e-05
1096.000000 0.00010769
1097.000000 0.00011478
1098.000000 0.00012093
1099.000000 0.00012609
