0.000000 0
1.000000 0
2.000000 0
3.000000 0
4.000000 0
5.000000 0
6.000000 0
7.000000 0
8.000000 0
9.000000 0
10.000000 2.1385
11.000000 2.1313
12.000000 2.112
13.000000 2.0946
14.000000 2.0794
15.000000 2.0665
16.000000 2.0555
17.000000 2.0463
18.000000 2.0386
19.000000 2.0322
20.000000 2.0269
21.000000 2.0225
22.000000 2.0189
23.000000 2.0159
24.000000 2.0134
25.000000 2.0114
26.000000 2.0097
27.000000 2.0083
28.000000 2.0072
29.000000 2.0063
30.000000 2.0056
31.000000 2.005
32.000000 2.0045
33.000000 2.0042
34.000000 2.0039
35.000000 2.0036
36.000000 2.0034
37.000000 2.0033
38.000000 2.0032
39.000000 2.0031
40.000000 2.003
41.000000 2.0029
42.000000 2.0029
43.000000 2.0028
44.000000 2.0027
45.000000 2.0027
46.000000 2.0026
47.000000 2.0025
48.000000 2.0024
49.000000 2.0024
50.000000 2.0023
51.000000 2.0021
52.000000 2.002
53.000000 2.0019
54.000000 2.0018
55.000000 2.0016
56.000000 2.0015
57.000000 2.0013
58.000000 2.0011
59.000000 2.001
60.000000 2.0008
61.000000 2.0006
62.000000 2.0004
63.000000 2.0002
64.000000 2.0001
65.000000 1.9999
66.000000 1.9997
67.000000 1.9995
68.000000 1.9994
69.000000 1.9992
70.000000 1.999
71.000000 1.9989
72.000000 1.9988
73.000000 1.9986
74.000000 1.9985
75.000000 1.9984
76.000000 1.9984
77.000000 1.9983
78.000000 1.9982
79.000000 1.9982
80.000000 1.9982
81.000000 1.9981
82.000000 1.9981
83.000000 1.9982
84.000000 1.9982
85.000000 1.9982
86.000000 1.9983
87.000000 1.9984
88.000000 1.9984
89.000000 1.9985
90.000000 1.9986
91.000000 1.9988
92.000000 1.9989
93.000000 1.999
94.000000 1.9991
95.000000 1.9993
96.000000 1.9994
97.000000 1.9996
98.000000 1.9997
99.000000 1.9999
100.000000 2.0001
101.000000 2.0002
102.000000 2.0004
103.000000 2.0005
104.000000 2.0006
105.000000 2.0008
106.000000 2.0009
107.000000 2.001
108.000000 2.0011
109.000000 2.0012
110.000000 2.0013
111.000000 2.0014
112.000000 2.0015
113.000000 2.0015
114.000000 2.0016
115.000000 2.0016
116.000000 2.0016
117.000000 2.0016
118.000000 2.0016
119.000000 2.0016
120.000000 2.0016
121.000000 2.0015
122.000000 2.0015
123.000000 2.0014
124.000000 2.0013
125.000000 2.0012
126.000000 2.0012
127.000000 2.001
128.000000 2.0009
129.000000 2.0008
130.000000 2.0007
131.000000 2.0006
132.000000 2.0004
133.000000 2.0003
134.000000 2.0002
135.000000 2
136.000000 1.9999
137.000000 1.9998
138.000000 1.9996
139.000000 1.9995
140.000000 1.9994
141.000000 1.9993
142.000000 1.9992
143.000000 1.9991
144.000000 1.999
145.000000 1.9989
146.000000 1.9988
147.000000 1.9987
148.000000 1.9987
149.000000 1.9986
150.000000 1.9986
151.000000 1.9986
152.000000 1.9986
153.000000 1.9986
154.000000 1.9986
155.000000 1.9986
156.000000 1.9986
157.000000 1.9987
158.000000 1.9987
159.000000 1.9988
160.000000 1.9989
161.000000 1.9989
162.000000 1.999
163.000000 1.9991
164.000000 1.9992
165.000000 1.9993
166.000000 1.9994
167.000000 1.9995
168.000000 1.9997
169.000000 1.9998
170.000000 1.9999
171.000000 2
172.000000 2.0001
173.000000 2.0003
174.000000 2.0004
175.000000 2.0005
176.000000 2.0006
177.000000 2.0007
178.000000 2.0008
179.000000 2.0009
180.000000 2.0009
181.000000 2.001
182.000000 2.0011
183.000000 2.0011
184.000000 2.0012
185.000000 2.0012
186.000000 2.0012
187.000000 2.0013
188.000000 2.0013
189.000000 2.0013
190.000000 2.0012
191.000000 2.0012
192.000000 2.0012
193.000000 2.0012
194.000000 2.0011
195.000000 2.001
196.000000 2.001
197.000000 2.0009
198.000000 2.0008
199.000000 2.0007
200.000000 -2.2763
201.000000 -2.2621
202.000000 -2.2235
203.000000 -2.1888
204.000000 -2.1586
205.000000 -2.1328
206.000000 -2.111
207.000000 -2.0927
208.000000 -2.0774
209.000000 -2.0647
210.000000 -2.0542
211.000000 -2.0455
212.000000 -2.0383
213.000000 -2.0324
214.000000 -2.0275
215.000000 -2.0235
216.000000 -2.0203
217.000000 -2.0176
218.000000 -2.0154
219.000000 -2.0137
220.000000 -2.0122
221.000000 -2.0111
222.000000 -2.0102
223.000000 -2.0094
224.000000 -2.0088
225.000000 -2.0083
226.000000 -2.008
227.000000 -2.0076
228.000000 -2.0074
229.000000 -2.0071
230.000000 -2.0069
231.000000 -2.0067
232.000000 -2.0066
233.000000 -2.0064
234.000000 -2.0062
235.000000 -2.006
236.000000 -2.0058
237.000000 -2.0055
238.000000 -2.0053
239.000000 -2.005
240.000000 -2.0047
241.000000 -2.0044
242.000000 -2.0041
243.000000 -2.0037
244.000000 -2.0033
245.000000 -2.003
246.000000 -2.0026
247.000000 -2.0022
248.000000 -2.0017
249.000000 -2.0013
250.000000 -2.0009
251.000000 -2.0005
252.000000 -2.0001
253.000000 -1.9996
254.000000 -1.9992
255.000000 -1.9988
256.000000 -1.9985
257.000000 -1.9981
258.000000 -1.9977
259.000000 -1.9974
260.000000 -1.9971
261.000000 -1.9968
262.000000 -1.9966
263.000000 -1.9964
264.000000 -1.9962
265.000000 -1.996
266.000000 -1.9959
267.000000 -1.9958
268.000000 -1.9957
269.000000 -1.9957
270.000000 -1.9957
271.000000 -1.9958
272.000000 -1.9958
273.000000 -1.9959
274.000000 -1.9961
275.000000 -1.9963
276.000000 -1.9964
277.000000 -1.9967
278.000000 -1.9969
279.000000 -1.9972
280.000000 -1.9975
281.000000 -1.9978
282.000000 -1.9981
283.000000 -1.9984
284.000000 -1.9988
285.000000 -1.9991
286.000000 -1.9995
287.000000 -1.9998
288.000000 -2.0002
289.000000 -2.0005
290.000000 -2.0009
291.000000 -2.0012
292.000000 -2.0015
293.000000 -2.0018
294.000000 -2.0021
295.000000 -2.0024
296.000000 -2.0027
297.000000 -2.0029
298.000000 -2.0031
299.000000 -2.0033
300.000000 -2.0034
301.000000 -2.0036
302.000000 -2.0037
303.000000 -2.0037
304.000000 -2.0038
305.000000 -2.0038
306.000000 -2.0037
307.000000 -2.0037
308.000000 -2.0036
309.000000 -2.0035
310.000000 -2.0034
311.000000 -2.0032
312.000000 -2.003
313.000000 -2.0028
314.000000 -2.0026
315.000000 -2.0024
316.000000 -2.0021
317.000000 -2.0018
318.000000 -2.0016
319.000000 -2.0013
320.000000 -2.0009
321.000000 -2.0006
322.000000 -2.0003
323.000000 -2
324.000000 -1.9997
325.000000 -1.9994
326.000000 -1.9991
327.000000 -1.9988
328.000000 -1.9985
329.000000 -1.9983
330.000000 -1.998
331.000000 -1.9978
332.000000 -1.9976
333.000000 -1.9974
334.000000 -1.9972
335.000000 -1.9971
336.000000 -1.9969
337.000000 -1.9968
338.000000 -1.9968
339.000000 -1.9967
340.000000 -1.9967
341.000000 -1.9967
342.000000 -1.9967
343.000000 -1.9968
344.000000 -1.9968
345.000000 -1.9969
346.000000 -1.9971
347.000000 -1.9972
348.000000 -1.9974
349.000000 -1.9976
350.000000 -1.9978
351.000000 -1.998
352.000000 -1.9982
353.000000 -1.9985
354.000000 -1.9987
355.000000 -1.999
356.000000 -1.9993
357.000000 -1.9995
358.000000 -1.9998
359.000000 -2.0001
360.000000 -2.0004
361.000000 -2.0006
362.000000 -2.0009
363.000000 -2.0011
364.000000 -2.0014
365.000000 -2.0016
366.000000 -2.0018
367.000000 -2.002
368.000000 -2.0022
369.000000 -2.0024
370.000000 -2.0025
371.000000 -2.0026
372.000000 -2.0027
373.000000 -2.0028
374.000000 -2.0029
375.000000 -2.0029
376.000000 -2.0029
377.000000 -2.0029
378.000000 -2.0029
379.000000 -2.0028
380.000000 -2.0027
381.000000 -2.0026
382.000000 -2.0025
383.000000 -2.0024
384.000000 -2.0022
385.000000 -2.0021
386.000000 -2.0019
387.000000 -2.0017
388.000000 -2.0015
389.000000 -2.0012
390.000000 -2.001
391.000000 -2.0008
392.000000 -2.0005
393.000000 -2.0003
394.000000 -2.0001
395.000000 -1.9998
396.000000 -1.9996
397.000000 -1.9994
398.000000 -1.9991
399.000000 -1.9989
400.000000 -1.9987
401.000000 -1.9985
402.000000 -1.9983
403.000000 -1.9982
404.000000 -1.998
405.000000 -1.9979
406.000000 -1.9977
407.000000 -1.9976
408.000000 -1.9976
409.000000 -1.9975
410.000000 -1.9975
411.000000 -1.9974
412.000000 -1.9974
413.000000 -1.9975
414.000000 -1.9975
415.000000 -1.9975
416.000000 -1.9976
417.000000 -1.9977
418.000000 -1.9978
419.000000 -1.998
420.000000 -1.9981
421.000000 -1.9982
422.000000 -1.9984
423.000000 -1.9986
424.000000 -1.9988
425.000000 -1.999
426.000000 -1.9992
427.000000 -1.9994
428.000000 -1.9996
429.000000 -1.9998
430.000000 -2
431.000000 -2.0002
432.000000 -2.0004
433.000000 -2.0007
434.000000 -2.0008
435.000000 -2.001
436.000000 -2.0012
437.000000 -2.0014
438.000000 -2.0015
439.000000 -2.0017
440.000000 -2.0018
441.000000 -2.0019
442.000000 -2.002
443.000000 -2.0021
444.000000 -2.0022
445.000000 -2.0022
446.000000 -2.0022
447.000000 -2.0023
448.000000 -2.0023
449.000000 -2.0022
450.000000 -2.0022
451.000000 -2.0021
452.000000 -2.0021
453.000000 -2.002
454.000000 -2.0019
455.000000 -2.0018
456.000000 -2.0016
457.000000 -2.0015
458.000000 -2.0013
459.000000 -2.0012
460.000000 -2.001
461.000000 -2.0008
462.000000 -2.0006
463.000000 -2.0005
464.000000 -2.0003
465.000000 -2.0001
466.000000 -1.9999
467.000000 -1.9997
468.000000 -1.9995
469.000000 -1.9994
470.000000 -1.9992
471.000000 -1.999
472.000000 -1.9989
473.000000 -1.9987
474.000000 -1.9986
475.000000 -1.9985
476.000000 -1.9984
477.000000 -1.9983
478.000000 -1.9982
479.000000 -1.9981
480.000000 -1.9981
481.000000 -1.998
482.000000 -1.998
483.000000 -1.998
484.000000 -1.998
485.000000 -1.998
486.000000 -1.9981
487.000000 -1.9981
488.000000 -1.9982
489.000000 -1.9983
490.000000 -1.9984
491.000000 -1.9985
492.000000 -1.9986
493.000000 -1.9987
494.000000 -1.9989
495.000000 -1.999
496.000000 -1.9992
497.000000 -1.9993
498.000000 -1.9995
499.000000 -1.9997
500.000000 1.7425
501.000000 1.7298
502.000000 1.6958
503.000000 1.6652
504.000000 1.6385
505.000000 1.6157
506.000000 1.5964
507.000000 1.5802
508.000000 1.5666
509.000000 1.5553
510.000000 1.5458
511.000000 1.538
512.000000 1.5316
513.000000 1.5262
514.000000 1.5218
515.000000 1.5182
516.000000 1.5153
517.000000 1.5129
518.000000 1.5109
519.000000 1.5093
520.000000 1.5081
521.000000 1.5071
522.000000 1.5063
523.000000 1.5057
524.000000 1.5052
525.000000 1.5049
526.000000 1.5046
527.000000 1.5045
528.000000 1.5044
529.000000 1.5043
530.000000 1.5043
531.000000 1.5043
532.000000 1.5043
533.000000 1.5044
534.000000 1.5044
535.000000 1.5044
536.000000 1.5045
537.000000 1.5045
538.000000 1.5045
539.000000 1.5045
540.000000 1.5044
541.000000 1.5044
542.000000 1.5043
543.000000 1.5042
544.000000 1.504
545.000000 1.5039
546.000000 1.5037
547.000000 1.5035
548.000000 1.5033
549.000000 1.5031
550.000000 1.5028
551.000000 1.5025
552.000000 1.5022
553.000000 1.5019
554.000000 1.5016
555.000000 1.5013
556.000000 1.501
557.000000 1.5006
558.000000 1.5003
559.000000 1.5
560.000000 1.4997
561.000000 1.4993
562.000000 1.499
563.000000 1.4987
564.000000 1.4984
565.000000 1.4982
566.000000 1.4979
567.000000 1.4977
568.000000 1.4974
569.000000 1.4972
570.000000 1.4971
571.000000 1.4969
572.000000 1.4968
573.000000 1.4967
574.000000 1.4966
575.000000 1.4966
576.000000 1.4965
577.000000 1.4966
578.000000 1.4966
579.000000 1.4967
580.000000 1.4967
581.000000 1.4968
582.000000 1.497
583.000000 1.4971
584.000000 1.4973
585.000000 1.4975
586.000000 1.4977
587.000000 1.498
588.000000 1.4982
589.000000 1.4985
590.000000 1.4987
591.000000 1.499
592.000000 1.4993
593.000000 1.4996
594.000000 1.4999
595.000000 1.5002
596.000000 1.5004
597.000000 1.5007
598.000000 1.501
599.000000 1.5012
600.000000 1.5015
601.000000 1.5017
602.000000 1.5019
603.000000 1.5021
604.000000 1.5023
605.000000 1.5025
606.000000 1.5026
607.000000 1.5028
608.000000 1.5029
609.000000 1.5029
610.000000 1.503
611.000000 1.503
612.000000 1.503
613.000000 1.503
614.000000 1.503
615.000000 1.5029
616.000000 1.5028
617.000000 1.5027
618.000000 1.5026
619.000000 1.5024
620.000000 1.5023
621.000000 1.5021
622.000000 1.5019
623.000000 1.5017
624.000000 1.5015
625.000000 1.5012
626.000000 1.501
627.000000 1.5008
628.000000 1.5005
629.000000 1.5003
630.000000 1.5
631.000000 1.4998
632.000000 1.4995
633.000000 1.4993
634.000000 1.499
635.000000 1.4988
636.000000 1.4986
637.000000 1.4984
638.000000 1.4982
639.000000 1.498
640.000000 1.4979
641.000000 1.4977
642.000000 1.4976
643.000000 1.4975
644.000000 1.4974
645.000000 1.4974
646.000000 1.4973
647.000000 1.4973
648.000000 1.4973
649.000000 1.4974
650.000000 1.4974
651.000000 1.4975
652.000000 1.4975
653.000000 1.4976
654.000000 1.4978
655.000000 1.4979
656.000000 1.4981
657.000000 1.4982
658.000000 1.4984
659.000000 1.4986
660.000000 1.4988
661.000000 1.499
662.000000 1.4992
663.000000 1.4994
664.000000 1.4996
665.000000 1.4999
666.000000 1.5001
667.000000 1.5003
668.000000 1.5005
669.000000 1.5007
670.000000 1.5009
671.000000 1.5011
672.000000 1.5013
673.000000 1.5015
674.000000 1.5016
675.000000 1.5018
676.000000 1.5019
677.000000 1.502
678.000000 1.5021
679.000000 1.5022
680.000000 1.5023
681.000000 1.5023
682.000000 1.5023
683.000000 1.5023
684.000000 1.5023
685.000000 1.5023
686.000000 1.5023
687.000000 1.5022
688.000000 1.5021
689.000000 1.502
690.000000 1.5019
691.000000 1.5018
692.000000 1.5017
693.000000 1.5015
694.000000 1.5013
695.000000 1.5012
696.000000 1.501
697.000000 1.5008
698.000000 1.5006
699.000000 1.5004
700.000000 1.5002
701.000000 1.5
702.000000 1.4999
703.000000 1.4997
704.000000 1.4995
705.000000 1.4993
706.000000 1.4991
707.000000 1.499
708.000000 1.4988
709.000000 1.4986
710.000000 1.4985
711.000000 1.4984
712.000000 1.4983
713.000000 1.4982
714.000000 1.4981
715.000000 1.498
716.000000 1.498
717.000000 1.498
718.000000 1.4979
719.000000 1.4979
720.000000 1.498
721.000000 1.498
722.000000 1.498
723.000000 1.4981
724.000000 1.4982
725.000000 1.4983
726.000000 1.4984
727.000000 1.4985
728.000000 1.4986
729.000000 1.4987
730.000000 1.4989
731.000000 1.499
732.000000 1.4992
733.000000 1.4993
734.000000 1.4995
735.000000 1.4997
736.000000 1.4999
737.000000 1.5
738.000000 1.5002
739.000000 1.5004
740.000000 1.5005
741.000000 1.5007
742.000000 1.5008
743.000000 1.501
744.000000 1.5011
745.000000 1.5012
746.000000 1.5014
747.000000 1.5015
748.000000 1.5015
749.000000 1.5016
750.000000 1.5017
751.000000 1.5017
752.000000 1.5018
753.000000 1.5018
754.000000 1.5018
755.000000 1.5018
756.000000 1.5018
757.000000 1.5018
758.000000 1.5017
759.000000 1.5017
760.000000 1.5016
761.000000 1.5015
762.000000 1.5014
763.000000 1.5013
764.000000 1.5012
765.000000 1.5011
766.000000 1.5009
767.000000 1.5008
768.000000 1.5007
769.000000 1.5005
770.000000 1.5004
771.000000 1.5002
772.000000 1.5001
773.000000 1.4999
774.000000 1.4998
775.000000 1.4996
776.000000 1.4995
777.000000 1.4993
778.000000 1.4992
779.000000 1.4991
780.000000 1.499
781.000000 1.4989
782.000000 1.4988
783.000000 1.4987
784.000000 1.4986
785.000000 1.4985
786.000000 1.4985
787.000000 1.4985
788.000000 1.4984
789.000000 1.4984
790.000000 1.4984
791.000000 1.4984
792.000000 1.4984
793.000000 1.4985
794.000000 1.4985
795.000000 1.4986
796.000000 1.4986
797.000000 1.4987
798.000000 1.4988
799.000000 1.4989
800.000000 -0.10486
801.000000 -0.09938
802.000000 -0.084747
803.000000 -0.071588
804.000000 -0.060113
805.000000 -0.050273
806.000000 -0.041923
807.000000 -0.034888
808.000000 -0.028988
809.000000 -0.024055
810.000000 -0.019939
811.000000 -0.01651
812.000000 -0.013658
813.000000 -0.011287
814.000000 -0.0093192
815.000000 -0.0076885
816.000000 -0.0063395
817.000000 -0.0052262
818.000000 -0.0043105
819.000000 -0.0035604
820.000000 -0.0029491
821.000000 -0.0024544
822.000000 -0.0020577
823.000000 -0.0017431
824.000000 -0.0014975
825.000000 -0.0013096
826.000000 -0.0011701
827.000000 -0.0010708
828.000000 -0.0010048
829.000000 -0.0009661
830.000000 -0.00094971
831.000000 -0.00095115
832.000000 -0.00096658
833.000000 -0.00099266
834.000000 -0.0010265
835.000000 -0.0010654
836.000000 -0.0011073
837.000000 -0.0011502
838.000000 -0.0011923
839.000000 -0.0012321
840.000000 -0.0012685
841.000000 -0.0013001
842.000000 -0.0013262
843.000000 -0.0013459
844.000000 -0.0013586
845.000000 -0.0013637
846.000000 -0.0013609
847.000000 -0.0013498
848.000000 -0.0013304
849.000000 -0.0013026
850.000000 -0.0012664
851.000000 -0.001222
852.000000 -0.0011697
853.000000 -0.0011096
854.000000 -0.0010423
855.000000 -0.00096817
856.000000 -0.00088775
857.000000 -0.00080161
858.000000 -0.0007104
859.000000 -0.00061479
860.000000 -0.00051551
861.000000 -0.00041328
862.000000 -0.0003089
863.000000 -0.00020313
864.000000 -9.6782e-05
865.000000 9.351e-06
866.000000 0.00011447
867.000000 0.0002178
868.000000 0.00031855
869.000000 0.000416
870.000000 0.00050942
871.000000 0.00059813
872.000000 0.00068149
873.000000 0.0007589
874.000000 0.00082981
875.000000 0.00089373
876.000000 0.00095021
877.000000 0.00099889
878.000000 0.0010394
879.000000 0.0010716
880.000000 0.0010952
881.000000 0.0011101
882.000000 0.0011163
883.000000 0.0011138
884.000000 0.0011027
885.000000 0.001083
886.000000 0.0010551
887.000000 0.0010193
888.000000 0.00097574
889.000000 0.00092496
890.000000 0.00086737
891.000000 0.00080348
892.000000 0.00073381
893.000000 0.00065897
894.000000 0.00057955
895.000000 0.00049622
896.000000 0.00040965
897.000000 0.00032054
898.000000 0.00022959
899.000000 0.00013752
900.000000 4.5067e-05
901.000000 -4.706e-05
902.000000 -0.00013814
903.000000 -0.00022749
904.000000 -0.00031441
905.000000 -0.00039825
906.000000 -0.00047838
907.000000 -0.00055421
908.000000 -0.00062517
909.000000 -0.00069076
910.000000 -0.00075049
911.000000 -0.00080396
912.000000 -0.00085079
913.000000 -0.00089066
914.000000 -0.00092331
915.000000 -0.00094855
916.000000 -0.00096623
917.000000 -0.00097626
918.000000 -0.00097864
919.000000 -0.00097338
920.000000 -0.00096059
921.000000 -0.00094043
922.000000 -0.00091309
923.000000 -0.00087885
924.000000 -0.00083802
925.000000 -0.00079097
926.000000 -0.00073811
927.000000 -0.00067988
928.000000 -0.00061678
929.000000 -0.00054934
930.000000 -0.00047811
931.000000 -0.00040368
932.000000 -0.00032663
933.000000 -0.00024759
934.000000 -0.0001672
935.000000 -8.6074e-05
936.000000 -4.8583e-06
937.000000 7.5817e-05
938.000000 0.00015533
939.000000 0.00023307
940.000000 0.00030845
941.000000 0.00038089
942.000000 0.00044986
943.000000 0.00051484
944.000000 0.00057537
945.000000 0.00063099
946.000000 0.00068132
947.000000 0.00072599
948.000000 0.00076471
949.000000 0.00079722
950.000000 0.0008233
951.000000 0.00084281
952.000000 0.00085563
953.000000 0.00086172
954.000000 0.00086107
955.000000 0.00085374
956.000000 0.00083984
957.000000 0.00081951
958.000000 0.00079297
959.000000 0.00076046
960.000000 0.00072228
961.000000 0.00067876
962.000000 0.00063029
963.000000 0.00057727
964.000000 0.00052015
965.000000 0.0004594
966.000000 0.00039552
967.000000 0.00032903
968.000000 0.00026046
969.000000 0.00019036
970.000000 0.00011929
971.000000 4.78e-05
972.000000 -2.3545e-05
973.000000 -9.4195e-05
974.000000 -0.0001636
975.000000 -0.00023124
976.000000 -0.0002966
977.000000 -0.00035919
978.000000 -0.00041853
979.000000 -0.0004742
980.000000 -0.00052578
981.000000 -0.00057291
982.000000 -0.00061525
983.000000 -0.00065251
984.000000 -0.00068443
985.000000 -0.0007108
986.000000 -0.00073147
987.000000 -0.0007463
988.000000 -0.00075523
989.000000 -0.00075823
990.000000 -0.00075532
991.000000 -0.00074657
992.000000 -0.00073207
993.000000 -0.000712
994.000000 -0.00068654
995.000000 -0.00065592
996.000000 -0.00062044
997.000000 -0.00058039
998.000000 -0.00053611
999.000000 -0.000488
1000.000000 -0.00043643
1001.000000 -0.00038185
1002.000000 -0.00032469
1003.000000 -0.00026542
1004.000000 -0.00020451
1005.000000 -0.00014245
1006.000000 -7.9735e-05
1007.000000 -1.6846e-05
1008.000000 4.5722e-05
1009.000000 0.00010749
1010.000000 0.00016797
1011.000000 0.00022672
1012.000000 0.00028329
1013.000000 0.00033725
1014.000000 0.0003882
1015.000000 0.00043577
1016.000000 0.00047962
1017.000000 0.00051943
1018.000000 0.00055491
1019.000000 0.00058583
1020.000000 0.00061198
1021.000000 0.00063319
1022.000000 0.00064933
1023.000000 0.00066031
1024.000000 0.00066609
1025.000000 0.00066665
1026.000000 0.00066202
1027.000000 0.00065229
1028.000000 0.00063756
1029.000000 0.00061799
1030.000000 0.00059375
1031.000000 0.00056508
1032.000000 0.00053223
1033.000000 0.00049547
1034.000000 0.00045513
1035.000000 0.00041155
1036.000000 0.00036509
1037.000000 0.00031612
1038.000000 0.00026504
1039.000000 0.00021228
1040.000000 0.00015825
1041.000000 0.00010337
1042.000000 4.8086e-05
1043.000000 -7.1755e-06
1044.000000 -6.1985e-05
1045.000000 -0.00011592
1046.000000 -0.00016857
1047.000000 -0.00021953
1048.000000 -0.00026841
1049.000000 -0.00031487
1050.000000 -0.00035854
1051.000000 -0.00039912
1052.000000 -0.0004363
1053.000000 -0.00046983
1054.000000 -0.00049947
1055.000000 -0.00052502
1056.000000 -0.0005463
1057.000000 -0.00056319
1058.000000 -0.00057559
1059.000000 -0.00058342
1060.000000 -0.00058667
1061.000000 -0.00058534
1062.000000 -0.00057947
1063.000000 -0.00056914
1064.000000 -0.00055447
1065.000000 -0.00053559
1066.000000 -0.00051269
1067.000000 -0.00048597
1068.000000 -0.00045567
1069.000000 -0.00042205
1070.000000 -0.00038539
1071.000000 -0.000346
1072.000000 -0.00030421
1073.000000 -0.00026035
1074.000000 -0.00021479
1075.000000 -0.00016788
1076.000000 -0.00012001
1077.000000 -7.1546e-05
1078.000000 -2.2877e-05
1079.000000 2.5621e-05
1080.000000 7.3571e-05
1081.000000 0.00012061
1082.000000 0.00016637
1083.000000 0.00021051
1084.000000 0.0002527
1085.000000 0.00029262
1086.000000 0.00032998
1087.000000 0.00036452
1088.000000 0.00039597
1089.000000 0.00042412
1090.000000 0.00044878
1091.000000 0.00046977
1092.000000 0.00048697
1093.000000 0.00050025
1094.000000 0.00050956
1095.000000 0.00051485
1096.000000 0.00051609
1097.000000 0.00051332
1098.000000 0.00050658
1099.000000 0.00049596
