0.000000 0
1.000000 0
2.000000 0
3.000000 0
4.000000 0
5.000000 0
6.000000 0
7.000000 0
8.000000 0
9.000000 0
10.000000 1.9519
11.000000 1.9446
12.000000 1.9421
13.000000 1.9477
14.000000 1.9564
15.000000 1.9657
16.000000 1.9744
17.000000 1.9819
18.000000 1.988
19.000000 1.993
20.000000 1.9968
21.000000 1.9997
22.000000 2.0018
23.000000 2.0033
24.000000 2.0043
25.000000 2.0049
26.000000 2.0052
27.000000 2.0053
28.000000 2.0052
29.000000 2.005
30.000000 2.0047
31.000000 2.0043
32.000000 2.0039
33.000000 2.0035
34.000000 2.0031
35.000000 2.0027
36.000000 2.0023
37.000000 2.0019
38.000000 2.0016
39.000000 2.0013
40.000000 2.001
41.000000 2.0007
42.000000 2.0004
43.000000 2.0002
44.000000 2
45.000000 1.9999
46.000000 1.9997
47.000000 1.9996
48.000000 1.9995
49.000000 1.9994
50.000000 1.9994
51.000000 1.9994
52.000000 1.9994
53.000000 1.9994
54.000000 1.9994
55.000000 1.9994
56.000000 1.9994
57.000000 1.9995
58.000000 1.9996
59.000000 1.9996
60.000000 1.9997
61.000000 1.9998
62.000000 1.9999
63.000000 2
64.000000 2.0001
65.000000 2.0002
66.000000 2.0003
67.000000 2.0004
68.000000 2.0005
69.000000 2.0006
70.000000 2.0007
71.000000 2.0008
72.000000 2.0009
73.000000 2.0009
74.000000 2.001
75.000000 2.0011
76.000000 2.0011
77.000000 2.0012
78.000000 2.0012
79.000000 2.0012
80.000000 2.0013
81.000000 2.0013
82.000000 2.0013
83.000000 2.0013
84.000000 2.0012
85.000000 2.0012
86.000000 2.0012
87.000000 2.0011
88.000000 2.0011
89.000000 2.001
90.000000 2.0009
91.000000 2.0009
92.000000 2.0008
93.000000 2.0007
94.000000 2.0006
95.000000 2.0005
96.000000 2.0004
97.000000 2.0003
98.000000 2.0002
99.000000 2.0001
100.000000 2
101.000000 1.9999
102.000000 1.9998
103.000000 1.9997
104.000000 1.9996
105.000000 1.9995
106.000000 1.9994
107.000000 1.9993
108.000000 1.9993
109.000000 1.9992
110.000000 1.9991
111.000000 1.9991
112.000000 1.999
113.000000 1.999
114.000000 1.9989
115.000000 1.9989
116.000000 1.9989
117.000000 1.9989
118.000000 1.9989
119.000000 1.9989
120.000000 1.9989
121.000000 1.999
122.000000 1.999
123.000000 1.999
124.000000 1.9991
125.000000 1.9991
126.000000 1.9992
127.000000 1.9993
128.000000 1.9993
129.000000 1.9994
130.000000 1.9995
131.000000 1.9996
132.000000 1.9997
133.000000 1.9998
134.000000 1.9999
135.000000 2
136.000000 2
137.000000 2.0001
138.000000 2.0002
139.000000 2.0003
140.000000 2.0004
141.000000 2.0005
142.000000 2.0005
143.000000 2.0006
144.000000 2.0007
145.000000 2.0007
146.000000 2.0008
147.000000 2.0008
148.000000 2.0009
149.000000 2.0009
150.000000 2.0009
151.000000 2.001
152.000000 2.001
153.000000 2.001
154.000000 2.001
155.000000 2.0009
156.000000 2.0009
157.000000 2.0009
158.000000 2.0009
159.000000 2.0008
160.000000 2.0008
161.000000 2.0007
162.000000 2.0007
163.000000 2.0006
164.000000 2.0005
165.000000 2.0005
166.000000 2.0004
167.000000 2.0003
168.000000 2.0002
169.000000 2.0002
170.000000 2.0001
171.000000 2
172.000000 1.9999
173.000000 1.9998
174.000000 1.9998
175.000000 1.9997
176.000000 1.9996
177.000000 1.9996
178.000000 1.9995
179.000000 1.9994
180.000000 1.9994
181.000000 1.9993
182.000000 1.9993
183.000000 1.9992
184.000000 1.9992
185.000000 1.9992
186.000000 1.9992
187.000000 1.9992
188.000000 1.9991
189.000000 1.9991
190.000000 1.9992
191.000000 1.9992
192.000000 1.9992
193.000000 1.9992
194.000000 1.9992
195.000000 1.9993
196.000000 1.9993
197.000000 1.9994
198.000000 1.9994
199.000000 1.9995
200.000000 -1.9042
201.000000 -1.8896
202.000000 -1.8846
203.000000 -1.8956
204.000000 -1.913
205.000000 -1.9315
206.000000 -1.9488
207.000000 -1.9637
208.000000 -1.976
209.000000 -1.9858
210.000000 -1.9934
211.000000 -1.9991
212.000000 -2.0033
213.000000 -2.0062
214.000000 -2.0082
215.000000 -2.0093
216.000000 -2.0099
217.000000 -2.01
218.000000 -2.0097
219.000000 -2.0093
220.000000 -2.0086
221.000000 -2.0079
222.000000 -2.0071
223.000000 -2.0063
224.000000 -2.0055
225.000000 -2.0047
226.000000 -2.0039
227.000000 -2.0032
228.000000 -2.0025
229.000000 -2.0018
230.000000 -2.0013
231.000000 -2.0008
232.000000 -2.0003
233.000000 -1.9999
234.000000 -1.9996
235.000000 -1.9993
236.000000 -1.9991
237.000000 -1.9989
238.000000 -1.9988
239.000000 -1.9987
240.000000 -1.9987
241.000000 -1.9986
242.000000 -1.9987
243.000000 -1.9988
244.000000 -1.9988
245.000000 -1.999
246.000000 -1.9991
247.000000 -1.9993
248.000000 -1.9995
249.000000 -1.9997
250.000000 -1.9999
251.000000 -2.0001
252.000000 -2.0003
253.000000 -2.0006
254.000000 -2.0008
255.000000 -2.001
256.000000 -2.0012
257.000000 -2.0015
258.000000 -2.0017
259.000000 -2.0019
260.000000 -2.0021
261.000000 -2.0022
262.000000 -2.0024
263.000000 -2.0025
264.000000 -2.0026
265.000000 -2.0027
266.000000 -2.0028
267.000000 -2.0029
268.000000 -2.0029
269.000000 -2.0029
270.000000 -2.0029
271.000000 -2.0029
272.000000 -2.0028
273.000000 -2.0028
274.000000 -2.0027
275.000000 -2.0026
276.000000 -2.0024
277.000000 -2.0023
278.000000 -2.0021
279.000000 -2.002
280.000000 -2.0018
281.000000 -2.0016
282.000000 -2.0013
283.000000 -2.0011
284.000000 -2.0009
285.000000 -2.0007
286.000000 -2.0004
287.000000 -2.0002
288.000000 -1.9999
289.000000 -1.9997
290.000000 -1.9995
291.000000 -1.9992
292.000000 -1.999
293.000000 -1.9988
294.000000 -1.9986
295.000000 -1.9984
296.000000 -1.9982
297.000000 -1.9981
298.000000 -1.9979
299.000000 -1.9978
300.000000 -1.9977
301.000000 -1.9976
302.000000 -1.9976
303.000000 -1.9975
304.000000 -1.9975
305.000000 -1.9975
306.000000 -1.9975
307.000000 -1.9975
308.000000 -1.9975
309.000000 -1.9976
310.000000 -1.9977
311.000000 -1.9978
312.000000 -1.9979
313.000000 -1.9981
314.000000 -1.9982
315.000000 -1.9984
316.000000 -1.9985
317.000000 -1.9987
318.000000 -1.9989
319.000000 -1.9991
320.000000 -1.9993
321.000000 -1.9995
322.000000 -1.9997
323.000000 -1.9999
324.000000 -2.0001
325.000000 -2.0004
326.000000 -2.0006
327.000000 -2.0008
328.000000 -2.0009
329.000000 -2.0011
330.000000 -2.0013
331.000000 -2.0015
332.000000 -2.0016
333.000000 -2.0017
334.000000 -2.0019
335.000000 -2.002
336.000000 -2.002
337.000000 -2.0021
338.000000 -2.0022
339.000000 -2.0022
340.000000 -2.0022
341.000000 -2.0022
342.000000 -2.0022
343.000000 -2.0022
344.000000 -2.0021
345.000000 -2.0021
346.000000 -2.002
347.000000 -2.0019
348.000000 -2.0018
349.000000 -2.0017
350.000000 -2.0015
351.000000 -2.0014
352.000000 -2.0012
353.000000 -2.0011
354.000000 -2.0009
355.000000 -2.0007
356.000000 -2.0005
357.000000 -2.0004
358.000000 -2.0002
359.000000 -2
360.000000 -1.9998
361.000000 -1.9996
362.000000 -1.9994
363.000000 -1.9993
364.000000 -1.9991
365.000000 -1.999
366.000000 -1.9988
367.000000 -1.9987
368.000000 -1.9985
369.000000 -1.9984
370.000000 -1.9983
371.000000 -1.9982
372.000000 -1.9982
373.000000 -1.9981
374.000000 -1.9981
375.000000 -1.998
376.000000 -1.998
377.000000 -1.998
378.000000 -1.9981
379.000000 -1.9981
380.000000 -1.9981
381.000000 -1.9982
382.000000 -1.9983
383.000000 -1.9984
384.000000 -1.9985
385.000000 -1.9986
386.000000 -1.9987
387.000000 -1.9988
388.000000 -1.999
389.000000 -1.9991
390.000000 -1.9993
391.000000 -1.9994
392.000000 -1.9996
393.000000 -1.9998
394.000000 -1.9999
395.000000 -2.0001
396.000000 -2.0002
397.000000 -2.0004
398.000000 -2.0006
399.000000 -2.0007
400.000000 -2.0008
401.000000 -2.001
402.000000 -2.0011
403.000000 -2.0012
404.000000 -2.0013
405.000000 -2.0014
406.000000 -2.0015
407.000000 -2.0016
408.000000 -2.0016
409.000000 -2.0017
410.000000 -2.0017
411.000000 -2.0017
412.000000 -2.0017
413.000000 -2.0017
414.000000 -2.0017
415.000000 -2.0017
416.000000 -2.0016
417.000000 -2.0016
418.000000 -2.0015
419.000000 -2.0014
420.000000 -2.0013
421.000000 -2.0012
422.000000 -2.0011
423.000000 -2.001
424.000000 -2.0008
425.000000 -2.0007
426.000000 -2.0006
427.000000 -2.0004
428.000000 -2.0003
429.000000 -2.0002
430.000000 -2
431.000000 -1.9999
432.000000 -1.9997
433.000000 -1.9996
434.000000 -1.9995
435.000000 -1.9993
436.000000 -1.9992
437.000000 -1.9991
438.000000 -1.999
439.000000 -1.9989
440.000000 -1.9988
441.000000 -1.9987
442.000000 -1.9987
443.000000 -1.9986
444.000000 -1.9986
445.000000 -1.9985
446.000000 -1.9985
447.000000 -1.9985
448.000000 -1.9985
449.000000 -1.9985
450.000000 -1.9985
451.000000 -1.9986
452.000000 -1.9986
453.000000 -1.9987
454.000000 -1.9987
455.000000 -1.9988
456.000000 -1.9989
457.000000 -1.999
458.000000 -1.9991
459.000000 -1.9992
460.000000 -1.9993
461.000000 -1.9994
462.000000 -1.9995
463.000000 -1.9997
464.000000 -1.9998
465.000000 -1.9999
466.000000 -2
467.000000 -2.0002
468.000000 -2.0003
469.000000 -2.0004
470.000000 -2.0005
471.000000 -2.0006
472.000000 -2.0007
473.000000 -2.0008
474.000000 -2.0009
475.000000 -2.001
476.000000 -2.0011
477.000000 -2.0011
478.000000 -2.0012
479.000000 -2.0013
480.000000 -2.0013
481.000000 -2.0013
482.000000 -2.0013
483.000000 -2.0013
484.000000 -2.0013
485.000000 -2.0013
486.000000 -2.0013
487.000000 -2.0013
488.000000 -2.0012
489.000000 -2.0012
490.000000 -2.0011
491.000000 -2.001
492.000000 -2.0009
493.000000 -2.0009
494.000000 -2.0008
495.000000 -2.0007
496.000000 -2.0006
497.000000 -2.0005
498.000000 -2.0004
499.000000 -2.0003
500.000000 1.4156
501.000000 1.403
502.000000 1.3988
503.000000 1.4086
504.000000 1.424
505.000000 1.4404
506.000000 1.4556
507.000000 1.4688
508.000000 1.4798
509.000000 1.4885
510.000000 1.4953
511.000000 1.5004
512.000000 1.5042
513.000000 1.5068
514.000000 1.5086
515.000000 1.5097
516.000000 1.5103
517.000000 1.5104
518.000000 1.5103
519.000000 1.5099
520.000000 1.5093
521.000000 1.5087
522.000000 1.508
523.000000 1.5072
524.000000 1.5065
525.000000 1.5057
526.000000 1.505
527.000000 1.5043
528.000000 1.5036
529.000000 1.5029
530.000000 1.5023
531.000000 1.5018
532.000000 1.5012
533.000000 1.5008
534.000000 1.5003
535.000000 1.5
536.000000 1.4996
537.000000 1.4993
538.000000 1.4991
539.000000 1.4988
540.000000 1.4986
541.000000 1.4985
542.000000 1.4984
543.000000 1.4983
544.000000 1.4983
545.000000 1.4983
546.000000 1.4983
547.000000 1.4983
548.000000 1.4984
549.000000 1.4985
550.000000 1.4986
551.000000 1.4987
552.000000 1.4988
553.000000 1.499
554.000000 1.4992
555.000000 1.4993
556.000000 1.4995
557.000000 1.4997
558.000000 1.4999
559.000000 1.5001
560.000000 1.5003
561.000000 1.5005
562.000000 1.5007
563.000000 1.5009
564.000000 1.5011
565.000000 1.5013
566.000000 1.5014
567.000000 1.5016
568.000000 1.5017
569.000000 1.5019
570.000000 1.502
571.000000 1.5021
572.000000 1.5022
573.000000 1.5022
574.000000 1.5023
575.000000 1.5023
576.000000 1.5023
577.000000 1.5023
578.000000 1.5023
579.000000 1.5023
580.000000 1.5022
581.000000 1.5021
582.000000 1.5021
583.000000 1.502
584.000000 1.5018
585.000000 1.5017
586.000000 1.5016
587.000000 1.5014
588.000000 1.5012
589.000000 1.5011
590.000000 1.5009
591.000000 1.5007
592.000000 1.5005
593.000000 1.5003
594.000000 1.5001
595.000000 1.4999
596.000000 1.4998
597.000000 1.4996
598.000000 1.4994
599.000000 1.4992
600.000000 1.499
601.000000 1.4989
602.000000 1.4987
603.000000 1.4986
604.000000 1.4985
605.000000 1.4983
606.000000 1.4982
607.000000 1.4982
608.000000 1.4981
609.000000 1.498
610.000000 1.498
611.000000 1.498
612.000000 1.498
613.000000 1.498
614.000000 1.498
615.000000 1.498
616.000000 1.4981
617.000000 1.4981
618.000000 1.4982
619.000000 1.4983
620.000000 1.4984
621.000000 1.4986
622.000000 1.4987
623.000000 1.4988
624.000000 1.499
625.000000 1.4991
626.000000 1.4993
627.000000 1.4994
628.000000 1.4996
629.000000 1.4998
630.000000 1.4999
631.000000 1.5001
632.000000 1.5003
633.000000 1.5004
634.000000 1.5006
635.000000 1.5008
636.000000 1.5009
637.000000 1.501
638.000000 1.5012
639.000000 1.5013
640.000000 1.5014
641.000000 1.5015
642.000000 1.5016
643.000000 1.5016
644.000000 1.5017
645.000000 1.5017
646.000000 1.5018
647.000000 1.5018
648.000000 1.5018
649.000000 1.5018
650.000000 1.5018
651.000000 1.5017
652.000000 1.5017
653.000000 1.5016
654.000000 1.5015
655.000000 1.5014
656.000000 1.5013
657.000000 1.5012
658.000000 1.5011
659.000000 1.501
660.000000 1.5009
661.000000 1.5007
662.000000 1.5006
663.000000 1.5004
664.000000 1.5003
665.000000 1.5001
666.000000 1.5
667.000000 1.4998
668.000000 1.4997
669.000000 1.4995
670.000000 1.4994
671.000000 1.4993
672.000000 1.4992
673.000000 1.499
674.000000 1.4989
675.000000 1.4988
676.000000 1.4987
677.000000 1.4987
678.000000 1.4986
679.000000 1.4985
680.000000 1.4985
681.000000 1.4985
682.000000 1.4984
683.000000 1.4984
684.000000 1.4984
685.000000 1.4984
686.000000 1.4985
687.000000 1.4985
688.000000 1.4986
689.000000 1.4986
690.000000 1.4987
691.000000 1.4988
692.000000 1.4989
693.000000 1.499
694.000000 1.4991
695.000000 1.4992
696.000000 1.4993
697.000000 1.4994
698.000000 1.4995
699.000000 1.4997
700.000000 1.4998
701.000000 1.4999
702.000000 1.5001
703.000000 1.5002
704.000000 1.5003
705.000000 1.5004
706.000000 1.5006
707.000000 1.5007
708.000000 1.5008
709.000000 1.5009
710.000000 1.501
711.000000 1.5011
712.000000 1.5011
713.000000 1.5012
714.000000 1.5013
715.000000 1.5013
716.000000 1.5013
717.000000 1.5014
718.000000 1.5014
719.000000 1.5014
720.000000 1.5014
721.000000 1.5014
722.000000 1.5013
723.000000 1.5013
724.000000 1.5012
725.000000 1.5012
726.000000 1.5011
727.000000 1.5011
728.000000 1.501
729.000000 1.5009
730.000000 1.5008
731.000000 1.5007
732.000000 1.5006
733.000000 1.5005
734.000000 1.5004
735.000000 1.5002
736.000000 1.5001
737.000000 1.5
738.000000 1.4999
739.000000 1.4998
740.000000 1.4997
741.000000 1.4996
742.000000 1.4995
743.000000 1.4994
744.000000 1.4993
745.000000 1.4992
746.000000 1.4991
747.000000 1.499
748.000000 1.499
749.000000 1.4989
750.000000 1.4989
751.000000 1.4988
752.000000 1.4988
753.000000 1.4988
754.000000 1.4988
755.000000 1.4988
756.000000 1.4988
757.000000 1.4988
758.000000 1.4988
759.000000 1.4989
760.000000 1.4989
761.000000 1.499
762.000000 1.499
763.000000 1.4991
764.000000 1.4992
765.000000 1.4993
766.000000 1.4993
767.000000 1.4994
768.000000 1.4995
769.000000 1.4996
770.000000 1.4997
771.000000 1.4998
772.000000 1.4999
773.000000 1.5
774.000000 1.5001
775.000000 1.5002
776.000000 1.5003
777.000000 1.5004
778.000000 1.5005
779.000000 1.5006
780.000000 1.5007
781.000000 1.5007
782.000000 1.5008
783.000000 1.5009
784.000000 1.5009
785.000000 1.501
786.000000 1.501
787.000000 1.501
788.000000 1.5011
789.000000 1.5011
790.000000 1.5011
791.000000 1.5011
792.000000 1.5011
793.000000 1.501
794.000000 1.501
795.000000 1.501
796.000000 1.5009
797.000000 1.5009
798.000000 1.5008
799.000000 1.5008
800.000000 0.036785
801.000000 0.042162
802.000000 0.043956
803.000000 0.039707
804.000000 0.033083
805.000000 0.026014
806.000000 0.019433
807.000000 0.013726
808.000000 0.008995
809.000000 0.0051988
810.000000 0.0022342
811.000000 -2.2326e-05
812.000000 -0.0016933
813.000000 -0.0028902
814.000000 -0.0037093
815.000000 -0.0042319
816.000000 -0.0045249
817.000000 -0.0046424
818.000000 -0.0046281
819.000000 -0.0045164
820.000000 -0.0043346
821.000000 -0.0041041
822.000000 -0.0038412
823.000000 -0.0035586
824.000000 -0.0032661
825.000000 -0.0029708
826.000000 -0.0026782
827.000000 -0.0023922
828.000000 -0.0021157
829.000000 -0.0018507
830.000000 -0.0015985
831.000000 -0.00136
832.000000 -0.0011357
833.000000 -0.00092578
834.000000 -0.00073031
835.000000 -0.00054921
836.000000 -0.00038228
837.000000 -0.00022927
838.000000 -8.9887e-05
839.000000 3.6188e-05
840.000000 0.0001493
841.000000 0.00024978
842.000000 0.00033801
843.000000 0.00041434
844.000000 0.00047915
845.000000 0.00053281
846.000000 0.00057572
847.000000 0.00060827
848.000000 0.00063088
849.000000 0.00064398
850.000000 0.00064803
851.000000 0.00064347
852.000000 0.0006308
853.000000 0.00061051
854.000000 0.00058313
855.000000 0.0005492
856.000000 0.00050927
857.000000 0.00046392
858.000000 0.00041373
859.000000 0.00035929
860.000000 0.00030123
861.000000 0.00024014
862.000000 0.00017666
863.000000 0.00011139
864.000000 4.4961e-05
865.000000 -2.2027e-05
866.000000 -8.897e-05
867.000000 -0.00015528
868.000000 -0.00022039
869.000000 -0.00028375
870.000000 -0.00034483
871.000000 -0.00040313
872.000000 -0.00045818
873.000000 -0.00050955
874.000000 -0.00055682
875.000000 -0.00059965
876.000000 -0.0006377
877.000000 -0.00067069
878.000000 -0.00069838
879.000000 -0.00072059
880.000000 -0.00073715
881.000000 -0.00074798
882.000000 -0.00075302
883.000000 -0.00075226
884.000000 -0.00074573
885.000000 -0.00073353
886.000000 -0.00071577
887.000000 -0.00069264
888.000000 -0.00066434
889.000000 -0.00063113
890.000000 -0.00059329
891.000000 -0.00055115
892.000000 -0.00050506
893.000000 -0.0004554
894.000000 -0.00040259
895.000000 -0.00034705
896.000000 -0.00028923
897.000000 -0.00022959
898.000000 -0.00016862
899.000000 -0.00010678
900.000000 -4.4574e-05
901.000000 1.7525e-05
902.000000 7.9034e-05
903.000000 0.00013948
904.000000 0.0001984
905.000000 0.00025536
906.000000 0.00030991
907.000000 0.00036167
908.000000 0.00041024
909.000000 0.00045527
910.000000 0.00049644
911.000000 0.00053346
912.000000 0.00056607
913.000000 0.00059404
914.000000 0.0006172
915.000000 0.00063541
916.000000 0.00064854
917.000000 0.00065655
918.000000 0.00065939
919.000000 0.0006571
920.000000 0.00064972
921.000000 0.00063735
922.000000 0.00062012
923.000000 0.00059819
924.000000 0.00057178
925.000000 0.00054112
926.000000 0.00050648
927.000000 0.00046815
928.000000 0.00042646
929.000000 0.00038177
930.000000 0.00033443
931.000000 0.00028483
932.000000 0.00023338
933.000000 0.00018049
934.000000 0.00012657
935.000000 7.2067e-05
936.000000 1.7393e-05
937.000000 -3.7022e-05
938.000000 -9.0757e-05
939.000000 -0.0001434
940.000000 -0.00019455
941.000000 -0.00024382
942.000000 -0.00029084
943.000000 -0.00033526
944.000000 -0.00037676
945.000000 -0.00041503
946.000000 -0.00044981
947.000000 -0.00048083
948.000000 -0.0005079
949.000000 -0.00053083
950.000000 -0.00054947
951.000000 -0.00056371
952.000000 -0.00057346
953.000000 -0.00057869
954.000000 -0.00057939
955.000000 -0.00057557
956.000000 -0.00056732
957.000000 -0.00055472
958.000000 -0.00053789
959.000000 -0.00051701
960.000000 -0.00049226
961.000000 -0.00046387
962.000000 -0.00043207
963.000000 -0.00039715
964.000000 -0.00035939
965.000000 -0.00031911
966.000000 -0.00027664
967.000000 -0.00023232
968.000000 -0.00018652
969.000000 -0.0001396
970.000000 -9.1924e-05
971.000000 -4.3879e-05
972.000000 4.163e-06
973.000000 5.1829e-05
974.000000 9.875e-05
975.000000 0.00014457
976.000000 0.00018894
977.000000 0.00023152
978.000000 0.000272
979.000000 0.00031008
980.000000 0.00034547
981.000000 0.00037793
982.000000 0.00040722
983.000000 0.00043314
984.000000 0.00045551
985.000000 0.00047418
986.000000 0.00048904
987.000000 0.00049999
988.000000 0.00050698
989.000000 0.00050998
990.000000 0.000509
991.000000 0.00050408
992.000000 0.00049527
993.000000 0.00048268
994.000000 0.00046643
995.000000 0.00044668
996.000000 0.0004236
997.000000 0.0003974
998.000000 0.0003683
999.000000 0.00033654
1000.000000 0.0003024
1001.000000 0.00026616
1002.000000 0.00022811
1003.000000 0.00018856
1004.000000 0.00014784
1005.000000 0.00010625
1006.000000 6.4141e-05
1007.000000 2.1835e-05
1008.000000 -2.0337e-05
1009.000000 -6.2047e-05
1010.000000 -0.00010298
1011.000000 -0.00014281
1012.000000 -0.00018125
1013.000000 -0.00021801
1014.000000 -0.00025281
1015.000000 -0.00028539
1016.000000 -0.00031553
1017.000000 -0.000343
1018.000000 -0.0003676
1019.000000 -0.00038918
1020.000000 -0.00040758
1021.000000 -0.00042267
1022.000000 -0.00043438
1023.000000 -0.00044263
1024.000000 -0.00044738
1025.000000 -0.00044863
1026.000000 -0.00044638
1027.000000 -0.00044068
1028.000000 -0.00043159
1029.000000 -0.00041922
1030.000000 -0.00040368
1031.000000 -0.00038512
1032.000000 -0.0003637
1033.000000 -0.00033961
1034.000000 -0.00031306
1035.000000 -0.00028426
1036.000000 -0.00025346
1037.000000 -0.00022091
1038.000000 -0.00018689
1039.000000 -0.00015165
1040.000000 -0.00011549
1041.000000 -7.8692e-05
1042.000000 -4.1546e-05
1043.000000 -4.3447e-06
1044.000000 3.2624e-05
1045.000000 6.9074e-05
1046.000000 0.00010473
1047.000000 0.00013931
1048.000000 0.00017256
1049.000000 0.00020423
1050.000000 0.00023409
1051.000000 0.00026192
1052.000000 0.00028752
1053.000000 0.00031069
1054.000000 0.00033129
1055.000000 0.00034917
1056.000000 0.0003642
1057.000000 0.0003763
1058.000000 0.00038539
1059.000000 0.00039142
1060.000000 0.00039437
1061.000000 0.00039424
1062.000000 0.00039104
1063.000000 0.00038483
1064.000000 0.00037567
1065.000000 0.00036366
1066.000000 0.00034892
1067.000000 0.00033157
1068.000000 0.00031177
1069.000000 0.00028969
1070.000000 0.00026552
1071.000000 0.00023945
1072.000000 0.00021172
1073.000000 0.00018254
1074.000000 0.00015216
1075.000000 0.0001208
1076.000000 8.874e-05
1077.000000 5.6217e-05
1078.000000 2.3491e-05
1079.000000 -9.1833e-06
1080.000000 -4.1552e-05
1081.000000 -7.3365e-05
1082.000000 -0.00010438
1083.000000 -0.00013436
1084.000000 -0.00016308
1085.000000 -0.00019033
1086.000000 -0.00021591
1087.000000 -0.00023963
1088.000000 -0.00026131
1089.000000 -0.00028081
1090.000000 -0.00029799
1091.000000 -0.00031273
1092.000000 -0.00032493
1093.000000 -0.00033453
1094.000000 -0.00034145
1095.000000 -0.00034568
1096.000000 -0.00034719
1097.000000 -0.00034599
1098.000000 -0.00034212
1099.000000 -0.00033561
