0.000000 0
1.000000 0
2.000000 0
3.000000 0
4.000000 0
5.000000 0
6.000000 0
7.000000 0
8.000000 0
9.000000 0
10.000000 1.9475
11.000000 1.8806
12.000000 1.9719
13.000000 2.0006
14.000000 2.0125
15.000000 2.0139
16.000000 2.0104
17.000000 2.0049
18.000000 1.999
19.000000 1.9935
20.000000 1.9886
21.000000 1.9846
22.000000 1.9814
23.000000 1.979
24.000000 1.9772
25.000000 1.9759
26.000000 1.9752
27.000000 1.9748
28.000000 1.9748
29.000000 1.975
30.000000 1.9754
31.000000 1.976
32.000000 1.9768
33.000000 1.9776
34.000000 1.9785
35.000000 1.9794
36.000000 1.9804
37.000000 1.9813
38.000000 1.9823
39.000000 1.9833
40.000000 1.9842
41.000000 1.9851
42.000000 1.986
43.000000 1.9869
44.000000 1.9877
45.000000 1.9884
46.000000 1.9892
47.000000 1.9899
48.000000 1.9905
49.000000 1.9911
50.000000 1.9917
51.000000 1.9922
52.000000 1.9927
53.000000 1.9932
54.000000 1.9936
55.000000 1.994
56.000000 1.9943
57.000000 1.9947
58.000000 1.995
59.000000 1.9953
60.000000 1.9955
61.000000 1.9958
62.000000 1.996
63.000000 1.9962
64.000000 1.9964
65.000000 1.9965
66.000000 1.9967
67.000000 1.9969
68.000000 1.997
69.000000 1.9971
70.000000 1.9973
71.000000 1.9974
72.000000 1.9975
73.000000 1.9976
74.000000 1.9977
75.000000 1.9978
76.000000 1.9979
77.000000 1.9979
78.000000 1.998
79.000000 1.9981
80.000000 1.9982
81.000000 1.9982
82.000000 1.9983
83.000000 1.9984
84.000000 1.9984
85.000000 1.9985
86.000000 1.9986
87.000000 1.9986
88.000000 1.9987
89.000000 1.9987
90.000000 1.9988
91.000000 1.9988
92.000000 1.9989
93.000000 1.9989
94.000000 1.9989
95.000000 1.999
96.000000 1.999
97.000000 1.9991
98.000000 1.9991
99.000000 1.9991
100.000000 1.9992
101.000000 1.9992
102.000000 1.9992
103.000000 1.9993
104.000000 1.9993
105.000000 1.9993
106.000000 1.9994
107.000000 1.9994
108.000000 1.9994
109.000000 1.9994
110.000000 1.9994
111.000000 1.9995
112.000000 1.9995
113.000000 1.9995
114.000000 1.9995
115.000000 1.9995
116.000000 1.9996
117.000000 1.9996
118.000000 1.9996
119.000000 1.9996
120.000000 1.9996
121.000000 1.9996
122.000000 1.9997
123.000000 1.9997
124.000000 1.9997
125.000000 1.9997
126.000000 1.9997
127.000000 1.9997
128.000000 1.9997
129.000000 1.9997
130.000000 1.9998
131.000000 1.9998
132.000000 1.9998
133.000000 1.9998
134.000000 1.9998
135.000000 1.9998
136.000000 1.9998
137.000000 1.9998
138.000000 1.9998
139.000000 1.9998
140.000000 1.9998
141.000000 1.9998
142.000000 1.9998
143.000000 1.9998
144.000000 1.9999
145.000000 1.9999
146.000000 1.9999
147.000000 1.9999
148.000000 1.9999
149.000000 1.9999
150.000000 1.9999
151.000000 1.9999
152.000000 1.9999
153.000000 1.9999
154.000000 1.9999
155.000000 1.9999
156.000000 1.9999
157.000000 1.9999
158.000000 1.9999
159.000000 1.9999
160.000000 1.9999
161.000000 1.9999
162.000000 1.9999
163.000000 1.9999
164.000000 1.9999
165.000000 1.9999
166.000000 1.9999
167.000000 1.9999
168.000000 1.9999
169.000000 1.9999
170.000000 1.9999
171.000000 1.9999
172.000000 1.9999
173.000000 1.9999
174.000000 1.9999
175.000000 1.9999
176.000000 1.9999
177.000000 2
178.000000 2
179.000000 2
180.000000 2
181.000000 2
182.000000 2
183.000000 2
184.000000 2
185.000000 2
186.000000 2
187.000000 2
188.000000 2
189.000000 2
190.000000 2
191.000000 2
192.000000 2
193.000000 2
194.000000 2
195.000000 2
196.000000 2
197.000000 2
198.000000 2
199.000000 2
200.000000 -1.8951
201.000000 -1.7612
202.000000 -1.9439
203.000000 -2.0012
204.000000 -2.0251
205.000000 -2.0278
206.000000 -2.0208
207.000000 -2.0098
208.000000 -1.998
209.000000 -1.9869
210.000000 -1.9773
211.000000 -1.9692
212.000000 -1.9628
213.000000 -1.9579
214.000000 -1.9543
215.000000 -1.9519
216.000000 -1.9504
217.000000 -1.9497
218.000000 -1.9496
219.000000 -1.95
220.000000 -1.9509
221.000000 -1.9521
222.000000 -1.9535
223.000000 -1.9552
224.000000 -1.957
225.000000 -1.9588
226.000000 -1.9608
227.000000 -1.9627
228.000000 -1.9646
229.000000 -1.9666
230.000000 -1.9685
231.000000 -1.9703
232.000000 -1.9721
233.000000 -1.9737
234.000000 -1.9754
235.000000 -1.9769
236.000000 -1.9784
237.000000 -1.9797
238.000000 -1.981
239.000000 -1.9822
240.000000 -1.9834
241.000000 -1.9844
242.000000 -1.9854
243.000000 -1.9863
244.000000 -1.9872
245.000000 -1.9879
246.000000 -1.9887
247.000000 -1.9893
248.000000 -1.9899
249.000000 -1.9905
250.000000 -1.991
251.000000 -1.9915
252.000000 -1.992
253.000000 -1.9924
254.000000 -1.9928
255.000000 -1.9931
256.000000 -1.9934
257.000000 -1.9937
258.000000 -1.994
259.000000 -1.9943
260.000000 -1.9945
261.000000 -1.9948
262.000000 -1.995
263.000000 -1.9952
264.000000 -1.9954
265.000000 -1.9956
266.000000 -1.9957
267.000000 -1.9959
268.000000 -1.9961
269.000000 -1.9962
270.000000 -1.9964
271.000000 -1.9965
272.000000 -1.9966
273.000000 -1.9968
274.000000 -1.9969
275.000000 -1.997
276.000000 -1.9971
277.000000 -1.9972
278.000000 -1.9973
279.000000 -1.9974
280.000000 -1.9975
281.000000 -1.9976
282.000000 -1.9977
283.000000 -1.9978
284.000000 -1.9979
285.000000 -1.998
286.000000 -1.9981
287.000000 -1.9981
288.000000 -1.9982
289.000000 -1.9983
290.000000 -1.9984
291.000000 -1.9984
292.000000 -1.9985
293.000000 -1.9985
294.000000 -1.9986
295.000000 -1.9987
296.000000 -1.9987
297.000000 -1.9988
298.000000 -1.9988
299.000000 -1.9989
300.000000 -1.9989
301.000000 -1.999
302.000000 -1.999
303.000000 -1.999
304.000000 -1.9991
305.000000 -1.9991
306.000000 -1.9991
307.000000 -1.9992
308.000000 -1.9992
309.000000 -1.9992
310.000000 -1.9993
311.000000 -1.9993
312.000000 -1.9993
313.000000 -1.9994
314.000000 -1.9994
315.000000 -1.9994
316.000000 -1.9994
317.000000 -1.9995
318.000000 -1.9995
319.000000 -1.9995
320.000000 -1.9995
321.000000 -1.9995
322.000000 -1.9995
323.000000 -1.9996
324.000000 -1.9996
325.000000 -1.9996
326.000000 -1.9996
327.000000 -1.9996
328.000000 -1.9996
329.000000 -1.9997
330.000000 -1.9997
331.000000 -1.9997
332.000000 -1.9997
333.000000 -1.9997
334.000000 -1.9997
335.000000 -1.9997
336.000000 -1.9997
337.000000 -1.9997
338.000000 -1.9998
339.000000 -1.9998
340.000000 -1.9998
341.000000 -1.9998
342.000000 -1.9998
343.000000 -1.9998
344.000000 -1.9998
345.000000 -1.9998
346.000000 -1.9998
347.000000 -1.9998
348.000000 -1.9998
349.000000 -1.9998
350.000000 -1.9998
351.000000 -1.9998
352.000000 -1.9999
353.000000 -1.9999
354.000000 -1.9999
355.000000 -1.9999
356.000000 -1.9999
357.000000 -1.9999
358.000000 -1.9999
359.000000 -1.9999
360.000000 -1.9999
361.000000 -1.9999
362.000000 -1.9999
363.000000 -1.9999
364.000000 -1.9999
365.000000 -1.9999
366.000000 -1.9999
367.000000 -1.9999
368.000000 -1.9999
369.000000 -1.9999
370.000000 -1.9999
371.000000 -1.9999
372.000000 -1.9999
373.000000 -1.9999
374.000000 -1.9999
375.000000 -1.9999
376.000000 -1.9999
377.000000 -1.9999
378.000000 -1.9999
379.000000 -1.9999
380.000000 -1.9999
381.000000 -1.9999
382.000000 -1.9999
383.000000 -1.9999
384.000000 -1.9999
385.000000 -2
386.000000 -2
387.000000 -2
388.000000 -2
389.000000 -2
390.000000 -2
391.000000 -2
392.000000 -2
393.000000 -2
394.000000 -2
395.000000 -2
396.000000 -2
397.000000 -2
398.000000 -2
399.000000 -2
400.000000 -2
401.000000 -2
402.000000 -2
403.000000 -2
404.000000 -2
405.000000 -2
406.000000 -2
407.000000 -2
408.000000 -2
409.000000 -2
410.000000 -2
411.000000 -2
412.000000 -2
413.000000 -2
414.000000 -2
415.000000 -2
416.000000 -2
417.000000 -2
418.000000 -2
419.000000 -2
420.000000 -2
421.000000 -2
422.000000 -2
423.000000 -2
424.000000 -2
425.000000 -2
426.000000 -2
427.000000 -2
428.000000 -2
429.000000 -2
430.000000 -2
431.000000 -2
432.000000 -2
433.000000 -2
434.000000 -2
435.000000 -2
436.000000 -2
437.000000 -2
438.000000 -2
439.000000 -2
440.000000 -2
441.000000 -2
442.000000 -2
443.000000 -2
444.000000 -2
445.000000 -2
446.000000 -2
447.000000 -2
448.000000 -2
449.000000 -2
450.000000 -2
451.000000 -2
452.000000 -2
453.000000 -2
454.000000 -2
455.000000 -2
456.000000 -2
457.000000 -2
458.000000 -2
459.000000 -2
460.000000 -2
461.000000 -2
462.000000 -2
463.000000 -2
464.000000 -2
465.000000 -2
466.000000 -2
467.000000 -2
468.000000 -2
469.000000 -2
470.000000 -2
471.000000 -2
472.000000 -2
473.000000 -2
474.000000 -2
475.000000 -2
476.000000 -2
477.000000 -2
478.000000 -2
479.000000 -2
480.000000 -2
481.000000 -2
482.000000 -2
483.000000 -2
484.000000 -2
485.000000 -2
486.000000 -2
487.000000 -2
488.000000 -2
489.000000 -2
490.000000 -2
491.000000 -2
492.000000 -2
493.000000 -2
494.000000 -2
495.000000 -2
496.000000 -2
497.000000 -2
498.000000 -2
499.000000 -2
500.000000 1.4082
501.000000 1.291
502.000000 1.4509
503.000000 1.501
504.000000 1.522
505.000000 1.5243
506.000000 1.5182
507.000000 1.5086
508.000000 1.4983
509.000000 1.4886
510.000000 1.4801
511.000000 1.4731
512.000000 1.4675
513.000000 1.4632
514.000000 1.4601
515.000000 1.4579
516.000000 1.4566
517.000000 1.4559
518.000000 1.4559
519.000000 1.4563
520.000000 1.457
521.000000 1.4581
522.000000 1.4593
523.000000 1.4608
524.000000 1.4623
525.000000 1.464
526.000000 1.4657
527.000000 1.4674
528.000000 1.4691
529.000000 1.4707
530.000000 1.4724
531.000000 1.474
532.000000 1.4755
533.000000 1.477
534.000000 1.4784
535.000000 1.4798
536.000000 1.4811
537.000000 1.4823
538.000000 1.4834
539.000000 1.4845
540.000000 1.4855
541.000000 1.4864
542.000000 1.4872
543.000000 1.488
544.000000 1.4888
545.000000 1.4895
546.000000 1.4901
547.000000 1.4907
548.000000 1.4912
549.000000 1.4917
550.000000 1.4922
551.000000 1.4926
552.000000 1.493
553.000000 1.4933
554.000000 1.4937
555.000000 1.494
556.000000 1.4943
557.000000 1.4945
558.000000 1.4948
559.000000 1.495
560.000000 1.4952
561.000000 1.4954
562.000000 1.4956
563.000000 1.4958
564.000000 1.496
565.000000 1.4961
566.000000 1.4963
567.000000 1.4964
568.000000 1.4966
569.000000 1.4967
570.000000 1.4968
571.000000 1.4969
572.000000 1.4971
573.000000 1.4972
574.000000 1.4973
575.000000 1.4974
576.000000 1.4975
577.000000 1.4976
578.000000 1.4977
579.000000 1.4978
580.000000 1.4978
581.000000 1.4979
582.000000 1.498
583.000000 1.4981
584.000000 1.4982
585.000000 1.4982
586.000000 1.4983
587.000000 1.4984
588.000000 1.4984
589.000000 1.4985
590.000000 1.4986
591.000000 1.4986
592.000000 1.4987
593.000000 1.4987
594.000000 1.4988
595.000000 1.4988
596.000000 1.4989
597.000000 1.4989
598.000000 1.499
599.000000 1.499
600.000000 1.499
601.000000 1.4991
602.000000 1.4991
603.000000 1.4992
604.000000 1.4992
605.000000 1.4992
606.000000 1.4993
607.000000 1.4993
608.000000 1.4993
609.000000 1.4993
610.000000 1.4994
611.000000 1.4994
612.000000 1.4994
613.000000 1.4994
614.000000 1.4995
615.000000 1.4995
616.000000 1.4995
617.000000 1.4995
618.000000 1.4995
619.000000 1.4996
620.000000 1.4996
621.000000 1.4996
622.000000 1.4996
623.000000 1.4996
624.000000 1.4996
625.000000 1.4997
626.000000 1.4997
627.000000 1.4997
628.000000 1.4997
629.000000 1.4997
630.000000 1.4997
631.000000 1.4997
632.000000 1.4997
633.000000 1.4997
634.000000 1.4998
635.000000 1.4998
636.000000 1.4998
637.000000 1.4998
638.000000 1.4998
639.000000 1.4998
640.000000 1.4998
641.000000 1.4998
642.000000 1.4998
643.000000 1.4998
644.000000 1.4998
645.000000 1.4998
646.000000 1.4998
647.000000 1.4998
648.000000 1.4999
649.000000 1.4999
650.000000 1.4999
651.000000 1.4999
652.000000 1.4999
653.000000 1.4999
654.000000 1.4999
655.000000 1.4999
656.000000 1.4999
657.000000 1.4999
658.000000 1.4999
659.000000 1.4999
660.000000 1.4999
661.000000 1.4999
662.000000 1.4999
663.000000 1.4999
664.000000 1.4999
665.000000 1.4999
666.000000 1.4999
667.000000 1.4999
668.000000 1.4999
669.000000 1.4999
670.000000 1.4999
671.000000 1.4999
672.000000 1.4999
673.000000 1.4999
674.000000 1.4999
675.000000 1.4999
676.000000 1.4999
677.000000 1.4999
678.000000 1.4999
679.000000 1.5
680.000000 1.5
681.000000 1.5
682.000000 1.5
683.000000 1.5
684.000000 1.5
685.000000 1.5
686.000000 1.5
687.000000 1.5
688.000000 1.5
689.000000 1.5
690.000000 1.5
691.000000 1.5
692.000000 1.5
693.000000 1.5
694.000000 1.5
695.000000 1.5
696.000000 1.5
697.000000 1.5
698.000000 1.5
699.000000 1.5
700.000000 1.5
701.000000 1.5
702.000000 1.5
703.000000 1.5
704.000000 1.5
705.000000 1.5
706.000000 1.5
707.000000 1.5
708.000000 1.5
709.000000 1.5
710.000000 1.5
711.000000 1.5
712.000000 1.5
713.000000 1.5
714.000000 1.5
715.000000 1.5
716.000000 1.5
717.000000 1.5
718.000000 1.5
719.000000 1.5
720.000000 1.5
721.000000 1.5
722.000000 1.5
723.000000 1.5
724.000000 1.5
725.000000 1.5
726.000000 1.5
727.000000 1.5
728.000000 1.5
729.000000 1.5
730.000000 1.5
731.000000 1.5
732.000000 1.5
733.000000 1.5
734.000000 1.5
735.000000 1.5
736.000000 1.5
737.000000 1.5
738.000000 1.5
739.000000 1.5
740.000000 1.5
741.000000 1.5
742.000000 1.5
743.000000 1.5
744.000000 1.5
745.000000 1.5
746.000000 1.5
747.000000 1.5
748.000000 1.5
749.000000 1.5
750.000000 1.5
751.000000 1.5
752.000000 1.5
753.000000 1.5
754.000000 1.5
755.000000 1.5
756.000000 1.5
757.000000 1.5
758.000000 1.5
759.000000 1.5
760.000000 1.5
761.000000 1.5
762.000000 1.5
763.000000 1.5
764.000000 1.5
765.000000 1.5
766.000000 1.5
767.000000 1.5
768.000000 1.5
769.000000 1.5
770.000000 1.5
771.000000 1.5
772.000000 1.5
773.000000 1.5
774.000000 1.5
775.000000 1.5
776.000000 1.5
777.000000 1.5
778.000000 1.5
779.000000 1.5
780.000000 1.5
781.000000 1.5
782.000000 1.5
783.000000 1.5
784.000000 1.5
785.000000 1.5
786.000000 1.5
787.000000 1.5
788.000000 1.5
789.000000 1.5
790.000000 1.5
791.000000 1.5
792.000000 1.5
793.000000 1.5
794.000000 1.5
795.000000 1.5
796.000000 1.5
797.000000 1.5
798.000000 1.5
799.000000 1.5
800.000000 0.039343
801.000000 0.089548
802.000000 0.021044
803.000000 -0.00043625
804.000000 -0.00942
805.000000 -0.010438
806.000000 -0.0078039
807.000000 -0.0036846
808.000000 0.00074567
809.000000 0.0049028
810.000000 0.0085273
811.000000 0.011535
812.000000 0.013934
813.000000 0.015772
814.000000 0.017117
815.000000 0.01804
816.000000 0.018606
817.000000 0.018877
818.000000 0.018906
819.000000 0.018738
820.000000 0.018413
821.000000 0.017964
822.000000 0.017421
823.000000 0.016805
824.000000 0.016139
825.000000 0.015438
826.000000 0.014716
827.000000 0.013985
828.000000 0.013255
829.000000 0.012534
830.000000 0.011827
831.000000 0.01114
832.000000 0.010477
833.000000 0.0098408
834.000000 0.009233
835.000000 0.0086553
836.000000 0.0081085
837.000000 0.0075928
838.000000 0.0071081
839.000000 0.0066541
840.000000 0.0062298
841.000000 0.0058343
842.000000 0.0054666
843.000000 0.0051252
844.000000 0.0048089
845.000000 0.0045162
846.000000 0.0042456
847.000000 0.0039958
848.000000 0.0037652
849.000000 0.0035525
850.000000 0.0033562
851.000000 0.0031751
852.000000 0.003008
853.000000 0.0028535
854.000000 0.0027106
855.000000 0.0025783
856.000000 0.0024556
857.000000 0.0023415
858.000000 0.0022353
859.000000 0.0021362
860.000000 0.0020435
861.000000 0.0019566
862.000000 0.0018749
863.000000 0.0017979
864.000000 0.0017252
865.000000 0.0016563
866.000000 0.0015909
867.000000 0.0015287
868.000000 0.0014694
869.000000 0.0014127
870.000000 0.0013585
871.000000 0.0013065
872.000000 0.0012565
873.000000 0.0012086
874.000000 0.0011624
875.000000 0.0011179
876.000000 0.0010751
877.000000 0.0010338
878.000000 0.00099394
879.000000 0.0009555
880.000000 0.00091841
881.000000 0.00088261
882.000000 0.00084807
883.000000 0.00081475
884.000000 0.0007826
885.000000 0.0007516
886.000000 0.00072172
887.000000 0.00069291
888.000000 0.00066517
889.000000 0.00063845
890.000000 0.00061273
891.000000 0.00058798
892.000000 0.00056418
893.000000 0.0005413
894.000000 0.0005193
895.000000 0.00049817
896.000000 0.00047788
897.000000 0.0004584
898.000000 0.00043971
899.000000 0.00042177
900.000000 0.00040457
901.000000 0.00038807
902.000000 0.00037226
903.000000 0.0003571
904.000000 0.00034257
905.000000 0.00032865
906.000000 0.00031532
907.000000 0.00030254
908.000000 0.0002903
909.000000 0.00027857
910.000000 0.00026734
911.000000 0.00025658
912.000000 0.00024627
913.000000 0.0002364
914.000000 0.00022694
915.000000 0.00021787
916.000000 0.00020919
917.000000 0.00020087
918.000000 0.00019289
919.000000 0.00018525
920.000000 0.00017792
921.000000 0.00017089
922.000000 0.00016415
923.000000 0.00015769
924.000000 0.0001515
925.000000 0.00014555
926.000000 0.00013985
927.000000 0.00013437
928.000000 0.00012912
929.000000 0.00012408
930.000000 0.00011924
931.000000 0.0001146
932.000000 0.00011014
933.000000 0.00010585
934.000000 0.00010174
935.000000 9.779e-05
936.000000 9.3995e-05
937.000000 9.035e-05
938.000000 8.6849e-05
939.000000 8.3485e-05
940.000000 8.0252e-05
941.000000 7.7146e-05
942.000000 7.4162e-05
943.000000 7.1294e-05
944.000000 6.8537e-05
945.000000 6.5888e-05
946.000000 6.3342e-05
947.000000 6.0895e-05
948.000000 5.8544e-05
949.000000 5.6283e-05
950.000000 5.411e-05
951.000000 5.2022e-05
952.000000 5.0014e-05
953.000000 4.8084e-05
954.000000 4.623e-05
955.000000 4.4447e-05
956.000000 4.2733e-05
957.000000 4.1085e-05
958.000000 3.9501e-05
959.000000 3.7979e-05
960.000000 3.6515e-05
961.000000 3.5108e-05
962.000000 3.3756e-05
963.000000 3.2456e-05
964.000000 3.1206e-05
965.000000 3.0005e-05
966.000000 2.885e-05
967.000000 2.774e-05
968.000000 2.6672e-05
969.000000 2.5646e-05
970.000000 2.466e-05
971.000000 2.3712e-05
972.000000 2.28e-05
973.000000 2.1924e-05
974.000000 2.1082e-05
975.000000 2.0272e-05
976.000000 1.9493e-05
977.000000 1.8745e-05
978.000000 1.8025e-05
979.000000 1.7333e-05
980.000000 1.6668e-05
981.000000 1.6029e-05
982.000000 1.5414e-05
983.000000 1.4823e-05
984.000000 1.4254e-05
985.000000 1.3708e-05
986.000000 1.3183e-05
987.000000 1.2678e-05
988.000000 1.2192e-05
989.000000 1.1725e-05
990.000000 1.1276e-05
991.000000 1.0844e-05
992.000000 1.0429e-05
993.000000 1.003e-05
994.000000 9.6465e-06
995.000000 9.2775e-06
996.000000 8.9227e-06
997.000000 8.5815e-06
998.000000 8.2534e-06
999.000000 7.9379e-06
1000.000000 7.6346e-06
1001.000000 7.3428e-06
1002.000000 7.0623e-06
1003.000000 6.7926e-06
1004.000000 6.5332e-06
1005.000000 6.2837e-06
1006.000000 6.0438e-06
1007.000000 5.8131e-06
1008.000000 5.5913e-06
1009.000000 5.378e-06
1010.000000 5.1728e-06
1011.000000 4.9755e-06
1012.000000 4.7858e-06
1013.000000 4.6034e-06
1014.000000 4.4279e-06
1015.000000 4.2592e-06
1016.000000 4.0969e-06
1017.000000 3.9408e-06
1018.000000 3.7907e-06
1019.000000 3.6464e-06
1020.000000 3.5076e-06
1021.000000 3.3741e-06
1022.000000 3.2457e-06
1023.000000 3.1223e-06
1024.000000 3.0035e-06
1025.000000 2.8893e-06
1026.000000 2.7795e-06
1027.000000 2.6739e-06
1028.000000 2.5723e-06
1029.000000 2.4746e-06
1030.000000 2.3806e-06
1031.000000 2.2903e-06
1032.000000 2.2034e-06
1033.000000 2.1198e-06
1034.000000 2.0394e-06
1035.000000 1.9621e-06
1036.000000 1.8878e-06
1037.000000 1.8163e-06
1038.000000 1.7475e-06
1039.000000 1.6814e-06
1040.000000 1.6177e-06
1041.000000 1.5566e-06
1042.000000 1.4977e-06
1043.000000 1.4411e-06
1044.000000 1.3867e-06
1045.000000 1.3344e-06
1046.000000 1.284e-06
1047.000000 1.2356e-06
1048.000000 1.189e-06
1049.000000 1.1442e-06
1050.000000 1.1012e-06
1051.000000 1.0597e-06
1052.000000 1.0199e-06
1053.000000 9.8157e-07
1054.000000 9.4471e-07
1055.000000 9.0926e-07
1056.000000 8.7517e-07
1057.000000 8.4237e-07
1058.000000 8.1083e-07
1059.000000 7.805e-07
1060.000000 7.5132e-07
1061.000000 7.2326e-07
1062.000000 6.9627e-07
1063.000000 6.7031e-07
1064.000000 6.4534e-07
1065.000000 6.2133e-07
1066.000000 5.9823e-07
1067.000000 5.7602e-07
1068.000000 5.5465e-07
1069.000000 5.341e-07
1070.000000 5.1434e-07
1071.000000 4.9533e-07
1072.000000 4.7704e-07
1073.000000 4.5946e-07
1074.000000 4.4254e-07
1075.000000 4.2627e-07
1076.000000 4.1063e-07
1077.000000 3.9558e-07
1078.000000 3.811e-07
1079.000000 3.6718e-07
1080.000000 3.5379e-07
1081.000000 3.4091e-07
1082.000000 3.2852e-07
1083.000000 3.1661e-07
1084.000000 3.0514e-07
1085.000000 2.9412e-07
1086.000000 2.8352e-07
1087.000000 2.7332e-07
1088.000000 2.6351e-07
1089.000000 2.5408e-07
1090.000000 2.4501e-07
1091.000000 2.3628e-07
1092.000000 2.2789e-07
1093.000000 2.1981e-07
1094.000000 2.1205e-07
1095.000000 2.0458e-07
1096.000000 1.9739e-07
1097.000000 1.9048e-07
1098.000000 1.8384e-07
1099.000000 1.7744e-07
