0.000000 0
1.000000 0
2.000000 0
3.000000 0
4.000000 0
5.000000 0
6.000000 0
7.000000 0
8.000000 0
9.000000 0
10.000000 2.0786
11.000000 1.73
12.000000 1.7575
13.000000 1.7834
14.000000 1.8259
15.000000 1.8694
16.000000 1.9091
17.000000 1.9429
18.000000 1.9703
19.000000 1.9918
20.000000 2.0079
21.000000 2.0196
22.000000 2.0276
23.000000 2.0327
24.000000 2.0355
25.000000 2.0366
26.000000 2.0363
27.000000 2.0351
28.000000 2.0331
29.000000 2.0307
30.000000 2.0281
31.000000 2.0253
32.000000 2.0224
33.000000 2.0196
34.000000 2.0169
35.000000 2.0144
36.000000 2.012
37.000000 2.0098
38.000000 2.0078
39.000000 2.0061
40.000000 2.0045
41.000000 2.0031
42.000000 2.0019
43.000000 2.0009
44.000000 2
45.000000 1.9993
46.000000 1.9987
47.000000 1.9982
48.000000 1.9979
49.000000 1.9976
50.000000 1.9975
51.000000 1.9974
52.000000 1.9973
53.000000 1.9973
54.000000 1.9974
55.000000 1.9975
56.000000 1.9976
57.000000 1.9977
58.000000 1.9979
59.000000 1.998
60.000000 1.9982
61.000000 1.9983
62.000000 1.9985
63.000000 1.9987
64.000000 1.9988
65.000000 1.999
66.000000 1.9991
67.000000 1.9992
68.000000 1.9993
69.000000 1.9995
70.000000 1.9996
71.000000 1.9996
72.000000 1.9997
73.000000 1.9998
74.000000 1.9999
75.000000 1.9999
76.000000 2
77.000000 2
78.000000 2
79.000000 2.0001
80.000000 2.0001
81.000000 2.0001
82.000000 2.0001
83.000000 2.0001
84.000000 2.0001
85.000000 2.0001
86.000000 2.0001
87.000000 2.0001
88.000000 2.0001
89.000000 2.0001
90.000000 2.0001
91.000000 2.0001
92.000000 2.0001
93.000000 2.0001
94.000000 2.0001
95.000000 2.0001
96.000000 2.0001
97.000000 2.0001
98.000000 2.0001
99.000000 2.0001
100.000000 2.0001
101.000000 2
102.000000 2
103.000000 2
104.000000 2
105.000000 2
106.000000 2
107.000000 2
108.000000 2
109.000000 2
110.000000 2
111.000000 2
112.000000 2
113.000000 2
114.000000 2
115.000000 2
116.000000 2
117.000000 2
118.000000 2
119.000000 2
120.000000 2
121.000000 2
122.000000 2
123.000000 2
124.000000 2
125.000000 2
126.000000 2
127.000000 2
128.000000 2
129.000000 2
130.000000 2
131.000000 2
132.000000 2
133.000000 2
134.000000 2
135.000000 2
136.000000 2
137.000000 2
138.000000 2
139.000000 2
140.000000 2
141.000000 2
142.000000 2
143.000000 2
144.000000 2
145.000000 2
146.000000 2
147.000000 2
148.000000 2
149.000000 2
150.000000 2
151.000000 2
152.000000 2
153.000000 2
154.000000 2
155.000000 2
156.000000 2
157.000000 2
158.000000 2
159.000000 2
160.000000 2
161.000000 2
162.000000 2
163.000000 2
164.000000 2
165.000000 2
166.000000 2
167.000000 2
168.000000 2
169.000000 2
170.000000 2
171.000000 2
172.000000 2
173.000000 2
174.000000 2
175.000000 2
176.000000 2
177.000000 2
178.000000 2
179.000000 2
180.000000 2
181.000000 2
182.000000 2
183.000000 2
184.000000 2
185.000000 2
186.000000 2
187.000000 2
188.000000 2
189.000000 2
190.000000 2
191.000000 2
192.000000 2
193.000000 2
194.000000 2
195.000000 2
196.000000 2
197.000000 2
198.000000 2
199.000000 2
200.000000 -2.1572
201.000000 -1.46
202.000000 -1.5151
203.000000 -1.5667
204.000000 -1.6518
205.000000 -1.7388
206.000000 -1.8183
207.000000 -1.8858
208.000000 -1.9407
209.000000 -1.9835
210.000000 -2.0158
211.000000 -2.0391
212.000000 -2.0552
213.000000 -2.0654
214.000000 -2.071
215.000000 -2.0731
216.000000 -2.0726
217.000000 -2.0701
218.000000 -2.0662
219.000000 -2.0615
220.000000 -2.0561
221.000000 -2.0505
222.000000 -2.0448
223.000000 -2.0392
224.000000 -2.0338
225.000000 -2.0287
226.000000 -2.024
227.000000 -2.0196
228.000000 -2.0157
229.000000 -2.0121
230.000000 -2.0089
231.000000 -2.0062
232.000000 -2.0038
233.000000 -2.0017
234.000000 -2
235.000000 -1.9986
236.000000 -1.9974
237.000000 -1.9965
238.000000 -1.9958
239.000000 -1.9953
240.000000 -1.9949
241.000000 -1.9947
242.000000 -1.9946
243.000000 -1.9946
244.000000 -1.9947
245.000000 -1.9949
246.000000 -1.9951
247.000000 -1.9954
248.000000 -1.9957
249.000000 -1.996
250.000000 -1.9963
251.000000 -1.9967
252.000000 -1.997
253.000000 -1.9973
254.000000 -1.9976
255.000000 -1.9979
256.000000 -1.9982
257.000000 -1.9984
258.000000 -1.9987
259.000000 -1.9989
260.000000 -1.9991
261.000000 -1.9993
262.000000 -1.9994
263.000000 -1.9996
264.000000 -1.9997
265.000000 -1.9998
266.000000 -1.9999
267.000000 -2
268.000000 -2.0001
269.000000 -2.0001
270.000000 -2.0002
271.000000 -2.0002
272.000000 -2.0002
273.000000 -2.0002
274.000000 -2.0003
275.000000 -2.0003
276.000000 -2.0003
277.000000 -2.0003
278.000000 -2.0002
279.000000 -2.0002
280.000000 -2.0002
281.000000 -2.0002
282.000000 -2.0002
283.000000 -2.0002
284.000000 -2.0002
285.000000 -2.0002
286.000000 -2.0001
287.000000 -2.0001
288.000000 -2.0001
289.000000 -2.0001
290.000000 -2.0001
291.000000 -2.0001
292.000000 -2.0001
293.000000 -2.0001
294.000000 -2.0001
295.000000 -2
296.000000 -2
297.000000 -2
298.000000 -2
299.000000 -2
300.000000 -2
301.000000 -2
302.000000 -2
303.000000 -2
304.000000 -2
305.000000 -2
306.000000 -2
307.000000 -2
308.000000 -2
309.000000 -2
310.000000 -2
311.000000 -2
312.000000 -2
313.000000 -2
314.000000 -2
315.000000 -2
316.000000 -2
317.000000 -2
318.000000 -2
319.000000 -2
320.000000 -2
321.000000 -2
322.000000 -2
323.000000 -2
324.000000 -2
325.000000 -2
326.000000 -2
327.000000 -2
328.000000 -2
329.000000 -2
330.000000 -2
331.000000 -2
332.000000 -2
333.000000 -2
334.000000 -2
335.000000 -2
336.000000 -2
337.000000 -2
338.000000 -2
339.000000 -2
340.000000 -2
341.000000 -2
342.000000 -2
343.000000 -2
344.000000 -2
345.000000 -2
346.000000 -2
347.000000 -2
348.000000 -2
349.000000 -2
350.000000 -2
351.000000 -2
352.000000 -2
353.000000 -2
354.000000 -2
355.000000 -2
356.000000 -2
357.000000 -2
358.000000 -2
359.000000 -2
360.000000 -2
361.000000 -2
362.000000 -2
363.000000 -2
364.000000 -2
365.000000 -2
366.000000 -2
367.000000 -2
368.000000 -2
369.000000 -2
370.000000 -2
371.000000 -2
372.000000 -2
373.000000 -2
374.000000 -2
375.000000 -2
376.000000 -2
377.000000 -2
378.000000 -2
379.000000 -2
380.000000 -2
381.000000 -2
382.000000 -2
383.000000 -2
384.000000 -2
385.000000 -2
386.000000 -2
387.000000 -2
388.000000 -2
389.000000 -2
390.000000 -2
391.000000 -2
392.000000 -2
393.000000 -2
394.000000 -2
395.000000 -2
396.000000 -2
397.000000 -2
398.000000 -2
399.000000 -2
400.000000 -2
401.000000 -2
402.000000 -2
403.000000 -2
404.000000 -2
405.000000 -2
406.000000 -2
407.000000 -2
408.000000 -2
409.000000 -2
410.000000 -2
411.000000 -2
412.000000 -2
413.000000 -2
414.000000 -2
415.000000 -2
416.000000 -2
417.000000 -2
418.000000 -2
419.000000 -2
420.000000 -2
421.000000 -2
422.000000 -2
423.000000 -2
424.000000 -2
425.000000 -2
426.000000 -2
427.000000 -2
428.000000 -2
429.000000 -2
430.000000 -2
431.000000 -2
432.000000 -2
433.000000 -2
434.000000 -2
435.000000 -2
436.000000 -2
437.000000 -2
438.000000 -2
439.000000 -2
440.000000 -2
441.000000 -2
442.000000 -2
443.000000 -2
444.000000 -2
445.000000 -2
446.000000 -2
447.000000 -2
448.000000 -2
449.000000 -2
450.000000 -2
451.000000 -2
452.000000 -2
453.000000 -2
454.000000 -2
455.000000 -2
456.000000 -2
457.000000 -2
458.000000 -2
459.000000 -2
460.000000 -2
461.000000 -2
462.000000 -2
463.000000 -2
464.000000 -2
465.000000 -2
466.000000 -2
467.000000 -2
468.000000 -2
469.000000 -2
470.000000 -2
471.000000 -2
472.000000 -2
473.000000 -2
474.000000 -2
475.000000 -2
476.000000 -2
477.000000 -2
478.000000 -2
479.000000 -2
480.000000 -2
481.000000 -2
482.000000 -2
483.000000 -2
484.000000 -2
485.000000 -2
486.000000 -2
487.000000 -2
488.000000 -2
489.000000 -2
490.000000 -2
491.000000 -2
492.000000 -2
493.000000 -2
494.000000 -2
495.000000 -2
496.000000 -2
497.000000 -2
498.000000 -2
499.000000 -2
500.000000 1.6375
501.000000 1.0275
502.000000 1.0757
503.000000 1.1209
504.000000 1.1953
505.000000 1.2714
506.000000 1.341
507.000000 1.4001
508.000000 1.4481
509.000000 1.4856
510.000000 1.5138
511.000000 1.5342
512.000000 1.5483
513.000000 1.5572
514.000000 1.5621
515.000000 1.564
516.000000 1.5635
517.000000 1.5613
518.000000 1.558
519.000000 1.5538
520.000000 1.5491
521.000000 1.5442
522.000000 1.5392
523.000000 1.5343
524.000000 1.5296
525.000000 1.5251
526.000000 1.521
527.000000 1.5172
528.000000 1.5137
529.000000 1.5106
530.000000 1.5078
531.000000 1.5054
532.000000 1.5033
533.000000 1.5015
534.000000 1.5
535.000000 1.4987
536.000000 1.4977
537.000000 1.4969
538.000000 1.4963
539.000000 1.4958
540.000000 1.4955
541.000000 1.4954
542.000000 1.4953
543.000000 1.4953
544.000000 1.4954
545.000000 1.4955
546.000000 1.4957
547.000000 1.496
548.000000 1.4962
549.000000 1.4965
550.000000 1.4968
551.000000 1.4971
552.000000 1.4974
553.000000 1.4976
554.000000 1.4979
555.000000 1.4982
556.000000 1.4984
557.000000 1.4986
558.000000 1.4988
559.000000 1.499
560.000000 1.4992
561.000000 1.4994
562.000000 1.4995
563.000000 1.4996
564.000000 1.4998
565.000000 1.4998
566.000000 1.4999
567.000000 1.5
568.000000 1.5001
569.000000 1.5001
570.000000 1.5001
571.000000 1.5002
572.000000 1.5002
573.000000 1.5002
574.000000 1.5002
575.000000 1.5002
576.000000 1.5002
577.000000 1.5002
578.000000 1.5002
579.000000 1.5002
580.000000 1.5002
581.000000 1.5002
582.000000 1.5002
583.000000 1.5002
584.000000 1.5002
585.000000 1.5001
586.000000 1.5001
587.000000 1.5001
588.000000 1.5001
589.000000 1.5001
590.000000 1.5001
591.000000 1.5001
592.000000 1.5001
593.000000 1.5001
594.000000 1.5
595.000000 1.5
596.000000 1.5
597.000000 1.5
598.000000 1.5
599.000000 1.5
600.000000 1.5
601.000000 1.5
602.000000 1.5
603.000000 1.5
604.000000 1.5
605.000000 1.5
606.000000 1.5
607.000000 1.5
608.000000 1.5
609.000000 1.5
610.000000 1.5
611.000000 1.5
612.000000 1.5
613.000000 1.5
614.000000 1.5
615.000000 1.5
616.000000 1.5
617.000000 1.5
618.000000 1.5
619.000000 1.5
620.000000 1.5
621.000000 1.5
622.000000 1.5
623.000000 1.5
624.000000 1.5
625.000000 1.5
626.000000 1.5
627.000000 1.5
628.000000 1.5
629.000000 1.5
630.000000 1.5
631.000000 1.5
632.000000 1.5
633.000000 1.5
634.000000 1.5
635.000000 1.5
636.000000 1.5
637.000000 1.5
638.000000 1.5
639.000000 1.5
640.000000 1.5
641.000000 1.5
642.000000 1.5
643.000000 1.5
644.000000 1.5
645.000000 1.5
646.000000 1.5
647.000000 1.5
648.000000 1.5
649.000000 1.5
650.000000 1.5
651.000000 1.5
652.000000 1.5
653.000000 1.5
654.000000 1.5
655.000000 1.5
656.000000 1.5
657.000000 1.5
658.000000 1.5
659.000000 1.5
660.000000 1.5
661.000000 1.5
662.000000 1.5
663.000000 1.5
664.000000 1.5
665.000000 1.5
666.000000 1.5
667.000000 1.5
668.000000 1.5
669.000000 1.5
670.000000 1.5
671.000000 1.5
672.000000 1.5
673.000000 1.5
674.000000 1.5
675.000000 1.5
676.000000 1.5
677.000000 1.5
678.000000 1.5
679.000000 1.5
680.000000 1.5
681.000000 1.5
682.000000 1.5
683.000000 1.5
684.000000 1.5
685.000000 1.5
686.000000 1.5
687.000000 1.5
688.000000 1.5
689.000000 1.5
690.000000 1.5
691.000000 1.5
692.000000 1.5
693.000000 1.5
694.000000 1.5
695.000000 1.5
696.000000 1.5
697.000000 1.5
698.000000 1.5
699.000000 1.5
700.000000 1.5
701.000000 1.5
702.000000 1.5
703.000000 1.5
704.000000 1.5
705.000000 1.5
706.000000 1.5
707.000000 1.5
708.000000 1.5
709.000000 1.5
710.000000 1.5
711.000000 1.5
712.000000 1.5
713.000000 1.5
714.000000 1.5
715.000000 1.5
716.000000 1.5
717.000000 1.5
718.000000 1.5
719.000000 1.5
720.000000 1.5
721.000000 1.5
722.000000 1.5
723.000000 1.5
724.000000 1.5
725.000000 1.5
726.000000 1.5
727.000000 1.5
728.000000 1.5
729.000000 1.5
730.000000 1.5
731.000000 1.5
732.000000 1.5
733.000000 1.5
734.000000 1.5
735.000000 1.5
736.000000 1.5
737.000000 1.5
738.000000 1.5
739.000000 1.5
740.000000 1.5
741.000000 1.5
742.000000 1.5
743.000000 1.5
744.000000 1.5
745.000000 1.5
746.000000 1.5
747.000000 1.5
748.000000 1.5
749.000000 1.5
750.000000 1.5
751.000000 1.5
752.000000 1.5
753.000000 1.5
754.000000 1.5
755.000000 1.5
756.000000 1.5
757.000000 1.5
758.000000 1.5
759.000000 1.5
760.000000 1.5
761.000000 1.5
762.000000 1.5
763.000000 1.5
764.000000 1.5
765.000000 1.5
766.000000 1.5
767.000000 1.5
768.000000 1.5
769.000000 1.5
770.000000 1.5
771.000000 1.5
772.000000 1.5
773.000000 1.5
774.000000 1.5
775.000000 1.5
776.000000 1.5
777.000000 1.5
778.000000 1.5
779.000000 1.5
780.000000 1.5
781.000000 1.5
782.000000 1.5
783.000000 1.5
784.000000 1.5
785.000000 1.5
786.000000 1.5
787.000000 1.5
788.000000 1.5
789.000000 1.5
790.000000 1.5
791.000000 1.5
792.000000 1.5
793.000000 1.5
794.000000 1.5
795.000000 1.5
796.000000 1.5
797.000000 1.5
798.000000 1.5
799.000000 1.5
800.000000 -0.05893
801.000000 0.2025
802.000000 0.18185
803.000000 0.16248
804.000000 0.13058
805.000000 0.097957
806.000000 0.068157
807.000000 0.04281
808.000000 0.022245
809.000000 0.0061852
810.000000 -0.0059127
811.000000 -0.014669
812.000000 -0.020689
813.000000 -0.024519
814.000000 -0.02663
815.000000 -0.027421
816.000000 -0.027217
817.000000 -0.026285
818.000000 -0.024839
819.000000 -0.023049
820.000000 -0.021049
821.000000 -0.018942
822.000000 -0.016809
823.000000 -0.014709
824.000000 -0.012687
825.000000 -0.010774
826.000000 -0.0089922
827.000000 -0.0073538
828.000000 -0.005866
829.000000 -0.0045308
830.000000 -0.0033462
831.000000 -0.0023075
832.000000 -0.0014078
833.000000 -0.00063857
834.000000 9.3979e-06
835.000000 0.00054608
836.000000 0.00098166
837.000000 0.0013263
838.000000 0.0015901
839.000000 0.0017825
840.000000 0.0019128
841.000000 0.0019895
842.000000 0.0020207
843.000000 0.0020137
844.000000 0.0019752
845.000000 0.0019113
846.000000 0.0018274
847.000000 0.0017283
848.000000 0.0016183
849.000000 0.001501
850.000000 0.0013796
851.000000 0.0012567
852.000000 0.0011346
853.000000 0.0010151
854.000000 0.00089974
855.000000 0.00078959
856.000000 0.00068555
857.000000 0.00058825
858.000000 0.00049809
859.000000 0.0004153
860.000000 0.00033993
861.000000 0.00027193
862.000000 0.00021112
863.000000 0.00015724
864.000000 0.00010998
865.000000 6.8949e-05
866.000000 3.3745e-05
867.000000 3.9337e-06
868.000000 -2.0928e-05
869.000000 -4.1289e-05
870.000000 -5.759e-05
871.000000 -7.0264e-05
872.000000 -7.9725e-05
873.000000 -8.637e-05
874.000000 -9.057e-05
875.000000 -9.2674e-05
876.000000 -9.3003e-05
877.000000 -9.1852e-05
878.000000 -8.949e-05
879.000000 -8.6159e-05
880.000000 -8.2074e-05
881.000000 -7.7427e-05
882.000000 -7.2384e-05
883.000000 -6.7092e-05
884.000000 -6.1674e-05
885.000000 -5.6237e-05
886.000000 -5.0867e-05
887.000000 -4.5638e-05
888.000000 -4.0605e-05
889.000000 -3.5815e-05
890.000000 -3.13e-05
891.000000 -2.7083e-05
892.000000 -2.3179e-05
893.000000 -1.9597e-05
894.000000 -1.6336e-05
895.000000 -1.3392e-05
896.000000 -1.0758e-05
897.000000 -8.4213e-06
898.000000 -6.3676e-06
899.000000 -4.5806e-06
900.000000 -3.0425e-06
901.000000 -1.7347e-06
902.000000 -6.3818e-07
903.000000 2.6618e-07
904.000000 9.9724e-07
905.000000 1.5734e-06
906.000000 2.0122e-06
907.000000 2.3305e-06
908.000000 2.5441e-06
909.000000 2.6677e-06
910.000000 2.7151e-06
911.000000 2.6987e-06
912.000000 2.6299e-06
913.000000 2.519e-06
914.000000 2.3751e-06
915.000000 2.2063e-06
916.000000 2.0199e-06
917.000000 1.8219e-06
918.000000 1.6177e-06
919.000000 1.4119e-06
920.000000 1.2081e-06
921.000000 1.0094e-06
922.000000 8.1835e-07
923.000000 6.3688e-07
924.000000 4.6642e-07
925.000000 3.08e-07
926.000000 1.623e-07
927.000000 2.9662e-08
928.000000 -8.9836e-08
929.000000 -1.9633e-07
930.000000 -2.9014e-07
931.000000 -3.7174e-07
932.000000 -4.4171e-07
933.000000 -5.0073e-07
934.000000 -5.4952e-07
935.000000 -5.8885e-07
936.000000 -6.1951e-07
937.000000 -6.423e-07
938.000000 -6.5801e-07
939.000000 -6.674e-07
940.000000 -6.7122e-07
941.000000 -6.7016e-07
942.000000 -6.6489e-07
943.000000 -6.5604e-07
944.000000 -6.4418e-07
945.000000 -6.2984e-07
946.000000 -6.135e-07
947.000000 -5.9559e-07
948.000000 -5.7651e-07
949.000000 -5.5661e-07
950.000000 -5.3617e-07
951.000000 -5.1547e-07
952.000000 -4.9474e-07
953.000000 -4.7417e-07
954.000000 -4.5391e-07
955.000000 -4.3411e-07
956.000000 -4.1486e-07
957.000000 -3.9625e-07
958.000000 -3.7834e-07
959.000000 -3.6119e-07
960.000000 -3.448e-07
961.000000 -3.2921e-07
962.000000 -3.1441e-07
963.000000 -3.004e-07
964.000000 -2.8716e-07
965.000000 -2.7467e-07
966.000000 -2.6291e-07
967.000000 -2.5184e-07
968.000000 -2.4143e-07
969.000000 -2.3164e-07
970.000000 -2.2245e-07
971.000000 -2.1381e-07
972.000000 -2.0569e-07
973.000000 -1.9804e-07
974.000000 -1.9085e-07
975.000000 -1.8406e-07
976.000000 -1.7766e-07
977.000000 -1.716e-07
978.000000 -1.6587e-07
979.000000 -1.6043e-07
980.000000 -1.5526e-07
981.000000 -1.5033e-07
982.000000 -1.4564e-07
983.000000 -1.4115e-07
984.000000 -1.3685e-07
985.000000 -1.3273e-07
986.000000 -1.2877e-07
987.000000 -1.2496e-07
988.000000 -1.2128e-07
989.000000 -1.1774e-07
990.000000 -1.1431e-07
991.000000 -1.11e-07
992.000000 -1.0779e-07
993.000000 -1.0468e-07
994.000000 -1.0166e-07
995.000000 -9.8733e-08
996.000000 -9.5892e-08
997.000000 -9.3134e-08
998.000000 -9.0456e-08
999.000000 -8.7856e-08
1000.000000 -8.533e-08
1001.000000 -8.2877e-08
1002.000000 -8.0495e-08
1003.000000 -7.8183e-08
1004.000000 -7.5939e-08
1005.000000 -7.3761e-08
1006.000000 -7.1649e-08
1007.000000 -6.96e-08
1008.000000 -6.7614e-08
1009.000000 -6.569e-08
1010.000000 -6.3826e-08
1011.000000 -6.2021e-08
1012.000000 -6.0274e-08
1013.000000 -5.8584e-08
1014.000000 -5.6948e-08
1015.000000 -5.5367e-08
1016.000000 -5.3839e-08
1017.000000 -5.2363e-08
1018.000000 -5.0937e-08
1019.000000 -4.9559e-08
1020.000000 -4.823e-08
1021.000000 -4.6947e-08
1022.000000 -4.5709e-08
1023.000000 -4.4514e-08
1024.000000 -4.3363e-08
1025.000000 -4.2252e-08
1026.000000 -4.1181e-08
1027.000000 -4.0149e-08
1028.000000 -3.9154e-08
1029.000000 -3.8196e-08
1030.000000 -3.7272e-08
1031.000000 -3.6382e-08
1032.000000 -3.5525e-08
1033.000000 -3.4699e-08
1034.000000 -3.3903e-08
1035.000000 -3.3137e-08
1036.000000 -3.2399e-08
1037.000000 -3.1688e-08
1038.000000 -3.1003e-08
1039.000000 -3.0344e-08
1040.000000 -2.9709e-08
1041.000000 -2.9097e-08
1042.000000 -2.8508e-08
1043.000000 -2.7941e-08
1044.000000 -2.7395e-08
1045.000000 -2.6868e-08
1046.000000 -2.6361e-08
1047.000000 -2.5873e-08
1048.000000 -2.5403e-08
1049.000000 -2.495e-08
1050.000000 -2.4514e-08
1051.000000 -2.4094e-08
1052.000000 -2.3689e-08
1053.000000 -2.3299e-08
1054.000000 -2.2923e-08
1055.000000 -2.2562e-08
1056.000000 -2.2213e-08
1057.000000 -2.1877e-08
1058.000000 -2.1554e-08
1059.000000 -2.1242e-08
1060.000000 -2.0942e-08
1061.000000 -2.0653e-08
1062.000000 -2.0375e-08
1063.000000 -2.0107e-08
1064.000000 -1.9848e-08
1065.000000 -1.9599e-08
1066.000000 -1.936e-08
1067.000000 -1.9129e-08
1068.000000 -1.8906e-08
1069.000000 -1.8692e-08
1070.000000 -1.8486e-08
1071.000000 -1.8287e-08
1072.000000 -1.8096e-08
1073.000000 -1.7911e-08
1074.000000 -1.7734e-08
1075.000000 -1.7563e-08
1076.000000 -1.7398e-08
1077.000000 -1.7239e-08
1078.000000 -1.7086e-08
1079.000000 -1.6939e-08
1080.000000 -1.6798e-08
1081.000000 -1.6661e-08
1082.000000 -1.653e-08
1083.000000 -1.6403e-08
1084.000000 -1.6281e-08
1085.000000 -1.6164e-08
1086.000000 -1.6051e-08
1087.000000 -1.5942e-08
1088.000000 -1.5837e-08
1089.000000 -1.5736e-08
1090.000000 -1.5639e-08
1091.000000 -1.5546e-08
1092.000000 -1.5456e-08
1093.000000 -1.5369e-08
1094.000000 -1.5285e-08
1095.000000 -1.5205e-08
1096.000000 -1.5128e-08
1097.000000 -1.5053e-08
1098.000000 -1.4981e-08
1099.000000 -1.4912e-08
