0.000000 0
1.000000 0
2.000000 0
3.000000 0
4.000000 0
5.000000 0
6.000000 0
7.000000 0
8.000000 0
9.000000 0
10.000000 1.9598
11.000000 1.8494
12.000000 1.9458
13.000000 1.9899
14.000000 2.0187
15.000000 2.0333
16.000000 2.0377
17.000000 2.0345
18.000000 2.026
19.000000 2.014
20.000000 1.9997
21.000000 1.9841
22.000000 1.9681
23.000000 1.9523
24.000000 1.937
25.000000 1.9225
26.000000 1.9091
27.000000 1.8969
28.000000 1.886
29.000000 1.8763
30.000000 1.8679
31.000000 1.8608
32.000000 1.8547
33.000000 1.8498
34.000000 1.8459
35.000000 1.8429
36.000000 1.8407
37.000000 1.8393
38.000000 1.8384
39.000000 1.8382
40.000000 1.8384
41.000000 1.8389
42.000000 1.8399
43.000000 1.841
44.000000 1.8424
45.000000 1.8439
46.000000 1.8456
47.000000 1.8473
48.000000 1.849
49.000000 1.8507
50.000000 1.8524
51.000000 1.8541
52.000000 1.8557
53.000000 1.8572
54.000000 1.8587
55.000000 1.86
56.000000 1.8613
57.000000 1.8624
58.000000 1.8635
59.000000 1.8645
60.000000 1.8654
61.000000 1.8661
62.000000 1.8668
63.000000 1.8675
64.000000 1.868
65.000000 1.8685
66.000000 1.8689
67.000000 1.8692
68.000000 1.8695
69.000000 1.8698
70.000000 1.87
71.000000 1.8701
72.000000 1.8703
73.000000 1.8703
74.000000 1.8704
75.000000 1.8705
76.000000 1.8705
77.000000 1.8705
78.000000 1.8705
79.000000 1.8705
80.000000 1.8705
81.000000 1.8704
82.000000 1.8704
83.000000 1.8704
84.000000 1.8703
85.000000 1.8703
86.000000 1.8703
87.000000 1.8702
88.000000 1.8702
89.000000 1.8702
90.000000 1.8701
91.000000 1.8701
92.000000 1.8701
93.000000 1.8701
94.000000 1.87
95.000000 1.87
96.000000 1.87
97.000000 1.87
98.000000 1.87
99.000000 1.87
100.000000 1.87
101.000000 1.87
102.000000 1.87
103.000000 1.87
104.000000 1.87
105.000000 1.87
106.000000 1.87
107.000000 1.87
108.000000 1.87
109.000000 1.87
110.000000 1.87
111.000000 1.87
112.000000 1.87
113.000000 1.87
114.000000 1.87
115.000000 1.87
116.000000 1.87
117.000000 1.87
118.000000 1.87
119.000000 1.87
120.000000 1.8701
121.000000 1.8701
122.000000 1.8701
123.000000 1.8701
124.000000 1.8701
125.000000 1.8701
126.000000 1.8701
127.000000 1.8701
128.000000 1.8701
129.000000 1.8701
130.000000 1.8701
131.000000 1.8701
132.000000 1.8701
133.000000 1.8701
134.000000 1.8701
135.000000 1.8701
136.000000 1.8701
137.000000 1.8701
138.000000 1.8701
139.000000 1.8701
140.000000 1.8701
141.000000 1.8701
142.000000 1.8701
143.000000 1.8701
144.000000 1.8701
145.000000 1.8701
146.000000 1.8701
147.000000 1.8701
148.000000 1.8701
149.000000 1.8701
150.000000 1.8701
151.000000 1.8701
152.000000 1.8701
153.000000 1.8702
154.000000 1.8702
155.000000 1.8702
156.000000 1.8702
157.000000 1.8702
158.000000 1.8702
159.000000 1.8702
160.000000 1.8702
161.000000 1.8702
162.000000 1.8702
163.000000 1.8702
164.000000 1.8702
165.000000 1.8702
166.000000 1.8702
167.000000 1.8702
168.000000 1.8702
169.000000 1.8702
170.000000 1.8702
171.000000 1.8702
172.000000 1.8702
173.000000 1.8702
174.000000 1.8702
175.000000 1.8702
176.000000 1.8702
177.000000 1.8702
178.000000 1.8702
179.000000 1.8702
180.000000 1.8702
181.000000 1.8702
182.000000 1.8702
183.000000 1.8702
184.000000 1.8702
185.000000 1.8702
186.000000 1.8702
187.000000 1.8702
188.000000 1.8702
189.000000 1.8702
190.000000 1.8702
191.000000 1.8702
192.000000 1.8702
193.000000 1.8702
194.000000 1.8702
195.000000 1.8702
196.000000 1.8702
197.000000 1.8702
198.000000 1.8702
199.000000 1.8702
200.000000 -2.0493
201.000000 -1.8285
202.000000 -2.0214
203.000000 -2.1095
204.000000 -2.1672
205.000000 -2.1964
206.000000 -2.2051
207.000000 -2.1988
208.000000 -2.1818
209.000000 -2.1577
210.000000 -2.1291
211.000000 -2.0981
212.000000 -2.0661
213.000000 -2.0343
214.000000 -2.0037
215.000000 -1.9747
216.000000 -1.948
217.000000 -1.9236
218.000000 -1.9017
219.000000 -1.8824
220.000000 -1.8656
221.000000 -1.8512
222.000000 -1.8392
223.000000 -1.8294
224.000000 -1.8216
225.000000 -1.8155
226.000000 -1.8112
227.000000 -1.8082
228.000000 -1.8066
229.000000 -1.806
230.000000 -1.8064
231.000000 -1.8076
232.000000 -1.8094
233.000000 -1.8118
234.000000 -1.8145
235.000000 -1.8176
236.000000 -1.8209
237.000000 -1.8242
238.000000 -1.8277
239.000000 -1.8312
240.000000 -1.8346
241.000000 -1.8379
242.000000 -1.8411
243.000000 -1.8441
244.000000 -1.847
245.000000 -1.8497
246.000000 -1.8522
247.000000 -1.8546
248.000000 -1.8567
249.000000 -1.8587
250.000000 -1.8604
251.000000 -1.862
252.000000 -1.8634
253.000000 -1.8646
254.000000 -1.8657
255.000000 -1.8667
256.000000 -1.8675
257.000000 -1.8682
258.000000 -1.8687
259.000000 -1.8692
260.000000 -1.8696
261.000000 -1.8699
262.000000 -1.8702
263.000000 -1.8704
264.000000 -1.8705
265.000000 -1.8706
266.000000 -1.8706
267.000000 -1.8707
268.000000 -1.8707
269.000000 -1.8706
270.000000 -1.8706
271.000000 -1.8705
272.000000 -1.8705
273.000000 -1.8704
274.000000 -1.8703
275.000000 -1.8703
276.000000 -1.8702
277.000000 -1.8701
278.000000 -1.87
279.000000 -1.87
280.000000 -1.8699
281.000000 -1.8698
282.000000 -1.8698
283.000000 -1.8698
284.000000 -1.8697
285.000000 -1.8697
286.000000 -1.8696
287.000000 -1.8696
288.000000 -1.8696
289.000000 -1.8696
290.000000 -1.8696
291.000000 -1.8696
292.000000 -1.8696
293.000000 -1.8696
294.000000 -1.8696
295.000000 -1.8696
296.000000 -1.8696
297.000000 -1.8696
298.000000 -1.8696
299.000000 -1.8696
300.000000 -1.8696
301.000000 -1.8696
302.000000 -1.8696
303.000000 -1.8696
304.000000 -1.8696
305.000000 -1.8697
306.000000 -1.8697
307.000000 -1.8697
308.000000 -1.8697
309.000000 -1.8697
310.000000 -1.8697
311.000000 -1.8697
312.000000 -1.8697
313.000000 -1.8697
314.000000 -1.8698
315.000000 -1.8698
316.000000 -1.8698
317.000000 -1.8698
318.000000 -1.8698
319.000000 -1.8698
320.000000 -1.8698
321.000000 -1.8698
322.000000 -1.8698
323.000000 -1.8698
324.000000 -1.8698
325.000000 -1.8698
326.000000 -1.8698
327.000000 -1.8698
328.000000 -1.8698
329.000000 -1.8698
330.000000 -1.8698
331.000000 -1.8698
332.000000 -1.8698
333.000000 -1.8698
334.000000 -1.8698
335.000000 -1.8698
336.000000 -1.8699
337.000000 -1.8699
338.000000 -1.8699
339.000000 -1.8699
340.000000 -1.8699
341.000000 -1.8699
342.000000 -1.8699
343.000000 -1.8699
344.000000 -1.8699
345.000000 -1.8699
346.000000 -1.8699
347.000000 -1.8699
348.000000 -1.8699
349.000000 -1.8699
350.000000 -1.8699
351.000000 -1.8699
352.000000 -1.8699
353.000000 -1.8699
354.000000 -1.8699
355.000000 -1.8699
356.000000 -1.8699
357.000000 -1.8699
358.000000 -1.8699
359.000000 -1.8699
360.000000 -1.8699
361.000000 -1.8699
362.000000 -1.8699
363.000000 -1.8699
364.000000 -1.8699
365.000000 -1.8699
366.000000 -1.8699
367.000000 -1.8699
368.000000 -1.8699
369.000000 -1.8699
370.000000 -1.8699
371.000000 -1.8699
372.000000 -1.8699
373.000000 -1.8699
374.000000 -1.8699
375.000000 -1.8699
376.000000 -1.8699
377.000000 -1.8699
378.000000 -1.8699
379.000000 -1.8699
380.000000 -1.8699
381.000000 -1.8699
382.000000 -1.8699
383.000000 -1.8699
384.000000 -1.8699
385.000000 -1.8699
386.000000 -1.8699
387.000000 -1.8699
388.000000 -1.8699
389.000000 -1.8699
390.000000 -1.8699
391.000000 -1.8699
392.000000 -1.8699
393.000000 -1.87
394.000000 -1.87
395.000000 -1.87
396.000000 -1.87
397.000000 -1.87
398.000000 -1.87
399.000000 -1.87
400.000000 -1.87
401.000000 -1.87
402.000000 -1.87
403.000000 -1.87
404.000000 -1.87
405.000000 -1.87
406.000000 -1.87
407.000000 -1.87
408.000000 -1.87
409.000000 -1.87
410.000000 -1.87
411.000000 -1.87
412.000000 -1.87
413.000000 -1.87
414.000000 -1.87
415.000000 -1.87
416.000000 -1.87
417.000000 -1.87
418.000000 -1.87
419.000000 -1.87
420.000000 -1.87
421.000000 -1.87
422.000000 -1.87
423.000000 -1.87
424.000000 -1.87
425.000000 -1.87
426.000000 -1.87
427.000000 -1.87
428.000000 -1.87
429.000000 -1.87
430.000000 -1.87
431.000000 -1.87
432.000000 -1.87
433.000000 -1.87
434.000000 -1.87
435.000000 -1.87
436.000000 -1.87
437.000000 -1.87
438.000000 -1.87
439.000000 -1.87
440.000000 -1.87
441.000000 -1.87
442.000000 -1.87
443.000000 -1.87
444.000000 -1.87
445.000000 -1.87
446.000000 -1.87
447.000000 -1.87
448.000000 -1.87
449.000000 -1.87
450.000000 -1.87
451.000000 -1.87
452.000000 -1.87
453.000000 -1.87
454.000000 -1.87
455.000000 -1.87
456.000000 -1.87
457.000000 -1.87
458.000000 -1.87
459.000000 -1.87
460.000000 -1.8701
461.000000 -1.8701
462.000000 -1.8701
463.000000 -1.8701
464.000000 -1.8701
465.000000 -1.8701
466.000000 -1.8701
467.000000 -1.8701
468.000000 -1.8701
469.000000 -1.8701
470.000000 -1.8701
471.000000 -1.8701
472.000000 -1.8701
473.000000 -1.8701
474.000000 -1.8701
475.000000 -1.8701
476.000000 -1.8701
477.000000 -1.8701
478.000000 -1.8701
479.000000 -1.8701
480.000000 -1.8701
481.000000 -1.8701
482.000000 -1.8701
483.000000 -1.8701
484.000000 -1.8701
485.000000 -1.8701
486.000000 -1.8701
487.000000 -1.8701
488.000000 -1.8701
489.000000 -1.8701
490.000000 -1.8701
491.000000 -1.8701
492.000000 -1.8701
493.000000 -1.8701
494.000000 -1.8701
495.000000 -1.8701
496.000000 -1.8701
497.000000 -1.8701
498.000000 -1.8701
499.000000 -1.8701
500.000000 1.5595
501.000000 1.3663
502.000000 1.5351
503.000000 1.6121
504.000000 1.6626
505.000000 1.6882
506.000000 1.6958
507.000000 1.6902
508.000000 1.6754
509.000000 1.6544
510.000000 1.6293
511.000000 1.6021
512.000000 1.5741
513.000000 1.5464
514.000000 1.5195
515.000000 1.4942
516.000000 1.4708
517.000000 1.4494
518.000000 1.4303
519.000000 1.4134
520.000000 1.3987
521.000000 1.3862
522.000000 1.3757
523.000000 1.3671
524.000000 1.3602
525.000000 1.3549
526.000000 1.3511
527.000000 1.3485
528.000000 1.3471
529.000000 1.3466
530.000000 1.347
531.000000 1.348
532.000000 1.3496
533.000000 1.3516
534.000000 1.3541
535.000000 1.3567
536.000000 1.3596
537.000000 1.3625
538.000000 1.3656
539.000000 1.3686
540.000000 1.3716
541.000000 1.3745
542.000000 1.3773
543.000000 1.3799
544.000000 1.3825
545.000000 1.3848
546.000000 1.387
547.000000 1.3891
548.000000 1.391
549.000000 1.3927
550.000000 1.3942
551.000000 1.3956
552.000000 1.3968
553.000000 1.3979
554.000000 1.3988
555.000000 1.3997
556.000000 1.4004
557.000000 1.401
558.000000 1.4015
559.000000 1.4019
560.000000 1.4022
561.000000 1.4025
562.000000 1.4027
563.000000 1.4029
564.000000 1.403
565.000000 1.4031
566.000000 1.4031
567.000000 1.4032
568.000000 1.4032
569.000000 1.4031
570.000000 1.4031
571.000000 1.403
572.000000 1.403
573.000000 1.4029
574.000000 1.4029
575.000000 1.4028
576.000000 1.4027
577.000000 1.4027
578.000000 1.4026
579.000000 1.4025
580.000000 1.4025
581.000000 1.4024
582.000000 1.4024
583.000000 1.4024
584.000000 1.4023
585.000000 1.4023
586.000000 1.4023
587.000000 1.4022
588.000000 1.4022
589.000000 1.4022
590.000000 1.4022
591.000000 1.4022
592.000000 1.4022
593.000000 1.4022
594.000000 1.4022
595.000000 1.4022
596.000000 1.4022
597.000000 1.4022
598.000000 1.4022
599.000000 1.4022
600.000000 1.4022
601.000000 1.4022
602.000000 1.4022
603.000000 1.4023
604.000000 1.4023
605.000000 1.4023
606.000000 1.4023
607.000000 1.4023
608.000000 1.4023
609.000000 1.4023
610.000000 1.4023
611.000000 1.4023
612.000000 1.4023
613.000000 1.4023
614.000000 1.4023
615.000000 1.4024
616.000000 1.4024
617.000000 1.4024
618.000000 1.4024
619.000000 1.4024
620.000000 1.4024
621.000000 1.4024
622.000000 1.4024
623.000000 1.4024
624.000000 1.4024
625.000000 1.4024
626.000000 1.4024
627.000000 1.4024
628.000000 1.4024
629.000000 1.4024
630.000000 1.4024
631.000000 1.4024
632.000000 1.4024
633.000000 1.4024
634.000000 1.4024
635.000000 1.4024
636.000000 1.4024
637.000000 1.4024
638.000000 1.4024
639.000000 1.4024
640.000000 1.4024
641.000000 1.4024
642.000000 1.4024
643.000000 1.4024
644.000000 1.4024
645.000000 1.4024
646.000000 1.4024
647.000000 1.4025
648.000000 1.4025
649.000000 1.4025
650.000000 1.4025
651.000000 1.4025
652.000000 1.4025
653.000000 1.4025
654.000000 1.4025
655.000000 1.4025
656.000000 1.4025
657.000000 1.4025
658.000000 1.4025
659.000000 1.4025
660.000000 1.4025
661.000000 1.4025
662.000000 1.4025
663.000000 1.4025
664.000000 1.4025
665.000000 1.4025
666.000000 1.4025
667.000000 1.4025
668.000000 1.4025
669.000000 1.4025
670.000000 1.4025
671.000000 1.4025
672.000000 1.4025
673.000000 1.4025
674.000000 1.4025
675.000000 1.4025
676.000000 1.4025
677.000000 1.4025
678.000000 1.4025
679.000000 1.4025
680.000000 1.4025
681.000000 1.4025
682.000000 1.4025
683.000000 1.4025
684.000000 1.4025
685.000000 1.4025
686.000000 1.4025
687.000000 1.4025
688.000000 1.4025
689.000000 1.4025
690.000000 1.4025
691.000000 1.4025
692.000000 1.4025
693.000000 1.4025
694.000000 1.4025
695.000000 1.4025
696.000000 1.4025
697.000000 1.4025
698.000000 1.4025
699.000000 1.4025
700.000000 1.4025
701.000000 1.4025
702.000000 1.4025
703.000000 1.4025
704.000000 1.4025
705.000000 1.4025
706.000000 1.4025
707.000000 1.4025
708.000000 1.4025
709.000000 1.4025
710.000000 1.4025
711.000000 1.4025
712.000000 1.4025
713.000000 1.4025
714.000000 1.4025
715.000000 1.4025
716.000000 1.4025
717.000000 1.4025
718.000000 1.4025
719.000000 1.4025
720.000000 1.4025
721.000000 1.4025
722.000000 1.4025
723.000000 1.4025
724.000000 1.4025
725.000000 1.4025
726.000000 1.4025
727.000000 1.4025
728.000000 1.4025
729.000000 1.4026
730.000000 1.4026
731.000000 1.4026
732.000000 1.4026
733.000000 1.4026
734.000000 1.4026
735.000000 1.4026
736.000000 1.4026
737.000000 1.4026
738.000000 1.4026
739.000000 1.4026
740.000000 1.4026
741.000000 1.4026
742.000000 1.4026
743.000000 1.4026
744.000000 1.4026
745.000000 1.4026
746.000000 1.4026
747.000000 1.4026
748.000000 1.4026
749.000000 1.4026
750.000000 1.4026
751.000000 1.4026
752.000000 1.4026
753.000000 1.4026
754.000000 1.4026
755.000000 1.4026
756.000000 1.4026
757.000000 1.4026
758.000000 1.4026
759.000000 1.4026
760.000000 1.4026
761.000000 1.4026
762.000000 1.4026
763.000000 1.4026
764.000000 1.4026
765.000000 1.4026
766.000000 1.4026
767.000000 1.4026
768.000000 1.4026
769.000000 1.4026
770.000000 1.4026
771.000000 1.4026
772.000000 1.4026
773.000000 1.4026
774.000000 1.4026
775.000000 1.4026
776.000000 1.4026
777.000000 1.4026
778.000000 1.4026
779.000000 1.4026
780.000000 1.4026
781.000000 1.4026
782.000000 1.4026
783.000000 1.4026
784.000000 1.4026
785.000000 1.4026
786.000000 1.4026
787.000000 1.4026
788.000000 1.4026
789.000000 1.4026
790.000000 1.4026
791.000000 1.4026
792.000000 1.4026
793.000000 1.4026
794.000000 1.4026
795.000000 1.4026
796.000000 1.4026
797.000000 1.4026
798.000000 1.4026
799.000000 1.4026
800.000000 -0.067191
801.000000 0.0156
802.000000 -0.056735
803.000000 -0.089757
804.000000 -0.11141
805.000000 -0.12235
806.000000 -0.12561
807.000000 -0.12324
808.000000 -0.11689
809.000000 -0.10786
810.000000 -0.097126
811.000000 -0.08547
812.000000 -0.07347
813.000000 -0.061564
814.000000 -0.050074
815.000000 -0.039228
816.000000 -0.029181
817.000000 -0.02003
818.000000 -0.011824
819.000000 -0.0045803
820.000000 0.0017134
821.000000 0.007089
822.000000 0.011593
823.000000 0.015283
824.000000 0.018222
825.000000 0.020478
826.000000 0.02212
827.000000 0.023217
828.000000 0.023837
829.000000 0.024043
830.000000 0.023897
831.000000 0.023455
832.000000 0.02277
833.000000 0.021891
834.000000 0.02086
835.000000 0.019716
836.000000 0.018494
837.000000 0.017223
838.000000 0.015929
839.000000 0.014634
840.000000 0.013357
841.000000 0.012112
842.000000 0.010913
843.000000 0.009769
844.000000 0.0086867
845.000000 0.0076715
846.000000 0.0067267
847.000000 0.0058541
848.000000 0.005054
849.000000 0.0043258
850.000000 0.0036677
851.000000 0.0030773
852.000000 0.0025516
853.000000 0.0020873
854.000000 0.0016803
855.000000 0.0013269
856.000000 0.0010229
857.000000 0.00076404
858.000000 0.00054635
859.000000 0.00036576
860.000000 0.00021839
861.000000 0.00010053
862.000000 8.6482e-06
863.000000 -6.0554e-05
864.000000 -0.00011015
865.000000 -0.00014297
866.000000 -0.00016162
867.000000 -0.00016846
868.000000 -0.0001656
869.000000 -0.00015495
870.000000 -0.0001382
871.000000 -0.00011681
872.000000 -9.2096e-05
873.000000 -6.5148e-05
874.000000 -3.6918e-05
875.000000 -8.1999e-06
876.000000 2.0348e-05
877.000000 4.8191e-05
878.000000 7.4903e-05
879.000000 0.00010016
880.000000 0.00012371
881.000000 0.00014539
882.000000 0.0001651
883.000000 0.00018278
884.000000 0.00019843
885.000000 0.00021208
886.000000 0.0002238
887.000000 0.00023366
888.000000 0.00024178
889.000000 0.00024826
890.000000 0.00025325
891.000000 0.00025685
892.000000 0.00025922
893.000000 0.00026048
894.000000 0.00026077
895.000000 0.0002602
896.000000 0.00025889
897.000000 0.00025697
898.000000 0.00025453
899.000000 0.00025167
900.000000 0.00024848
901.000000 0.00024505
902.000000 0.00024143
903.000000 0.0002377
904.000000 0.00023392
905.000000 0.00023013
906.000000 0.00022636
907.000000 0.00022267
908.000000 0.00021908
909.000000 0.0002156
910.000000 0.00021227
911.000000 0.00020909
912.000000 0.00020607
913.000000 0.00020322
914.000000 0.00020055
915.000000 0.00019805
916.000000 0.00019573
917.000000 0.00019357
918.000000 0.00019158
919.000000 0.00018975
920.000000 0.00018807
921.000000 0.00018653
922.000000 0.00018513
923.000000 0.00018386
924.000000 0.00018271
925.000000 0.00018166
926.000000 0.00018072
927.000000 0.00017987
928.000000 0.0001791
929.000000 0.00017842
930.000000 0.0001778
931.000000 0.00017724
932.000000 0.00017674
933.000000 0.00017629
934.000000 0.00017589
935.000000 0.00017552
936.000000 0.00017519
937.000000 0.00017489
938.000000 0.00017462
939.000000 0.00017436
940.000000 0.00017413
941.000000 0.00017392
942.000000 0.00017372
943.000000 0.00017354
944.000000 0.00017337
945.000000 0.0001732
946.000000 0.00017305
947.000000 0.0001729
948.000000 0.00017276
949.000000 0.00017262
950.000000 0.00017249
951.000000 0.00017236
952.000000 0.00017224
953.000000 0.00017212
954.000000 0.00017201
955.000000 0.00017189
956.000000 0.00017178
957.000000 0.00017167
958.000000 0.00017157
959.000000 0.00017147
960.000000 0.00017137
961.000000 0.00017127
962.000000 0.00017118
963.000000 0.00017109
964.000000 0.000171
965.000000 0.00017091
966.000000 0.00017083
967.000000 0.00017075
968.000000 0.00017067
969.000000 0.0001706
970.000000 0.00017052
971.000000 0.00017045
972.000000 0.00017039
973.000000 0.00017032
974.000000 0.00017026
975.000000 0.0001702
976.000000 0.00017014
977.000000 0.00017009
978.000000 0.00017003
979.000000 0.00016998
980.000000 0.00016993
981.000000 0.00016989
982.000000 0.00016984
983.000000 0.0001698
984.000000 0.00016976
985.000000 0.00016972
986.000000 0.00016968
987.000000 0.00016965
988.000000 0.00016961
989.000000 0.00016958
990.000000 0.00016955
991.000000 0.00016952
992.000000 0.00016949
993.000000 0.00016946
994.000000 0.00016943
995.000000 0.00016941
996.000000 0.00016938
997.000000 0.00016936
998.000000 0.00016934
999.000000 0.00016932
1000.000000 0.0001693
1001.000000 0.00016928
1002.000000 0.00016926
1003.000000 0.00016924
1004.000000 0.00016922
1005.000000 0.0001692
1006.000000 0.00016919
1007.000000 0.00016917
1008.000000 0.00016916
1009.000000 0.00016914
1010.000000 0.00016913
1011.000000 0.00016912
1012.000000 0.0001691
1013.000000 0.00016909
1014.000000 0.00016908
1015.000000 0.00016907
1016.000000 0.00016905
1017.000000 0.00016904
1018.000000 0.00016903
1019.000000 0.00016902
1020.000000 0.00016901
1021.000000 0.000169
1022.000000 0.00016899
1023.000000 0.00016898
1024.000000 0.00016898
1025.000000 0.00016897
1026.000000 0.00016896
1027.000000 0.00016895
1028.000000 0.00016894
1029.000000 0.00016893
1030.000000 0.00016893
1031.000000 0.00016892
1032.000000 0.00016891
1033.000000 0.00016891
1034.000000 0.0001689
1035.000000 0.00016889
1036.000000 0.00016889
1037.000000 0.00016888
1038.000000 0.00016888
1039.000000 0.00016887
1040.000000 0.00016886
1041.000000 0.00016886
1042.000000 0.00016885
1043.000000 0.00016885
1044.000000 0.00016884
1045.000000 0.00016884
1046.000000 0.00016883
1047.000000 0.00016883
1048.000000 0.00016882
1049.000000 0.00016882
1050.000000 0.00016882
1051.000000 0.00016881
1052.000000 0.00016881
1053.000000 0.0001688
1054.000000 0.0001688
1055.000000 0.0001688
1056.000000 0.00016879
1057.000000 0.00016879
1058.000000 0.00016878
1059.000000 0.00016878
1060.000000 0.00016878
1061.000000 0.00016877
1062.000000 0.00016877
1063.000000 0.00016877
1064.000000 0.00016876
1065.000000 0.00016876
1066.000000 0.00016876
1067.000000 0.00016875
1068.000000 0.00016875
1069.000000 0.00016875
1070.000000 0.00016874
1071.000000 0.00016874
1072.000000 0.00016874
1073.000000 0.00016874
1074.000000 0.00016873
1075.000000 0.00016873
1076.000000 0.00016873
1077.000000 0.00016872
1078.000000 0.00016872
1079.000000 0.00016872
1080.000000 0.00016872
1081.000000 0.00016871
1082.000000 0.00016871
1083.000000 0.00016871
1084.000000 0.00016871
1085.000000 0.0001687
1086.000000 0.0001687
1087.000000 0.0001687
1088.000000 0.0001687
1089.000000 0.00016869
1090.000000 0.00016869
1091.000000 0.00016869
1092.000000 0.00016869
1093.000000 0.00016868
1094.000000 0.00016868
1095.000000 0.00016868
1096.000000 0.00016868
1097.000000 0.00016867
1098.000000 0.00016867
1099.000000 0.00016867
