0.000000 0
1.000000 0
2.000000 0
3.000000 0
4.000000 0
5.000000 0
6.000000 0
7.000000 0
8.000000 0
9.000000 0
10.000000 1.5704
11.000000 2.1034
12.000000 2.4262
13.000000 2.5764
14.000000 2.6202
15.000000 2.599
16.000000 2.5406
17.000000 2.4633
18.000000 2.3791
19.000000 2.2953
20.000000 2.2162
21.000000 2.1443
22.000000 2.0808
23.000000 2.0257
24.000000 1.9789
25.000000 1.9396
26.000000 1.9073
27.000000 1.881
28.000000 1.8601
29.000000 1.8436
30.000000 1.831
31.000000 1.8215
32.000000 1.8147
33.000000 1.8101
34.000000 1.8073
35.000000 1.8059
36.000000 1.8057
37.000000 1.8064
38.000000 1.8078
39.000000 1.8098
40.000000 1.8122
41.000000 1.8149
42.000000 1.8179
43.000000 1.8211
44.000000 1.8244
45.000000 1.8278
46.000000 1.8312
47.000000 1.8347
48.000000 1.8383
49.000000 1.8418
50.000000 1.8453
51.000000 1.8488
52.000000 1.8523
53.000000 1.8557
54.000000 1.8591
55.000000 1.8625
56.000000 1.8659
57.000000 1.8692
58.000000 1.8725
59.000000 1.8757
60.000000 1.8789
61.000000 1.882
62.000000 1.8851
63.000000 1.8882
64.000000 1.8912
65.000000 1.8942
66.000000 1.8972
67.000000 1.9
68.000000 1.9029
69.000000 1.9057
70.000000 1.9085
71.000000 1.9112
72.000000 1.9138
73.000000 1.9165
74.000000 1.919
75.000000 1.9216
76.000000 1.9241
77.000000 1.9265
78.000000 1.9289
79.000000 1.9312
80.000000 1.9335
81.000000 1.9358
82.000000 1.938
83.000000 1.9402
84.000000 1.9423
85.000000 1.9444
86.000000 1.9464
87.000000 1.9484
88.000000 1.9503
89.000000 1.9522
90.000000 1.9541
91.000000 1.9559
92.000000 1.9577
93.000000 1.9594
94.000000 1.9611
95.000000 1.9627
96.000000 1.9643
97.000000 1.9659
98.000000 1.9674
99.000000 1.9689
100.000000 1.9704
101.000000 1.9718
102.000000 1.9731
103.000000 1.9745
104.000000 1.9758
105.000000 1.977
106.000000 1.9782
107.000000 1.9794
108.000000 1.9806
109.000000 1.9817
110.000000 1.9828
111.000000 1.9838
112.000000 1.9848
113.000000 1.9858
114.000000 1.9868
115.000000 1.9877
116.000000 1.9886
117.000000 1.9894
118.000000 1.9903
119.000000 1.9911
120.000000 1.9918
121.000000 1.9926
122.000000 1.9933
123.000000 1.994
124.000000 1.9946
125.000000 1.9953
126.000000 1.9959
127.000000 1.9965
128.000000 1.997
129.000000 1.9976
130.000000 1.9981
131.000000 1.9986
132.000000 1.9991
133.000000 1.9995
134.000000 2
135.000000 2.0004
136.000000 2.0008
137.000000 2.0011
138.000000 2.0015
139.000000 2.0018
140.000000 2.0021
141.000000 2.0025
142.000000 2.0027
143.000000 2.003
144.000000 2.0033
145.000000 2.0035
146.000000 2.0037
147.000000 2.0039
148.000000 2.0041
149.000000 2.0043
150.000000 2.0045
151.000000 2.0046
152.000000 2.0048
153.000000 2.0049
154.000000 2.005
155.000000 2.0052
156.000000 2.0053
157.000000 2.0053
158.000000 2.0054
159.000000 2.0055
160.000000 2.0056
161.000000 2.0056
162.000000 2.0057
163.000000 2.0057
164.000000 2.0057
165.000000 2.0058
166.000000 2.0058
167.000000 2.0058
168.000000 2.0058
169.000000 2.0058
170.000000 2.0058
171.000000 2.0058
172.000000 2.0057
173.000000 2.0057
174.000000 2.0057
175.000000 2.0057
176.000000 2.0056
177.000000 2.0056
178.000000 2.0055
179.000000 2.0055
180.000000 2.0054
181.000000 2.0054
182.000000 2.0053
183.000000 2.0053
184.000000 2.0052
185.000000 2.0051
186.000000 2.0051
187.000000 2.005
188.000000 2.0049
189.000000 2.0048
190.000000 2.0048
191.000000 2.0047
192.000000 2.0046
193.000000 2.0045
194.000000 2.0045
195.000000 2.0044
196.000000 2.0043
197.000000 2.0042
198.000000 2.0041
199.000000 2.004
200.000000 -1.1369
201.000000 -2.2029
202.000000 -2.8485
203.000000 -3.1491
204.000000 -3.2368
205.000000 -3.1944
206.000000 -3.0777
207.000000 -2.9233
208.000000 -2.7549
209.000000 -2.5873
210.000000 -2.4293
211.000000 -2.2857
212.000000 -2.1586
213.000000 -2.0485
214.000000 -1.9549
215.000000 -1.8765
216.000000 -1.812
217.000000 -1.7595
218.000000 -1.7176
219.000000 -1.6848
220.000000 -1.6596
221.000000 -1.6408
222.000000 -1.6273
223.000000 -1.6181
224.000000 -1.6126
225.000000 -1.6099
226.000000 -1.6095
227.000000 -1.6109
228.000000 -1.6138
229.000000 -1.6178
230.000000 -1.6227
231.000000 -1.6282
232.000000 -1.6342
233.000000 -1.6407
234.000000 -1.6473
235.000000 -1.6542
236.000000 -1.6612
237.000000 -1.6682
238.000000 -1.6753
239.000000 -1.6824
240.000000 -1.6895
241.000000 -1.6965
242.000000 -1.7035
243.000000 -1.7105
244.000000 -1.7173
245.000000 -1.7242
246.000000 -1.7309
247.000000 -1.7376
248.000000 -1.7442
249.000000 -1.7507
250.000000 -1.7571
251.000000 -1.7634
252.000000 -1.7697
253.000000 -1.7759
254.000000 -1.782
255.000000 -1.788
256.000000 -1.7939
257.000000 -1.7997
258.000000 -1.8054
259.000000 -1.811
260.000000 -1.8166
261.000000 -1.822
262.000000 -1.8274
263.000000 -1.8327
264.000000 -1.8379
265.000000 -1.8429
266.000000 -1.8479
267.000000 -1.8528
268.000000 -1.8576
269.000000 -1.8624
270.000000 -1.867
271.000000 -1.8715
272.000000 -1.876
273.000000 -1.8803
274.000000 -1.8846
275.000000 -1.8887
276.000000 -1.8928
277.000000 -1.8968
278.000000 -1.9007
279.000000 -1.9045
280.000000 -1.9082
281.000000 -1.9119
282.000000 -1.9154
283.000000 -1.9189
284.000000 -1.9223
285.000000 -1.9256
286.000000 -1.9288
287.000000 -1.9319
288.000000 -1.935
289.000000 -1.938
290.000000 -1.9409
291.000000 -1.9437
292.000000 -1.9464
293.000000 -1.9491
294.000000 -1.9517
295.000000 -1.9542
296.000000 -1.9567
297.000000 -1.959
298.000000 -1.9613
299.000000 -1.9636
300.000000 -1.9657
301.000000 -1.9678
302.000000 -1.9699
303.000000 -1.9718
304.000000 -1.9737
305.000000 -1.9756
306.000000 -1.9773
307.000000 -1.9791
308.000000 -1.9807
309.000000 -1.9823
310.000000 -1.9839
311.000000 -1.9854
312.000000 -1.9868
313.000000 -1.9882
314.000000 -1.9895
315.000000 -1.9908
316.000000 -1.992
317.000000 -1.9932
318.000000 -1.9943
319.000000 -1.9954
320.000000 -1.9964
321.000000 -1.9974
322.000000 -1.9983
323.000000 -1.9992
324.000000 -2.0001
325.000000 -2.0009
326.000000 -2.0017
327.000000 -2.0025
328.000000 -2.0032
329.000000 -2.0038
330.000000 -2.0045
331.000000 -2.0051
332.000000 -2.0056
333.000000 -2.0062
334.000000 -2.0067
335.000000 -2.0072
336.000000 -2.0076
337.000000 -2.008
338.000000 -2.0084
339.000000 -2.0088
340.000000 -2.0091
341.000000 -2.0094
342.000000 -2.0097
343.000000 -2.01
344.000000 -2.0102
345.000000 -2.0104
346.000000 -2.0106
347.000000 -2.0108
348.000000 -2.011
349.000000 -2.0111
350.000000 -2.0112
351.000000 -2.0114
352.000000 -2.0114
353.000000 -2.0115
354.000000 -2.0116
355.000000 -2.0116
356.000000 -2.0117
357.000000 -2.0117
358.000000 -2.0117
359.000000 -2.0117
360.000000 -2.0116
361.000000 -2.0116
362.000000 -2.0116
363.000000 -2.0115
364.000000 -2.0115
365.000000 -2.0114
366.000000 -2.0113
367.000000 -2.0112
368.000000 -2.0111
369.000000 -2.011
370.000000 -2.0109
371.000000 -2.0108
372.000000 -2.0107
373.000000 -2.0106
374.000000 -2.0104
375.000000 -2.0103
376.000000 -2.0102
377.000000 -2.01
378.000000 -2.0099
379.000000 -2.0097
380.000000 -2.0096
381.000000 -2.0094
382.000000 -2.0093
383.000000 -2.0091
384.000000 -2.0089
385.000000 -2.0088
386.000000 -2.0086
387.000000 -2.0084
388.000000 -2.0083
389.000000 -2.0081
390.000000 -2.0079
391.000000 -2.0078
392.000000 -2.0076
393.000000 -2.0074
394.000000 -2.0073
395.000000 -2.0071
396.000000 -2.0069
397.000000 -2.0068
398.000000 -2.0066
399.000000 -2.0064
400.000000 -2.0063
401.000000 -2.0061
402.000000 -2.0059
403.000000 -2.0058
404.000000 -2.0056
405.000000 -2.0055
406.000000 -2.0053
407.000000 -2.0051
408.000000 -2.005
409.000000 -2.0048
410.000000 -2.0047
411.000000 -2.0045
412.000000 -2.0044
413.000000 -2.0043
414.000000 -2.0041
415.000000 -2.004
416.000000 -2.0038
417.000000 -2.0037
418.000000 -2.0036
419.000000 -2.0035
420.000000 -2.0033
421.000000 -2.0032
422.000000 -2.0031
423.000000 -2.003
424.000000 -2.0028
425.000000 -2.0027
426.000000 -2.0026
427.000000 -2.0025
428.000000 -2.0024
429.000000 -2.0023
430.000000 -2.0022
431.000000 -2.0021
432.000000 -2.002
433.000000 -2.0019
434.000000 -2.0018
435.000000 -2.0017
436.000000 -2.0016
437.000000 -2.0016
438.000000 -2.0015
439.000000 -2.0014
440.000000 -2.0013
441.000000 -2.0012
442.000000 -2.0012
443.000000 -2.0011
444.000000 -2.001
445.000000 -2.001
446.000000 -2.0009
447.000000 -2.0008
448.000000 -2.0008
449.000000 -2.0007
450.000000 -2.0006
451.000000 -2.0006
452.000000 -2.0005
453.000000 -2.0005
454.000000 -2.0004
455.000000 -2.0004
456.000000 -2.0003
457.000000 -2.0003
458.000000 -2.0003
459.000000 -2.0002
460.000000 -2.0002
461.000000 -2.0001
462.000000 -2.0001
463.000000 -2.0001
464.000000 -2
465.000000 -2
466.000000 -2
467.000000 -1.9999
468.000000 -1.9999
469.000000 -1.9999
470.000000 -1.9999
471.000000 -1.9998
472.000000 -1.9998
473.000000 -1.9998
474.000000 -1.9998
475.000000 -1.9998
476.000000 -1.9997
477.000000 -1.9997
478.000000 -1.9997
479.000000 -1.9997
480.000000 -1.9997
481.000000 -1.9997
482.000000 -1.9997
483.000000 -1.9996
484.000000 -1.9996
485.000000 -1.9996
486.000000 -1.9996
487.000000 -1.9996
488.000000 -1.9996
489.000000 -1.9996
490.000000 -1.9996
491.000000 -1.9996
492.000000 -1.9996
493.000000 -1.9996
494.000000 -1.9996
495.000000 -1.9996
496.000000 -1.9996
497.000000 -1.9996
498.000000 -1.9996
499.000000 -1.9996
500.000000 0.7487
501.000000 1.6814
502.000000 2.2462
503.000000 2.5091
504.000000 2.5858
505.000000 2.5486
506.000000 2.4464
507.000000 2.3113
508.000000 2.1638
509.000000 2.0171
510.000000 1.8788
511.000000 1.753
512.000000 1.6417
513.000000 1.5454
514.000000 1.4634
515.000000 1.3947
516.000000 1.3382
517.000000 1.2922
518.000000 1.2555
519.000000 1.2267
520.000000 1.2045
521.000000 1.188
522.000000 1.1761
523.000000 1.1681
524.000000 1.1631
525.000000 1.1607
526.000000 1.1603
527.000000 1.1615
528.000000 1.1639
529.000000 1.1674
530.000000 1.1716
531.000000 1.1764
532.000000 1.1816
533.000000 1.1872
534.000000 1.1929
535.000000 1.1989
536.000000 1.2049
537.000000 1.211
538.000000 1.2172
539.000000 1.2233
540.000000 1.2295
541.000000 1.2356
542.000000 1.2417
543.000000 1.2477
544.000000 1.2537
545.000000 1.2596
546.000000 1.2655
547.000000 1.2713
548.000000 1.277
549.000000 1.2826
550.000000 1.2882
551.000000 1.2937
552.000000 1.2992
553.000000 1.3045
554.000000 1.3098
555.000000 1.315
556.000000 1.3202
557.000000 1.3252
558.000000 1.3302
559.000000 1.3351
560.000000 1.3399
561.000000 1.3447
562.000000 1.3493
563.000000 1.3539
564.000000 1.3584
565.000000 1.3629
566.000000 1.3672
567.000000 1.3715
568.000000 1.3756
569.000000 1.3798
570.000000 1.3838
571.000000 1.3877
572.000000 1.3916
573.000000 1.3954
574.000000 1.3991
575.000000 1.4027
576.000000 1.4063
577.000000 1.4097
578.000000 1.4131
579.000000 1.4165
580.000000 1.4197
581.000000 1.4229
582.000000 1.426
583.000000 1.429
584.000000 1.4319
585.000000 1.4348
586.000000 1.4376
587.000000 1.4404
588.000000 1.443
589.000000 1.4456
590.000000 1.4482
591.000000 1.4506
592.000000 1.453
593.000000 1.4553
594.000000 1.4576
595.000000 1.4598
596.000000 1.4619
597.000000 1.464
598.000000 1.466
599.000000 1.468
600.000000 1.4698
601.000000 1.4717
602.000000 1.4735
603.000000 1.4752
604.000000 1.4768
605.000000 1.4784
606.000000 1.48
607.000000 1.4815
608.000000 1.4829
609.000000 1.4843
610.000000 1.4857
611.000000 1.487
612.000000 1.4882
613.000000 1.4895
614.000000 1.4906
615.000000 1.4917
616.000000 1.4928
617.000000 1.4938
618.000000 1.4948
619.000000 1.4958
620.000000 1.4967
621.000000 1.4975
622.000000 1.4984
623.000000 1.4992
624.000000 1.4999
625.000000 1.5006
626.000000 1.5013
627.000000 1.502
628.000000 1.5026
629.000000 1.5032
630.000000 1.5037
631.000000 1.5043
632.000000 1.5048
633.000000 1.5052
634.000000 1.5057
635.000000 1.5061
636.000000 1.5065
637.000000 1.5069
638.000000 1.5072
639.000000 1.5075
640.000000 1.5078
641.000000 1.5081
642.000000 1.5084
643.000000 1.5086
644.000000 1.5088
645.000000 1.509
646.000000 1.5092
647.000000 1.5093
648.000000 1.5095
649.000000 1.5096
650.000000 1.5097
651.000000 1.5098
652.000000 1.5099
653.000000 1.51
654.000000 1.51
655.000000 1.5101
656.000000 1.5101
657.000000 1.5101
658.000000 1.5101
659.000000 1.5101
660.000000 1.5101
661.000000 1.5101
662.000000 1.51
663.000000 1.51
664.000000 1.5099
665.000000 1.5099
666.000000 1.5098
667.000000 1.5097
668.000000 1.5097
669.000000 1.5096
670.000000 1.5095
671.000000 1.5094
672.000000 1.5093
673.000000 1.5092
674.000000 1.5091
675.000000 1.509
676.000000 1.5088
677.000000 1.5087
678.000000 1.5086
679.000000 1.5085
680.000000 1.5083
681.000000 1.5082
682.000000 1.5081
683.000000 1.5079
684.000000 1.5078
685.000000 1.5076
686.000000 1.5075
687.000000 1.5074
688.000000 1.5072
689.000000 1.5071
690.000000 1.5069
691.000000 1.5068
692.000000 1.5066
693.000000 1.5065
694.000000 1.5063
695.000000 1.5062
696.000000 1.506
697.000000 1.5059
698.000000 1.5057
699.000000 1.5056
700.000000 1.5055
701.000000 1.5053
702.000000 1.5052
703.000000 1.505
704.000000 1.5049
705.000000 1.5048
706.000000 1.5046
707.000000 1.5045
708.000000 1.5044
709.000000 1.5042
710.000000 1.5041
711.000000 1.504
712.000000 1.5038
713.000000 1.5037
714.000000 1.5036
715.000000 1.5035
716.000000 1.5034
717.000000 1.5032
718.000000 1.5031
719.000000 1.503
720.000000 1.5029
721.000000 1.5028
722.000000 1.5027
723.000000 1.5026
724.000000 1.5025
725.000000 1.5024
726.000000 1.5023
727.000000 1.5022
728.000000 1.5021
729.000000 1.502
730.000000 1.5019
731.000000 1.5018
732.000000 1.5018
733.000000 1.5017
734.000000 1.5016
735.000000 1.5015
736.000000 1.5014
737.000000 1.5014
738.000000 1.5013
739.000000 1.5012
740.000000 1.5012
741.000000 1.5011
742.000000 1.501
743.000000 1.501
744.000000 1.5009
745.000000 1.5008
746.000000 1.5008
747.000000 1.5007
748.000000 1.5007
749.000000 1.5006
750.000000 1.5006
751.000000 1.5005
752.000000 1.5005
753.000000 1.5004
754.000000 1.5004
755.000000 1.5003
756.000000 1.5003
757.000000 1.5003
758.000000 1.5002
759.000000 1.5002
760.000000 1.5002
761.000000 1.5001
762.000000 1.5001
763.000000 1.5001
764.000000 1.5
765.000000 1.5
766.000000 1.5
767.000000 1.5
768.000000 1.4999
769.000000 1.4999
770.000000 1.4999
771.000000 1.4999
772.000000 1.4998
773.000000 1.4998
774.000000 1.4998
775.000000 1.4998
776.000000 1.4998
777.000000 1.4998
778.000000 1.4998
779.000000 1.4997
780.000000 1.4997
781.000000 1.4997
782.000000 1.4997
783.000000 1.4997
784.000000 1.4997
785.000000 1.4997
786.000000 1.4997
787.000000 1.4997
788.000000 1.4997
789.000000 1.4997
790.000000 1.4997
791.000000 1.4996
792.000000 1.4996
793.000000 1.4996
794.000000 1.4996
795.000000 1.4996
796.000000 1.4996
797.000000 1.4996
798.000000 1.4996
799.000000 1.4996
800.000000 0.3218
801.000000 -0.077909
802.000000 -0.31999
803.000000 -0.43267
804.000000 -0.46553
805.000000 -0.4496
806.000000 -0.4058
807.000000 -0.34787
808.000000 -0.28468
809.000000 -0.2218
810.000000 -0.1625
811.000000 -0.10861
812.000000 -0.060924
813.000000 -0.019619
814.000000 0.01552
815.000000 0.044938
816.000000 0.069195
817.000000 0.088893
818.000000 0.10463
819.000000 0.11699
820.000000 0.12647
821.000000 0.13355
822.000000 0.13864
823.000000 0.1421
824.000000 0.14422
825.000000 0.14527
826.000000 0.14544
827.000000 0.14494
828.000000 0.14389
829.000000 0.14241
830.000000 0.14061
831.000000 0.13856
832.000000 0.13633
833.000000 0.13395
834.000000 0.13148
835.000000 0.12893
836.000000 0.12634
837.000000 0.12372
838.000000 0.12109
839.000000 0.11846
840.000000 0.11583
841.000000 0.11321
842.000000 0.11061
843.000000 0.10802
844.000000 0.10546
845.000000 0.10293
846.000000 0.10042
847.000000 0.097943
848.000000 0.095493
849.000000 0.093072
850.000000 0.090681
851.000000 0.088321
852.000000 0.085993
853.000000 0.083696
854.000000 0.081432
855.000000 0.0792
856.000000 0.077002
857.000000 0.074836
858.000000 0.072704
859.000000 0.070605
860.000000 0.06854
861.000000 0.066509
862.000000 0.064513
863.000000 0.06255
864.000000 0.060622
865.000000 0.058727
866.000000 0.056868
867.000000 0.055042
868.000000 0.053251
869.000000 0.051493
870.000000 0.04977
871.000000 0.048082
872.000000 0.046426
873.000000 0.044805
874.000000 0.043218
875.000000 0.041664
876.000000 0.040143
877.000000 0.038655
878.000000 0.0372
879.000000 0.035778
880.000000 0.034388
881.000000 0.03303
882.000000 0.031704
883.000000 0.03041
884.000000 0.029147
885.000000 0.027915
886.000000 0.026713
887.000000 0.025542
888.000000 0.024401
889.000000 0.02329
890.000000 0.022208
891.000000 0.021155
892.000000 0.02013
893.000000 0.019134
894.000000 0.018166
895.000000 0.017225
896.000000 0.016311
897.000000 0.015424
898.000000 0.014563
899.000000 0.013728
900.000000 0.012918
901.000000 0.012134
902.000000 0.011374
903.000000 0.010638
904.000000 0.0099265
905.000000 0.0092381
906.000000 0.0085726
907.000000 0.0079297
908.000000 0.007309
909.000000 0.0067099
910.000000 0.0061321
911.000000 0.0055752
912.000000 0.0050387
913.000000 0.0045222
914.000000 0.0040253
915.000000 0.0035475
916.000000 0.0030885
917.000000 0.0026478
918.000000 0.002225
919.000000 0.0018196
920.000000 0.0014314
921.000000 0.0010598
922.000000 0.00070454
923.000000 0.0003651
924.000000 4.1116e-05
925.000000 -0.0002678
926.000000 -0.00056204
927.000000 -0.00084199
928.000000 -0.001108
929.000000 -0.0013606
930.000000 -0.0015999
931.000000 -0.0018266
932.000000 -0.0020407
933.000000 -0.0022429
934.000000 -0.0024333
935.000000 -0.0026124
936.000000 -0.0027805
937.000000 -0.002938
938.000000 -0.0030851
939.000000 -0.0032223
940.000000 -0.0033497
941.000000 -0.0034679
942.000000 -0.003577
943.000000 -0.0036774
944.000000 -0.0037693
945.000000 -0.0038532
946.000000 -0.0039292
947.000000 -0.0039977
948.000000 -0.0040589
949.000000 -0.0041131
950.000000 -0.0041606
951.000000 -0.0042016
952.000000 -0.0042364
953.000000 -0.0042653
954.000000 -0.0042885
955.000000 -0.0043062
956.000000 -0.0043187
957.000000 -0.0043262
958.000000 -0.004329
959.000000 -0.0043271
960.000000 -0.0043209
961.000000 -0.0043106
962.000000 -0.0042964
963.000000 -0.0042784
964.000000 -0.0042569
965.000000 -0.004232
966.000000 -0.0042039
967.000000 -0.0041728
968.000000 -0.0041389
969.000000 -0.0041023
970.000000 -0.0040632
971.000000 -0.0040218
972.000000 -0.0039781
973.000000 -0.0039324
974.000000 -0.0038848
975.000000 -0.0038354
976.000000 -0.0037844
977.000000 -0.0037318
978.000000 -0.0036779
979.000000 -0.0036226
980.000000 -0.0035662
981.000000 -0.0035088
982.000000 -0.0034504
983.000000 -0.0033912
984.000000 -0.0033312
985.000000 -0.0032706
986.000000 -0.0032095
987.000000 -0.0031479
988.000000 -0.0030858
989.000000 -0.0030235
990.000000 -0.002961
991.000000 -0.0028983
992.000000 -0.0028356
993.000000 -0.0027728
994.000000 -0.0027101
995.000000 -0.0026475
996.000000 -0.0025851
997.000000 -0.0025229
998.000000 -0.002461
999.000000 -0.0023994
1000.000000 -0.0023382
1001.000000 -0.0022774
1002.000000 -0.0022171
1003.000000 -0.0021573
1004.000000 -0.002098
1005.000000 -0.0020393
1006.000000 -0.0019813
1007.000000 -0.0019238
1008.000000 -0.0018671
1009.000000 -0.001811
1010.000000 -0.0017557
1011.000000 -0.0017011
1012.000000 -0.0016473
1013.000000 -0.0015943
1014.000000 -0.0015421
1015.000000 -0.0014907
1016.000000 -0.0014401
1017.000000 -0.0013904
1018.000000 -0.0013415
1019.000000 -0.0012936
1020.000000 -0.0012465
1021.000000 -0.0012003
1022.000000 -0.001155
1023.000000 -0.0011105
1024.000000 -0.001067
1025.000000 -0.0010244
1026.000000 -0.00098272
1027.000000 -0.00094193
1028.000000 -0.00090205
1029.000000 -0.00086308
1030.000000 -0.00082501
1031.000000 -0.00078785
1032.000000 -0.00075158
1033.000000 -0.00071621
1034.000000 -0.00068173
1035.000000 -0.00064813
1036.000000 -0.00061541
1037.000000 -0.00058356
1038.000000 -0.00055257
1039.000000 -0.00052244
1040.000000 -0.00049315
1041.000000 -0.00046471
1042.000000 -0.00043709
1043.000000 -0.00041028
1044.000000 -0.00038429
1045.000000 -0.00035909
1046.000000 -0.00033468
1047.000000 -0.00031105
1048.000000 -0.00028818
1049.000000 -0.00026606
1050.000000 -0.00024468
1051.000000 -0.00022403
1052.000000 -0.00020409
1053.000000 -0.00018486
1054.000000 -0.00016632
1055.000000 -0.00014846
1056.000000 -0.00013126
1057.000000 -0.00011471
1058.000000 -9.8798e-05
1059.000000 -8.3515e-05
1060.000000 -6.8844e-05
1061.000000 -5.4772e-05
1062.000000 -4.1287e-05
1063.000000 -2.8375e-05
1064.000000 -1.6023e-05
1065.000000 -4.2178e-06
1066.000000 7.0532e-06
1067.000000 1.7803e-05
1068.000000 2.8045e-05
1069.000000 3.7792e-05
1070.000000 4.7057e-05
1071.000000 5.5851e-05
1072.000000 6.4189e-05
1073.000000 7.2081e-05
1074.000000 7.9541e-05
1075.000000 8.6581e-05
1076.000000 9.3213e-05
1077.000000 9.9448e-05
1078.000000 0.0001053
1079.000000 0.00011078
1080.000000 0.00011589
1081.000000 0.00012066
1082.000000 0.00012509
1083.000000 0.00012919
1084.000000 0.00013297
1085.000000 0.00013645
1086.000000 0.00013963
1087.000000 0.00014252
1088.000000 0.00014514
1089.000000 0.00014749
1090.000000 0.00014959
1091.000000 0.00015144
1092.000000 0.00015306
1093.000000 0.00015444
1094.000000 0.00015561
1095.000000 0.00015657
1096.000000 0.00015733
1097.000000 0.00015789
1098.000000 0.00015827
1099.000000 0.00015847
