0.000000 0
1.000000 0
2.000000 0
3.000000 0
4.000000 0
5.000000 0
6.000000 0
7.000000 0
8.000000 0
9.000000 0
10.000000 3.6737
11.000000 3.0096
12.000000 2.7348
13.000000 2.4891
14.000000 2.2991
15.000000 2.1569
16.000000 2.0555
17.000000 1.9873
18.000000 1.9453
19.000000 1.9232
20.000000 1.9159
21.000000 1.9189
22.000000 1.9288
23.000000 1.9429
24.000000 1.9592
25.000000 1.9762
26.000000 1.9929
27.000000 2.0086
28.000000 2.0229
29.000000 2.0354
30.000000 2.0463
31.000000 2.0553
32.000000 2.0627
33.000000 2.0686
34.000000 2.0731
35.000000 2.0763
36.000000 2.0785
37.000000 2.0797
38.000000 2.0802
39.000000 2.0801
40.000000 2.0794
41.000000 2.0783
42.000000 2.0769
43.000000 2.0752
44.000000 2.0733
45.000000 2.0713
46.000000 2.0692
47.000000 2.067
48.000000 2.0648
49.000000 2.0626
50.000000 2.0604
51.000000 2.0582
52.000000 2.0561
53.000000 2.054
54.000000 2.0519
55.000000 2.0499
56.000000 2.0479
57.000000 2.046
58.000000 2.0442
59.000000 2.0424
60.000000 2.0406
61.000000 2.039
62.000000 2.0373
63.000000 2.0357
64.000000 2.0342
65.000000 2.0327
66.000000 2.0313
67.000000 2.0299
68.000000 2.0285
69.000000 2.0272
70.000000 2.026
71.000000 2.0247
72.000000 2.0236
73.000000 2.0224
74.000000 2.0213
75.000000 2.0202
76.000000 2.0192
77.000000 2.0182
78.000000 2.0172
79.000000 2.0163
80.000000 2.0154
81.000000 2.0145
82.000000 2.0137
83.000000 2.0128
84.000000 2.012
85.000000 2.0113
86.000000 2.0105
87.000000 2.0098
88.000000 2.0092
89.000000 2.0085
90.000000 2.0079
91.000000 2.0073
92.000000 2.0067
93.000000 2.0061
94.000000 2.0056
95.000000 2.005
96.000000 2.0045
97.000000 2.004
98.000000 2.0036
99.000000 2.0031
100.000000 2.0027
101.000000 2.0023
102.000000 2.0019
103.000000 2.0015
104.000000 2.0012
105.000000 2.0008
106.000000 2.0005
107.000000 2.0002
108.000000 1.9999
109.000000 1.9996
110.000000 1.9994
111.000000 1.9991
112.000000 1.9989
113.000000 1.9986
114.000000 1.9984
115.000000 1.9982
116.000000 1.998
117.000000 1.9979
118.000000 1.9977
119.000000 1.9975
120.000000 1.9974
121.000000 1.9972
122.000000 1.9971
123.000000 1.997
124.000000 1.9969
125.000000 1.9968
126.000000 1.9967
127.000000 1.9966
128.000000 1.9965
129.000000 1.9964
130.000000 1.9964
131.000000 1.9963
132.000000 1.9963
133.000000 1.9962
134.000000 1.9962
135.000000 1.9961
136.000000 1.9961
137.000000 1.9961
138.000000 1.9961
139.000000 1.9961
140.000000 1.996
141.000000 1.996
142.000000 1.996
143.000000 1.996
144.000000 1.9961
145.000000 1.9961
146.000000 1.9961
147.000000 1.9961
148.000000 1.9961
149.000000 1.9962
150.000000 1.9962
151.000000 1.9962
152.000000 1.9962
153.000000 1.9963
154.000000 1.9963
155.000000 1.9964
156.000000 1.9964
157.000000 1.9964
158.000000 1.9965
159.000000 1.9965
160.000000 1.9966
161.000000 1.9966
162.000000 1.9967
163.000000 1.9967
164.000000 1.9968
165.000000 1.9968
166.000000 1.9969
167.000000 1.9969
168.000000 1.997
169.000000 1.9971
170.000000 1.9971
171.000000 1.9972
172.000000 1.9972
173.000000 1.9973
174.000000 1.9973
175.000000 1.9974
176.000000 1.9975
177.000000 1.9975
178.000000 1.9976
179.000000 1.9976
180.000000 1.9977
181.000000 1.9977
182.000000 1.9978
183.000000 1.9979
184.000000 1.9979
185.000000 1.998
186.000000 1.998
187.000000 1.9981
188.000000 1.9981
189.000000 1.9982
190.000000 1.9982
191.000000 1.9983
192.000000 1.9983
193.000000 1.9984
194.000000 1.9984
195.000000 1.9985
196.000000 1.9985
197.000000 1.9986
198.000000 1.9986
199.000000 1.9987
200.000000 -5.3487
201.000000 -4.0205
202.000000 -3.4707
203.000000 -2.9793
204.000000 -2.5993
205.000000 -2.3149
206.000000 -2.112
207.000000 -1.9756
208.000000 -1.8915
209.000000 -1.8474
210.000000 -1.8326
211.000000 -1.8386
212.000000 -1.8583
213.000000 -1.8865
214.000000 -1.9191
215.000000 -1.9531
216.000000 -1.9865
217.000000 -2.0178
218.000000 -2.0463
219.000000 -2.0714
220.000000 -2.0931
221.000000 -2.1112
222.000000 -2.1259
223.000000 -2.1376
224.000000 -2.1465
225.000000 -2.153
226.000000 -2.1573
227.000000 -2.1598
228.000000 -2.1608
229.000000 -2.1605
230.000000 -2.1591
231.000000 -2.1569
232.000000 -2.154
233.000000 -2.1506
234.000000 -2.1469
235.000000 -2.1428
236.000000 -2.1386
237.000000 -2.1342
238.000000 -2.1298
239.000000 -2.1254
240.000000 -2.1209
241.000000 -2.1166
242.000000 -2.1122
243.000000 -2.108
244.000000 -2.1039
245.000000 -2.0998
246.000000 -2.0959
247.000000 -2.0921
248.000000 -2.0884
249.000000 -2.0848
250.000000 -2.0813
251.000000 -2.0779
252.000000 -2.0746
253.000000 -2.0714
254.000000 -2.0684
255.000000 -2.0654
256.000000 -2.0625
257.000000 -2.0597
258.000000 -2.057
259.000000 -2.0544
260.000000 -2.0518
261.000000 -2.0494
262.000000 -2.047
263.000000 -2.0447
264.000000 -2.0425
265.000000 -2.0403
266.000000 -2.0383
267.000000 -2.0363
268.000000 -2.0343
269.000000 -2.0324
270.000000 -2.0306
271.000000 -2.0289
272.000000 -2.0272
273.000000 -2.0255
274.000000 -2.0239
275.000000 -2.0224
276.000000 -2.021
277.000000 -2.0195
278.000000 -2.0182
279.000000 -2.0168
280.000000 -2.0156
281.000000 -2.0144
282.000000 -2.0132
283.000000 -2.012
284.000000 -2.011
285.000000 -2.0099
286.000000 -2.0089
287.000000 -2.0079
288.000000 -2.007
289.000000 -2.0061
290.000000 -2.0053
291.000000 -2.0045
292.000000 -2.0037
293.000000 -2.0029
294.000000 -2.0022
295.000000 -2.0016
296.000000 -2.0009
297.000000 -2.0003
298.000000 -1.9997
299.000000 -1.9991
300.000000 -1.9986
301.000000 -1.9981
302.000000 -1.9976
303.000000 -1.9972
304.000000 -1.9967
305.000000 -1.9963
306.000000 -1.9959
307.000000 -1.9956
308.000000 -1.9953
309.000000 -1.9949
310.000000 -1.9946
311.000000 -1.9944
312.000000 -1.9941
313.000000 -1.9939
314.000000 -1.9936
315.000000 -1.9934
316.000000 -1.9932
317.000000 -1.9931
318.000000 -1.9929
319.000000 -1.9928
320.000000 -1.9926
321.000000 -1.9925
322.000000 -1.9924
323.000000 -1.9923
324.000000 -1.9923
325.000000 -1.9922
326.000000 -1.9921
327.000000 -1.9921
328.000000 -1.9921
329.000000 -1.992
330.000000 -1.992
331.000000 -1.992
332.000000 -1.992
333.000000 -1.992
334.000000 -1.9921
335.000000 -1.9921
336.000000 -1.9921
337.000000 -1.9922
338.000000 -1.9922
339.000000 -1.9923
340.000000 -1.9923
341.000000 -1.9924
342.000000 -1.9924
343.000000 -1.9925
344.000000 -1.9926
345.000000 -1.9927
346.000000 -1.9928
347.000000 -1.9928
348.000000 -1.9929
349.000000 -1.993
350.000000 -1.9931
351.000000 -1.9932
352.000000 -1.9933
353.000000 -1.9934
354.000000 -1.9935
355.000000 -1.9936
356.000000 -1.9937
357.000000 -1.9939
358.000000 -1.994
359.000000 -1.9941
360.000000 -1.9942
361.000000 -1.9943
362.000000 -1.9944
363.000000 -1.9945
364.000000 -1.9947
365.000000 -1.9948
366.000000 -1.9949
367.000000 -1.995
368.000000 -1.9951
369.000000 -1.9952
370.000000 -1.9954
371.000000 -1.9955
372.000000 -1.9956
373.000000 -1.9957
374.000000 -1.9958
375.000000 -1.9959
376.000000 -1.996
377.000000 -1.9961
378.000000 -1.9962
379.000000 -1.9963
380.000000 -1.9965
381.000000 -1.9966
382.000000 -1.9967
383.000000 -1.9968
384.000000 -1.9969
385.000000 -1.997
386.000000 -1.9971
387.000000 -1.9972
388.000000 -1.9973
389.000000 -1.9973
390.000000 -1.9974
391.000000 -1.9975
392.000000 -1.9976
393.000000 -1.9977
394.000000 -1.9978
395.000000 -1.9979
396.000000 -1.998
397.000000 -1.998
398.000000 -1.9981
399.000000 -1.9982
400.000000 -1.9983
401.000000 -1.9983
402.000000 -1.9984
403.000000 -1.9985
404.000000 -1.9985
405.000000 -1.9986
406.000000 -1.9987
407.000000 -1.9987
408.000000 -1.9988
409.000000 -1.9989
410.000000 -1.9989
411.000000 -1.999
412.000000 -1.999
413.000000 -1.9991
414.000000 -1.9991
415.000000 -1.9992
416.000000 -1.9992
417.000000 -1.9993
418.000000 -1.9993
419.000000 -1.9994
420.000000 -1.9994
421.000000 -1.9995
422.000000 -1.9995
423.000000 -1.9995
424.000000 -1.9996
425.000000 -1.9996
426.000000 -1.9997
427.000000 -1.9997
428.000000 -1.9997
429.000000 -1.9998
430.000000 -1.9998
431.000000 -1.9998
432.000000 -1.9998
433.000000 -1.9999
434.000000 -1.9999
435.000000 -1.9999
436.000000 -1.9999
437.000000 -2
438.000000 -2
439.000000 -2
440.000000 -2
441.000000 -2.0001
442.000000 -2.0001
443.000000 -2.0001
444.000000 -2.0001
445.000000 -2.0001
446.000000 -2.0001
447.000000 -2.0001
448.000000 -2.0002
449.000000 -2.0002
450.000000 -2.0002
451.000000 -2.0002
452.000000 -2.0002
453.000000 -2.0002
454.000000 -2.0002
455.000000 -2.0002
456.000000 -2.0002
457.000000 -2.0002
458.000000 -2.0003
459.000000 -2.0003
460.000000 -2.0003
461.000000 -2.0003
462.000000 -2.0003
463.000000 -2.0003
464.000000 -2.0003
465.000000 -2.0003
466.000000 -2.0003
467.000000 -2.0003
468.000000 -2.0003
469.000000 -2.0003
470.000000 -2.0003
471.000000 -2.0003
472.000000 -2.0003
473.000000 -2.0003
474.000000 -2.0003
475.000000 -2.0003
476.000000 -2.0003
477.000000 -2.0003
478.000000 -2.0003
479.000000 -2.0003
480.000000 -2.0003
481.000000 -2.0003
482.000000 -2.0003
483.000000 -2.0003
484.000000 -2.0003
485.000000 -2.0003
486.000000 -2.0003
487.000000 -2.0003
488.000000 -2.0003
489.000000 -2.0003
490.000000 -2.0003
491.000000 -2.0003
492.000000 -2.0003
493.000000 -2.0002
494.000000 -2.0002
495.000000 -2.0002
496.000000 -2.0002
497.000000 -2.0002
498.000000 -2.0002
499.000000 -2.0002
500.000000 4.4288
501.000000 3.2667
502.000000 2.7856
503.000000 2.3557
504.000000 2.0232
505.000000 1.7744
506.000000 1.5969
507.000000 1.4776
508.000000 1.4041
509.000000 1.3655
510.000000 1.3526
511.000000 1.3579
512.000000 1.3752
513.000000 1.3998
514.000000 1.4284
515.000000 1.4582
516.000000 1.4874
517.000000 1.5149
518.000000 1.5399
519.000000 1.5619
520.000000 1.5808
521.000000 1.5967
522.000000 1.6096
523.000000 1.6199
524.000000 1.6277
525.000000 1.6334
526.000000 1.6372
527.000000 1.6394
528.000000 1.6403
529.000000 1.64
530.000000 1.6389
531.000000 1.637
532.000000 1.6345
533.000000 1.6315
534.000000 1.6282
535.000000 1.6247
536.000000 1.621
537.000000 1.6172
538.000000 1.6134
539.000000 1.6095
540.000000 1.6057
541.000000 1.6018
542.000000 1.5981
543.000000 1.5944
544.000000 1.5908
545.000000 1.5873
546.000000 1.5838
547.000000 1.5805
548.000000 1.5773
549.000000 1.5741
550.000000 1.5711
551.000000 1.5681
552.000000 1.5653
553.000000 1.5625
554.000000 1.5598
555.000000 1.5572
556.000000 1.5547
557.000000 1.5523
558.000000 1.5499
559.000000 1.5476
560.000000 1.5454
561.000000 1.5433
562.000000 1.5412
563.000000 1.5392
564.000000 1.5373
565.000000 1.5354
566.000000 1.5336
567.000000 1.5318
568.000000 1.5301
569.000000 1.5285
570.000000 1.5269
571.000000 1.5254
572.000000 1.5239
573.000000 1.5225
574.000000 1.5211
575.000000 1.5197
576.000000 1.5185
577.000000 1.5172
578.000000 1.516
579.000000 1.5149
580.000000 1.5138
581.000000 1.5127
582.000000 1.5117
583.000000 1.5107
584.000000 1.5097
585.000000 1.5088
586.000000 1.5079
587.000000 1.5071
588.000000 1.5063
589.000000 1.5055
590.000000 1.5048
591.000000 1.504
592.000000 1.5034
593.000000 1.5027
594.000000 1.5021
595.000000 1.5015
596.000000 1.5009
597.000000 1.5004
598.000000 1.4999
599.000000 1.4994
600.000000 1.4989
601.000000 1.4985
602.000000 1.498
603.000000 1.4976
604.000000 1.4973
605.000000 1.4969
606.000000 1.4966
607.000000 1.4963
608.000000 1.496
609.000000 1.4957
610.000000 1.4954
611.000000 1.4952
612.000000 1.4949
613.000000 1.4947
614.000000 1.4945
615.000000 1.4944
616.000000 1.4942
617.000000 1.494
618.000000 1.4939
619.000000 1.4938
620.000000 1.4937
621.000000 1.4936
622.000000 1.4935
623.000000 1.4934
624.000000 1.4933
625.000000 1.4933
626.000000 1.4932
627.000000 1.4932
628.000000 1.4931
629.000000 1.4931
630.000000 1.4931
631.000000 1.4931
632.000000 1.4931
633.000000 1.4931
634.000000 1.4931
635.000000 1.4931
636.000000 1.4932
637.000000 1.4932
638.000000 1.4932
639.000000 1.4933
640.000000 1.4933
641.000000 1.4934
642.000000 1.4934
643.000000 1.4935
644.000000 1.4936
645.000000 1.4936
646.000000 1.4937
647.000000 1.4938
648.000000 1.4939
649.000000 1.4939
650.000000 1.494
651.000000 1.4941
652.000000 1.4942
653.000000 1.4943
654.000000 1.4944
655.000000 1.4945
656.000000 1.4946
657.000000 1.4947
658.000000 1.4948
659.000000 1.4948
660.000000 1.4949
661.000000 1.495
662.000000 1.4951
663.000000 1.4952
664.000000 1.4953
665.000000 1.4954
666.000000 1.4955
667.000000 1.4956
668.000000 1.4957
669.000000 1.4958
670.000000 1.4959
671.000000 1.496
672.000000 1.4961
673.000000 1.4962
674.000000 1.4963
675.000000 1.4964
676.000000 1.4965
677.000000 1.4966
678.000000 1.4967
679.000000 1.4968
680.000000 1.4969
681.000000 1.497
682.000000 1.4971
683.000000 1.4972
684.000000 1.4973
685.000000 1.4973
686.000000 1.4974
687.000000 1.4975
688.000000 1.4976
689.000000 1.4977
690.000000 1.4978
691.000000 1.4978
692.000000 1.4979
693.000000 1.498
694.000000 1.4981
695.000000 1.4981
696.000000 1.4982
697.000000 1.4983
698.000000 1.4983
699.000000 1.4984
700.000000 1.4985
701.000000 1.4985
702.000000 1.4986
703.000000 1.4987
704.000000 1.4987
705.000000 1.4988
706.000000 1.4988
707.000000 1.4989
708.000000 1.499
709.000000 1.499
710.000000 1.4991
711.000000 1.4991
712.000000 1.4992
713.000000 1.4992
714.000000 1.4992
715.000000 1.4993
716.000000 1.4993
717.000000 1.4994
718.000000 1.4994
719.000000 1.4995
720.000000 1.4995
721.000000 1.4995
722.000000 1.4996
723.000000 1.4996
724.000000 1.4996
725.000000 1.4997
726.000000 1.4997
727.000000 1.4997
728.000000 1.4998
729.000000 1.4998
730.000000 1.4998
731.000000 1.4998
732.000000 1.4999
733.000000 1.4999
734.000000 1.4999
735.000000 1.4999
736.000000 1.5
737.000000 1.5
738.000000 1.5
739.000000 1.5
740.000000 1.5
741.000000 1.5
742.000000 1.5001
743.000000 1.5001
744.000000 1.5001
745.000000 1.5001
746.000000 1.5001
747.000000 1.5001
748.000000 1.5001
749.000000 1.5001
750.000000 1.5002
751.000000 1.5002
752.000000 1.5002
753.000000 1.5002
754.000000 1.5002
755.000000 1.5002
756.000000 1.5002
757.000000 1.5002
758.000000 1.5002
759.000000 1.5002
760.000000 1.5002
761.000000 1.5002
762.000000 1.5002
763.000000 1.5002
764.000000 1.5002
765.000000 1.5002
766.000000 1.5002
767.000000 1.5002
768.000000 1.5003
769.000000 1.5003
770.000000 1.5003
771.000000 1.5003
772.000000 1.5003
773.000000 1.5003
774.000000 1.5003
775.000000 1.5003
776.000000 1.5003
777.000000 1.5003
778.000000 1.5003
779.000000 1.5002
780.000000 1.5002
781.000000 1.5002
782.000000 1.5002
783.000000 1.5002
784.000000 1.5002
785.000000 1.5002
786.000000 1.5002
787.000000 1.5002
788.000000 1.5002
789.000000 1.5002
790.000000 1.5002
791.000000 1.5002
792.000000 1.5002
793.000000 1.5002
794.000000 1.5002
795.000000 1.5002
796.000000 1.5002
797.000000 1.5002
798.000000 1.5002
799.000000 1.5002
800.000000 -1.2551
801.000000 -0.75705
802.000000 -0.55089
803.000000 -0.36664
804.000000 -0.22415
805.000000 -0.11752
806.000000 -0.041448
807.000000 0.0096965
808.000000 0.041197
809.000000 0.057725
810.000000 0.063243
811.000000 0.060998
812.000000 0.05358
813.000000 0.042998
814.000000 0.030766
815.000000 0.017991
816.000000 0.0054544
817.000000 -0.0063233
818.000000 -0.017019
819.000000 -0.026457
820.000000 -0.034573
821.000000 -0.041377
822.000000 -0.046931
823.000000 -0.051331
824.000000 -0.054688
825.000000 -0.057124
826.000000 -0.058758
827.000000 -0.059707
828.000000 -0.060078
829.000000 -0.05997
830.000000 -0.059469
831.000000 -0.058652
832.000000 -0.057587
833.000000 -0.056328
834.000000 -0.054925
835.000000 -0.053416
836.000000 -0.051835
837.000000 -0.050208
838.000000 -0.048557
839.000000 -0.046899
840.000000 -0.045248
841.000000 -0.043613
842.000000 -0.042003
843.000000 -0.040424
844.000000 -0.03888
845.000000 -0.037373
846.000000 -0.035906
847.000000 -0.034479
848.000000 -0.033094
849.000000 -0.031749
850.000000 -0.030445
851.000000 -0.029181
852.000000 -0.027957
853.000000 -0.02677
854.000000 -0.025621
855.000000 -0.024508
856.000000 -0.02343
857.000000 -0.022387
858.000000 -0.021377
859.000000 -0.020399
860.000000 -0.019452
861.000000 -0.018536
862.000000 -0.017649
863.000000 -0.016791
864.000000 -0.015961
865.000000 -0.015157
866.000000 -0.01438
867.000000 -0.013629
868.000000 -0.012902
869.000000 -0.0122
870.000000 -0.011521
871.000000 -0.010864
872.000000 -0.010231
873.000000 -0.0096184
874.000000 -0.0090274
875.000000 -0.008457
876.000000 -0.0079067
877.000000 -0.0073758
878.000000 -0.006864
879.000000 -0.0063707
880.000000 -0.0058955
881.000000 -0.0054379
882.000000 -0.0049973
883.000000 -0.0045735
884.000000 -0.0041659
885.000000 -0.0037741
886.000000 -0.0033977
887.000000 -0.0030363
888.000000 -0.0026895
889.000000 -0.002357
890.000000 -0.0020382
891.000000 -0.0017328
892.000000 -0.0014406
893.000000 -0.0011611
894.000000 -0.00089389
895.000000 -0.00063875
896.000000 -0.00039529
897.000000 -0.00016318
898.000000 5.7906e-05
899.000000 0.00026828
900.000000 0.00046826
901.000000 0.00065816
902.000000 0.00083826
903.000000 0.0010089
904.000000 0.0011703
905.000000 0.0013228
906.000000 0.0014666
907.000000 0.0016021
908.000000 0.0017294
909.000000 0.001849
910.000000 0.0019609
911.000000 0.0020655
912.000000 0.002163
913.000000 0.0022536
914.000000 0.0023377
915.000000 0.0024153
916.000000 0.0024868
917.000000 0.0025524
918.000000 0.0026122
919.000000 0.0026665
920.000000 0.0027155
921.000000 0.0027594
922.000000 0.0027983
923.000000 0.0028326
924.000000 0.0028623
925.000000 0.0028877
926.000000 0.002909
927.000000 0.0029262
928.000000 0.0029396
929.000000 0.0029493
930.000000 0.0029556
931.000000 0.0029585
932.000000 0.0029582
933.000000 0.0029549
934.000000 0.0029488
935.000000 0.0029398
936.000000 0.0029283
937.000000 0.0029143
938.000000 0.0028979
939.000000 0.0028793
940.000000 0.0028586
941.000000 0.0028359
942.000000 0.0028114
943.000000 0.0027851
944.000000 0.0027572
945.000000 0.0027278
946.000000 0.0026969
947.000000 0.0026646
948.000000 0.0026311
949.000000 0.0025965
950.000000 0.0025608
951.000000 0.0025242
952.000000 0.0024866
953.000000 0.0024482
954.000000 0.0024091
955.000000 0.0023693
956.000000 0.002329
957.000000 0.0022881
958.000000 0.0022467
959.000000 0.002205
960.000000 0.0021629
961.000000 0.0021205
962.000000 0.002078
963.000000 0.0020352
964.000000 0.0019924
965.000000 0.0019495
966.000000 0.0019065
967.000000 0.0018636
968.000000 0.0018208
969.000000 0.001778
970.000000 0.0017355
971.000000 0.0016931
972.000000 0.0016509
973.000000 0.001609
974.000000 0.0015673
975.000000 0.001526
976.000000 0.001485
977.000000 0.0014444
978.000000 0.0014041
979.000000 0.0013643
980.000000 0.0013249
981.000000 0.001286
982.000000 0.0012476
983.000000 0.0012096
984.000000 0.0011721
985.000000 0.0011352
986.000000 0.0010988
987.000000 0.001063
988.000000 0.0010277
989.000000 0.00099296
990.000000 0.00095883
991.000000 0.00092528
992.000000 0.00089232
993.000000 0.00085997
994.000000 0.00082822
995.000000 0.00079709
996.000000 0.00076656
997.000000 0.00073666
998.000000 0.00070737
999.000000 0.00067871
1000.000000 0.00065066
1001.000000 0.00062324
1002.000000 0.00059644
1003.000000 0.00057026
1004.000000 0.0005447
1005.000000 0.00051975
1006.000000 0.00049541
1007.000000 0.00047169
1008.000000 0.00044856
1009.000000 0.00042604
1010.000000 0.00040412
1011.000000 0.00038279
1012.000000 0.00036204
1013.000000 0.00034188
1014.000000 0.00032229
1015.000000 0.00030327
1016.000000 0.0002848
1017.000000 0.0002669
1018.000000 0.00024954
1019.000000 0.00023272
1020.000000 0.00021643
1021.000000 0.00020066
1022.000000 0.00018541
1023.000000 0.00017067
1024.000000 0.00015643
1025.000000 0.00014268
1026.000000 0.00012942
1027.000000 0.00011663
1028.000000 0.0001043
1029.000000 9.2429e-05
1030.000000 8.1007e-05
1031.000000 7.0024e-05
1032.000000 5.9471e-05
1033.000000 4.9339e-05
1034.000000 3.962e-05
1035.000000 3.0303e-05
1036.000000 2.138e-05
1037.000000 1.2843e-05
1038.000000 4.6818e-06
1039.000000 -3.112e-06
1040.000000 -1.0547e-05
1041.000000 -1.7633e-05
1042.000000 -2.4379e-05
1043.000000 -3.0792e-05
1044.000000 -3.6881e-05
1045.000000 -4.2656e-05
1046.000000 -4.8125e-05
1047.000000 -5.3296e-05
1048.000000 -5.8178e-05
1049.000000 -6.2778e-05
1050.000000 -6.7106e-05
1051.000000 -7.1168e-05
1052.000000 -7.4974e-05
1053.000000 -7.8531e-05
1054.000000 -8.1846e-05
1055.000000 -8.4928e-05
1056.000000 -8.7784e-05
1057.000000 -9.0422e-05
1058.000000 -9.2848e-05
1059.000000 -9.507e-05
1060.000000 -9.7094e-05
1061.000000 -9.8929e-05
1062.000000 -0.00010058
1063.000000 -0.00010206
1064.000000 -0.00010336
1065.000000 -0.0001045
1066.000000 -0.00010549
1067.000000 -0.00010632
1068.000000 -0.00010701
1069.000000 -0.00010756
1070.000000 -0.00010797
1071.000000 -0.00010826
1072.000000 -0.00010843
1073.000000 -0.00010847
1074.000000 -0.00010841
1075.000000 -0.00010824
1076.000000 -0.00010797
1077.000000 -0.00010761
1078.000000 -0.00010715
1079.000000 -0.0001066
1080.000000 -0.00010598
1081.000000 -0.00010527
1082.000000 -0.00010449
1083.000000 -0.00010364
1084.000000 -0.00010273
1085.000000 -0.00010175
1086.000000 -0.00010072
1087.000000 -9.9631e-05
1088.000000 -9.8492e-05
1089.000000 -9.7306e-05
1090.000000 -9.6076e-05
1091.000000 -9.4806e-05
1092.000000 -9.3498e-05
1093.000000 -9.2155e-05
1094.000000 -9.0781e-05
1095.000000 -8.9379e-05
1096.000000 -8.795e-05
1097.000000 -8.6498e-05
1098.000000 -8.5025e-05
1099.000000 -8.3534e-05
