0.000000 0
1.000000 0
2.000000 0
3.000000 0
4.000000 0
5.000000 0
6.000000 0
7.000000 0
8.000000 0
9.000000 0
10.000000 0.92025
11.000000 1.1478
12.000000 1.34
13.000000 1.4733
14.000000 1.5683
15.000000 1.6365
16.000000 1.6859
17.000000 1.7221
18.000000 1.749
19.000000 1.7694
20.000000 1.7851
21.000000 1.7976
22.000000 1.8079
23.000000 1.8165
24.000000 1.8241
25.000000 1.8309
26.000000 1.8372
27.000000 1.8431
28.000000 1.8487
29.000000 1.8542
30.000000 1.8595
31.000000 1.8648
32.000000 1.87
33.000000 1.8751
34.000000 1.8801
35.000000 1.8851
36.000000 1.8899
37.000000 1.8947
38.000000 1.8995
39.000000 1.9041
40.000000 1.9086
41.000000 1.913
42.000000 1.9173
43.000000 1.9215
44.000000 1.9256
45.000000 1.9295
46.000000 1.9334
47.000000 1.9371
48.000000 1.9407
49.000000 1.9442
50.000000 1.9476
51.000000 1.9509
52.000000 1.9541
53.000000 1.9571
54.000000 1.9601
55.000000 1.9629
56.000000 1.9656
57.000000 1.9683
58.000000 1.9708
59.000000 1.9732
60.000000 1.9756
61.000000 1.9778
62.000000 1.98
63.000000 1.982
64.000000 1.984
65.000000 1.9859
66.000000 1.9877
67.000000 1.9894
68.000000 1.9911
69.000000 1.9927
70.000000 1.9942
71.000000 1.9956
72.000000 1.997
73.000000 1.9983
74.000000 1.9995
75.000000 2.0007
76.000000 2.0018
77.000000 2.0028
78.000000 2.0038
79.000000 2.0048
80.000000 2.0057
81.000000 2.0065
82.000000 2.0073
83.000000 2.008
84.000000 2.0087
85.000000 2.0093
86.000000 2.0099
87.000000 2.0105
88.000000 2.011
89.000000 2.0115
90.000000 2.0119
91.000000 2.0123
92.000000 2.0127
93.000000 2.013
94.000000 2.0133
95.000000 2.0136
96.000000 2.0138
97.000000 2.014
98.000000 2.0142
99.000000 2.0144
100.000000 2.0145
101.000000 2.0146
102.000000 2.0147
103.000000 2.0148
104.000000 2.0148
105.000000 2.0149
106.000000 2.0149
107.000000 2.0149
108.000000 2.0149
109.000000 2.0148
110.000000 2.0148
111.000000 2.0147
112.000000 2.0146
113.000000 2.0145
114.000000 2.0144
115.000000 2.0143
116.000000 2.0141
117.000000 2.014
118.000000 2.0139
119.000000 2.0137
120.000000 2.0135
121.000000 2.0134
122.000000 2.0132
123.000000 2.013
124.000000 2.0128
125.000000 2.0126
126.000000 2.0124
127.000000 2.0122
128.000000 2.012
129.000000 2.0118
130.000000 2.0115
131.000000 2.0113
132.000000 2.0111
133.000000 2.0109
134.000000 2.0106
135.000000 2.0104
136.000000 2.0102
137.000000 2.01
138.000000 2.0097
139.000000 2.0095
140.000000 2.0093
141.000000 2.009
142.000000 2.0088
143.000000 2.0086
144.000000 2.0084
145.000000 2.0081
146.000000 2.0079
147.000000 2.0077
148.000000 2.0075
149.000000 2.0073
150.000000 2.007
151.000000 2.0068
152.000000 2.0066
153.000000 2.0064
154.000000 2.0062
155.000000 2.006
156.000000 2.0058
157.000000 2.0056
158.000000 2.0054
159.000000 2.0052
160.000000 2.005
161.000000 2.0048
162.000000 2.0047
163.000000 2.0045
164.000000 2.0043
165.000000 2.0041
166.000000 2.004
167.000000 2.0038
168.000000 2.0036
169.000000 2.0035
170.000000 2.0033
171.000000 2.0032
172.000000 2.003
173.000000 2.0029
174.000000 2.0028
175.000000 2.0026
176.000000 2.0025
177.000000 2.0023
178.000000 2.0022
179.000000 2.0021
180.000000 2.002
181.000000 2.0019
182.000000 2.0017
183.000000 2.0016
184.000000 2.0015
185.000000 2.0014
186.000000 2.0013
187.000000 2.0012
188.000000 2.0011
189.000000 2.001
190.000000 2.001
191.000000 2.0009
192.000000 2.0008
193.000000 2.0007
194.000000 2.0006
195.000000 2.0006
196.000000 2.0005
197.000000 2.0004
198.000000 2.0003
199.000000 2.0003
200.000000 0.15972
201.000000 -0.29538
202.000000 -0.67982
203.000000 -0.94649
204.000000 -1.1367
205.000000 -1.2731
206.000000 -1.3719
207.000000 -1.4443
208.000000 -1.4982
209.000000 -1.5389
210.000000 -1.5705
211.000000 -1.5956
212.000000 -1.6161
213.000000 -1.6334
214.000000 -1.6486
215.000000 -1.6622
216.000000 -1.6748
217.000000 -1.6866
218.000000 -1.6979
219.000000 -1.7089
220.000000 -1.7196
221.000000 -1.7302
222.000000 -1.7405
223.000000 -1.7508
224.000000 -1.7608
225.000000 -1.7708
226.000000 -1.7805
227.000000 -1.7901
228.000000 -1.7996
229.000000 -1.8088
230.000000 -1.8178
231.000000 -1.8267
232.000000 -1.8353
233.000000 -1.8437
234.000000 -1.8519
235.000000 -1.8598
236.000000 -1.8675
237.000000 -1.875
238.000000 -1.8822
239.000000 -1.8892
240.000000 -1.896
241.000000 -1.9025
242.000000 -1.9089
243.000000 -1.915
244.000000 -1.9208
245.000000 -1.9265
246.000000 -1.932
247.000000 -1.9372
248.000000 -1.9423
249.000000 -1.9471
250.000000 -1.9518
251.000000 -1.9563
252.000000 -1.9606
253.000000 -1.9647
254.000000 -1.9687
255.000000 -1.9724
256.000000 -1.9761
257.000000 -1.9795
258.000000 -1.9828
259.000000 -1.986
260.000000 -1.989
261.000000 -1.9918
262.000000 -1.9945
263.000000 -1.9971
264.000000 -1.9996
265.000000 -2.0019
266.000000 -2.0041
267.000000 -2.0062
268.000000 -2.0082
269.000000 -2.0101
270.000000 -2.0118
271.000000 -2.0135
272.000000 -2.015
273.000000 -2.0165
274.000000 -2.0178
275.000000 -2.0191
276.000000 -2.0203
277.000000 -2.0214
278.000000 -2.0224
279.000000 -2.0234
280.000000 -2.0242
281.000000 -2.025
282.000000 -2.0257
283.000000 -2.0264
284.000000 -2.027
285.000000 -2.0275
286.000000 -2.028
287.000000 -2.0284
288.000000 -2.0288
289.000000 -2.0291
290.000000 -2.0294
291.000000 -2.0296
292.000000 -2.0298
293.000000 -2.0299
294.000000 -2.03
295.000000 -2.03
296.000000 -2.03
297.000000 -2.03
298.000000 -2.0299
299.000000 -2.0299
300.000000 -2.0297
301.000000 -2.0296
302.000000 -2.0294
303.000000 -2.0292
304.000000 -2.029
305.000000 -2.0287
306.000000 -2.0285
307.000000 -2.0282
308.000000 -2.0279
309.000000 -2.0275
310.000000 -2.0272
311.000000 -2.0269
312.000000 -2.0265
313.000000 -2.0261
314.000000 -2.0257
315.000000 -2.0253
316.000000 -2.0249
317.000000 -2.0245
318.000000 -2.0241
319.000000 -2.0236
320.000000 -2.0232
321.000000 -2.0227
322.000000 -2.0223
323.000000 -2.0218
324.000000 -2.0214
325.000000 -2.0209
326.000000 -2.0205
327.000000 -2.02
328.000000 -2.0195
329.000000 -2.0191
330.000000 -2.0186
331.000000 -2.0181
332.000000 -2.0177
333.000000 -2.0172
334.000000 -2.0168
335.000000 -2.0163
336.000000 -2.0159
337.000000 -2.0154
338.000000 -2.015
339.000000 -2.0145
340.000000 -2.0141
341.000000 -2.0137
342.000000 -2.0133
343.000000 -2.0128
344.000000 -2.0124
345.000000 -2.012
346.000000 -2.0116
347.000000 -2.0112
348.000000 -2.0108
349.000000 -2.0104
350.000000 -2.0101
351.000000 -2.0097
352.000000 -2.0093
353.000000 -2.009
354.000000 -2.0086
355.000000 -2.0083
356.000000 -2.0079
357.000000 -2.0076
358.000000 -2.0073
359.000000 -2.007
360.000000 -2.0067
361.000000 -2.0064
362.000000 -2.0061
363.000000 -2.0058
364.000000 -2.0055
365.000000 -2.0052
366.000000 -2.0049
367.000000 -2.0047
368.000000 -2.0044
369.000000 -2.0042
370.000000 -2.0039
371.000000 -2.0037
372.000000 -2.0035
373.000000 -2.0033
374.000000 -2.003
375.000000 -2.0028
376.000000 -2.0026
377.000000 -2.0024
378.000000 -2.0022
379.000000 -2.0021
380.000000 -2.0019
381.000000 -2.0017
382.000000 -2.0015
383.000000 -2.0014
384.000000 -2.0012
385.000000 -2.0011
386.000000 -2.0009
387.000000 -2.0008
388.000000 -2.0007
389.000000 -2.0005
390.000000 -2.0004
391.000000 -2.0003
392.000000 -2.0002
393.000000 -2.0001
394.000000 -2
395.000000 -1.9999
396.000000 -1.9998
397.000000 -1.9997
398.000000 -1.9996
399.000000 -1.9995
400.000000 -1.9995
401.000000 -1.9994
402.000000 -1.9993
403.000000 -1.9993
404.000000 -1.9992
405.000000 -1.9991
406.000000 -1.9991
407.000000 -1.999
408.000000 -1.999
409.000000 -1.9989
410.000000 -1.9989
411.000000 -1.9989
412.000000 -1.9988
413.000000 -1.9988
414.000000 -1.9988
415.000000 -1.9987
416.000000 -1.9987
417.000000 -1.9987
418.000000 -1.9987
419.000000 -1.9986
420.000000 -1.9986
421.000000 -1.9986
422.000000 -1.9986
423.000000 -1.9986
424.000000 -1.9986
425.000000 -1.9986
426.000000 -1.9986
427.000000 -1.9986
428.000000 -1.9986
429.000000 -1.9986
430.000000 -1.9986
431.000000 -1.9986
432.000000 -1.9986
433.000000 -1.9986
434.000000 -1.9986
435.000000 -1.9986
436.000000 -1.9986
437.000000 -1.9986
438.000000 -1.9986
439.000000 -1.9986
440.000000 -1.9986
441.000000 -1.9986
442.000000 -1.9987
443.000000 -1.9987
444.000000 -1.9987
445.000000 -1.9987
446.000000 -1.9987
447.000000 -1.9987
448.000000 -1.9988
449.000000 -1.9988
450.000000 -1.9988
451.000000 -1.9988
452.000000 -1.9988
453.000000 -1.9988
454.000000 -1.9989
455.000000 -1.9989
456.000000 -1.9989
457.000000 -1.9989
458.000000 -1.9989
459.000000 -1.999
460.000000 -1.999
461.000000 -1.999
462.000000 -1.999
463.000000 -1.999
464.000000 -1.9991
465.000000 -1.9991
466.000000 -1.9991
467.000000 -1.9991
468.000000 -1.9992
469.000000 -1.9992
470.000000 -1.9992
471.000000 -1.9992
472.000000 -1.9992
473.000000 -1.9993
474.000000 -1.9993
475.000000 -1.9993
476.000000 -1.9993
477.000000 -1.9993
478.000000 -1.9993
479.000000 -1.9994
480.000000 -1.9994
481.000000 -1.9994
482.000000 -1.9994
483.000000 -1.9994
484.000000 -1.9995
485.000000 -1.9995
486.000000 -1.9995
487.000000 -1.9995
488.000000 -1.9995
489.000000 -1.9995
490.000000 -1.9996
491.000000 -1.9996
492.000000 -1.9996
493.000000 -1.9996
494.000000 -1.9996
495.000000 -1.9996
496.000000 -1.9996
497.000000 -1.9997
498.000000 -1.9997
499.000000 -1.9997
500.000000 -0.38926
501.000000 0.0088899
502.000000 0.34522
503.000000 0.57849
504.000000 0.74485
505.000000 0.86416
506.000000 0.95057
507.000000 1.0139
508.000000 1.061
509.000000 1.0966
510.000000 1.1241
511.000000 1.146
512.000000 1.164
513.000000 1.1791
514.000000 1.1923
515.000000 1.2042
516.000000 1.2151
517.000000 1.2255
518.000000 1.2354
519.000000 1.2449
520.000000 1.2543
521.000000 1.2635
522.000000 1.2725
523.000000 1.2815
524.000000 1.2903
525.000000 1.2989
526.000000 1.3075
527.000000 1.3159
528.000000 1.3241
529.000000 1.3322
530.000000 1.3401
531.000000 1.3478
532.000000 1.3553
533.000000 1.3626
534.000000 1.3698
535.000000 1.3767
536.000000 1.3834
537.000000 1.39
538.000000 1.3963
539.000000 1.4024
540.000000 1.4084
541.000000 1.4141
542.000000 1.4196
543.000000 1.425
544.000000 1.4301
545.000000 1.4351
546.000000 1.4398
547.000000 1.4444
548.000000 1.4489
549.000000 1.4531
550.000000 1.4572
551.000000 1.4611
552.000000 1.4649
553.000000 1.4685
554.000000 1.472
555.000000 1.4753
556.000000 1.4785
557.000000 1.4815
558.000000 1.4844
559.000000 1.4871
560.000000 1.4898
561.000000 1.4923
562.000000 1.4947
563.000000 1.4969
564.000000 1.4991
565.000000 1.5011
566.000000 1.5031
567.000000 1.5049
568.000000 1.5067
569.000000 1.5083
570.000000 1.5098
571.000000 1.5113
572.000000 1.5127
573.000000 1.514
574.000000 1.5152
575.000000 1.5163
576.000000 1.5173
577.000000 1.5183
578.000000 1.5192
579.000000 1.52
580.000000 1.5208
581.000000 1.5215
582.000000 1.5221
583.000000 1.5227
584.000000 1.5233
585.000000 1.5237
586.000000 1.5242
587.000000 1.5245
588.000000 1.5249
589.000000 1.5251
590.000000 1.5254
591.000000 1.5256
592.000000 1.5257
593.000000 1.5259
594.000000 1.5259
595.000000 1.526
596.000000 1.526
597.000000 1.526
598.000000 1.526
599.000000 1.5259
600.000000 1.5258
601.000000 1.5257
602.000000 1.5255
603.000000 1.5253
604.000000 1.5252
605.000000 1.5249
606.000000 1.5247
607.000000 1.5245
608.000000 1.5242
609.000000 1.5239
610.000000 1.5236
611.000000 1.5233
612.000000 1.523
613.000000 1.5227
614.000000 1.5224
615.000000 1.522
616.000000 1.5217
617.000000 1.5213
618.000000 1.5209
619.000000 1.5206
620.000000 1.5202
621.000000 1.5198
622.000000 1.5194
623.000000 1.519
624.000000 1.5186
625.000000 1.5182
626.000000 1.5178
627.000000 1.5174
628.000000 1.517
629.000000 1.5166
630.000000 1.5162
631.000000 1.5158
632.000000 1.5154
633.000000 1.515
634.000000 1.5146
635.000000 1.5142
636.000000 1.5138
637.000000 1.5135
638.000000 1.5131
639.000000 1.5127
640.000000 1.5123
641.000000 1.5119
642.000000 1.5116
643.000000 1.5112
644.000000 1.5109
645.000000 1.5105
646.000000 1.5101
647.000000 1.5098
648.000000 1.5095
649.000000 1.5091
650.000000 1.5088
651.000000 1.5085
652.000000 1.5082
653.000000 1.5078
654.000000 1.5075
655.000000 1.5072
656.000000 1.5069
657.000000 1.5067
658.000000 1.5064
659.000000 1.5061
660.000000 1.5058
661.000000 1.5056
662.000000 1.5053
663.000000 1.5051
664.000000 1.5048
665.000000 1.5046
666.000000 1.5043
667.000000 1.5041
668.000000 1.5039
669.000000 1.5037
670.000000 1.5035
671.000000 1.5033
672.000000 1.5031
673.000000 1.5029
674.000000 1.5027
675.000000 1.5025
676.000000 1.5023
677.000000 1.5021
678.000000 1.502
679.000000 1.5018
680.000000 1.5017
681.000000 1.5015
682.000000 1.5014
683.000000 1.5012
684.000000 1.5011
685.000000 1.501
686.000000 1.5008
687.000000 1.5007
688.000000 1.5006
689.000000 1.5005
690.000000 1.5004
691.000000 1.5003
692.000000 1.5002
693.000000 1.5001
694.000000 1.5
695.000000 1.4999
696.000000 1.4998
697.000000 1.4998
698.000000 1.4997
699.000000 1.4996
700.000000 1.4996
701.000000 1.4995
702.000000 1.4994
703.000000 1.4994
704.000000 1.4993
705.000000 1.4993
706.000000 1.4992
707.000000 1.4992
708.000000 1.4991
709.000000 1.4991
710.000000 1.4991
711.000000 1.499
712.000000 1.499
713.000000 1.499
714.000000 1.4989
715.000000 1.4989
716.000000 1.4989
717.000000 1.4989
718.000000 1.4988
719.000000 1.4988
720.000000 1.4988
721.000000 1.4988
722.000000 1.4988
723.000000 1.4988
724.000000 1.4988
725.000000 1.4988
726.000000 1.4988
727.000000 1.4988
728.000000 1.4988
729.000000 1.4988
730.000000 1.4988
731.000000 1.4988
732.000000 1.4988
733.000000 1.4988
734.000000 1.4988
735.000000 1.4988
736.000000 1.4988
737.000000 1.4988
738.000000 1.4988
739.000000 1.4988
740.000000 1.4988
741.000000 1.4988
742.000000 1.4988
743.000000 1.4989
744.000000 1.4989
745.000000 1.4989
746.000000 1.4989
747.000000 1.4989
748.000000 1.4989
749.000000 1.4989
750.000000 1.499
751.000000 1.499
752.000000 1.499
753.000000 1.499
754.000000 1.499
755.000000 1.499
756.000000 1.499
757.000000 1.4991
758.000000 1.4991
759.000000 1.4991
760.000000 1.4991
761.000000 1.4991
762.000000 1.4992
763.000000 1.4992
764.000000 1.4992
765.000000 1.4992
766.000000 1.4992
767.000000 1.4992
768.000000 1.4993
769.000000 1.4993
770.000000 1.4993
771.000000 1.4993
772.000000 1.4993
773.000000 1.4993
774.000000 1.4994
775.000000 1.4994
776.000000 1.4994
777.000000 1.4994
778.000000 1.4994
779.000000 1.4994
780.000000 1.4995
781.000000 1.4995
782.000000 1.4995
783.000000 1.4995
784.000000 1.4995
785.000000 1.4995
786.000000 1.4996
787.000000 1.4996
788.000000 1.4996
789.000000 1.4996
790.000000 1.4996
791.000000 1.4996
792.000000 1.4996
793.000000 1.4997
794.000000 1.4997
795.000000 1.4997
796.000000 1.4997
797.000000 1.4997
798.000000 1.4997
799.000000 1.4997
800.000000 0.80955
801.000000 0.63892
802.000000 0.49478
803.000000 0.39481
804.000000 0.32352
805.000000 0.27239
806.000000 0.23537
807.000000 0.20824
808.000000 0.18807
809.000000 0.17281
810.000000 0.161
811.000000 0.15162
812.000000 0.14394
813.000000 0.13745
814.000000 0.13179
815.000000 0.12671
816.000000 0.12202
817.000000 0.1176
818.000000 0.11337
819.000000 0.10926
820.000000 0.10525
821.000000 0.10132
822.000000 0.097442
823.000000 0.09362
824.000000 0.089852
825.000000 0.086139
826.000000 0.082484
827.000000 0.078891
828.000000 0.075365
829.000000 0.071908
830.000000 0.068526
831.000000 0.065222
832.000000 0.061999
833.000000 0.058858
834.000000 0.055801
835.000000 0.052831
836.000000 0.049947
837.000000 0.04715
838.000000 0.044439
839.000000 0.041815
840.000000 0.039277
841.000000 0.036824
842.000000 0.034454
843.000000 0.032167
844.000000 0.029962
845.000000 0.027836
846.000000 0.025788
847.000000 0.023818
848.000000 0.021922
849.000000 0.020099
850.000000 0.018348
851.000000 0.016667
852.000000 0.015054
853.000000 0.013508
854.000000 0.012026
855.000000 0.010607
856.000000 0.0092502
857.000000 0.0079527
858.000000 0.0067133
859.000000 0.0055303
860.000000 0.0044021
861.000000 0.0033273
862.000000 0.0023041
863.000000 0.0013311
864.000000 0.00040677
865.000000 -0.00047038
866.000000 -0.0013018
867.000000 -0.0020889
868.000000 -0.0028331
869.000000 -0.0035358
870.000000 -0.0041983
871.000000 -0.004822
872.000000 -0.0054081
873.000000 -0.0059579
874.000000 -0.0064727
875.000000 -0.0069537
876.000000 -0.0074021
877.000000 -0.007819
878.000000 -0.0082055
879.000000 -0.0085629
880.000000 -0.0088922
881.000000 -0.0091943
882.000000 -0.0094705
883.000000 -0.0097217
884.000000 -0.0099489
885.000000 -0.010153
886.000000 -0.010335
887.000000 -0.010496
888.000000 -0.010636
889.000000 -0.010757
890.000000 -0.01086
891.000000 -0.010945
892.000000 -0.011012
893.000000 -0.011064
894.000000 -0.0111
895.000000 -0.011122
896.000000 -0.011129
897.000000 -0.011124
898.000000 -0.011105
899.000000 -0.011075
900.000000 -0.011033
901.000000 -0.010981
902.000000 -0.010919
903.000000 -0.010847
904.000000 -0.010766
905.000000 -0.010676
906.000000 -0.010579
907.000000 -0.010474
908.000000 -0.010362
909.000000 -0.010244
910.000000 -0.01012
911.000000 -0.0099905
912.000000 -0.0098557
913.000000 -0.0097161
914.000000 -0.0095722
915.000000 -0.0094243
916.000000 -0.0092728
917.000000 -0.009118
918.000000 -0.0089603
919.000000 -0.0087999
920.000000 -0.0086373
921.000000 -0.0084727
922.000000 -0.0083064
923.000000 -0.0081386
924.000000 -0.0079696
925.000000 -0.0077997
926.000000 -0.007629
927.000000 -0.0074579
928.000000 -0.0072865
929.000000 -0.0071151
930.000000 -0.0069438
931.000000 -0.0067728
932.000000 -0.0066023
933.000000 -0.0064324
934.000000 -0.0062634
935.000000 -0.0060953
936.000000 -0.0059284
937.000000 -0.0057627
938.000000 -0.0055983
939.000000 -0.0054355
940.000000 -0.0052742
941.000000 -0.0051146
942.000000 -0.0049568
943.000000 -0.0048009
944.000000 -0.0046469
945.000000 -0.004495
946.000000 -0.0043452
947.000000 -0.0041976
948.000000 -0.0040522
949.000000 -0.0039091
950.000000 -0.0037683
951.000000 -0.0036299
952.000000 -0.003494
953.000000 -0.0033605
954.000000 -0.0032294
955.000000 -0.0031009
956.000000 -0.0029749
957.000000 -0.0028515
958.000000 -0.0027307
959.000000 -0.0026124
960.000000 -0.0024967
961.000000 -0.0023836
962.000000 -0.0022731
963.000000 -0.0021652
964.000000 -0.0020598
965.000000 -0.0019571
966.000000 -0.0018569
967.000000 -0.0017593
968.000000 -0.0016643
969.000000 -0.0015717
970.000000 -0.0014817
971.000000 -0.0013942
972.000000 -0.0013091
973.000000 -0.0012266
974.000000 -0.0011464
975.000000 -0.0010686
976.000000 -0.00099321
977.000000 -0.00092015
978.000000 -0.00084941
979.000000 -0.00078095
980.000000 -0.00071474
981.000000 -0.00065074
982.000000 -0.00058893
983.000000 -0.00052927
984.000000 -0.00047172
985.000000 -0.00041625
986.000000 -0.00036282
987.000000 -0.0003114
988.000000 -0.00026194
989.000000 -0.00021442
990.000000 -0.00016878
991.000000 -0.000125
992.000000 -8.3032e-05
993.000000 -4.2842e-05
994.000000 -4.39e-06
995.000000 3.2363e-05
996.000000 6.7456e-05
997.000000 0.00010093
998.000000 0.00013282
999.000000 0.00016316
1000.000000 0.000192
1001.000000 0.00021936
1002.000000 0.0002453
1003.000000 0.00026985
1004.000000 0.00029304
1005.000000 0.00031492
1006.000000 0.00033551
1007.000000 0.00035486
1008.000000 0.000373
1009.000000 0.00038997
1010.000000 0.0004058
1011.000000 0.00042053
1012.000000 0.00043419
1013.000000 0.00044682
1014.000000 0.00045845
1015.000000 0.00046911
1016.000000 0.00047883
1017.000000 0.00048766
1018.000000 0.00049561
1019.000000 0.00050272
1020.000000 0.00050902
1021.000000 0.00051454
1022.000000 0.00051931
1023.000000 0.00052336
1024.000000 0.00052672
1025.000000 0.00052941
1026.000000 0.00053146
1027.000000 0.0005329
1028.000000 0.00053375
1029.000000 0.00053404
1030.000000 0.0005338
1031.000000 0.00053304
1032.000000 0.0005318
1033.000000 0.00053008
1034.000000 0.00052793
1035.000000 0.00052536
1036.000000 0.00052238
1037.000000 0.00051903
1038.000000 0.00051532
1039.000000 0.00051127
1040.000000 0.0005069
1041.000000 0.00050223
1042.000000 0.00049727
1043.000000 0.00049205
1044.000000 0.00048659
1045.000000 0.00048089
1046.000000 0.00047497
1047.000000 0.00046886
1048.000000 0.00046256
1049.000000 0.00045609
1050.000000 0.00044946
1051.000000 0.00044269
1052.000000 0.00043579
1053.000000 0.00042877
1054.000000 0.00042165
1055.000000 0.00041444
1056.000000 0.00040714
1057.000000 0.00039977
1058.000000 0.00039234
1059.000000 0.00038486
1060.000000 0.00037734
1061.000000 0.00036979
1062.000000 0.00036221
1063.000000 0.00035462
1064.000000 0.00034703
1065.000000 0.00033943
1066.000000 0.00033185
1067.000000 0.00032428
1068.000000 0.00031674
1069.000000 0.00030922
1070.000000 0.00030174
1071.000000 0.0002943
1072.000000 0.00028691
1073.000000 0.00027957
1074.000000 0.00027228
1075.000000 0.00026506
1076.000000 0.0002579
1077.000000 0.00025082
1078.000000 0.0002438
1079.000000 0.00023687
1080.000000 0.00023001
1081.000000 0.00022324
1082.000000 0.00021656
1083.000000 0.00020996
1084.000000 0.00020346
1085.000000 0.00019705
1086.000000 0.00019074
1087.000000 0.00018453
1088.000000 0.00017841
1089.000000 0.0001724
1090.000000 0.00016649
1091.000000 0.00016068
1092.000000 0.00015498
1093.000000 0.00014939
1094.000000 0.0001439
1095.000000 0.00013852
1096.000000 0.00013325
1097.000000 0.00012808
1098.000000 0.00012303
1099.000000 0.00011808
