1.0000 0.0000
2.0000 0.0000
3.0000 0.0000
4.0000 0.0000
5.0000 0.0000
6.0000 0.0000
7.0000 0.0000
8.0000 0.0000
9.0000 0.0000
10.0000 2.0000
11.0000 2.0000
12.0000 2.0000
13.0000 2.0000
14.0000 2.0000
15.0000 2.0000
16.0000 2.0000
17.0000 2.0000
18.0000 2.0000
19.0000 2.0000
20.0000 2.0000
21.0000 2.0000
22.0000 2.0000
23.0000 2.0000
24.0000 2.0000
25.0000 2.0000
26.0000 2.0000
27.0000 2.0000
28.0000 2.0000
29.0000 2.0000
30.0000 2.0000
31.0000 2.0000
32.0000 2.0000
33.0000 2.0000
34.0000 2.0000
35.0000 2.0000
36.0000 2.0000
37.0000 2.0000
38.0000 2.0000
39.0000 2.0000
40.0000 2.0000
41.0000 2.0000
42.0000 2.0000
43.0000 2.0000
44.0000 2.0000
45.0000 2.0000
46.0000 2.0000
47.0000 2.0000
48.0000 2.0000
49.0000 2.0000
50.0000 2.0000
51.0000 2.0000
52.0000 2.0000
53.0000 2.0000
54.0000 2.0000
55.0000 2.0000
56.0000 2.0000
57.0000 2.0000
58.0000 2.0000
59.0000 2.0000
60.0000 2.0000
61.0000 2.0000
62.0000 2.0000
63.0000 2.0000
64.0000 2.0000
65.0000 2.0000
66.0000 2.0000
67.0000 2.0000
68.0000 2.0000
69.0000 2.0000
70.0000 2.0000
71.0000 2.0000
72.0000 2.0000
73.0000 2.0000
74.0000 2.0000
75.0000 2.0000
76.0000 2.0000
77.0000 2.0000
78.0000 2.0000
79.0000 2.0000
80.0000 2.0000
81.0000 2.0000
82.0000 2.0000
83.0000 2.0000
84.0000 2.0000
85.0000 2.0000
86.0000 2.0000
87.0000 2.0000
88.0000 2.0000
89.0000 2.0000
90.0000 2.0000
91.0000 2.0000
92.0000 2.0000
93.0000 2.0000
94.0000 2.0000
95.0000 2.0000
96.0000 2.0000
97.0000 2.0000
98.0000 2.0000
99.0000 2.0000
100.0000 2.0000
101.0000 2.0000
102.0000 2.0000
103.0000 2.0000
104.0000 2.0000
105.0000 2.0000
106.0000 2.0000
107.0000 2.0000
108.0000 2.0000
109.0000 2.0000
110.0000 2.0000
111.0000 2.0000
112.0000 2.0000
113.0000 2.0000
114.0000 2.0000
115.0000 2.0000
116.0000 2.0000
117.0000 2.0000
118.0000 2.0000
119.0000 2.0000
120.0000 2.0000
121.0000 2.0000
122.0000 2.0000
123.0000 2.0000
124.0000 2.0000
125.0000 2.0000
126.0000 2.0000
127.0000 2.0000
128.0000 2.0000
129.0000 2.0000
130.0000 2.0000
131.0000 2.0000
132.0000 2.0000
133.0000 2.0000
134.0000 2.0000
135.0000 2.0000
136.0000 2.0000
137.0000 2.0000
138.0000 2.0000
139.0000 2.0000
140.0000 2.0000
141.0000 2.0000
142.0000 2.0000
143.0000 2.0000
144.0000 2.0000
145.0000 2.0000
146.0000 2.0000
147.0000 2.0000
148.0000 2.0000
149.0000 2.0000
150.0000 2.0000
151.0000 2.0000
152.0000 2.0000
153.0000 2.0000
154.0000 2.0000
155.0000 2.0000
156.0000 2.0000
157.0000 2.0000
158.0000 2.0000
159.0000 2.0000
160.0000 2.0000
161.0000 2.0000
162.0000 2.0000
163.0000 2.0000
164.0000 2.0000
165.0000 2.0000
166.0000 2.0000
167.0000 2.0000
168.0000 2.0000
169.0000 2.0000
170.0000 2.0000
171.0000 2.0000
172.0000 2.0000
173.0000 2.0000
174.0000 2.0000
175.0000 2.0000
176.0000 2.0000
177.0000 2.0000
178.0000 2.0000
179.0000 2.0000
180.0000 2.0000
181.0000 2.0000
182.0000 2.0000
183.0000 2.0000
184.0000 2.0000
185.0000 2.0000
186.0000 2.0000
187.0000 2.0000
188.0000 2.0000
189.0000 2.0000
190.0000 2.0000
191.0000 2.0000
192.0000 2.0000
193.0000 2.0000
194.0000 2.0000
195.0000 2.0000
196.0000 2.0000
197.0000 2.0000
198.0000 2.0000
199.0000 2.0000
200.0000 -2.0000
201.0000 -2.0000
202.0000 -2.0000
203.0000 -2.0000
204.0000 -2.0000
205.0000 -2.0000
206.0000 -2.0000
207.0000 -2.0000
208.0000 -2.0000
209.0000 -2.0000
210.0000 -2.0000
211.0000 -2.0000
212.0000 -2.0000
213.0000 -2.0000
214.0000 -2.0000
215.0000 -2.0000
216.0000 -2.0000
217.0000 -2.0000
218.0000 -2.0000
219.0000 -2.0000
220.0000 -2.0000
221.0000 -2.0000
222.0000 -2.0000
223.0000 -2.0000
224.0000 -2.0000
225.0000 -2.0000
226.0000 -2.0000
227.0000 -2.0000
228.0000 -2.0000
229.0000 -2.0000
230.0000 -2.0000
231.0000 -2.0000
232.0000 -2.0000
233.0000 -2.0000
234.0000 -2.0000
235.0000 -2.0000
236.0000 -2.0000
237.0000 -2.0000
238.0000 -2.0000
239.0000 -2.0000
240.0000 -2.0000
241.0000 -2.0000
242.0000 -2.0000
243.0000 -2.0000
244.0000 -2.0000
245.0000 -2.0000
246.0000 -2.0000
247.0000 -2.0000
248.0000 -2.0000
249.0000 -2.0000
250.0000 -2.0000
251.0000 -2.0000
252.0000 -2.0000
253.0000 -2.0000
254.0000 -2.0000
255.0000 -2.0000
256.0000 -2.0000
257.0000 -2.0000
258.0000 -2.0000
259.0000 -2.0000
260.0000 -2.0000
261.0000 -2.0000
262.0000 -2.0000
263.0000 -2.0000
264.0000 -2.0000
265.0000 -2.0000
266.0000 -2.0000
267.0000 -2.0000
268.0000 -2.0000
269.0000 -2.0000
270.0000 -2.0000
271.0000 -2.0000
272.0000 -2.0000
273.0000 -2.0000
274.0000 -2.0000
275.0000 -2.0000
276.0000 -2.0000
277.0000 -2.0000
278.0000 -2.0000
279.0000 -2.0000
280.0000 -2.0000
281.0000 -2.0000
282.0000 -2.0000
283.0000 -2.0000
284.0000 -2.0000
285.0000 -2.0000
286.0000 -2.0000
287.0000 -2.0000
288.0000 -2.0000
289.0000 -2.0000
290.0000 -2.0000
291.0000 -2.0000
292.0000 -2.0000
293.0000 -2.0000
294.0000 -2.0000
295.0000 -2.0000
296.0000 -2.0000
297.0000 -2.0000
298.0000 -2.0000
299.0000 -2.0000
300.0000 -2.0000
301.0000 -2.0000
302.0000 -2.0000
303.0000 -2.0000
304.0000 -2.0000
305.0000 -2.0000
306.0000 -2.0000
307.0000 -2.0000
308.0000 -2.0000
309.0000 -2.0000
310.0000 -2.0000
311.0000 -2.0000
312.0000 -2.0000
313.0000 -2.0000
314.0000 -2.0000
315.0000 -2.0000
316.0000 -2.0000
317.0000 -2.0000
318.0000 -2.0000
319.0000 -2.0000
320.0000 -2.0000
321.0000 -2.0000
322.0000 -2.0000
323.0000 -2.0000
324.0000 -2.0000
325.0000 -2.0000
326.0000 -2.0000
327.0000 -2.0000
328.0000 -2.0000
329.0000 -2.0000
330.0000 -2.0000
331.0000 -2.0000
332.0000 -2.0000
333.0000 -2.0000
334.0000 -2.0000
335.0000 -2.0000
336.0000 -2.0000
337.0000 -2.0000
338.0000 -2.0000
339.0000 -2.0000
340.0000 -2.0000
341.0000 -2.0000
342.0000 -2.0000
343.0000 -2.0000
344.0000 -2.0000
345.0000 -2.0000
346.0000 -2.0000
347.0000 -2.0000
348.0000 -2.0000
349.0000 -2.0000
350.0000 -2.0000
351.0000 -2.0000
352.0000 -2.0000
353.0000 -2.0000
354.0000 -2.0000
355.0000 -2.0000
356.0000 -2.0000
357.0000 -2.0000
358.0000 -2.0000
359.0000 -2.0000
360.0000 -2.0000
361.0000 -2.0000
362.0000 -2.0000
363.0000 -2.0000
364.0000 -2.0000
365.0000 -2.0000
366.0000 -2.0000
367.0000 -2.0000
368.0000 -2.0000
369.0000 -2.0000
370.0000 -2.0000
371.0000 -2.0000
372.0000 -2.0000
373.0000 -2.0000
374.0000 -2.0000
375.0000 -2.0000
376.0000 -2.0000
377.0000 -2.0000
378.0000 -2.0000
379.0000 -2.0000
380.0000 -2.0000
381.0000 -2.0000
382.0000 -2.0000
383.0000 -2.0000
384.0000 -2.0000
385.0000 -2.0000
386.0000 -2.0000
387.0000 -2.0000
388.0000 -2.0000
389.0000 -2.0000
390.0000 -2.0000
391.0000 -2.0000
392.0000 -2.0000
393.0000 -2.0000
394.0000 -2.0000
395.0000 -2.0000
396.0000 -2.0000
397.0000 -2.0000
398.0000 -2.0000
399.0000 -2.0000
400.0000 -2.0000
401.0000 -2.0000
402.0000 -2.0000
403.0000 -2.0000
404.0000 -2.0000
405.0000 -2.0000
406.0000 -2.0000
407.0000 -2.0000
408.0000 -2.0000
409.0000 -2.0000
410.0000 -2.0000
411.0000 -2.0000
412.0000 -2.0000
413.0000 -2.0000
414.0000 -2.0000
415.0000 -2.0000
416.0000 -2.0000
417.0000 -2.0000
418.0000 -2.0000
419.0000 -2.0000
420.0000 -2.0000
421.0000 -2.0000
422.0000 -2.0000
423.0000 -2.0000
424.0000 -2.0000
425.0000 -2.0000
426.0000 -2.0000
427.0000 -2.0000
428.0000 -2.0000
429.0000 -2.0000
430.0000 -2.0000
431.0000 -2.0000
432.0000 -2.0000
433.0000 -2.0000
434.0000 -2.0000
435.0000 -2.0000
436.0000 -2.0000
437.0000 -2.0000
438.0000 -2.0000
439.0000 -2.0000
440.0000 -2.0000
441.0000 -2.0000
442.0000 -2.0000
443.0000 -2.0000
444.0000 -2.0000
445.0000 -2.0000
446.0000 -2.0000
447.0000 -2.0000
448.0000 -2.0000
449.0000 -2.0000
450.0000 -2.0000
451.0000 -2.0000
452.0000 -2.0000
453.0000 -2.0000
454.0000 -2.0000
455.0000 -2.0000
456.0000 -2.0000
457.0000 -2.0000
458.0000 -2.0000
459.0000 -2.0000
460.0000 -2.0000
461.0000 -2.0000
462.0000 -2.0000
463.0000 -2.0000
464.0000 -2.0000
465.0000 -2.0000
466.0000 -2.0000
467.0000 -2.0000
468.0000 -2.0000
469.0000 -2.0000
470.0000 -2.0000
471.0000 -2.0000
472.0000 -2.0000
473.0000 -2.0000
474.0000 -2.0000
475.0000 -2.0000
476.0000 -2.0000
477.0000 -2.0000
478.0000 -2.0000
479.0000 -2.0000
480.0000 -2.0000
481.0000 -2.0000
482.0000 -2.0000
483.0000 -2.0000
484.0000 -2.0000
485.0000 -2.0000
486.0000 -2.0000
487.0000 -2.0000
488.0000 -2.0000
489.0000 -2.0000
490.0000 -2.0000
491.0000 -2.0000
492.0000 -2.0000
493.0000 -2.0000
494.0000 -2.0000
495.0000 -2.0000
496.0000 -2.0000
497.0000 -2.0000
498.0000 -2.0000
499.0000 -2.0000
500.0000 1.5000
501.0000 1.5000
502.0000 1.5000
503.0000 1.5000
504.0000 1.5000
505.0000 1.5000
506.0000 1.5000
507.0000 1.5000
508.0000 1.5000
509.0000 1.5000
510.0000 1.5000
511.0000 1.5000
512.0000 1.5000
513.0000 1.5000
514.0000 1.5000
515.0000 1.5000
516.0000 1.5000
517.0000 1.5000
518.0000 1.5000
519.0000 1.5000
520.0000 1.5000
521.0000 1.5000
522.0000 1.5000
523.0000 1.5000
524.0000 1.5000
525.0000 1.5000
526.0000 1.5000
527.0000 1.5000
528.0000 1.5000
529.0000 1.5000
530.0000 1.5000
531.0000 1.5000
532.0000 1.5000
533.0000 1.5000
534.0000 1.5000
535.0000 1.5000
536.0000 1.5000
537.0000 1.5000
538.0000 1.5000
539.0000 1.5000
540.0000 1.5000
541.0000 1.5000
542.0000 1.5000
543.0000 1.5000
544.0000 1.5000
545.0000 1.5000
546.0000 1.5000
547.0000 1.5000
548.0000 1.5000
549.0000 1.5000
550.0000 1.5000
551.0000 1.5000
552.0000 1.5000
553.0000 1.5000
554.0000 1.5000
555.0000 1.5000
556.0000 1.5000
557.0000 1.5000
558.0000 1.5000
559.0000 1.5000
560.0000 1.5000
561.0000 1.5000
562.0000 1.5000
563.0000 1.5000
564.0000 1.5000
565.0000 1.5000
566.0000 1.5000
567.0000 1.5000
568.0000 1.5000
569.0000 1.5000
570.0000 1.5000
571.0000 1.5000
572.0000 1.5000
573.0000 1.5000
574.0000 1.5000
575.0000 1.5000
576.0000 1.5000
577.0000 1.5000
578.0000 1.5000
579.0000 1.5000
580.0000 1.5000
581.0000 1.5000
582.0000 1.5000
583.0000 1.5000
584.0000 1.5000
585.0000 1.5000
586.0000 1.5000
587.0000 1.5000
588.0000 1.5000
589.0000 1.5000
590.0000 1.5000
591.0000 1.5000
592.0000 1.5000
593.0000 1.5000
594.0000 1.5000
595.0000 1.5000
596.0000 1.5000
597.0000 1.5000
598.0000 1.5000
599.0000 1.5000
600.0000 1.5000
601.0000 1.5000
602.0000 1.5000
603.0000 1.5000
604.0000 1.5000
605.0000 1.5000
606.0000 1.5000
607.0000 1.5000
608.0000 1.5000
609.0000 1.5000
610.0000 1.5000
611.0000 1.5000
612.0000 1.5000
613.0000 1.5000
614.0000 1.5000
615.0000 1.5000
616.0000 1.5000
617.0000 1.5000
618.0000 1.5000
619.0000 1.5000
620.0000 1.5000
621.0000 1.5000
622.0000 1.5000
623.0000 1.5000
624.0000 1.5000
625.0000 1.5000
626.0000 1.5000
627.0000 1.5000
628.0000 1.5000
629.0000 1.5000
630.0000 1.5000
631.0000 1.5000
632.0000 1.5000
633.0000 1.5000
634.0000 1.5000
635.0000 1.5000
636.0000 1.5000
637.0000 1.5000
638.0000 1.5000
639.0000 1.5000
640.0000 1.5000
641.0000 1.5000
642.0000 1.5000
643.0000 1.5000
644.0000 1.5000
645.0000 1.5000
646.0000 1.5000
647.0000 1.5000
648.0000 1.5000
649.0000 1.5000
650.0000 1.5000
651.0000 1.5000
652.0000 1.5000
653.0000 1.5000
654.0000 1.5000
655.0000 1.5000
656.0000 1.5000
657.0000 1.5000
658.0000 1.5000
659.0000 1.5000
660.0000 1.5000
661.0000 1.5000
662.0000 1.5000
663.0000 1.5000
664.0000 1.5000
665.0000 1.5000
666.0000 1.5000
667.0000 1.5000
668.0000 1.5000
669.0000 1.5000
670.0000 1.5000
671.0000 1.5000
672.0000 1.5000
673.0000 1.5000
674.0000 1.5000
675.0000 1.5000
676.0000 1.5000
677.0000 1.5000
678.0000 1.5000
679.0000 1.5000
680.0000 1.5000
681.0000 1.5000
682.0000 1.5000
683.0000 1.5000
684.0000 1.5000
685.0000 1.5000
686.0000 1.5000
687.0000 1.5000
688.0000 1.5000
689.0000 1.5000
690.0000 1.5000
691.0000 1.5000
692.0000 1.5000
693.0000 1.5000
694.0000 1.5000
695.0000 1.5000
696.0000 1.5000
697.0000 1.5000
698.0000 1.5000
699.0000 1.5000
700.0000 1.5000
701.0000 1.5000
702.0000 1.5000
703.0000 1.5000
704.0000 1.5000
705.0000 1.5000
706.0000 1.5000
707.0000 1.5000
708.0000 1.5000
709.0000 1.5000
710.0000 1.5000
711.0000 1.5000
712.0000 1.5000
713.0000 1.5000
714.0000 1.5000
715.0000 1.5000
716.0000 1.5000
717.0000 1.5000
718.0000 1.5000
719.0000 1.5000
720.0000 1.5000
721.0000 1.5000
722.0000 1.5000
723.0000 1.5000
724.0000 1.5000
725.0000 1.5000
726.0000 1.5000
727.0000 1.5000
728.0000 1.5000
729.0000 1.5000
730.0000 1.5000
731.0000 1.5000
732.0000 1.5000
733.0000 1.5000
734.0000 1.5000
735.0000 1.5000
736.0000 1.5000
737.0000 1.5000
738.0000 1.5000
739.0000 1.5000
740.0000 1.5000
741.0000 1.5000
742.0000 1.5000
743.0000 1.5000
744.0000 1.5000
745.0000 1.5000
746.0000 1.5000
747.0000 1.5000
748.0000 1.5000
749.0000 1.5000
750.0000 1.5000
751.0000 1.5000
752.0000 1.5000
753.0000 1.5000
754.0000 1.5000
755.0000 1.5000
756.0000 1.5000
757.0000 1.5000
758.0000 1.5000
759.0000 1.5000
760.0000 1.5000
761.0000 1.5000
762.0000 1.5000
763.0000 1.5000
764.0000 1.5000
765.0000 1.5000
766.0000 1.5000
767.0000 1.5000
768.0000 1.5000
769.0000 1.5000
770.0000 1.5000
771.0000 1.5000
772.0000 1.5000
773.0000 1.5000
774.0000 1.5000
775.0000 1.5000
776.0000 1.5000
777.0000 1.5000
778.0000 1.5000
779.0000 1.5000
780.0000 1.5000
781.0000 1.5000
782.0000 1.5000
783.0000 1.5000
784.0000 1.5000
785.0000 1.5000
786.0000 1.5000
787.0000 1.5000
788.0000 1.5000
789.0000 1.5000
790.0000 1.5000
791.0000 1.5000
792.0000 1.5000
793.0000 1.5000
794.0000 1.5000
795.0000 1.5000
796.0000 1.5000
797.0000 1.5000
798.0000 1.5000
799.0000 1.5000
800.0000 0.0000
801.0000 0.0000
802.0000 0.0000
803.0000 0.0000
804.0000 0.0000
805.0000 0.0000
806.0000 0.0000
807.0000 0.0000
808.0000 0.0000
809.0000 0.0000
810.0000 0.0000
811.0000 0.0000
812.0000 0.0000
813.0000 0.0000
814.0000 0.0000
815.0000 0.0000
816.0000 0.0000
817.0000 0.0000
818.0000 0.0000
819.0000 0.0000
820.0000 0.0000
821.0000 0.0000
822.0000 0.0000
823.0000 0.0000
824.0000 0.0000
825.0000 0.0000
826.0000 0.0000
827.0000 0.0000
828.0000 0.0000
829.0000 0.0000
830.0000 0.0000
831.0000 0.0000
832.0000 0.0000
833.0000 0.0000
834.0000 0.0000
835.0000 0.0000
836.0000 0.0000
837.0000 0.0000
838.0000 0.0000
839.0000 0.0000
840.0000 0.0000
841.0000 0.0000
842.0000 0.0000
843.0000 0.0000
844.0000 0.0000
845.0000 0.0000
846.0000 0.0000
847.0000 0.0000
848.0000 0.0000
849.0000 0.0000
850.0000 0.0000
851.0000 0.0000
852.0000 0.0000
853.0000 0.0000
854.0000 0.0000
855.0000 0.0000
856.0000 0.0000
857.0000 0.0000
858.0000 0.0000
859.0000 0.0000
860.0000 0.0000
861.0000 0.0000
862.0000 0.0000
863.0000 0.0000
864.0000 0.0000
865.0000 0.0000
866.0000 0.0000
867.0000 0.0000
868.0000 0.0000
869.0000 0.0000
870.0000 0.0000
871.0000 0.0000
872.0000 0.0000
873.0000 0.0000
874.0000 0.0000
875.0000 0.0000
876.0000 0.0000
877.0000 0.0000
878.0000 0.0000
879.0000 0.0000
880.0000 0.0000
881.0000 0.0000
882.0000 0.0000
883.0000 0.0000
884.0000 0.0000
885.0000 0.0000
886.0000 0.0000
887.0000 0.0000
888.0000 0.0000
889.0000 0.0000
890.0000 0.0000
891.0000 0.0000
892.0000 0.0000
893.0000 0.0000
894.0000 0.0000
895.0000 0.0000
896.0000 0.0000
897.0000 0.0000
898.0000 0.0000
899.0000 0.0000
900.0000 0.0000
901.0000 0.0000
902.0000 0.0000
903.0000 0.0000
904.0000 0.0000
905.0000 0.0000
906.0000 0.0000
907.0000 0.0000
908.0000 0.0000
909.0000 0.0000
910.0000 0.0000
911.0000 0.0000
912.0000 0.0000
913.0000 0.0000
914.0000 0.0000
915.0000 0.0000
916.0000 0.0000
917.0000 0.0000
918.0000 0.0000
919.0000 0.0000
920.0000 0.0000
921.0000 0.0000
922.0000 0.0000
923.0000 0.0000
924.0000 0.0000
925.0000 0.0000
926.0000 0.0000
927.0000 0.0000
928.0000 0.0000
929.0000 0.0000
930.0000 0.0000
931.0000 0.0000
932.0000 0.0000
933.0000 0.0000
934.0000 0.0000
935.0000 0.0000
936.0000 0.0000
937.0000 0.0000
938.0000 0.0000
939.0000 0.0000
940.0000 0.0000
941.0000 0.0000
942.0000 0.0000
943.0000 0.0000
944.0000 0.0000
945.0000 0.0000
946.0000 0.0000
947.0000 0.0000
948.0000 0.0000
949.0000 0.0000
950.0000 0.0000
951.0000 0.0000
952.0000 0.0000
953.0000 0.0000
954.0000 0.0000
955.0000 0.0000
956.0000 0.0000
957.0000 0.0000
958.0000 0.0000
959.0000 0.0000
960.0000 0.0000
961.0000 0.0000
962.0000 0.0000
963.0000 0.0000
964.0000 0.0000
965.0000 0.0000
966.0000 0.0000
967.0000 0.0000
968.0000 0.0000
969.0000 0.0000
970.0000 0.0000
971.0000 0.0000
972.0000 0.0000
973.0000 0.0000
974.0000 0.0000
975.0000 0.0000
976.0000 0.0000
977.0000 0.0000
978.0000 0.0000
979.0000 0.0000
980.0000 0.0000
981.0000 0.0000
982.0000 0.0000
983.0000 0.0000
984.0000 0.0000
985.0000 0.0000
986.0000 0.0000
987.0000 0.0000
988.0000 0.0000
989.0000 0.0000
990.0000 0.0000
991.0000 0.0000
992.0000 0.0000
993.0000 0.0000
994.0000 0.0000
995.0000 0.0000
996.0000 0.0000
997.0000 0.0000
998.0000 0.0000
999.0000 0.0000
1000.0000 0.0000
1001.0000 0.0000
1002.0000 0.0000
1003.0000 0.0000
1004.0000 0.0000
1005.0000 0.0000
1006.0000 0.0000
1007.0000 0.0000
1008.0000 0.0000
1009.0000 0.0000
1010.0000 0.0000
1011.0000 0.0000
1012.0000 0.0000
1013.0000 0.0000
1014.0000 0.0000
1015.0000 0.0000
1016.0000 0.0000
1017.0000 0.0000
1018.0000 0.0000
1019.0000 0.0000
1020.0000 0.0000
1021.0000 0.0000
1022.0000 0.0000
1023.0000 0.0000
1024.0000 0.0000
1025.0000 0.0000
1026.0000 0.0000
1027.0000 0.0000
1028.0000 0.0000
1029.0000 0.0000
1030.0000 0.0000
1031.0000 0.0000
1032.0000 0.0000
1033.0000 0.0000
1034.0000 0.0000
1035.0000 0.0000
1036.0000 0.0000
1037.0000 0.0000
1038.0000 0.0000
1039.0000 0.0000
1040.0000 0.0000
1041.0000 0.0000
1042.0000 0.0000
1043.0000 0.0000
1044.0000 0.0000
1045.0000 0.0000
1046.0000 0.0000
1047.0000 0.0000
1048.0000 0.0000
1049.0000 0.0000
1050.0000 0.0000
1051.0000 0.0000
1052.0000 0.0000
1053.0000 0.0000
1054.0000 0.0000
1055.0000 0.0000
1056.0000 0.0000
1057.0000 0.0000
1058.0000 0.0000
1059.0000 0.0000
1060.0000 0.0000
1061.0000 0.0000
1062.0000 0.0000
1063.0000 0.0000
1064.0000 0.0000
1065.0000 0.0000
1066.0000 0.0000
1067.0000 0.0000
1068.0000 0.0000
1069.0000 0.0000
1070.0000 0.0000
1071.0000 0.0000
1072.0000 0.0000
1073.0000 0.0000
1074.0000 0.0000
1075.0000 0.0000
1076.0000 0.0000
1077.0000 0.0000
1078.0000 0.0000
1079.0000 0.0000
1080.0000 0.0000
1081.0000 0.0000
1082.0000 0.0000
1083.0000 0.0000
1084.0000 0.0000
1085.0000 0.0000
1086.0000 0.0000
1087.0000 0.0000
1088.0000 0.0000
1089.0000 0.0000
1090.0000 0.0000
1091.0000 0.0000
1092.0000 0.0000
1093.0000 0.0000
1094.0000 0.0000
1095.0000 0.0000
1096.0000 0.0000
1097.0000 0.0000
1098.0000 0.0000
1099.0000 0.0000
1100.0000 0.0000
