0.000000 0.086172
1.000000 0.1664
2.000000 0.2411
3.000000 0.31065
4.000000 0.37541
5.000000 0.4357
6.000000 0.49184
7.000000 0.5441
8.000000 0.59276
9.000000 0.63807
10.000000 0.68026
11.000000 0.71953
12.000000 0.7561
13.000000 0.79015
14.000000 0.82185
15.000000 0.85137
16.000000 0.87885
17.000000 0.90443
18.000000 0.92826
19.000000 0.95044
20.000000 0.97109
21.000000 0.99031
22.000000 1.0082
23.000000 1.0249
24.000000 1.0404
25.000000 1.0549
26.000000 1.0683
27.000000 1.0808
28.000000 1.0925
29.000000 1.1034
30.000000 1.1135
31.000000 1.1229
32.000000 1.1316
33.000000 1.1398
34.000000 1.1474
35.000000 1.1545
36.000000 1.1611
37.000000 1.1672
38.000000 1.1729
39.000000 1.1782
40.000000 1.1832
41.000000 1.1878
42.000000 1.1921
43.000000 1.1961
44.000000 1.1998
45.000000 1.2032
46.000000 1.2065
47.000000 1.2095
48.000000 1.2123
49.000000 1.2149
50.000000 1.2173
51.000000 1.2195
52.000000 1.2216
53.000000 1.2236
54.000000 1.2254
55.000000 1.2271
56.000000 1.2287
57.000000 1.2302
58.000000 1.2315
59.000000 1.2328
60.000000 1.234
61.000000 1.2351
62.000000 1.2361
63.000000 1.2371
64.000000 1.238
65.000000 1.2388
66.000000 1.2396
67.000000 1.2403
68.000000 1.241
69.000000 1.2416
70.000000 1.2422
71.000000 1.2427
72.000000 1.2432
73.000000 1.2437
74.000000 1.2441
75.000000 1.2445
76.000000 1.2449
77.000000 1.2452
78.000000 1.2456
79.000000 1.2459
80.000000 1.2462
81.000000 1.2464
82.000000 1.2467
83.000000 1.2469
84.000000 1.2471
85.000000 1.2473
86.000000 1.2475
87.000000 1.2477
88.000000 1.2478
89.000000 1.248
90.000000 1.2481
91.000000 1.2483
92.000000 1.2484
93.000000 1.2485
94.000000 1.2486
95.000000 1.2487
96.000000 1.2488
97.000000 1.2489
98.000000 1.2489
99.000000 1.249
100.000000 1.2491
101.000000 1.2491
102.000000 1.2492
103.000000 1.2493
104.000000 1.2493
105.000000 1.2494
106.000000 1.2494
107.000000 1.2494
108.000000 1.2495
109.000000 1.2495
110.000000 1.2495
111.000000 1.2496
112.000000 1.2496
113.000000 1.2496
114.000000 1.2497
115.000000 1.2497
116.000000 1.2497
117.000000 1.2497
118.000000 1.2497
119.000000 1.2498
120.000000 1.2498
121.000000 1.2498
122.000000 1.2498
123.000000 1.2498
124.000000 1.2498
125.000000 1.2498
126.000000 1.2499
127.000000 1.2499
128.000000 1.2499
129.000000 1.2499
130.000000 1.2499
131.000000 1.2499
132.000000 1.2499
133.000000 1.2499
134.000000 1.2499
135.000000 1.2499
136.000000 1.2499
137.000000 1.2499
138.000000 1.2499
139.000000 1.2499
140.000000 1.2499
141.000000 1.25
142.000000 1.25
143.000000 1.25
144.000000 1.25
145.000000 1.25
146.000000 1.25
147.000000 1.25
148.000000 1.25
149.000000 1.25
150.000000 1.25
151.000000 1.25
152.000000 1.25
153.000000 1.25
154.000000 1.25
155.000000 1.25
156.000000 1.25
157.000000 1.25
158.000000 1.25
159.000000 1.25
160.000000 1.25
161.000000 1.25
162.000000 1.25
163.000000 1.25
164.000000 1.25
165.000000 1.25
166.000000 1.25
167.000000 1.25
168.000000 1.25
169.000000 1.25
170.000000 1.25
171.000000 1.25
172.000000 1.25
173.000000 1.25
174.000000 1.25
175.000000 1.25
176.000000 1.25
177.000000 1.25
178.000000 1.25
179.000000 1.25
180.000000 1.25
181.000000 1.25
182.000000 1.25
183.000000 1.25
184.000000 1.25
185.000000 1.25
186.000000 1.25
187.000000 1.25
188.000000 1.25
189.000000 1.25
190.000000 1.25
191.000000 1.25
192.000000 1.25
193.000000 1.25
194.000000 1.25
195.000000 1.25
196.000000 1.25
197.000000 1.25
198.000000 1.25
199.000000 1.25
200.000000 1.25
201.000000 1.25
202.000000 1.25
203.000000 1.25
204.000000 1.25
