0.000000 0.13049
1.000000 0.24095
2.000000 0.33445
3.000000 0.4136
4.000000 0.48059
5.000000 0.5373
6.000000 0.58531
7.000000 0.62594
8.000000 0.66034
9.000000 0.68946
10.000000 0.7141
11.000000 0.73497
12.000000 0.75262
13.000000 0.76757
14.000000 0.78023
15.000000 0.79094
16.000000 0.80001
17.000000 0.80768
18.000000 0.81418
19.000000 0.81968
20.000000 0.82433
21.000000 0.82827
22.000000 0.83161
23.000000 0.83443
24.000000 0.83682
25.000000 0.83884
26.000000 0.84056
27.000000 0.84201
28.000000 0.84323
29.000000 0.84427
30.000000 0.84515
31.000000 0.8459
32.000000 0.84653
33.000000 0.84706
34.000000 0.84751
35.000000 0.84789
36.000000 0.84822
37.000000 0.84849
38.000000 0.84872
39.000000 0.84892
40.000000 0.84908
41.000000 0.84922
42.000000 0.84934
43.000000 0.84944
44.000000 0.84953
45.000000 0.8496
46.000000 0.84966
47.000000 0.84971
48.000000 0.84976
49.000000 0.8498
50.000000 0.84983
51.000000 0.84985
52.000000 0.84988
53.000000 0.8499
54.000000 0.84991
55.000000 0.84992
56.000000 0.84994
57.000000 0.84995
58.000000 0.84995
59.000000 0.84996
60.000000 0.84997
61.000000 0.84997
62.000000 0.84998
63.000000 0.84998
64.000000 0.84998
65.000000 0.84999
66.000000 0.84999
67.000000 0.84999
68.000000 0.84999
69.000000 0.84999
70.000000 0.84999
71.000000 0.84999
72.000000 0.85
73.000000 0.85
74.000000 0.85
75.000000 0.85
76.000000 0.85
77.000000 0.85
78.000000 0.85
79.000000 0.85
80.000000 0.85
81.000000 0.85
82.000000 0.85
83.000000 0.85
84.000000 0.85
85.000000 0.85
86.000000 0.85
87.000000 0.85
88.000000 0.85
89.000000 0.85
90.000000 0.85
91.000000 0.85
92.000000 0.85
93.000000 0.85
94.000000 0.85
95.000000 0.85
96.000000 0.85
97.000000 0.85
98.000000 0.85
99.000000 0.85
100.000000 0.85
101.000000 0.85
102.000000 0.85
103.000000 0.85
104.000000 0.85
105.000000 0.85
106.000000 0.85
107.000000 0.85
108.000000 0.85
109.000000 0.85
110.000000 0.85
111.000000 0.85
112.000000 0.85
113.000000 0.85
114.000000 0.85
115.000000 0.85
116.000000 0.85
117.000000 0.85
118.000000 0.85
119.000000 0.85
120.000000 0.85
121.000000 0.85
122.000000 0.85
123.000000 0.85
124.000000 0.85
125.000000 0.85
126.000000 0.85
127.000000 0.85
128.000000 0.85
129.000000 0.85
130.000000 0.85
131.000000 0.85
132.000000 0.85
133.000000 0.85
134.000000 0.85
135.000000 0.85
136.000000 0.85
137.000000 0.85
138.000000 0.85
139.000000 0.85
140.000000 0.85
141.000000 0.85
142.000000 0.85
143.000000 0.85
144.000000 0.85
145.000000 0.85
146.000000 0.85
147.000000 0.85
148.000000 0.85
149.000000 0.85
150.000000 0.85
151.000000 0.85
152.000000 0.85
153.000000 0.85
154.000000 0.85
155.000000 0.85
156.000000 0.85
157.000000 0.85
158.000000 0.85
159.000000 0.85
160.000000 0.85
161.000000 0.85
162.000000 0.85
163.000000 0.85
164.000000 0.85
165.000000 0.85
166.000000 0.85
167.000000 0.85
168.000000 0.85
169.000000 0.85
170.000000 0.85
171.000000 0.85
172.000000 0.85
173.000000 0.85
174.000000 0.85
175.000000 0.85
176.000000 0.85
177.000000 0.85
178.000000 0.85
179.000000 0.85
180.000000 0.85
181.000000 0.85
182.000000 0.85
183.000000 0.85
184.000000 0.85
185.000000 0.85
186.000000 0.85
187.000000 0.85
188.000000 0.85
189.000000 0.85
190.000000 0.85
191.000000 0.85
192.000000 0.85
193.000000 0.85
194.000000 0.85
195.000000 0.85
196.000000 0.85
197.000000 0.85
198.000000 0.85
199.000000 0.85
200.000000 0.85
201.000000 0.85
202.000000 0.85
203.000000 0.85
204.000000 0.85
