0.000000 0.18557
1.000000 0.35348
2.000000 0.5054
3.000000 0.64288
4.000000 0.76727
5.000000 0.87982
6.000000 0.98166
7.000000 1.0738
8.000000 1.1572
9.000000 1.2326
10.000000 1.3009
11.000000 1.3627
12.000000 1.4186
13.000000 1.4691
14.000000 1.5149
15.000000 1.5563
16.000000 1.5938
17.000000 1.6277
18.000000 1.6583
19.000000 1.6861
20.000000 1.7112
21.000000 1.7339
22.000000 1.7545
23.000000 1.7731
24.000000 1.7899
25.000000 1.8052
26.000000 1.8189
27.000000 1.8314
28.000000 1.8427
29.000000 1.8529
30.000000 1.8622
31.000000 1.8705
32.000000 1.8781
33.000000 1.8849
34.000000 1.8911
35.000000 1.8967
36.000000 1.9018
37.000000 1.9064
38.000000 1.9105
39.000000 1.9143
40.000000 1.9177
41.000000 1.9208
42.000000 1.9235
43.000000 1.9261
44.000000 1.9283
45.000000 1.9304
46.000000 1.9323
47.000000 1.934
48.000000 1.9355
49.000000 1.9369
50.000000 1.9381
51.000000 1.9392
52.000000 1.9403
53.000000 1.9412
54.000000 1.942
55.000000 1.9428
56.000000 1.9435
57.000000 1.9441
58.000000 1.9447
59.000000 1.9452
60.000000 1.9456
61.000000 1.946
62.000000 1.9464
63.000000 1.9468
64.000000 1.9471
65.000000 1.9473
66.000000 1.9476
67.000000 1.9478
68.000000 1.948
69.000000 1.9482
70.000000 1.9484
71.000000 1.9485
72.000000 1.9487
73.000000 1.9488
74.000000 1.9489
75.000000 1.949
76.000000 1.9491
77.000000 1.9492
78.000000 1.9493
79.000000 1.9493
80.000000 1.9494
81.000000 1.9495
82.000000 1.9495
83.000000 1.9496
84.000000 1.9496
85.000000 1.9496
86.000000 1.9497
87.000000 1.9497
88.000000 1.9497
89.000000 1.9498
90.000000 1.9498
91.000000 1.9498
92.000000 1.9498
93.000000 1.9498
94.000000 1.9499
95.000000 1.9499
96.000000 1.9499
97.000000 1.9499
98.000000 1.9499
99.000000 1.9499
100.000000 1.9499
101.000000 1.9499
102.000000 1.9499
103.000000 1.9499
104.000000 1.9499
105.000000 1.95
106.000000 1.95
107.000000 1.95
108.000000 1.95
109.000000 1.95
110.000000 1.95
111.000000 1.95
112.000000 1.95
113.000000 1.95
114.000000 1.95
115.000000 1.95
116.000000 1.95
117.000000 1.95
118.000000 1.95
119.000000 1.95
120.000000 1.95
121.000000 1.95
122.000000 1.95
123.000000 1.95
124.000000 1.95
125.000000 1.95
126.000000 1.95
127.000000 1.95
128.000000 1.95
129.000000 1.95
130.000000 1.95
131.000000 1.95
132.000000 1.95
133.000000 1.95
134.000000 1.95
135.000000 1.95
136.000000 1.95
137.000000 1.95
138.000000 1.95
139.000000 1.95
140.000000 1.95
141.000000 1.95
142.000000 1.95
143.000000 1.95
144.000000 1.95
145.000000 1.95
146.000000 1.95
147.000000 1.95
148.000000 1.95
149.000000 1.95
150.000000 1.95
151.000000 1.95
152.000000 1.95
153.000000 1.95
154.000000 1.95
155.000000 1.95
156.000000 1.95
157.000000 1.95
158.000000 1.95
159.000000 1.95
160.000000 1.95
161.000000 1.95
162.000000 1.95
163.000000 1.95
164.000000 1.95
165.000000 1.95
166.000000 1.95
167.000000 1.95
168.000000 1.95
169.000000 1.95
170.000000 1.95
171.000000 1.95
172.000000 1.95
173.000000 1.95
174.000000 1.95
175.000000 1.95
176.000000 1.95
177.000000 1.95
178.000000 1.95
179.000000 1.95
180.000000 1.95
181.000000 1.95
182.000000 1.95
183.000000 1.95
184.000000 1.95
185.000000 1.95
186.000000 1.95
187.000000 1.95
188.000000 1.95
189.000000 1.95
190.000000 1.95
191.000000 1.95
192.000000 1.95
193.000000 1.95
194.000000 1.95
195.000000 1.95
196.000000 1.95
197.000000 1.95
198.000000 1.95
199.000000 1.95
200.000000 1.95
201.000000 1.95
202.000000 1.95
203.000000 1.95
204.000000 1.95
