0.000000 0.14274
1.000000 0.2719
2.000000 0.38877
3.000000 0.49452
4.000000 0.5902
5.000000 0.67678
6.000000 0.75512
7.000000 0.82601
8.000000 0.89015
9.000000 0.94818
10.000000 1.0007
11.000000 1.0482
12.000000 1.0912
13.000000 1.1301
14.000000 1.1653
15.000000 1.1972
16.000000 1.226
17.000000 1.2521
18.000000 1.2756
19.000000 1.297
20.000000 1.3163
21.000000 1.3338
22.000000 1.3496
23.000000 1.3639
24.000000 1.3769
25.000000 1.3886
26.000000 1.3992
27.000000 1.4088
28.000000 1.4175
29.000000 1.4253
30.000000 1.4324
31.000000 1.4389
32.000000 1.4447
33.000000 1.4499
34.000000 1.4547
35.000000 1.459
36.000000 1.4629
37.000000 1.4664
38.000000 1.4696
39.000000 1.4725
40.000000 1.4751
41.000000 1.4775
42.000000 1.4796
43.000000 1.4816
44.000000 1.4833
45.000000 1.4849
46.000000 1.4864
47.000000 1.4877
48.000000 1.4888
49.000000 1.4899
50.000000 1.4909
51.000000 1.4917
52.000000 1.4925
53.000000 1.4932
54.000000 1.4939
55.000000 1.4945
56.000000 1.495
57.000000 1.4955
58.000000 1.4959
59.000000 1.4963
60.000000 1.4966
61.000000 1.497
62.000000 1.4972
63.000000 1.4975
64.000000 1.4977
65.000000 1.498
66.000000 1.4982
67.000000 1.4983
68.000000 1.4985
69.000000 1.4986
70.000000 1.4988
71.000000 1.4989
72.000000 1.499
73.000000 1.4991
74.000000 1.4992
75.000000 1.4992
76.000000 1.4993
77.000000 1.4994
78.000000 1.4994
79.000000 1.4995
80.000000 1.4995
81.000000 1.4996
82.000000 1.4996
83.000000 1.4997
84.000000 1.4997
85.000000 1.4997
86.000000 1.4998
87.000000 1.4998
88.000000 1.4998
89.000000 1.4998
90.000000 1.4998
91.000000 1.4998
92.000000 1.4999
93.000000 1.4999
94.000000 1.4999
95.000000 1.4999
96.000000 1.4999
97.000000 1.4999
98.000000 1.4999
99.000000 1.4999
100.000000 1.4999
101.000000 1.4999
102.000000 1.4999
103.000000 1.5
104.000000 1.5
105.000000 1.5
106.000000 1.5
107.000000 1.5
108.000000 1.5
109.000000 1.5
110.000000 1.5
111.000000 1.5
112.000000 1.5
113.000000 1.5
114.000000 1.5
115.000000 1.5
116.000000 1.5
117.000000 1.5
118.000000 1.5
119.000000 1.5
120.000000 1.5
121.000000 1.5
122.000000 1.5
123.000000 1.5
124.000000 1.5
125.000000 1.5
126.000000 1.5
127.000000 1.5
128.000000 1.5
129.000000 1.5
130.000000 1.5
131.000000 1.5
132.000000 1.5
133.000000 1.5
134.000000 1.5
135.000000 1.5
136.000000 1.5
137.000000 1.5
138.000000 1.5
139.000000 1.5
140.000000 1.5
141.000000 1.5
142.000000 1.5
143.000000 1.5
144.000000 1.5
145.000000 1.5
146.000000 1.5
147.000000 1.5
148.000000 1.5
149.000000 1.5
150.000000 1.5
151.000000 1.5
152.000000 1.5
153.000000 1.5
154.000000 1.5
155.000000 1.5
156.000000 1.5
157.000000 1.5
158.000000 1.5
159.000000 1.5
160.000000 1.5
161.000000 1.5
162.000000 1.5
163.000000 1.5
164.000000 1.5
165.000000 1.5
166.000000 1.5
167.000000 1.5
168.000000 1.5
169.000000 1.5
170.000000 1.5
171.000000 1.5
172.000000 1.5
173.000000 1.5
174.000000 1.5
175.000000 1.5
176.000000 1.5
177.000000 1.5
178.000000 1.5
179.000000 1.5
180.000000 1.5
181.000000 1.5
182.000000 1.5
183.000000 1.5
184.000000 1.5
185.000000 1.5
186.000000 1.5
187.000000 1.5
188.000000 1.5
189.000000 1.5
190.000000 1.5
191.000000 1.5
192.000000 1.5
193.000000 1.5
194.000000 1.5
195.000000 1.5
196.000000 1.5
197.000000 1.5
198.000000 1.5
199.000000 1.5
200.000000 1.5
201.000000 1.5
202.000000 1.5
203.000000 1.5
204.000000 1.5
