0.000000 0.084435
1.000000 0.15591
2.000000 0.21641
3.000000 0.26762
4.000000 0.31097
5.000000 0.34767
6.000000 0.37873
7.000000 0.40502
8.000000 0.42728
9.000000 0.44612
10.000000 0.46207
11.000000 0.47557
12.000000 0.48699
13.000000 0.49667
14.000000 0.50485
15.000000 0.51178
16.000000 0.51765
17.000000 0.52262
18.000000 0.52682
19.000000 0.53038
20.000000 0.53339
21.000000 0.53594
22.000000 0.5381
23.000000 0.53993
24.000000 0.54147
25.000000 0.54278
26.000000 0.54389
27.000000 0.54483
28.000000 0.54562
29.000000 0.54629
30.000000 0.54686
31.000000 0.54734
32.000000 0.54775
33.000000 0.5481
34.000000 0.54839
35.000000 0.54864
36.000000 0.54885
37.000000 0.54902
38.000000 0.54917
39.000000 0.5493
40.000000 0.54941
41.000000 0.5495
42.000000 0.54958
43.000000 0.54964
44.000000 0.5497
45.000000 0.54974
46.000000 0.54978
47.000000 0.54982
48.000000 0.54984
49.000000 0.54987
50.000000 0.54989
51.000000 0.54991
52.000000 0.54992
53.000000 0.54993
54.000000 0.54994
55.000000 0.54995
56.000000 0.54996
57.000000 0.54997
58.000000 0.54997
59.000000 0.54998
60.000000 0.54998
61.000000 0.54998
62.000000 0.54998
63.000000 0.54999
64.000000 0.54999
65.000000 0.54999
66.000000 0.54999
67.000000 0.54999
68.000000 0.54999
69.000000 0.55
70.000000 0.55
71.000000 0.55
72.000000 0.55
73.000000 0.55
74.000000 0.55
75.000000 0.55
76.000000 0.55
77.000000 0.55
78.000000 0.55
79.000000 0.55
80.000000 0.55
81.000000 0.55
82.000000 0.55
83.000000 0.55
84.000000 0.55
85.000000 0.55
86.000000 0.55
87.000000 0.55
88.000000 0.55
89.000000 0.55
90.000000 0.55
91.000000 0.55
92.000000 0.55
93.000000 0.55
94.000000 0.55
95.000000 0.55
96.000000 0.55
97.000000 0.55
98.000000 0.55
99.000000 0.55
100.000000 0.55
101.000000 0.55
102.000000 0.55
103.000000 0.55
104.000000 0.55
105.000000 0.55
106.000000 0.55
107.000000 0.55
108.000000 0.55
109.000000 0.55
110.000000 0.55
111.000000 0.55
112.000000 0.55
113.000000 0.55
114.000000 0.55
115.000000 0.55
116.000000 0.55
117.000000 0.55
118.000000 0.55
119.000000 0.55
120.000000 0.55
121.000000 0.55
122.000000 0.55
123.000000 0.55
124.000000 0.55
125.000000 0.55
126.000000 0.55
127.000000 0.55
128.000000 0.55
129.000000 0.55
130.000000 0.55
131.000000 0.55
132.000000 0.55
133.000000 0.55
134.000000 0.55
135.000000 0.55
136.000000 0.55
137.000000 0.55
138.000000 0.55
139.000000 0.55
140.000000 0.55
141.000000 0.55
142.000000 0.55
143.000000 0.55
144.000000 0.55
145.000000 0.55
146.000000 0.55
147.000000 0.55
148.000000 0.55
149.000000 0.55
150.000000 0.55
151.000000 0.55
152.000000 0.55
153.000000 0.55
154.000000 0.55
155.000000 0.55
156.000000 0.55
157.000000 0.55
158.000000 0.55
159.000000 0.55
160.000000 0.55
161.000000 0.55
162.000000 0.55
163.000000 0.55
164.000000 0.55
165.000000 0.55
166.000000 0.55
167.000000 0.55
168.000000 0.55
169.000000 0.55
170.000000 0.55
171.000000 0.55
172.000000 0.55
173.000000 0.55
174.000000 0.55
175.000000 0.55
176.000000 0.55
177.000000 0.55
178.000000 0.55
179.000000 0.55
180.000000 0.55
181.000000 0.55
182.000000 0.55
183.000000 0.55
184.000000 0.55
185.000000 0.55
186.000000 0.55
187.000000 0.55
188.000000 0.55
189.000000 0.55
190.000000 0.55
191.000000 0.55
192.000000 0.55
193.000000 0.55
194.000000 0.55
195.000000 0.55
196.000000 0.55
197.000000 0.55
198.000000 0.55
199.000000 0.55
200.000000 0.55
201.000000 0.55
202.000000 0.55
203.000000 0.55
204.000000 0.55
