0.000000 0.014631
1.000000 0.028549
2.000000 0.041788
3.000000 0.054381
4.000000 0.06636
5.000000 0.077755
6.000000 0.088594
7.000000 0.098904
8.000000 0.10871
9.000000 0.11804
10.000000 0.12692
11.000000 0.13536
12.000000 0.14339
13.000000 0.15102
14.000000 0.15829
15.000000 0.1652
16.000000 0.17178
17.000000 0.17803
18.000000 0.18398
19.000000 0.18964
20.000000 0.19502
21.000000 0.20014
22.000000 0.20501
23.000000 0.20964
24.000000 0.21405
25.000000 0.21824
26.000000 0.22223
27.000000 0.22602
28.000000 0.22963
29.000000 0.23306
30.000000 0.23633
31.000000 0.23943
32.000000 0.24239
33.000000 0.24519
34.000000 0.24787
35.000000 0.25041
36.000000 0.25283
37.000000 0.25513
38.000000 0.25732
39.000000 0.2594
40.000000 0.26138
41.000000 0.26326
42.000000 0.26505
43.000000 0.26676
44.000000 0.26838
45.000000 0.26992
46.000000 0.27139
47.000000 0.27278
48.000000 0.27411
49.000000 0.27537
50.000000 0.27658
51.000000 0.27772
52.000000 0.2788
53.000000 0.27984
54.000000 0.28082
55.000000 0.28176
56.000000 0.28265
57.000000 0.28349
58.000000 0.2843
59.000000 0.28506
60.000000 0.28579
61.000000 0.28649
62.000000 0.28714
63.000000 0.28777
64.000000 0.28837
65.000000 0.28894
66.000000 0.28947
67.000000 0.28999
68.000000 0.29048
69.000000 0.29094
70.000000 0.29138
71.000000 0.2918
72.000000 0.2922
73.000000 0.29258
74.000000 0.29294
75.000000 0.29329
76.000000 0.29362
77.000000 0.29393
78.000000 0.29422
79.000000 0.29451
80.000000 0.29477
81.000000 0.29503
82.000000 0.29527
83.000000 0.2955
84.000000 0.29572
85.000000 0.29593
86.000000 0.29613
87.000000 0.29632
88.000000 0.2965
89.000000 0.29667
90.000000 0.29683
91.000000 0.29698
92.000000 0.29713
93.000000 0.29727
94.000000 0.2974
95.000000 0.29753
96.000000 0.29765
97.000000 0.29777
98.000000 0.29787
99.000000 0.29798
100.000000 0.29808
101.000000 0.29817
102.000000 0.29826
103.000000 0.29835
104.000000 0.29843
105.000000 0.2985
106.000000 0.29858
107.000000 0.29865
108.000000 0.29871
109.000000 0.29877
110.000000 0.29883
111.000000 0.29889
112.000000 0.29894
113.000000 0.299
114.000000 0.29905
115.000000 0.29909
116.000000 0.29914
117.000000 0.29918
118.000000 0.29922
119.000000 0.29926
120.000000 0.29929
121.000000 0.29933
122.000000 0.29936
123.000000 0.29939
124.000000 0.29942
125.000000 0.29945
126.000000 0.29948
127.000000 0.2995
128.000000 0.29953
129.000000 0.29955
130.000000 0.29957
131.000000 0.29959
132.000000 0.29961
133.000000 0.29963
134.000000 0.29965
135.000000 0.29967
136.000000 0.29968
137.000000 0.2997
138.000000 0.29971
139.000000 0.29973
140.000000 0.29974
141.000000 0.29975
142.000000 0.29976
143.000000 0.29978
144.000000 0.29979
145.000000 0.2998
146.000000 0.29981
147.000000 0.29982
148.000000 0.29983
149.000000 0.29983
150.000000 0.29984
151.000000 0.29985
152.000000 0.29986
153.000000 0.29986
154.000000 0.29987
155.000000 0.29988
156.000000 0.29988
157.000000 0.29989
158.000000 0.29989
159.000000 0.2999
160.000000 0.2999
161.000000 0.29991
162.000000 0.29991
163.000000 0.29992
164.000000 0.29992
165.000000 0.29993
166.000000 0.29993
167.000000 0.29993
168.000000 0.29994
169.000000 0.29994
170.000000 0.29994
171.000000 0.29994
172.000000 0.29995
173.000000 0.29995
174.000000 0.29995
175.000000 0.29995
176.000000 0.29996
177.000000 0.29996
178.000000 0.29996
179.000000 0.29996
180.000000 0.29996
181.000000 0.29997
182.000000 0.29997
183.000000 0.29997
184.000000 0.29997
185.000000 0.29997
186.000000 0.29997
187.000000 0.29998
188.000000 0.29998
189.000000 0.29998
190.000000 0.29998
191.000000 0.29998
192.000000 0.29998
193.000000 0.29998
194.000000 0.29998
195.000000 0.29998
196.000000 0.29998
197.000000 0.29998
198.000000 0.29999
199.000000 0.29999
200.000000 0.29999
201.000000 0.29999
202.000000 0.29999
203.000000 0.29999
204.000000 0.29999
