0.000000 0.058525
1.000000 0.1142
2.000000 0.16715
3.000000 0.21752
4.000000 0.26544
5.000000 0.31102
6.000000 0.35437
7.000000 0.39562
8.000000 0.43485
9.000000 0.47216
10.000000 0.50766
11.000000 0.54143
12.000000 0.57355
13.000000 0.6041
14.000000 0.63316
15.000000 0.66081
16.000000 0.6871
17.000000 0.71212
18.000000 0.73591
19.000000 0.75854
20.000000 0.78007
21.000000 0.80055
22.000000 0.82004
23.000000 0.83857
24.000000 0.85619
25.000000 0.87296
26.000000 0.88891
27.000000 0.90408
28.000000 0.91852
29.000000 0.93224
30.000000 0.9453
31.000000 0.95772
32.000000 0.96954
33.000000 0.98078
34.000000 0.99147
35.000000 1.0016
36.000000 1.0113
37.000000 1.0205
38.000000 1.0293
39.000000 1.0376
40.000000 1.0455
41.000000 1.0531
42.000000 1.0602
43.000000 1.067
44.000000 1.0735
45.000000 1.0797
46.000000 1.0856
47.000000 1.0911
48.000000 1.0964
49.000000 1.1015
50.000000 1.1063
51.000000 1.1109
52.000000 1.1152
53.000000 1.1194
54.000000 1.1233
55.000000 1.127
56.000000 1.1306
57.000000 1.134
58.000000 1.1372
59.000000 1.1403
60.000000 1.1432
61.000000 1.1459
62.000000 1.1486
63.000000 1.1511
64.000000 1.1535
65.000000 1.1557
66.000000 1.1579
67.000000 1.16
68.000000 1.1619
69.000000 1.1638
70.000000 1.1655
71.000000 1.1672
72.000000 1.1688
73.000000 1.1703
74.000000 1.1718
75.000000 1.1732
76.000000 1.1745
77.000000 1.1757
78.000000 1.1769
79.000000 1.178
80.000000 1.1791
81.000000 1.1801
82.000000 1.1811
83.000000 1.182
84.000000 1.1829
85.000000 1.1837
86.000000 1.1845
87.000000 1.1853
88.000000 1.186
89.000000 1.1867
90.000000 1.1873
91.000000 1.1879
92.000000 1.1885
93.000000 1.1891
94.000000 1.1896
95.000000 1.1901
96.000000 1.1906
97.000000 1.1911
98.000000 1.1915
99.000000 1.1919
100.000000 1.1923
101.000000 1.1927
102.000000 1.193
103.000000 1.1934
104.000000 1.1937
105.000000 1.194
106.000000 1.1943
107.000000 1.1946
108.000000 1.1948
109.000000 1.1951
110.000000 1.1953
111.000000 1.1956
112.000000 1.1958
113.000000 1.196
114.000000 1.1962
115.000000 1.1964
116.000000 1.1965
117.000000 1.1967
118.000000 1.1969
119.000000 1.197
120.000000 1.1972
121.000000 1.1973
122.000000 1.1974
123.000000 1.1976
124.000000 1.1977
125.000000 1.1978
126.000000 1.1979
127.000000 1.198
128.000000 1.1981
129.000000 1.1982
130.000000 1.1983
131.000000 1.1984
132.000000 1.1984
133.000000 1.1985
134.000000 1.1986
135.000000 1.1987
136.000000 1.1987
137.000000 1.1988
138.000000 1.1988
139.000000 1.1989
140.000000 1.199
141.000000 1.199
142.000000 1.1991
143.000000 1.1991
144.000000 1.1991
145.000000 1.1992
146.000000 1.1992
147.000000 1.1993
148.000000 1.1993
149.000000 1.1993
150.000000 1.1994
151.000000 1.1994
152.000000 1.1994
153.000000 1.1995
154.000000 1.1995
155.000000 1.1995
156.000000 1.1995
157.000000 1.1996
158.000000 1.1996
159.000000 1.1996
160.000000 1.1996
161.000000 1.1996
162.000000 1.1997
163.000000 1.1997
164.000000 1.1997
165.000000 1.1997
166.000000 1.1997
167.000000 1.1997
168.000000 1.1997
169.000000 1.1998
170.000000 1.1998
171.000000 1.1998
172.000000 1.1998
173.000000 1.1998
174.000000 1.1998
175.000000 1.1998
176.000000 1.1998
177.000000 1.1998
178.000000 1.1998
179.000000 1.1999
180.000000 1.1999
181.000000 1.1999
182.000000 1.1999
183.000000 1.1999
184.000000 1.1999
185.000000 1.1999
186.000000 1.1999
187.000000 1.1999
188.000000 1.1999
189.000000 1.1999
190.000000 1.1999
191.000000 1.1999
192.000000 1.1999
193.000000 1.1999
194.000000 1.1999
195.000000 1.1999
196.000000 1.1999
197.000000 1.1999
198.000000 1.1999
199.000000 1.1999
200.000000 1.1999
201.000000 1.2
202.000000 1.2
203.000000 1.2
204.000000 1.2
