0.000000 0.1142
1.000000 0.21752
2.000000 0.31102
3.000000 0.39562
4.000000 0.47216
5.000000 0.54143
6.000000 0.6041
7.000000 0.66081
8.000000 0.71212
9.000000 0.75854
10.000000 0.80055
11.000000 0.83857
12.000000 0.87296
13.000000 0.90408
14.000000 0.93224
15.000000 0.95772
16.000000 0.98078
17.000000 1.0016
18.000000 1.0205
19.000000 1.0376
20.000000 1.0531
21.000000 1.067
22.000000 1.0797
23.000000 1.0911
24.000000 1.1015
25.000000 1.1109
26.000000 1.1194
27.000000 1.127
28.000000 1.134
29.000000 1.1403
30.000000 1.1459
31.000000 1.1511
32.000000 1.1557
33.000000 1.16
34.000000 1.1638
35.000000 1.1672
36.000000 1.1703
37.000000 1.1732
38.000000 1.1757
39.000000 1.178
40.000000 1.1801
41.000000 1.182
42.000000 1.1837
43.000000 1.1853
44.000000 1.1867
45.000000 1.1879
46.000000 1.1891
47.000000 1.1901
48.000000 1.1911
49.000000 1.1919
50.000000 1.1927
51.000000 1.1934
52.000000 1.194
53.000000 1.1946
54.000000 1.1951
55.000000 1.1956
56.000000 1.196
57.000000 1.1964
58.000000 1.1967
59.000000 1.197
60.000000 1.1973
61.000000 1.1976
62.000000 1.1978
63.000000 1.198
64.000000 1.1982
65.000000 1.1984
66.000000 1.1985
67.000000 1.1987
68.000000 1.1988
69.000000 1.1989
70.000000 1.199
71.000000 1.1991
72.000000 1.1992
73.000000 1.1993
74.000000 1.1993
75.000000 1.1994
76.000000 1.1995
77.000000 1.1995
78.000000 1.1996
79.000000 1.1996
80.000000 1.1996
81.000000 1.1997
82.000000 1.1997
83.000000 1.1997
84.000000 1.1998
85.000000 1.1998
86.000000 1.1998
87.000000 1.1998
88.000000 1.1998
89.000000 1.1999
90.000000 1.1999
91.000000 1.1999
92.000000 1.1999
93.000000 1.1999
94.000000 1.1999
95.000000 1.1999
96.000000 1.1999
97.000000 1.1999
98.000000 1.1999
99.000000 1.1999
100.000000 1.2
101.000000 1.2
102.000000 1.2
103.000000 1.2
104.000000 1.2
105.000000 1.2
106.000000 1.2
107.000000 1.2
108.000000 1.2
109.000000 1.2
110.000000 1.2
111.000000 1.2
112.000000 1.2
113.000000 1.2
114.000000 1.2
115.000000 1.2
116.000000 1.2
117.000000 1.2
118.000000 1.2
119.000000 1.2
120.000000 1.2
121.000000 1.2
122.000000 1.2
123.000000 1.2
124.000000 1.2
125.000000 1.2
126.000000 1.2
127.000000 1.2
128.000000 1.2
129.000000 1.2
130.000000 1.2
131.000000 1.2
132.000000 1.2
133.000000 1.2
134.000000 1.2
135.000000 1.2
136.000000 1.2
137.000000 1.2
138.000000 1.2
139.000000 1.2
140.000000 1.2
141.000000 1.2
142.000000 1.2
143.000000 1.2
144.000000 1.2
145.000000 1.2
146.000000 1.2
147.000000 1.2
148.000000 1.2
149.000000 1.2
150.000000 1.2
151.000000 1.2
152.000000 1.2
153.000000 1.2
154.000000 1.2
155.000000 1.2
156.000000 1.2
157.000000 1.2
158.000000 1.2
159.000000 1.2
160.000000 1.2
161.000000 1.2
162.000000 1.2
163.000000 1.2
164.000000 1.2
165.000000 1.2
166.000000 1.2
167.000000 1.2
168.000000 1.2
169.000000 1.2
170.000000 1.2
171.000000 1.2
172.000000 1.2
173.000000 1.2
174.000000 1.2
175.000000 1.2
176.000000 1.2
177.000000 1.2
178.000000 1.2
179.000000 1.2
180.000000 1.2
181.000000 1.2
182.000000 1.2
183.000000 1.2
184.000000 1.2
185.000000 1.2
186.000000 1.2
187.000000 1.2
188.000000 1.2
189.000000 1.2
190.000000 1.2
191.000000 1.2
192.000000 1.2
193.000000 1.2
194.000000 1.2
195.000000 1.2
196.000000 1.2
197.000000 1.2
198.000000 1.2
199.000000 1.2
200.000000 1.2
201.000000 1.2
202.000000 1.2
203.000000 1.2
204.000000 1.2
