0.000000 0.054528
1.000000 0.10575
2.000000 0.15387
3.000000 0.19908
4.000000 0.24155
5.000000 0.28144
6.000000 0.31892
7.000000 0.35412
8.000000 0.3872
9.000000 0.41826
10.000000 0.44745
11.000000 0.47487
12.000000 0.50063
13.000000 0.52482
14.000000 0.54755
15.000000 0.56891
16.000000 0.58897
17.000000 0.60781
18.000000 0.62552
19.000000 0.64215
20.000000 0.65777
21.000000 0.67244
22.000000 0.68623
23.000000 0.69918
24.000000 0.71135
25.000000 0.72278
26.000000 0.73352
27.000000 0.7436
28.000000 0.75308
29.000000 0.76198
30.000000 0.77034
31.000000 0.7782
32.000000 0.78558
33.000000 0.79251
34.000000 0.79902
35.000000 0.80514
36.000000 0.81089
37.000000 0.81629
38.000000 0.82136
39.000000 0.82612
40.000000 0.8306
41.000000 0.8348
42.000000 0.83875
43.000000 0.84246
44.000000 0.84595
45.000000 0.84923
46.000000 0.8523
47.000000 0.85519
48.000000 0.85791
49.000000 0.86046
50.000000 0.86285
51.000000 0.8651
52.000000 0.86722
53.000000 0.8692
54.000000 0.87107
55.000000 0.87282
56.000000 0.87447
57.000000 0.87602
58.000000 0.87747
59.000000 0.87883
60.000000 0.88012
61.000000 0.88132
62.000000 0.88245
63.000000 0.88352
64.000000 0.88451
65.000000 0.88545
66.000000 0.88633
67.000000 0.88716
68.000000 0.88794
69.000000 0.88867
70.000000 0.88936
71.000000 0.89
72.000000 0.89061
73.000000 0.89118
74.000000 0.89171
75.000000 0.89221
76.000000 0.89269
77.000000 0.89313
78.000000 0.89354
79.000000 0.89394
80.000000 0.8943
81.000000 0.89465
82.000000 0.89497
83.000000 0.89528
84.000000 0.89556
85.000000 0.89583
86.000000 0.89608
87.000000 0.89632
88.000000 0.89654
89.000000 0.89675
90.000000 0.89695
91.000000 0.89714
92.000000 0.89731
93.000000 0.89747
94.000000 0.89763
95.000000 0.89777
96.000000 0.8979
97.000000 0.89803
98.000000 0.89815
99.000000 0.89826
100.000000 0.89837
101.000000 0.89847
102.000000 0.89856
103.000000 0.89865
104.000000 0.89873
105.000000 0.89881
106.000000 0.89888
107.000000 0.89895
108.000000 0.89901
109.000000 0.89907
110.000000 0.89913
111.000000 0.89918
112.000000 0.89923
113.000000 0.89928
114.000000 0.89932
115.000000 0.89936
116.000000 0.8994
117.000000 0.89944
118.000000 0.89947
119.000000 0.8995
120.000000 0.89953
121.000000 0.89956
122.000000 0.89959
123.000000 0.89961
124.000000 0.89964
125.000000 0.89966
126.000000 0.89968
127.000000 0.8997
128.000000 0.89972
129.000000 0.89973
130.000000 0.89975
131.000000 0.89976
132.000000 0.89978
133.000000 0.89979
134.000000 0.89981
135.000000 0.89982
136.000000 0.89983
137.000000 0.89984
138.000000 0.89985
139.000000 0.89986
140.000000 0.89987
141.000000 0.89987
142.000000 0.89988
143.000000 0.89989
144.000000 0.8999
145.000000 0.8999
146.000000 0.89991
147.000000 0.89991
148.000000 0.89992
149.000000 0.89992
150.000000 0.89993
151.000000 0.89993
152.000000 0.89994
153.000000 0.89994
154.000000 0.89994
155.000000 0.89995
156.000000 0.89995
157.000000 0.89995
158.000000 0.89996
159.000000 0.89996
160.000000 0.89996
161.000000 0.89996
162.000000 0.89997
163.000000 0.89997
164.000000 0.89997
165.000000 0.89997
166.000000 0.89997
167.000000 0.89998
168.000000 0.89998
169.000000 0.89998
170.000000 0.89998
171.000000 0.89998
172.000000 0.89998
173.000000 0.89998
174.000000 0.89998
175.000000 0.89998
176.000000 0.89999
177.000000 0.89999
178.000000 0.89999
179.000000 0.89999
180.000000 0.89999
181.000000 0.89999
182.000000 0.89999
183.000000 0.89999
184.000000 0.89999
185.000000 0.89999
186.000000 0.89999
187.000000 0.89999
188.000000 0.89999
189.000000 0.89999
190.000000 0.89999
191.000000 0.89999
192.000000 0.89999
193.000000 0.9
194.000000 0.9
195.000000 0.9
196.000000 0.9
197.000000 0.9
198.000000 0.9
199.000000 0.9
200.000000 0.9
201.000000 0.9
202.000000 0.9
203.000000 0.9
204.000000 0.9
