0.000000 0.60988
1.000000 0.97979
2.000000 1.2041
3.000000 1.3402
4.000000 1.4228
5.000000 1.4728
6.000000 1.5032
7.000000 1.5216
8.000000 1.5328
9.000000 1.5396
10.000000 1.5437
11.000000 1.5462
12.000000 1.5477
13.000000 1.5486
14.000000 1.5491
15.000000 1.5495
16.000000 1.5497
17.000000 1.5498
18.000000 1.5499
19.000000 1.5499
20.000000 1.55
21.000000 1.55
22.000000 1.55
23.000000 1.55
24.000000 1.55
25.000000 1.55
26.000000 1.55
27.000000 1.55
28.000000 1.55
29.000000 1.55
30.000000 1.55
31.000000 1.55
32.000000 1.55
33.000000 1.55
34.000000 1.55
35.000000 1.55
36.000000 1.55
37.000000 1.55
38.000000 1.55
39.000000 1.55
40.000000 1.55
41.000000 1.55
42.000000 1.55
43.000000 1.55
44.000000 1.55
45.000000 1.55
46.000000 1.55
47.000000 1.55
48.000000 1.55
49.000000 1.55
50.000000 1.55
51.000000 1.55
52.000000 1.55
53.000000 1.55
54.000000 1.55
55.000000 1.55
56.000000 1.55
57.000000 1.55
58.000000 1.55
59.000000 1.55
60.000000 1.55
61.000000 1.55
62.000000 1.55
63.000000 1.55
64.000000 1.55
65.000000 1.55
66.000000 1.55
67.000000 1.55
68.000000 1.55
69.000000 1.55
70.000000 1.55
71.000000 1.55
72.000000 1.55
73.000000 1.55
74.000000 1.55
75.000000 1.55
76.000000 1.55
77.000000 1.55
78.000000 1.55
79.000000 1.55
80.000000 1.55
81.000000 1.55
82.000000 1.55
83.000000 1.55
84.000000 1.55
85.000000 1.55
86.000000 1.55
87.000000 1.55
88.000000 1.55
89.000000 1.55
90.000000 1.55
91.000000 1.55
92.000000 1.55
93.000000 1.55
94.000000 1.55
95.000000 1.55
96.000000 1.55
97.000000 1.55
98.000000 1.55
99.000000 1.55
100.000000 1.55
101.000000 1.55
102.000000 1.55
103.000000 1.55
104.000000 1.55
105.000000 1.55
106.000000 1.55
107.000000 1.55
108.000000 1.55
109.000000 1.55
110.000000 1.55
111.000000 1.55
112.000000 1.55
113.000000 1.55
114.000000 1.55
115.000000 1.55
116.000000 1.55
117.000000 1.55
118.000000 1.55
119.000000 1.55
120.000000 1.55
121.000000 1.55
122.000000 1.55
123.000000 1.55
124.000000 1.55
125.000000 1.55
126.000000 1.55
127.000000 1.55
128.000000 1.55
129.000000 1.55
130.000000 1.55
131.000000 1.55
132.000000 1.55
133.000000 1.55
134.000000 1.55
135.000000 1.55
136.000000 1.55
137.000000 1.55
138.000000 1.55
139.000000 1.55
140.000000 1.55
141.000000 1.55
142.000000 1.55
143.000000 1.55
144.000000 1.55
145.000000 1.55
146.000000 1.55
147.000000 1.55
148.000000 1.55
149.000000 1.55
150.000000 1.55
151.000000 1.55
152.000000 1.55
153.000000 1.55
154.000000 1.55
155.000000 1.55
156.000000 1.55
157.000000 1.55
158.000000 1.55
159.000000 1.55
160.000000 1.55
161.000000 1.55
162.000000 1.55
163.000000 1.55
164.000000 1.55
165.000000 1.55
166.000000 1.55
167.000000 1.55
168.000000 1.55
169.000000 1.55
170.000000 1.55
171.000000 1.55
172.000000 1.55
173.000000 1.55
174.000000 1.55
175.000000 1.55
176.000000 1.55
177.000000 1.55
178.000000 1.55
179.000000 1.55
180.000000 1.55
181.000000 1.55
182.000000 1.55
183.000000 1.55
184.000000 1.55
185.000000 1.55
186.000000 1.55
187.000000 1.55
188.000000 1.55
189.000000 1.55
190.000000 1.55
191.000000 1.55
192.000000 1.55
193.000000 1.55
194.000000 1.55
195.000000 1.55
196.000000 1.55
197.000000 1.55
198.000000 1.55
199.000000 1.55
200.000000 1.55
201.000000 1.55
202.000000 1.55
203.000000 1.55
204.000000 1.55
