0.000000 0.05902
1.000000 0.094818
2.000000 0.11653
3.000000 0.1297
4.000000 0.13769
5.000000 0.14253
6.000000 0.14547
7.000000 0.14725
8.000000 0.14833
9.000000 0.14899
10.000000 0.14939
11.000000 0.14963
12.000000 0.14977
13.000000 0.14986
14.000000 0.14992
15.000000 0.14995
16.000000 0.14997
17.000000 0.14998
18.000000 0.14999
19.000000 0.14999
20.000000 0.15
21.000000 0.15
22.000000 0.15
23.000000 0.15
24.000000 0.15
25.000000 0.15
26.000000 0.15
27.000000 0.15
28.000000 0.15
29.000000 0.15
30.000000 0.15
31.000000 0.15
32.000000 0.15
33.000000 0.15
34.000000 0.15
35.000000 0.15
36.000000 0.15
37.000000 0.15
38.000000 0.15
39.000000 0.15
40.000000 0.15
41.000000 0.15
42.000000 0.15
43.000000 0.15
44.000000 0.15
45.000000 0.15
46.000000 0.15
47.000000 0.15
48.000000 0.15
49.000000 0.15
50.000000 0.15
51.000000 0.15
52.000000 0.15
53.000000 0.15
54.000000 0.15
55.000000 0.15
56.000000 0.15
57.000000 0.15
58.000000 0.15
59.000000 0.15
60.000000 0.15
61.000000 0.15
62.000000 0.15
63.000000 0.15
64.000000 0.15
65.000000 0.15
66.000000 0.15
67.000000 0.15
68.000000 0.15
69.000000 0.15
70.000000 0.15
71.000000 0.15
72.000000 0.15
73.000000 0.15
74.000000 0.15
75.000000 0.15
76.000000 0.15
77.000000 0.15
78.000000 0.15
79.000000 0.15
80.000000 0.15
81.000000 0.15
82.000000 0.15
83.000000 0.15
84.000000 0.15
85.000000 0.15
86.000000 0.15
87.000000 0.15
88.000000 0.15
89.000000 0.15
90.000000 0.15
91.000000 0.15
92.000000 0.15
93.000000 0.15
94.000000 0.15
95.000000 0.15
96.000000 0.15
97.000000 0.15
98.000000 0.15
99.000000 0.15
100.000000 0.15
101.000000 0.15
102.000000 0.15
103.000000 0.15
104.000000 0.15
105.000000 0.15
106.000000 0.15
107.000000 0.15
108.000000 0.15
109.000000 0.15
110.000000 0.15
111.000000 0.15
112.000000 0.15
113.000000 0.15
114.000000 0.15
115.000000 0.15
116.000000 0.15
117.000000 0.15
118.000000 0.15
119.000000 0.15
120.000000 0.15
121.000000 0.15
122.000000 0.15
123.000000 0.15
124.000000 0.15
125.000000 0.15
126.000000 0.15
127.000000 0.15
128.000000 0.15
129.000000 0.15
130.000000 0.15
131.000000 0.15
132.000000 0.15
133.000000 0.15
134.000000 0.15
135.000000 0.15
136.000000 0.15
137.000000 0.15
138.000000 0.15
139.000000 0.15
140.000000 0.15
141.000000 0.15
142.000000 0.15
143.000000 0.15
144.000000 0.15
145.000000 0.15
146.000000 0.15
147.000000 0.15
148.000000 0.15
149.000000 0.15
150.000000 0.15
151.000000 0.15
152.000000 0.15
153.000000 0.15
154.000000 0.15
155.000000 0.15
156.000000 0.15
157.000000 0.15
158.000000 0.15
159.000000 0.15
160.000000 0.15
161.000000 0.15
162.000000 0.15
163.000000 0.15
164.000000 0.15
165.000000 0.15
166.000000 0.15
167.000000 0.15
168.000000 0.15
169.000000 0.15
170.000000 0.15
171.000000 0.15
172.000000 0.15
173.000000 0.15
174.000000 0.15
175.000000 0.15
176.000000 0.15
177.000000 0.15
178.000000 0.15
179.000000 0.15
180.000000 0.15
181.000000 0.15
182.000000 0.15
183.000000 0.15
184.000000 0.15
185.000000 0.15
186.000000 0.15
187.000000 0.15
188.000000 0.15
189.000000 0.15
190.000000 0.15
191.000000 0.15
192.000000 0.15
193.000000 0.15
194.000000 0.15
195.000000 0.15
196.000000 0.15
197.000000 0.15
198.000000 0.15
199.000000 0.15
200.000000 0.15
201.000000 0.15
202.000000 0.15
203.000000 0.15
204.000000 0.15
