0.000000 0.0048771
1.000000 0.0095163
2.000000 0.013929
3.000000 0.018127
4.000000 0.02212
5.000000 0.025918
6.000000 0.029531
7.000000 0.032968
8.000000 0.036237
9.000000 0.039347
10.000000 0.042305
11.000000 0.045119
12.000000 0.047795
13.000000 0.050341
14.000000 0.052763
15.000000 0.055067
16.000000 0.057259
17.000000 0.059343
18.000000 0.061326
19.000000 0.063212
20.000000 0.065006
21.000000 0.066713
22.000000 0.068336
23.000000 0.069881
24.000000 0.07135
25.000000 0.072747
26.000000 0.074076
27.000000 0.07534
28.000000 0.076543
29.000000 0.077687
30.000000 0.078775
31.000000 0.07981
32.000000 0.080795
33.000000 0.081732
34.000000 0.082623
35.000000 0.08347
36.000000 0.084276
37.000000 0.085043
38.000000 0.085773
39.000000 0.086466
40.000000 0.087127
41.000000 0.087754
42.000000 0.088352
43.000000 0.08892
44.000000 0.08946
45.000000 0.089974
46.000000 0.090463
47.000000 0.090928
48.000000 0.091371
49.000000 0.091792
50.000000 0.092192
51.000000 0.092573
52.000000 0.092935
53.000000 0.093279
54.000000 0.093607
55.000000 0.093919
56.000000 0.094216
57.000000 0.094498
58.000000 0.094766
59.000000 0.095021
60.000000 0.095264
61.000000 0.095495
62.000000 0.095715
63.000000 0.095924
64.000000 0.096123
65.000000 0.096312
66.000000 0.096492
67.000000 0.096663
68.000000 0.096825
69.000000 0.09698
70.000000 0.097128
71.000000 0.097268
72.000000 0.097401
73.000000 0.097528
74.000000 0.097648
75.000000 0.097763
76.000000 0.097872
77.000000 0.097976
78.000000 0.098075
79.000000 0.098168
80.000000 0.098258
81.000000 0.098343
82.000000 0.098424
83.000000 0.0985
84.000000 0.098574
85.000000 0.098643
86.000000 0.098709
87.000000 0.098772
88.000000 0.098832
89.000000 0.098889
90.000000 0.098943
91.000000 0.098995
92.000000 0.099044
93.000000 0.09909
94.000000 0.099135
95.000000 0.099177
96.000000 0.099217
97.000000 0.099255
98.000000 0.099292
99.000000 0.099326
100.000000 0.099359
101.000000 0.09939
102.000000 0.09942
103.000000 0.099448
104.000000 0.099475
105.000000 0.099501
106.000000 0.099525
107.000000 0.099548
108.000000 0.09957
109.000000 0.099591
110.000000 0.099611
111.000000 0.09963
112.000000 0.099648
113.000000 0.099665
114.000000 0.099682
115.000000 0.099697
116.000000 0.099712
117.000000 0.099726
118.000000 0.099739
119.000000 0.099752
120.000000 0.099764
121.000000 0.099776
122.000000 0.099787
123.000000 0.099797
124.000000 0.099807
125.000000 0.099816
126.000000 0.099825
127.000000 0.099834
128.000000 0.099842
129.000000 0.09985
130.000000 0.099857
131.000000 0.099864
132.000000 0.099871
133.000000 0.099877
134.000000 0.099883
135.000000 0.099889
136.000000 0.099894
137.000000 0.099899
138.000000 0.099904
139.000000 0.099909
140.000000 0.099913
141.000000 0.099917
142.000000 0.099922
143.000000 0.099925
144.000000 0.099929
145.000000 0.099932
146.000000 0.099936
147.000000 0.099939
148.000000 0.099942
149.000000 0.099945
150.000000 0.099947
151.000000 0.09995
152.000000 0.099952
153.000000 0.099955
154.000000 0.099957
155.000000 0.099959
156.000000 0.099961
157.000000 0.099963
158.000000 0.099965
159.000000 0.099966
160.000000 0.099968
161.000000 0.09997
162.000000 0.099971
163.000000 0.099973
164.000000 0.099974
165.000000 0.099975
166.000000 0.099976
167.000000 0.099978
168.000000 0.099979
169.000000 0.09998
170.000000 0.099981
171.000000 0.099982
172.000000 0.099982
173.000000 0.099983
174.000000 0.099984
175.000000 0.099985
176.000000 0.099986
177.000000 0.099986
178.000000 0.099987
179.000000 0.099988
180.000000 0.099988
181.000000 0.099989
182.000000 0.099989
183.000000 0.09999
184.000000 0.09999
185.000000 0.099991
186.000000 0.099991
187.000000 0.099992
188.000000 0.099992
189.000000 0.099993
190.000000 0.099993
191.000000 0.099993
192.000000 0.099994
193.000000 0.099994
194.000000 0.099994
195.000000 0.099994
196.000000 0.099995
197.000000 0.099995
198.000000 0.099995
199.000000 0.099995
200.000000 0.099996
201.000000 0.099996
202.000000 0.099996
203.000000 0.099996
204.000000 0.099996
