0.000000 0
1.000000 0
2.000000 0
3.000000 0
4.000000 0
5.000000 0
6.000000 0
7.000000 0
8.000000 0
9.000000 0
10.000000 7.7968
11.000000 -0.60714
12.000000 3.6551
13.000000 0.41763
14.000000 2.5439
15.000000 1.2524
16.000000 2.2605
17.000000 1.7324
18.000000 2.2005
19.000000 1.9839
20.000000 2.2011
21.000000 2.1138
22.000000 2.2154
23.000000 2.1811
24.000000 2.2286
25.000000 2.215
26.000000 2.2363
27.000000 2.2298
28.000000 2.2379
29.000000 2.2331
30.000000 2.2343
31.000000 2.2293
32.000000 2.2267
33.000000 2.2211
34.000000 2.2164
35.000000 2.2102
36.000000 2.2043
37.000000 2.1977
38.000000 2.1913
39.000000 2.1846
40.000000 2.178
41.000000 2.1713
42.000000 2.1647
43.000000 2.1581
44.000000 2.1517
45.000000 2.1454
46.000000 2.1393
47.000000 2.1333
48.000000 2.1275
49.000000 2.1218
50.000000 2.1164
51.000000 2.1111
52.000000 2.106
53.000000 2.1011
54.000000 2.0963
55.000000 2.0917
56.000000 2.0873
57.000000 2.0831
58.000000 2.0791
59.000000 2.0752
60.000000 2.0714
61.000000 2.0678
62.000000 2.0643
63.000000 2.061
64.000000 2.0579
65.000000 2.0548
66.000000 2.0519
67.000000 2.0491
68.000000 2.0464
69.000000 2.0438
70.000000 2.0413
71.000000 2.039
72.000000 2.0367
73.000000 2.0345
74.000000 2.0325
75.000000 2.0305
76.000000 2.0286
77.000000 2.0267
78.000000 2.025
79.000000 2.0233
80.000000 2.0217
81.000000 2.0202
82.000000 2.0187
83.000000 2.0173
84.000000 2.016
85.000000 2.0147
86.000000 2.0135
87.000000 2.0123
88.000000 2.0112
89.000000 2.0101
90.000000 2.0091
91.000000 2.0082
92.000000 2.0073
93.000000 2.0064
94.000000 2.0055
95.000000 2.0048
96.000000 2.004
97.000000 2.0033
98.000000 2.0026
99.000000 2.002
100.000000 2.0013
101.000000 2.0008
102.000000 2.0002
103.000000 1.9997
104.000000 1.9992
105.000000 1.9988
106.000000 1.9983
107.000000 1.9979
108.000000 1.9975
109.000000 1.9972
110.000000 1.9968
111.000000 1.9965
112.000000 1.9962
113.000000 1.996
114.000000 1.9957
115.000000 1.9955
116.000000 1.9953
117.000000 1.9951
118.000000 1.9949
119.000000 1.9947
120.000000 1.9946
121.000000 1.9944
122.000000 1.9943
123.000000 1.9942
124.000000 1.9941
125.000000 1.994
126.000000 1.9939
127.000000 1.9939
128.000000 1.9938
129.000000 1.9938
130.000000 1.9938
131.000000 1.9937
132.000000 1.9937
133.000000 1.9937
134.000000 1.9937
135.000000 1.9937
136.000000 1.9937
137.000000 1.9937
138.000000 1.9938
139.000000 1.9938
140.000000 1.9938
141.000000 1.9939
142.000000 1.9939
143.000000 1.994
144.000000 1.994
145.000000 1.9941
146.000000 1.9942
147.000000 1.9942
148.000000 1.9943
149.000000 1.9944
150.000000 1.9945
151.000000 1.9945
152.000000 1.9946
153.000000 1.9947
154.000000 1.9948
155.000000 1.9949
156.000000 1.995
157.000000 1.995
158.000000 1.9951
159.000000 1.9952
160.000000 1.9953
161.000000 1.9954
162.000000 1.9955
163.000000 1.9956
164.000000 1.9957
165.000000 1.9958
166.000000 1.9959
167.000000 1.996
168.000000 1.9961
169.000000 1.9961
170.000000 1.9962
171.000000 1.9963
172.000000 1.9964
173.000000 1.9965
174.000000 1.9966
175.000000 1.9967
176.000000 1.9968
177.000000 1.9969
178.000000 1.9969
179.000000 1.997
180.000000 1.9971
181.000000 1.9972
182.000000 1.9973
183.000000 1.9974
184.000000 1.9974
185.000000 1.9975
186.000000 1.9976
187.000000 1.9977
188.000000 1.9977
189.000000 1.9978
190.000000 1.9979
191.000000 1.998
192.000000 1.998
193.000000 1.9981
194.000000 1.9982
195.000000 1.9982
196.000000 1.9983
197.000000 1.9983
198.000000 1.9984
199.000000 1.9985
200.000000 -13.595
201.000000 3.2129
202.000000 -5.3116
203.000000 1.1634
204.000000 -3.0892
205.000000 -0.506
206.000000 -2.5222
207.000000 -1.466
208.000000 -2.4021
209.000000 -1.9688
210.000000 -2.4031
211.000000 -2.2286
212.000000 -2.4316
213.000000 -2.3631
214.000000 -2.458
215.000000 -2.4307
216.000000 -2.4733
217.000000 -2.4603
218.000000 -2.4764
219.000000 -2.4669
220.000000 -2.4691
221.000000 -2.4592
222.000000 -2.4539
223.000000 -2.4427
224.000000 -2.4332
225.000000 -2.4208
226.000000 -2.409
227.000000 -2.3959
228.000000 -2.383
229.000000 -2.3695
230.000000 -2.3562
231.000000 -2.3428
232.000000 -2.3296
233.000000 -2.3165
234.000000 -2.3036
235.000000 -2.291
236.000000 -2.2787
237.000000 -2.2667
238.000000 -2.2551
239.000000 -2.2438
240.000000 -2.2328
241.000000 -2.2223
242.000000 -2.212
243.000000 -2.2022
244.000000 -2.1927
245.000000 -2.1835
246.000000 -2.1747
247.000000 -2.1663
248.000000 -2.1581
249.000000 -2.1503
250.000000 -2.1428
251.000000 -2.1356
252.000000 -2.1287
253.000000 -2.122
254.000000 -2.1157
255.000000 -2.1096
256.000000 -2.1037
257.000000 -2.0981
258.000000 -2.0927
259.000000 -2.0876
260.000000 -2.0826
261.000000 -2.0779
262.000000 -2.0733
263.000000 -2.069
264.000000 -2.0648
265.000000 -2.0608
266.000000 -2.057
267.000000 -2.0534
268.000000 -2.0499
269.000000 -2.0465
270.000000 -2.0433
271.000000 -2.0403
272.000000 -2.0373
273.000000 -2.0345
274.000000 -2.0319
275.000000 -2.0293
276.000000 -2.0269
277.000000 -2.0245
278.000000 -2.0223
279.000000 -2.0202
280.000000 -2.0182
281.000000 -2.0162
282.000000 -2.0144
283.000000 -2.0126
284.000000 -2.011
285.000000 -2.0094
286.000000 -2.0079
287.000000 -2.0064
288.000000 -2.0051
289.000000 -2.0038
290.000000 -2.0026
291.000000 -2.0014
292.000000 -2.0003
293.000000 -1.9993
294.000000 -1.9983
295.000000 -1.9974
296.000000 -1.9965
297.000000 -1.9957
298.000000 -1.995
299.000000 -1.9943
300.000000 -1.9936
301.000000 -1.993
302.000000 -1.9924
303.000000 -1.9918
304.000000 -1.9913
305.000000 -1.9909
306.000000 -1.9904
307.000000 -1.99
308.000000 -1.9897
309.000000 -1.9893
310.000000 -1.989
311.000000 -1.9888
312.000000 -1.9885
313.000000 -1.9883
314.000000 -1.9881
315.000000 -1.988
316.000000 -1.9878
317.000000 -1.9877
318.000000 -1.9876
319.000000 -1.9875
320.000000 -1.9874
321.000000 -1.9874
322.000000 -1.9874
323.000000 -1.9873
324.000000 -1.9873
325.000000 -1.9874
326.000000 -1.9874
327.000000 -1.9874
328.000000 -1.9875
329.000000 -1.9876
330.000000 -1.9876
331.000000 -1.9877
332.000000 -1.9878
333.000000 -1.9879
334.000000 -1.988
335.000000 -1.9882
336.000000 -1.9883
337.000000 -1.9884
338.000000 -1.9886
339.000000 -1.9887
340.000000 -1.9889
341.000000 -1.989
342.000000 -1.9892
343.000000 -1.9894
344.000000 -1.9895
345.000000 -1.9897
346.000000 -1.9899
347.000000 -1.9901
348.000000 -1.9902
349.000000 -1.9904
350.000000 -1.9906
351.000000 -1.9908
352.000000 -1.991
353.000000 -1.9912
354.000000 -1.9913
355.000000 -1.9915
356.000000 -1.9917
357.000000 -1.9919
358.000000 -1.9921
359.000000 -1.9923
360.000000 -1.9925
361.000000 -1.9926
362.000000 -1.9928
363.000000 -1.993
364.000000 -1.9932
365.000000 -1.9934
366.000000 -1.9935
367.000000 -1.9937
368.000000 -1.9939
369.000000 -1.994
370.000000 -1.9942
371.000000 -1.9944
372.000000 -1.9945
373.000000 -1.9947
374.000000 -1.9949
375.000000 -1.995
376.000000 -1.9952
377.000000 -1.9953
378.000000 -1.9955
379.000000 -1.9956
380.000000 -1.9958
381.000000 -1.9959
382.000000 -1.996
383.000000 -1.9962
384.000000 -1.9963
385.000000 -1.9964
386.000000 -1.9966
387.000000 -1.9967
388.000000 -1.9968
389.000000 -1.9969
390.000000 -1.997
391.000000 -1.9972
392.000000 -1.9973
393.000000 -1.9974
394.000000 -1.9975
395.000000 -1.9976
396.000000 -1.9977
397.000000 -1.9978
398.000000 -1.9979
399.000000 -1.998
400.000000 -1.9981
401.000000 -1.9981
402.000000 -1.9982
403.000000 -1.9983
404.000000 -1.9984
405.000000 -1.9985
406.000000 -1.9985
407.000000 -1.9986
408.000000 -1.9987
409.000000 -1.9988
410.000000 -1.9988
411.000000 -1.9989
412.000000 -1.9989
413.000000 -1.999
414.000000 -1.9991
415.000000 -1.9991
416.000000 -1.9992
417.000000 -1.9992
418.000000 -1.9993
419.000000 -1.9993
420.000000 -1.9994
421.000000 -1.9994
422.000000 -1.9995
423.000000 -1.9995
424.000000 -1.9995
425.000000 -1.9996
426.000000 -1.9996
427.000000 -1.9997
428.000000 -1.9997
429.000000 -1.9997
430.000000 -1.9998
431.000000 -1.9998
432.000000 -1.9998
433.000000 -1.9998
434.000000 -1.9999
435.000000 -1.9999
436.000000 -1.9999
437.000000 -1.9999
438.000000 -2
439.000000 -2
440.000000 -2
441.000000 -2
442.000000 -2
443.000000 -2.0001
444.000000 -2.0001
445.000000 -2.0001
446.000000 -2.0001
447.000000 -2.0001
448.000000 -2.0001
449.000000 -2.0001
450.000000 -2.0001
451.000000 -2.0002
452.000000 -2.0002
453.000000 -2.0002
454.000000 -2.0002
455.000000 -2.0002
456.000000 -2.0002
457.000000 -2.0002
458.000000 -2.0002
459.000000 -2.0002
460.000000 -2.0002
461.000000 -2.0002
462.000000 -2.0002
463.000000 -2.0002
464.000000 -2.0002
465.000000 -2.0002
466.000000 -2.0002
467.000000 -2.0002
468.000000 -2.0002
469.000000 -2.0002
470.000000 -2.0002
471.000000 -2.0002
472.000000 -2.0002
473.000000 -2.0002
474.000000 -2.0002
475.000000 -2.0002
476.000000 -2.0002
477.000000 -2.0002
478.000000 -2.0002
479.000000 -2.0002
480.000000 -2.0002
481.000000 -2.0002
482.000000 -2.0002
483.000000 -2.0002
484.000000 -2.0002
485.000000 -2.0002
486.000000 -2.0002
487.000000 -2.0002
488.000000 -2.0002
489.000000 -2.0002
490.000000 -2.0002
491.000000 -2.0002
492.000000 -2.0002
493.000000 -2.0002
494.000000 -2.0002
495.000000 -2.0002
496.000000 -2.0002
497.000000 -2.0002
498.000000 -2.0002
499.000000 -2.0002
500.000000 11.644
501.000000 -3.0627
502.000000 4.3963
503.000000 -1.2693
504.000000 2.4517
505.000000 0.19154
506.000000 1.9558
507.000000 1.0316
508.000000 1.8508
509.000000 1.4717
510.000000 1.8518
511.000000 1.6991
512.000000 1.8768
513.000000 1.8169
514.000000 1.8999
515.000000 1.8761
516.000000 1.9134
517.000000 1.902
518.000000 1.9162
519.000000 1.9078
520.000000 1.9098
521.000000 1.9012
522.000000 1.8966
523.000000 1.8868
524.000000 1.8785
525.000000 1.8677
526.000000 1.8574
527.000000 1.846
528.000000 1.8347
529.000000 1.823
530.000000 1.8114
531.000000 1.7996
532.000000 1.7881
533.000000 1.7766
534.000000 1.7654
535.000000 1.7544
536.000000 1.7437
537.000000 1.7332
538.000000 1.723
539.000000 1.7131
540.000000 1.7036
541.000000 1.6943
542.000000 1.6854
543.000000 1.6768
544.000000 1.6685
545.000000 1.6605
546.000000 1.6528
547.000000 1.6454
548.000000 1.6383
549.000000 1.6315
550.000000 1.6249
551.000000 1.6186
552.000000 1.6126
553.000000 1.6068
554.000000 1.6012
555.000000 1.5959
556.000000 1.5908
557.000000 1.5859
558.000000 1.5812
559.000000 1.5766
560.000000 1.5723
561.000000 1.5682
562.000000 1.5642
563.000000 1.5604
564.000000 1.5568
565.000000 1.5533
566.000000 1.55
567.000000 1.5468
568.000000 1.5437
569.000000 1.5408
570.000000 1.538
571.000000 1.5353
572.000000 1.5328
573.000000 1.5303
574.000000 1.528
575.000000 1.5257
576.000000 1.5236
577.000000 1.5216
578.000000 1.5196
579.000000 1.5178
580.000000 1.516
581.000000 1.5143
582.000000 1.5127
583.000000 1.5112
584.000000 1.5097
585.000000 1.5083
586.000000 1.507
587.000000 1.5057
588.000000 1.5046
589.000000 1.5034
590.000000 1.5024
591.000000 1.5013
592.000000 1.5004
593.000000 1.4995
594.000000 1.4986
595.000000 1.4978
596.000000 1.4971
597.000000 1.4964
598.000000 1.4957
599.000000 1.4951
600.000000 1.4945
601.000000 1.4939
602.000000 1.4934
603.000000 1.4929
604.000000 1.4925
605.000000 1.4921
606.000000 1.4917
607.000000 1.4914
608.000000 1.491
609.000000 1.4908
610.000000 1.4905
611.000000 1.4903
612.000000 1.49
613.000000 1.4898
614.000000 1.4897
615.000000 1.4895
616.000000 1.4894
617.000000 1.4893
618.000000 1.4892
619.000000 1.4891
620.000000 1.4891
621.000000 1.489
622.000000 1.489
623.000000 1.489
624.000000 1.489
625.000000 1.489
626.000000 1.489
627.000000 1.4891
628.000000 1.4891
629.000000 1.4892
630.000000 1.4892
631.000000 1.4893
632.000000 1.4894
633.000000 1.4895
634.000000 1.4896
635.000000 1.4897
636.000000 1.4898
637.000000 1.4899
638.000000 1.49
639.000000 1.4902
640.000000 1.4903
641.000000 1.4904
642.000000 1.4906
643.000000 1.4907
644.000000 1.4909
645.000000 1.491
646.000000 1.4912
647.000000 1.4913
648.000000 1.4915
649.000000 1.4916
650.000000 1.4918
651.000000 1.492
652.000000 1.4921
653.000000 1.4923
654.000000 1.4924
655.000000 1.4926
656.000000 1.4928
657.000000 1.4929
658.000000 1.4931
659.000000 1.4933
660.000000 1.4934
661.000000 1.4936
662.000000 1.4937
663.000000 1.4939
664.000000 1.494
665.000000 1.4942
666.000000 1.4943
667.000000 1.4945
668.000000 1.4947
669.000000 1.4948
670.000000 1.4949
671.000000 1.4951
672.000000 1.4952
673.000000 1.4954
674.000000 1.4955
675.000000 1.4956
676.000000 1.4958
677.000000 1.4959
678.000000 1.496
679.000000 1.4962
680.000000 1.4963
681.000000 1.4964
682.000000 1.4965
683.000000 1.4967
684.000000 1.4968
685.000000 1.4969
686.000000 1.497
687.000000 1.4971
688.000000 1.4972
689.000000 1.4973
690.000000 1.4974
691.000000 1.4975
692.000000 1.4976
693.000000 1.4977
694.000000 1.4978
695.000000 1.4979
696.000000 1.498
697.000000 1.4981
698.000000 1.4981
699.000000 1.4982
700.000000 1.4983
701.000000 1.4984
702.000000 1.4984
703.000000 1.4985
704.000000 1.4986
705.000000 1.4987
706.000000 1.4987
707.000000 1.4988
708.000000 1.4989
709.000000 1.4989
710.000000 1.499
711.000000 1.499
712.000000 1.4991
713.000000 1.4991
714.000000 1.4992
715.000000 1.4992
716.000000 1.4993
717.000000 1.4993
718.000000 1.4994
719.000000 1.4994
720.000000 1.4995
721.000000 1.4995
722.000000 1.4995
723.000000 1.4996
724.000000 1.4996
725.000000 1.4996
726.000000 1.4997
727.000000 1.4997
728.000000 1.4997
729.000000 1.4998
730.000000 1.4998
731.000000 1.4998
732.000000 1.4998
733.000000 1.4999
734.000000 1.4999
735.000000 1.4999
736.000000 1.4999
737.000000 1.4999
738.000000 1.5
739.000000 1.5
740.000000 1.5
741.000000 1.5
742.000000 1.5
743.000000 1.5
744.000000 1.5001
745.000000 1.5001
746.000000 1.5001
747.000000 1.5001
748.000000 1.5001
749.000000 1.5001
750.000000 1.5001
751.000000 1.5001
752.000000 1.5001
753.000000 1.5001
754.000000 1.5002
755.000000 1.5002
756.000000 1.5002
757.000000 1.5002
758.000000 1.5002
759.000000 1.5002
760.000000 1.5002
761.000000 1.5002
762.000000 1.5002
763.000000 1.5002
764.000000 1.5002
765.000000 1.5002
766.000000 1.5002
767.000000 1.5002
768.000000 1.5002
769.000000 1.5002
770.000000 1.5002
771.000000 1.5002
772.000000 1.5002
773.000000 1.5002
774.000000 1.5002
775.000000 1.5002
776.000000 1.5002
777.000000 1.5002
778.000000 1.5002
779.000000 1.5002
780.000000 1.5002
781.000000 1.5002
782.000000 1.5002
783.000000 1.5002
784.000000 1.5002
785.000000 1.5002
786.000000 1.5002
787.000000 1.5002
788.000000 1.5002
789.000000 1.5002
790.000000 1.5002
791.000000 1.5002
792.000000 1.5002
793.000000 1.5002
794.000000 1.5002
795.000000 1.5002
796.000000 1.5002
797.000000 1.5002
798.000000 1.5002
799.000000 1.5002
800.000000 -4.3475
801.000000 1.9555
802.000000 -1.2412
803.000000 1.1869
804.000000 -0.40782
805.000000 0.56084
806.000000 -0.19527
807.000000 0.2008
808.000000 -0.15027
809.000000 0.012191
810.000000 -0.15069
811.000000 -0.085254
812.000000 -0.16141
813.000000 -0.13575
814.000000 -0.17132
815.000000 -0.16114
816.000000 -0.1771
817.000000 -0.17224
818.000000 -0.17831
819.000000 -0.17474
820.000000 -0.1756
821.000000 -0.17191
822.000000 -0.16992
823.000000 -0.16575
824.000000 -0.16218
825.000000 -0.15756
826.000000 -0.15315
827.000000 -0.14824
828.000000 -0.14341
829.000000 -0.13837
830.000000 -0.1334
831.000000 -0.12838
832.000000 -0.12343
833.000000 -0.11853
834.000000 -0.11372
835.000000 -0.109
836.000000 -0.10439
837.000000 -0.099906
838.000000 -0.095547
839.000000 -0.091317
840.000000 -0.087222
841.000000 -0.083261
842.000000 -0.079437
843.000000 -0.075747
844.000000 -0.072192
845.000000 -0.068767
846.000000 -0.065472
847.000000 -0.062303
848.000000 -0.059257
849.000000 -0.05633
850.000000 -0.05352
851.000000 -0.050821
852.000000 -0.048232
853.000000 -0.045747
854.000000 -0.043363
855.000000 -0.041077
856.000000 -0.038885
857.000000 -0.036784
858.000000 -0.034769
859.000000 -0.032838
860.000000 -0.030987
861.000000 -0.029214
862.000000 -0.027515
863.000000 -0.025888
864.000000 -0.024329
865.000000 -0.022837
866.000000 -0.021408
867.000000 -0.020039
868.000000 -0.01873
869.000000 -0.017476
870.000000 -0.016277
871.000000 -0.01513
872.000000 -0.014033
873.000000 -0.012984
874.000000 -0.011982
875.000000 -0.011024
876.000000 -0.010109
877.000000 -0.0092355
878.000000 -0.0084017
879.000000 -0.0076061
880.000000 -0.0068474
881.000000 -0.0061243
882.000000 -0.0054352
883.000000 -0.0047791
884.000000 -0.0041547
885.000000 -0.0035608
886.000000 -0.0029963
887.000000 -0.0024602
888.000000 -0.0019512
889.000000 -0.0014686
890.000000 -0.0010112
891.000000 -0.00057809
892.000000 -0.00016845
893.000000 0.00021863
894.000000 0.00058401
895.000000 0.0009285
896.000000 0.0012529
897.000000 0.001558
898.000000 0.0018445
899.000000 0.0021131
900.000000 0.0023645
901.000000 0.0025995
902.000000 0.0028186
903.000000 0.0030225
904.000000 0.0032117
905.000000 0.003387
906.000000 0.0035488
907.000000 0.0036977
908.000000 0.0038343
909.000000 0.003959
910.000000 0.0040724
911.000000 0.0041749
912.000000 0.0042671
913.000000 0.0043494
914.000000 0.0044223
915.000000 0.0044861
916.000000 0.0045412
917.000000 0.0045882
918.000000 0.0046273
919.000000 0.004659
920.000000 0.0046836
921.000000 0.0047015
922.000000 0.004713
923.000000 0.0047184
924.000000 0.0047181
925.000000 0.0047124
926.000000 0.0047015
927.000000 0.0046858
928.000000 0.0046655
929.000000 0.0046409
930.000000 0.0046123
931.000000 0.0045798
932.000000 0.0045438
933.000000 0.0045045
934.000000 0.0044621
935.000000 0.0044168
936.000000 0.0043688
937.000000 0.0043183
938.000000 0.0042655
939.000000 0.0042106
940.000000 0.0041537
941.000000 0.0040951
942.000000 0.0040349
943.000000 0.0039732
944.000000 0.0039102
945.000000 0.003846
946.000000 0.0037809
947.000000 0.0037148
948.000000 0.0036479
949.000000 0.0035803
950.000000 0.0035122
951.000000 0.0034437
952.000000 0.0033748
953.000000 0.0033057
954.000000 0.0032364
955.000000 0.0031671
956.000000 0.0030978
957.000000 0.0030286
958.000000 0.0029595
959.000000 0.0028907
960.000000 0.0028222
961.000000 0.002754
962.000000 0.0026863
963.000000 0.0026191
964.000000 0.0025524
965.000000 0.0024863
966.000000 0.0024208
967.000000 0.002356
968.000000 0.0022919
969.000000 0.0022285
970.000000 0.0021659
971.000000 0.0021041
972.000000 0.0020432
973.000000 0.0019831
974.000000 0.0019239
975.000000 0.0018656
976.000000 0.0018083
977.000000 0.0017518
978.000000 0.0016964
979.000000 0.0016419
980.000000 0.0015883
981.000000 0.0015358
982.000000 0.0014843
983.000000 0.0014338
984.000000 0.0013843
985.000000 0.0013358
986.000000 0.0012883
987.000000 0.0012418
988.000000 0.0011964
989.000000 0.0011519
990.000000 0.0011085
991.000000 0.0010661
992.000000 0.0010247
993.000000 0.00098427
994.000000 0.00094486
995.000000 0.00090642
996.000000 0.00086897
997.000000 0.00083249
998.000000 0.00079696
999.000000 0.00076239
1000.000000 0.00072876
1001.000000 0.00069605
1002.000000 0.00066426
1003.000000 0.00063338
1004.000000 0.00060339
1005.000000 0.00057429
1006.000000 0.00054605
1007.000000 0.00051866
1008.000000 0.00049212
1009.000000 0.0004664
1010.000000 0.0004415
1011.000000 0.00041739
1012.000000 0.00039407
1013.000000 0.00037152
1014.000000 0.00034973
1015.000000 0.00032867
1016.000000 0.00030835
1017.000000 0.00028873
1018.000000 0.00026981
1019.000000 0.00025157
1020.000000 0.000234
1021.000000 0.00021707
1022.000000 0.00020079
1023.000000 0.00018513
1024.000000 0.00017007
1025.000000 0.00015561
1026.000000 0.00014172
1027.000000 0.0001284
1028.000000 0.00011563
1029.000000 0.00010339
1030.000000 9.1674e-05
1031.000000 8.0465e-05
1032.000000 6.9749e-05
1033.000000 5.9512e-05
1034.000000 4.9742e-05
1035.000000 4.0425e-05
1036.000000 3.1548e-05
1037.000000 2.3097e-05
1038.000000 1.5061e-05
1039.000000 7.4266e-06
1040.000000 1.8163e-07
1041.000000 -6.6861e-06
1042.000000 -1.3188e-05
1043.000000 -1.9337e-05
1044.000000 -2.5144e-05
1045.000000 -3.0619e-05
1046.000000 -3.5775e-05
1047.000000 -4.0622e-05
1048.000000 -4.517e-05
1049.000000 -4.9431e-05
1050.000000 -5.3414e-05
1051.000000 -5.7129e-05
1052.000000 -6.0586e-05
1053.000000 -6.3795e-05
1054.000000 -6.6765e-05
1055.000000 -6.9504e-05
1056.000000 -7.2023e-05
1057.000000 -7.4329e-05
1058.000000 -7.6432e-05
1059.000000 -7.8338e-05
1060.000000 -8.0057e-05
1061.000000 -8.1597e-05
1062.000000 -8.2964e-05
1063.000000 -8.4167e-05
1064.000000 -8.5212e-05
1065.000000 -8.6106e-05
1066.000000 -8.6857e-05
1067.000000 -8.7471e-05
1068.000000 -8.7955e-05
1069.000000 -8.8314e-05
1070.000000 -8.8556e-05
1071.000000 -8.8685e-05
1072.000000 -8.8707e-05
1073.000000 -8.8628e-05
1074.000000 -8.8454e-05
1075.000000 -8.8189e-05
1076.000000 -8.7839e-05
1077.000000 -8.7408e-05
1078.000000 -8.6901e-05
1079.000000 -8.6323e-05
1080.000000 -8.5677e-05
1081.000000 -8.4969e-05
1082.000000 -8.4202e-05
1083.000000 -8.3381e-05
1084.000000 -8.2508e-05
1085.000000 -8.1588e-05
1086.000000 -8.0624e-05
1087.000000 -7.962e-05
1088.000000 -7.8578e-05
1089.000000 -7.7503e-05
1090.000000 -7.6396e-05
1091.000000 -7.5261e-05
1092.000000 -7.41e-05
1093.000000 -7.2917e-05
1094.000000 -7.1713e-05
1095.000000 -7.0491e-05
1096.000000 -6.9254e-05
1097.000000 -6.8003e-05
1098.000000 -6.6741e-05
1099.000000 -6.547e-05
