0.000000 0
1.000000 0
2.000000 0
3.000000 0
4.000000 0
5.000000 0
6.000000 0
7.000000 0
8.000000 0
9.000000 0
10.000000 2.7962
11.000000 1.3241
12.000000 2.0666
13.000000 1.7385
14.000000 1.9426
15.000000 1.8772
16.000000 1.9384
17.000000 1.9306
18.000000 1.9519
19.000000 1.955
20.000000 1.9643
21.000000 1.9683
22.000000 1.9732
23.000000 1.9765
24.000000 1.9797
25.000000 1.9823
26.000000 1.9846
27.000000 1.9866
28.000000 1.9884
29.000000 1.99
30.000000 1.9915
31.000000 1.9929
32.000000 1.9941
33.000000 1.9953
34.000000 1.9964
35.000000 1.9974
36.000000 1.9983
37.000000 1.9991
38.000000 1.9999
39.000000 2.0007
40.000000 2.0013
41.000000 2.002
42.000000 2.0025
43.000000 2.0031
44.000000 2.0036
45.000000 2.004
46.000000 2.0044
47.000000 2.0048
48.000000 2.0051
49.000000 2.0054
50.000000 2.0056
51.000000 2.0059
52.000000 2.0061
53.000000 2.0062
54.000000 2.0064
55.000000 2.0065
56.000000 2.0066
57.000000 2.0067
58.000000 2.0068
59.000000 2.0068
60.000000 2.0068
61.000000 2.0068
62.000000 2.0068
63.000000 2.0068
64.000000 2.0068
65.000000 2.0067
66.000000 2.0067
67.000000 2.0066
68.000000 2.0065
69.000000 2.0065
70.000000 2.0064
71.000000 2.0063
72.000000 2.0062
73.000000 2.0061
74.000000 2.006
75.000000 2.0059
76.000000 2.0057
77.000000 2.0056
78.000000 2.0055
79.000000 2.0054
80.000000 2.0052
81.000000 2.0051
82.000000 2.005
83.000000 2.0048
84.000000 2.0047
85.000000 2.0046
86.000000 2.0044
87.000000 2.0043
88.000000 2.0042
89.000000 2.004
90.000000 2.0039
91.000000 2.0038
92.000000 2.0036
93.000000 2.0035
94.000000 2.0034
95.000000 2.0033
96.000000 2.0031
97.000000 2.003
98.000000 2.0029
99.000000 2.0028
100.000000 2.0027
101.000000 2.0025
102.000000 2.0024
103.000000 2.0023
104.000000 2.0022
105.000000 2.0021
106.000000 2.002
107.000000 2.0019
108.000000 2.0018
109.000000 2.0017
110.000000 2.0016
111.000000 2.0015
112.000000 2.0015
113.000000 2.0014
114.000000 2.0013
115.000000 2.0012
116.000000 2.0011
117.000000 2.0011
118.000000 2.001
119.000000 2.0009
120.000000 2.0009
121.000000 2.0008
122.000000 2.0007
123.000000 2.0007
124.000000 2.0006
125.000000 2.0005
126.000000 2.0005
127.000000 2.0004
128.000000 2.0004
129.000000 2.0003
130.000000 2.0003
131.000000 2.0003
132.000000 2.0002
133.000000 2.0002
134.000000 2.0001
135.000000 2.0001
136.000000 2.0001
137.000000 2
138.000000 2
139.000000 2
140.000000 1.9999
141.000000 1.9999
142.000000 1.9999
143.000000 1.9999
144.000000 1.9998
145.000000 1.9998
146.000000 1.9998
147.000000 1.9998
148.000000 1.9998
149.000000 1.9997
150.000000 1.9997
151.000000 1.9997
152.000000 1.9997
153.000000 1.9997
154.000000 1.9997
155.000000 1.9997
156.000000 1.9997
157.000000 1.9996
158.000000 1.9996
159.000000 1.9996
160.000000 1.9996
161.000000 1.9996
162.000000 1.9996
163.000000 1.9996
164.000000 1.9996
165.000000 1.9996
166.000000 1.9996
167.000000 1.9996
168.000000 1.9996
169.000000 1.9996
170.000000 1.9996
171.000000 1.9996
172.000000 1.9996
173.000000 1.9996
174.000000 1.9996
175.000000 1.9996
176.000000 1.9996
177.000000 1.9996
178.000000 1.9996
179.000000 1.9996
180.000000 1.9996
181.000000 1.9996
182.000000 1.9996
183.000000 1.9996
184.000000 1.9996
185.000000 1.9996
186.000000 1.9996
187.000000 1.9996
188.000000 1.9996
189.000000 1.9997
190.000000 1.9997
191.000000 1.9997
192.000000 1.9997
193.000000 1.9997
194.000000 1.9997
195.000000 1.9997
196.000000 1.9997
197.000000 1.9997
198.000000 1.9997
199.000000 1.9997
200.000000 -3.5928
201.000000 -0.64854
202.000000 -2.1334
203.000000 -1.4773
204.000000 -1.8855
205.000000 -1.7548
206.000000 -1.877
207.000000 -1.8614
208.000000 -1.9041
209.000000 -1.9103
210.000000 -1.9287
211.000000 -1.9368
212.000000 -1.9467
213.000000 -1.9533
214.000000 -1.9597
215.000000 -1.9647
216.000000 -1.9694
217.000000 -1.9734
218.000000 -1.977
219.000000 -1.9802
220.000000 -1.9832
221.000000 -1.9859
222.000000 -1.9884
223.000000 -1.9908
224.000000 -1.9929
225.000000 -1.9949
226.000000 -1.9967
227.000000 -1.9984
228.000000 -2
229.000000 -2.0015
230.000000 -2.0028
231.000000 -2.0041
232.000000 -2.0052
233.000000 -2.0063
234.000000 -2.0072
235.000000 -2.0081
236.000000 -2.0089
237.000000 -2.0096
238.000000 -2.0103
239.000000 -2.0108
240.000000 -2.0114
241.000000 -2.0118
242.000000 -2.0122
243.000000 -2.0126
244.000000 -2.0128
245.000000 -2.0131
246.000000 -2.0133
247.000000 -2.0135
248.000000 -2.0136
249.000000 -2.0137
250.000000 -2.0137
251.000000 -2.0137
252.000000 -2.0137
253.000000 -2.0137
254.000000 -2.0136
255.000000 -2.0135
256.000000 -2.0134
257.000000 -2.0133
258.000000 -2.0131
259.000000 -2.013
260.000000 -2.0128
261.000000 -2.0126
262.000000 -2.0124
263.000000 -2.0122
264.000000 -2.012
265.000000 -2.0117
266.000000 -2.0115
267.000000 -2.0113
268.000000 -2.011
269.000000 -2.0108
270.000000 -2.0105
271.000000 -2.0102
272.000000 -2.01
273.000000 -2.0097
274.000000 -2.0094
275.000000 -2.0092
276.000000 -2.0089
277.000000 -2.0086
278.000000 -2.0083
279.000000 -2.0081
280.000000 -2.0078
281.000000 -2.0076
282.000000 -2.0073
283.000000 -2.007
284.000000 -2.0068
285.000000 -2.0065
286.000000 -2.0063
287.000000 -2.006
288.000000 -2.0058
289.000000 -2.0056
290.000000 -2.0053
291.000000 -2.0051
292.000000 -2.0049
293.000000 -2.0047
294.000000 -2.0044
295.000000 -2.0042
296.000000 -2.004
297.000000 -2.0038
298.000000 -2.0036
299.000000 -2.0035
300.000000 -2.0033
301.000000 -2.0031
302.000000 -2.0029
303.000000 -2.0027
304.000000 -2.0026
305.000000 -2.0024
306.000000 -2.0023
307.000000 -2.0021
308.000000 -2.002
309.000000 -2.0018
310.000000 -2.0017
311.000000 -2.0016
312.000000 -2.0014
313.000000 -2.0013
314.000000 -2.0012
315.000000 -2.0011
316.000000 -2.001
317.000000 -2.0009
318.000000 -2.0008
319.000000 -2.0007
320.000000 -2.0006
321.000000 -2.0005
322.000000 -2.0004
323.000000 -2.0003
324.000000 -2.0003
325.000000 -2.0002
326.000000 -2.0001
327.000000 -2
328.000000 -2
329.000000 -1.9999
330.000000 -1.9999
331.000000 -1.9998
332.000000 -1.9998
333.000000 -1.9997
334.000000 -1.9997
335.000000 -1.9996
336.000000 -1.9996
337.000000 -1.9995
338.000000 -1.9995
339.000000 -1.9995
340.000000 -1.9994
341.000000 -1.9994
342.000000 -1.9994
343.000000 -1.9994
344.000000 -1.9993
345.000000 -1.9993
346.000000 -1.9993
347.000000 -1.9993
348.000000 -1.9993
349.000000 -1.9993
350.000000 -1.9992
351.000000 -1.9992
352.000000 -1.9992
353.000000 -1.9992
354.000000 -1.9992
355.000000 -1.9992
356.000000 -1.9992
357.000000 -1.9992
358.000000 -1.9992
359.000000 -1.9992
360.000000 -1.9992
361.000000 -1.9992
362.000000 -1.9992
363.000000 -1.9992
364.000000 -1.9992
365.000000 -1.9992
366.000000 -1.9992
367.000000 -1.9992
368.000000 -1.9992
369.000000 -1.9992
370.000000 -1.9992
371.000000 -1.9992
372.000000 -1.9992
373.000000 -1.9992
374.000000 -1.9993
375.000000 -1.9993
376.000000 -1.9993
377.000000 -1.9993
378.000000 -1.9993
379.000000 -1.9993
380.000000 -1.9993
381.000000 -1.9993
382.000000 -1.9993
383.000000 -1.9993
384.000000 -1.9994
385.000000 -1.9994
386.000000 -1.9994
387.000000 -1.9994
388.000000 -1.9994
389.000000 -1.9994
390.000000 -1.9994
391.000000 -1.9994
392.000000 -1.9994
393.000000 -1.9995
394.000000 -1.9995
395.000000 -1.9995
396.000000 -1.9995
397.000000 -1.9995
398.000000 -1.9995
399.000000 -1.9995
400.000000 -1.9995
401.000000 -1.9995
402.000000 -1.9996
403.000000 -1.9996
404.000000 -1.9996
405.000000 -1.9996
406.000000 -1.9996
407.000000 -1.9996
408.000000 -1.9996
409.000000 -1.9996
410.000000 -1.9996
411.000000 -1.9997
412.000000 -1.9997
413.000000 -1.9997
414.000000 -1.9997
415.000000 -1.9997
416.000000 -1.9997
417.000000 -1.9997
418.000000 -1.9997
419.000000 -1.9997
420.000000 -1.9997
421.000000 -1.9997
422.000000 -1.9998
423.000000 -1.9998
424.000000 -1.9998
425.000000 -1.9998
426.000000 -1.9998
427.000000 -1.9998
428.000000 -1.9998
429.000000 -1.9998
430.000000 -1.9998
431.000000 -1.9998
432.000000 -1.9998
433.000000 -1.9998
434.000000 -1.9998
435.000000 -1.9998
436.000000 -1.9999
437.000000 -1.9999
438.000000 -1.9999
439.000000 -1.9999
440.000000 -1.9999
441.000000 -1.9999
442.000000 -1.9999
443.000000 -1.9999
444.000000 -1.9999
445.000000 -1.9999
446.000000 -1.9999
447.000000 -1.9999
448.000000 -1.9999
449.000000 -1.9999
450.000000 -1.9999
451.000000 -1.9999
452.000000 -1.9999
453.000000 -1.9999
454.000000 -1.9999
455.000000 -1.9999
456.000000 -1.9999
457.000000 -1.9999
458.000000 -1.9999
459.000000 -2
460.000000 -2
461.000000 -2
462.000000 -2
463.000000 -2
464.000000 -2
465.000000 -2
466.000000 -2
467.000000 -2
468.000000 -2
469.000000 -2
470.000000 -2
471.000000 -2
472.000000 -2
473.000000 -2
474.000000 -2
475.000000 -2
476.000000 -2
477.000000 -2
478.000000 -2
479.000000 -2
480.000000 -2
481.000000 -2
482.000000 -2
483.000000 -2
484.000000 -2
485.000000 -2
486.000000 -2
487.000000 -2
488.000000 -2
489.000000 -2
490.000000 -2
491.000000 -2
492.000000 -2
493.000000 -2
494.000000 -2
495.000000 -2
496.000000 -2
497.000000 -2
498.000000 -2
499.000000 -2
500.000000 2.8934
501.000000 0.31722
502.000000 1.6165
503.000000 1.0424
504.000000 1.3996
505.000000 1.2852
506.000000 1.3921
507.000000 1.3785
508.000000 1.4159
509.000000 1.4213
510.000000 1.4374
511.000000 1.4445
512.000000 1.4532
513.000000 1.4589
514.000000 1.4645
515.000000 1.4689
516.000000 1.473
517.000000 1.4765
518.000000 1.4797
519.000000 1.4825
520.000000 1.4851
521.000000 1.4875
522.000000 1.4897
523.000000 1.4918
524.000000 1.4936
525.000000 1.4954
526.000000 1.497
527.000000 1.4985
528.000000 1.4999
529.000000 1.5012
530.000000 1.5024
531.000000 1.5034
532.000000 1.5045
533.000000 1.5054
534.000000 1.5062
535.000000 1.507
536.000000 1.5077
537.000000 1.5083
538.000000 1.5089
539.000000 1.5094
540.000000 1.5099
541.000000 1.5103
542.000000 1.5106
543.000000 1.5109
544.000000 1.5112
545.000000 1.5114
546.000000 1.5116
547.000000 1.5117
548.000000 1.5118
549.000000 1.5119
550.000000 1.5119
551.000000 1.5119
552.000000 1.5119
553.000000 1.5119
554.000000 1.5119
555.000000 1.5118
556.000000 1.5117
557.000000 1.5116
558.000000 1.5115
559.000000 1.5113
560.000000 1.5112
561.000000 1.511
562.000000 1.5108
563.000000 1.5106
564.000000 1.5104
565.000000 1.5102
566.000000 1.51
567.000000 1.5098
568.000000 1.5096
569.000000 1.5094
570.000000 1.5092
571.000000 1.5089
572.000000 1.5087
573.000000 1.5085
574.000000 1.5082
575.000000 1.508
576.000000 1.5078
577.000000 1.5075
578.000000 1.5073
579.000000 1.5071
580.000000 1.5068
581.000000 1.5066
582.000000 1.5064
583.000000 1.5061
584.000000 1.5059
585.000000 1.5057
586.000000 1.5055
587.000000 1.5053
588.000000 1.5051
589.000000 1.5049
590.000000 1.5047
591.000000 1.5045
592.000000 1.5043
593.000000 1.5041
594.000000 1.5039
595.000000 1.5037
596.000000 1.5035
597.000000 1.5034
598.000000 1.5032
599.000000 1.503
600.000000 1.5029
601.000000 1.5027
602.000000 1.5026
603.000000 1.5024
604.000000 1.5023
605.000000 1.5021
606.000000 1.502
607.000000 1.5019
608.000000 1.5017
609.000000 1.5016
610.000000 1.5015
611.000000 1.5014
612.000000 1.5013
613.000000 1.5012
614.000000 1.5011
615.000000 1.501
616.000000 1.5009
617.000000 1.5008
618.000000 1.5007
619.000000 1.5006
620.000000 1.5005
621.000000 1.5004
622.000000 1.5004
623.000000 1.5003
624.000000 1.5002
625.000000 1.5002
626.000000 1.5001
627.000000 1.5
628.000000 1.5
629.000000 1.4999
630.000000 1.4999
631.000000 1.4998
632.000000 1.4998
633.000000 1.4998
634.000000 1.4997
635.000000 1.4997
636.000000 1.4996
637.000000 1.4996
638.000000 1.4996
639.000000 1.4995
640.000000 1.4995
641.000000 1.4995
642.000000 1.4995
643.000000 1.4994
644.000000 1.4994
645.000000 1.4994
646.000000 1.4994
647.000000 1.4994
648.000000 1.4994
649.000000 1.4993
650.000000 1.4993
651.000000 1.4993
652.000000 1.4993
653.000000 1.4993
654.000000 1.4993
655.000000 1.4993
656.000000 1.4993
657.000000 1.4993
658.000000 1.4993
659.000000 1.4993
660.000000 1.4993
661.000000 1.4993
662.000000 1.4993
663.000000 1.4993
664.000000 1.4993
665.000000 1.4993
666.000000 1.4993
667.000000 1.4993
668.000000 1.4993
669.000000 1.4993
670.000000 1.4993
671.000000 1.4993
672.000000 1.4993
673.000000 1.4993
674.000000 1.4993
675.000000 1.4994
676.000000 1.4994
677.000000 1.4994
678.000000 1.4994
679.000000 1.4994
680.000000 1.4994
681.000000 1.4994
682.000000 1.4994
683.000000 1.4994
684.000000 1.4994
685.000000 1.4994
686.000000 1.4995
687.000000 1.4995
688.000000 1.4995
689.000000 1.4995
690.000000 1.4995
691.000000 1.4995
692.000000 1.4995
693.000000 1.4995
694.000000 1.4995
695.000000 1.4995
696.000000 1.4996
697.000000 1.4996
698.000000 1.4996
699.000000 1.4996
700.000000 1.4996
701.000000 1.4996
702.000000 1.4996
703.000000 1.4996
704.000000 1.4996
705.000000 1.4996
706.000000 1.4997
707.000000 1.4997
708.000000 1.4997
709.000000 1.4997
710.000000 1.4997
711.000000 1.4997
712.000000 1.4997
713.000000 1.4997
714.000000 1.4997
715.000000 1.4997
716.000000 1.4997
717.000000 1.4997
718.000000 1.4998
719.000000 1.4998
720.000000 1.4998
721.000000 1.4998
722.000000 1.4998
723.000000 1.4998
724.000000 1.4998
725.000000 1.4998
726.000000 1.4998
727.000000 1.4998
728.000000 1.4998
729.000000 1.4998
730.000000 1.4998
731.000000 1.4998
732.000000 1.4998
733.000000 1.4999
734.000000 1.4999
735.000000 1.4999
736.000000 1.4999
737.000000 1.4999
738.000000 1.4999
739.000000 1.4999
740.000000 1.4999
741.000000 1.4999
742.000000 1.4999
743.000000 1.4999
744.000000 1.4999
745.000000 1.4999
746.000000 1.4999
747.000000 1.4999
748.000000 1.4999
749.000000 1.4999
750.000000 1.4999
751.000000 1.4999
752.000000 1.4999
753.000000 1.4999
754.000000 1.4999
755.000000 1.4999
756.000000 1.4999
757.000000 1.5
758.000000 1.5
759.000000 1.5
760.000000 1.5
761.000000 1.5
762.000000 1.5
763.000000 1.5
764.000000 1.5
765.000000 1.5
766.000000 1.5
767.000000 1.5
768.000000 1.5
769.000000 1.5
770.000000 1.5
771.000000 1.5
772.000000 1.5
773.000000 1.5
774.000000 1.5
775.000000 1.5
776.000000 1.5
777.000000 1.5
778.000000 1.5
779.000000 1.5
780.000000 1.5
781.000000 1.5
782.000000 1.5
783.000000 1.5
784.000000 1.5
785.000000 1.5
786.000000 1.5
787.000000 1.5
788.000000 1.5
789.000000 1.5
790.000000 1.5
791.000000 1.5
792.000000 1.5
793.000000 1.5
794.000000 1.5
795.000000 1.5
796.000000 1.5
797.000000 1.5
798.000000 1.5
799.000000 1.5
800.000000 -0.59718
801.000000 0.50691
802.000000 -0.049907
803.000000 0.19611
804.000000 0.043033
805.000000 0.092072
806.000000 0.046226
807.000000 0.05207
808.000000 0.036049
809.000000 0.033743
810.000000 0.026815
811.000000 0.023805
812.000000 0.020072
813.000000 0.017612
814.000000 0.015213
815.000000 0.013311
816.000000 0.011572
817.000000 0.010072
818.000000 0.0087101
819.000000 0.0074884
820.000000 0.0063703
821.000000 0.0053478
822.000000 0.004405
823.000000 0.0035347
824.000000 0.0027289
825.000000 0.0019822
826.000000 0.0012899
827.000000 0.00064816
828.000000 5.3744e-05
829.000000 -0.00049621
830.000000 -0.0010042
831.000000 -0.0014727
832.000000 -0.0019036
833.000000 -0.002299
834.000000 -0.0026608
835.000000 -0.0029907
836.000000 -0.0032904
837.000000 -0.0035615
838.000000 -0.0038056
839.000000 -0.0040242
840.000000 -0.0042186
841.000000 -0.0043902
842.000000 -0.0045404
843.000000 -0.0046704
844.000000 -0.0047815
845.000000 -0.0048747
846.000000 -0.0049511
847.000000 -0.005012
848.000000 -0.0050582
849.000000 -0.0050907
850.000000 -0.0051105
851.000000 -0.0051184
852.000000 -0.0051153
853.000000 -0.005102
854.000000 -0.0050793
855.000000 -0.0050478
856.000000 -0.0050083
857.000000 -0.0049614
858.000000 -0.0049077
859.000000 -0.0048479
860.000000 -0.0047825
861.000000 -0.0047119
862.000000 -0.0046368
863.000000 -0.0045576
864.000000 -0.0044746
865.000000 -0.0043885
866.000000 -0.0042994
867.000000 -0.0042079
868.000000 -0.0041142
869.000000 -0.0040187
870.000000 -0.0039217
871.000000 -0.0038235
872.000000 -0.0037243
873.000000 -0.0036244
874.000000 -0.0035241
875.000000 -0.0034235
876.000000 -0.0033229
877.000000 -0.0032225
878.000000 -0.0031223
879.000000 -0.0030227
880.000000 -0.0029237
881.000000 -0.0028255
882.000000 -0.0027282
883.000000 -0.0026319
884.000000 -0.0025367
885.000000 -0.0024428
886.000000 -0.0023502
887.000000 -0.002259
888.000000 -0.0021693
889.000000 -0.0020811
890.000000 -0.0019945
891.000000 -0.0019096
892.000000 -0.0018263
893.000000 -0.0017448
894.000000 -0.0016651
895.000000 -0.0015871
896.000000 -0.0015109
897.000000 -0.0014366
898.000000 -0.0013641
899.000000 -0.0012934
900.000000 -0.0012246
901.000000 -0.0011577
902.000000 -0.0010926
903.000000 -0.0010294
904.000000 -0.00096805
905.000000 -0.0009085
906.000000 -0.00085078
907.000000 -0.00079487
908.000000 -0.00074074
909.000000 -0.00068839
910.000000 -0.00063779
911.000000 -0.00058892
912.000000 -0.00054175
913.000000 -0.00049626
914.000000 -0.00045242
915.000000 -0.00041021
916.000000 -0.0003696
917.000000 -0.00033056
918.000000 -0.00029305
919.000000 -0.00025706
920.000000 -0.00022254
921.000000 -0.00018947
922.000000 -0.00015781
923.000000 -0.00012753
924.000000 -9.8602e-05
925.000000 -7.0991e-05
926.000000 -4.4665e-05
927.000000 -1.959e-05
928.000000 4.2664e-06
929.000000 2.6936e-05
930.000000 4.8453e-05
931.000000 6.8848e-05
932.000000 8.8154e-05
933.000000 0.0001064
934.000000 0.00012363
935.000000 0.00013986
936.000000 0.00015512
937.000000 0.00016946
938.000000 0.00018289
939.000000 0.00019545
940.000000 0.00020716
941.000000 0.00021806
942.000000 0.00022818
943.000000 0.00023754
944.000000 0.00024617
945.000000 0.00025409
946.000000 0.00026134
947.000000 0.00026794
948.000000 0.00027391
949.000000 0.00027928
950.000000 0.00028408
951.000000 0.00028832
952.000000 0.00029203
953.000000 0.00029524
954.000000 0.00029796
955.000000 0.00030022
956.000000 0.00030204
957.000000 0.00030344
958.000000 0.00030443
959.000000 0.00030504
960.000000 0.00030529
961.000000 0.0003052
962.000000 0.00030477
963.000000 0.00030404
964.000000 0.00030301
965.000000 0.00030171
966.000000 0.00030014
967.000000 0.00029833
968.000000 0.00029629
969.000000 0.00029402
970.000000 0.00029156
971.000000 0.0002889
972.000000 0.00028606
973.000000 0.00028306
974.000000 0.00027991
975.000000 0.00027661
976.000000 0.00027318
977.000000 0.00026963
978.000000 0.00026597
979.000000 0.00026221
980.000000 0.00025836
981.000000 0.00025443
982.000000 0.00025042
983.000000 0.00024635
984.000000 0.00024222
985.000000 0.00023804
986.000000 0.00023381
987.000000 0.00022955
988.000000 0.00022526
989.000000 0.00022095
990.000000 0.00021662
991.000000 0.00021229
992.000000 0.00020794
993.000000 0.00020359
994.000000 0.00019925
995.000000 0.00019492
996.000000 0.0001906
997.000000 0.0001863
998.000000 0.00018201
999.000000 0.00017776
1000.000000 0.00017353
1001.000000 0.00016933
1002.000000 0.00016517
1003.000000 0.00016105
1004.000000 0.00015696
1005.000000 0.00015292
1006.000000 0.00014892
1007.000000 0.00014497
1008.000000 0.00014107
1009.000000 0.00013721
1010.000000 0.00013341
1011.000000 0.00012967
1012.000000 0.00012598
1013.000000 0.00012234
1014.000000 0.00011876
1015.000000 0.00011524
1016.000000 0.00011178
1017.000000 0.00010838
1018.000000 0.00010504
1019.000000 0.00010176
1020.000000 9.8547e-05
1021.000000 9.5392e-05
1022.000000 9.2298e-05
1023.000000 8.9267e-05
1024.000000 8.6298e-05
1025.000000 8.3391e-05
1026.000000 8.0546e-05
1027.000000 7.7764e-05
1028.000000 7.5044e-05
1029.000000 7.2385e-05
1030.000000 6.9788e-05
1031.000000 6.7252e-05
1032.000000 6.4777e-05
1033.000000 6.2361e-05
1034.000000 6.0006e-05
1035.000000 5.771e-05
1036.000000 5.5472e-05
1037.000000 5.3292e-05
1038.000000 5.117e-05
1039.000000 4.9104e-05
1040.000000 4.7095e-05
1041.000000 4.514e-05
1042.000000 4.324e-05
1043.000000 4.1394e-05
1044.000000 3.9601e-05
1045.000000 3.7859e-05
1046.000000 3.6169e-05
1047.000000 3.453e-05
1048.000000 3.294e-05
1049.000000 3.1399e-05
1050.000000 2.9905e-05
1051.000000 2.8459e-05
1052.000000 2.7058e-05
1053.000000 2.5703e-05
1054.000000 2.4392e-05
1055.000000 2.3125e-05
1056.000000 2.19e-05
1057.000000 2.0716e-05
1058.000000 1.9574e-05
1059.000000 1.8471e-05
1060.000000 1.7407e-05
1061.000000 1.6381e-05
1062.000000 1.5392e-05
1063.000000 1.4439e-05
1064.000000 1.3522e-05
1065.000000 1.2639e-05
1066.000000 1.179e-05
1067.000000 1.0974e-05
1068.000000 1.019e-05
1069.000000 9.4365e-06
1070.000000 8.7137e-06
1071.000000 8.0202e-06
1072.000000 7.3555e-06
1073.000000 6.7187e-06
1074.000000 6.1089e-06
1075.000000 5.5255e-06
1076.000000 4.9676e-06
1077.000000 4.4346e-06
1078.000000 3.9256e-06
1079.000000 3.44e-06
1080.000000 2.977e-06
1081.000000 2.536e-06
1082.000000 2.1162e-06
1083.000000 1.7171e-06
1084.000000 1.3378e-06
1085.000000 9.7782e-07
1086.000000 6.3648e-07
1087.000000 3.1315e-07
1088.000000 7.2336e-09
1089.000000 -2.8187e-07
1090.000000 -5.5475e-07
1091.000000 -8.1197e-07
1092.000000 -1.0541e-06
1093.000000 -1.2816e-06
1094.000000 -1.4952e-06
1095.000000 -1.6952e-06
1096.000000 -1.8822e-06
1097.000000 -2.0568e-06
1098.000000 -2.2193e-06
1099.000000 -2.3702e-06
