0.000000 0
1.000000 0
2.000000 0
3.000000 0
4.000000 0
5.000000 0
6.000000 0
7.000000 0
8.000000 0
9.000000 30.412
10.000000 -12.385
11.000000 5.4445
12.000000 -4.1769
13.000000 3.367
14.000000 0.045006
15.000000 2.4398
16.000000 1.0879
17.000000 1.8008
18.000000 1.2571
19.000000 1.4559
20.000000 1.2264
21.000000 1.2593
22.000000 1.145
23.000000 1.1234
24.000000 1.0519
25.000000 1.014
26.000000 0.96006
27.000000 0.91897
28.000000 0.87334
29.000000 0.83318
30.000000 0.79235
31.000000 0.75423
32.000000 0.71663
33.000000 0.68066
34.000000 0.64551
35.000000 0.61152
36.000000 0.57835
37.000000 0.54609
38.000000 0.51459
39.000000 0.48384
40.000000 0.45377
41.000000 0.42435
42.000000 0.39553
43.000000 0.36728
44.000000 0.33957
45.000000 0.31237
46.000000 0.28565
47.000000 0.2594
48.000000 0.23358
49.000000 0.20819
50.000000 0.1832
51.000000 0.15861
52.000000 0.13439
53.000000 0.11054
54.000000 0.087037
55.000000 0.063879
56.000000 0.041053
57.000000 0.018551
58.000000 -0.0036354
59.000000 -0.025514
60.000000 -0.047092
61.000000 -0.068376
62.000000 -0.089372
63.000000 -0.11009
64.000000 -0.13052
65.000000 -0.15069
66.000000 -0.17059
67.000000 -0.19022
68.000000 -0.2096
69.000000 -0.22873
70.000000 -0.24761
71.000000 -0.26624
72.000000 -0.28463
73.000000 -0.30279
74.000000 -0.32071
75.000000 -0.3384
76.000000 -0.35586
77.000000 -0.3731
78.000000 -0.39011
79.000000 -0.40691
80.000000 -0.4235
81.000000 -0.43987
82.000000 -0.45603
83.000000 -0.47199
84.000000 -0.48774
85.000000 -0.50329
86.000000 -0.51865
87.000000 -0.53381
88.000000 -0.54877
89.000000 -0.56355
90.000000 -0.57814
91.000000 -0.59254
92.000000 -0.60676
93.000000 -0.62079
94.000000 -0.63465
95.000000 -0.64834
96.000000 -0.66185
97.000000 -0.67518
98.000000 -0.68835
99.000000 -0.70135
100.000000 -0.71419
101.000000 -0.72686
102.000000 -0.73937
103.000000 -0.75172
104.000000 -0.76392
105.000000 -0.77596
106.000000 -0.78785
107.000000 -0.79958
108.000000 -0.81117
109.000000 -0.82261
110.000000 -0.8339
111.000000 -0.84505
112.000000 -0.85606
113.000000 -0.86693
114.000000 -0.87766
115.000000 -0.88826
116.000000 -0.89872
117.000000 -0.90904
118.000000 -0.91924
119.000000 -0.9293
120.000000 -0.93924
121.000000 -0.94905
122.000000 -0.95874
123.000000 -0.9683
124.000000 -0.97774
125.000000 -0.98706
126.000000 -0.99626
127.000000 -1.0053
128.000000 -1.0143
129.000000 -1.0232
130.000000 -1.0319
131.000000 -1.0405
132.000000 -1.0491
133.000000 -1.0575
134.000000 -1.0658
135.000000 -1.074
136.000000 -1.0821
137.000000 -1.0901
138.000000 -1.098
139.000000 -1.1057
140.000000 -1.1134
141.000000 -1.121
142.000000 -1.1285
143.000000 -1.1359
144.000000 -1.1432
145.000000 -1.1504
146.000000 -1.1576
147.000000 -1.1646
148.000000 -1.1715
149.000000 -1.1784
150.000000 -1.1852
151.000000 -1.1918
152.000000 -1.1984
153.000000 -1.2049
154.000000 -1.2114
155.000000 -1.2177
156.000000 -1.224
157.000000 -1.2301
158.000000 -1.2363
159.000000 -1.2423
160.000000 -1.2482
161.000000 -1.2541
162.000000 -1.2599
163.000000 -1.2656
164.000000 -1.2713
165.000000 -1.2769
166.000000 -1.2824
167.000000 -1.2878
168.000000 -1.2932
169.000000 -1.2985
170.000000 -1.3037
171.000000 -1.3089
172.000000 -1.314
173.000000 -1.319
174.000000 -1.324
175.000000 -1.3289
176.000000 -1.3337
177.000000 -1.3385
178.000000 -1.3432
179.000000 -1.3479
180.000000 -1.3525
181.000000 -1.357
182.000000 -1.3615
183.000000 -1.3659
184.000000 -1.3703
185.000000 -1.3746
186.000000 -1.3789
187.000000 -1.3831
188.000000 -1.3873
189.000000 -1.3914
190.000000 -1.3954
191.000000 -1.3994
192.000000 -1.4033
193.000000 -1.4072
194.000000 -1.4111
195.000000 -1.4149
196.000000 -1.4186
197.000000 -1.4223
198.000000 -1.426
199.000000 -62.253
200.000000 23.337
201.000000 -12.326
202.000000 6.9136
203.000000 -8.1775
204.000000 -1.5369
205.000000 -6.3298
206.000000 -3.6293
207.000000 -5.0584
208.000000 -3.9743
209.000000 -4.3749
210.000000 -3.9192
211.000000 -3.9881
212.000000 -3.7624
213.000000 -3.7223
214.000000 -3.5822
215.000000 -3.5094
216.000000 -3.4044
217.000000 -3.3251
218.000000 -3.2366
219.000000 -3.1591
220.000000 -3.0802
221.000000 -3.0067
222.000000 -2.9341
223.000000 -2.8649
224.000000 -2.7972
225.000000 -2.7318
226.000000 -2.668
227.000000 -2.606
228.000000 -2.5454
229.000000 -2.4864
230.000000 -2.4287
231.000000 -2.3722
232.000000 -2.3169
233.000000 -2.2628
234.000000 -2.2097
235.000000 -2.1575
236.000000 -2.1063
237.000000 -2.056
238.000000 -2.0066
239.000000 -1.958
240.000000 -1.9101
241.000000 -1.863
242.000000 -1.8167
243.000000 -1.771
244.000000 -1.726
245.000000 -1.6817
246.000000 -1.638
247.000000 -1.595
248.000000 -1.5525
249.000000 -1.5106
250.000000 -1.4694
251.000000 -1.4286
252.000000 -1.3885
253.000000 -1.3488
254.000000 -1.3097
255.000000 -1.2712
256.000000 -1.2331
257.000000 -1.1955
258.000000 -1.1585
259.000000 -1.1219
260.000000 -1.0858
261.000000 -1.0501
262.000000 -1.0149
263.000000 -0.98022
264.000000 -0.94594
265.000000 -0.9121
266.000000 -0.8787
267.000000 -0.84573
268.000000 -0.81318
269.000000 -0.78105
270.000000 -0.74933
271.000000 -0.71801
272.000000 -0.68709
273.000000 -0.65657
274.000000 -0.62644
275.000000 -0.59669
276.000000 -0.56732
277.000000 -0.53833
278.000000 -0.5097
279.000000 -0.48144
280.000000 -0.45353
281.000000 -0.42598
282.000000 -0.39879
283.000000 -0.37193
284.000000 -0.34542
285.000000 -0.31925
286.000000 -0.29341
287.000000 -0.2679
288.000000 -0.24271
289.000000 -0.21784
290.000000 -0.19329
291.000000 -0.16905
292.000000 -0.14511
293.000000 -0.12149
294.000000 -0.098158
295.000000 -0.075126
296.000000 -0.052387
297.000000 -0.029937
298.000000 -0.0077729
299.000000 0.01411
300.000000 0.035715
301.000000 0.057045
302.000000 0.078104
303.000000 0.098895
304.000000 0.11942
305.000000 0.13969
306.000000 0.1597
307.000000 0.17945
308.000000 0.19895
309.000000 0.21821
310.000000 0.23722
311.000000 0.25598
312.000000 0.27451
313.000000 0.29281
314.000000 0.31087
315.000000 0.3287
316.000000 0.3463
317.000000 0.36368
318.000000 0.38084
319.000000 0.39778
320.000000 0.4145
321.000000 0.43101
322.000000 0.44731
323.000000 0.46341
324.000000 0.4793
325.000000 0.49498
326.000000 0.51047
327.000000 0.52576
328.000000 0.54085
329.000000 0.55575
330.000000 0.57047
331.000000 0.58499
332.000000 0.59933
333.000000 0.61349
334.000000 0.62746
335.000000 0.64126
336.000000 0.65488
337.000000 0.66833
338.000000 0.68161
339.000000 0.69472
340.000000 0.70766
341.000000 0.72043
342.000000 0.73305
343.000000 0.7455
344.000000 0.75779
345.000000 0.76993
346.000000 0.78191
347.000000 0.79374
348.000000 0.80542
349.000000 0.81695
350.000000 0.82833
351.000000 0.83957
352.000000 0.85066
353.000000 0.86161
354.000000 0.87242
355.000000 0.8831
356.000000 0.89364
357.000000 0.90404
358.000000 0.91431
359.000000 0.92445
360.000000 0.93446
361.000000 0.94434
362.000000 0.9541
363.000000 0.96373
364.000000 0.97324
365.000000 0.98263
366.000000 0.9919
367.000000 1.001
368.000000 1.0101
369.000000 1.019
370.000000 1.0278
371.000000 1.0365
372.000000 1.0451
373.000000 1.0535
374.000000 1.0619
375.000000 1.0702
376.000000 1.0783
377.000000 1.0864
378.000000 1.0943
379.000000 1.1021
380.000000 1.1099
381.000000 1.1175
382.000000 1.1251
383.000000 1.1325
384.000000 1.1399
385.000000 1.1471
386.000000 1.1543
387.000000 1.1614
388.000000 1.1684
389.000000 1.1753
390.000000 1.1821
391.000000 1.1888
392.000000 1.1954
393.000000 1.202
394.000000 1.2084
395.000000 1.2148
396.000000 1.2211
397.000000 1.2274
398.000000 1.2335
399.000000 1.2396
400.000000 1.2455
401.000000 1.2515
402.000000 1.2573
403.000000 1.263
404.000000 1.2687
405.000000 1.2744
406.000000 1.2799
407.000000 1.2854
408.000000 1.2908
409.000000 1.2961
410.000000 1.3014
411.000000 1.3066
412.000000 1.3117
413.000000 1.3168
414.000000 1.3218
415.000000 1.3267
416.000000 1.3316
417.000000 1.3364
418.000000 1.3411
419.000000 1.3458
420.000000 1.3504
421.000000 1.355
422.000000 1.3595
423.000000 1.364
424.000000 1.3684
425.000000 1.3727
426.000000 1.377
427.000000 1.3812
428.000000 1.3854
429.000000 1.3895
430.000000 1.3936
431.000000 1.3976
432.000000 1.4016
433.000000 1.4055
434.000000 1.4094
435.000000 1.4132
436.000000 1.417
437.000000 1.4207
438.000000 1.4244
439.000000 1.428
440.000000 1.4316
441.000000 1.4351
442.000000 1.4386
443.000000 1.442
444.000000 1.4454
445.000000 1.4488
446.000000 1.4521
447.000000 1.4554
448.000000 1.4586
449.000000 1.4618
450.000000 1.4649
451.000000 1.468
452.000000 1.4711
453.000000 1.4741
454.000000 1.4771
455.000000 1.4801
456.000000 1.483
457.000000 1.4859
458.000000 1.4887
459.000000 1.4915
460.000000 1.4943
461.000000 1.497
462.000000 1.4997
463.000000 1.5024
464.000000 1.505
465.000000 1.5076
466.000000 1.5102
467.000000 1.5127
468.000000 1.5152
469.000000 1.5176
470.000000 1.5201
471.000000 1.5225
472.000000 1.5249
473.000000 1.5272
474.000000 1.5295
475.000000 1.5318
476.000000 1.534
477.000000 1.5363
478.000000 1.5385
479.000000 1.5406
480.000000 1.5428
481.000000 1.5449
482.000000 1.547
483.000000 1.549
484.000000 1.5511
485.000000 1.5531
486.000000 1.555
487.000000 1.557
488.000000 1.5589
489.000000 1.5608
490.000000 1.5627
491.000000 1.5646
492.000000 1.5664
493.000000 1.5682
494.000000 1.57
495.000000 1.5718
496.000000 1.5735
497.000000 1.5752
498.000000 1.5769
499.000000 54.799
500.000000 -20.094
501.000000 11.11
502.000000 -5.726
503.000000 7.4774
504.000000 1.6654
505.000000 5.8578
506.000000 3.4935
507.000000 4.7427
508.000000 3.7927
509.000000 4.142
510.000000 3.742
511.000000 3.801
512.000000 3.6023
513.000000 3.5659
514.000000 3.4421
515.000000 3.3773
516.000000 3.2841
517.000000 3.2136
518.000000 3.135
519.000000 3.066
520.000000 2.9959
521.000000 2.9304
522.000000 2.8659
523.000000 2.8042
524.000000 2.7439
525.000000 2.6856
526.000000 2.6287
527.000000 2.5734
528.000000 2.5194
529.000000 2.4668
530.000000 2.4153
531.000000 2.3649
532.000000 2.3156
533.000000 2.2672
534.000000 2.2198
535.000000 2.1732
536.000000 2.1275
537.000000 2.0826
538.000000 2.0384
539.000000 1.995
540.000000 1.9523
541.000000 1.9102
542.000000 1.8688
543.000000 1.828
544.000000 1.7878
545.000000 1.7482
546.000000 1.7092
547.000000 1.6707
548.000000 1.6328
549.000000 1.5954
550.000000 1.5585
551.000000 1.5221
552.000000 1.4862
553.000000 1.4508
554.000000 1.4158
555.000000 1.3814
556.000000 1.3473
557.000000 1.3138
558.000000 1.2806
559.000000 1.2479
560.000000 1.2157
561.000000 1.1838
562.000000 1.1524
563.000000 1.1214
564.000000 1.0907
565.000000 1.0605
566.000000 1.0306
567.000000 1.0012
568.000000 0.97207
569.000000 0.94335
570.000000 0.915
571.000000 0.88702
572.000000 0.85939
573.000000 0.83211
574.000000 0.80518
575.000000 0.77859
576.000000 0.75235
577.000000 0.72643
578.000000 0.70085
579.000000 0.67559
580.000000 0.65065
581.000000 0.62603
582.000000 0.60173
583.000000 0.57773
584.000000 0.55404
585.000000 0.53065
586.000000 0.50755
587.000000 0.48475
588.000000 0.46224
589.000000 0.44002
590.000000 0.41807
591.000000 0.39641
592.000000 0.37502
593.000000 0.35391
594.000000 0.33306
595.000000 0.31248
596.000000 0.29215
597.000000 0.27209
598.000000 0.25228
599.000000 0.23273
600.000000 0.21342
601.000000 0.19436
602.000000 0.17554
603.000000 0.15696
604.000000 0.13861
605.000000 0.1205
606.000000 0.10262
607.000000 0.084968
608.000000 0.067539
609.000000 0.050332
610.000000 0.033344
611.000000 0.016573
612.000000 1.4158e-05
613.000000 -0.016334
614.000000 -0.032473
615.000000 -0.048408
616.000000 -0.064139
617.000000 -0.07967
618.000000 -0.095004
619.000000 -0.11014
620.000000 -0.12509
621.000000 -0.13984
622.000000 -0.15441
623.000000 -0.16879
624.000000 -0.18299
625.000000 -0.19701
626.000000 -0.21085
627.000000 -0.22451
628.000000 -0.238
629.000000 -0.25132
630.000000 -0.26446
631.000000 -0.27744
632.000000 -0.29026
633.000000 -0.30291
634.000000 -0.3154
635.000000 -0.32773
636.000000 -0.3399
637.000000 -0.35192
638.000000 -0.36379
639.000000 -0.3755
640.000000 -0.38706
641.000000 -0.39848
642.000000 -0.40975
643.000000 -0.42088
644.000000 -0.43187
645.000000 -0.44271
646.000000 -0.45342
647.000000 -0.46399
648.000000 -0.47443
649.000000 -0.48473
650.000000 -0.4949
651.000000 -0.50494
652.000000 -0.51485
653.000000 -0.52464
654.000000 -0.5343
655.000000 -0.54384
656.000000 -0.55326
657.000000 -0.56256
658.000000 -0.57174
659.000000 -0.5808
660.000000 -0.58974
661.000000 -0.59857
662.000000 -0.60729
663.000000 -0.6159
664.000000 -0.6244
665.000000 -0.63279
666.000000 -0.64107
667.000000 -0.64924
668.000000 -0.65732
669.000000 -0.66528
670.000000 -0.67315
671.000000 -0.68092
672.000000 -0.68859
673.000000 -0.69615
674.000000 -0.70363
675.000000 -0.71101
676.000000 -0.71829
677.000000 -0.72548
678.000000 -0.73258
679.000000 -0.73959
680.000000 -0.7465
681.000000 -0.75333
682.000000 -0.76008
683.000000 -0.76673
684.000000 -0.7733
685.000000 -0.77979
686.000000 -0.7862
687.000000 -0.79252
688.000000 -0.79876
689.000000 -0.80493
690.000000 -0.81101
691.000000 -0.81702
692.000000 -0.82294
693.000000 -0.8288
694.000000 -0.83458
695.000000 -0.84028
696.000000 -0.84591
697.000000 -0.85147
698.000000 -0.85696
699.000000 -0.86238
700.000000 -0.86773
701.000000 -0.87301
702.000000 -0.87823
703.000000 -0.88338
704.000000 -0.88846
705.000000 -0.89347
706.000000 -0.89843
707.000000 -0.90332
708.000000 -0.90814
709.000000 -0.91291
710.000000 -0.91761
711.000000 -0.92226
712.000000 -0.92684
713.000000 -0.93137
714.000000 -0.93584
715.000000 -0.94025
716.000000 -0.9446
717.000000 -0.9489
718.000000 -0.95315
719.000000 -0.95734
720.000000 -0.96148
721.000000 -0.96556
722.000000 -0.96959
723.000000 -0.97357
724.000000 -0.9775
725.000000 -0.98138
726.000000 -0.98521
727.000000 -0.98899
728.000000 -0.99272
729.000000 -0.99641
730.000000 -1
731.000000 -1.0036
732.000000 -1.0072
733.000000 -1.0107
734.000000 -1.0141
735.000000 -1.0175
736.000000 -1.0209
737.000000 -1.0242
738.000000 -1.0275
739.000000 -1.0308
740.000000 -1.034
741.000000 -1.0371
742.000000 -1.0402
743.000000 -1.0433
744.000000 -1.0464
745.000000 -1.0494
746.000000 -1.0523
747.000000 -1.0552
748.000000 -1.0581
749.000000 -1.061
750.000000 -1.0638
751.000000 -1.0666
752.000000 -1.0693
753.000000 -1.072
754.000000 -1.0747
755.000000 -1.0773
756.000000 -1.0799
757.000000 -1.0825
758.000000 -1.085
759.000000 -1.0875
760.000000 -1.09
761.000000 -1.0924
762.000000 -1.0949
763.000000 -1.0972
764.000000 -1.0996
765.000000 -1.1019
766.000000 -1.1042
767.000000 -1.1065
768.000000 -1.1087
769.000000 -1.1109
770.000000 -1.1131
771.000000 -1.1152
772.000000 -1.1173
773.000000 -1.1194
774.000000 -1.1215
775.000000 -1.1235
776.000000 -1.1255
777.000000 -1.1275
778.000000 -1.1295
779.000000 -1.1314
780.000000 -1.1333
781.000000 -1.1352
782.000000 -1.1371
783.000000 -1.1389
784.000000 -1.1407
785.000000 -1.1425
786.000000 -1.1443
787.000000 -1.1461
788.000000 -1.1478
789.000000 -1.1495
790.000000 -1.1512
791.000000 -1.1528
792.000000 -1.1545
793.000000 -1.1561
794.000000 -1.1577
795.000000 -1.1593
796.000000 -1.1608
797.000000 -1.1623
798.000000 -1.1639
799.000000 -23.974
800.000000 8.1221
801.000000 -5.2517
802.000000 1.9629
803.000000 -3.6964
804.000000 -1.2063
805.000000 -3.0038
806.000000 -1.9912
807.000000 -2.5273
808.000000 -2.1209
809.000000 -2.2712
810.000000 -2.1005
811.000000 -2.1264
812.000000 -2.0419
813.000000 -2.027
814.000000 -1.9746
815.000000 -1.9474
816.000000 -1.9081
817.000000 -1.8785
818.000000 -1.8455
819.000000 -1.8165
820.000000 -1.787
821.000000 -1.7595
822.000000 -1.7325
823.000000 -1.7066
824.000000 -1.6813
825.000000 -1.6569
826.000000 -1.6331
827.000000 -1.6099
828.000000 -1.5873
829.000000 -1.5653
830.000000 -1.5437
831.000000 -1.5227
832.000000 -1.502
833.000000 -1.4818
834.000000 -1.462
835.000000 -1.4425
836.000000 -1.4234
837.000000 -1.4046
838.000000 -1.3862
839.000000 -1.368
840.000000 -1.3502
841.000000 -1.3326
842.000000 -1.3153
843.000000 -1.2983
844.000000 -1.2815
845.000000 -1.2649
846.000000 -1.2486
847.000000 -1.2326
848.000000 -1.2167
849.000000 -1.2011
850.000000 -1.1857
851.000000 -1.1705
852.000000 -1.1555
853.000000 -1.1407
854.000000 -1.1261
855.000000 -1.1117
856.000000 -1.0975
857.000000 -1.0835
858.000000 -1.0697
859.000000 -1.056
860.000000 -1.0426
861.000000 -1.0293
862.000000 -1.0161
863.000000 -1.0032
864.000000 -0.99038
865.000000 -0.97775
866.000000 -0.96529
867.000000 -0.95298
868.000000 -0.94084
869.000000 -0.92885
870.000000 -0.91701
871.000000 -0.90532
872.000000 -0.89379
873.000000 -0.8824
874.000000 -0.87115
875.000000 -0.86005
876.000000 -0.84909
877.000000 -0.83827
878.000000 -0.82759
879.000000 -0.81704
880.000000 -0.80663
881.000000 -0.79635
882.000000 -0.7862
883.000000 -0.77618
884.000000 -0.76629
885.000000 -0.75652
886.000000 -0.74688
887.000000 -0.73736
888.000000 -0.72796
889.000000 -0.71868
890.000000 -0.70952
891.000000 -0.70047
892.000000 -0.69154
893.000000 -0.68273
894.000000 -0.67402
895.000000 -0.66543
896.000000 -0.65694
897.000000 -0.64856
898.000000 -0.64029
899.000000 -0.63213
900.000000 -0.62406
901.000000 -0.6161
902.000000 -0.60825
903.000000 -0.60049
904.000000 -0.59283
905.000000 -0.58526
906.000000 -0.5778
907.000000 -0.57043
908.000000 -0.56315
909.000000 -0.55596
910.000000 -0.54887
911.000000 -0.54187
912.000000 -0.53495
913.000000 -0.52813
914.000000 -0.52139
915.000000 -0.51473
916.000000 -0.50816
917.000000 -0.50168
918.000000 -0.49528
919.000000 -0.48896
920.000000 -0.48271
921.000000 -0.47655
922.000000 -0.47047
923.000000 -0.46446
924.000000 -0.45854
925.000000 -0.45268
926.000000 -0.4469
927.000000 -0.4412
928.000000 -0.43557
929.000000 -0.43
930.000000 -0.42451
931.000000 -0.41909
932.000000 -0.41374
933.000000 -0.40846
934.000000 -0.40324
935.000000 -0.3981
936.000000 -0.39301
937.000000 -0.38799
938.000000 -0.38304
939.000000 -0.37815
940.000000 -0.37332
941.000000 -0.36855
942.000000 -0.36384
943.000000 -0.3592
944.000000 -0.35461
945.000000 -0.35008
946.000000 -0.34561
947.000000 -0.3412
948.000000 -0.33684
949.000000 -0.33254
950.000000 -0.32829
951.000000 -0.32409
952.000000 -0.31996
953.000000 -0.31587
954.000000 -0.31183
955.000000 -0.30785
956.000000 -0.30392
957.000000 -0.30004
958.000000 -0.2962
959.000000 -0.29242
960.000000 -0.28868
961.000000 -0.285
962.000000 -0.28135
963.000000 -0.27776
964.000000 -0.27421
965.000000 -0.27071
966.000000 -0.26725
967.000000 -0.26384
968.000000 -0.26047
969.000000 -0.25714
970.000000 -0.25385
971.000000 -0.25061
972.000000 -0.24741
973.000000 -0.24425
974.000000 -0.24113
975.000000 -0.23805
976.000000 -0.235
977.000000 -0.232
978.000000 -0.22904
979.000000 -0.22611
980.000000 -0.22322
981.000000 -0.22037
982.000000 -0.21755
983.000000 -0.21477
984.000000 -0.21203
985.000000 -0.20932
986.000000 -0.20665
987.000000 -0.20401
988.000000 -0.2014
989.000000 -0.19882
990.000000 -0.19628
991.000000 -0.19378
992.000000 -0.1913
993.000000 -0.18886
994.000000 -0.18644
995.000000 -0.18406
996.000000 -0.18171
997.000000 -0.17939
998.000000 -0.17709
999.000000 -0.17483
1000.000000 -0.1726
1001.000000 -0.17039
1002.000000 -0.16821
1003.000000 -0.16606
1004.000000 -0.16394
1005.000000 -0.16185
1006.000000 -0.15978
1007.000000 -0.15774
1008.000000 -0.15572
1009.000000 -0.15373
1010.000000 -0.15177
1011.000000 -0.14983
1012.000000 -0.14791
1013.000000 -0.14602
1014.000000 -0.14416
1015.000000 -0.14231
1016.000000 -0.1405
1017.000000 -0.1387
1018.000000 -0.13693
1019.000000 -0.13518
1020.000000 -0.13345
1021.000000 -0.13175
1022.000000 -0.13006
1023.000000 -0.1284
1024.000000 -0.12676
1025.000000 -0.12514
1026.000000 -0.12354
1027.000000 -0.12196
1028.000000 -0.1204
1029.000000 -0.11886
1030.000000 -0.11734
1031.000000 -0.11584
1032.000000 -0.11436
1033.000000 -0.1129
1034.000000 -0.11146
1035.000000 -0.11004
1036.000000 -0.10863
1037.000000 -0.10724
1038.000000 -0.10587
1039.000000 -0.10452
1040.000000 -0.10318
1041.000000 -0.10186
1042.000000 -0.10056
1043.000000 -0.099276
1044.000000 -0.098007
1045.000000 -0.096755
1046.000000 -0.095518
1047.000000 -0.094298
1048.000000 -0.093092
1049.000000 -0.091903
1050.000000 -0.090728
1051.000000 -0.089569
1052.000000 -0.088424
1053.000000 -0.087294
1054.000000 -0.086178
1055.000000 -0.085077
1056.000000 -0.08399
1057.000000 -0.082916
1058.000000 -0.081857
1059.000000 -0.08081
1060.000000 -0.079778
1061.000000 -0.078758
1062.000000 -0.077752
1063.000000 -0.076758
1064.000000 -0.075777
1065.000000 -0.074809
1066.000000 -0.073852
1067.000000 -0.072909
1068.000000 -0.071977
1069.000000 -0.071057
1070.000000 -0.070149
1071.000000 -0.069252
1072.000000 -0.068367
1073.000000 -0.067494
1074.000000 -0.066631
1075.000000 -0.065779
1076.000000 -0.064939
1077.000000 -0.064109
1078.000000 -0.063289
1079.000000 -0.062481
1080.000000 -0.061682
1081.000000 -0.060894
1082.000000 -0.060116
1083.000000 -0.059347
1084.000000 -0.058589
1085.000000 -0.05784
1086.000000 -0.057101
1087.000000 -0.056371
1088.000000 -0.055651
1089.000000 -0.054939
1090.000000 -0.054237
1091.000000 -0.053544
1092.000000 -0.05286
1093.000000 -0.052184
1094.000000 -0.051517
1095.000000 -0.050859
1096.000000 -0.050209
1097.000000 -0.049567
1098.000000 -0.048934
1099.000000 -0.048308
