0.000000 0
1.000000 0
2.000000 0
3.000000 0
4.000000 0
5.000000 0
6.000000 0
7.000000 0
8.000000 0
9.000000 0
10.000000 1.5915
11.000000 0.90883
12.000000 1.722
13.000000 1.4522
14.000000 1.8116
15.000000 1.687
16.000000 1.8399
17.000000 1.7823
18.000000 1.8492
19.000000 1.8253
20.000000 1.8572
21.000000 1.8497
22.000000 1.867
23.000000 1.867
24.000000 1.8779
25.000000 1.8811
26.000000 1.889
27.000000 1.8933
28.000000 1.8996
29.000000 1.9043
30.000000 1.9097
31.000000 1.9142
32.000000 1.919
33.000000 1.9232
34.000000 1.9275
35.000000 1.9315
36.000000 1.9354
37.000000 1.9391
38.000000 1.9427
39.000000 1.9461
40.000000 1.9494
41.000000 1.9525
42.000000 1.9555
43.000000 1.9584
44.000000 1.9612
45.000000 1.9638
46.000000 1.9663
47.000000 1.9687
48.000000 1.971
49.000000 1.9732
50.000000 1.9753
51.000000 1.9773
52.000000 1.9792
53.000000 1.9811
54.000000 1.9828
55.000000 1.9845
56.000000 1.9861
57.000000 1.9876
58.000000 1.989
59.000000 1.9904
60.000000 1.9917
61.000000 1.9929
62.000000 1.994
63.000000 1.9951
64.000000 1.9962
65.000000 1.9972
66.000000 1.9981
67.000000 1.999
68.000000 1.9998
69.000000 2.0006
70.000000 2.0013
71.000000 2.002
72.000000 2.0027
73.000000 2.0033
74.000000 2.0038
75.000000 2.0044
76.000000 2.0049
77.000000 2.0053
78.000000 2.0057
79.000000 2.0061
80.000000 2.0065
81.000000 2.0068
82.000000 2.0071
83.000000 2.0074
84.000000 2.0077
85.000000 2.0079
86.000000 2.0081
87.000000 2.0083
88.000000 2.0084
89.000000 2.0086
90.000000 2.0087
91.000000 2.0088
92.000000 2.0089
93.000000 2.0089
94.000000 2.009
95.000000 2.009
96.000000 2.009
97.000000 2.009
98.000000 2.009
99.000000 2.009
100.000000 2.009
101.000000 2.009
102.000000 2.0089
103.000000 2.0089
104.000000 2.0088
105.000000 2.0087
106.000000 2.0087
107.000000 2.0086
108.000000 2.0085
109.000000 2.0084
110.000000 2.0083
111.000000 2.0082
112.000000 2.0081
113.000000 2.0079
114.000000 2.0078
115.000000 2.0077
116.000000 2.0076
117.000000 2.0074
118.000000 2.0073
119.000000 2.0072
120.000000 2.007
121.000000 2.0069
122.000000 2.0068
123.000000 2.0066
124.000000 2.0065
125.000000 2.0063
126.000000 2.0062
127.000000 2.006
128.000000 2.0059
129.000000 2.0058
130.000000 2.0056
131.000000 2.0055
132.000000 2.0053
133.000000 2.0052
134.000000 2.0051
135.000000 2.0049
136.000000 2.0048
137.000000 2.0046
138.000000 2.0045
139.000000 2.0044
140.000000 2.0042
141.000000 2.0041
142.000000 2.004
143.000000 2.0039
144.000000 2.0037
145.000000 2.0036
146.000000 2.0035
147.000000 2.0034
148.000000 2.0033
149.000000 2.0032
150.000000 2.003
151.000000 2.0029
152.000000 2.0028
153.000000 2.0027
154.000000 2.0026
155.000000 2.0025
156.000000 2.0024
157.000000 2.0023
158.000000 2.0022
159.000000 2.0021
160.000000 2.002
161.000000 2.002
162.000000 2.0019
163.000000 2.0018
164.000000 2.0017
165.000000 2.0016
166.000000 2.0015
167.000000 2.0015
168.000000 2.0014
169.000000 2.0013
170.000000 2.0013
171.000000 2.0012
172.000000 2.0011
173.000000 2.0011
174.000000 2.001
175.000000 2.0009
176.000000 2.0009
177.000000 2.0008
178.000000 2.0008
179.000000 2.0007
180.000000 2.0007
181.000000 2.0006
182.000000 2.0006
183.000000 2.0005
184.000000 2.0005
185.000000 2.0005
186.000000 2.0004
187.000000 2.0004
188.000000 2.0003
189.000000 2.0003
190.000000 2.0003
191.000000 2.0002
192.000000 2.0002
193.000000 2.0002
194.000000 2.0002
195.000000 2.0001
196.000000 2.0001
197.000000 2.0001
198.000000 2.0001
199.000000 2
200.000000 -1.1831
201.000000 0.18233
202.000000 -1.4441
203.000000 -0.90445
204.000000 -1.6233
205.000000 -1.374
206.000000 -1.6799
207.000000 -1.5646
208.000000 -1.6986
209.000000 -1.6507
210.000000 -1.7146
211.000000 -1.6995
212.000000 -1.7342
213.000000 -1.7342
214.000000 -1.756
215.000000 -1.7624
216.000000 -1.7782
217.000000 -1.7869
218.000000 -1.7995
219.000000 -1.8088
220.000000 -1.8195
221.000000 -1.8286
222.000000 -1.8381
223.000000 -1.8467
224.000000 -1.8553
225.000000 -1.8633
226.000000 -1.8711
227.000000 -1.8785
228.000000 -1.8857
229.000000 -1.8925
230.000000 -1.8991
231.000000 -1.9053
232.000000 -1.9113
233.000000 -1.9171
234.000000 -1.9226
235.000000 -1.9278
236.000000 -1.9329
237.000000 -1.9377
238.000000 -1.9423
239.000000 -1.9467
240.000000 -1.9509
241.000000 -1.9549
242.000000 -1.9588
243.000000 -1.9624
244.000000 -1.9659
245.000000 -1.9692
246.000000 -1.9724
247.000000 -1.9754
248.000000 -1.9782
249.000000 -1.981
250.000000 -1.9835
251.000000 -1.986
252.000000 -1.9883
253.000000 -1.9905
254.000000 -1.9926
255.000000 -1.9946
256.000000 -1.9964
257.000000 -1.9982
258.000000 -1.9998
259.000000 -2.0014
260.000000 -2.0029
261.000000 -2.0042
262.000000 -2.0055
263.000000 -2.0067
264.000000 -2.0079
265.000000 -2.0089
266.000000 -2.0099
267.000000 -2.0108
268.000000 -2.0117
269.000000 -2.0124
270.000000 -2.0131
271.000000 -2.0138
272.000000 -2.0144
273.000000 -2.015
274.000000 -2.0154
275.000000 -2.0159
276.000000 -2.0163
277.000000 -2.0167
278.000000 -2.017
279.000000 -2.0172
280.000000 -2.0175
281.000000 -2.0177
282.000000 -2.0178
283.000000 -2.018
284.000000 -2.0181
285.000000 -2.0181
286.000000 -2.0182
287.000000 -2.0182
288.000000 -2.0182
289.000000 -2.0182
290.000000 -2.0181
291.000000 -2.018
292.000000 -2.0179
293.000000 -2.0178
294.000000 -2.0177
295.000000 -2.0175
296.000000 -2.0174
297.000000 -2.0172
298.000000 -2.017
299.000000 -2.0168
300.000000 -2.0166
301.000000 -2.0164
302.000000 -2.0162
303.000000 -2.0159
304.000000 -2.0157
305.000000 -2.0154
306.000000 -2.0152
307.000000 -2.0149
308.000000 -2.0146
309.000000 -2.0144
310.000000 -2.0141
311.000000 -2.0138
312.000000 -2.0135
313.000000 -2.0133
314.000000 -2.013
315.000000 -2.0127
316.000000 -2.0124
317.000000 -2.0121
318.000000 -2.0118
319.000000 -2.0115
320.000000 -2.0113
321.000000 -2.011
322.000000 -2.0107
323.000000 -2.0104
324.000000 -2.0101
325.000000 -2.0099
326.000000 -2.0096
327.000000 -2.0093
328.000000 -2.009
329.000000 -2.0088
330.000000 -2.0085
331.000000 -2.0082
332.000000 -2.008
333.000000 -2.0077
334.000000 -2.0075
335.000000 -2.0072
336.000000 -2.007
337.000000 -2.0068
338.000000 -2.0065
339.000000 -2.0063
340.000000 -2.0061
341.000000 -2.0059
342.000000 -2.0057
343.000000 -2.0054
344.000000 -2.0052
345.000000 -2.005
346.000000 -2.0048
347.000000 -2.0046
348.000000 -2.0045
349.000000 -2.0043
350.000000 -2.0041
351.000000 -2.0039
352.000000 -2.0037
353.000000 -2.0036
354.000000 -2.0034
355.000000 -2.0033
356.000000 -2.0031
357.000000 -2.0029
358.000000 -2.0028
359.000000 -2.0027
360.000000 -2.0025
361.000000 -2.0024
362.000000 -2.0023
363.000000 -2.0021
364.000000 -2.002
365.000000 -2.0019
366.000000 -2.0018
367.000000 -2.0017
368.000000 -2.0016
369.000000 -2.0015
370.000000 -2.0014
371.000000 -2.0013
372.000000 -2.0012
373.000000 -2.0011
374.000000 -2.001
375.000000 -2.0009
376.000000 -2.0008
377.000000 -2.0008
378.000000 -2.0007
379.000000 -2.0006
380.000000 -2.0005
381.000000 -2.0005
382.000000 -2.0004
383.000000 -2.0004
384.000000 -2.0003
385.000000 -2.0003
386.000000 -2.0002
387.000000 -2.0001
388.000000 -2.0001
389.000000 -2.0001
390.000000 -2
391.000000 -2
392.000000 -1.9999
393.000000 -1.9999
394.000000 -1.9999
395.000000 -1.9998
396.000000 -1.9998
397.000000 -1.9998
398.000000 -1.9997
399.000000 -1.9997
400.000000 -1.9997
401.000000 -1.9997
402.000000 -1.9996
403.000000 -1.9996
404.000000 -1.9996
405.000000 -1.9996
406.000000 -1.9996
407.000000 -1.9996
408.000000 -1.9995
409.000000 -1.9995
410.000000 -1.9995
411.000000 -1.9995
412.000000 -1.9995
413.000000 -1.9995
414.000000 -1.9995
415.000000 -1.9995
416.000000 -1.9995
417.000000 -1.9995
418.000000 -1.9995
419.000000 -1.9995
420.000000 -1.9995
421.000000 -1.9995
422.000000 -1.9995
423.000000 -1.9995
424.000000 -1.9995
425.000000 -1.9995
426.000000 -1.9995
427.000000 -1.9995
428.000000 -1.9995
429.000000 -1.9995
430.000000 -1.9995
431.000000 -1.9995
432.000000 -1.9995
433.000000 -1.9995
434.000000 -1.9995
435.000000 -1.9995
436.000000 -1.9995
437.000000 -1.9995
438.000000 -1.9995
439.000000 -1.9995
440.000000 -1.9995
441.000000 -1.9995
442.000000 -1.9995
443.000000 -1.9995
444.000000 -1.9996
445.000000 -1.9996
446.000000 -1.9996
447.000000 -1.9996
448.000000 -1.9996
449.000000 -1.9996
450.000000 -1.9996
451.000000 -1.9996
452.000000 -1.9996
453.000000 -1.9996
454.000000 -1.9996
455.000000 -1.9996
456.000000 -1.9996
457.000000 -1.9997
458.000000 -1.9997
459.000000 -1.9997
460.000000 -1.9997
461.000000 -1.9997
462.000000 -1.9997
463.000000 -1.9997
464.000000 -1.9997
465.000000 -1.9997
466.000000 -1.9997
467.000000 -1.9997
468.000000 -1.9997
469.000000 -1.9997
470.000000 -1.9997
471.000000 -1.9998
472.000000 -1.9998
473.000000 -1.9998
474.000000 -1.9998
475.000000 -1.9998
476.000000 -1.9998
477.000000 -1.9998
478.000000 -1.9998
479.000000 -1.9998
480.000000 -1.9998
481.000000 -1.9998
482.000000 -1.9998
483.000000 -1.9998
484.000000 -1.9998
485.000000 -1.9998
486.000000 -1.9998
487.000000 -1.9998
488.000000 -1.9999
489.000000 -1.9999
490.000000 -1.9999
491.000000 -1.9999
492.000000 -1.9999
493.000000 -1.9999
494.000000 -1.9999
495.000000 -1.9999
496.000000 -1.9999
497.000000 -1.9999
498.000000 -1.9999
499.000000 -1.9999
500.000000 0.78529
501.000000 -0.40946
502.000000 1.0136
503.000000 0.54143
504.000000 1.1704
505.000000 0.95227
506.000000 1.2199
507.000000 1.119
508.000000 1.2362
509.000000 1.1943
510.000000 1.2502
511.000000 1.237
512.000000 1.2673
513.000000 1.2673
514.000000 1.2864
515.000000 1.292
516.000000 1.3058
517.000000 1.3134
518.000000 1.3244
519.000000 1.3325
520.000000 1.3419
521.000000 1.3499
522.000000 1.3582
523.000000 1.3657
524.000000 1.3732
525.000000 1.3802
526.000000 1.387
527.000000 1.3935
528.000000 1.3998
529.000000 1.4057
530.000000 1.4115
531.000000 1.4169
532.000000 1.4222
533.000000 1.4272
534.000000 1.432
535.000000 1.4366
536.000000 1.441
537.000000 1.4453
538.000000 1.4493
539.000000 1.4531
540.000000 1.4568
541.000000 1.4603
542.000000 1.4637
543.000000 1.4669
544.000000 1.4699
545.000000 1.4728
546.000000 1.4756
547.000000 1.4782
548.000000 1.4807
549.000000 1.4831
550.000000 1.4854
551.000000 1.4875
552.000000 1.4896
553.000000 1.4915
554.000000 1.4933
555.000000 1.4951
556.000000 1.4967
557.000000 1.4982
558.000000 1.4997
559.000000 1.501
560.000000 1.5023
561.000000 1.5035
562.000000 1.5047
563.000000 1.5057
564.000000 1.5067
565.000000 1.5076
566.000000 1.5085
567.000000 1.5093
568.000000 1.51
569.000000 1.5107
570.000000 1.5114
571.000000 1.5119
572.000000 1.5125
573.000000 1.5129
574.000000 1.5134
575.000000 1.5138
576.000000 1.5141
577.000000 1.5144
578.000000 1.5147
579.000000 1.515
580.000000 1.5152
581.000000 1.5153
582.000000 1.5155
583.000000 1.5156
584.000000 1.5157
585.000000 1.5158
586.000000 1.5158
587.000000 1.5158
588.000000 1.5158
589.000000 1.5158
590.000000 1.5157
591.000000 1.5157
592.000000 1.5156
593.000000 1.5155
594.000000 1.5154
595.000000 1.5153
596.000000 1.5151
597.000000 1.515
598.000000 1.5148
599.000000 1.5147
600.000000 1.5145
601.000000 1.5143
602.000000 1.5141
603.000000 1.5139
604.000000 1.5137
605.000000 1.5135
606.000000 1.5132
607.000000 1.513
608.000000 1.5128
609.000000 1.5125
610.000000 1.5123
611.000000 1.5121
612.000000 1.5118
613.000000 1.5116
614.000000 1.5113
615.000000 1.5111
616.000000 1.5108
617.000000 1.5106
618.000000 1.5103
619.000000 1.5101
620.000000 1.5098
621.000000 1.5096
622.000000 1.5093
623.000000 1.5091
624.000000 1.5088
625.000000 1.5086
626.000000 1.5084
627.000000 1.5081
628.000000 1.5079
629.000000 1.5077
630.000000 1.5074
631.000000 1.5072
632.000000 1.507
633.000000 1.5068
634.000000 1.5065
635.000000 1.5063
636.000000 1.5061
637.000000 1.5059
638.000000 1.5057
639.000000 1.5055
640.000000 1.5053
641.000000 1.5051
642.000000 1.5049
643.000000 1.5048
644.000000 1.5046
645.000000 1.5044
646.000000 1.5042
647.000000 1.5041
648.000000 1.5039
649.000000 1.5037
650.000000 1.5036
651.000000 1.5034
652.000000 1.5033
653.000000 1.5031
654.000000 1.503
655.000000 1.5028
656.000000 1.5027
657.000000 1.5026
658.000000 1.5025
659.000000 1.5023
660.000000 1.5022
661.000000 1.5021
662.000000 1.502
663.000000 1.5019
664.000000 1.5018
665.000000 1.5017
666.000000 1.5016
667.000000 1.5015
668.000000 1.5014
669.000000 1.5013
670.000000 1.5012
671.000000 1.5011
672.000000 1.501
673.000000 1.501
674.000000 1.5009
675.000000 1.5008
676.000000 1.5007
677.000000 1.5007
678.000000 1.5006
679.000000 1.5005
680.000000 1.5005
681.000000 1.5004
682.000000 1.5004
683.000000 1.5003
684.000000 1.5003
685.000000 1.5002
686.000000 1.5002
687.000000 1.5001
688.000000 1.5001
689.000000 1.5001
690.000000 1.5
691.000000 1.5
692.000000 1.4999
693.000000 1.4999
694.000000 1.4999
695.000000 1.4999
696.000000 1.4998
697.000000 1.4998
698.000000 1.4998
699.000000 1.4998
700.000000 1.4997
701.000000 1.4997
702.000000 1.4997
703.000000 1.4997
704.000000 1.4997
705.000000 1.4996
706.000000 1.4996
707.000000 1.4996
708.000000 1.4996
709.000000 1.4996
710.000000 1.4996
711.000000 1.4996
712.000000 1.4996
713.000000 1.4996
714.000000 1.4996
715.000000 1.4996
716.000000 1.4995
717.000000 1.4995
718.000000 1.4995
719.000000 1.4995
720.000000 1.4995
721.000000 1.4995
722.000000 1.4995
723.000000 1.4995
724.000000 1.4995
725.000000 1.4995
726.000000 1.4995
727.000000 1.4995
728.000000 1.4995
729.000000 1.4995
730.000000 1.4995
731.000000 1.4995
732.000000 1.4996
733.000000 1.4996
734.000000 1.4996
735.000000 1.4996
736.000000 1.4996
737.000000 1.4996
738.000000 1.4996
739.000000 1.4996
740.000000 1.4996
741.000000 1.4996
742.000000 1.4996
743.000000 1.4996
744.000000 1.4996
745.000000 1.4996
746.000000 1.4996
747.000000 1.4996
748.000000 1.4996
749.000000 1.4996
750.000000 1.4996
751.000000 1.4997
752.000000 1.4997
753.000000 1.4997
754.000000 1.4997
755.000000 1.4997
756.000000 1.4997
757.000000 1.4997
758.000000 1.4997
759.000000 1.4997
760.000000 1.4997
761.000000 1.4997
762.000000 1.4997
763.000000 1.4997
764.000000 1.4997
765.000000 1.4997
766.000000 1.4998
767.000000 1.4998
768.000000 1.4998
769.000000 1.4998
770.000000 1.4998
771.000000 1.4998
772.000000 1.4998
773.000000 1.4998
774.000000 1.4998
775.000000 1.4998
776.000000 1.4998
777.000000 1.4998
778.000000 1.4998
779.000000 1.4998
780.000000 1.4998
781.000000 1.4998
782.000000 1.4998
783.000000 1.4998
784.000000 1.4999
785.000000 1.4999
786.000000 1.4999
787.000000 1.4999
788.000000 1.4999
789.000000 1.4999
790.000000 1.4999
791.000000 1.4999
792.000000 1.4999
793.000000 1.4999
794.000000 1.4999
795.000000 1.4999
796.000000 1.4999
797.000000 1.4999
798.000000 1.4999
799.000000 1.4999
800.000000 0.30626
801.000000 0.8183
802.000000 0.20841
803.000000 0.41078
804.000000 0.14121
805.000000 0.23471
806.000000 0.12003
807.000000 0.16325
808.000000 0.11301
809.000000 0.13099
810.000000 0.10703
811.000000 0.11268
812.000000 0.099694
813.000000 0.099694
814.000000 0.091517
815.000000 0.089127
816.000000 0.083223
817.000000 0.079957
818.000000 0.075234
819.000000 0.071759
820.000000 0.067728
821.000000 0.064328
822.000000 0.06076
823.000000 0.057544
824.000000 0.054325
825.000000 0.05133
826.000000 0.048398
827.000000 0.045628
828.000000 0.042947
829.000000 0.040395
830.000000 0.037938
831.000000 0.035592
832.000000 0.03334
833.000000 0.031187
834.000000 0.029124
835.000000 0.027151
836.000000 0.025262
837.000000 0.023456
838.000000 0.02173
839.000000 0.02008
840.000000 0.018503
841.000000 0.016998
842.000000 0.015561
843.000000 0.014191
844.000000 0.012884
845.000000 0.011639
846.000000 0.010453
847.000000 0.0093246
848.000000 0.0082511
849.000000 0.0072307
850.000000 0.0062616
851.000000 0.0053418
852.000000 0.0044695
853.000000 0.003643
854.000000 0.0028606
855.000000 0.0021206
856.000000 0.0014215
857.000000 0.0007617
858.000000 0.00013969
859.000000 -0.00044597
860.000000 -0.00099668
861.000000 -0.0015138
862.000000 -0.0019987
863.000000 -0.0024526
864.000000 -0.0028768
865.000000 -0.0032724
866.000000 -0.0036407
867.000000 -0.0039828
868.000000 -0.0042997
869.000000 -0.0045926
870.000000 -0.0048625
871.000000 -0.0051103
872.000000 -0.005337
873.000000 -0.0055436
874.000000 -0.005731
875.000000 -0.0059
876.000000 -0.0060515
877.000000 -0.0061863
878.000000 -0.0063053
879.000000 -0.006409
880.000000 -0.0064984
881.000000 -0.0065741
882.000000 -0.0066369
883.000000 -0.0066873
884.000000 -0.006726
885.000000 -0.0067536
886.000000 -0.0067708
887.000000 -0.0067781
888.000000 -0.0067761
889.000000 -0.0067653
890.000000 -0.0067462
891.000000 -0.0067193
892.000000 -0.0066852
893.000000 -0.0066442
894.000000 -0.0065967
895.000000 -0.0065433
896.000000 -0.0064844
897.000000 -0.0064202
898.000000 -0.0063513
899.000000 -0.0062779
900.000000 -0.0062004
901.000000 -0.0061192
902.000000 -0.0060345
903.000000 -0.0059466
904.000000 -0.0058559
905.000000 -0.0057626
906.000000 -0.005667
907.000000 -0.0055694
908.000000 -0.0054699
909.000000 -0.0053688
910.000000 -0.0052663
911.000000 -0.0051627
912.000000 -0.0050581
913.000000 -0.0049527
914.000000 -0.0048468
915.000000 -0.0047403
916.000000 -0.0046337
917.000000 -0.0045268
918.000000 -0.00442
919.000000 -0.0043134
920.000000 -0.0042071
921.000000 -0.0041011
922.000000 -0.0039956
923.000000 -0.0038908
924.000000 -0.0037867
925.000000 -0.0036834
926.000000 -0.003581
927.000000 -0.0034796
928.000000 -0.0033792
929.000000 -0.00328
930.000000 -0.0031819
931.000000 -0.0030851
932.000000 -0.0029896
933.000000 -0.0028954
934.000000 -0.0028026
935.000000 -0.0027112
936.000000 -0.0026214
937.000000 -0.002533
938.000000 -0.0024461
939.000000 -0.0023608
940.000000 -0.0022771
941.000000 -0.002195
942.000000 -0.0021145
943.000000 -0.0020357
944.000000 -0.0019584
945.000000 -0.0018828
946.000000 -0.0018089
947.000000 -0.0017366
948.000000 -0.001666
949.000000 -0.001597
950.000000 -0.0015297
951.000000 -0.0014641
952.000000 -0.0014
953.000000 -0.0013376
954.000000 -0.0012768
955.000000 -0.0012177
956.000000 -0.0011601
957.000000 -0.0011041
958.000000 -0.0010497
959.000000 -0.00099678
960.000000 -0.00094543
961.000000 -0.0008956
962.000000 -0.00084725
963.000000 -0.00080038
964.000000 -0.00075497
965.000000 -0.00071098
966.000000 -0.00066841
967.000000 -0.00062722
968.000000 -0.00058739
969.000000 -0.00054891
970.000000 -0.00051174
971.000000 -0.00047586
972.000000 -0.00044125
973.000000 -0.00040788
974.000000 -0.00037573
975.000000 -0.00034478
976.000000 -0.00031499
977.000000 -0.00028634
978.000000 -0.00025881
979.000000 -0.00023237
980.000000 -0.00020699
981.000000 -0.00018266
982.000000 -0.00015934
983.000000 -0.00013701
984.000000 -0.00011565
985.000000 -9.5232e-05
986.000000 -7.5728e-05
987.000000 -5.7115e-05
988.000000 -3.937e-05
989.000000 -2.2469e-05
990.000000 -6.3874e-06
991.000000 8.8971e-06
992.000000 2.3408e-05
993.000000 3.7169e-05
994.000000 5.0201e-05
995.000000 6.2527e-05
996.000000 7.4169e-05
997.000000 8.5149e-05
998.000000 9.5488e-05
999.000000 0.00010521
1000.000000 0.00011432
1001.000000 0.00012286
1002.000000 0.00013084
1003.000000 0.00013828
1004.000000 0.0001452
1005.000000 0.00015161
1006.000000 0.00015754
1007.000000 0.000163
1008.000000 0.00016802
1009.000000 0.0001726
1010.000000 0.00017676
1011.000000 0.00018053
1012.000000 0.00018391
1013.000000 0.00018693
1014.000000 0.0001896
1015.000000 0.00019192
1016.000000 0.00019393
1017.000000 0.00019562
1018.000000 0.00019702
1019.000000 0.00019814
1020.000000 0.00019899
1021.000000 0.00019959
1022.000000 0.00019994
1023.000000 0.00020006
1024.000000 0.00019996
1025.000000 0.00019964
1026.000000 0.00019914
1027.000000 0.00019844
1028.000000 0.00019757
1029.000000 0.00019652
1030.000000 0.00019532
1031.000000 0.00019398
1032.000000 0.00019249
1033.000000 0.00019087
1034.000000 0.00018913
1035.000000 0.00018727
1036.000000 0.00018531
1037.000000 0.00018325
1038.000000 0.0001811
1039.000000 0.00017886
1040.000000 0.00017654
1041.000000 0.00017416
1042.000000 0.0001717
1043.000000 0.00016919
1044.000000 0.00016662
1045.000000 0.00016401
1046.000000 0.00016135
1047.000000 0.00015866
1048.000000 0.00015593
1049.000000 0.00015317
1050.000000 0.00015039
1051.000000 0.00014759
1052.000000 0.00014477
1053.000000 0.00014195
1054.000000 0.00013911
1055.000000 0.00013627
1056.000000 0.00013343
1057.000000 0.00013059
1058.000000 0.00012775
1059.000000 0.00012492
1060.000000 0.00012211
1061.000000 0.0001193
1062.000000 0.00011651
1063.000000 0.00011374
1064.000000 0.00011098
1065.000000 0.00010825
1066.000000 0.00010555
1067.000000 0.00010286
1068.000000 0.00010021
1069.000000 9.7579e-05
1070.000000 9.4981e-05
1071.000000 9.2414e-05
1072.000000 8.9879e-05
1073.000000 8.7377e-05
1074.000000 8.491e-05
1075.000000 8.2478e-05
1076.000000 8.0082e-05
1077.000000 7.7723e-05
1078.000000 7.5401e-05
1079.000000 7.3117e-05
1080.000000 7.0872e-05
1081.000000 6.8666e-05
1082.000000 6.65e-05
1083.000000 6.4373e-05
1084.000000 6.2287e-05
1085.000000 6.024e-05
1086.000000 5.8234e-05
1087.000000 5.6269e-05
1088.000000 5.4344e-05
1089.000000 5.246e-05
1090.000000 5.0617e-05
1091.000000 4.8814e-05
1092.000000 4.7051e-05
1093.000000 4.5328e-05
1094.000000 4.3646e-05
1095.000000 4.2003e-05
1096.000000 4.04e-05
1097.000000 3.8836e-05
1098.000000 3.7311e-05
1099.000000 3.5824e-05
