0.000000 0
1.000000 0
2.000000 0
3.000000 0
4.000000 0
5.000000 0
6.000000 0
7.000000 0
8.000000 0
9.000000 0
10.000000 3.1074
11.000000 1.6301
12.000000 2.3467
13.000000 1.9654
14.000000 2.1194
15.000000 2.0108
16.000000 2.0338
17.000000 1.995
18.000000 1.9895
19.000000 1.9704
20.000000 1.9605
21.000000 1.9486
22.000000 1.94
23.000000 1.9319
24.000000 1.9256
25.000000 1.9203
26.000000 1.9163
27.000000 1.9133
28.000000 1.9112
29.000000 1.9101
30.000000 1.9098
31.000000 1.9102
32.000000 1.9113
33.000000 1.913
34.000000 1.9152
35.000000 1.9178
36.000000 1.9209
37.000000 1.9242
38.000000 1.9278
39.000000 1.9316
40.000000 1.9356
41.000000 1.9397
42.000000 1.9438
43.000000 1.9479
44.000000 1.952
45.000000 1.9561
46.000000 1.9601
47.000000 1.9639
48.000000 1.9677
49.000000 1.9712
50.000000 1.9746
51.000000 1.9779
52.000000 1.9809
53.000000 1.9837
54.000000 1.9864
55.000000 1.9888
56.000000 1.991
57.000000 1.993
58.000000 1.9948
59.000000 1.9965
60.000000 1.9979
61.000000 1.9991
62.000000 2.0002
63.000000 2.0011
64.000000 2.0019
65.000000 2.0025
66.000000 2.003
67.000000 2.0034
68.000000 2.0036
69.000000 2.0037
70.000000 2.0038
71.000000 2.0038
72.000000 2.0037
73.000000 2.0035
74.000000 2.0033
75.000000 2.0031
76.000000 2.0028
77.000000 2.0025
78.000000 2.0021
79.000000 2.0018
80.000000 2.0014
81.000000 2.001
82.000000 2.0007
83.000000 2.0003
84.000000 2
85.000000 1.9997
86.000000 1.9994
87.000000 1.9991
88.000000 1.9988
89.000000 1.9985
90.000000 1.9983
91.000000 1.9981
92.000000 1.9979
93.000000 1.9978
94.000000 1.9976
95.000000 1.9975
96.000000 1.9974
97.000000 1.9974
98.000000 1.9973
99.000000 1.9973
100.000000 1.9973
101.000000 1.9973
102.000000 1.9973
103.000000 1.9974
104.000000 1.9974
105.000000 1.9975
106.000000 1.9976
107.000000 1.9977
108.000000 1.9977
109.000000 1.9978
110.000000 1.9979
111.000000 1.998
112.000000 1.9981
113.000000 1.9983
114.000000 1.9984
115.000000 1.9985
116.000000 1.9986
117.000000 1.9987
118.000000 1.9988
119.000000 1.9989
120.000000 1.999
121.000000 1.9991
122.000000 1.9992
123.000000 1.9992
124.000000 1.9993
125.000000 1.9994
126.000000 1.9995
127.000000 1.9995
128.000000 1.9996
129.000000 1.9996
130.000000 1.9997
131.000000 1.9997
132.000000 1.9998
133.000000 1.9998
134.000000 1.9998
135.000000 1.9999
136.000000 1.9999
137.000000 1.9999
138.000000 1.9999
139.000000 1.9999
140.000000 1.9999
141.000000 1.9999
142.000000 2
143.000000 2
144.000000 2
145.000000 2
146.000000 2
147.000000 2
148.000000 2
149.000000 2
150.000000 2
151.000000 1.9999
152.000000 1.9999
153.000000 1.9999
154.000000 1.9999
155.000000 1.9999
156.000000 1.9999
157.000000 1.9999
158.000000 1.9999
159.000000 1.9999
160.000000 1.9999
161.000000 1.9999
162.000000 1.9999
163.000000 1.9999
164.000000 1.9999
165.000000 1.9999
166.000000 1.9999
167.000000 1.9999
168.000000 1.9999
169.000000 1.9999
170.000000 1.9999
171.000000 1.9999
172.000000 1.9999
173.000000 1.9999
174.000000 1.9999
175.000000 1.9999
176.000000 1.9999
177.000000 1.9999
178.000000 1.9999
179.000000 1.9999
180.000000 1.9999
181.000000 1.9999
182.000000 1.9999
183.000000 1.9999
184.000000 1.9999
185.000000 1.9999
186.000000 1.9999
187.000000 1.9999
188.000000 1.9999
189.000000 2
190.000000 2
191.000000 2
192.000000 2
193.000000 2
194.000000 2
195.000000 2
196.000000 2
197.000000 2
198.000000 2
199.000000 2
200.000000 -4.2147
201.000000 -1.2603
202.000000 -2.6935
203.000000 -1.9308
204.000000 -2.2387
205.000000 -2.0217
206.000000 -2.0676
207.000000 -1.99
208.000000 -1.979
209.000000 -1.9407
210.000000 -1.9211
211.000000 -1.8972
212.000000 -1.88
213.000000 -1.8639
214.000000 -1.8513
215.000000 -1.8407
216.000000 -1.8326
217.000000 -1.8265
218.000000 -1.8225
219.000000 -1.8202
220.000000 -1.8196
221.000000 -1.8204
222.000000 -1.8226
223.000000 -1.826
224.000000 -1.8304
225.000000 -1.8357
226.000000 -1.8417
227.000000 -1.8484
228.000000 -1.8556
229.000000 -1.8633
230.000000 -1.8712
231.000000 -1.8793
232.000000 -1.8876
233.000000 -1.8958
234.000000 -1.9041
235.000000 -1.9122
236.000000 -1.9201
237.000000 -1.9279
238.000000 -1.9353
239.000000 -1.9425
240.000000 -1.9493
241.000000 -1.9557
242.000000 -1.9618
243.000000 -1.9675
244.000000 -1.9727
245.000000 -1.9776
246.000000 -1.982
247.000000 -1.986
248.000000 -1.9897
249.000000 -1.9929
250.000000 -1.9958
251.000000 -1.9983
252.000000 -2.0004
253.000000 -2.0023
254.000000 -2.0038
255.000000 -2.005
256.000000 -2.006
257.000000 -2.0067
258.000000 -2.0072
259.000000 -2.0075
260.000000 -2.0076
261.000000 -2.0076
262.000000 -2.0074
263.000000 -2.007
264.000000 -2.0066
265.000000 -2.0061
266.000000 -2.0055
267.000000 -2.0049
268.000000 -2.0042
269.000000 -2.0035
270.000000 -2.0028
271.000000 -2.0021
272.000000 -2.0014
273.000000 -2.0007
274.000000 -2
275.000000 -1.9993
276.000000 -1.9987
277.000000 -1.9981
278.000000 -1.9976
279.000000 -1.9971
280.000000 -1.9966
281.000000 -1.9962
282.000000 -1.9959
283.000000 -1.9956
284.000000 -1.9953
285.000000 -1.9951
286.000000 -1.9949
287.000000 -1.9948
288.000000 -1.9947
289.000000 -1.9946
290.000000 -1.9946
291.000000 -1.9946
292.000000 -1.9947
293.000000 -1.9948
294.000000 -1.9949
295.000000 -1.995
296.000000 -1.9951
297.000000 -1.9953
298.000000 -1.9955
299.000000 -1.9957
300.000000 -1.9959
301.000000 -1.9961
302.000000 -1.9963
303.000000 -1.9965
304.000000 -1.9967
305.000000 -1.9969
306.000000 -1.9971
307.000000 -1.9974
308.000000 -1.9976
309.000000 -1.9978
310.000000 -1.9979
311.000000 -1.9981
312.000000 -1.9983
313.000000 -1.9985
314.000000 -1.9986
315.000000 -1.9988
316.000000 -1.9989
317.000000 -1.999
318.000000 -1.9991
319.000000 -1.9993
320.000000 -1.9994
321.000000 -1.9994
322.000000 -1.9995
323.000000 -1.9996
324.000000 -1.9997
325.000000 -1.9997
326.000000 -1.9998
327.000000 -1.9998
328.000000 -1.9998
329.000000 -1.9999
330.000000 -1.9999
331.000000 -1.9999
332.000000 -1.9999
333.000000 -1.9999
334.000000 -1.9999
335.000000 -1.9999
336.000000 -1.9999
337.000000 -1.9999
338.000000 -1.9999
339.000000 -1.9999
340.000000 -1.9999
341.000000 -1.9999
342.000000 -1.9999
343.000000 -1.9999
344.000000 -1.9999
345.000000 -1.9999
346.000000 -1.9999
347.000000 -1.9998
348.000000 -1.9998
349.000000 -1.9998
350.000000 -1.9998
351.000000 -1.9998
352.000000 -1.9998
353.000000 -1.9998
354.000000 -1.9998
355.000000 -1.9998
356.000000 -1.9998
357.000000 -1.9998
358.000000 -1.9998
359.000000 -1.9998
360.000000 -1.9998
361.000000 -1.9998
362.000000 -1.9998
363.000000 -1.9998
364.000000 -1.9998
365.000000 -1.9998
366.000000 -1.9998
367.000000 -1.9998
368.000000 -1.9998
369.000000 -1.9998
370.000000 -1.9998
371.000000 -1.9999
372.000000 -1.9999
373.000000 -1.9999
374.000000 -1.9999
375.000000 -1.9999
376.000000 -1.9999
377.000000 -1.9999
378.000000 -1.9999
379.000000 -1.9999
380.000000 -1.9999
381.000000 -1.9999
382.000000 -1.9999
383.000000 -1.9999
384.000000 -1.9999
385.000000 -1.9999
386.000000 -1.9999
387.000000 -1.9999
388.000000 -1.9999
389.000000 -2
390.000000 -2
391.000000 -2
392.000000 -2
393.000000 -2
394.000000 -2
395.000000 -2
396.000000 -2
397.000000 -2
398.000000 -2
399.000000 -2
400.000000 -2
401.000000 -2
402.000000 -2
403.000000 -2
404.000000 -2
405.000000 -2
406.000000 -2
407.000000 -2
408.000000 -2
409.000000 -2
410.000000 -2
411.000000 -2
412.000000 -2
413.000000 -2
414.000000 -2
415.000000 -2
416.000000 -2
417.000000 -2
418.000000 -2
419.000000 -2
420.000000 -2
421.000000 -2
422.000000 -2
423.000000 -2
424.000000 -2
425.000000 -2
426.000000 -2
427.000000 -2
428.000000 -2
429.000000 -2
430.000000 -2
431.000000 -2
432.000000 -2
433.000000 -2
434.000000 -2
435.000000 -2
436.000000 -2
437.000000 -2
438.000000 -2
439.000000 -2
440.000000 -2
441.000000 -2
442.000000 -2
443.000000 -2
444.000000 -2
445.000000 -2
446.000000 -2
447.000000 -2
448.000000 -2
449.000000 -2
450.000000 -2
451.000000 -2
452.000000 -2
453.000000 -2
454.000000 -2
455.000000 -2
456.000000 -2
457.000000 -2
458.000000 -2
459.000000 -2
460.000000 -2
461.000000 -2
462.000000 -2
463.000000 -2
464.000000 -2
465.000000 -2
466.000000 -2
467.000000 -2
468.000000 -2
469.000000 -2
470.000000 -2
471.000000 -2
472.000000 -2
473.000000 -2
474.000000 -2
475.000000 -2
476.000000 -2
477.000000 -2
478.000000 -2
479.000000 -2
480.000000 -2
481.000000 -2
482.000000 -2
483.000000 -2
484.000000 -2
485.000000 -2
486.000000 -2
487.000000 -2
488.000000 -2
489.000000 -2
490.000000 -2
491.000000 -2
492.000000 -2
493.000000 -2
494.000000 -2
495.000000 -2
496.000000 -2
497.000000 -2
498.000000 -2
499.000000 -2
500.000000 3.4379
501.000000 0.85274
502.000000 2.1068
503.000000 1.4394
504.000000 1.7089
505.000000 1.519
506.000000 1.5592
507.000000 1.4913
508.000000 1.4816
509.000000 1.4481
510.000000 1.4309
511.000000 1.4101
512.000000 1.395
513.000000 1.3809
514.000000 1.3698
515.000000 1.3606
516.000000 1.3535
517.000000 1.3482
518.000000 1.3447
519.000000 1.3427
520.000000 1.3421
521.000000 1.3429
522.000000 1.3448
523.000000 1.3477
524.000000 1.3516
525.000000 1.3562
526.000000 1.3615
527.000000 1.3674
528.000000 1.3737
529.000000 1.3804
530.000000 1.3873
531.000000 1.3944
532.000000 1.4016
533.000000 1.4089
534.000000 1.4161
535.000000 1.4232
536.000000 1.4301
537.000000 1.4369
538.000000 1.4434
539.000000 1.4496
540.000000 1.4556
541.000000 1.4613
542.000000 1.4666
543.000000 1.4715
544.000000 1.4761
545.000000 1.4804
546.000000 1.4843
547.000000 1.4878
548.000000 1.491
549.000000 1.4938
550.000000 1.4963
551.000000 1.4985
552.000000 1.5004
553.000000 1.502
554.000000 1.5033
555.000000 1.5044
556.000000 1.5052
557.000000 1.5059
558.000000 1.5063
559.000000 1.5066
560.000000 1.5067
561.000000 1.5066
562.000000 1.5064
563.000000 1.5062
564.000000 1.5058
565.000000 1.5054
566.000000 1.5049
567.000000 1.5043
568.000000 1.5037
569.000000 1.5031
570.000000 1.5025
571.000000 1.5018
572.000000 1.5012
573.000000 1.5006
574.000000 1.5
575.000000 1.4994
576.000000 1.4989
577.000000 1.4984
578.000000 1.4979
579.000000 1.4975
580.000000 1.4971
581.000000 1.4967
582.000000 1.4964
583.000000 1.4961
584.000000 1.4959
585.000000 1.4957
586.000000 1.4955
587.000000 1.4954
588.000000 1.4953
589.000000 1.4953
590.000000 1.4953
591.000000 1.4953
592.000000 1.4953
593.000000 1.4954
594.000000 1.4955
595.000000 1.4956
596.000000 1.4957
597.000000 1.4959
598.000000 1.496
599.000000 1.4962
600.000000 1.4964
601.000000 1.4966
602.000000 1.4968
603.000000 1.4969
604.000000 1.4971
605.000000 1.4973
606.000000 1.4975
607.000000 1.4977
608.000000 1.4979
609.000000 1.498
610.000000 1.4982
611.000000 1.4984
612.000000 1.4985
613.000000 1.4987
614.000000 1.4988
615.000000 1.4989
616.000000 1.499
617.000000 1.4992
618.000000 1.4993
619.000000 1.4993
620.000000 1.4994
621.000000 1.4995
622.000000 1.4996
623.000000 1.4996
624.000000 1.4997
625.000000 1.4997
626.000000 1.4998
627.000000 1.4998
628.000000 1.4999
629.000000 1.4999
630.000000 1.4999
631.000000 1.4999
632.000000 1.4999
633.000000 1.4999
634.000000 1.4999
635.000000 1.4999
636.000000 1.4999
637.000000 1.4999
638.000000 1.4999
639.000000 1.4999
640.000000 1.4999
641.000000 1.4999
642.000000 1.4999
643.000000 1.4999
644.000000 1.4999
645.000000 1.4999
646.000000 1.4999
647.000000 1.4999
648.000000 1.4999
649.000000 1.4999
650.000000 1.4998
651.000000 1.4998
652.000000 1.4998
653.000000 1.4998
654.000000 1.4998
655.000000 1.4998
656.000000 1.4998
657.000000 1.4998
658.000000 1.4998
659.000000 1.4998
660.000000 1.4998
661.000000 1.4998
662.000000 1.4998
663.000000 1.4998
664.000000 1.4998
665.000000 1.4998
666.000000 1.4998
667.000000 1.4998
668.000000 1.4999
669.000000 1.4999
670.000000 1.4999
671.000000 1.4999
672.000000 1.4999
673.000000 1.4999
674.000000 1.4999
675.000000 1.4999
676.000000 1.4999
677.000000 1.4999
678.000000 1.4999
679.000000 1.4999
680.000000 1.4999
681.000000 1.4999
682.000000 1.4999
683.000000 1.4999
684.000000 1.4999
685.000000 1.4999
686.000000 1.4999
687.000000 1.5
688.000000 1.5
689.000000 1.5
690.000000 1.5
691.000000 1.5
692.000000 1.5
693.000000 1.5
694.000000 1.5
695.000000 1.5
696.000000 1.5
697.000000 1.5
698.000000 1.5
699.000000 1.5
700.000000 1.5
701.000000 1.5
702.000000 1.5
703.000000 1.5
704.000000 1.5
705.000000 1.5
706.000000 1.5
707.000000 1.5
708.000000 1.5
709.000000 1.5
710.000000 1.5
711.000000 1.5
712.000000 1.5
713.000000 1.5
714.000000 1.5
715.000000 1.5
716.000000 1.5
717.000000 1.5
718.000000 1.5
719.000000 1.5
720.000000 1.5
721.000000 1.5
722.000000 1.5
723.000000 1.5
724.000000 1.5
725.000000 1.5
726.000000 1.5
727.000000 1.5
728.000000 1.5
729.000000 1.5
730.000000 1.5
731.000000 1.5
732.000000 1.5
733.000000 1.5
734.000000 1.5
735.000000 1.5
736.000000 1.5
737.000000 1.5
738.000000 1.5
739.000000 1.5
740.000000 1.5
741.000000 1.5
742.000000 1.5
743.000000 1.5
744.000000 1.5
745.000000 1.5
746.000000 1.5
747.000000 1.5
748.000000 1.5
749.000000 1.5
750.000000 1.5
751.000000 1.5
752.000000 1.5
753.000000 1.5
754.000000 1.5
755.000000 1.5
756.000000 1.5
757.000000 1.5
758.000000 1.5
759.000000 1.5
760.000000 1.5
761.000000 1.5
762.000000 1.5
763.000000 1.5
764.000000 1.5
765.000000 1.5
766.000000 1.5
767.000000 1.5
768.000000 1.5
769.000000 1.5
770.000000 1.5
771.000000 1.5
772.000000 1.5
773.000000 1.5
774.000000 1.5
775.000000 1.5
776.000000 1.5
777.000000 1.5
778.000000 1.5
779.000000 1.5
780.000000 1.5
781.000000 1.5
782.000000 1.5
783.000000 1.5
784.000000 1.5
785.000000 1.5
786.000000 1.5
787.000000 1.5
788.000000 1.5
789.000000 1.5
790.000000 1.5
791.000000 1.5
792.000000 1.5
793.000000 1.5
794.000000 1.5
795.000000 1.5
796.000000 1.5
797.000000 1.5
798.000000 1.5
799.000000 1.5
800.000000 -0.83052
801.000000 0.2774
802.000000 -0.26004
803.000000 0.025962
804.000000 -0.08952
805.000000 -0.0081369
806.000000 -0.02536
807.000000 0.0037403
808.000000 0.007893
809.000000 0.02223
810.000000 0.029596
811.000000 0.038547
812.000000 0.044991
813.000000 0.051049
814.000000 0.055783
815.000000 0.059755
816.000000 0.062785
817.000000 0.065058
818.000000 0.066576
819.000000 0.067429
820.000000 0.067663
821.000000 0.067343
822.000000 0.066525
823.000000 0.065264
824.000000 0.063614
825.000000 0.061628
826.000000 0.059355
827.000000 0.056842
828.000000 0.054135
829.000000 0.051275
830.000000 0.048303
831.000000 0.045255
832.000000 0.042164
833.000000 0.039062
834.000000 0.035976
835.000000 0.032932
836.000000 0.029952
837.000000 0.027056
838.000000 0.02426
839.000000 0.021579
840.000000 0.019025
841.000000 0.016607
842.000000 0.014332
843.000000 0.012207
844.000000 0.010233
845.000000 0.0084135
846.000000 0.0067479
847.000000 0.0052351
848.000000 0.0038723
849.000000 0.0026558
850.000000 0.001581
851.000000 0.00064223
852.000000 -0.00016675
853.000000 -0.00085276
854.000000 -0.0014231
855.000000 -0.0018853
856.000000 -0.0022474
857.000000 -0.0025172
858.000000 -0.0027028
859.000000 -0.0028123
860.000000 -0.0028534
861.000000 -0.0028339
862.000000 -0.0027613
863.000000 -0.0026427
864.000000 -0.0024852
865.000000 -0.0022951
866.000000 -0.0020786
867.000000 -0.0018415
868.000000 -0.0015892
869.000000 -0.0013265
870.000000 -0.0010579
871.000000 -0.00078741
872.000000 -0.00051876
873.000000 -0.00025511
874.000000 7.2201e-07
875.000000 0.00024632
876.000000 0.00047964
877.000000 0.00069898
878.000000 0.00090299
879.000000 0.0010906
880.000000 0.0012611
881.000000 0.001414
882.000000 0.001549
883.000000 0.0016662
884.000000 0.0017657
885.000000 0.0018478
886.000000 0.0019131
887.000000 0.0019622
888.000000 0.0019958
889.000000 0.0020149
890.000000 0.0020204
891.000000 0.0020131
892.000000 0.0019942
893.000000 0.0019647
894.000000 0.0019256
895.000000 0.001878
896.000000 0.001823
897.000000 0.0017616
898.000000 0.0016947
899.000000 0.0016234
900.000000 0.0015486
901.000000 0.0014711
902.000000 0.0013918
903.000000 0.0013114
904.000000 0.0012306
905.000000 0.0011501
906.000000 0.0010705
907.000000 0.00099231
908.000000 0.00091597
909.000000 0.0008419
910.000000 0.00077046
911.000000 0.00070194
912.000000 0.0006366
913.000000 0.00057461
914.000000 0.00051614
915.000000 0.00046129
916.000000 0.0004101
917.000000 0.00036262
918.000000 0.00031883
919.000000 0.00027869
920.000000 0.00024213
921.000000 0.00020905
922.000000 0.00017935
923.000000 0.00015288
924.000000 0.00012951
925.000000 0.00010907
926.000000 9.14e-05
927.000000 7.6313e-05
928.000000 6.3631e-05
929.000000 5.3172e-05
930.000000 4.475e-05
931.000000 3.8181e-05
932.000000 3.3285e-05
933.000000 2.9886e-05
934.000000 2.7811e-05
935.000000 2.6896e-05
936.000000 2.6983e-05
937.000000 2.7922e-05
938.000000 2.9572e-05
939.000000 3.1801e-05
940.000000 3.4487e-05
941.000000 3.7516e-05
942.000000 4.0785e-05
943.000000 4.42e-05
944.000000 4.7677e-05
945.000000 5.114e-05
946.000000 5.4524e-05
947.000000 5.7772e-05
948.000000 6.0835e-05
949.000000 6.3672e-05
950.000000 6.625e-05
951.000000 6.8543e-05
952.000000 7.053e-05
953.000000 7.22e-05
954.000000 7.3542e-05
955.000000 7.4555e-05
956.000000 7.524e-05
957.000000 7.5601e-05
958.000000 7.5649e-05
959.000000 7.5395e-05
960.000000 7.4853e-05
961.000000 7.404e-05
962.000000 7.2975e-05
963.000000 7.1676e-05
964.000000 7.0166e-05
965.000000 6.8465e-05
966.000000 6.6594e-05
967.000000 6.4576e-05
968.000000 6.2433e-05
969.000000 6.0184e-05
970.000000 5.7852e-05
971.000000 5.5456e-05
972.000000 5.3014e-05
973.000000 5.0546e-05
974.000000 4.8067e-05
975.000000 4.5593e-05
976.000000 4.314e-05
977.000000 4.0719e-05
978.000000 3.8344e-05
979.000000 3.6024e-05
980.000000 3.377e-05
981.000000 3.1588e-05
982.000000 2.9487e-05
983.000000 2.7471e-05
984.000000 2.5545e-05
985.000000 2.3713e-05
986.000000 2.1977e-05
987.000000 2.0339e-05
988.000000 1.88e-05
989.000000 1.7358e-05
990.000000 1.6014e-05
991.000000 1.4766e-05
992.000000 1.3611e-05
993.000000 1.2547e-05
994.000000 1.1571e-05
995.000000 1.068e-05
996.000000 9.8694e-06
997.000000 9.1354e-06
998.000000 8.4739e-06
999.000000 7.8804e-06
1000.000000 7.3505e-06
1001.000000 6.8799e-06
1002.000000 6.4638e-06
1003.000000 6.098e-06
1004.000000 5.7781e-06
1005.000000 5.4997e-06
1006.000000 5.2588e-06
1007.000000 5.0513e-06
1008.000000 4.8736e-06
1009.000000 4.7219e-06
1010.000000 4.5929e-06
1011.000000 4.4833e-06
1012.000000 4.3902e-06
1013.000000 4.3108e-06
1014.000000 4.2426e-06
1015.000000 4.1833e-06
1016.000000 4.1308e-06
1017.000000 4.0833e-06
1018.000000 4.0389e-06
1019.000000 3.9964e-06
1020.000000 3.9543e-06
1021.000000 3.9117e-06
1022.000000 3.8676e-06
1023.000000 3.8213e-06
1024.000000 3.7721e-06
1025.000000 3.7197e-06
1026.000000 3.6636e-06
1027.000000 3.6037e-06
1028.000000 3.5399e-06
1029.000000 3.4721e-06
1030.000000 3.4005e-06
1031.000000 3.3251e-06
1032.000000 3.2461e-06
1033.000000 3.1639e-06
1034.000000 3.0786e-06
1035.000000 2.9908e-06
1036.000000 2.9006e-06
1037.000000 2.8085e-06
1038.000000 2.7148e-06
1039.000000 2.62e-06
1040.000000 2.5245e-06
1041.000000 2.4286e-06
1042.000000 2.3327e-06
1043.000000 2.2371e-06
1044.000000 2.1423e-06
1045.000000 2.0486e-06
1046.000000 1.9562e-06
1047.000000 1.8654e-06
1048.000000 1.7765e-06
1049.000000 1.6898e-06
1050.000000 1.6054e-06
1051.000000 1.5235e-06
1052.000000 1.4443e-06
1053.000000 1.3679e-06
1054.000000 1.2944e-06
1055.000000 1.2239e-06
1056.000000 1.1565e-06
1057.000000 1.0921e-06
1058.000000 1.0308e-06
1059.000000 9.7257e-07
1060.000000 9.1742e-07
1061.000000 8.653e-07
1062.000000 8.1614e-07
1063.000000 7.6989e-07
1064.000000 7.2646e-07
1065.000000 6.8576e-07
1066.000000 6.477e-07
1067.000000 6.1218e-07
1068.000000 5.7908e-07
1069.000000 5.4828e-07
1070.000000 5.1967e-07
1071.000000 4.9314e-07
1072.000000 4.6855e-07
1073.000000 4.4579e-07
1074.000000 4.2473e-07
1075.000000 4.0527e-07
1076.000000 3.8727e-07
1077.000000 3.7064e-07
1078.000000 3.5526e-07
1079.000000 3.4102e-07
1080.000000 3.2783e-07
1081.000000 3.1559e-07
1082.000000 3.0421e-07
1083.000000 2.936e-07
1084.000000 2.8369e-07
1085.000000 2.744e-07
1086.000000 2.6565e-07
1087.000000 2.574e-07
1088.000000 2.4958e-07
1089.000000 2.4214e-07
1090.000000 2.3502e-07
1091.000000 2.2819e-07
1092.000000 2.2162e-07
1093.000000 2.1525e-07
1094.000000 2.0908e-07
1095.000000 2.0306e-07
1096.000000 1.9718e-07
1097.000000 1.9143e-07
1098.000000 1.8578e-07
1099.000000 1.8022e-07
