0.000000 0
1.000000 0
2.000000 0
3.000000 0
4.000000 0
5.000000 0
6.000000 0
7.000000 0
8.000000 0
9.000000 0
10.000000 2.6879
11.000000 1.5954
12.000000 2.2089
13.000000 1.9177
14.000000 2.0559
15.000000 1.9772
16.000000 2.0067
17.000000 1.9845
18.000000 1.99
19.000000 1.9834
20.000000 1.9841
21.000000 1.9821
22.000000 1.9821
23.000000 1.9817
24.000000 1.9818
25.000000 1.9818
26.000000 1.9821
27.000000 1.9823
28.000000 1.9827
29.000000 1.983
30.000000 1.9833
31.000000 1.9837
32.000000 1.984
33.000000 1.9844
34.000000 1.9847
35.000000 1.985
36.000000 1.9853
37.000000 1.9856
38.000000 1.9859
39.000000 1.9862
40.000000 1.9865
41.000000 1.9868
42.000000 1.987
43.000000 1.9873
44.000000 1.9876
45.000000 1.9878
46.000000 1.9881
47.000000 1.9883
48.000000 1.9885
49.000000 1.9888
50.000000 1.989
51.000000 1.9892
52.000000 1.9895
53.000000 1.9897
54.000000 1.9899
55.000000 1.9901
56.000000 1.9903
57.000000 1.9905
58.000000 1.9907
59.000000 1.991
60.000000 1.9912
61.000000 1.9914
62.000000 1.9916
63.000000 1.9918
64.000000 1.992
65.000000 1.9921
66.000000 1.9923
67.000000 1.9925
68.000000 1.9927
69.000000 1.9929
70.000000 1.9931
71.000000 1.9933
72.000000 1.9934
73.000000 1.9936
74.000000 1.9938
75.000000 1.994
76.000000 1.9941
77.000000 1.9943
78.000000 1.9945
79.000000 1.9946
80.000000 1.9948
81.000000 1.9949
82.000000 1.9951
83.000000 1.9952
84.000000 1.9954
85.000000 1.9955
86.000000 1.9957
87.000000 1.9958
88.000000 1.996
89.000000 1.9961
90.000000 1.9962
91.000000 1.9963
92.000000 1.9965
93.000000 1.9966
94.000000 1.9967
95.000000 1.9968
96.000000 1.9969
97.000000 1.9971
98.000000 1.9972
99.000000 1.9973
100.000000 1.9974
101.000000 1.9975
102.000000 1.9976
103.000000 1.9977
104.000000 1.9978
105.000000 1.9979
106.000000 1.998
107.000000 1.998
108.000000 1.9981
109.000000 1.9982
110.000000 1.9983
111.000000 1.9984
112.000000 1.9985
113.000000 1.9985
114.000000 1.9986
115.000000 1.9987
116.000000 1.9987
117.000000 1.9988
118.000000 1.9989
119.000000 1.9989
120.000000 1.999
121.000000 1.999
122.000000 1.9991
123.000000 1.9991
124.000000 1.9992
125.000000 1.9992
126.000000 1.9993
127.000000 1.9993
128.000000 1.9994
129.000000 1.9994
130.000000 1.9995
131.000000 1.9995
132.000000 1.9995
133.000000 1.9996
134.000000 1.9996
135.000000 1.9996
136.000000 1.9997
137.000000 1.9997
138.000000 1.9997
139.000000 1.9998
140.000000 1.9998
141.000000 1.9998
142.000000 1.9998
143.000000 1.9999
144.000000 1.9999
145.000000 1.9999
146.000000 1.9999
147.000000 2
148.000000 2
149.000000 2
150.000000 2
151.000000 2
152.000000 2
153.000000 2
154.000000 2.0001
155.000000 2.0001
156.000000 2.0001
157.000000 2.0001
158.000000 2.0001
159.000000 2.0001
160.000000 2.0001
161.000000 2.0001
162.000000 2.0001
163.000000 2.0001
164.000000 2.0002
165.000000 2.0002
166.000000 2.0002
167.000000 2.0002
168.000000 2.0002
169.000000 2.0002
170.000000 2.0002
171.000000 2.0002
172.000000 2.0002
173.000000 2.0002
174.000000 2.0002
175.000000 2.0002
176.000000 2.0002
177.000000 2.0002
178.000000 2.0002
179.000000 2.0002
180.000000 2.0002
181.000000 2.0002
182.000000 2.0002
183.000000 2.0002
184.000000 2.0002
185.000000 2.0002
186.000000 2.0002
187.000000 2.0002
188.000000 2.0002
189.000000 2.0002
190.000000 2.0002
191.000000 2.0002
192.000000 2.0002
193.000000 2.0002
194.000000 2.0002
195.000000 2.0002
196.000000 2.0002
197.000000 2.0002
198.000000 2.0002
199.000000 2.0002
200.000000 -3.3757
201.000000 -1.1907
202.000000 -2.4177
203.000000 -1.8351
204.000000 -2.1116
205.000000 -1.9542
206.000000 -2.0132
207.000000 -1.9689
208.000000 -1.9798
209.000000 -1.9667
210.000000 -1.968
211.000000 -1.9641
212.000000 -1.9641
213.000000 -1.9632
214.000000 -1.9634
215.000000 -1.9635
216.000000 -1.964
217.000000 -1.9645
218.000000 -1.9652
219.000000 -1.9659
220.000000 -1.9666
221.000000 -1.9672
222.000000 -1.9679
223.000000 -1.9686
224.000000 -1.9693
225.000000 -1.9699
226.000000 -1.9706
227.000000 -1.9712
228.000000 -1.9718
229.000000 -1.9724
230.000000 -1.9729
231.000000 -1.9735
232.000000 -1.974
233.000000 -1.9745
234.000000 -1.9751
235.000000 -1.9756
236.000000 -1.976
237.000000 -1.9765
238.000000 -1.977
239.000000 -1.9775
240.000000 -1.9779
241.000000 -1.9784
242.000000 -1.9788
243.000000 -1.9793
244.000000 -1.9797
245.000000 -1.9802
246.000000 -1.9806
247.000000 -1.981
248.000000 -1.9814
249.000000 -1.9819
250.000000 -1.9823
251.000000 -1.9827
252.000000 -1.9831
253.000000 -1.9835
254.000000 -1.9839
255.000000 -1.9843
256.000000 -1.9846
257.000000 -1.985
258.000000 -1.9854
259.000000 -1.9858
260.000000 -1.9861
261.000000 -1.9865
262.000000 -1.9869
263.000000 -1.9872
264.000000 -1.9876
265.000000 -1.9879
266.000000 -1.9882
267.000000 -1.9886
268.000000 -1.9889
269.000000 -1.9892
270.000000 -1.9895
271.000000 -1.9899
272.000000 -1.9902
273.000000 -1.9905
274.000000 -1.9908
275.000000 -1.991
276.000000 -1.9913
277.000000 -1.9916
278.000000 -1.9919
279.000000 -1.9922
280.000000 -1.9924
281.000000 -1.9927
282.000000 -1.9929
283.000000 -1.9932
284.000000 -1.9934
285.000000 -1.9937
286.000000 -1.9939
287.000000 -1.9941
288.000000 -1.9943
289.000000 -1.9946
290.000000 -1.9948
291.000000 -1.995
292.000000 -1.9952
293.000000 -1.9954
294.000000 -1.9956
295.000000 -1.9957
296.000000 -1.9959
297.000000 -1.9961
298.000000 -1.9963
299.000000 -1.9964
300.000000 -1.9966
301.000000 -1.9967
302.000000 -1.9969
303.000000 -1.997
304.000000 -1.9972
305.000000 -1.9973
306.000000 -1.9975
307.000000 -1.9976
308.000000 -1.9977
309.000000 -1.9978
310.000000 -1.998
311.000000 -1.9981
312.000000 -1.9982
313.000000 -1.9983
314.000000 -1.9984
315.000000 -1.9985
316.000000 -1.9986
317.000000 -1.9987
318.000000 -1.9988
319.000000 -1.9989
320.000000 -1.9989
321.000000 -1.999
322.000000 -1.9991
323.000000 -1.9992
324.000000 -1.9992
325.000000 -1.9993
326.000000 -1.9994
327.000000 -1.9994
328.000000 -1.9995
329.000000 -1.9995
330.000000 -1.9996
331.000000 -1.9996
332.000000 -1.9997
333.000000 -1.9997
334.000000 -1.9998
335.000000 -1.9998
336.000000 -1.9999
337.000000 -1.9999
338.000000 -1.9999
339.000000 -2
340.000000 -2
341.000000 -2
342.000000 -2.0001
343.000000 -2.0001
344.000000 -2.0001
345.000000 -2.0002
346.000000 -2.0002
347.000000 -2.0002
348.000000 -2.0002
349.000000 -2.0002
350.000000 -2.0003
351.000000 -2.0003
352.000000 -2.0003
353.000000 -2.0003
354.000000 -2.0003
355.000000 -2.0003
356.000000 -2.0003
357.000000 -2.0003
358.000000 -2.0004
359.000000 -2.0004
360.000000 -2.0004
361.000000 -2.0004
362.000000 -2.0004
363.000000 -2.0004
364.000000 -2.0004
365.000000 -2.0004
366.000000 -2.0004
367.000000 -2.0004
368.000000 -2.0004
369.000000 -2.0004
370.000000 -2.0004
371.000000 -2.0004
372.000000 -2.0004
373.000000 -2.0004
374.000000 -2.0004
375.000000 -2.0004
376.000000 -2.0004
377.000000 -2.0004
378.000000 -2.0004
379.000000 -2.0004
380.000000 -2.0004
381.000000 -2.0004
382.000000 -2.0004
383.000000 -2.0004
384.000000 -2.0004
385.000000 -2.0004
386.000000 -2.0004
387.000000 -2.0004
388.000000 -2.0004
389.000000 -2.0003
390.000000 -2.0003
391.000000 -2.0003
392.000000 -2.0003
393.000000 -2.0003
394.000000 -2.0003
395.000000 -2.0003
396.000000 -2.0003
397.000000 -2.0003
398.000000 -2.0003
399.000000 -2.0003
400.000000 -2.0003
401.000000 -2.0003
402.000000 -2.0003
403.000000 -2.0003
404.000000 -2.0003
405.000000 -2.0003
406.000000 -2.0003
407.000000 -2.0002
408.000000 -2.0002
409.000000 -2.0002
410.000000 -2.0002
411.000000 -2.0002
412.000000 -2.0002
413.000000 -2.0002
414.000000 -2.0002
415.000000 -2.0002
416.000000 -2.0002
417.000000 -2.0002
418.000000 -2.0002
419.000000 -2.0002
420.000000 -2.0002
421.000000 -2.0002
422.000000 -2.0002
423.000000 -2.0002
424.000000 -2.0002
425.000000 -2.0002
426.000000 -2.0001
427.000000 -2.0001
428.000000 -2.0001
429.000000 -2.0001
430.000000 -2.0001
431.000000 -2.0001
432.000000 -2.0001
433.000000 -2.0001
434.000000 -2.0001
435.000000 -2.0001
436.000000 -2.0001
437.000000 -2.0001
438.000000 -2.0001
439.000000 -2.0001
440.000000 -2.0001
441.000000 -2.0001
442.000000 -2.0001
443.000000 -2.0001
444.000000 -2.0001
445.000000 -2.0001
446.000000 -2.0001
447.000000 -2.0001
448.000000 -2.0001
449.000000 -2.0001
450.000000 -2.0001
451.000000 -2.0001
452.000000 -2.0001
453.000000 -2.0001
454.000000 -2.0001
455.000000 -2
456.000000 -2
457.000000 -2
458.000000 -2
459.000000 -2
460.000000 -2
461.000000 -2
462.000000 -2
463.000000 -2
464.000000 -2
465.000000 -2
466.000000 -2
467.000000 -2
468.000000 -2
469.000000 -2
470.000000 -2
471.000000 -2
472.000000 -2
473.000000 -2
474.000000 -2
475.000000 -2
476.000000 -2
477.000000 -2
478.000000 -2
479.000000 -2
480.000000 -2
481.000000 -2
482.000000 -2
483.000000 -2
484.000000 -2
485.000000 -2
486.000000 -2
487.000000 -2
488.000000 -2
489.000000 -2
490.000000 -2
491.000000 -2
492.000000 -2
493.000000 -2
494.000000 -2
495.000000 -2
496.000000 -2
497.000000 -2
498.000000 -2
499.000000 -2
500.000000 2.7039
501.000000 0.79197
502.000000 1.8657
503.000000 1.3559
504.000000 1.5978
505.000000 1.46
506.000000 1.5117
507.000000 1.4729
508.000000 1.4824
509.000000 1.471
510.000000 1.4721
511.000000 1.4687
512.000000 1.4687
513.000000 1.4679
514.000000 1.4681
515.000000 1.4682
516.000000 1.4686
517.000000 1.4691
518.000000 1.4697
519.000000 1.4702
520.000000 1.4708
521.000000 1.4714
522.000000 1.4721
523.000000 1.4726
524.000000 1.4732
525.000000 1.4738
526.000000 1.4743
527.000000 1.4749
528.000000 1.4754
529.000000 1.4759
530.000000 1.4764
531.000000 1.4769
532.000000 1.4773
533.000000 1.4778
534.000000 1.4782
535.000000 1.4787
536.000000 1.4791
537.000000 1.4795
538.000000 1.4799
539.000000 1.4804
540.000000 1.4808
541.000000 1.4812
542.000000 1.4815
543.000000 1.4819
544.000000 1.4823
545.000000 1.4827
546.000000 1.4831
547.000000 1.4834
548.000000 1.4838
549.000000 1.4842
550.000000 1.4845
551.000000 1.4849
552.000000 1.4852
553.000000 1.4856
554.000000 1.4859
555.000000 1.4863
556.000000 1.4866
557.000000 1.4869
558.000000 1.4873
559.000000 1.4876
560.000000 1.4879
561.000000 1.4882
562.000000 1.4885
563.000000 1.4888
564.000000 1.4891
565.000000 1.4894
566.000000 1.4897
567.000000 1.49
568.000000 1.4903
569.000000 1.4906
570.000000 1.4909
571.000000 1.4911
572.000000 1.4914
573.000000 1.4917
574.000000 1.4919
575.000000 1.4922
576.000000 1.4924
577.000000 1.4927
578.000000 1.4929
579.000000 1.4932
580.000000 1.4934
581.000000 1.4936
582.000000 1.4938
583.000000 1.494
584.000000 1.4943
585.000000 1.4945
586.000000 1.4947
587.000000 1.4949
588.000000 1.4951
589.000000 1.4952
590.000000 1.4954
591.000000 1.4956
592.000000 1.4958
593.000000 1.496
594.000000 1.4961
595.000000 1.4963
596.000000 1.4964
597.000000 1.4966
598.000000 1.4967
599.000000 1.4969
600.000000 1.497
601.000000 1.4972
602.000000 1.4973
603.000000 1.4974
604.000000 1.4975
605.000000 1.4977
606.000000 1.4978
607.000000 1.4979
608.000000 1.498
609.000000 1.4981
610.000000 1.4982
611.000000 1.4983
612.000000 1.4984
613.000000 1.4985
614.000000 1.4986
615.000000 1.4987
616.000000 1.4988
617.000000 1.4988
618.000000 1.4989
619.000000 1.499
620.000000 1.4991
621.000000 1.4991
622.000000 1.4992
623.000000 1.4993
624.000000 1.4993
625.000000 1.4994
626.000000 1.4994
627.000000 1.4995
628.000000 1.4995
629.000000 1.4996
630.000000 1.4996
631.000000 1.4997
632.000000 1.4997
633.000000 1.4998
634.000000 1.4998
635.000000 1.4998
636.000000 1.4999
637.000000 1.4999
638.000000 1.5
639.000000 1.5
640.000000 1.5
641.000000 1.5
642.000000 1.5001
643.000000 1.5001
644.000000 1.5001
645.000000 1.5001
646.000000 1.5002
647.000000 1.5002
648.000000 1.5002
649.000000 1.5002
650.000000 1.5002
651.000000 1.5002
652.000000 1.5002
653.000000 1.5003
654.000000 1.5003
655.000000 1.5003
656.000000 1.5003
657.000000 1.5003
658.000000 1.5003
659.000000 1.5003
660.000000 1.5003
661.000000 1.5003
662.000000 1.5003
663.000000 1.5003
664.000000 1.5003
665.000000 1.5003
666.000000 1.5003
667.000000 1.5003
668.000000 1.5004
669.000000 1.5004
670.000000 1.5004
671.000000 1.5004
672.000000 1.5004
673.000000 1.5004
674.000000 1.5004
675.000000 1.5004
676.000000 1.5003
677.000000 1.5003
678.000000 1.5003
679.000000 1.5003
680.000000 1.5003
681.000000 1.5003
682.000000 1.5003
683.000000 1.5003
684.000000 1.5003
685.000000 1.5003
686.000000 1.5003
687.000000 1.5003
688.000000 1.5003
689.000000 1.5003
690.000000 1.5003
691.000000 1.5003
692.000000 1.5003
693.000000 1.5003
694.000000 1.5003
695.000000 1.5003
696.000000 1.5003
697.000000 1.5003
698.000000 1.5003
699.000000 1.5003
700.000000 1.5003
701.000000 1.5002
702.000000 1.5002
703.000000 1.5002
704.000000 1.5002
705.000000 1.5002
706.000000 1.5002
707.000000 1.5002
708.000000 1.5002
709.000000 1.5002
710.000000 1.5002
711.000000 1.5002
712.000000 1.5002
713.000000 1.5002
714.000000 1.5002
715.000000 1.5002
716.000000 1.5002
717.000000 1.5002
718.000000 1.5002
719.000000 1.5002
720.000000 1.5002
721.000000 1.5001
722.000000 1.5001
723.000000 1.5001
724.000000 1.5001
725.000000 1.5001
726.000000 1.5001
727.000000 1.5001
728.000000 1.5001
729.000000 1.5001
730.000000 1.5001
731.000000 1.5001
732.000000 1.5001
733.000000 1.5001
734.000000 1.5001
735.000000 1.5001
736.000000 1.5001
737.000000 1.5001
738.000000 1.5001
739.000000 1.5001
740.000000 1.5001
741.000000 1.5001
742.000000 1.5001
743.000000 1.5001
744.000000 1.5001
745.000000 1.5001
746.000000 1.5001
747.000000 1.5001
748.000000 1.5001
749.000000 1.5001
750.000000 1.5001
751.000000 1.5001
752.000000 1.5
753.000000 1.5
754.000000 1.5
755.000000 1.5
756.000000 1.5
757.000000 1.5
758.000000 1.5
759.000000 1.5
760.000000 1.5
761.000000 1.5
762.000000 1.5
763.000000 1.5
764.000000 1.5
765.000000 1.5
766.000000 1.5
767.000000 1.5
768.000000 1.5
769.000000 1.5
770.000000 1.5
771.000000 1.5
772.000000 1.5
773.000000 1.5
774.000000 1.5
775.000000 1.5
776.000000 1.5
777.000000 1.5
778.000000 1.5
779.000000 1.5
780.000000 1.5
781.000000 1.5
782.000000 1.5
783.000000 1.5
784.000000 1.5
785.000000 1.5
786.000000 1.5
787.000000 1.5
788.000000 1.5
789.000000 1.5
790.000000 1.5
791.000000 1.5
792.000000 1.5
793.000000 1.5
794.000000 1.5
795.000000 1.5
796.000000 1.5
797.000000 1.5
798.000000 1.5
799.000000 1.5
800.000000 -0.51596
801.000000 0.30344
802.000000 -0.15671
803.000000 0.061756
804.000000 -0.041923
805.000000 0.01713
806.000000 -0.004999
807.000000 0.011611
808.000000 0.0075245
809.000000 0.012446
810.000000 0.011945
811.000000 0.01342
812.000000 0.013402
813.000000 0.013757
814.000000 0.01367
815.000000 0.013625
816.000000 0.013439
817.000000 0.013244
818.000000 0.013003
819.000000 0.012755
820.000000 0.012495
821.000000 0.012235
822.000000 0.011976
823.000000 0.011722
824.000000 0.011473
825.000000 0.01123
826.000000 0.010994
827.000000 0.010765
828.000000 0.010542
829.000000 0.010326
830.000000 0.010115
831.000000 0.0099096
832.000000 0.0097092
833.000000 0.0095135
834.000000 0.009322
835.000000 0.0091343
836.000000 0.0089502
837.000000 0.0087694
838.000000 0.0085915
839.000000 0.0084164
840.000000 0.0082439
841.000000 0.0080737
842.000000 0.0079057
843.000000 0.0077399
844.000000 0.007576
845.000000 0.0074139
846.000000 0.0072537
847.000000 0.0070952
848.000000 0.0069385
849.000000 0.0067834
850.000000 0.0066299
851.000000 0.006478
852.000000 0.0063278
853.000000 0.0061791
854.000000 0.0060321
855.000000 0.0058867
856.000000 0.005743
857.000000 0.0056008
858.000000 0.0054604
859.000000 0.0053216
860.000000 0.0051846
861.000000 0.0050493
862.000000 0.0049158
863.000000 0.004784
864.000000 0.004654
865.000000 0.0045259
866.000000 0.0043996
867.000000 0.0042752
868.000000 0.0041527
869.000000 0.0040321
870.000000 0.0039135
871.000000 0.0037967
872.000000 0.003682
873.000000 0.0035692
874.000000 0.0034584
875.000000 0.0033497
876.000000 0.0032429
877.000000 0.0031381
878.000000 0.0030354
879.000000 0.0029347
880.000000 0.002836
881.000000 0.0027393
882.000000 0.0026447
883.000000 0.002552
884.000000 0.0024614
885.000000 0.0023728
886.000000 0.0022862
887.000000 0.0022016
888.000000 0.002119
889.000000 0.0020383
890.000000 0.0019596
891.000000 0.0018828
892.000000 0.001808
893.000000 0.001735
894.000000 0.001664
895.000000 0.0015948
896.000000 0.0015274
897.000000 0.0014619
898.000000 0.0013982
899.000000 0.0013362
900.000000 0.001276
901.000000 0.0012176
902.000000 0.0011608
903.000000 0.0011057
904.000000 0.0010523
905.000000 0.0010005
906.000000 0.00095036
907.000000 0.00090175
908.000000 0.00085468
909.000000 0.00080913
910.000000 0.00076507
911.000000 0.00072248
912.000000 0.00068131
913.000000 0.00064155
914.000000 0.00060317
915.000000 0.00056613
916.000000 0.00053041
917.000000 0.00049598
918.000000 0.00046281
919.000000 0.00043087
920.000000 0.00040014
921.000000 0.00037058
922.000000 0.00034216
923.000000 0.00031486
924.000000 0.00028865
925.000000 0.00026351
926.000000 0.0002394
927.000000 0.00021629
928.000000 0.00019417
929.000000 0.000173
930.000000 0.00015276
931.000000 0.00013342
932.000000 0.00011495
933.000000 9.7337e-05
934.000000 8.0549e-05
935.000000 6.4562e-05
936.000000 4.9351e-05
937.000000 3.4894e-05
938.000000 2.1166e-05
939.000000 8.1447e-06
940.000000 -4.1928e-06
941.000000 -1.5869e-05
942.000000 -2.6904e-05
943.000000 -3.7322e-05
944.000000 -4.7141e-05
945.000000 -5.6384e-05
946.000000 -6.507e-05
947.000000 -7.3219e-05
948.000000 -8.0849e-05
949.000000 -8.7981e-05
950.000000 -9.4631e-05
951.000000 -0.00010082
952.000000 -0.00010656
953.000000 -0.00011188
954.000000 -0.00011678
955.000000 -0.00012129
956.000000 -0.00012542
957.000000 -0.00012918
958.000000 -0.0001326
959.000000 -0.00013568
960.000000 -0.00013845
961.000000 -0.00014091
962.000000 -0.00014307
963.000000 -0.00014496
964.000000 -0.00014658
965.000000 -0.00014794
966.000000 -0.00014907
967.000000 -0.00014996
968.000000 -0.00015064
969.000000 -0.00015111
970.000000 -0.00015137
971.000000 -0.00015146
972.000000 -0.00015136
973.000000 -0.0001511
974.000000 -0.00015068
975.000000 -0.00015011
976.000000 -0.0001494
977.000000 -0.00014855
978.000000 -0.00014758
979.000000 -0.0001465
980.000000 -0.0001453
981.000000 -0.00014401
982.000000 -0.00014262
983.000000 -0.00014114
984.000000 -0.00013958
985.000000 -0.00013794
986.000000 -0.00013623
987.000000 -0.00013446
988.000000 -0.00013264
989.000000 -0.00013075
990.000000 -0.00012882
991.000000 -0.00012685
992.000000 -0.00012484
993.000000 -0.00012279
994.000000 -0.00012071
995.000000 -0.00011861
996.000000 -0.00011648
997.000000 -0.00011433
998.000000 -0.00011217
999.000000 -0.00011
1000.000000 -0.00010782
1001.000000 -0.00010563
1002.000000 -0.00010344
1003.000000 -0.00010125
1004.000000 -9.9063e-05
1005.000000 -9.6879e-05
1006.000000 -9.4702e-05
1007.000000 -9.2534e-05
1008.000000 -9.0377e-05
1009.000000 -8.8232e-05
1010.000000 -8.6102e-05
1011.000000 -8.3989e-05
1012.000000 -8.1893e-05
1013.000000 -7.9817e-05
1014.000000 -7.7761e-05
1015.000000 -7.5727e-05
1016.000000 -7.3716e-05
1017.000000 -7.173e-05
1018.000000 -6.9768e-05
1019.000000 -6.7832e-05
1020.000000 -6.5924e-05
1021.000000 -6.4042e-05
1022.000000 -6.2189e-05
1023.000000 -6.0365e-05
1024.000000 -5.8571e-05
1025.000000 -5.6806e-05
1026.000000 -5.5071e-05
1027.000000 -5.3367e-05
1028.000000 -5.1694e-05
1029.000000 -5.0053e-05
1030.000000 -4.8442e-05
1031.000000 -4.6863e-05
1032.000000 -4.5316e-05
1033.000000 -4.3801e-05
1034.000000 -4.2317e-05
1035.000000 -4.0866e-05
1036.000000 -3.9446e-05
1037.000000 -3.8057e-05
1038.000000 -3.67e-05
1039.000000 -3.5375e-05
1040.000000 -3.408e-05
1041.000000 -3.2817e-05
1042.000000 -3.1585e-05
1043.000000 -3.0383e-05
1044.000000 -2.9211e-05
1045.000000 -2.8069e-05
1046.000000 -2.6958e-05
1047.000000 -2.5875e-05
1048.000000 -2.4821e-05
1049.000000 -2.3796e-05
1050.000000 -2.28e-05
1051.000000 -2.1831e-05
1052.000000 -2.089e-05
1053.000000 -1.9976e-05
1054.000000 -1.9088e-05
1055.000000 -1.8227e-05
1056.000000 -1.7392e-05
1057.000000 -1.6582e-05
1058.000000 -1.5797e-05
1059.000000 -1.5036e-05
1060.000000 -1.43e-05
1061.000000 -1.3587e-05
1062.000000 -1.2897e-05
1063.000000 -1.223e-05
1064.000000 -1.1585e-05
1065.000000 -1.0962e-05
1066.000000 -1.0361e-05
1067.000000 -9.7797e-06
1068.000000 -9.2191e-06
1069.000000 -8.6785e-06
1070.000000 -8.1574e-06
1071.000000 -7.6552e-06
1072.000000 -7.1716e-06
1073.000000 -6.7061e-06
1074.000000 -6.2583e-06
1075.000000 -5.8276e-06
1076.000000 -5.4138e-06
1077.000000 -5.0163e-06
1078.000000 -4.6347e-06
1079.000000 -4.2686e-06
1080.000000 -3.9175e-06
1081.000000 -3.5811e-06
1082.000000 -3.259e-06
1083.000000 -2.9507e-06
1084.000000 -2.6559e-06
1085.000000 -2.3741e-06
1086.000000 -2.1049e-06
1087.000000 -1.8481e-06
1088.000000 -1.6032e-06
1089.000000 -1.3699e-06
1090.000000 -1.1477e-06
1091.000000 -9.3639e-07
1092.000000 -7.3558e-07
1093.000000 -5.4492e-07
1094.000000 -3.6409e-07
1095.000000 -1.9275e-07
1096.000000 -3.0594e-08
1097.000000 1.227e-07
1098.000000 2.6743e-07
1099.000000 4.039e-07
