0.000000 0
1.000000 0
2.000000 0
3.000000 0
4.000000 0
5.000000 0
6.000000 0
7.000000 0
8.000000 0
9.000000 0
10.000000 2.9121
11.000000 1.695
12.000000 2.3426
13.000000 1.8298
14.000000 2.0566
15.000000 1.8963
16.000000 1.9903
17.000000 1.9439
18.000000 1.9824
19.000000 1.9702
20.000000 1.9867
21.000000 1.9852
22.000000 1.9934
23.000000 1.9952
24.000000 2.0001
25.000000 2.0026
26.000000 2.006
27.000000 2.0084
28.000000 2.011
29.000000 2.0131
30.000000 2.0152
31.000000 2.0169
32.000000 2.0186
33.000000 2.02
34.000000 2.0214
35.000000 2.0226
36.000000 2.0236
37.000000 2.0246
38.000000 2.0255
39.000000 2.0263
40.000000 2.027
41.000000 2.0276
42.000000 2.0281
43.000000 2.0286
44.000000 2.029
45.000000 2.0294
46.000000 2.0297
47.000000 2.03
48.000000 2.0302
49.000000 2.0304
50.000000 2.0306
51.000000 2.0307
52.000000 2.0308
53.000000 2.0309
54.000000 2.0309
55.000000 2.0309
56.000000 2.0309
57.000000 2.0309
58.000000 2.0309
59.000000 2.0308
60.000000 2.0307
61.000000 2.0306
62.000000 2.0305
63.000000 2.0304
64.000000 2.0302
65.000000 2.0301
66.000000 2.0299
67.000000 2.0298
68.000000 2.0296
69.000000 2.0294
70.000000 2.0292
71.000000 2.029
72.000000 2.0288
73.000000 2.0286
74.000000 2.0284
75.000000 2.0281
76.000000 2.0279
77.000000 2.0277
78.000000 2.0275
79.000000 2.0272
80.000000 2.027
81.000000 2.0268
82.000000 2.0265
83.000000 2.0263
84.000000 2.026
85.000000 2.0258
86.000000 2.0255
87.000000 2.0253
88.000000 2.025
89.000000 2.0248
90.000000 2.0245
91.000000 2.0243
92.000000 2.024
93.000000 2.0238
94.000000 2.0235
95.000000 2.0233
96.000000 2.023
97.000000 2.0228
98.000000 2.0225
99.000000 2.0223
100.000000 2.0221
101.000000 2.0218
102.000000 2.0216
103.000000 2.0213
104.000000 2.0211
105.000000 2.0209
106.000000 2.0206
107.000000 2.0204
108.000000 2.0202
109.000000 2.0199
110.000000 2.0197
111.000000 2.0195
112.000000 2.0192
113.000000 2.019
114.000000 2.0188
115.000000 2.0186
116.000000 2.0184
117.000000 2.0181
118.000000 2.0179
119.000000 2.0177
120.000000 2.0175
121.000000 2.0173
122.000000 2.0171
123.000000 2.0169
124.000000 2.0167
125.000000 2.0165
126.000000 2.0163
127.000000 2.0161
128.000000 2.0159
129.000000 2.0157
130.000000 2.0155
131.000000 2.0153
132.000000 2.0151
133.000000 2.0149
134.000000 2.0148
135.000000 2.0146
136.000000 2.0144
137.000000 2.0142
138.000000 2.0141
139.000000 2.0139
140.000000 2.0137
141.000000 2.0135
142.000000 2.0134
143.000000 2.0132
144.000000 2.013
145.000000 2.0129
146.000000 2.0127
147.000000 2.0126
148.000000 2.0124
149.000000 2.0123
150.000000 2.0121
151.000000 2.0119
152.000000 2.0118
153.000000 2.0116
154.000000 2.0115
155.000000 2.0114
156.000000 2.0112
157.000000 2.0111
158.000000 2.0109
159.000000 2.0108
160.000000 2.0107
161.000000 2.0105
162.000000 2.0104
163.000000 2.0103
164.000000 2.0101
165.000000 2.01
166.000000 2.0099
167.000000 2.0098
168.000000 2.0096
169.000000 2.0095
170.000000 2.0094
171.000000 2.0093
172.000000 2.0092
173.000000 2.009
174.000000 2.0089
175.000000 2.0088
176.000000 2.0087
177.000000 2.0086
178.000000 2.0085
179.000000 2.0084
180.000000 2.0083
181.000000 2.0082
182.000000 2.0081
183.000000 2.008
184.000000 2.0079
185.000000 2.0078
186.000000 2.0077
187.000000 2.0076
188.000000 2.0075
189.000000 2.0074
190.000000 2.0073
191.000000 2.0072
192.000000 2.0071
193.000000 2.007
194.000000 2.0069
195.000000 2.0068
196.000000 2.0067
197.000000 2.0067
198.000000 2.0066
199.000000 2.0065
200.000000 -3.8177
201.000000 -1.3837
202.000000 -2.679
203.000000 -1.6534
204.000000 -2.1071
205.000000 -1.7866
206.000000 -1.9746
207.000000 -1.8819
208.000000 -1.959
209.000000 -1.9346
210.000000 -1.9678
211.000000 -1.9648
212.000000 -1.9814
213.000000 -1.9849
214.000000 -1.9949
215.000000 -1.9999
216.000000 -2.0068
217.000000 -2.0117
218.000000 -2.0169
219.000000 -2.0212
220.000000 -2.0254
221.000000 -2.029
222.000000 -2.0323
223.000000 -2.0353
224.000000 -2.038
225.000000 -2.0405
226.000000 -2.0427
227.000000 -2.0447
228.000000 -2.0465
229.000000 -2.0481
230.000000 -2.0496
231.000000 -2.0509
232.000000 -2.052
233.000000 -2.053
234.000000 -2.0539
235.000000 -2.0547
236.000000 -2.0554
237.000000 -2.056
238.000000 -2.0566
239.000000 -2.057
240.000000 -2.0574
241.000000 -2.0577
242.000000 -2.0579
243.000000 -2.0581
244.000000 -2.0582
245.000000 -2.0583
246.000000 -2.0583
247.000000 -2.0583
248.000000 -2.0582
249.000000 -2.0582
250.000000 -2.058
251.000000 -2.0579
252.000000 -2.0577
253.000000 -2.0575
254.000000 -2.0573
255.000000 -2.057
256.000000 -2.0567
257.000000 -2.0564
258.000000 -2.0561
259.000000 -2.0558
260.000000 -2.0554
261.000000 -2.0551
262.000000 -2.0547
263.000000 -2.0543
264.000000 -2.0539
265.000000 -2.0535
266.000000 -2.0531
267.000000 -2.0527
268.000000 -2.0523
269.000000 -2.0518
270.000000 -2.0514
271.000000 -2.0509
272.000000 -2.0505
273.000000 -2.05
274.000000 -2.0496
275.000000 -2.0491
276.000000 -2.0486
277.000000 -2.0482
278.000000 -2.0477
279.000000 -2.0472
280.000000 -2.0468
281.000000 -2.0463
282.000000 -2.0458
283.000000 -2.0454
284.000000 -2.0449
285.000000 -2.0444
286.000000 -2.044
287.000000 -2.0435
288.000000 -2.043
289.000000 -2.0426
290.000000 -2.0421
291.000000 -2.0416
292.000000 -2.0412
293.000000 -2.0407
294.000000 -2.0403
295.000000 -2.0398
296.000000 -2.0394
297.000000 -2.0389
298.000000 -2.0385
299.000000 -2.0381
300.000000 -2.0376
301.000000 -2.0372
302.000000 -2.0368
303.000000 -2.0363
304.000000 -2.0359
305.000000 -2.0355
306.000000 -2.0351
307.000000 -2.0347
308.000000 -2.0343
309.000000 -2.0338
310.000000 -2.0334
311.000000 -2.0331
312.000000 -2.0327
313.000000 -2.0323
314.000000 -2.0319
315.000000 -2.0315
316.000000 -2.0311
317.000000 -2.0307
318.000000 -2.0304
319.000000 -2.03
320.000000 -2.0296
321.000000 -2.0293
322.000000 -2.0289
323.000000 -2.0286
324.000000 -2.0282
325.000000 -2.0279
326.000000 -2.0275
327.000000 -2.0272
328.000000 -2.0269
329.000000 -2.0265
330.000000 -2.0262
331.000000 -2.0259
332.000000 -2.0256
333.000000 -2.0252
334.000000 -2.0249
335.000000 -2.0246
336.000000 -2.0243
337.000000 -2.024
338.000000 -2.0237
339.000000 -2.0234
340.000000 -2.0231
341.000000 -2.0228
342.000000 -2.0226
343.000000 -2.0223
344.000000 -2.022
345.000000 -2.0217
346.000000 -2.0215
347.000000 -2.0212
348.000000 -2.0209
349.000000 -2.0207
350.000000 -2.0204
351.000000 -2.0201
352.000000 -2.0199
353.000000 -2.0196
354.000000 -2.0194
355.000000 -2.0191
356.000000 -2.0189
357.000000 -2.0187
358.000000 -2.0184
359.000000 -2.0182
360.000000 -2.018
361.000000 -2.0177
362.000000 -2.0175
363.000000 -2.0173
364.000000 -2.0171
365.000000 -2.0169
366.000000 -2.0167
367.000000 -2.0164
368.000000 -2.0162
369.000000 -2.016
370.000000 -2.0158
371.000000 -2.0156
372.000000 -2.0154
373.000000 -2.0152
374.000000 -2.015
375.000000 -2.0148
376.000000 -2.0147
377.000000 -2.0145
378.000000 -2.0143
379.000000 -2.0141
380.000000 -2.0139
381.000000 -2.0138
382.000000 -2.0136
383.000000 -2.0134
384.000000 -2.0132
385.000000 -2.0131
386.000000 -2.0129
387.000000 -2.0127
388.000000 -2.0126
389.000000 -2.0124
390.000000 -2.0123
391.000000 -2.0121
392.000000 -2.0119
393.000000 -2.0118
394.000000 -2.0116
395.000000 -2.0115
396.000000 -2.0114
397.000000 -2.0112
398.000000 -2.0111
399.000000 -2.0109
400.000000 -2.0108
401.000000 -2.0106
402.000000 -2.0105
403.000000 -2.0104
404.000000 -2.0102
405.000000 -2.0101
406.000000 -2.01
407.000000 -2.0099
408.000000 -2.0097
409.000000 -2.0096
410.000000 -2.0095
411.000000 -2.0094
412.000000 -2.0092
413.000000 -2.0091
414.000000 -2.009
415.000000 -2.0089
416.000000 -2.0088
417.000000 -2.0087
418.000000 -2.0086
419.000000 -2.0085
420.000000 -2.0083
421.000000 -2.0082
422.000000 -2.0081
423.000000 -2.008
424.000000 -2.0079
425.000000 -2.0078
426.000000 -2.0077
427.000000 -2.0076
428.000000 -2.0075
429.000000 -2.0074
430.000000 -2.0073
431.000000 -2.0072
432.000000 -2.0072
433.000000 -2.0071
434.000000 -2.007
435.000000 -2.0069
436.000000 -2.0068
437.000000 -2.0067
438.000000 -2.0066
439.000000 -2.0065
440.000000 -2.0065
441.000000 -2.0064
442.000000 -2.0063
443.000000 -2.0062
444.000000 -2.0061
445.000000 -2.0061
446.000000 -2.006
447.000000 -2.0059
448.000000 -2.0058
449.000000 -2.0057
450.000000 -2.0057
451.000000 -2.0056
452.000000 -2.0055
453.000000 -2.0055
454.000000 -2.0054
455.000000 -2.0053
456.000000 -2.0053
457.000000 -2.0052
458.000000 -2.0051
459.000000 -2.0051
460.000000 -2.005
461.000000 -2.0049
462.000000 -2.0049
463.000000 -2.0048
464.000000 -2.0047
465.000000 -2.0047
466.000000 -2.0046
467.000000 -2.0046
468.000000 -2.0045
469.000000 -2.0044
470.000000 -2.0044
471.000000 -2.0043
472.000000 -2.0043
473.000000 -2.0042
474.000000 -2.0042
475.000000 -2.0041
476.000000 -2.0041
477.000000 -2.004
478.000000 -2.004
479.000000 -2.0039
480.000000 -2.0039
481.000000 -2.0038
482.000000 -2.0038
483.000000 -2.0037
484.000000 -2.0037
485.000000 -2.0036
486.000000 -2.0036
487.000000 -2.0035
488.000000 -2.0035
489.000000 -2.0034
490.000000 -2.0034
491.000000 -2.0033
492.000000 -2.0033
493.000000 -2.0033
494.000000 -2.0032
495.000000 -2.0032
496.000000 -2.0031
497.000000 -2.0031
498.000000 -2.0031
499.000000 -2.003
500.000000 3.0931
501.000000 0.96334
502.000000 2.0967
503.000000 1.1993
504.000000 1.5962
505.000000 1.3158
506.000000 1.4802
507.000000 1.3991
508.000000 1.4665
509.000000 1.4451
510.000000 1.4741
511.000000 1.4715
512.000000 1.4859
513.000000 1.489
514.000000 1.4977
515.000000 1.5021
516.000000 1.5081
517.000000 1.5123
518.000000 1.5169
519.000000 1.5206
520.000000 1.5242
521.000000 1.5274
522.000000 1.5303
523.000000 1.5328
524.000000 1.5352
525.000000 1.5373
526.000000 1.5392
527.000000 1.541
528.000000 1.5425
529.000000 1.5439
530.000000 1.5452
531.000000 1.5463
532.000000 1.5472
533.000000 1.5481
534.000000 1.5489
535.000000 1.5496
536.000000 1.5502
537.000000 1.5507
538.000000 1.5511
539.000000 1.5515
540.000000 1.5518
541.000000 1.552
542.000000 1.5522
543.000000 1.5523
544.000000 1.5524
545.000000 1.5525
546.000000 1.5525
547.000000 1.5524
548.000000 1.5524
549.000000 1.5523
550.000000 1.5522
551.000000 1.552
552.000000 1.5518
553.000000 1.5516
554.000000 1.5514
555.000000 1.5512
556.000000 1.5509
557.000000 1.5506
558.000000 1.5503
559.000000 1.55
560.000000 1.5497
561.000000 1.5494
562.000000 1.549
563.000000 1.5487
564.000000 1.5483
565.000000 1.548
566.000000 1.5476
567.000000 1.5472
568.000000 1.5468
569.000000 1.5464
570.000000 1.546
571.000000 1.5456
572.000000 1.5452
573.000000 1.5448
574.000000 1.5444
575.000000 1.544
576.000000 1.5435
577.000000 1.5431
578.000000 1.5427
579.000000 1.5423
580.000000 1.5419
581.000000 1.5414
582.000000 1.541
583.000000 1.5406
584.000000 1.5402
585.000000 1.5398
586.000000 1.5393
587.000000 1.5389
588.000000 1.5385
589.000000 1.5381
590.000000 1.5377
591.000000 1.5373
592.000000 1.5368
593.000000 1.5364
594.000000 1.536
595.000000 1.5356
596.000000 1.5352
597.000000 1.5348
598.000000 1.5344
599.000000 1.534
600.000000 1.5336
601.000000 1.5333
602.000000 1.5329
603.000000 1.5325
604.000000 1.5321
605.000000 1.5317
606.000000 1.5314
607.000000 1.531
608.000000 1.5306
609.000000 1.5303
610.000000 1.5299
611.000000 1.5296
612.000000 1.5292
613.000000 1.5288
614.000000 1.5285
615.000000 1.5282
616.000000 1.5278
617.000000 1.5275
618.000000 1.5272
619.000000 1.5268
620.000000 1.5265
621.000000 1.5262
622.000000 1.5259
623.000000 1.5255
624.000000 1.5252
625.000000 1.5249
626.000000 1.5246
627.000000 1.5243
628.000000 1.524
629.000000 1.5237
630.000000 1.5234
631.000000 1.5231
632.000000 1.5229
633.000000 1.5226
634.000000 1.5223
635.000000 1.522
636.000000 1.5217
637.000000 1.5215
638.000000 1.5212
639.000000 1.5209
640.000000 1.5207
641.000000 1.5204
642.000000 1.5202
643.000000 1.5199
644.000000 1.5197
645.000000 1.5194
646.000000 1.5192
647.000000 1.5189
648.000000 1.5187
649.000000 1.5185
650.000000 1.5182
651.000000 1.518
652.000000 1.5178
653.000000 1.5176
654.000000 1.5173
655.000000 1.5171
656.000000 1.5169
657.000000 1.5167
658.000000 1.5165
659.000000 1.5163
660.000000 1.5161
661.000000 1.5159
662.000000 1.5157
663.000000 1.5155
664.000000 1.5153
665.000000 1.5151
666.000000 1.5149
667.000000 1.5147
668.000000 1.5145
669.000000 1.5143
670.000000 1.5141
671.000000 1.514
672.000000 1.5138
673.000000 1.5136
674.000000 1.5134
675.000000 1.5133
676.000000 1.5131
677.000000 1.5129
678.000000 1.5128
679.000000 1.5126
680.000000 1.5124
681.000000 1.5123
682.000000 1.5121
683.000000 1.512
684.000000 1.5118
685.000000 1.5117
686.000000 1.5115
687.000000 1.5114
688.000000 1.5112
689.000000 1.5111
690.000000 1.511
691.000000 1.5108
692.000000 1.5107
693.000000 1.5105
694.000000 1.5104
695.000000 1.5103
696.000000 1.5101
697.000000 1.51
698.000000 1.5099
699.000000 1.5098
700.000000 1.5096
701.000000 1.5095
702.000000 1.5094
703.000000 1.5093
704.000000 1.5092
705.000000 1.509
706.000000 1.5089
707.000000 1.5088
708.000000 1.5087
709.000000 1.5086
710.000000 1.5085
711.000000 1.5084
712.000000 1.5083
713.000000 1.5082
714.000000 1.5081
715.000000 1.5079
716.000000 1.5078
717.000000 1.5077
718.000000 1.5076
719.000000 1.5076
720.000000 1.5075
721.000000 1.5074
722.000000 1.5073
723.000000 1.5072
724.000000 1.5071
725.000000 1.507
726.000000 1.5069
727.000000 1.5068
728.000000 1.5067
729.000000 1.5066
730.000000 1.5066
731.000000 1.5065
732.000000 1.5064
733.000000 1.5063
734.000000 1.5062
735.000000 1.5061
736.000000 1.5061
737.000000 1.506
738.000000 1.5059
739.000000 1.5058
740.000000 1.5058
741.000000 1.5057
742.000000 1.5056
743.000000 1.5055
744.000000 1.5055
745.000000 1.5054
746.000000 1.5053
747.000000 1.5053
748.000000 1.5052
749.000000 1.5051
750.000000 1.5051
751.000000 1.505
752.000000 1.5049
753.000000 1.5049
754.000000 1.5048
755.000000 1.5048
756.000000 1.5047
757.000000 1.5046
758.000000 1.5046
759.000000 1.5045
760.000000 1.5045
761.000000 1.5044
762.000000 1.5043
763.000000 1.5043
764.000000 1.5042
765.000000 1.5042
766.000000 1.5041
767.000000 1.5041
768.000000 1.504
769.000000 1.504
770.000000 1.5039
771.000000 1.5039
772.000000 1.5038
773.000000 1.5038
774.000000 1.5037
775.000000 1.5037
776.000000 1.5036
777.000000 1.5036
778.000000 1.5035
779.000000 1.5035
780.000000 1.5034
781.000000 1.5034
782.000000 1.5034
783.000000 1.5033
784.000000 1.5033
785.000000 1.5032
786.000000 1.5032
787.000000 1.5032
788.000000 1.5031
789.000000 1.5031
790.000000 1.503
791.000000 1.503
792.000000 1.503
793.000000 1.5029
794.000000 1.5029
795.000000 1.5028
796.000000 1.5028
797.000000 1.5028
798.000000 1.5027
799.000000 1.5027
800.000000 -0.68138
801.000000 0.23137
802.000000 -0.25438
803.000000 0.13021
804.000000 -0.039899
805.000000 0.080255
806.000000 0.0097498
807.000000 0.044529
808.000000 0.015628
809.000000 0.024755
810.000000 0.012317
811.000000 0.013423
812.000000 0.0072105
813.000000 0.0058767
814.000000 0.0021445
815.000000 0.00025271
816.000000 -0.002343
817.000000 -0.0041772
818.000000 -0.0061468
819.000000 -0.0077513
820.000000 -0.0093124
821.000000 -0.010664
822.000000 -0.011925
823.000000 -0.013045
824.000000 -0.014071
825.000000 -0.014991
826.000000 -0.015826
827.000000 -0.016576
828.000000 -0.017254
829.000000 -0.017862
830.000000 -0.018407
831.000000 -0.018895
832.000000 -0.019331
833.000000 -0.019717
834.000000 -0.02006
835.000000 -0.020361
836.000000 -0.020624
837.000000 -0.020853
838.000000 -0.021049
839.000000 -0.021216
840.000000 -0.021355
841.000000 -0.021469
842.000000 -0.02156
843.000000 -0.021629
844.000000 -0.021677
845.000000 -0.021708
846.000000 -0.021721
847.000000 -0.021718
848.000000 -0.021701
849.000000 -0.021669
850.000000 -0.021625
851.000000 -0.02157
852.000000 -0.021503
853.000000 -0.021427
854.000000 -0.021341
855.000000 -0.021247
856.000000 -0.021145
857.000000 -0.021035
858.000000 -0.020919
859.000000 -0.020796
860.000000 -0.020668
861.000000 -0.020534
862.000000 -0.020396
863.000000 -0.020253
864.000000 -0.020106
865.000000 -0.019956
866.000000 -0.019802
867.000000 -0.019645
868.000000 -0.019486
869.000000 -0.019324
870.000000 -0.01916
871.000000 -0.018994
872.000000 -0.018826
873.000000 -0.018657
874.000000 -0.018486
875.000000 -0.018314
876.000000 -0.018142
877.000000 -0.017968
878.000000 -0.017794
879.000000 -0.01762
880.000000 -0.017445
881.000000 -0.01727
882.000000 -0.017095
883.000000 -0.01692
884.000000 -0.016745
885.000000 -0.016571
886.000000 -0.016397
887.000000 -0.016223
888.000000 -0.01605
889.000000 -0.015877
890.000000 -0.015705
891.000000 -0.015534
892.000000 -0.015363
893.000000 -0.015194
894.000000 -0.015025
895.000000 -0.014857
896.000000 -0.014691
897.000000 -0.014525
898.000000 -0.01436
899.000000 -0.014197
900.000000 -0.014035
901.000000 -0.013873
902.000000 -0.013714
903.000000 -0.013555
904.000000 -0.013397
905.000000 -0.013241
906.000000 -0.013086
907.000000 -0.012933
908.000000 -0.01278
909.000000 -0.012629
910.000000 -0.01248
911.000000 -0.012332
912.000000 -0.012185
913.000000 -0.012039
914.000000 -0.011895
915.000000 -0.011753
916.000000 -0.011611
917.000000 -0.011471
918.000000 -0.011333
919.000000 -0.011196
920.000000 -0.01106
921.000000 -0.010926
922.000000 -0.010793
923.000000 -0.010661
924.000000 -0.010531
925.000000 -0.010402
926.000000 -0.010275
927.000000 -0.010149
928.000000 -0.010024
929.000000 -0.0099011
930.000000 -0.0097792
931.000000 -0.0096586
932.000000 -0.0095393
933.000000 -0.0094214
934.000000 -0.0093048
935.000000 -0.0091896
936.000000 -0.0090756
937.000000 -0.0089629
938.000000 -0.0088515
939.000000 -0.0087414
940.000000 -0.0086326
941.000000 -0.008525
942.000000 -0.0084187
943.000000 -0.0083136
944.000000 -0.0082098
945.000000 -0.0081071
946.000000 -0.0080057
947.000000 -0.0079055
948.000000 -0.0078064
949.000000 -0.0077086
950.000000 -0.0076119
951.000000 -0.0075163
952.000000 -0.0074219
953.000000 -0.0073287
954.000000 -0.0072365
955.000000 -0.0071455
956.000000 -0.0070555
957.000000 -0.0069667
958.000000 -0.0068789
959.000000 -0.0067922
960.000000 -0.0067065
961.000000 -0.0066219
962.000000 -0.0065383
963.000000 -0.0064557
964.000000 -0.0063742
965.000000 -0.0062936
966.000000 -0.0062141
967.000000 -0.0061355
968.000000 -0.0060579
969.000000 -0.0059812
970.000000 -0.0059055
971.000000 -0.0058307
972.000000 -0.0057568
973.000000 -0.0056839
974.000000 -0.0056119
975.000000 -0.0055407
976.000000 -0.0054704
977.000000 -0.0054011
978.000000 -0.0053325
979.000000 -0.0052649
980.000000 -0.005198
981.000000 -0.005132
982.000000 -0.0050669
983.000000 -0.0050025
984.000000 -0.004939
985.000000 -0.0048762
986.000000 -0.0048142
987.000000 -0.004753
988.000000 -0.0046926
989.000000 -0.0046329
990.000000 -0.004574
991.000000 -0.0045158
992.000000 -0.0044584
993.000000 -0.0044017
994.000000 -0.0043457
995.000000 -0.0042904
996.000000 -0.0042357
997.000000 -0.0041818
998.000000 -0.0041286
999.000000 -0.004076
1000.000000 -0.0040241
1001.000000 -0.0039729
1002.000000 -0.0039222
1003.000000 -0.0038723
1004.000000 -0.0038229
1005.000000 -0.0037742
1006.000000 -0.0037261
1007.000000 -0.0036787
1008.000000 -0.0036318
1009.000000 -0.0035855
1010.000000 -0.0035398
1011.000000 -0.0034946
1012.000000 -0.0034501
1013.000000 -0.0034061
1014.000000 -0.0033627
1015.000000 -0.0033198
1016.000000 -0.0032775
1017.000000 -0.0032357
1018.000000 -0.0031944
1019.000000 -0.0031536
1020.000000 -0.0031134
1021.000000 -0.0030737
1022.000000 -0.0030345
1023.000000 -0.0029958
1024.000000 -0.0029575
1025.000000 -0.0029198
1026.000000 -0.0028825
1027.000000 -0.0028458
1028.000000 -0.0028094
1029.000000 -0.0027736
1030.000000 -0.0027382
1031.000000 -0.0027032
1032.000000 -0.0026687
1033.000000 -0.0026347
1034.000000 -0.002601
1035.000000 -0.0025678
1036.000000 -0.002535
1037.000000 -0.0025027
1038.000000 -0.0024707
1039.000000 -0.0024392
1040.000000 -0.002408
1041.000000 -0.0023773
1042.000000 -0.0023469
1043.000000 -0.002317
1044.000000 -0.0022874
1045.000000 -0.0022582
1046.000000 -0.0022293
1047.000000 -0.0022009
1048.000000 -0.0021728
1049.000000 -0.002145
1050.000000 -0.0021176
1051.000000 -0.0020906
1052.000000 -0.0020639
1053.000000 -0.0020375
1054.000000 -0.0020115
1055.000000 -0.0019858
1056.000000 -0.0019604
1057.000000 -0.0019354
1058.000000 -0.0019107
1059.000000 -0.0018863
1060.000000 -0.0018622
1061.000000 -0.0018384
1062.000000 -0.0018149
1063.000000 -0.0017917
1064.000000 -0.0017688
1065.000000 -0.0017462
1066.000000 -0.0017239
1067.000000 -0.0017019
1068.000000 -0.0016802
1069.000000 -0.0016587
1070.000000 -0.0016375
1071.000000 -0.0016166
1072.000000 -0.0015959
1073.000000 -0.0015755
1074.000000 -0.0015554
1075.000000 -0.0015355
1076.000000 -0.0015159
1077.000000 -0.0014966
1078.000000 -0.0014774
1079.000000 -0.0014586
1080.000000 -0.0014399
1081.000000 -0.0014215
1082.000000 -0.0014034
1083.000000 -0.0013854
1084.000000 -0.0013677
1085.000000 -0.0013503
1086.000000 -0.001333
1087.000000 -0.001316
1088.000000 -0.0012992
1089.000000 -0.0012826
1090.000000 -0.0012662
1091.000000 -0.00125
1092.000000 -0.001234
1093.000000 -0.0012182
1094.000000 -0.0012027
1095.000000 -0.0011873
1096.000000 -0.0011721
1097.000000 -0.0011572
1098.000000 -0.0011424
1099.000000 -0.0011278
