0.000000 0
1.000000 0
2.000000 0
3.000000 0
4.000000 0
5.000000 0
6.000000 0
7.000000 0
8.000000 0
9.000000 10.55
10.000000 -3.9843
11.000000 3.6797
12.000000 0.01703
13.000000 1.7831
14.000000 0.83846
15.000000 1.2197
16.000000 0.95367
17.000000 1.0137
18.000000 0.92163
19.000000 0.91194
20.000000 0.86854
21.000000 0.84776
22.000000 0.82124
23.000000 0.80233
24.000000 0.78396
25.000000 0.76918
26.000000 0.75613
27.000000 0.74539
28.000000 0.73637
29.000000 0.72911
30.000000 0.72334
31.000000 0.71898
32.000000 0.71586
33.000000 0.71386
34.000000 0.71288
35.000000 0.71279
36.000000 0.71348
37.000000 0.71487
38.000000 0.71685
39.000000 0.71934
40.000000 0.72225
41.000000 0.72552
42.000000 0.72906
43.000000 0.7328
44.000000 0.7367
45.000000 0.74069
46.000000 0.74472
47.000000 0.74875
48.000000 0.75274
49.000000 0.75664
50.000000 0.76044
51.000000 0.76409
52.000000 0.76759
53.000000 0.7709
54.000000 0.77402
55.000000 0.77694
56.000000 0.77964
57.000000 0.78212
58.000000 0.78437
59.000000 0.78641
60.000000 0.78822
61.000000 0.78982
62.000000 0.79121
63.000000 0.79239
64.000000 0.79338
65.000000 0.79419
66.000000 0.79482
67.000000 0.79529
68.000000 0.79561
69.000000 0.79579
70.000000 0.79584
71.000000 0.79578
72.000000 0.79561
73.000000 0.79536
74.000000 0.79502
75.000000 0.79462
76.000000 0.79416
77.000000 0.79365
78.000000 0.7931
79.000000 0.79253
80.000000 0.79194
81.000000 0.79134
82.000000 0.79073
83.000000 0.79012
84.000000 0.78952
85.000000 0.78893
86.000000 0.78836
87.000000 0.78782
88.000000 0.78729
89.000000 0.78679
90.000000 0.78633
91.000000 0.78589
92.000000 0.78548
93.000000 0.78511
94.000000 0.78477
95.000000 0.78446
96.000000 0.78419
97.000000 0.78395
98.000000 0.78374
99.000000 0.78356
100.000000 0.78341
101.000000 0.78328
102.000000 0.78319
103.000000 0.78311
104.000000 0.78306
105.000000 0.78303
106.000000 0.78302
107.000000 0.78303
108.000000 0.78305
109.000000 0.78308
110.000000 0.78313
111.000000 0.78319
112.000000 0.78325
113.000000 0.78332
114.000000 0.7834
115.000000 0.78348
116.000000 0.78357
117.000000 0.78366
118.000000 0.78374
119.000000 0.78383
120.000000 0.78392
121.000000 0.784
122.000000 0.78409
123.000000 0.78416
124.000000 0.78424
125.000000 0.78431
126.000000 0.78438
127.000000 0.78444
128.000000 0.7845
129.000000 0.78455
130.000000 0.7846
131.000000 0.78464
132.000000 0.78468
133.000000 0.78472
134.000000 0.78475
135.000000 0.78477
136.000000 0.78479
137.000000 0.78481
138.000000 0.78482
139.000000 0.78483
140.000000 0.78484
141.000000 0.78484
142.000000 0.78484
143.000000 0.78484
144.000000 0.78483
145.000000 0.78483
146.000000 0.78482
147.000000 0.78481
148.000000 0.7848
149.000000 0.78479
150.000000 0.78477
151.000000 0.78476
152.000000 0.78475
153.000000 0.78473
154.000000 0.78472
155.000000 0.7847
156.000000 0.78469
157.000000 0.78468
158.000000 0.78466
159.000000 0.78465
160.000000 0.78464
161.000000 0.78463
162.000000 0.78462
163.000000 0.78461
164.000000 0.7846
165.000000 0.78459
166.000000 0.78458
167.000000 0.78457
168.000000 0.78457
169.000000 0.78456
170.000000 0.78456
171.000000 0.78455
172.000000 0.78455
173.000000 0.78455
174.000000 0.78454
175.000000 0.78454
176.000000 0.78454
177.000000 0.78454
178.000000 0.78454
179.000000 0.78454
180.000000 0.78454
181.000000 0.78454
182.000000 0.78454
183.000000 0.78454
184.000000 0.78454
185.000000 0.78454
186.000000 0.78455
187.000000 0.78455
188.000000 0.78455
189.000000 0.78455
190.000000 0.78455
191.000000 0.78455
192.000000 0.78456
193.000000 0.78456
194.000000 0.78456
195.000000 0.78456
196.000000 0.78456
197.000000 0.78456
198.000000 0.78457
199.000000 -20.316
200.000000 8.7532
201.000000 -6.5749
202.000000 0.75051
203.000000 -2.7817
204.000000 -0.89234
205.000000 -1.6548
206.000000 -1.1228
207.000000 -1.2429
208.000000 -1.0587
209.000000 -1.0393
210.000000 -0.95251
211.000000 -0.91095
212.000000 -0.8579
213.000000 -0.82008
214.000000 -0.78335
215.000000 -0.75379
216.000000 -0.72768
217.000000 -0.7062
218.000000 -0.68817
219.000000 -0.67364
220.000000 -0.66211
221.000000 -0.65338
222.000000 -0.64714
223.000000 -0.64316
224.000000 -0.64118
225.000000 -0.641
226.000000 -0.64239
227.000000 -0.64516
228.000000 -0.64913
229.000000 -0.65411
230.000000 -0.65994
231.000000 -0.66646
232.000000 -0.67354
233.000000 -0.68104
234.000000 -0.68883
235.000000 -0.69682
236.000000 -0.70488
237.000000 -0.71294
238.000000 -0.72091
239.000000 -0.72872
240.000000 -0.73631
241.000000 -0.74362
242.000000 -0.75061
243.000000 -0.75724
244.000000 -0.76348
245.000000 -0.76931
246.000000 -0.77471
247.000000 -0.77966
248.000000 -0.78418
249.000000 -0.78825
250.000000 -0.79188
251.000000 -0.79507
252.000000 -0.79785
253.000000 -0.80022
254.000000 -0.8022
255.000000 -0.80381
256.000000 -0.80508
257.000000 -0.80602
258.000000 -0.80665
259.000000 -0.80701
260.000000 -0.80711
261.000000 -0.80699
262.000000 -0.80666
263.000000 -0.80614
264.000000 -0.80547
265.000000 -0.80467
266.000000 -0.80375
267.000000 -0.80273
268.000000 -0.80164
269.000000 -0.8005
270.000000 -0.79931
271.000000 -0.7981
272.000000 -0.79689
273.000000 -0.79567
274.000000 -0.79447
275.000000 -0.7933
276.000000 -0.79216
277.000000 -0.79106
278.000000 -0.79001
279.000000 -0.78902
280.000000 -0.78808
281.000000 -0.78721
282.000000 -0.7864
283.000000 -0.78565
284.000000 -0.78497
285.000000 -0.78436
286.000000 -0.78381
287.000000 -0.78333
288.000000 -0.78291
289.000000 -0.78255
290.000000 -0.78225
291.000000 -0.782
292.000000 -0.78181
293.000000 -0.78166
294.000000 -0.78156
295.000000 -0.7815
296.000000 -0.78148
297.000000 -0.78149
298.000000 -0.78153
299.000000 -0.7816
300.000000 -0.78169
301.000000 -0.78181
302.000000 -0.78194
303.000000 -0.78208
304.000000 -0.78224
305.000000 -0.7824
306.000000 -0.78257
307.000000 -0.78275
308.000000 -0.78292
309.000000 -0.7831
310.000000 -0.78327
311.000000 -0.78344
312.000000 -0.7836
313.000000 -0.78376
314.000000 -0.78391
315.000000 -0.78405
316.000000 -0.78419
317.000000 -0.78431
318.000000 -0.78443
319.000000 -0.78454
320.000000 -0.78463
321.000000 -0.78472
322.000000 -0.7848
323.000000 -0.78487
324.000000 -0.78493
325.000000 -0.78497
326.000000 -0.78502
327.000000 -0.78505
328.000000 -0.78508
329.000000 -0.78509
330.000000 -0.78511
331.000000 -0.78511
332.000000 -0.78511
333.000000 -0.78511
334.000000 -0.7851
335.000000 -0.78509
336.000000 -0.78507
337.000000 -0.78505
338.000000 -0.78503
339.000000 -0.785
340.000000 -0.78498
341.000000 -0.78495
342.000000 -0.78492
343.000000 -0.7849
344.000000 -0.78487
345.000000 -0.78484
346.000000 -0.78481
347.000000 -0.78479
348.000000 -0.78476
349.000000 -0.78473
350.000000 -0.78471
351.000000 -0.78469
352.000000 -0.78467
353.000000 -0.78465
354.000000 -0.78463
355.000000 -0.78461
356.000000 -0.78459
357.000000 -0.78458
358.000000 -0.78457
359.000000 -0.78456
360.000000 -0.78455
361.000000 -0.78454
362.000000 -0.78453
363.000000 -0.78452
364.000000 -0.78452
365.000000 -0.78452
366.000000 -0.78451
367.000000 -0.78451
368.000000 -0.78451
369.000000 -0.78451
370.000000 -0.78451
371.000000 -0.78451
372.000000 -0.78451
373.000000 -0.78452
374.000000 -0.78452
375.000000 -0.78452
376.000000 -0.78452
377.000000 -0.78453
378.000000 -0.78453
379.000000 -0.78453
380.000000 -0.78454
381.000000 -0.78454
382.000000 -0.78455
383.000000 -0.78455
384.000000 -0.78455
385.000000 -0.78456
386.000000 -0.78456
387.000000 -0.78456
388.000000 -0.78456
389.000000 -0.78457
390.000000 -0.78457
391.000000 -0.78457
392.000000 -0.78457
393.000000 -0.78458
394.000000 -0.78458
395.000000 -0.78458
396.000000 -0.78458
397.000000 -0.78458
398.000000 -0.78458
399.000000 -0.78458
400.000000 -0.78458
401.000000 -0.78458
402.000000 -0.78458
403.000000 -0.78458
404.000000 -0.78458
405.000000 -0.78458
406.000000 -0.78458
407.000000 -0.78458
408.000000 -0.78458
409.000000 -0.78458
410.000000 -0.78458
411.000000 -0.78458
412.000000 -0.78458
413.000000 -0.78458
414.000000 -0.78458
415.000000 -0.78458
416.000000 -0.78458
417.000000 -0.78458
418.000000 -0.78457
419.000000 -0.78457
420.000000 -0.78457
421.000000 -0.78457
422.000000 -0.78457
423.000000 -0.78457
424.000000 -0.78457
425.000000 -0.78457
426.000000 -0.78457
427.000000 -0.78457
428.000000 -0.78457
429.000000 -0.78457
430.000000 -0.78457
431.000000 -0.78457
432.000000 -0.78457
433.000000 -0.78457
434.000000 -0.78457
435.000000 -0.78457
436.000000 -0.78457
437.000000 -0.78457
438.000000 -0.78457
439.000000 -0.78457
440.000000 -0.78457
441.000000 -0.78457
442.000000 -0.78457
443.000000 -0.78457
444.000000 -0.78457
445.000000 -0.78457
446.000000 -0.78457
447.000000 -0.78457
448.000000 -0.78457
449.000000 -0.78457
450.000000 -0.78457
451.000000 -0.78457
452.000000 -0.78457
453.000000 -0.78457
454.000000 -0.78457
455.000000 -0.78457
456.000000 -0.78457
457.000000 -0.78457
458.000000 -0.78457
459.000000 -0.78457
460.000000 -0.78457
461.000000 -0.78457
462.000000 -0.78457
463.000000 -0.78457
464.000000 -0.78457
465.000000 -0.78457
466.000000 -0.78457
467.000000 -0.78457
468.000000 -0.78457
469.000000 -0.78457
470.000000 -0.78457
471.000000 -0.78457
472.000000 -0.78457
473.000000 -0.78457
474.000000 -0.78457
475.000000 -0.78457
476.000000 -0.78457
477.000000 -0.78457
478.000000 -0.78457
479.000000 -0.78457
480.000000 -0.78457
481.000000 -0.78457
482.000000 -0.78457
483.000000 -0.78457
484.000000 -0.78457
485.000000 -0.78457
486.000000 -0.78457
487.000000 -0.78457
488.000000 -0.78457
489.000000 -0.78457
490.000000 -0.78457
491.000000 -0.78457
492.000000 -0.78457
493.000000 -0.78457
494.000000 -0.78457
495.000000 -0.78457
496.000000 -0.78457
497.000000 -0.78457
498.000000 -0.78457
499.000000 17.678
500.000000 -7.7572
501.000000 5.6549
502.000000 -0.75477
503.000000 2.3359
504.000000 0.68273
505.000000 1.3499
506.000000 0.88435
507.000000 0.98944
508.000000 0.82828
509.000000 0.81132
510.000000 0.73538
511.000000 0.69902
512.000000 0.6526
513.000000 0.6195
514.000000 0.58736
515.000000 0.56151
516.000000 0.53866
517.000000 0.51986
518.000000 0.50408
519.000000 0.49137
520.000000 0.48128
521.000000 0.47364
522.000000 0.46818
523.000000 0.4647
524.000000 0.46297
525.000000 0.46281
526.000000 0.46403
527.000000 0.46645
528.000000 0.46992
529.000000 0.47428
530.000000 0.47938
531.000000 0.48509
532.000000 0.49128
533.000000 0.49784
534.000000 0.50466
535.000000 0.51164
536.000000 0.5187
537.000000 0.52575
538.000000 0.53273
539.000000 0.53956
540.000000 0.5462
541.000000 0.5526
542.000000 0.55871
543.000000 0.56451
544.000000 0.56997
545.000000 0.57507
546.000000 0.5798
547.000000 0.58414
548.000000 0.58809
549.000000 0.59165
550.000000 0.59482
551.000000 0.59762
552.000000 0.60005
553.000000 0.60212
554.000000 0.60385
555.000000 0.60527
556.000000 0.60637
557.000000 0.60719
558.000000 0.60775
559.000000 0.60806
560.000000 0.60815
561.000000 0.60804
562.000000 0.60775
563.000000 0.6073
564.000000 0.60672
565.000000 0.60601
566.000000 0.60521
567.000000 0.60432
568.000000 0.60337
569.000000 0.60236
570.000000 0.60133
571.000000 0.60027
572.000000 0.5992
573.000000 0.59814
574.000000 0.59709
575.000000 0.59607
576.000000 0.59507
577.000000 0.59411
578.000000 0.59319
579.000000 0.59232
580.000000 0.5915
581.000000 0.59074
582.000000 0.59003
583.000000 0.58937
584.000000 0.58878
585.000000 0.58824
586.000000 0.58776
587.000000 0.58734
588.000000 0.58697
589.000000 0.58666
590.000000 0.5864
591.000000 0.58618
592.000000 0.58601
593.000000 0.58588
594.000000 0.58579
595.000000 0.58574
596.000000 0.58572
597.000000 0.58573
598.000000 0.58577
599.000000 0.58583
600.000000 0.58591
601.000000 0.58601
602.000000 0.58612
603.000000 0.58625
604.000000 0.58639
605.000000 0.58653
606.000000 0.58668
607.000000 0.58683
608.000000 0.58698
609.000000 0.58714
610.000000 0.58729
611.000000 0.58744
612.000000 0.58758
613.000000 0.58772
614.000000 0.58785
615.000000 0.58798
616.000000 0.58809
617.000000 0.5882
618.000000 0.58831
619.000000 0.5884
620.000000 0.58848
621.000000 0.58856
622.000000 0.58863
623.000000 0.58869
624.000000 0.58874
625.000000 0.58878
626.000000 0.58882
627.000000 0.58885
628.000000 0.58887
629.000000 0.58889
630.000000 0.5889
631.000000 0.5889
632.000000 0.5889
633.000000 0.5889
634.000000 0.58889
635.000000 0.58888
636.000000 0.58886
637.000000 0.58885
638.000000 0.58883
639.000000 0.58881
640.000000 0.58878
641.000000 0.58876
642.000000 0.58874
643.000000 0.58871
644.000000 0.58869
645.000000 0.58866
646.000000 0.58864
647.000000 0.58862
648.000000 0.58859
649.000000 0.58857
650.000000 0.58855
651.000000 0.58853
652.000000 0.58851
653.000000 0.58849
654.000000 0.58848
655.000000 0.58846
656.000000 0.58845
657.000000 0.58844
658.000000 0.58843
659.000000 0.58842
660.000000 0.58841
661.000000 0.5884
662.000000 0.58839
663.000000 0.58839
664.000000 0.58838
665.000000 0.58838
666.000000 0.58838
667.000000 0.58838
668.000000 0.58838
669.000000 0.58838
670.000000 0.58838
671.000000 0.58838
672.000000 0.58838
673.000000 0.58838
674.000000 0.58838
675.000000 0.58838
676.000000 0.58839
677.000000 0.58839
678.000000 0.58839
679.000000 0.5884
680.000000 0.5884
681.000000 0.5884
682.000000 0.58841
683.000000 0.58841
684.000000 0.58841
685.000000 0.58841
686.000000 0.58842
687.000000 0.58842
688.000000 0.58842
689.000000 0.58842
690.000000 0.58843
691.000000 0.58843
692.000000 0.58843
693.000000 0.58843
694.000000 0.58843
695.000000 0.58843
696.000000 0.58844
697.000000 0.58844
698.000000 0.58844
699.000000 0.58844
700.000000 0.58844
701.000000 0.58844
702.000000 0.58844
703.000000 0.58844
704.000000 0.58844
705.000000 0.58844
706.000000 0.58844
707.000000 0.58844
708.000000 0.58844
709.000000 0.58844
710.000000 0.58844
711.000000 0.58844
712.000000 0.58844
713.000000 0.58843
714.000000 0.58843
715.000000 0.58843
716.000000 0.58843
717.000000 0.58843
718.000000 0.58843
719.000000 0.58843
720.000000 0.58843
721.000000 0.58843
722.000000 0.58843
723.000000 0.58843
724.000000 0.58843
725.000000 0.58843
726.000000 0.58843
727.000000 0.58843
728.000000 0.58843
729.000000 0.58843
730.000000 0.58843
731.000000 0.58843
732.000000 0.58843
733.000000 0.58843
734.000000 0.58843
735.000000 0.58843
736.000000 0.58843
737.000000 0.58843
738.000000 0.58843
739.000000 0.58843
740.000000 0.58843
741.000000 0.58843
742.000000 0.58843
743.000000 0.58843
744.000000 0.58843
745.000000 0.58843
746.000000 0.58843
747.000000 0.58843
748.000000 0.58843
749.000000 0.58843
750.000000 0.58843
751.000000 0.58843
752.000000 0.58843
753.000000 0.58843
754.000000 0.58843
755.000000 0.58843
756.000000 0.58843
757.000000 0.58843
758.000000 0.58843
759.000000 0.58843
760.000000 0.58843
761.000000 0.58843
762.000000 0.58843
763.000000 0.58843
764.000000 0.58843
765.000000 0.58843
766.000000 0.58843
767.000000 0.58843
768.000000 0.58843
769.000000 0.58843
770.000000 0.58843
771.000000 0.58843
772.000000 0.58843
773.000000 0.58843
774.000000 0.58843
775.000000 0.58843
776.000000 0.58843
777.000000 0.58843
778.000000 0.58843
779.000000 0.58843
780.000000 0.58843
781.000000 0.58843
782.000000 0.58843
783.000000 0.58843
784.000000 0.58843
785.000000 0.58843
786.000000 0.58843
787.000000 0.58843
788.000000 0.58843
789.000000 0.58843
790.000000 0.58843
791.000000 0.58843
792.000000 0.58843
793.000000 0.58843
794.000000 0.58843
795.000000 0.58843
796.000000 0.58843
797.000000 0.58843
798.000000 0.58843
799.000000 -7.3242
800.000000 3.5767
801.000000 -2.1714
802.000000 0.57565
803.000000 -0.74893
804.000000 -0.040417
805.000000 -0.32634
806.000000 -0.12682
807.000000 -0.17187
808.000000 -0.10279
809.000000 -0.095526
810.000000 -0.06298
811.000000 -0.047398
812.000000 -0.027503
813.000000 -0.013319
814.000000 0.00045584
815.000000 0.011537
816.000000 0.021329
817.000000 0.029386
818.000000 0.036148
819.000000 0.041596
820.000000 0.04592
821.000000 0.049193
822.000000 0.051533
823.000000 0.053027
824.000000 0.053768
825.000000 0.053837
826.000000 0.053315
827.000000 0.052275
828.000000 0.050788
829.000000 0.048921
830.000000 0.046735
831.000000 0.044288
832.000000 0.041634
833.000000 0.038822
834.000000 0.035899
835.000000 0.032907
836.000000 0.029882
837.000000 0.02686
838.000000 0.023872
839.000000 0.020943
840.000000 0.018097
841.000000 0.015356
842.000000 0.012735
843.000000 0.010248
844.000000 0.0079083
845.000000 0.0057229
846.000000 0.0036984
847.000000 0.0018388
848.000000 0.00014596
849.000000 -0.00138
850.000000 -0.0027408
851.000000 -0.0039395
852.000000 -0.0049805
853.000000 -0.0058692
854.000000 -0.0066123
855.000000 -0.0072168
856.000000 -0.0076909
857.000000 -0.0080427
858.000000 -0.0082812
859.000000 -0.0084153
860.000000 -0.0084542
861.000000 -0.0084071
862.000000 -0.0082829
863.000000 -0.0080907
864.000000 -0.0078391
865.000000 -0.0075367
866.000000 -0.0071914
867.000000 -0.0068109
868.000000 -0.0064026
869.000000 -0.0059732
870.000000 -0.005529
871.000000 -0.005076
872.000000 -0.0046194
873.000000 -0.0041641
874.000000 -0.0037145
875.000000 -0.0032743
876.000000 -0.002847
877.000000 -0.0024354
878.000000 -0.0020421
879.000000 -0.001669
880.000000 -0.0013178
881.000000 -0.00098971
882.000000 -0.00068565
883.000000 -0.00040617
884.000000 -0.00015155
885.000000 7.8221e-05
886.000000 0.00028339
887.000000 0.00046442
888.000000 0.00062197
889.000000 0.00075687
890.000000 0.00087008
891.000000 0.00096268
892.000000 0.0010358
893.000000 0.0010908
894.000000 0.0011289
895.000000 0.0011514
896.000000 0.0011598
897.000000 0.0011553
898.000000 0.0011394
899.000000 0.0011133
900.000000 0.0010783
901.000000 0.0010357
902.000000 0.00098676
903.000000 0.00093252
904.000000 0.00087409
905.000000 0.00081249
906.000000 0.00074865
907.000000 0.00068344
908.000000 0.00061767
909.000000 0.00055204
910.000000 0.00048721
911.000000 0.00042374
912.000000 0.00036213
913.000000 0.00030283
914.000000 0.00024619
915.000000 0.00019252
916.000000 0.00014205
917.000000 9.4976e-05
918.000000 5.1431e-05
919.000000 1.1497e-05
920.000000 -2.4784e-05
921.000000 -5.7412e-05
922.000000 -8.6425e-05
923.000000 -0.00011189
924.000000 -0.00013391
925.000000 -0.00015259
926.000000 -0.0001681
927.000000 -0.00018057
928.000000 -0.0001902
929.000000 -0.00019715
930.000000 -0.00020164
931.000000 -0.00020385
932.000000 -0.00020398
933.000000 -0.00020224
934.000000 -0.00019883
935.000000 -0.00019394
936.000000 -0.00018776
937.000000 -0.00018049
938.000000 -0.00017229
939.000000 -0.00016333
940.000000 -0.00015379
941.000000 -0.0001438
942.000000 -0.0001335
943.000000 -0.00012303
944.000000 -0.0001125
945.000000 -0.00010201
946.000000 -9.1671e-05
947.000000 -8.1554e-05
948.000000 -7.1738e-05
949.000000 -6.2285e-05
950.000000 -5.3249e-05
951.000000 -4.4675e-05
952.000000 -3.6598e-05
953.000000 -2.9045e-05
954.000000 -2.2036e-05
955.000000 -1.5581e-05
956.000000 -9.6875e-06
957.000000 -4.3539e-06
958.000000 4.2558e-07
959.000000 4.6616e-06
960.000000 8.3692e-06
961.000000 1.1567e-05
962.000000 1.4276e-05
963.000000 1.6522e-05
964.000000 1.833e-05
965.000000 1.9728e-05
966.000000 2.0746e-05
967.000000 2.1413e-05
968.000000 2.176e-05
969.000000 2.1817e-05
970.000000 2.1614e-05
971.000000 2.118e-05
972.000000 2.0545e-05
973.000000 1.9736e-05
974.000000 1.878e-05
975.000000 1.7703e-05
976.000000 1.6529e-05
977.000000 1.528e-05
978.000000 1.3976e-05
979.000000 1.2639e-05
980.000000 1.1284e-05
981.000000 9.9291e-06
982.000000 8.5877e-06
983.000000 7.2729e-06
984.000000 5.9957e-06
985.000000 4.766e-06
986.000000 3.5919e-06
987.000000 2.4803e-06
988.000000 1.4366e-06
989.000000 4.65e-07
990.000000 -4.3138e-07
991.000000 -1.2506e-06
992.000000 -1.9916e-06
993.000000 -2.6543e-06
994.000000 -3.2395e-06
995.000000 -3.7486e-06
996.000000 -4.1835e-06
997.000000 -4.547e-06
998.000000 -4.8421e-06
999.000000 -5.0722e-06
1000.000000 -5.2411e-06
1001.000000 -5.3529e-06
1002.000000 -5.4117e-06
1003.000000 -5.4218e-06
1004.000000 -5.3876e-06
1005.000000 -5.3136e-06
1006.000000 -5.204e-06
1007.000000 -5.0631e-06
1008.000000 -4.8952e-06
1009.000000 -4.7042e-06
1010.000000 -4.4941e-06
1011.000000 -4.2685e-06
1012.000000 -4.0309e-06
1013.000000 -3.7845e-06
1014.000000 -3.5325e-06
1015.000000 -3.2775e-06
1016.000000 -3.0222e-06
1017.000000 -2.7688e-06
1018.000000 -2.5195e-06
1019.000000 -2.276e-06
1020.000000 -2.0399e-06
1021.000000 -1.8127e-06
1022.000000 -1.5954e-06
1023.000000 -1.389e-06
1024.000000 -1.1943e-06
1025.000000 -1.0119e-06
1026.000000 -8.4205e-07
1027.000000 -6.8511e-07
1028.000000 -5.4113e-07
1029.000000 -4.1009e-07
1030.000000 -2.9183e-07
1031.000000 -1.861e-07
1032.000000 -9.2525e-08
1033.000000 -1.0692e-08
1034.000000 5.99e-08
1035.000000 1.1981e-07
1036.000000 1.6963e-07
1037.000000 2.1e-07
1038.000000 2.4158e-07
1039.000000 2.6504e-07
1040.000000 2.8108e-07
1041.000000 2.9036e-07
1042.000000 2.9358e-07
1043.000000 2.914e-07
1044.000000 2.8446e-07
1045.000000 2.7341e-07
1046.000000 2.5883e-07
1047.000000 2.4131e-07
1048.000000 2.2138e-07
1049.000000 1.9956e-07
1050.000000 1.7631e-07
1051.000000 1.5208e-07
1052.000000 1.2727e-07
1053.000000 1.0223e-07
1054.000000 7.7303e-08
1055.000000 5.2772e-08
1056.000000 2.8892e-08
1057.000000 5.8871e-09
1058.000000 -1.6056e-08
1059.000000 -3.678e-08
1060.000000 -5.6157e-08
1061.000000 -7.4087e-08
1062.000000 -9.0498e-08
1063.000000 -1.0534e-07
1064.000000 -1.1859e-07
1065.000000 -1.3023e-07
1066.000000 -1.4027e-07
1067.000000 -1.4875e-07
1068.000000 -1.5571e-07
1069.000000 -1.6119e-07
1070.000000 -1.6526e-07
1071.000000 -1.68e-07
1072.000000 -1.6948e-07
1073.000000 -1.6979e-07
1074.000000 -1.6901e-07
1075.000000 -1.6724e-07
1076.000000 -1.6457e-07
1077.000000 -1.611e-07
1078.000000 -1.5692e-07
1079.000000 -1.5211e-07
1080.000000 -1.4678e-07
1081.000000 -1.41e-07
1082.000000 -1.3486e-07
1083.000000 -1.2844e-07
1084.000000 -1.2182e-07
1085.000000 -1.1505e-07
1086.000000 -1.0822e-07
1087.000000 -1.0137e-07
1088.000000 -9.4558e-08
1089.000000 -8.7839e-08
1090.000000 -8.1255e-08
1091.000000 -7.4843e-08
1092.000000 -6.8637e-08
1093.000000 -6.2666e-08
1094.000000 -5.6953e-08
1095.000000 -5.1519e-08
1096.000000 -4.6377e-08
1097.000000 -4.154e-08
1098.000000 -3.7015e-08
1099.000000 -3.2806e-08
