0.000000 0
1.000000 0
2.000000 0
3.000000 0
4.000000 0
5.000000 0
6.000000 0
7.000000 0
8.000000 0
9.000000 2.7986
10.000000 -7.7823
11.000000 3.0231
12.000000 -2.5118
13.000000 1.7459
14.000000 -0.96898
15.000000 0.74876
16.000000 -0.53887
17.000000 0.15722
18.000000 -0.45374
19.000000 -0.18364
20.000000 -0.48488
21.000000 -0.39589
22.000000 -0.55671
23.000000 -0.54428
24.000000 -0.64047
25.000000 -0.65909
26.000000 -0.72426
27.000000 -0.75408
28.000000 -0.80323
29.000000 -0.83573
30.000000 -0.87571
31.000000 -0.90737
32.000000 -0.94142
33.000000 -0.97094
34.000000 -1.0007
35.000000 -1.0277
36.000000 -1.054
37.000000 -1.0785
38.000000 -1.102
39.000000 -1.1241
40.000000 -1.1452
41.000000 -1.1652
42.000000 -1.1841
43.000000 -1.2021
44.000000 -1.2191
45.000000 -1.2353
46.000000 -1.2506
47.000000 -1.2652
48.000000 -1.279
49.000000 -1.2921
50.000000 -1.3045
51.000000 -1.3163
52.000000 -1.3274
53.000000 -1.338
54.000000 -1.348
55.000000 -1.3574
56.000000 -1.3664
57.000000 -1.3748
58.000000 -1.3828
59.000000 -1.3904
60.000000 -1.3975
61.000000 -1.4042
62.000000 -1.4106
63.000000 -1.4165
64.000000 -1.4221
65.000000 -1.4274
66.000000 -1.4323
67.000000 -1.4369
68.000000 -1.4412
69.000000 -1.4453
70.000000 -1.449
71.000000 -1.4525
72.000000 -1.4558
73.000000 -1.4588
74.000000 -1.4615
75.000000 -1.4641
76.000000 -1.4664
77.000000 -1.4686
78.000000 -1.4706
79.000000 -1.4723
80.000000 -1.4739
81.000000 -1.4754
82.000000 -1.4766
83.000000 -1.4778
84.000000 -1.4787
85.000000 -1.4796
86.000000 -1.4803
87.000000 -1.4809
88.000000 -1.4814
89.000000 -1.4817
90.000000 -1.482
91.000000 -1.4821
92.000000 -1.4822
93.000000 -1.4822
94.000000 -1.482
95.000000 -1.4818
96.000000 -1.4816
97.000000 -1.4812
98.000000 -1.4808
99.000000 -1.4803
100.000000 -1.4798
101.000000 -1.4792
102.000000 -1.4786
103.000000 -1.4779
104.000000 -1.4772
105.000000 -1.4764
106.000000 -1.4756
107.000000 -1.4747
108.000000 -1.4739
109.000000 -1.473
110.000000 -1.472
111.000000 -1.4711
112.000000 -1.4701
113.000000 -1.4691
114.000000 -1.4681
115.000000 -1.467
116.000000 -1.466
117.000000 -1.4649
118.000000 -1.4639
119.000000 -1.4628
120.000000 -1.4617
121.000000 -1.4606
122.000000 -1.4595
123.000000 -1.4584
124.000000 -1.4574
125.000000 -1.4563
126.000000 -1.4552
127.000000 -1.4541
128.000000 -1.453
129.000000 -1.4519
130.000000 -1.4509
131.000000 -1.4498
132.000000 -1.4487
133.000000 -1.4477
134.000000 -1.4467
135.000000 -1.4456
136.000000 -1.4446
137.000000 -1.4436
138.000000 -1.4426
139.000000 -1.4416
140.000000 -1.4407
141.000000 -1.4397
142.000000 -1.4388
143.000000 -1.4379
144.000000 -1.437
145.000000 -1.4361
146.000000 -1.4352
147.000000 -1.4343
148.000000 -1.4335
149.000000 -1.4326
150.000000 -1.4318
151.000000 -1.431
152.000000 -1.4302
153.000000 -1.4295
154.000000 -1.4287
155.000000 -1.428
156.000000 -1.4272
157.000000 -1.4265
158.000000 -1.4258
159.000000 -1.4252
160.000000 -1.4245
161.000000 -1.4239
162.000000 -1.4232
163.000000 -1.4226
164.000000 -1.422
165.000000 -1.4214
166.000000 -1.4209
167.000000 -1.4203
168.000000 -1.4198
169.000000 -1.4193
170.000000 -1.4188
171.000000 -1.4183
172.000000 -1.4178
173.000000 -1.4173
174.000000 -1.4169
175.000000 -1.4164
176.000000 -1.416
177.000000 -1.4156
178.000000 -1.4152
179.000000 -1.4148
180.000000 -1.4144
181.000000 -1.4141
182.000000 -1.4137
183.000000 -1.4134
184.000000 -1.4131
185.000000 -1.4128
186.000000 -1.4125
187.000000 -1.4122
188.000000 -1.4119
189.000000 -1.4116
190.000000 -1.4114
191.000000 -1.4111
192.000000 -1.4109
193.000000 -1.4106
194.000000 -1.4104
195.000000 -1.4102
196.000000 -1.41
197.000000 -1.4098
198.000000 -1.4096
199.000000 -7.0067
200.000000 14.155
201.000000 -7.4554
202.000000 3.6148
203.000000 -4.9006
204.000000 0.52932
205.000000 -2.906
206.000000 -0.33064
207.000000 -1.7227
208.000000 -0.50064
209.000000 -1.0407
210.000000 -0.43816
211.000000 -0.61604
212.000000 -0.29431
213.000000 -0.31907
214.000000 -0.12661
215.000000 -0.089293
216.000000 0.041125
217.000000 0.10082
218.000000 0.1992
219.000000 0.26425
220.000000 0.34426
221.000000 0.40765
222.000000 0.47578
223.000000 0.53486
224.000000 0.59441
225.000000 0.64842
226.000000 0.70119
227.000000 0.75015
228.000000 0.79726
229.000000 0.84147
230.000000 0.88371
231.000000 0.92357
232.000000 0.96151
233.000000 0.99742
234.000000 1.0315
235.000000 1.0639
236.000000 1.0946
237.000000 1.1237
238.000000 1.1513
239.000000 1.1775
240.000000 1.2023
241.000000 1.2258
242.000000 1.2481
243.000000 1.2692
244.000000 1.2892
245.000000 1.3081
246.000000 1.326
247.000000 1.343
248.000000 1.3589
249.000000 1.374
250.000000 1.3883
251.000000 1.4017
252.000000 1.4143
253.000000 1.4262
254.000000 1.4374
255.000000 1.4479
256.000000 1.4577
257.000000 1.467
258.000000 1.4756
259.000000 1.4836
260.000000 1.4911
261.000000 1.4981
262.000000 1.5046
263.000000 1.5106
264.000000 1.5161
265.000000 1.5212
266.000000 1.5259
267.000000 1.5301
268.000000 1.534
269.000000 1.5376
270.000000 1.5407
271.000000 1.5436
272.000000 1.5461
273.000000 1.5483
274.000000 1.5503
275.000000 1.5519
276.000000 1.5534
277.000000 1.5545
278.000000 1.5554
279.000000 1.5561
280.000000 1.5566
281.000000 1.5569
282.000000 1.557
283.000000 1.5569
284.000000 1.5567
285.000000 1.5563
286.000000 1.5557
287.000000 1.555
288.000000 1.5542
289.000000 1.5532
290.000000 1.5521
291.000000 1.5509
292.000000 1.5496
293.000000 1.5482
294.000000 1.5468
295.000000 1.5452
296.000000 1.5436
297.000000 1.5419
298.000000 1.5401
299.000000 1.5383
300.000000 1.5364
301.000000 1.5345
302.000000 1.5325
303.000000 1.5305
304.000000 1.5284
305.000000 1.5263
306.000000 1.5242
307.000000 1.5221
308.000000 1.52
309.000000 1.5178
310.000000 1.5156
311.000000 1.5134
312.000000 1.5112
313.000000 1.5091
314.000000 1.5069
315.000000 1.5047
316.000000 1.5025
317.000000 1.5003
318.000000 1.4981
319.000000 1.496
320.000000 1.4938
321.000000 1.4917
322.000000 1.4896
323.000000 1.4875
324.000000 1.4854
325.000000 1.4833
326.000000 1.4813
327.000000 1.4793
328.000000 1.4773
329.000000 1.4753
330.000000 1.4734
331.000000 1.4715
332.000000 1.4696
333.000000 1.4677
334.000000 1.4659
335.000000 1.4641
336.000000 1.4623
337.000000 1.4606
338.000000 1.4589
339.000000 1.4572
340.000000 1.4556
341.000000 1.454
342.000000 1.4524
343.000000 1.4508
344.000000 1.4493
345.000000 1.4479
346.000000 1.4464
347.000000 1.445
348.000000 1.4436
349.000000 1.4422
350.000000 1.4409
351.000000 1.4396
352.000000 1.4384
353.000000 1.4371
354.000000 1.436
355.000000 1.4348
356.000000 1.4337
357.000000 1.4325
358.000000 1.4315
359.000000 1.4304
360.000000 1.4294
361.000000 1.4284
362.000000 1.4275
363.000000 1.4265
364.000000 1.4256
365.000000 1.4248
366.000000 1.4239
367.000000 1.4231
368.000000 1.4223
369.000000 1.4215
370.000000 1.4208
371.000000 1.42
372.000000 1.4193
373.000000 1.4187
374.000000 1.418
375.000000 1.4174
376.000000 1.4168
377.000000 1.4162
378.000000 1.4156
379.000000 1.4151
380.000000 1.4146
381.000000 1.4141
382.000000 1.4136
383.000000 1.4131
384.000000 1.4127
385.000000 1.4123
386.000000 1.4118
387.000000 1.4115
388.000000 1.4111
389.000000 1.4107
390.000000 1.4104
391.000000 1.41
392.000000 1.4097
393.000000 1.4094
394.000000 1.4091
395.000000 1.4089
396.000000 1.4086
397.000000 1.4084
398.000000 1.4081
399.000000 1.4079
400.000000 1.4077
401.000000 1.4075
402.000000 1.4073
403.000000 1.4072
404.000000 1.407
405.000000 1.4068
406.000000 1.4067
407.000000 1.4065
408.000000 1.4064
409.000000 1.4063
410.000000 1.4062
411.000000 1.4061
412.000000 1.406
413.000000 1.4059
414.000000 1.4058
415.000000 1.4057
416.000000 1.4057
417.000000 1.4056
418.000000 1.4056
419.000000 1.4055
420.000000 1.4055
421.000000 1.4054
422.000000 1.4054
423.000000 1.4054
424.000000 1.4053
425.000000 1.4053
426.000000 1.4053
427.000000 1.4053
428.000000 1.4053
429.000000 1.4053
430.000000 1.4053
431.000000 1.4053
432.000000 1.4053
433.000000 1.4053
434.000000 1.4053
435.000000 1.4053
436.000000 1.4053
437.000000 1.4053
438.000000 1.4054
439.000000 1.4054
440.000000 1.4054
441.000000 1.4054
442.000000 1.4055
443.000000 1.4055
444.000000 1.4055
445.000000 1.4056
446.000000 1.4056
447.000000 1.4056
448.000000 1.4057
449.000000 1.4057
450.000000 1.4057
451.000000 1.4058
452.000000 1.4058
453.000000 1.4058
454.000000 1.4059
455.000000 1.4059
456.000000 1.406
457.000000 1.406
458.000000 1.406
459.000000 1.4061
460.000000 1.4061
461.000000 1.4062
462.000000 1.4062
463.000000 1.4062
464.000000 1.4063
465.000000 1.4063
466.000000 1.4064
467.000000 1.4064
468.000000 1.4065
469.000000 1.4065
470.000000 1.4065
471.000000 1.4066
472.000000 1.4066
473.000000 1.4067
474.000000 1.4067
475.000000 1.4067
476.000000 1.4068
477.000000 1.4068
478.000000 1.4068
479.000000 1.4069
480.000000 1.4069
481.000000 1.4069
482.000000 1.407
483.000000 1.407
484.000000 1.407
485.000000 1.4071
486.000000 1.4071
487.000000 1.4071
488.000000 1.4072
489.000000 1.4072
490.000000 1.4072
491.000000 1.4073
492.000000 1.4073
493.000000 1.4073
494.000000 1.4073
495.000000 1.4074
496.000000 1.4074
497.000000 1.4074
498.000000 1.4075
499.000000 6.3051
500.000000 -12.212
501.000000 6.698
502.000000 -2.9882
503.000000 4.4629
504.000000 -0.28812
505.000000 2.7179
506.000000 0.46462
507.000000 1.6828
508.000000 0.61362
509.000000 1.0863
510.000000 0.55917
511.000000 0.71492
512.000000 0.43351
513.000000 0.45527
514.000000 0.28696
515.000000 0.25439
516.000000 0.14035
517.000000 0.088188
518.000000 0.0021824
519.000000 -0.054672
520.000000 -0.12462
521.000000 -0.18002
522.000000 -0.23958
523.000000 -0.29123
524.000000 -0.34328
525.000000 -0.3905
526.000000 -0.43663
527.000000 -0.47944
528.000000 -0.52062
529.000000 -0.55928
530.000000 -0.59621
531.000000 -0.63106
532.000000 -0.66423
533.000000 -0.69563
534.000000 -0.72547
535.000000 -0.75375
536.000000 -0.7806
537.000000 -0.80605
538.000000 -0.8302
539.000000 -0.8531
540.000000 -0.87481
541.000000 -0.89539
542.000000 -0.91489
543.000000 -0.93336
544.000000 -0.95086
545.000000 -0.96741
546.000000 -0.98307
547.000000 -0.99788
548.000000 -1.0119
549.000000 -1.0251
550.000000 -1.0375
551.000000 -1.0493
552.000000 -1.0604
553.000000 -1.0708
554.000000 -1.0806
555.000000 -1.0898
556.000000 -1.0984
557.000000 -1.1065
558.000000 -1.114
559.000000 -1.1211
560.000000 -1.1277
561.000000 -1.1338
562.000000 -1.1394
563.000000 -1.1447
564.000000 -1.1496
565.000000 -1.154
566.000000 -1.1581
567.000000 -1.1619
568.000000 -1.1653
569.000000 -1.1684
570.000000 -1.1712
571.000000 -1.1737
572.000000 -1.176
573.000000 -1.1779
574.000000 -1.1796
575.000000 -1.1811
576.000000 -1.1824
577.000000 -1.1834
578.000000 -1.1842
579.000000 -1.1849
580.000000 -1.1853
581.000000 -1.1856
582.000000 -1.1857
583.000000 -1.1856
584.000000 -1.1854
585.000000 -1.1851
586.000000 -1.1846
587.000000 -1.184
588.000000 -1.1833
589.000000 -1.1825
590.000000 -1.1815
591.000000 -1.1805
592.000000 -1.1794
593.000000 -1.1782
594.000000 -1.1769
595.000000 -1.1756
596.000000 -1.1741
597.000000 -1.1727
598.000000 -1.1711
599.000000 -1.1695
600.000000 -1.1679
601.000000 -1.1662
602.000000 -1.1645
603.000000 -1.1628
604.000000 -1.161
605.000000 -1.1592
606.000000 -1.1573
607.000000 -1.1555
608.000000 -1.1536
609.000000 -1.1517
610.000000 -1.1499
611.000000 -1.148
612.000000 -1.1461
613.000000 -1.1441
614.000000 -1.1422
615.000000 -1.1403
616.000000 -1.1384
617.000000 -1.1365
618.000000 -1.1346
619.000000 -1.1328
620.000000 -1.1309
621.000000 -1.129
622.000000 -1.1272
623.000000 -1.1253
624.000000 -1.1235
625.000000 -1.1217
626.000000 -1.12
627.000000 -1.1182
628.000000 -1.1165
629.000000 -1.1148
630.000000 -1.1131
631.000000 -1.1114
632.000000 -1.1098
633.000000 -1.1081
634.000000 -1.1066
635.000000 -1.105
636.000000 -1.1034
637.000000 -1.1019
638.000000 -1.1004
639.000000 -1.099
640.000000 -1.0976
641.000000 -1.0962
642.000000 -1.0948
643.000000 -1.0934
644.000000 -1.0921
645.000000 -1.0908
646.000000 -1.0895
647.000000 -1.0883
648.000000 -1.0871
649.000000 -1.0859
650.000000 -1.0848
651.000000 -1.0836
652.000000 -1.0825
653.000000 -1.0815
654.000000 -1.0804
655.000000 -1.0794
656.000000 -1.0784
657.000000 -1.0775
658.000000 -1.0765
659.000000 -1.0756
660.000000 -1.0747
661.000000 -1.0739
662.000000 -1.073
663.000000 -1.0722
664.000000 -1.0714
665.000000 -1.0707
666.000000 -1.0699
667.000000 -1.0692
668.000000 -1.0685
669.000000 -1.0678
670.000000 -1.0672
671.000000 -1.0665
672.000000 -1.0659
673.000000 -1.0653
674.000000 -1.0648
675.000000 -1.0642
676.000000 -1.0637
677.000000 -1.0632
678.000000 -1.0627
679.000000 -1.0622
680.000000 -1.0618
681.000000 -1.0613
682.000000 -1.0609
683.000000 -1.0605
684.000000 -1.0601
685.000000 -1.0597
686.000000 -1.0594
687.000000 -1.059
688.000000 -1.0587
689.000000 -1.0584
690.000000 -1.0581
691.000000 -1.0578
692.000000 -1.0575
693.000000 -1.0573
694.000000 -1.057
695.000000 -1.0568
696.000000 -1.0566
697.000000 -1.0563
698.000000 -1.0561
699.000000 -1.0559
700.000000 -1.0558
701.000000 -1.0556
702.000000 -1.0554
703.000000 -1.0553
704.000000 -1.0551
705.000000 -1.055
706.000000 -1.0549
707.000000 -1.0547
708.000000 -1.0546
709.000000 -1.0545
710.000000 -1.0544
711.000000 -1.0543
712.000000 -1.0542
713.000000 -1.0542
714.000000 -1.0541
715.000000 -1.054
716.000000 -1.054
717.000000 -1.0539
718.000000 -1.0539
719.000000 -1.0538
720.000000 -1.0538
721.000000 -1.0537
722.000000 -1.0537
723.000000 -1.0537
724.000000 -1.0537
725.000000 -1.0537
726.000000 -1.0536
727.000000 -1.0536
728.000000 -1.0536
729.000000 -1.0536
730.000000 -1.0536
731.000000 -1.0536
732.000000 -1.0536
733.000000 -1.0536
734.000000 -1.0536
735.000000 -1.0536
736.000000 -1.0537
737.000000 -1.0537
738.000000 -1.0537
739.000000 -1.0537
740.000000 -1.0537
741.000000 -1.0538
742.000000 -1.0538
743.000000 -1.0538
744.000000 -1.0538
745.000000 -1.0539
746.000000 -1.0539
747.000000 -1.0539
748.000000 -1.0539
749.000000 -1.054
750.000000 -1.054
751.000000 -1.054
752.000000 -1.0541
753.000000 -1.0541
754.000000 -1.0541
755.000000 -1.0542
756.000000 -1.0542
757.000000 -1.0542
758.000000 -1.0543
759.000000 -1.0543
760.000000 -1.0544
761.000000 -1.0544
762.000000 -1.0544
763.000000 -1.0545
764.000000 -1.0545
765.000000 -1.0545
766.000000 -1.0546
767.000000 -1.0546
768.000000 -1.0546
769.000000 -1.0547
770.000000 -1.0547
771.000000 -1.0547
772.000000 -1.0548
773.000000 -1.0548
774.000000 -1.0548
775.000000 -1.0549
776.000000 -1.0549
777.000000 -1.0549
778.000000 -1.055
779.000000 -1.055
780.000000 -1.055
781.000000 -1.0551
782.000000 -1.0551
783.000000 -1.0551
784.000000 -1.0552
785.000000 -1.0552
786.000000 -1.0552
787.000000 -1.0552
788.000000 -1.0553
789.000000 -1.0553
790.000000 -1.0553
791.000000 -1.0553
792.000000 -1.0554
793.000000 -1.0554
794.000000 -1.0554
795.000000 -1.0554
796.000000 -1.0555
797.000000 -1.0555
798.000000 -1.0555
799.000000 -3.1545
800.000000 4.7812
801.000000 -3.3229
802.000000 0.82829
803.000000 -2.365
804.000000 -0.3289
805.000000 -1.6172
806.000000 -0.65152
807.000000 -1.1736
808.000000 -0.7154
809.000000 -0.91799
810.000000 -0.69207
811.000000 -0.75883
812.000000 -0.63824
813.000000 -0.64757
814.000000 -0.57544
815.000000 -0.56149
816.000000 -0.51263
817.000000 -0.49028
818.000000 -0.45342
819.000000 -0.42906
820.000000 -0.39909
821.000000 -0.37535
822.000000 -0.34983
823.000000 -0.3277
824.000000 -0.3054
825.000000 -0.28517
826.000000 -0.2654
827.000000 -0.24706
828.000000 -0.22942
829.000000 -0.21286
830.000000 -0.19703
831.000000 -0.1821
832.000000 -0.16789
833.000000 -0.15443
834.000000 -0.14165
835.000000 -0.12953
836.000000 -0.11803
837.000000 -0.10713
838.000000 -0.096778
839.000000 -0.086968
840.000000 -0.077665
841.000000 -0.068848
842.000000 -0.060493
843.000000 -0.052578
844.000000 -0.045084
845.000000 -0.037991
846.000000 -0.031282
847.000000 -0.024938
848.000000 -0.018944
849.000000 -0.013284
850.000000 -0.0079431
851.000000 -0.0029082
852.000000 0.0018345
853.000000 0.0062976
854.000000 0.010493
855.000000 0.014433
856.000000 0.018128
857.000000 0.021589
858.000000 0.024825
859.000000 0.027847
860.000000 0.030663
861.000000 0.033283
862.000000 0.035716
863.000000 0.037968
864.000000 0.040049
865.000000 0.041966
866.000000 0.043725
867.000000 0.045335
868.000000 0.046801
869.000000 0.048131
870.000000 0.04933
871.000000 0.050404
872.000000 0.05136
873.000000 0.052202
874.000000 0.052937
875.000000 0.053569
876.000000 0.054104
877.000000 0.054546
878.000000 0.054899
879.000000 0.055169
880.000000 0.05536
881.000000 0.055475
882.000000 0.055519
883.000000 0.055496
884.000000 0.055409
885.000000 0.055262
886.000000 0.055058
887.000000 0.054801
888.000000 0.054494
889.000000 0.05414
890.000000 0.053741
891.000000 0.053302
892.000000 0.052824
893.000000 0.05231
894.000000 0.051763
895.000000 0.051185
896.000000 0.050578
897.000000 0.049945
898.000000 0.049287
899.000000 0.048608
900.000000 0.047908
901.000000 0.04719
902.000000 0.046455
903.000000 0.045706
904.000000 0.044944
905.000000 0.04417
906.000000 0.043386
907.000000 0.042593
908.000000 0.041793
909.000000 0.040988
910.000000 0.040177
911.000000 0.039363
912.000000 0.038547
913.000000 0.037729
914.000000 0.036911
915.000000 0.036094
916.000000 0.035278
917.000000 0.034465
918.000000 0.033655
919.000000 0.032849
920.000000 0.032047
921.000000 0.031251
922.000000 0.030461
923.000000 0.029678
924.000000 0.028901
925.000000 0.028133
926.000000 0.027372
927.000000 0.02662
928.000000 0.025877
929.000000 0.025144
930.000000 0.02442
931.000000 0.023706
932.000000 0.023002
933.000000 0.022309
934.000000 0.021627
935.000000 0.020956
936.000000 0.020296
937.000000 0.019647
938.000000 0.01901
939.000000 0.018385
940.000000 0.017771
941.000000 0.017169
942.000000 0.01658
943.000000 0.016002
944.000000 0.015436
945.000000 0.014882
946.000000 0.01434
947.000000 0.01381
948.000000 0.013292
949.000000 0.012786
950.000000 0.012292
951.000000 0.011809
952.000000 0.011339
953.000000 0.01088
954.000000 0.010433
955.000000 0.009997
956.000000 0.0095726
957.000000 0.0091595
958.000000 0.0087576
959.000000 0.0083667
960.000000 0.0079867
961.000000 0.0076174
962.000000 0.0072588
963.000000 0.0069106
964.000000 0.0065728
965.000000 0.0062451
966.000000 0.0059274
967.000000 0.0056196
968.000000 0.0053214
969.000000 0.0050328
970.000000 0.0047535
971.000000 0.0044834
972.000000 0.0042223
973.000000 0.00397
974.000000 0.0037264
975.000000 0.0034912
976.000000 0.0032644
977.000000 0.0030456
978.000000 0.0028349
979.000000 0.0026319
980.000000 0.0024365
981.000000 0.0022485
982.000000 0.0020677
983.000000 0.0018941
984.000000 0.0017273
985.000000 0.0015673
986.000000 0.0014139
987.000000 0.0012668
988.000000 0.001126
989.000000 0.00099119
990.000000 0.00086232
991.000000 0.00073918
992.000000 0.00062162
993.000000 0.00050948
994.000000 0.0004026
995.000000 0.00030083
996.000000 0.00020402
997.000000 0.00011201
998.000000 2.4675e-05
999.000000 -5.8146e-05
1000.000000 -0.00013659
1001.000000 -0.0002108
1002.000000 -0.0002809
1003.000000 -0.00034705
1004.000000 -0.00040935
1005.000000 -0.00046796
1006.000000 -0.00052298
1007.000000 -0.00057455
1008.000000 -0.0006228
1009.000000 -0.00066782
1010.000000 -0.00070976
1011.000000 -0.00074871
1012.000000 -0.00078479
1013.000000 -0.00081811
1014.000000 -0.00084878
1015.000000 -0.00087689
1016.000000 -0.00090255
1017.000000 -0.00092586
1018.000000 -0.00094692
1019.000000 -0.00096581
1020.000000 -0.00098264
1021.000000 -0.00099748
1022.000000 -0.0010104
1023.000000 -0.0010216
1024.000000 -0.001031
1025.000000 -0.0010387
1026.000000 -0.0010449
1027.000000 -0.0010496
1028.000000 -0.0010529
1029.000000 -0.0010548
1030.000000 -0.0010554
1031.000000 -0.0010548
1032.000000 -0.0010531
1033.000000 -0.0010502
1034.000000 -0.0010464
1035.000000 -0.0010415
1036.000000 -0.0010357
1037.000000 -0.0010291
1038.000000 -0.0010217
1039.000000 -0.0010135
1040.000000 -0.0010045
1041.000000 -0.00099497
1042.000000 -0.00098477
1043.000000 -0.00097399
1044.000000 -0.00096268
1045.000000 -0.00095088
1046.000000 -0.00093863
1047.000000 -0.00092595
1048.000000 -0.0009129
1049.000000 -0.0008995
1050.000000 -0.00088579
1051.000000 -0.0008718
1052.000000 -0.00085756
1053.000000 -0.0008431
1054.000000 -0.00082844
1055.000000 -0.00081361
1056.000000 -0.00079865
1057.000000 -0.00078356
1058.000000 -0.00076838
1059.000000 -0.00075313
1060.000000 -0.00073783
1061.000000 -0.0007225
1062.000000 -0.00070715
1063.000000 -0.00069181
1064.000000 -0.00067649
1065.000000 -0.00066121
1066.000000 -0.00064599
1067.000000 -0.00063083
1068.000000 -0.00061575
1069.000000 -0.00060077
1070.000000 -0.00058589
1071.000000 -0.00057113
1072.000000 -0.0005565
1073.000000 -0.00054201
1074.000000 -0.00052766
1075.000000 -0.00051347
1076.000000 -0.00049944
1077.000000 -0.00048559
1078.000000 -0.00047191
1079.000000 -0.00045841
1080.000000 -0.0004451
1081.000000 -0.00043199
1082.000000 -0.00041907
1083.000000 -0.00040636
1084.000000 -0.00039386
1085.000000 -0.00038156
1086.000000 -0.00036948
1087.000000 -0.00035761
1088.000000 -0.00034596
1089.000000 -0.00033453
1090.000000 -0.00032332
1091.000000 -0.00031233
1092.000000 -0.00030156
1093.000000 -0.00029102
1094.000000 -0.0002807
1095.000000 -0.00027061
1096.000000 -0.00026073
1097.000000 -0.00025108
1098.000000 -0.00024165
1099.000000 -0.00023245
