0.000000 0
1.000000 0
2.000000 0
3.000000 0
4.000000 0
5.000000 0
6.000000 0
7.000000 0
8.000000 0
9.000000 10.521
10.000000 -3.6753
11.000000 3.8642
12.000000 0.13223
13.000000 1.8406
14.000000 0.8341
15.000000 1.1928
16.000000 0.90271
17.000000 0.95951
18.000000 0.86495
19.000000 0.86112
20.000000 0.82406
21.000000 0.81213
22.000000 0.79408
23.000000 0.78369
24.000000 0.77289
25.000000 0.76475
26.000000 0.7571
27.000000 0.75054
28.000000 0.74443
29.000000 0.73884
30.000000 0.73356
31.000000 0.72856
32.000000 0.72378
33.000000 0.71918
34.000000 0.71473
35.000000 0.71043
36.000000 0.70625
37.000000 0.70218
38.000000 0.69823
39.000000 0.69439
40.000000 0.69066
41.000000 0.68703
42.000000 0.6835
43.000000 0.68007
44.000000 0.67675
45.000000 0.67352
46.000000 0.67039
47.000000 0.66736
48.000000 0.66443
49.000000 0.6616
50.000000 0.65885
51.000000 0.6562
52.000000 0.65365
53.000000 0.65118
54.000000 0.6488
55.000000 0.64651
56.000000 0.64431
57.000000 0.64218
58.000000 0.64014
59.000000 0.63818
60.000000 0.6363
61.000000 0.6345
62.000000 0.63277
63.000000 0.63111
64.000000 0.62952
65.000000 0.628
66.000000 0.62655
67.000000 0.62517
68.000000 0.62385
69.000000 0.62259
70.000000 0.62139
71.000000 0.62024
72.000000 0.61916
73.000000 0.61813
74.000000 0.61715
75.000000 0.61622
76.000000 0.61534
77.000000 0.61451
78.000000 0.61373
79.000000 0.61299
80.000000 0.6123
81.000000 0.61164
82.000000 0.61103
83.000000 0.61046
84.000000 0.60992
85.000000 0.60942
86.000000 0.60895
87.000000 0.60852
88.000000 0.60812
89.000000 0.60775
90.000000 0.60741
91.000000 0.6071
92.000000 0.60682
93.000000 0.60656
94.000000 0.60632
95.000000 0.60611
96.000000 0.60593
97.000000 0.60576
98.000000 0.60562
99.000000 0.6055
100.000000 0.60539
101.000000 0.6053
102.000000 0.60523
103.000000 0.60518
104.000000 0.60514
105.000000 0.60512
106.000000 0.60511
107.000000 0.60512
108.000000 0.60513
109.000000 0.60516
110.000000 0.6052
111.000000 0.60525
112.000000 0.60531
113.000000 0.60538
114.000000 0.60546
115.000000 0.60555
116.000000 0.60564
117.000000 0.60574
118.000000 0.60585
119.000000 0.60596
120.000000 0.60608
121.000000 0.60621
122.000000 0.60634
123.000000 0.60647
124.000000 0.60661
125.000000 0.60675
126.000000 0.60689
127.000000 0.60704
128.000000 0.60719
129.000000 0.60734
130.000000 0.6075
131.000000 0.60765
132.000000 0.60781
133.000000 0.60797
134.000000 0.60813
135.000000 0.60829
136.000000 0.60845
137.000000 0.60861
138.000000 0.60877
139.000000 0.60893
140.000000 0.60909
141.000000 0.60925
142.000000 0.60941
143.000000 0.60957
144.000000 0.60973
145.000000 0.60988
146.000000 0.61004
147.000000 0.61019
148.000000 0.61034
149.000000 0.61049
150.000000 0.61064
151.000000 0.61079
152.000000 0.61094
153.000000 0.61108
154.000000 0.61122
155.000000 0.61136
156.000000 0.6115
157.000000 0.61163
158.000000 0.61177
159.000000 0.6119
160.000000 0.61203
161.000000 0.61216
162.000000 0.61228
163.000000 0.6124
164.000000 0.61252
165.000000 0.61264
166.000000 0.61276
167.000000 0.61287
168.000000 0.61298
169.000000 0.61309
170.000000 0.6132
171.000000 0.6133
172.000000 0.6134
173.000000 0.6135
174.000000 0.6136
175.000000 0.61369
176.000000 0.61378
177.000000 0.61387
178.000000 0.61396
179.000000 0.61405
180.000000 0.61413
181.000000 0.61421
182.000000 0.61429
183.000000 0.61437
184.000000 0.61444
185.000000 0.61451
186.000000 0.61459
187.000000 0.61465
188.000000 0.61472
189.000000 0.61479
190.000000 0.61485
191.000000 0.61491
192.000000 0.61497
193.000000 0.61502
194.000000 0.61508
195.000000 0.61513
196.000000 0.61519
197.000000 0.61524
198.000000 0.61528
199.000000 -20.426
200.000000 7.9659
201.000000 -7.1129
202.000000 0.35099
203.000000 -3.0658
204.000000 -1.0527
205.000000 -1.77
206.000000 -1.1898
207.000000 -1.3034
208.000000 -1.1142
209.000000 -1.1065
210.000000 -1.0324
211.000000 -1.0085
212.000000 -0.97236
213.000000 -0.95155
214.000000 -0.92991
215.000000 -0.91362
216.000000 -0.89829
217.000000 -0.88515
218.000000 -0.8729
219.000000 -0.8617
220.000000 -0.85111
221.000000 -0.8411
222.000000 -0.83152
223.000000 -0.8223
224.000000 -0.81339
225.000000 -0.80476
226.000000 -0.79639
227.000000 -0.78825
228.000000 -0.78034
229.000000 -0.77264
230.000000 -0.76516
231.000000 -0.75789
232.000000 -0.75082
233.000000 -0.74396
234.000000 -0.73729
235.000000 -0.73083
236.000000 -0.72457
237.000000 -0.7185
238.000000 -0.71263
239.000000 -0.70695
240.000000 -0.70146
241.000000 -0.69616
242.000000 -0.69104
243.000000 -0.6861
244.000000 -0.68134
245.000000 -0.67675
246.000000 -0.67234
247.000000 -0.66809
248.000000 -0.66401
249.000000 -0.66008
250.000000 -0.65632
251.000000 -0.65271
252.000000 -0.64924
253.000000 -0.64593
254.000000 -0.64275
255.000000 -0.63971
256.000000 -0.63681
257.000000 -0.63404
258.000000 -0.63139
259.000000 -0.62887
260.000000 -0.62647
261.000000 -0.62419
262.000000 -0.62202
263.000000 -0.61995
264.000000 -0.618
265.000000 -0.61614
266.000000 -0.61439
267.000000 -0.61273
268.000000 -0.61117
269.000000 -0.60969
270.000000 -0.6083
271.000000 -0.607
272.000000 -0.60577
273.000000 -0.60462
274.000000 -0.60355
275.000000 -0.60255
276.000000 -0.60162
277.000000 -0.60076
278.000000 -0.59996
279.000000 -0.59922
280.000000 -0.59854
281.000000 -0.59792
282.000000 -0.59736
283.000000 -0.59684
284.000000 -0.59638
285.000000 -0.59596
286.000000 -0.59559
287.000000 -0.59526
288.000000 -0.59498
289.000000 -0.59473
290.000000 -0.59452
291.000000 -0.59435
292.000000 -0.59421
293.000000 -0.59411
294.000000 -0.59404
295.000000 -0.59399
296.000000 -0.59398
297.000000 -0.59399
298.000000 -0.59402
299.000000 -0.59408
300.000000 -0.59417
301.000000 -0.59427
302.000000 -0.59439
303.000000 -0.59453
304.000000 -0.59469
305.000000 -0.59487
306.000000 -0.59506
307.000000 -0.59526
308.000000 -0.59548
309.000000 -0.59571
310.000000 -0.59595
311.000000 -0.5962
312.000000 -0.59646
313.000000 -0.59673
314.000000 -0.597
315.000000 -0.59729
316.000000 -0.59758
317.000000 -0.59788
318.000000 -0.59818
319.000000 -0.59848
320.000000 -0.59879
321.000000 -0.59911
322.000000 -0.59942
323.000000 -0.59974
324.000000 -0.60006
325.000000 -0.60038
326.000000 -0.6007
327.000000 -0.60103
328.000000 -0.60135
329.000000 -0.60167
330.000000 -0.60199
331.000000 -0.60231
332.000000 -0.60263
333.000000 -0.60295
334.000000 -0.60327
335.000000 -0.60358
336.000000 -0.60389
337.000000 -0.6042
338.000000 -0.6045
339.000000 -0.60481
340.000000 -0.60511
341.000000 -0.6054
342.000000 -0.60569
343.000000 -0.60598
344.000000 -0.60627
345.000000 -0.60655
346.000000 -0.60682
347.000000 -0.6071
348.000000 -0.60736
349.000000 -0.60763
350.000000 -0.60789
351.000000 -0.60814
352.000000 -0.60839
353.000000 -0.60864
354.000000 -0.60888
355.000000 -0.60911
356.000000 -0.60935
357.000000 -0.60957
358.000000 -0.60979
359.000000 -0.61001
360.000000 -0.61023
361.000000 -0.61043
362.000000 -0.61064
363.000000 -0.61084
364.000000 -0.61103
365.000000 -0.61122
366.000000 -0.6114
367.000000 -0.61158
368.000000 -0.61176
369.000000 -0.61193
370.000000 -0.6121
371.000000 -0.61226
372.000000 -0.61242
373.000000 -0.61257
374.000000 -0.61272
375.000000 -0.61287
376.000000 -0.61301
377.000000 -0.61315
378.000000 -0.61328
379.000000 -0.61341
380.000000 -0.61354
381.000000 -0.61366
382.000000 -0.61378
383.000000 -0.61389
384.000000 -0.614
385.000000 -0.61411
386.000000 -0.61421
387.000000 -0.61431
388.000000 -0.61441
389.000000 -0.6145
390.000000 -0.61459
391.000000 -0.61468
392.000000 -0.61477
393.000000 -0.61485
394.000000 -0.61493
395.000000 -0.615
396.000000 -0.61508
397.000000 -0.61515
398.000000 -0.61521
399.000000 -0.61528
400.000000 -0.61534
401.000000 -0.6154
402.000000 -0.61546
403.000000 -0.61551
404.000000 -0.61557
405.000000 -0.61562
406.000000 -0.61567
407.000000 -0.61571
408.000000 -0.61576
409.000000 -0.6158
410.000000 -0.61584
411.000000 -0.61588
412.000000 -0.61592
413.000000 -0.61595
414.000000 -0.61598
415.000000 -0.61602
416.000000 -0.61605
417.000000 -0.61608
418.000000 -0.6161
419.000000 -0.61613
420.000000 -0.61615
421.000000 -0.61618
422.000000 -0.6162
423.000000 -0.61622
424.000000 -0.61624
425.000000 -0.61626
426.000000 -0.61627
427.000000 -0.61629
428.000000 -0.6163
429.000000 -0.61632
430.000000 -0.61633
431.000000 -0.61634
432.000000 -0.61636
433.000000 -0.61637
434.000000 -0.61638
435.000000 -0.61638
436.000000 -0.61639
437.000000 -0.6164
438.000000 -0.61641
439.000000 -0.61641
440.000000 -0.61642
441.000000 -0.61642
442.000000 -0.61643
443.000000 -0.61643
444.000000 -0.61643
445.000000 -0.61644
446.000000 -0.61644
447.000000 -0.61644
448.000000 -0.61644
449.000000 -0.61644
450.000000 -0.61644
451.000000 -0.61644
452.000000 -0.61644
453.000000 -0.61644
454.000000 -0.61644
455.000000 -0.61644
456.000000 -0.61644
457.000000 -0.61644
458.000000 -0.61644
459.000000 -0.61643
460.000000 -0.61643
461.000000 -0.61643
462.000000 -0.61643
463.000000 -0.61642
464.000000 -0.61642
465.000000 -0.61642
466.000000 -0.61641
467.000000 -0.61641
468.000000 -0.61641
469.000000 -0.6164
470.000000 -0.6164
471.000000 -0.6164
472.000000 -0.61639
473.000000 -0.61639
474.000000 -0.61638
475.000000 -0.61638
476.000000 -0.61638
477.000000 -0.61637
478.000000 -0.61637
479.000000 -0.61636
480.000000 -0.61636
481.000000 -0.61635
482.000000 -0.61635
483.000000 -0.61635
484.000000 -0.61634
485.000000 -0.61634
486.000000 -0.61633
487.000000 -0.61633
488.000000 -0.61633
489.000000 -0.61632
490.000000 -0.61632
491.000000 -0.61631
492.000000 -0.61631
493.000000 -0.61631
494.000000 -0.6163
495.000000 -0.6163
496.000000 -0.61629
497.000000 -0.61629
498.000000 -0.61629
499.000000 17.795
500.000000 -7.048
501.000000 6.146
502.000000 -0.38486
503.000000 2.6049
504.000000 0.84341
505.000000 1.4711
506.000000 0.96348
507.000000 1.0629
508.000000 0.89742
509.000000 0.8907
510.000000 0.82587
511.000000 0.80498
512.000000 0.7734
513.000000 0.75522
514.000000 0.73631
515.000000 0.72208
516.000000 0.7087
517.000000 0.69722
518.000000 0.68653
519.000000 0.67675
520.000000 0.6675
521.000000 0.65876
522.000000 0.65039
523.000000 0.64235
524.000000 0.63457
525.000000 0.62704
526.000000 0.61972
527.000000 0.61262
528.000000 0.60571
529.000000 0.59899
530.000000 0.59245
531.000000 0.5861
532.000000 0.57993
533.000000 0.57393
534.000000 0.56811
535.000000 0.56247
536.000000 0.557
537.000000 0.5517
538.000000 0.54657
539.000000 0.54161
540.000000 0.53681
541.000000 0.53218
542.000000 0.5277
543.000000 0.52339
544.000000 0.51923
545.000000 0.51522
546.000000 0.51136
547.000000 0.50765
548.000000 0.50408
549.000000 0.50065
550.000000 0.49736
551.000000 0.4942
552.000000 0.49117
553.000000 0.48827
554.000000 0.4855
555.000000 0.48284
556.000000 0.4803
557.000000 0.47788
558.000000 0.47557
559.000000 0.47336
560.000000 0.47126
561.000000 0.46926
562.000000 0.46736
563.000000 0.46556
564.000000 0.46385
565.000000 0.46223
566.000000 0.46069
567.000000 0.45924
568.000000 0.45787
569.000000 0.45658
570.000000 0.45536
571.000000 0.45422
572.000000 0.45315
573.000000 0.45214
574.000000 0.4512
575.000000 0.45033
576.000000 0.44951
577.000000 0.44876
578.000000 0.44805
579.000000 0.44741
580.000000 0.44681
581.000000 0.44627
582.000000 0.44577
583.000000 0.44532
584.000000 0.44491
585.000000 0.44454
586.000000 0.44422
587.000000 0.44393
588.000000 0.44368
589.000000 0.44346
590.000000 0.44328
591.000000 0.44313
592.000000 0.44301
593.000000 0.44291
594.000000 0.44285
595.000000 0.44281
596.000000 0.44279
597.000000 0.4428
598.000000 0.44283
599.000000 0.44288
600.000000 0.44295
601.000000 0.44304
602.000000 0.44314
603.000000 0.44326
604.000000 0.4434
605.000000 0.44355
606.000000 0.44372
607.000000 0.44389
608.000000 0.44408
609.000000 0.44428
610.000000 0.44449
611.000000 0.44471
612.000000 0.44493
613.000000 0.44517
614.000000 0.44541
615.000000 0.44566
616.000000 0.44591
617.000000 0.44617
618.000000 0.44643
619.000000 0.4467
620.000000 0.44697
621.000000 0.44724
622.000000 0.44751
623.000000 0.44779
624.000000 0.44807
625.000000 0.44835
626.000000 0.44863
627.000000 0.44891
628.000000 0.44919
629.000000 0.44947
630.000000 0.44975
631.000000 0.45003
632.000000 0.45031
633.000000 0.45059
634.000000 0.45086
635.000000 0.45114
636.000000 0.45141
637.000000 0.45168
638.000000 0.45194
639.000000 0.45221
640.000000 0.45247
641.000000 0.45273
642.000000 0.45298
643.000000 0.45323
644.000000 0.45348
645.000000 0.45373
646.000000 0.45397
647.000000 0.4542
648.000000 0.45444
649.000000 0.45467
650.000000 0.45489
651.000000 0.45512
652.000000 0.45533
653.000000 0.45555
654.000000 0.45576
655.000000 0.45596
656.000000 0.45617
657.000000 0.45637
658.000000 0.45656
659.000000 0.45675
660.000000 0.45693
661.000000 0.45712
662.000000 0.45729
663.000000 0.45747
664.000000 0.45764
665.000000 0.4578
666.000000 0.45796
667.000000 0.45812
668.000000 0.45827
669.000000 0.45842
670.000000 0.45857
671.000000 0.45871
672.000000 0.45885
673.000000 0.45898
674.000000 0.45912
675.000000 0.45924
676.000000 0.45937
677.000000 0.45949
678.000000 0.4596
679.000000 0.45972
680.000000 0.45983
681.000000 0.45993
682.000000 0.46004
683.000000 0.46014
684.000000 0.46023
685.000000 0.46033
686.000000 0.46042
687.000000 0.4605
688.000000 0.46059
689.000000 0.46067
690.000000 0.46075
691.000000 0.46083
692.000000 0.4609
693.000000 0.46097
694.000000 0.46104
695.000000 0.46111
696.000000 0.46117
697.000000 0.46123
698.000000 0.46129
699.000000 0.46135
700.000000 0.4614
701.000000 0.46145
702.000000 0.4615
703.000000 0.46155
704.000000 0.4616
705.000000 0.46164
706.000000 0.46169
707.000000 0.46173
708.000000 0.46177
709.000000 0.4618
710.000000 0.46184
711.000000 0.46187
712.000000 0.4619
713.000000 0.46194
714.000000 0.46196
715.000000 0.46199
716.000000 0.46202
717.000000 0.46204
718.000000 0.46207
719.000000 0.46209
720.000000 0.46211
721.000000 0.46213
722.000000 0.46215
723.000000 0.46217
724.000000 0.46219
725.000000 0.4622
726.000000 0.46222
727.000000 0.46223
728.000000 0.46225
729.000000 0.46226
730.000000 0.46227
731.000000 0.46228
732.000000 0.46229
733.000000 0.4623
734.000000 0.46231
735.000000 0.46231
736.000000 0.46232
737.000000 0.46233
738.000000 0.46233
739.000000 0.46234
740.000000 0.46234
741.000000 0.46235
742.000000 0.46235
743.000000 0.46236
744.000000 0.46236
745.000000 0.46236
746.000000 0.46236
747.000000 0.46236
748.000000 0.46237
749.000000 0.46237
750.000000 0.46237
751.000000 0.46237
752.000000 0.46237
753.000000 0.46237
754.000000 0.46237
755.000000 0.46236
756.000000 0.46236
757.000000 0.46236
758.000000 0.46236
759.000000 0.46236
760.000000 0.46236
761.000000 0.46235
762.000000 0.46235
763.000000 0.46235
764.000000 0.46235
765.000000 0.46234
766.000000 0.46234
767.000000 0.46234
768.000000 0.46234
769.000000 0.46233
770.000000 0.46233
771.000000 0.46233
772.000000 0.46232
773.000000 0.46232
774.000000 0.46232
775.000000 0.46231
776.000000 0.46231
777.000000 0.4623
778.000000 0.4623
779.000000 0.4623
780.000000 0.46229
781.000000 0.46229
782.000000 0.46229
783.000000 0.46228
784.000000 0.46228
785.000000 0.46228
786.000000 0.46227
787.000000 0.46227
788.000000 0.46226
789.000000 0.46226
790.000000 0.46226
791.000000 0.46225
792.000000 0.46225
793.000000 0.46225
794.000000 0.46224
795.000000 0.46224
796.000000 0.46224
797.000000 0.46223
798.000000 0.46223
799.000000 -7.4282
800.000000 3.2187
801.000000 -2.4359
802.000000 0.36304
803.000000 -0.91827
804.000000 -0.16336
805.000000 -0.43237
806.000000 -0.21483
807.000000 -0.25743
808.000000 -0.18651
809.000000 -0.18364
810.000000 -0.15585
811.000000 -0.1469
812.000000 -0.13337
813.000000 -0.12558
814.000000 -0.11748
815.000000 -0.11138
816.000000 -0.10564
817.000000 -0.10073
818.000000 -0.096146
819.000000 -0.091955
820.000000 -0.087994
821.000000 -0.08425
822.000000 -0.080663
823.000000 -0.077216
824.000000 -0.073884
825.000000 -0.070656
826.000000 -0.067523
827.000000 -0.064478
828.000000 -0.061518
829.000000 -0.058639
830.000000 -0.055839
831.000000 -0.053117
832.000000 -0.050473
833.000000 -0.047904
834.000000 -0.045411
835.000000 -0.042993
836.000000 -0.040649
837.000000 -0.038378
838.000000 -0.03618
839.000000 -0.034054
840.000000 -0.031999
841.000000 -0.030014
842.000000 -0.028097
843.000000 -0.026248
844.000000 -0.024466
845.000000 -0.022749
846.000000 -0.021095
847.000000 -0.019505
848.000000 -0.017976
849.000000 -0.016507
850.000000 -0.015096
851.000000 -0.013743
852.000000 -0.012446
853.000000 -0.011204
854.000000 -0.010014
855.000000 -0.0088764
856.000000 -0.0077889
857.000000 -0.0067505
858.000000 -0.0057596
859.000000 -0.004815
860.000000 -0.0039153
861.000000 -0.0030591
862.000000 -0.0022452
863.000000 -0.0014722
864.000000 -0.00073896
865.000000 -4.41e-05
866.000000 0.00061358
867.000000 0.0012353
868.000000 0.0018223
869.000000 0.0023756
870.000000 0.0028966
871.000000 0.0033862
872.000000 0.0038456
873.000000 0.0042759
874.000000 0.0046782
875.000000 0.0050534
876.000000 0.0054026
877.000000 0.0057268
878.000000 0.006027
879.000000 0.0063041
880.000000 0.0065589
881.000000 0.0067925
882.000000 0.0070056
883.000000 0.0071992
884.000000 0.0073741
885.000000 0.007531
886.000000 0.0076707
887.000000 0.0077941
888.000000 0.0079018
889.000000 0.0079946
890.000000 0.0080731
891.000000 0.0081381
892.000000 0.0081901
893.000000 0.0082299
894.000000 0.0082581
895.000000 0.0082752
896.000000 0.0082817
897.000000 0.0082784
898.000000 0.0082657
899.000000 0.0082441
900.000000 0.0082141
901.000000 0.0081763
902.000000 0.0081311
903.000000 0.0080789
904.000000 0.0080202
905.000000 0.0079554
906.000000 0.0078849
907.000000 0.007809
908.000000 0.0077283
909.000000 0.007643
910.000000 0.0075534
911.000000 0.00746
912.000000 0.007363
913.000000 0.0072627
914.000000 0.0071595
915.000000 0.0070535
916.000000 0.0069452
917.000000 0.0068346
918.000000 0.0067222
919.000000 0.006608
920.000000 0.0064924
921.000000 0.0063755
922.000000 0.0062576
923.000000 0.0061388
924.000000 0.0060194
925.000000 0.0058994
926.000000 0.0057792
927.000000 0.0056587
928.000000 0.0055383
929.000000 0.0054179
930.000000 0.0052978
931.000000 0.0051781
932.000000 0.0050589
933.000000 0.0049403
934.000000 0.0048224
935.000000 0.0047053
936.000000 0.0045891
937.000000 0.0044739
938.000000 0.0043597
939.000000 0.0042468
940.000000 0.004135
941.000000 0.0040245
942.000000 0.0039153
943.000000 0.0038075
944.000000 0.0037012
945.000000 0.0035963
946.000000 0.003493
947.000000 0.0033912
948.000000 0.0032911
949.000000 0.0031925
950.000000 0.0030956
951.000000 0.0030004
952.000000 0.0029069
953.000000 0.0028151
954.000000 0.002725
955.000000 0.0026367
956.000000 0.0025501
957.000000 0.0024652
958.000000 0.0023821
959.000000 0.0023008
960.000000 0.0022212
961.000000 0.0021434
962.000000 0.0020673
963.000000 0.0019929
964.000000 0.0019203
965.000000 0.0018494
966.000000 0.0017803
967.000000 0.0017128
968.000000 0.001647
969.000000 0.0015829
970.000000 0.0015204
971.000000 0.0014595
972.000000 0.0014003
973.000000 0.0013427
974.000000 0.0012867
975.000000 0.0012322
976.000000 0.0011792
977.000000 0.0011278
978.000000 0.0010779
979.000000 0.0010294
980.000000 0.00098238
981.000000 0.00093678
982.000000 0.00089258
983.000000 0.00084975
984.000000 0.00080827
985.000000 0.0007681
986.000000 0.00072924
987.000000 0.00069165
988.000000 0.00065531
989.000000 0.00062018
990.000000 0.00058625
991.000000 0.00055349
992.000000 0.00052188
993.000000 0.00049138
994.000000 0.00046198
995.000000 0.00043365
996.000000 0.00040635
997.000000 0.00038008
998.000000 0.0003548
999.000000 0.00033048
1000.000000 0.00030711
1001.000000 0.00028466
1002.000000 0.00026311
1003.000000 0.00024242
1004.000000 0.00022259
1005.000000 0.00020358
1006.000000 0.00018537
1007.000000 0.00016794
1008.000000 0.00015127
1009.000000 0.00013534
1010.000000 0.00012012
1011.000000 0.00010559
1012.000000 9.1733e-05
1013.000000 7.8528e-05
1014.000000 6.5955e-05
1015.000000 5.3994e-05
1016.000000 4.2624e-05
1017.000000 3.1828e-05
1018.000000 2.1586e-05
1019.000000 1.188e-05
1020.000000 2.692e-06
1021.000000 -5.9955e-06
1022.000000 -1.42e-05
1023.000000 -2.1937e-05
1024.000000 -2.9225e-05
1025.000000 -3.6079e-05
1026.000000 -4.2514e-05
1027.000000 -4.8547e-05
1028.000000 -5.4192e-05
1029.000000 -5.9463e-05
1030.000000 -6.4375e-05
1031.000000 -6.8942e-05
1032.000000 -7.3178e-05
1033.000000 -7.7095e-05
1034.000000 -8.0707e-05
1035.000000 -8.4025e-05
1036.000000 -8.7062e-05
1037.000000 -8.9831e-05
1038.000000 -9.2341e-05
1039.000000 -9.4605e-05
1040.000000 -9.6634e-05
1041.000000 -9.8437e-05
1042.000000 -0.00010003
1043.000000 -0.00010141
1044.000000 -0.0001026
1045.000000 -0.0001036
1046.000000 -0.00010442
1047.000000 -0.00010508
1048.000000 -0.00010558
1049.000000 -0.00010592
1050.000000 -0.00010612
1051.000000 -0.00010619
1052.000000 -0.00010612
1053.000000 -0.00010594
1054.000000 -0.00010564
1055.000000 -0.00010523
1056.000000 -0.00010472
1057.000000 -0.00010411
1058.000000 -0.00010342
1059.000000 -0.00010264
1060.000000 -0.00010178
1061.000000 -0.00010085
1062.000000 -9.9854e-05
1063.000000 -9.8793e-05
1064.000000 -9.7673e-05
1065.000000 -9.65e-05
1066.000000 -9.5277e-05
1067.000000 -9.4008e-05
1068.000000 -9.2698e-05
1069.000000 -9.1351e-05
1070.000000 -8.997e-05
1071.000000 -8.8558e-05
1072.000000 -8.712e-05
1073.000000 -8.5657e-05
1074.000000 -8.4174e-05
1075.000000 -8.2672e-05
1076.000000 -8.1155e-05
1077.000000 -7.9626e-05
1078.000000 -7.8087e-05
1079.000000 -7.654e-05
1080.000000 -7.4987e-05
1081.000000 -7.3431e-05
1082.000000 -7.1874e-05
1083.000000 -7.0317e-05
1084.000000 -6.8762e-05
1085.000000 -6.7212e-05
1086.000000 -6.5667e-05
1087.000000 -6.413e-05
1088.000000 -6.2601e-05
1089.000000 -6.1082e-05
1090.000000 -5.9574e-05
1091.000000 -5.8079e-05
1092.000000 -5.6597e-05
1093.000000 -5.5129e-05
1094.000000 -5.3677e-05
1095.000000 -5.2241e-05
1096.000000 -5.0823e-05
1097.000000 -4.9422e-05
1098.000000 -4.8039e-05
1099.000000 -4.6676e-05
