0.000000 0
1.000000 0
2.000000 0
3.000000 0
4.000000 0
5.000000 0
6.000000 0
7.000000 0
8.000000 0
9.000000 0
10.000000 2.0849
11.000000 1.4161
12.000000 2.1074
13.000000 1.8202
14.000000 2.0285
15.000000 1.9151
16.000000 1.9843
17.000000 1.9453
18.000000 1.9709
19.000000 1.9588
20.000000 1.9691
21.000000 1.966
22.000000 1.9705
23.000000 1.9703
24.000000 1.9727
25.000000 1.9733
26.000000 1.9748
27.000000 1.9756
28.000000 1.9766
29.000000 1.9774
30.000000 1.9782
31.000000 1.9789
32.000000 1.9796
33.000000 1.9802
34.000000 1.9808
35.000000 1.9813
36.000000 1.9818
37.000000 1.9822
38.000000 1.9827
39.000000 1.983
40.000000 1.9834
41.000000 1.9837
42.000000 1.9841
43.000000 1.9843
44.000000 1.9846
45.000000 1.9849
46.000000 1.9851
47.000000 1.9853
48.000000 1.9856
49.000000 1.9858
50.000000 1.9859
51.000000 1.9861
52.000000 1.9863
53.000000 1.9865
54.000000 1.9866
55.000000 1.9868
56.000000 1.9869
57.000000 1.9871
58.000000 1.9872
59.000000 1.9873
60.000000 1.9874
61.000000 1.9876
62.000000 1.9877
63.000000 1.9878
64.000000 1.9879
65.000000 1.988
66.000000 1.9881
67.000000 1.9882
68.000000 1.9883
69.000000 1.9884
70.000000 1.9885
71.000000 1.9886
72.000000 1.9887
73.000000 1.9888
74.000000 1.9889
75.000000 1.989
76.000000 1.9891
77.000000 1.9892
78.000000 1.9893
79.000000 1.9894
80.000000 1.9895
81.000000 1.9896
82.000000 1.9897
83.000000 1.9898
84.000000 1.9899
85.000000 1.99
86.000000 1.9901
87.000000 1.9902
88.000000 1.9903
89.000000 1.9903
90.000000 1.9904
91.000000 1.9905
92.000000 1.9906
93.000000 1.9907
94.000000 1.9908
95.000000 1.9909
96.000000 1.991
97.000000 1.9911
98.000000 1.9912
99.000000 1.9912
100.000000 1.9913
101.000000 1.9914
102.000000 1.9915
103.000000 1.9916
104.000000 1.9917
105.000000 1.9918
106.000000 1.9918
107.000000 1.9919
108.000000 1.992
109.000000 1.9921
110.000000 1.9922
111.000000 1.9923
112.000000 1.9924
113.000000 1.9924
114.000000 1.9925
115.000000 1.9926
116.000000 1.9927
117.000000 1.9928
118.000000 1.9928
119.000000 1.9929
120.000000 1.993
121.000000 1.9931
122.000000 1.9932
123.000000 1.9932
124.000000 1.9933
125.000000 1.9934
126.000000 1.9935
127.000000 1.9935
128.000000 1.9936
129.000000 1.9937
130.000000 1.9938
131.000000 1.9938
132.000000 1.9939
133.000000 1.994
134.000000 1.994
135.000000 1.9941
136.000000 1.9942
137.000000 1.9942
138.000000 1.9943
139.000000 1.9944
140.000000 1.9944
141.000000 1.9945
142.000000 1.9946
143.000000 1.9946
144.000000 1.9947
145.000000 1.9948
146.000000 1.9948
147.000000 1.9949
148.000000 1.995
149.000000 1.995
150.000000 1.9951
151.000000 1.9951
152.000000 1.9952
153.000000 1.9953
154.000000 1.9953
155.000000 1.9954
156.000000 1.9954
157.000000 1.9955
158.000000 1.9955
159.000000 1.9956
160.000000 1.9956
161.000000 1.9957
162.000000 1.9958
163.000000 1.9958
164.000000 1.9959
165.000000 1.9959
166.000000 1.996
167.000000 1.996
168.000000 1.9961
169.000000 1.9961
170.000000 1.9962
171.000000 1.9962
172.000000 1.9962
173.000000 1.9963
174.000000 1.9963
175.000000 1.9964
176.000000 1.9964
177.000000 1.9965
178.000000 1.9965
179.000000 1.9966
180.000000 1.9966
181.000000 1.9966
182.000000 1.9967
183.000000 1.9967
184.000000 1.9968
185.000000 1.9968
186.000000 1.9969
187.000000 1.9969
188.000000 1.9969
189.000000 1.997
190.000000 1.997
191.000000 1.997
192.000000 1.9971
193.000000 1.9971
194.000000 1.9972
195.000000 1.9972
196.000000 1.9972
197.000000 1.9973
198.000000 1.9973
199.000000 1.9973
200.000000 -2.1725
201.000000 -0.83486
202.000000 -2.2173
203.000000 -1.6429
204.000000 -2.0595
205.000000 -1.8327
206.000000 -1.971
207.000000 -1.893
208.000000 -1.9442
209.000000 -1.92
210.000000 -1.9405
211.000000 -1.9343
212.000000 -1.9433
213.000000 -1.9428
214.000000 -1.9475
215.000000 -1.9487
216.000000 -1.9517
217.000000 -1.9533
218.000000 -1.9553
219.000000 -1.9569
220.000000 -1.9585
221.000000 -1.9599
222.000000 -1.9612
223.000000 -1.9624
224.000000 -1.9635
225.000000 -1.9645
226.000000 -1.9655
227.000000 -1.9664
228.000000 -1.9672
229.000000 -1.9679
230.000000 -1.9686
231.000000 -1.9693
232.000000 -1.9699
233.000000 -1.9704
234.000000 -1.9709
235.000000 -1.9714
236.000000 -1.9719
237.000000 -1.9723
238.000000 -1.9727
239.000000 -1.9731
240.000000 -1.9735
241.000000 -1.9738
242.000000 -1.9741
243.000000 -1.9745
244.000000 -1.9747
245.000000 -1.975
246.000000 -1.9753
247.000000 -1.9756
248.000000 -1.9758
249.000000 -1.976
250.000000 -1.9763
251.000000 -1.9765
252.000000 -1.9767
253.000000 -1.9769
254.000000 -1.9771
255.000000 -1.9774
256.000000 -1.9776
257.000000 -1.9777
258.000000 -1.9779
259.000000 -1.9781
260.000000 -1.9783
261.000000 -1.9785
262.000000 -1.9787
263.000000 -1.9789
264.000000 -1.979
265.000000 -1.9792
266.000000 -1.9794
267.000000 -1.9796
268.000000 -1.9798
269.000000 -1.9799
270.000000 -1.9801
271.000000 -1.9803
272.000000 -1.9804
273.000000 -1.9806
274.000000 -1.9808
275.000000 -1.981
276.000000 -1.9811
277.000000 -1.9813
278.000000 -1.9815
279.000000 -1.9816
280.000000 -1.9818
281.000000 -1.982
282.000000 -1.9822
283.000000 -1.9823
284.000000 -1.9825
285.000000 -1.9827
286.000000 -1.9828
287.000000 -1.983
288.000000 -1.9832
289.000000 -1.9833
290.000000 -1.9835
291.000000 -1.9837
292.000000 -1.9838
293.000000 -1.984
294.000000 -1.9841
295.000000 -1.9843
296.000000 -1.9845
297.000000 -1.9846
298.000000 -1.9848
299.000000 -1.9849
300.000000 -1.9851
301.000000 -1.9853
302.000000 -1.9854
303.000000 -1.9856
304.000000 -1.9857
305.000000 -1.9859
306.000000 -1.986
307.000000 -1.9862
308.000000 -1.9863
309.000000 -1.9865
310.000000 -1.9866
311.000000 -1.9868
312.000000 -1.9869
313.000000 -1.9871
314.000000 -1.9872
315.000000 -1.9874
316.000000 -1.9875
317.000000 -1.9877
318.000000 -1.9878
319.000000 -1.9879
320.000000 -1.9881
321.000000 -1.9882
322.000000 -1.9883
323.000000 -1.9885
324.000000 -1.9886
325.000000 -1.9887
326.000000 -1.9889
327.000000 -1.989
328.000000 -1.9891
329.000000 -1.9893
330.000000 -1.9894
331.000000 -1.9895
332.000000 -1.9896
333.000000 -1.9898
334.000000 -1.9899
335.000000 -1.99
336.000000 -1.9901
337.000000 -1.9902
338.000000 -1.9904
339.000000 -1.9905
340.000000 -1.9906
341.000000 -1.9907
342.000000 -1.9908
343.000000 -1.9909
344.000000 -1.991
345.000000 -1.9911
346.000000 -1.9913
347.000000 -1.9914
348.000000 -1.9915
349.000000 -1.9916
350.000000 -1.9917
351.000000 -1.9918
352.000000 -1.9919
353.000000 -1.992
354.000000 -1.9921
355.000000 -1.9922
356.000000 -1.9923
357.000000 -1.9924
358.000000 -1.9925
359.000000 -1.9926
360.000000 -1.9926
361.000000 -1.9927
362.000000 -1.9928
363.000000 -1.9929
364.000000 -1.993
365.000000 -1.9931
366.000000 -1.9932
367.000000 -1.9933
368.000000 -1.9933
369.000000 -1.9934
370.000000 -1.9935
371.000000 -1.9936
372.000000 -1.9937
373.000000 -1.9938
374.000000 -1.9938
375.000000 -1.9939
376.000000 -1.994
377.000000 -1.9941
378.000000 -1.9941
379.000000 -1.9942
380.000000 -1.9943
381.000000 -1.9944
382.000000 -1.9944
383.000000 -1.9945
384.000000 -1.9946
385.000000 -1.9946
386.000000 -1.9947
387.000000 -1.9948
388.000000 -1.9948
389.000000 -1.9949
390.000000 -1.995
391.000000 -1.995
392.000000 -1.9951
393.000000 -1.9951
394.000000 -1.9952
395.000000 -1.9953
396.000000 -1.9953
397.000000 -1.9954
398.000000 -1.9954
399.000000 -1.9955
400.000000 -1.9956
401.000000 -1.9956
402.000000 -1.9957
403.000000 -1.9957
404.000000 -1.9958
405.000000 -1.9958
406.000000 -1.9959
407.000000 -1.9959
408.000000 -1.996
409.000000 -1.996
410.000000 -1.9961
411.000000 -1.9961
412.000000 -1.9962
413.000000 -1.9962
414.000000 -1.9963
415.000000 -1.9963
416.000000 -1.9964
417.000000 -1.9964
418.000000 -1.9965
419.000000 -1.9965
420.000000 -1.9966
421.000000 -1.9966
422.000000 -1.9966
423.000000 -1.9967
424.000000 -1.9967
425.000000 -1.9968
426.000000 -1.9968
427.000000 -1.9969
428.000000 -1.9969
429.000000 -1.9969
430.000000 -1.997
431.000000 -1.997
432.000000 -1.9971
433.000000 -1.9971
434.000000 -1.9971
435.000000 -1.9972
436.000000 -1.9972
437.000000 -1.9972
438.000000 -1.9973
439.000000 -1.9973
440.000000 -1.9973
441.000000 -1.9974
442.000000 -1.9974
443.000000 -1.9974
444.000000 -1.9975
445.000000 -1.9975
446.000000 -1.9975
447.000000 -1.9976
448.000000 -1.9976
449.000000 -1.9976
450.000000 -1.9977
451.000000 -1.9977
452.000000 -1.9977
453.000000 -1.9977
454.000000 -1.9978
455.000000 -1.9978
456.000000 -1.9978
457.000000 -1.9979
458.000000 -1.9979
459.000000 -1.9979
460.000000 -1.9979
461.000000 -1.998
462.000000 -1.998
463.000000 -1.998
464.000000 -1.998
465.000000 -1.9981
466.000000 -1.9981
467.000000 -1.9981
468.000000 -1.9981
469.000000 -1.9982
470.000000 -1.9982
471.000000 -1.9982
472.000000 -1.9982
473.000000 -1.9983
474.000000 -1.9983
475.000000 -1.9983
476.000000 -1.9983
477.000000 -1.9983
478.000000 -1.9984
479.000000 -1.9984
480.000000 -1.9984
481.000000 -1.9984
482.000000 -1.9984
483.000000 -1.9985
484.000000 -1.9985
485.000000 -1.9985
486.000000 -1.9985
487.000000 -1.9985
488.000000 -1.9986
489.000000 -1.9986
490.000000 -1.9986
491.000000 -1.9986
492.000000 -1.9986
493.000000 -1.9987
494.000000 -1.9987
495.000000 -1.9987
496.000000 -1.9987
497.000000 -1.9987
498.000000 -1.9987
499.000000 -1.9988
500.000000 1.6499
501.000000 0.47944
502.000000 1.6891
503.000000 1.1865
504.000000 1.551
505.000000 1.3526
506.000000 1.4736
507.000000 1.4054
508.000000 1.4502
509.000000 1.4291
510.000000 1.447
511.000000 1.4415
512.000000 1.4495
513.000000 1.4491
514.000000 1.4532
515.000000 1.4543
516.000000 1.4568
517.000000 1.4582
518.000000 1.4601
519.000000 1.4614
520.000000 1.4629
521.000000 1.4641
522.000000 1.4653
523.000000 1.4663
524.000000 1.4673
525.000000 1.4682
526.000000 1.469
527.000000 1.4698
528.000000 1.4705
529.000000 1.4712
530.000000 1.4718
531.000000 1.4724
532.000000 1.4729
533.000000 1.4734
534.000000 1.4739
535.000000 1.4743
536.000000 1.4747
537.000000 1.4751
538.000000 1.4755
539.000000 1.4758
540.000000 1.4761
541.000000 1.4765
542.000000 1.4767
543.000000 1.477
544.000000 1.4773
545.000000 1.4775
546.000000 1.4778
547.000000 1.478
548.000000 1.4782
549.000000 1.4785
550.000000 1.4787
551.000000 1.4789
552.000000 1.4791
553.000000 1.4793
554.000000 1.4795
555.000000 1.4796
556.000000 1.4798
557.000000 1.48
558.000000 1.4802
559.000000 1.4804
560.000000 1.4805
561.000000 1.4807
562.000000 1.4809
563.000000 1.481
564.000000 1.4812
565.000000 1.4814
566.000000 1.4815
567.000000 1.4817
568.000000 1.4818
569.000000 1.482
570.000000 1.4821
571.000000 1.4823
572.000000 1.4825
573.000000 1.4826
574.000000 1.4828
575.000000 1.4829
576.000000 1.4831
577.000000 1.4832
578.000000 1.4834
579.000000 1.4835
580.000000 1.4837
581.000000 1.4839
582.000000 1.484
583.000000 1.4842
584.000000 1.4843
585.000000 1.4845
586.000000 1.4846
587.000000 1.4848
588.000000 1.4849
589.000000 1.4851
590.000000 1.4852
591.000000 1.4854
592.000000 1.4855
593.000000 1.4857
594.000000 1.4858
595.000000 1.4859
596.000000 1.4861
597.000000 1.4862
598.000000 1.4864
599.000000 1.4865
600.000000 1.4867
601.000000 1.4868
602.000000 1.4869
603.000000 1.4871
604.000000 1.4872
605.000000 1.4874
606.000000 1.4875
607.000000 1.4876
608.000000 1.4878
609.000000 1.4879
610.000000 1.488
611.000000 1.4882
612.000000 1.4883
613.000000 1.4884
614.000000 1.4886
615.000000 1.4887
616.000000 1.4888
617.000000 1.489
618.000000 1.4891
619.000000 1.4892
620.000000 1.4893
621.000000 1.4895
622.000000 1.4896
623.000000 1.4897
624.000000 1.4898
625.000000 1.4899
626.000000 1.4901
627.000000 1.4902
628.000000 1.4903
629.000000 1.4904
630.000000 1.4905
631.000000 1.4906
632.000000 1.4907
633.000000 1.4908
634.000000 1.491
635.000000 1.4911
636.000000 1.4912
637.000000 1.4913
638.000000 1.4914
639.000000 1.4915
640.000000 1.4916
641.000000 1.4917
642.000000 1.4918
643.000000 1.4919
644.000000 1.492
645.000000 1.4921
646.000000 1.4922
647.000000 1.4923
648.000000 1.4924
649.000000 1.4925
650.000000 1.4926
651.000000 1.4926
652.000000 1.4927
653.000000 1.4928
654.000000 1.4929
655.000000 1.493
656.000000 1.4931
657.000000 1.4932
658.000000 1.4933
659.000000 1.4933
660.000000 1.4934
661.000000 1.4935
662.000000 1.4936
663.000000 1.4937
664.000000 1.4937
665.000000 1.4938
666.000000 1.4939
667.000000 1.494
668.000000 1.4941
669.000000 1.4941
670.000000 1.4942
671.000000 1.4943
672.000000 1.4943
673.000000 1.4944
674.000000 1.4945
675.000000 1.4946
676.000000 1.4946
677.000000 1.4947
678.000000 1.4948
679.000000 1.4948
680.000000 1.4949
681.000000 1.495
682.000000 1.495
683.000000 1.4951
684.000000 1.4951
685.000000 1.4952
686.000000 1.4953
687.000000 1.4953
688.000000 1.4954
689.000000 1.4954
690.000000 1.4955
691.000000 1.4956
692.000000 1.4956
693.000000 1.4957
694.000000 1.4957
695.000000 1.4958
696.000000 1.4958
697.000000 1.4959
698.000000 1.4959
699.000000 1.496
700.000000 1.496
701.000000 1.4961
702.000000 1.4961
703.000000 1.4962
704.000000 1.4962
705.000000 1.4963
706.000000 1.4963
707.000000 1.4964
708.000000 1.4964
709.000000 1.4965
710.000000 1.4965
711.000000 1.4966
712.000000 1.4966
713.000000 1.4966
714.000000 1.4967
715.000000 1.4967
716.000000 1.4968
717.000000 1.4968
718.000000 1.4968
719.000000 1.4969
720.000000 1.4969
721.000000 1.497
722.000000 1.497
723.000000 1.497
724.000000 1.4971
725.000000 1.4971
726.000000 1.4972
727.000000 1.4972
728.000000 1.4972
729.000000 1.4973
730.000000 1.4973
731.000000 1.4973
732.000000 1.4974
733.000000 1.4974
734.000000 1.4974
735.000000 1.4975
736.000000 1.4975
737.000000 1.4975
738.000000 1.4976
739.000000 1.4976
740.000000 1.4976
741.000000 1.4977
742.000000 1.4977
743.000000 1.4977
744.000000 1.4977
745.000000 1.4978
746.000000 1.4978
747.000000 1.4978
748.000000 1.4979
749.000000 1.4979
750.000000 1.4979
751.000000 1.4979
752.000000 1.498
753.000000 1.498
754.000000 1.498
755.000000 1.498
756.000000 1.4981
757.000000 1.4981
758.000000 1.4981
759.000000 1.4981
760.000000 1.4982
761.000000 1.4982
762.000000 1.4982
763.000000 1.4982
764.000000 1.4983
765.000000 1.4983
766.000000 1.4983
767.000000 1.4983
768.000000 1.4983
769.000000 1.4984
770.000000 1.4984
771.000000 1.4984
772.000000 1.4984
773.000000 1.4984
774.000000 1.4985
775.000000 1.4985
776.000000 1.4985
777.000000 1.4985
778.000000 1.4985
779.000000 1.4986
780.000000 1.4986
781.000000 1.4986
782.000000 1.4986
783.000000 1.4986
784.000000 1.4986
785.000000 1.4987
786.000000 1.4987
787.000000 1.4987
788.000000 1.4987
789.000000 1.4987
790.000000 1.4987
791.000000 1.4988
792.000000 1.4988
793.000000 1.4988
794.000000 1.4988
795.000000 1.4988
796.000000 1.4988
797.000000 1.4989
798.000000 1.4989
799.000000 1.4989
800.000000 -0.064811
801.000000 0.43682
802.000000 -0.081607
803.000000 0.13381
804.000000 -0.022409
805.000000 0.06264
806.000000 0.010771
807.000000 0.040028
808.000000 0.020837
809.000000 0.02989
810.000000 0.02223
811.000000 0.024557
812.000000 0.021174
813.000000 0.021347
814.000000 0.019594
815.000000 0.01913
816.000000 0.01804
817.000000 0.017441
818.000000 0.016659
819.000000 0.016082
820.000000 0.015471
821.000000 0.014959
822.000000 0.014459
823.000000 0.014017
824.000000 0.013599
825.000000 0.013219
826.000000 0.012865
827.000000 0.01254
828.000000 0.012238
829.000000 0.011958
830.000000 0.011698
831.000000 0.011456
832.000000 0.011231
833.000000 0.011022
834.000000 0.010826
835.000000 0.010643
836.000000 0.010471
837.000000 0.01031
838.000000 0.010159
839.000000 0.010016
840.000000 0.0098813
841.000000 0.0097537
842.000000 0.0096327
843.000000 0.0095176
844.000000 0.0094079
845.000000 0.0093032
846.000000 0.0092029
847.000000 0.0091066
848.000000 0.0090139
849.000000 0.0089245
850.000000 0.008838
851.000000 0.0087542
852.000000 0.0086727
853.000000 0.0085934
854.000000 0.008516
855.000000 0.0084403
856.000000 0.0083661
857.000000 0.0082932
858.000000 0.0082216
859.000000 0.008151
860.000000 0.0080814
861.000000 0.0080126
862.000000 0.0079445
863.000000 0.0078771
864.000000 0.0078102
865.000000 0.0077439
866.000000 0.007678
867.000000 0.0076124
868.000000 0.0075472
869.000000 0.0074823
870.000000 0.0074177
871.000000 0.0073533
872.000000 0.0072891
873.000000 0.0072251
874.000000 0.0071612
875.000000 0.0070975
876.000000 0.007034
877.000000 0.0069706
878.000000 0.0069073
879.000000 0.0068442
880.000000 0.0067812
881.000000 0.0067183
882.000000 0.0066556
883.000000 0.006593
884.000000 0.0065305
885.000000 0.0064682
886.000000 0.006406
887.000000 0.006344
888.000000 0.0062822
889.000000 0.0062206
890.000000 0.0061591
891.000000 0.0060979
892.000000 0.0060368
893.000000 0.005976
894.000000 0.0059154
895.000000 0.0058551
896.000000 0.005795
897.000000 0.0057351
898.000000 0.0056755
899.000000 0.0056163
900.000000 0.0055573
901.000000 0.0054986
902.000000 0.0054402
903.000000 0.0053821
904.000000 0.0053244
905.000000 0.0052669
906.000000 0.0052099
907.000000 0.0051532
908.000000 0.0050968
909.000000 0.0050408
910.000000 0.0049852
911.000000 0.00493
912.000000 0.0048751
913.000000 0.0048206
914.000000 0.0047666
915.000000 0.0047129
916.000000 0.0046597
917.000000 0.0046068
918.000000 0.0045544
919.000000 0.0045024
920.000000 0.0044508
921.000000 0.0043996
922.000000 0.0043489
923.000000 0.0042986
924.000000 0.0042487
925.000000 0.0041993
926.000000 0.0041503
927.000000 0.0041017
928.000000 0.0040536
929.000000 0.004006
930.000000 0.0039587
931.000000 0.0039119
932.000000 0.0038656
933.000000 0.0038197
934.000000 0.0037743
935.000000 0.0037293
936.000000 0.0036847
937.000000 0.0036406
938.000000 0.0035969
939.000000 0.0035537
940.000000 0.0035109
941.000000 0.0034685
942.000000 0.0034266
943.000000 0.0033851
944.000000 0.0033441
945.000000 0.0033034
946.000000 0.0032633
947.000000 0.0032235
948.000000 0.0031842
949.000000 0.0031453
950.000000 0.0031068
951.000000 0.0030687
952.000000 0.0030311
953.000000 0.0029939
954.000000 0.0029571
955.000000 0.0029206
956.000000 0.0028847
957.000000 0.0028491
958.000000 0.0028139
959.000000 0.0027791
960.000000 0.0027447
961.000000 0.0027107
962.000000 0.0026771
963.000000 0.0026438
964.000000 0.002611
965.000000 0.0025785
966.000000 0.0025464
967.000000 0.0025147
968.000000 0.0024834
969.000000 0.0024524
970.000000 0.0024218
971.000000 0.0023915
972.000000 0.0023616
973.000000 0.0023321
974.000000 0.0023029
975.000000 0.002274
976.000000 0.0022455
977.000000 0.0022174
978.000000 0.0021895
979.000000 0.002162
980.000000 0.0021349
981.000000 0.002108
982.000000 0.0020815
983.000000 0.0020553
984.000000 0.0020295
985.000000 0.0020039
986.000000 0.0019787
987.000000 0.0019537
988.000000 0.0019291
989.000000 0.0019047
990.000000 0.0018807
991.000000 0.001857
992.000000 0.0018335
993.000000 0.0018103
994.000000 0.0017875
995.000000 0.0017649
996.000000 0.0017425
997.000000 0.0017205
998.000000 0.0016987
999.000000 0.0016772
1000.000000 0.001656
1001.000000 0.001635
1002.000000 0.0016143
1003.000000 0.0015938
1004.000000 0.0015736
1005.000000 0.0015536
1006.000000 0.0015339
1007.000000 0.0015145
1008.000000 0.0014953
1009.000000 0.0014763
1010.000000 0.0014575
1011.000000 0.001439
1012.000000 0.0014208
1013.000000 0.0014027
1014.000000 0.0013849
1015.000000 0.0013673
1016.000000 0.0013499
1017.000000 0.0013328
1018.000000 0.0013158
1019.000000 0.0012991
1020.000000 0.0012826
1021.000000 0.0012662
1022.000000 0.0012501
1023.000000 0.0012342
1024.000000 0.0012185
1025.000000 0.001203
1026.000000 0.0011877
1027.000000 0.0011726
1028.000000 0.0011576
1029.000000 0.0011429
1030.000000 0.0011284
1031.000000 0.001114
1032.000000 0.0010998
1033.000000 0.0010858
1034.000000 0.0010719
1035.000000 0.0010583
1036.000000 0.0010448
1037.000000 0.0010315
1038.000000 0.0010183
1039.000000 0.0010054
1040.000000 0.00099255
1041.000000 0.00097989
1042.000000 0.0009674
1043.000000 0.00095507
1044.000000 0.00094289
1045.000000 0.00093086
1046.000000 0.00091899
1047.000000 0.00090727
1048.000000 0.0008957
1049.000000 0.00088428
1050.000000 0.000873
1051.000000 0.00086186
1052.000000 0.00085086
1053.000000 0.00084001
1054.000000 0.00082929
1055.000000 0.00081871
1056.000000 0.00080826
1057.000000 0.00079795
1058.000000 0.00078776
1059.000000 0.00077771
1060.000000 0.00076779
1061.000000 0.00075799
1062.000000 0.00074831
1063.000000 0.00073876
1064.000000 0.00072933
1065.000000 0.00072002
1066.000000 0.00071083
1067.000000 0.00070175
1068.000000 0.00069279
1069.000000 0.00068395
1070.000000 0.00067522
1071.000000 0.0006666
1072.000000 0.00065808
1073.000000 0.00064968
1074.000000 0.00064139
1075.000000 0.0006332
1076.000000 0.00062511
1077.000000 0.00061713
1078.000000 0.00060925
1079.000000 0.00060147
1080.000000 0.00059379
1081.000000 0.0005862
1082.000000 0.00057872
1083.000000 0.00057132
1084.000000 0.00056403
1085.000000 0.00055682
1086.000000 0.00054971
1087.000000 0.00054269
1088.000000 0.00053576
1089.000000 0.00052891
1090.000000 0.00052216
1091.000000 0.00051549
1092.000000 0.0005089
1093.000000 0.0005024
1094.000000 0.00049598
1095.000000 0.00048965
1096.000000 0.00048339
1097.000000 0.00047722
1098.000000 0.00047112
1099.000000 0.0004651
