0.000000 0
1.000000 0
2.000000 0
3.000000 0
4.000000 0
5.000000 0
6.000000 0
7.000000 0
8.000000 0
9.000000 0
10.000000 5.7183
11.000000 -0.14796
12.000000 2.7556
13.000000 1.0771
14.000000 2.1951
15.000000 1.6243
16.000000 2.0043
17.000000 1.7952
18.000000 1.9205
19.000000 1.8431
20.000000 1.8833
21.000000 1.8534
22.000000 1.8647
23.000000 1.8519
24.000000 1.8536
25.000000 1.8471
26.000000 1.8461
27.000000 1.8424
28.000000 1.841
29.000000 1.8389
30.000000 1.8378
31.000000 1.8368
32.000000 1.8363
33.000000 1.836
34.000000 1.8362
35.000000 1.8366
36.000000 1.8372
37.000000 1.8381
38.000000 1.8392
39.000000 1.8405
40.000000 1.8419
41.000000 1.8435
42.000000 1.8451
43.000000 1.8469
44.000000 1.8487
45.000000 1.8507
46.000000 1.8526
47.000000 1.8546
48.000000 1.8566
49.000000 1.8587
50.000000 1.8607
51.000000 1.8627
52.000000 1.8648
53.000000 1.8668
54.000000 1.8688
55.000000 1.8708
56.000000 1.8728
57.000000 1.8747
58.000000 1.8767
59.000000 1.8786
60.000000 1.8804
61.000000 1.8822
62.000000 1.884
63.000000 1.8858
64.000000 1.8876
65.000000 1.8893
66.000000 1.8909
67.000000 1.8926
68.000000 1.8942
69.000000 1.8958
70.000000 1.8973
71.000000 1.8988
72.000000 1.9003
73.000000 1.9018
74.000000 1.9032
75.000000 1.9046
76.000000 1.906
77.000000 1.9073
78.000000 1.9086
79.000000 1.9099
80.000000 1.9112
81.000000 1.9125
82.000000 1.9137
83.000000 1.9149
84.000000 1.9161
85.000000 1.9172
86.000000 1.9184
87.000000 1.9195
88.000000 1.9206
89.000000 1.9217
90.000000 1.9227
91.000000 1.9238
92.000000 1.9248
93.000000 1.9258
94.000000 1.9268
95.000000 1.9278
96.000000 1.9288
97.000000 1.9297
98.000000 1.9307
99.000000 1.9316
100.000000 1.9325
101.000000 1.9334
102.000000 1.9343
103.000000 1.9351
104.000000 1.936
105.000000 1.9368
106.000000 1.9376
107.000000 1.9385
108.000000 1.9393
109.000000 1.9401
110.000000 1.9408
111.000000 1.9416
112.000000 1.9424
113.000000 1.9431
114.000000 1.9439
115.000000 1.9446
116.000000 1.9453
117.000000 1.946
118.000000 1.9467
119.000000 1.9474
120.000000 1.9481
121.000000 1.9488
122.000000 1.9494
123.000000 1.9501
124.000000 1.9507
125.000000 1.9513
126.000000 1.952
127.000000 1.9526
128.000000 1.9532
129.000000 1.9538
130.000000 1.9544
131.000000 1.955
132.000000 1.9556
133.000000 1.9561
134.000000 1.9567
135.000000 1.9572
136.000000 1.9578
137.000000 1.9583
138.000000 1.9589
139.000000 1.9594
140.000000 1.9599
141.000000 1.9604
142.000000 1.9609
143.000000 1.9614
144.000000 1.9619
145.000000 1.9624
146.000000 1.9629
147.000000 1.9634
148.000000 1.9638
149.000000 1.9643
150.000000 1.9648
151.000000 1.9652
152.000000 1.9657
153.000000 1.9661
154.000000 1.9665
155.000000 1.967
156.000000 1.9674
157.000000 1.9678
158.000000 1.9682
159.000000 1.9686
160.000000 1.969
161.000000 1.9694
162.000000 1.9698
163.000000 1.9702
164.000000 1.9706
165.000000 1.9709
166.000000 1.9713
167.000000 1.9717
168.000000 1.972
169.000000 1.9724
170.000000 1.9728
171.000000 1.9731
172.000000 1.9734
173.000000 1.9738
174.000000 1.9741
175.000000 1.9745
176.000000 1.9748
177.000000 1.9751
178.000000 1.9754
179.000000 1.9757
180.000000 1.976
181.000000 1.9764
182.000000 1.9767
183.000000 1.977
184.000000 1.9772
185.000000 1.9775
186.000000 1.9778
187.000000 1.9781
188.000000 1.9784
189.000000 1.9787
190.000000 1.9789
191.000000 1.9792
192.000000 1.9795
193.000000 1.9797
194.000000 1.98
195.000000 1.9802
196.000000 1.9805
197.000000 1.9807
198.000000 1.981
199.000000 1.9812
200.000000 -9.455
201.000000 2.2776
202.000000 -3.5293
203.000000 -0.17209
204.000000 -2.4077
205.000000 -1.2659
206.000000 -2.0257
207.000000 -1.6074
208.000000 -1.8578
209.000000 -1.7026
210.000000 -1.7828
211.000000 -1.7228
212.000000 -1.7453
213.000000 -1.7194
214.000000 -1.7226
215.000000 -1.7096
216.000000 -1.7072
217.000000 -1.6998
218.000000 -1.6966
219.000000 -1.6923
220.000000 -1.6899
221.000000 -1.6876
222.000000 -1.6865
223.000000 -1.6859
224.000000 -1.686
225.000000 -1.6866
226.000000 -1.6877
227.000000 -1.6893
228.000000 -1.6913
229.000000 -1.6937
230.000000 -1.6964
231.000000 -1.6994
232.000000 -1.7025
233.000000 -1.7059
234.000000 -1.7095
235.000000 -1.7131
236.000000 -1.7169
237.000000 -1.7207
238.000000 -1.7246
239.000000 -1.7285
240.000000 -1.7325
241.000000 -1.7364
242.000000 -1.7404
243.000000 -1.7443
244.000000 -1.7482
245.000000 -1.752
246.000000 -1.7558
247.000000 -1.7596
248.000000 -1.7633
249.000000 -1.767
250.000000 -1.7706
251.000000 -1.7741
252.000000 -1.7776
253.000000 -1.781
254.000000 -1.7844
255.000000 -1.7876
256.000000 -1.7909
257.000000 -1.794
258.000000 -1.7971
259.000000 -1.8002
260.000000 -1.8032
261.000000 -1.8061
262.000000 -1.8089
263.000000 -1.8118
264.000000 -1.8145
265.000000 -1.8172
266.000000 -1.8198
267.000000 -1.8224
268.000000 -1.825
269.000000 -1.8275
270.000000 -1.8299
271.000000 -1.8323
272.000000 -1.8347
273.000000 -1.837
274.000000 -1.8393
275.000000 -1.8415
276.000000 -1.8437
277.000000 -1.8459
278.000000 -1.848
279.000000 -1.8501
280.000000 -1.8521
281.000000 -1.8541
282.000000 -1.8561
283.000000 -1.858
284.000000 -1.8599
285.000000 -1.8618
286.000000 -1.8637
287.000000 -1.8655
288.000000 -1.8673
289.000000 -1.8691
290.000000 -1.8708
291.000000 -1.8725
292.000000 -1.8742
293.000000 -1.8759
294.000000 -1.8775
295.000000 -1.8791
296.000000 -1.8807
297.000000 -1.8822
298.000000 -1.8838
299.000000 -1.8853
300.000000 -1.8868
301.000000 -1.8883
302.000000 -1.8897
303.000000 -1.8912
304.000000 -1.8926
305.000000 -1.894
306.000000 -1.8954
307.000000 -1.8967
308.000000 -1.898
309.000000 -1.8994
310.000000 -1.9007
311.000000 -1.9019
312.000000 -1.9032
313.000000 -1.9045
314.000000 -1.9057
315.000000 -1.9069
316.000000 -1.9081
317.000000 -1.9093
318.000000 -1.9105
319.000000 -1.9116
320.000000 -1.9127
321.000000 -1.9139
322.000000 -1.915
323.000000 -1.9161
324.000000 -1.9171
325.000000 -1.9182
326.000000 -1.9193
327.000000 -1.9203
328.000000 -1.9213
329.000000 -1.9223
330.000000 -1.9233
331.000000 -1.9243
332.000000 -1.9253
333.000000 -1.9262
334.000000 -1.9272
335.000000 -1.9281
336.000000 -1.929
337.000000 -1.9299
338.000000 -1.9308
339.000000 -1.9317
340.000000 -1.9326
341.000000 -1.9334
342.000000 -1.9343
343.000000 -1.9351
344.000000 -1.936
345.000000 -1.9368
346.000000 -1.9376
347.000000 -1.9384
348.000000 -1.9392
349.000000 -1.94
350.000000 -1.9407
351.000000 -1.9415
352.000000 -1.9422
353.000000 -1.943
354.000000 -1.9437
355.000000 -1.9444
356.000000 -1.9451
357.000000 -1.9458
358.000000 -1.9465
359.000000 -1.9472
360.000000 -1.9479
361.000000 -1.9485
362.000000 -1.9492
363.000000 -1.9499
364.000000 -1.9505
365.000000 -1.9511
366.000000 -1.9518
367.000000 -1.9524
368.000000 -1.953
369.000000 -1.9536
370.000000 -1.9542
371.000000 -1.9548
372.000000 -1.9553
373.000000 -1.9559
374.000000 -1.9565
375.000000 -1.957
376.000000 -1.9576
377.000000 -1.9581
378.000000 -1.9587
379.000000 -1.9592
380.000000 -1.9597
381.000000 -1.9602
382.000000 -1.9607
383.000000 -1.9612
384.000000 -1.9617
385.000000 -1.9622
386.000000 -1.9627
387.000000 -1.9632
388.000000 -1.9636
389.000000 -1.9641
390.000000 -1.9646
391.000000 -1.965
392.000000 -1.9655
393.000000 -1.9659
394.000000 -1.9663
395.000000 -1.9668
396.000000 -1.9672
397.000000 -1.9676
398.000000 -1.968
399.000000 -1.9684
400.000000 -1.9688
401.000000 -1.9692
402.000000 -1.9696
403.000000 -1.97
404.000000 -1.9704
405.000000 -1.9708
406.000000 -1.9712
407.000000 -1.9715
408.000000 -1.9719
409.000000 -1.9722
410.000000 -1.9726
411.000000 -1.973
412.000000 -1.9733
413.000000 -1.9736
414.000000 -1.974
415.000000 -1.9743
416.000000 -1.9746
417.000000 -1.975
418.000000 -1.9753
419.000000 -1.9756
420.000000 -1.9759
421.000000 -1.9762
422.000000 -1.9765
423.000000 -1.9768
424.000000 -1.9771
425.000000 -1.9774
426.000000 -1.9777
427.000000 -1.978
428.000000 -1.9783
429.000000 -1.9785
430.000000 -1.9788
431.000000 -1.9791
432.000000 -1.9794
433.000000 -1.9796
434.000000 -1.9799
435.000000 -1.9801
436.000000 -1.9804
437.000000 -1.9806
438.000000 -1.9809
439.000000 -1.9811
440.000000 -1.9814
441.000000 -1.9816
442.000000 -1.9818
443.000000 -1.9821
444.000000 -1.9823
445.000000 -1.9825
446.000000 -1.9828
447.000000 -1.983
448.000000 -1.9832
449.000000 -1.9834
450.000000 -1.9836
451.000000 -1.9838
452.000000 -1.984
453.000000 -1.9842
454.000000 -1.9844
455.000000 -1.9846
456.000000 -1.9848
457.000000 -1.985
458.000000 -1.9852
459.000000 -1.9854
460.000000 -1.9856
461.000000 -1.9858
462.000000 -1.986
463.000000 -1.9861
464.000000 -1.9863
465.000000 -1.9865
466.000000 -1.9867
467.000000 -1.9868
468.000000 -1.987
469.000000 -1.9872
470.000000 -1.9873
471.000000 -1.9875
472.000000 -1.9877
473.000000 -1.9878
474.000000 -1.988
475.000000 -1.9881
476.000000 -1.9883
477.000000 -1.9884
478.000000 -1.9886
479.000000 -1.9887
480.000000 -1.9889
481.000000 -1.989
482.000000 -1.9891
483.000000 -1.9893
484.000000 -1.9894
485.000000 -1.9896
486.000000 -1.9897
487.000000 -1.9898
488.000000 -1.99
489.000000 -1.9901
490.000000 -1.9902
491.000000 -1.9903
492.000000 -1.9905
493.000000 -1.9906
494.000000 -1.9907
495.000000 -1.9908
496.000000 -1.9909
497.000000 -1.9911
498.000000 -1.9912
499.000000 -1.9913
500.000000 8.0156
501.000000 -2.2504
502.000000 2.8307
503.000000 -0.10673
504.000000 1.8495
505.000000 0.85053
506.000000 1.5155
507.000000 1.1495
508.000000 1.3687
509.000000 1.233
510.000000 1.3033
511.000000 1.2509
512.000000 1.2706
513.000000 1.248
514.000000 1.251
515.000000 1.2396
516.000000 1.2376
517.000000 1.2312
518.000000 1.2285
519.000000 1.2248
520.000000 1.2228
521.000000 1.2209
522.000000 1.22
523.000000 1.2195
524.000000 1.2196
525.000000 1.2202
526.000000 1.2213
527.000000 1.2228
528.000000 1.2246
529.000000 1.2268
530.000000 1.2292
531.000000 1.2318
532.000000 1.2347
533.000000 1.2377
534.000000 1.2409
535.000000 1.2441
536.000000 1.2475
537.000000 1.2509
538.000000 1.2544
539.000000 1.2579
540.000000 1.2614
541.000000 1.2649
542.000000 1.2684
543.000000 1.2719
544.000000 1.2753
545.000000 1.2788
546.000000 1.2822
547.000000 1.2855
548.000000 1.2888
549.000000 1.2921
550.000000 1.2953
551.000000 1.2984
552.000000 1.3015
553.000000 1.3045
554.000000 1.3075
555.000000 1.3104
556.000000 1.3133
557.000000 1.3161
558.000000 1.3189
559.000000 1.3216
560.000000 1.3243
561.000000 1.3269
562.000000 1.3294
563.000000 1.3319
564.000000 1.3344
565.000000 1.3368
566.000000 1.3391
567.000000 1.3414
568.000000 1.3437
569.000000 1.3459
570.000000 1.3481
571.000000 1.3502
572.000000 1.3523
573.000000 1.3544
574.000000 1.3564
575.000000 1.3584
576.000000 1.3604
577.000000 1.3623
578.000000 1.3642
579.000000 1.3661
580.000000 1.3679
581.000000 1.3697
582.000000 1.3714
583.000000 1.3732
584.000000 1.3749
585.000000 1.3766
586.000000 1.3782
587.000000 1.3798
588.000000 1.3814
589.000000 1.383
590.000000 1.3846
591.000000 1.3861
592.000000 1.3876
593.000000 1.3891
594.000000 1.3905
595.000000 1.392
596.000000 1.3934
597.000000 1.3948
598.000000 1.3962
599.000000 1.3975
600.000000 1.3989
601.000000 1.4002
602.000000 1.4015
603.000000 1.4028
604.000000 1.404
605.000000 1.4053
606.000000 1.4065
607.000000 1.4077
608.000000 1.4089
609.000000 1.4101
610.000000 1.4112
611.000000 1.4124
612.000000 1.4135
613.000000 1.4146
614.000000 1.4157
615.000000 1.4168
616.000000 1.4179
617.000000 1.4189
618.000000 1.42
619.000000 1.421
620.000000 1.422
621.000000 1.423
622.000000 1.424
623.000000 1.425
624.000000 1.426
625.000000 1.4269
626.000000 1.4278
627.000000 1.4288
628.000000 1.4297
629.000000 1.4306
630.000000 1.4315
631.000000 1.4323
632.000000 1.4332
633.000000 1.4341
634.000000 1.4349
635.000000 1.4357
636.000000 1.4366
637.000000 1.4374
638.000000 1.4382
639.000000 1.439
640.000000 1.4398
641.000000 1.4405
642.000000 1.4413
643.000000 1.442
644.000000 1.4428
645.000000 1.4435
646.000000 1.4442
647.000000 1.4449
648.000000 1.4457
649.000000 1.4463
650.000000 1.447
651.000000 1.4477
652.000000 1.4484
653.000000 1.449
654.000000 1.4497
655.000000 1.4503
656.000000 1.451
657.000000 1.4516
658.000000 1.4522
659.000000 1.4528
660.000000 1.4534
661.000000 1.454
662.000000 1.4546
663.000000 1.4552
664.000000 1.4558
665.000000 1.4563
666.000000 1.4569
667.000000 1.4574
668.000000 1.458
669.000000 1.4585
670.000000 1.459
671.000000 1.4596
672.000000 1.4601
673.000000 1.4606
674.000000 1.4611
675.000000 1.4616
676.000000 1.4621
677.000000 1.4626
678.000000 1.463
679.000000 1.4635
680.000000 1.464
681.000000 1.4644
682.000000 1.4649
683.000000 1.4654
684.000000 1.4658
685.000000 1.4662
686.000000 1.4667
687.000000 1.4671
688.000000 1.4675
689.000000 1.4679
690.000000 1.4683
691.000000 1.4687
692.000000 1.4691
693.000000 1.4695
694.000000 1.4699
695.000000 1.4703
696.000000 1.4707
697.000000 1.4711
698.000000 1.4714
699.000000 1.4718
700.000000 1.4722
701.000000 1.4725
702.000000 1.4729
703.000000 1.4732
704.000000 1.4736
705.000000 1.4739
706.000000 1.4742
707.000000 1.4746
708.000000 1.4749
709.000000 1.4752
710.000000 1.4755
711.000000 1.4758
712.000000 1.4761
713.000000 1.4764
714.000000 1.4767
715.000000 1.477
716.000000 1.4773
717.000000 1.4776
718.000000 1.4779
719.000000 1.4782
720.000000 1.4785
721.000000 1.4787
722.000000 1.479
723.000000 1.4793
724.000000 1.4795
725.000000 1.4798
726.000000 1.4801
727.000000 1.4803
728.000000 1.4806
729.000000 1.4808
730.000000 1.4811
731.000000 1.4813
732.000000 1.4815
733.000000 1.4818
734.000000 1.482
735.000000 1.4822
736.000000 1.4825
737.000000 1.4827
738.000000 1.4829
739.000000 1.4831
740.000000 1.4834
741.000000 1.4836
742.000000 1.4838
743.000000 1.484
744.000000 1.4842
745.000000 1.4844
746.000000 1.4846
747.000000 1.4848
748.000000 1.485
749.000000 1.4852
750.000000 1.4854
751.000000 1.4855
752.000000 1.4857
753.000000 1.4859
754.000000 1.4861
755.000000 1.4863
756.000000 1.4864
757.000000 1.4866
758.000000 1.4868
759.000000 1.487
760.000000 1.4871
761.000000 1.4873
762.000000 1.4875
763.000000 1.4876
764.000000 1.4878
765.000000 1.4879
766.000000 1.4881
767.000000 1.4882
768.000000 1.4884
769.000000 1.4885
770.000000 1.4887
771.000000 1.4888
772.000000 1.489
773.000000 1.4891
774.000000 1.4893
775.000000 1.4894
776.000000 1.4895
777.000000 1.4897
778.000000 1.4898
779.000000 1.4899
780.000000 1.49
781.000000 1.4902
782.000000 1.4903
783.000000 1.4904
784.000000 1.4905
785.000000 1.4907
786.000000 1.4908
787.000000 1.4909
788.000000 1.491
789.000000 1.4911
790.000000 1.4912
791.000000 1.4914
792.000000 1.4915
793.000000 1.4916
794.000000 1.4917
795.000000 1.4918
796.000000 1.4919
797.000000 1.492
798.000000 1.4921
799.000000 1.4922
800.000000 -2.7964
801.000000 1.6034
802.000000 -0.57421
803.000000 0.68475
804.000000 -0.1536
805.000000 0.27459
806.000000 -0.010339
807.000000 0.14654
808.000000 0.052667
809.000000 0.11085
810.000000 0.080789
811.000000 0.10329
812.000000 0.094873
813.000000 0.1046
814.000000 0.10339
815.000000 0.1083
816.000000 0.10919
817.000000 0.11199
818.000000 0.11317
819.000000 0.11482
820.000000 0.1157
821.000000 0.11656
822.000000 0.11699
823.000000 0.11725
824.000000 0.11721
825.000000 0.117
826.000000 0.11657
827.000000 0.11598
828.000000 0.11523
829.000000 0.11434
830.000000 0.11334
831.000000 0.11224
832.000000 0.11105
833.000000 0.10979
834.000000 0.10847
835.000000 0.1071
836.000000 0.1057
837.000000 0.10427
838.000000 0.10281
839.000000 0.10135
840.000000 0.099876
841.000000 0.098402
842.000000 0.096931
843.000000 0.095466
844.000000 0.094013
845.000000 0.092573
846.000000 0.091148
847.000000 0.089742
848.000000 0.088354
849.000000 0.086988
850.000000 0.085643
851.000000 0.084321
852.000000 0.083022
853.000000 0.081746
854.000000 0.080493
855.000000 0.079265
856.000000 0.078059
857.000000 0.076877
858.000000 0.075719
859.000000 0.074583
860.000000 0.07347
861.000000 0.072378
862.000000 0.071309
863.000000 0.07026
864.000000 0.069232
865.000000 0.068224
866.000000 0.067236
867.000000 0.066268
868.000000 0.065317
869.000000 0.064385
870.000000 0.063471
871.000000 0.062573
872.000000 0.061693
873.000000 0.060828
874.000000 0.059979
875.000000 0.059146
876.000000 0.058327
877.000000 0.057523
878.000000 0.056733
879.000000 0.055956
880.000000 0.055193
881.000000 0.054443
882.000000 0.053705
883.000000 0.052979
884.000000 0.052265
885.000000 0.051563
886.000000 0.050872
887.000000 0.050192
888.000000 0.049523
889.000000 0.048864
890.000000 0.048216
891.000000 0.047577
892.000000 0.046948
893.000000 0.046329
894.000000 0.045718
895.000000 0.045117
896.000000 0.044525
897.000000 0.043942
898.000000 0.043367
899.000000 0.0428
900.000000 0.042241
901.000000 0.041691
902.000000 0.041148
903.000000 0.040613
904.000000 0.040085
905.000000 0.039565
906.000000 0.039052
907.000000 0.038546
908.000000 0.038047
909.000000 0.037555
910.000000 0.037069
911.000000 0.036591
912.000000 0.036118
913.000000 0.035652
914.000000 0.035193
915.000000 0.034739
916.000000 0.034292
917.000000 0.033851
918.000000 0.033415
919.000000 0.032986
920.000000 0.032562
921.000000 0.032143
922.000000 0.03173
923.000000 0.031323
924.000000 0.030921
925.000000 0.030524
926.000000 0.030133
927.000000 0.029746
928.000000 0.029365
929.000000 0.028989
930.000000 0.028617
931.000000 0.02825
932.000000 0.027889
933.000000 0.027531
934.000000 0.027179
935.000000 0.026831
936.000000 0.026487
937.000000 0.026148
938.000000 0.025814
939.000000 0.025484
940.000000 0.025157
941.000000 0.024836
942.000000 0.024518
943.000000 0.024204
944.000000 0.023895
945.000000 0.023589
946.000000 0.023288
947.000000 0.02299
948.000000 0.022696
949.000000 0.022406
950.000000 0.022119
951.000000 0.021836
952.000000 0.021557
953.000000 0.021282
954.000000 0.02101
955.000000 0.020741
956.000000 0.020476
957.000000 0.020214
958.000000 0.019956
959.000000 0.019701
960.000000 0.019449
961.000000 0.019201
962.000000 0.018955
963.000000 0.018713
964.000000 0.018474
965.000000 0.018238
966.000000 0.018005
967.000000 0.017775
968.000000 0.017548
969.000000 0.017324
970.000000 0.017102
971.000000 0.016884
972.000000 0.016668
973.000000 0.016455
974.000000 0.016245
975.000000 0.016037
976.000000 0.015832
977.000000 0.01563
978.000000 0.01543
979.000000 0.015233
980.000000 0.015038
981.000000 0.014846
982.000000 0.014657
983.000000 0.014469
984.000000 0.014284
985.000000 0.014102
986.000000 0.013922
987.000000 0.013744
988.000000 0.013568
989.000000 0.013395
990.000000 0.013224
991.000000 0.013055
992.000000 0.012888
993.000000 0.012723
994.000000 0.012561
995.000000 0.0124
996.000000 0.012242
997.000000 0.012085
998.000000 0.011931
999.000000 0.011778
1000.000000 0.011628
1001.000000 0.011479
1002.000000 0.011333
1003.000000 0.011188
1004.000000 0.011045
1005.000000 0.010904
1006.000000 0.010764
1007.000000 0.010627
1008.000000 0.010491
1009.000000 0.010357
1010.000000 0.010225
1011.000000 0.010094
1012.000000 0.0099651
1013.000000 0.0098377
1014.000000 0.009712
1015.000000 0.0095879
1016.000000 0.0094654
1017.000000 0.0093444
1018.000000 0.009225
1019.000000 0.0091071
1020.000000 0.0089908
1021.000000 0.0088759
1022.000000 0.0087625
1023.000000 0.0086505
1024.000000 0.0085399
1025.000000 0.0084308
1026.000000 0.0083231
1027.000000 0.0082167
1028.000000 0.0081117
1029.000000 0.008008
1030.000000 0.0079057
1031.000000 0.0078047
1032.000000 0.0077049
1033.000000 0.0076065
1034.000000 0.0075093
1035.000000 0.0074133
1036.000000 0.0073186
1037.000000 0.007225
1038.000000 0.0071327
1039.000000 0.0070416
1040.000000 0.0069516
1041.000000 0.0068627
1042.000000 0.006775
1043.000000 0.0066885
1044.000000 0.006603
1045.000000 0.0065186
1046.000000 0.0064353
1047.000000 0.0063531
1048.000000 0.0062719
1049.000000 0.0061917
1050.000000 0.0061126
1051.000000 0.0060345
1052.000000 0.0059573
1053.000000 0.0058812
1054.000000 0.0058061
1055.000000 0.0057319
1056.000000 0.0056586
1057.000000 0.0055863
1058.000000 0.0055149
1059.000000 0.0054444
1060.000000 0.0053748
1061.000000 0.0053061
1062.000000 0.0052383
1063.000000 0.0051714
1064.000000 0.0051053
1065.000000 0.0050401
1066.000000 0.0049756
1067.000000 0.0049121
1068.000000 0.0048493
1069.000000 0.0047873
1070.000000 0.0047261
1071.000000 0.0046657
1072.000000 0.0046061
1073.000000 0.0045472
1074.000000 0.0044891
1075.000000 0.0044317
1076.000000 0.0043751
1077.000000 0.0043192
1078.000000 0.004264
1079.000000 0.0042095
1080.000000 0.0041557
1081.000000 0.0041026
1082.000000 0.0040502
1083.000000 0.0039984
1084.000000 0.0039473
1085.000000 0.0038968
1086.000000 0.003847
1087.000000 0.0037979
1088.000000 0.0037493
1089.000000 0.0037014
1090.000000 0.0036541
1091.000000 0.0036074
1092.000000 0.0035613
1093.000000 0.0035158
1094.000000 0.0034709
1095.000000 0.0034265
1096.000000 0.0033827
1097.000000 0.0033395
1098.000000 0.0032968
1099.000000 0.0032547
