0.000000 0
1.000000 0
2.000000 0
3.000000 0
4.000000 0
5.000000 0
6.000000 0
7.000000 0
8.000000 0
9.000000 6.3857
10.000000 -3.2242
11.000000 1.32
12.000000 -0.9104
13.000000 0.25316
14.000000 -0.23307
15.000000 0.094796
16.000000 0.019783
17.000000 0.1384
18.000000 0.15686
19.000000 0.21953
20.000000 0.25551
21.000000 0.29976
22.000000 0.3352
23.000000 0.37033
24.000000 0.40109
25.000000 0.42958
26.000000 0.45489
27.000000 0.4776
28.000000 0.49757
29.000000 0.51503
30.000000 0.53003
31.000000 0.54272
32.000000 0.55322
33.000000 0.56167
34.000000 0.5682
35.000000 0.57295
36.000000 0.57607
37.000000 0.5777
38.000000 0.57798
39.000000 0.57705
40.000000 0.57505
41.000000 0.5721
42.000000 0.56834
43.000000 0.56389
44.000000 0.55886
45.000000 0.55338
46.000000 0.54753
47.000000 0.54142
48.000000 0.53514
49.000000 0.52876
50.000000 0.52237
51.000000 0.51603
52.000000 0.50979
53.000000 0.50372
54.000000 0.49785
55.000000 0.49223
56.000000 0.48689
57.000000 0.48185
58.000000 0.47713
59.000000 0.47276
60.000000 0.46873
61.000000 0.46507
62.000000 0.46176
63.000000 0.4588
64.000000 0.4562
65.000000 0.45393
66.000000 0.452
67.000000 0.45038
68.000000 0.44907
69.000000 0.44804
70.000000 0.44728
71.000000 0.44678
72.000000 0.4465
73.000000 0.44643
74.000000 0.44655
75.000000 0.44684
76.000000 0.44729
77.000000 0.44786
78.000000 0.44856
79.000000 0.44934
80.000000 0.45021
81.000000 0.45114
82.000000 0.45212
83.000000 0.45314
84.000000 0.45418
85.000000 0.45522
86.000000 0.45627
87.000000 0.4573
88.000000 0.45831
89.000000 0.4593
90.000000 0.46025
91.000000 0.46116
92.000000 0.46203
93.000000 0.46285
94.000000 0.46362
95.000000 0.46434
96.000000 0.465
97.000000 0.46561
98.000000 0.46616
99.000000 0.46665
100.000000 0.46709
101.000000 0.46748
102.000000 0.46782
103.000000 0.46811
104.000000 0.46835
105.000000 0.46855
106.000000 0.4687
107.000000 0.46882
108.000000 0.4689
109.000000 0.46895
110.000000 0.46897
111.000000 0.46896
112.000000 0.46893
113.000000 0.46888
114.000000 0.4688
115.000000 0.46872
116.000000 0.46862
117.000000 0.46851
118.000000 0.46839
119.000000 0.46826
120.000000 0.46813
121.000000 0.468
122.000000 0.46787
123.000000 0.46774
124.000000 0.46761
125.000000 0.46748
126.000000 0.46736
127.000000 0.46724
128.000000 0.46713
129.000000 0.46703
130.000000 0.46693
131.000000 0.46684
132.000000 0.46676
133.000000 0.46668
134.000000 0.46661
135.000000 0.46655
136.000000 0.4665
137.000000 0.46645
138.000000 0.46642
139.000000 0.46638
140.000000 0.46636
141.000000 0.46634
142.000000 0.46633
143.000000 0.46632
144.000000 0.46632
145.000000 0.46632
146.000000 0.46633
147.000000 0.46634
148.000000 0.46635
149.000000 0.46636
150.000000 0.46638
151.000000 0.4664
152.000000 0.46642
153.000000 0.46645
154.000000 0.46647
155.000000 0.4665
156.000000 0.46652
157.000000 0.46655
158.000000 0.46657
159.000000 0.4666
160.000000 0.46662
161.000000 0.46664
162.000000 0.46667
163.000000 0.46669
164.000000 0.46671
165.000000 0.46673
166.000000 0.46675
167.000000 0.46676
168.000000 0.46678
169.000000 0.46679
170.000000 0.46681
171.000000 0.46682
172.000000 0.46683
173.000000 0.46684
174.000000 0.46685
175.000000 0.46686
176.000000 0.46686
177.000000 0.46687
178.000000 0.46687
179.000000 0.46687
180.000000 0.46688
181.000000 0.46688
182.000000 0.46688
183.000000 0.46688
184.000000 0.46688
185.000000 0.46688
186.000000 0.46688
187.000000 0.46688
188.000000 0.46688
189.000000 0.46687
190.000000 0.46687
191.000000 0.46687
192.000000 0.46687
193.000000 0.46687
194.000000 0.46686
195.000000 0.46686
196.000000 0.46686
197.000000 0.46686
198.000000 0.46685
199.000000 -12.305
200.000000 6.9152
201.000000 -2.1731
202.000000 2.2876
203.000000 -0.039475
204.000000 0.93299
205.000000 0.27725
206.000000 0.42727
207.000000 0.19003
208.000000 0.15312
209.000000 0.02777
210.000000 -0.044183
211.000000 -0.13268
212.000000 -0.20356
213.000000 -0.27383
214.000000 -0.33534
215.000000 -0.39232
216.000000 -0.44295
217.000000 -0.48837
218.000000 -0.52831
219.000000 -0.56323
220.000000 -0.59322
221.000000 -0.61861
222.000000 -0.63961
223.000000 -0.6565
224.000000 -0.66956
225.000000 -0.67907
226.000000 -0.68531
227.000000 -0.68857
228.000000 -0.68913
229.000000 -0.68726
230.000000 -0.68325
231.000000 -0.67736
232.000000 -0.66983
233.000000 -0.66093
234.000000 -0.65088
235.000000 -0.63991
236.000000 -0.62822
237.000000 -0.616
238.000000 -0.60343
239.000000 -0.59068
240.000000 -0.57789
241.000000 -0.5652
242.000000 -0.55273
243.000000 -0.54059
244.000000 -0.52885
245.000000 -0.51761
246.000000 -0.50692
247.000000 -0.49685
248.000000 -0.48742
249.000000 -0.47867
250.000000 -0.47062
251.000000 -0.46328
252.000000 -0.45666
253.000000 -0.45075
254.000000 -0.44554
255.000000 -0.44101
256.000000 -0.43715
257.000000 -0.43392
258.000000 -0.43129
259.000000 -0.42924
260.000000 -0.42772
261.000000 -0.4267
262.000000 -0.42614
263.000000 -0.426
264.000000 -0.42625
265.000000 -0.42683
266.000000 -0.42772
267.000000 -0.42888
268.000000 -0.43026
269.000000 -0.43184
270.000000 -0.43358
271.000000 -0.43544
272.000000 -0.4374
273.000000 -0.43943
274.000000 -0.4415
275.000000 -0.44359
276.000000 -0.44568
277.000000 -0.44775
278.000000 -0.44978
279.000000 -0.45175
280.000000 -0.45365
281.000000 -0.45548
282.000000 -0.45722
283.000000 -0.45886
284.000000 -0.4604
285.000000 -0.46183
286.000000 -0.46315
287.000000 -0.46436
288.000000 -0.46547
289.000000 -0.46646
290.000000 -0.46734
291.000000 -0.46812
292.000000 -0.46879
293.000000 -0.46937
294.000000 -0.46985
295.000000 -0.47025
296.000000 -0.47056
297.000000 -0.47079
298.000000 -0.47096
299.000000 -0.47105
300.000000 -0.47109
301.000000 -0.47107
302.000000 -0.47101
303.000000 -0.4709
304.000000 -0.47076
305.000000 -0.47058
306.000000 -0.47038
307.000000 -0.47016
308.000000 -0.46993
309.000000 -0.46967
310.000000 -0.46942
311.000000 -0.46915
312.000000 -0.46889
313.000000 -0.46862
314.000000 -0.46837
315.000000 -0.46811
316.000000 -0.46787
317.000000 -0.46763
318.000000 -0.46741
319.000000 -0.4672
320.000000 -0.46701
321.000000 -0.46683
322.000000 -0.46666
323.000000 -0.46651
324.000000 -0.46637
325.000000 -0.46625
326.000000 -0.46615
327.000000 -0.46606
328.000000 -0.46598
329.000000 -0.46592
330.000000 -0.46587
331.000000 -0.46583
332.000000 -0.46581
333.000000 -0.46579
334.000000 -0.46579
335.000000 -0.46579
336.000000 -0.4658
337.000000 -0.46582
338.000000 -0.46585
339.000000 -0.46588
340.000000 -0.46591
341.000000 -0.46595
342.000000 -0.466
343.000000 -0.46604
344.000000 -0.46609
345.000000 -0.46614
346.000000 -0.46619
347.000000 -0.46624
348.000000 -0.46629
349.000000 -0.46634
350.000000 -0.46639
351.000000 -0.46644
352.000000 -0.46648
353.000000 -0.46652
354.000000 -0.46657
355.000000 -0.46661
356.000000 -0.46664
357.000000 -0.46668
358.000000 -0.46671
359.000000 -0.46674
360.000000 -0.46676
361.000000 -0.46679
362.000000 -0.46681
363.000000 -0.46683
364.000000 -0.46685
365.000000 -0.46686
366.000000 -0.46687
367.000000 -0.46688
368.000000 -0.46689
369.000000 -0.4669
370.000000 -0.4669
371.000000 -0.46691
372.000000 -0.46691
373.000000 -0.46691
374.000000 -0.46691
375.000000 -0.46691
376.000000 -0.46691
377.000000 -0.46691
378.000000 -0.4669
379.000000 -0.4669
380.000000 -0.46689
381.000000 -0.46689
382.000000 -0.46688
383.000000 -0.46688
384.000000 -0.46687
385.000000 -0.46687
386.000000 -0.46686
387.000000 -0.46686
388.000000 -0.46686
389.000000 -0.46685
390.000000 -0.46685
391.000000 -0.46684
392.000000 -0.46684
393.000000 -0.46684
394.000000 -0.46683
395.000000 -0.46683
396.000000 -0.46683
397.000000 -0.46683
398.000000 -0.46682
399.000000 -0.46682
400.000000 -0.46682
401.000000 -0.46682
402.000000 -0.46682
403.000000 -0.46682
404.000000 -0.46682
405.000000 -0.46682
406.000000 -0.46682
407.000000 -0.46682
408.000000 -0.46682
409.000000 -0.46682
410.000000 -0.46682
411.000000 -0.46682
412.000000 -0.46682
413.000000 -0.46682
414.000000 -0.46683
415.000000 -0.46683
416.000000 -0.46683
417.000000 -0.46683
418.000000 -0.46683
419.000000 -0.46683
420.000000 -0.46683
421.000000 -0.46683
422.000000 -0.46684
423.000000 -0.46684
424.000000 -0.46684
425.000000 -0.46684
426.000000 -0.46684
427.000000 -0.46684
428.000000 -0.46684
429.000000 -0.46684
430.000000 -0.46684
431.000000 -0.46684
432.000000 -0.46685
433.000000 -0.46685
434.000000 -0.46685
435.000000 -0.46685
436.000000 -0.46685
437.000000 -0.46685
438.000000 -0.46685
439.000000 -0.46685
440.000000 -0.46685
441.000000 -0.46685
442.000000 -0.46685
443.000000 -0.46685
444.000000 -0.46685
445.000000 -0.46685
446.000000 -0.46685
447.000000 -0.46685
448.000000 -0.46685
449.000000 -0.46685
450.000000 -0.46685
451.000000 -0.46685
452.000000 -0.46685
453.000000 -0.46685
454.000000 -0.46685
455.000000 -0.46685
456.000000 -0.46685
457.000000 -0.46685
458.000000 -0.46685
459.000000 -0.46685
460.000000 -0.46685
461.000000 -0.46685
462.000000 -0.46685
463.000000 -0.46685
464.000000 -0.46685
465.000000 -0.46685
466.000000 -0.46685
467.000000 -0.46685
468.000000 -0.46685
469.000000 -0.46685
470.000000 -0.46685
471.000000 -0.46685
472.000000 -0.46685
473.000000 -0.46685
474.000000 -0.46685
475.000000 -0.46685
476.000000 -0.46685
477.000000 -0.46685
478.000000 -0.46685
479.000000 -0.46685
480.000000 -0.46685
481.000000 -0.46685
482.000000 -0.46685
483.000000 -0.46685
484.000000 -0.46685
485.000000 -0.46685
486.000000 -0.46685
487.000000 -0.46685
488.000000 -0.46685
489.000000 -0.46685
490.000000 -0.46685
491.000000 -0.46685
492.000000 -0.46685
493.000000 -0.46685
494.000000 -0.46685
495.000000 -0.46685
496.000000 -0.46685
497.000000 -0.46685
498.000000 -0.46685
499.000000 10.708
500.000000 -6.1091
501.000000 1.8431
502.000000 -2.06
503.000000 -0.023821
504.000000 -0.87473
505.000000 -0.30096
506.000000 -0.43223
507.000000 -0.22464
508.000000 -0.19235
509.000000 -0.082667
510.000000 -0.019709
511.000000 0.057729
512.000000 0.11975
513.000000 0.18123
514.000000 0.23505
515.000000 0.28491
516.000000 0.32921
517.000000 0.36895
518.000000 0.4039
519.000000 0.43445
520.000000 0.4607
521.000000 0.48291
522.000000 0.50129
523.000000 0.51607
524.000000 0.5275
525.000000 0.53582
526.000000 0.54128
527.000000 0.54413
528.000000 0.54462
529.000000 0.54299
530.000000 0.53948
531.000000 0.53432
532.000000 0.52774
533.000000 0.51995
534.000000 0.51116
535.000000 0.50156
536.000000 0.49133
537.000000 0.48064
538.000000 0.46964
539.000000 0.45848
540.000000 0.4473
541.000000 0.43619
542.000000 0.42528
543.000000 0.41466
544.000000 0.40439
545.000000 0.39455
546.000000 0.3852
547.000000 0.37638
548.000000 0.36813
549.000000 0.36048
550.000000 0.35343
551.000000 0.34702
552.000000 0.34122
553.000000 0.33605
554.000000 0.33149
555.000000 0.32753
556.000000 0.32415
557.000000 0.32132
558.000000 0.31902
559.000000 0.31723
560.000000 0.3159
561.000000 0.31501
562.000000 0.31452
563.000000 0.3144
564.000000 0.31461
565.000000 0.31512
566.000000 0.3159
567.000000 0.31691
568.000000 0.31812
569.000000 0.3195
570.000000 0.32102
571.000000 0.32265
572.000000 0.32437
573.000000 0.32614
574.000000 0.32796
575.000000 0.32979
576.000000 0.33161
577.000000 0.33342
578.000000 0.3352
579.000000 0.33692
580.000000 0.33859
581.000000 0.34019
582.000000 0.34171
583.000000 0.34314
584.000000 0.34449
585.000000 0.34574
586.000000 0.3469
587.000000 0.34796
588.000000 0.34893
589.000000 0.34979
590.000000 0.35057
591.000000 0.35125
592.000000 0.35184
593.000000 0.35234
594.000000 0.35276
595.000000 0.35311
596.000000 0.35338
597.000000 0.35359
598.000000 0.35373
599.000000 0.35381
600.000000 0.35385
601.000000 0.35383
602.000000 0.35378
603.000000 0.35368
604.000000 0.35356
605.000000 0.3534
606.000000 0.35323
607.000000 0.35304
608.000000 0.35283
609.000000 0.35261
610.000000 0.35238
611.000000 0.35215
612.000000 0.35192
613.000000 0.35169
614.000000 0.35146
615.000000 0.35124
616.000000 0.35103
617.000000 0.35082
618.000000 0.35063
619.000000 0.35045
620.000000 0.35028
621.000000 0.35012
622.000000 0.34997
623.000000 0.34984
624.000000 0.34972
625.000000 0.34962
626.000000 0.34952
627.000000 0.34944
628.000000 0.34938
629.000000 0.34932
630.000000 0.34928
631.000000 0.34925
632.000000 0.34922
633.000000 0.34921
634.000000 0.34921
635.000000 0.34921
636.000000 0.34922
637.000000 0.34924
638.000000 0.34926
639.000000 0.34929
640.000000 0.34932
641.000000 0.34935
642.000000 0.34939
643.000000 0.34943
644.000000 0.34947
645.000000 0.34952
646.000000 0.34956
647.000000 0.3496
648.000000 0.34965
649.000000 0.34969
650.000000 0.34973
651.000000 0.34978
652.000000 0.34981
653.000000 0.34985
654.000000 0.34989
655.000000 0.34992
656.000000 0.34996
657.000000 0.34999
658.000000 0.35001
659.000000 0.35004
660.000000 0.35006
661.000000 0.35008
662.000000 0.3501
663.000000 0.35012
664.000000 0.35013
665.000000 0.35015
666.000000 0.35016
667.000000 0.35017
668.000000 0.35017
669.000000 0.35018
670.000000 0.35019
671.000000 0.35019
672.000000 0.35019
673.000000 0.35019
674.000000 0.35019
675.000000 0.35019
676.000000 0.35019
677.000000 0.35019
678.000000 0.35018
679.000000 0.35018
680.000000 0.35018
681.000000 0.35017
682.000000 0.35017
683.000000 0.35016
684.000000 0.35016
685.000000 0.35015
686.000000 0.35015
687.000000 0.35015
688.000000 0.35014
689.000000 0.35014
690.000000 0.35013
691.000000 0.35013
692.000000 0.35013
693.000000 0.35012
694.000000 0.35012
695.000000 0.35012
696.000000 0.35012
697.000000 0.35012
698.000000 0.35011
699.000000 0.35011
700.000000 0.35011
701.000000 0.35011
702.000000 0.35011
703.000000 0.35011
704.000000 0.35011
705.000000 0.35011
706.000000 0.35011
707.000000 0.35011
708.000000 0.35011
709.000000 0.35011
710.000000 0.35011
711.000000 0.35011
712.000000 0.35011
713.000000 0.35012
714.000000 0.35012
715.000000 0.35012
716.000000 0.35012
717.000000 0.35012
718.000000 0.35012
719.000000 0.35012
720.000000 0.35012
721.000000 0.35012
722.000000 0.35013
723.000000 0.35013
724.000000 0.35013
725.000000 0.35013
726.000000 0.35013
727.000000 0.35013
728.000000 0.35013
729.000000 0.35013
730.000000 0.35013
731.000000 0.35013
732.000000 0.35013
733.000000 0.35013
734.000000 0.35013
735.000000 0.35014
736.000000 0.35014
737.000000 0.35014
738.000000 0.35014
739.000000 0.35014
740.000000 0.35014
741.000000 0.35014
742.000000 0.35014
743.000000 0.35014
744.000000 0.35014
745.000000 0.35014
746.000000 0.35014
747.000000 0.35014
748.000000 0.35014
749.000000 0.35014
750.000000 0.35014
751.000000 0.35014
752.000000 0.35014
753.000000 0.35014
754.000000 0.35014
755.000000 0.35014
756.000000 0.35014
757.000000 0.35014
758.000000 0.35014
759.000000 0.35014
760.000000 0.35014
761.000000 0.35014
762.000000 0.35014
763.000000 0.35014
764.000000 0.35014
765.000000 0.35014
766.000000 0.35014
767.000000 0.35014
768.000000 0.35014
769.000000 0.35014
770.000000 0.35014
771.000000 0.35014
772.000000 0.35014
773.000000 0.35014
774.000000 0.35014
775.000000 0.35014
776.000000 0.35014
777.000000 0.35014
778.000000 0.35014
779.000000 0.35014
780.000000 0.35014
781.000000 0.35014
782.000000 0.35014
783.000000 0.35014
784.000000 0.35014
785.000000 0.35014
786.000000 0.35014
787.000000 0.35014
788.000000 0.35014
789.000000 0.35014
790.000000 0.35014
791.000000 0.35014
792.000000 0.35014
793.000000 0.35014
794.000000 0.35014
795.000000 0.35014
796.000000 0.35014
797.000000 0.35014
798.000000 0.35014
799.000000 -4.4392
800.000000 2.7683
801.000000 -0.63983
802.000000 1.0329
803.000000 0.16027
804.000000 0.52494
805.000000 0.27904
806.000000 0.3353
807.000000 0.24633
808.000000 0.23249
809.000000 0.18549
810.000000 0.15851
811.000000 0.12532
812.000000 0.098739
813.000000 0.072389
814.000000 0.049322
815.000000 0.027953
816.000000 0.0089702
817.000000 -0.0080643
818.000000 -0.023043
819.000000 -0.036136
820.000000 -0.047385
821.000000 -0.056904
822.000000 -0.064778
823.000000 -0.071114
824.000000 -0.076012
825.000000 -0.079578
826.000000 -0.081918
827.000000 -0.08314
828.000000 -0.08335
829.000000 -0.082651
830.000000 -0.081147
831.000000 -0.078936
832.000000 -0.076116
833.000000 -0.072778
834.000000 -0.06901
835.000000 -0.064895
836.000000 -0.06051
837.000000 -0.055928
838.000000 -0.051215
839.000000 -0.046434
840.000000 -0.041639
841.000000 -0.036882
842.000000 -0.032206
843.000000 -0.027651
844.000000 -0.023251
845.000000 -0.019035
846.000000 -0.015027
847.000000 -0.011248
848.000000 -0.0077121
849.000000 -0.0044313
850.000000 -0.0014131
851.000000 0.0013381
852.000000 0.003821
853.000000 0.0060373
854.000000 0.0079911
855.000000 0.0096887
856.000000 0.011138
857.000000 0.01235
858.000000 0.013335
859.000000 0.014105
860.000000 0.014674
861.000000 0.015056
862.000000 0.015266
863.000000 0.015318
864.000000 0.015226
865.000000 0.015006
866.000000 0.014672
867.000000 0.014239
868.000000 0.01372
869.000000 0.013129
870.000000 0.012478
871.000000 0.011779
872.000000 0.011044
873.000000 0.010283
874.000000 0.009506
875.000000 0.0087218
876.000000 0.0079384
877.000000 0.0071634
878.000000 0.0064032
879.000000 0.0056634
880.000000 0.0049492
881.000000 0.0042646
882.000000 0.0036132
883.000000 0.0029979
884.000000 0.0024209
885.000000 0.0018837
886.000000 0.0013874
887.000000 0.00093265
888.000000 0.00051952
889.000000 0.00014772
890.000000 -0.00018345
891.000000 -0.00047496
892.000000 -0.00072812
893.000000 -0.00094444
894.000000 -0.0011257
895.000000 -0.0012737
896.000000 -0.0013905
897.000000 -0.0014783
898.000000 -0.0015392
899.000000 -0.0015755
900.000000 -0.0015894
901.000000 -0.0015832
902.000000 -0.0015591
903.000000 -0.0015191
904.000000 -0.0014655
905.000000 -0.0014002
906.000000 -0.0013252
907.000000 -0.0012422
908.000000 -0.001153
909.000000 -0.0010592
910.000000 -0.00096218
911.000000 -0.00086341
912.000000 -0.0007641
913.000000 -0.00066535
914.000000 -0.00056815
915.000000 -0.00047339
916.000000 -0.00038182
917.000000 -0.00029409
918.000000 -0.00021075
919.000000 -0.00013223
920.000000 -5.8898e-05
921.000000 8.9989e-06
922.000000 7.1279e-05
923.000000 0.00012784
924.000000 0.00017865
925.000000 0.00022373
926.000000 0.00026317
927.000000 0.00029711
928.000000 0.00032571
929.000000 0.0003492
930.000000 0.00036781
931.000000 0.00038181
932.000000 0.0003915
933.000000 0.00039717
934.000000 0.00039914
935.000000 0.00039773
936.000000 0.00039326
937.000000 0.00038606
938.000000 0.00037644
939.000000 0.00036472
940.000000 0.00035119
941.000000 0.00033615
942.000000 0.00031987
943.000000 0.00030261
944.000000 0.00028463
945.000000 0.00026614
946.000000 0.00024737
947.000000 0.00022851
948.000000 0.00020973
949.000000 0.0001912
950.000000 0.00017305
951.000000 0.00015541
952.000000 0.00013839
953.000000 0.00012208
954.000000 0.00010654
955.000000 9.1856e-05
956.000000 7.8058e-05
957.000000 6.5184e-05
958.000000 5.3257e-05
959.000000 4.2287e-05
960.000000 3.2274e-05
961.000000 2.3211e-05
962.000000 1.5081e-05
963.000000 7.8607e-06
964.000000 1.5199e-06
965.000000 -3.9763e-06
966.000000 -8.6674e-06
967.000000 -1.2597e-05
968.000000 -1.581e-05
969.000000 -1.8355e-05
970.000000 -2.0282e-05
971.000000 -2.1641e-05
972.000000 -2.2483e-05
973.000000 -2.2858e-05
974.000000 -2.2816e-05
975.000000 -2.2405e-05
976.000000 -2.1673e-05
977.000000 -2.0664e-05
978.000000 -1.9422e-05
979.000000 -1.7987e-05
980.000000 -1.6399e-05
981.000000 -1.4694e-05
982.000000 -1.2903e-05
983.000000 -1.1059e-05
984.000000 -9.1896e-06
985.000000 -7.319e-06
986.000000 -5.4703e-06
987.000000 -3.6631e-06
988.000000 -1.9149e-06
989.000000 -2.4046e-07
990.000000 1.3477e-06
991.000000 2.8395e-06
992.000000 4.2266e-06
993.000000 5.503e-06
994.000000 6.6644e-06
995.000000 7.708e-06
996.000000 8.6329e-06
997.000000 9.4393e-06
998.000000 1.0129e-05
999.000000 1.0704e-05
1000.000000 1.1168e-05
1001.000000 1.1526e-05
1002.000000 1.1783e-05
1003.000000 1.1944e-05
1004.000000 1.2016e-05
1005.000000 1.2005e-05
1006.000000 1.1917e-05
1007.000000 1.1761e-05
1008.000000 1.1542e-05
1009.000000 1.1267e-05
1010.000000 1.0943e-05
1011.000000 1.0578e-05
1012.000000 1.0177e-05
1013.000000 9.7465e-06
1014.000000 9.2928e-06
1015.000000 8.8213e-06
1016.000000 8.3374e-06
1017.000000 7.846e-06
1018.000000 7.3516e-06
1019.000000 6.8584e-06
1020.000000 6.3702e-06
1021.000000 5.8903e-06
1022.000000 5.4219e-06
1023.000000 4.9674e-06
1024.000000 4.5292e-06
1025.000000 4.1091e-06
1026.000000 3.7087e-06
1027.000000 3.3294e-06
1028.000000 2.9719e-06
1029.000000 2.637e-06
1030.000000 2.325e-06
1031.000000 2.0361e-06
1032.000000 1.7703e-06
1033.000000 1.5273e-06
1034.000000 1.3067e-06
1035.000000 1.1078e-06
1036.000000 9.299e-07
1037.000000 7.7223e-07
1038.000000 6.3381e-07
1039.000000 5.1365e-07
1040.000000 4.1065e-07
1041.000000 3.237e-07
1042.000000 2.5167e-07
1043.000000 1.9337e-07
1044.000000 1.4764e-07
1045.000000 1.1333e-07
1046.000000 8.9291e-08
1047.000000 7.4407e-08
1048.000000 6.76e-08
1049.000000 6.7829e-08
1050.000000 7.4103e-08
1051.000000 8.5478e-08
1052.000000 1.0107e-07
1053.000000 1.2005e-07
1054.000000 1.4165e-07
1055.000000 1.6517e-07
1056.000000 1.8995e-07
1057.000000 2.1542e-07
1058.000000 2.4104e-07
1059.000000 2.6636e-07
1060.000000 2.9096e-07
1061.000000 3.145e-07
1062.000000 3.3668e-07
1063.000000 3.5725e-07
1064.000000 3.76e-07
1065.000000 3.9279e-07
1066.000000 4.075e-07
1067.000000 4.2005e-07
1068.000000 4.3039e-07
1069.000000 4.3853e-07
1070.000000 4.4447e-07
1071.000000 4.4826e-07
1072.000000 4.4997e-07
1073.000000 4.4967e-07
1074.000000 4.4746e-07
1075.000000 4.4346e-07
1076.000000 4.3779e-07
1077.000000 4.3058e-07
1078.000000 4.2197e-07
1079.000000 4.1209e-07
1080.000000 4.0109e-07
1081.000000 3.8912e-07
1082.000000 3.7631e-07
1083.000000 3.6279e-07
1084.000000 3.4871e-07
1085.000000 3.342e-07
1086.000000 3.1937e-07
1087.000000 3.0434e-07
1088.000000 2.8922e-07
1089.000000 2.7412e-07
1090.000000 2.5912e-07
1091.000000 2.4432e-07
1092.000000 2.2978e-07
1093.000000 2.1558e-07
1094.000000 2.0177e-07
1095.000000 1.8842e-07
1096.000000 1.7556e-07
1097.000000 1.6322e-07
1098.000000 1.5145e-07
1099.000000 1.4026e-07
