0.000000 0
1.000000 0
2.000000 0
3.000000 0
4.000000 0
5.000000 0
6.000000 0
7.000000 0
8.000000 0
9.000000 0
10.000000 3.4503
11.000000 1.9973
12.000000 2.9587
13.000000 2.0814
14.000000 2.4149
15.000000 2.0018
16.000000 2.1451
17.000000 1.9665
18.000000 2.0332
19.000000 1.9568
20.000000 1.9871
21.000000 1.9533
22.000000 1.9659
23.000000 1.95
24.000000 1.9545
25.000000 1.9464
26.000000 1.9475
27.000000 1.9432
28.000000 1.943
29.000000 1.9405
30.000000 1.9401
31.000000 1.9387
32.000000 1.9383
33.000000 1.9376
34.000000 1.9374
35.000000 1.9372
36.000000 1.9372
37.000000 1.9373
38.000000 1.9376
39.000000 1.9379
40.000000 1.9383
41.000000 1.9388
42.000000 1.9394
43.000000 1.9401
44.000000 1.9408
45.000000 1.9416
46.000000 1.9424
47.000000 1.9433
48.000000 1.9442
49.000000 1.9451
50.000000 1.946
51.000000 1.947
52.000000 1.948
53.000000 1.949
54.000000 1.95
55.000000 1.9511
56.000000 1.9521
57.000000 1.9531
58.000000 1.9542
59.000000 1.9552
60.000000 1.9563
61.000000 1.9573
62.000000 1.9583
63.000000 1.9594
64.000000 1.9604
65.000000 1.9614
66.000000 1.9624
67.000000 1.9634
68.000000 1.9644
69.000000 1.9654
70.000000 1.9664
71.000000 1.9673
72.000000 1.9682
73.000000 1.9692
74.000000 1.9701
75.000000 1.971
76.000000 1.9719
77.000000 1.9727
78.000000 1.9736
79.000000 1.9744
80.000000 1.9752
81.000000 1.9761
82.000000 1.9768
83.000000 1.9776
84.000000 1.9784
85.000000 1.9791
86.000000 1.9799
87.000000 1.9806
88.000000 1.9813
89.000000 1.9819
90.000000 1.9826
91.000000 1.9833
92.000000 1.9839
93.000000 1.9845
94.000000 1.9851
95.000000 1.9857
96.000000 1.9863
97.000000 1.9868
98.000000 1.9874
99.000000 1.9879
100.000000 1.9884
101.000000 1.9889
102.000000 1.9894
103.000000 1.9899
104.000000 1.9903
105.000000 1.9908
106.000000 1.9912
107.000000 1.9916
108.000000 1.992
109.000000 1.9924
110.000000 1.9928
111.000000 1.9932
112.000000 1.9935
113.000000 1.9939
114.000000 1.9942
115.000000 1.9945
116.000000 1.9948
117.000000 1.9951
118.000000 1.9954
119.000000 1.9957
120.000000 1.996
121.000000 1.9962
122.000000 1.9965
123.000000 1.9967
124.000000 1.9969
125.000000 1.9972
126.000000 1.9974
127.000000 1.9976
128.000000 1.9978
129.000000 1.998
130.000000 1.9982
131.000000 1.9983
132.000000 1.9985
133.000000 1.9987
134.000000 1.9988
135.000000 1.999
136.000000 1.9991
137.000000 1.9992
138.000000 1.9994
139.000000 1.9995
140.000000 1.9996
141.000000 1.9997
142.000000 1.9998
143.000000 1.9999
144.000000 2
145.000000 2.0001
146.000000 2.0002
147.000000 2.0003
148.000000 2.0003
149.000000 2.0004
150.000000 2.0005
151.000000 2.0005
152.000000 2.0006
153.000000 2.0006
154.000000 2.0007
155.000000 2.0007
156.000000 2.0008
157.000000 2.0008
158.000000 2.0009
159.000000 2.0009
160.000000 2.0009
161.000000 2.0009
162.000000 2.001
163.000000 2.001
164.000000 2.001
165.000000 2.001
166.000000 2.0011
167.000000 2.0011
168.000000 2.0011
169.000000 2.0011
170.000000 2.0011
171.000000 2.0011
172.000000 2.0011
173.000000 2.0011
174.000000 2.0011
175.000000 2.0011
176.000000 2.0011
177.000000 2.0011
178.000000 2.0011
179.000000 2.0011
180.000000 2.0011
181.000000 2.0011
182.000000 2.0011
183.000000 2.0011
184.000000 2.0011
185.000000 2.0011
186.000000 2.0011
187.000000 2.001
188.000000 2.001
189.000000 2.001
190.000000 2.001
191.000000 2.001
192.000000 2.001
193.000000 2.001
194.000000 2.001
195.000000 2.0009
196.000000 2.0009
197.000000 2.0009
198.000000 2.0009
199.000000 2.0009
200.000000 -4.8997
201.000000 -1.9937
202.000000 -3.9165
203.000000 -2.162
204.000000 -2.829
205.000000 -2.0028
206.000000 -2.2894
207.000000 -1.9322
208.000000 -2.0656
209.000000 -1.9129
210.000000 -1.9734
211.000000 -1.9059
212.000000 -1.9311
213.000000 -1.8994
214.000000 -1.9083
215.000000 -1.8923
216.000000 -1.8944
217.000000 -1.8857
218.000000 -1.8854
219.000000 -1.8805
220.000000 -1.8796
221.000000 -1.8769
222.000000 -1.8761
223.000000 -1.8747
224.000000 -1.8744
225.000000 -1.8739
226.000000 -1.874
227.000000 -1.8742
228.000000 -1.8747
229.000000 -1.8754
230.000000 -1.8763
231.000000 -1.8773
232.000000 -1.8785
233.000000 -1.8798
234.000000 -1.8813
235.000000 -1.8829
236.000000 -1.8845
237.000000 -1.8862
238.000000 -1.888
239.000000 -1.8899
240.000000 -1.8918
241.000000 -1.8938
242.000000 -1.8958
243.000000 -1.8978
244.000000 -1.8998
245.000000 -1.9019
246.000000 -1.904
247.000000 -1.9061
248.000000 -1.9082
249.000000 -1.9103
250.000000 -1.9123
251.000000 -1.9144
252.000000 -1.9165
253.000000 -1.9186
254.000000 -1.9206
255.000000 -1.9227
256.000000 -1.9247
257.000000 -1.9267
258.000000 -1.9287
259.000000 -1.9307
260.000000 -1.9326
261.000000 -1.9345
262.000000 -1.9364
263.000000 -1.9383
264.000000 -1.9401
265.000000 -1.9419
266.000000 -1.9437
267.000000 -1.9454
268.000000 -1.9471
269.000000 -1.9488
270.000000 -1.9504
271.000000 -1.9521
272.000000 -1.9536
273.000000 -1.9552
274.000000 -1.9567
275.000000 -1.9582
276.000000 -1.9597
277.000000 -1.9611
278.000000 -1.9625
279.000000 -1.9639
280.000000 -1.9652
281.000000 -1.9665
282.000000 -1.9678
283.000000 -1.969
284.000000 -1.9702
285.000000 -1.9714
286.000000 -1.9725
287.000000 -1.9736
288.000000 -1.9747
289.000000 -1.9758
290.000000 -1.9768
291.000000 -1.9778
292.000000 -1.9788
293.000000 -1.9797
294.000000 -1.9806
295.000000 -1.9815
296.000000 -1.9824
297.000000 -1.9832
298.000000 -1.984
299.000000 -1.9848
300.000000 -1.9856
301.000000 -1.9863
302.000000 -1.987
303.000000 -1.9877
304.000000 -1.9884
305.000000 -1.989
306.000000 -1.9897
307.000000 -1.9903
308.000000 -1.9908
309.000000 -1.9914
310.000000 -1.9919
311.000000 -1.9925
312.000000 -1.993
313.000000 -1.9935
314.000000 -1.9939
315.000000 -1.9944
316.000000 -1.9948
317.000000 -1.9952
318.000000 -1.9956
319.000000 -1.996
320.000000 -1.9963
321.000000 -1.9967
322.000000 -1.997
323.000000 -1.9973
324.000000 -1.9977
325.000000 -1.9979
326.000000 -1.9982
327.000000 -1.9985
328.000000 -1.9987
329.000000 -1.999
330.000000 -1.9992
331.000000 -1.9994
332.000000 -1.9996
333.000000 -1.9998
334.000000 -2
335.000000 -2.0002
336.000000 -2.0004
337.000000 -2.0005
338.000000 -2.0007
339.000000 -2.0008
340.000000 -2.0009
341.000000 -2.0011
342.000000 -2.0012
343.000000 -2.0013
344.000000 -2.0014
345.000000 -2.0015
346.000000 -2.0016
347.000000 -2.0016
348.000000 -2.0017
349.000000 -2.0018
350.000000 -2.0019
351.000000 -2.0019
352.000000 -2.002
353.000000 -2.002
354.000000 -2.0021
355.000000 -2.0021
356.000000 -2.0021
357.000000 -2.0022
358.000000 -2.0022
359.000000 -2.0022
360.000000 -2.0022
361.000000 -2.0022
362.000000 -2.0022
363.000000 -2.0022
364.000000 -2.0023
365.000000 -2.0023
366.000000 -2.0023
367.000000 -2.0022
368.000000 -2.0022
369.000000 -2.0022
370.000000 -2.0022
371.000000 -2.0022
372.000000 -2.0022
373.000000 -2.0022
374.000000 -2.0022
375.000000 -2.0021
376.000000 -2.0021
377.000000 -2.0021
378.000000 -2.0021
379.000000 -2.0021
380.000000 -2.002
381.000000 -2.002
382.000000 -2.002
383.000000 -2.0019
384.000000 -2.0019
385.000000 -2.0019
386.000000 -2.0019
387.000000 -2.0018
388.000000 -2.0018
389.000000 -2.0018
390.000000 -2.0017
391.000000 -2.0017
392.000000 -2.0017
393.000000 -2.0016
394.000000 -2.0016
395.000000 -2.0016
396.000000 -2.0015
397.000000 -2.0015
398.000000 -2.0015
399.000000 -2.0014
400.000000 -2.0014
401.000000 -2.0014
402.000000 -2.0013
403.000000 -2.0013
404.000000 -2.0013
405.000000 -2.0012
406.000000 -2.0012
407.000000 -2.0012
408.000000 -2.0011
409.000000 -2.0011
410.000000 -2.0011
411.000000 -2.001
412.000000 -2.001
413.000000 -2.001
414.000000 -2.001
415.000000 -2.0009
416.000000 -2.0009
417.000000 -2.0009
418.000000 -2.0008
419.000000 -2.0008
420.000000 -2.0008
421.000000 -2.0008
422.000000 -2.0007
423.000000 -2.0007
424.000000 -2.0007
425.000000 -2.0007
426.000000 -2.0006
427.000000 -2.0006
428.000000 -2.0006
429.000000 -2.0006
430.000000 -2.0006
431.000000 -2.0005
432.000000 -2.0005
433.000000 -2.0005
434.000000 -2.0005
435.000000 -2.0005
436.000000 -2.0004
437.000000 -2.0004
438.000000 -2.0004
439.000000 -2.0004
440.000000 -2.0004
441.000000 -2.0004
442.000000 -2.0003
443.000000 -2.0003
444.000000 -2.0003
445.000000 -2.0003
446.000000 -2.0003
447.000000 -2.0003
448.000000 -2.0003
449.000000 -2.0002
450.000000 -2.0002
451.000000 -2.0002
452.000000 -2.0002
453.000000 -2.0002
454.000000 -2.0002
455.000000 -2.0002
456.000000 -2.0002
457.000000 -2.0001
458.000000 -2.0001
459.000000 -2.0001
460.000000 -2.0001
461.000000 -2.0001
462.000000 -2.0001
463.000000 -2.0001
464.000000 -2.0001
465.000000 -2.0001
466.000000 -2.0001
467.000000 -2.0001
468.000000 -2.0001
469.000000 -2.0001
470.000000 -2
471.000000 -2
472.000000 -2
473.000000 -2
474.000000 -2
475.000000 -2
476.000000 -2
477.000000 -2
478.000000 -2
479.000000 -2
480.000000 -2
481.000000 -2
482.000000 -2
483.000000 -2
484.000000 -2
485.000000 -2
486.000000 -2
487.000000 -2
488.000000 -2
489.000000 -2
490.000000 -2
491.000000 -2
492.000000 -2
493.000000 -2
494.000000 -2
495.000000 -2
496.000000 -2
497.000000 -2
498.000000 -2
499.000000 -2
500.000000 4.0381
501.000000 1.4953
502.000000 3.1777
503.000000 1.6425
504.000000 2.2261
505.000000 1.5032
506.000000 1.754
507.000000 1.4413
508.000000 1.5581
509.000000 1.4245
510.000000 1.4774
511.000000 1.4183
512.000000 1.4403
513.000000 1.4125
514.000000 1.4203
515.000000 1.4063
516.000000 1.4081
517.000000 1.4006
518.000000 1.4002
519.000000 1.396
520.000000 1.3951
521.000000 1.3928
522.000000 1.3921
523.000000 1.3909
524.000000 1.3905
525.000000 1.3901
526.000000 1.3902
527.000000 1.3903
528.000000 1.3908
529.000000 1.3913
530.000000 1.3921
531.000000 1.393
532.000000 1.3941
533.000000 1.3952
534.000000 1.3965
535.000000 1.3978
536.000000 1.3993
537.000000 1.4008
538.000000 1.4023
539.000000 1.4039
540.000000 1.4056
541.000000 1.4073
542.000000 1.409
543.000000 1.4108
544.000000 1.4126
545.000000 1.4144
546.000000 1.4162
547.000000 1.418
548.000000 1.4198
549.000000 1.4217
550.000000 1.4235
551.000000 1.4253
552.000000 1.4271
553.000000 1.4289
554.000000 1.4307
555.000000 1.4325
556.000000 1.4343
557.000000 1.436
558.000000 1.4377
559.000000 1.4395
560.000000 1.4411
561.000000 1.4428
562.000000 1.4445
563.000000 1.4461
564.000000 1.4477
565.000000 1.4492
566.000000 1.4508
567.000000 1.4523
568.000000 1.4538
569.000000 1.4553
570.000000 1.4567
571.000000 1.4581
572.000000 1.4595
573.000000 1.4609
574.000000 1.4622
575.000000 1.4635
576.000000 1.4648
577.000000 1.466
578.000000 1.4672
579.000000 1.4684
580.000000 1.4696
581.000000 1.4707
582.000000 1.4718
583.000000 1.4729
584.000000 1.4739
585.000000 1.475
586.000000 1.476
587.000000 1.4769
588.000000 1.4779
589.000000 1.4788
590.000000 1.4797
591.000000 1.4806
592.000000 1.4814
593.000000 1.4823
594.000000 1.4831
595.000000 1.4838
596.000000 1.4846
597.000000 1.4853
598.000000 1.486
599.000000 1.4867
600.000000 1.4874
601.000000 1.488
602.000000 1.4887
603.000000 1.4893
604.000000 1.4898
605.000000 1.4904
606.000000 1.4909
607.000000 1.4915
608.000000 1.492
609.000000 1.4925
610.000000 1.4929
611.000000 1.4934
612.000000 1.4938
613.000000 1.4943
614.000000 1.4947
615.000000 1.4951
616.000000 1.4954
617.000000 1.4958
618.000000 1.4961
619.000000 1.4965
620.000000 1.4968
621.000000 1.4971
622.000000 1.4974
623.000000 1.4977
624.000000 1.4979
625.000000 1.4982
626.000000 1.4984
627.000000 1.4987
628.000000 1.4989
629.000000 1.4991
630.000000 1.4993
631.000000 1.4995
632.000000 1.4997
633.000000 1.4998
634.000000 1.5
635.000000 1.5002
636.000000 1.5003
637.000000 1.5004
638.000000 1.5006
639.000000 1.5007
640.000000 1.5008
641.000000 1.5009
642.000000 1.501
643.000000 1.5011
644.000000 1.5012
645.000000 1.5013
646.000000 1.5014
647.000000 1.5014
648.000000 1.5015
649.000000 1.5016
650.000000 1.5016
651.000000 1.5017
652.000000 1.5017
653.000000 1.5017
654.000000 1.5018
655.000000 1.5018
656.000000 1.5018
657.000000 1.5019
658.000000 1.5019
659.000000 1.5019
660.000000 1.5019
661.000000 1.5019
662.000000 1.5019
663.000000 1.502
664.000000 1.502
665.000000 1.502
666.000000 1.502
667.000000 1.502
668.000000 1.502
669.000000 1.5019
670.000000 1.5019
671.000000 1.5019
672.000000 1.5019
673.000000 1.5019
674.000000 1.5019
675.000000 1.5019
676.000000 1.5018
677.000000 1.5018
678.000000 1.5018
679.000000 1.5018
680.000000 1.5018
681.000000 1.5017
682.000000 1.5017
683.000000 1.5017
684.000000 1.5017
685.000000 1.5016
686.000000 1.5016
687.000000 1.5016
688.000000 1.5016
689.000000 1.5015
690.000000 1.5015
691.000000 1.5015
692.000000 1.5014
693.000000 1.5014
694.000000 1.5014
695.000000 1.5014
696.000000 1.5013
697.000000 1.5013
698.000000 1.5013
699.000000 1.5012
700.000000 1.5012
701.000000 1.5012
702.000000 1.5012
703.000000 1.5011
704.000000 1.5011
705.000000 1.5011
706.000000 1.501
707.000000 1.501
708.000000 1.501
709.000000 1.501
710.000000 1.5009
711.000000 1.5009
712.000000 1.5009
713.000000 1.5009
714.000000 1.5008
715.000000 1.5008
716.000000 1.5008
717.000000 1.5008
718.000000 1.5007
719.000000 1.5007
720.000000 1.5007
721.000000 1.5007
722.000000 1.5006
723.000000 1.5006
724.000000 1.5006
725.000000 1.5006
726.000000 1.5006
727.000000 1.5005
728.000000 1.5005
729.000000 1.5005
730.000000 1.5005
731.000000 1.5005
732.000000 1.5005
733.000000 1.5004
734.000000 1.5004
735.000000 1.5004
736.000000 1.5004
737.000000 1.5004
738.000000 1.5004
739.000000 1.5003
740.000000 1.5003
741.000000 1.5003
742.000000 1.5003
743.000000 1.5003
744.000000 1.5003
745.000000 1.5003
746.000000 1.5002
747.000000 1.5002
748.000000 1.5002
749.000000 1.5002
750.000000 1.5002
751.000000 1.5002
752.000000 1.5002
753.000000 1.5002
754.000000 1.5002
755.000000 1.5001
756.000000 1.5001
757.000000 1.5001
758.000000 1.5001
759.000000 1.5001
760.000000 1.5001
761.000000 1.5001
762.000000 1.5001
763.000000 1.5001
764.000000 1.5001
765.000000 1.5001
766.000000 1.5001
767.000000 1.5001
768.000000 1.5001
769.000000 1.5
770.000000 1.5
771.000000 1.5
772.000000 1.5
773.000000 1.5
774.000000 1.5
775.000000 1.5
776.000000 1.5
777.000000 1.5
778.000000 1.5
779.000000 1.5
780.000000 1.5
781.000000 1.5
782.000000 1.5
783.000000 1.5
784.000000 1.5
785.000000 1.5
786.000000 1.5
787.000000 1.5
788.000000 1.5
789.000000 1.5
790.000000 1.5
791.000000 1.5
792.000000 1.5
793.000000 1.5
794.000000 1.5
795.000000 1.5
796.000000 1.5
797.000000 1.5
798.000000 1.5
799.000000 1.5
800.000000 -1.0878
801.000000 0.0020162
802.000000 -0.71904
803.000000 -0.061096
804.000000 -0.31119
805.000000 -0.001369
806.000000 -0.10886
807.000000 0.025124
808.000000 -0.024918
809.000000 0.032346
810.000000 0.0096647
811.000000 0.034985
812.000000 0.025557
813.000000 0.037463
814.000000 0.034121
815.000000 0.040134
816.000000 0.039354
817.000000 0.042594
818.000000 0.04274
819.000000 0.044557
820.000000 0.044921
821.000000 0.045937
822.000000 0.046237
823.000000 0.046755
824.000000 0.046897
825.000000 0.047079
826.000000 0.047046
827.000000 0.046986
828.000000 0.046791
829.000000 0.046549
830.000000 0.046216
831.000000 0.045833
832.000000 0.045385
833.000000 0.044892
834.000000 0.044352
835.000000 0.043774
836.000000 0.043161
837.000000 0.042518
838.000000 0.041848
839.000000 0.041155
840.000000 0.040442
841.000000 0.039713
842.000000 0.03897
843.000000 0.038216
844.000000 0.037452
845.000000 0.03668
846.000000 0.035904
847.000000 0.035124
848.000000 0.034342
849.000000 0.033559
850.000000 0.032777
851.000000 0.031997
852.000000 0.03122
853.000000 0.030447
854.000000 0.029679
855.000000 0.028917
856.000000 0.028162
857.000000 0.027413
858.000000 0.026673
859.000000 0.02594
860.000000 0.025217
861.000000 0.024503
862.000000 0.023799
863.000000 0.023105
864.000000 0.022421
865.000000 0.021748
866.000000 0.021086
867.000000 0.020435
868.000000 0.019795
869.000000 0.019167
870.000000 0.01855
871.000000 0.017946
872.000000 0.017353
873.000000 0.016772
874.000000 0.016202
875.000000 0.015645
876.000000 0.0151
877.000000 0.014566
878.000000 0.014045
879.000000 0.013535
880.000000 0.013038
881.000000 0.012552
882.000000 0.012077
883.000000 0.011614
884.000000 0.011163
885.000000 0.010723
886.000000 0.010295
887.000000 0.0098775
888.000000 0.0094711
889.000000 0.0090757
890.000000 0.0086911
891.000000 0.0083172
892.000000 0.0079537
893.000000 0.0076006
894.000000 0.0072578
895.000000 0.0069249
896.000000 0.006602
897.000000 0.0062887
898.000000 0.0059851
899.000000 0.0056908
900.000000 0.0054057
901.000000 0.0051297
902.000000 0.0048626
903.000000 0.0046042
904.000000 0.0043544
905.000000 0.0041129
906.000000 0.0038796
907.000000 0.0036543
908.000000 0.0034369
909.000000 0.0032272
910.000000 0.0030249
911.000000 0.0028301
912.000000 0.0026423
913.000000 0.0024616
914.000000 0.0022877
915.000000 0.0021205
916.000000 0.0019598
917.000000 0.0018054
918.000000 0.0016571
919.000000 0.0015149
920.000000 0.0013786
921.000000 0.0012479
922.000000 0.0011228
923.000000 0.0010031
924.000000 0.00088857
925.000000 0.00077917
926.000000 0.00067472
927.000000 0.00057506
928.000000 0.00048006
929.000000 0.00038958
930.000000 0.00030348
931.000000 0.00022162
932.000000 0.00014388
933.000000 7.0121e-05
934.000000 2.154e-07
935.000000 -6.5961e-05
936.000000 -0.00012853
937.000000 -0.00018761
938.000000 -0.00024333
939.000000 -0.00029579
940.000000 -0.00034512
941.000000 -0.00039141
942.000000 -0.00043478
943.000000 -0.00047534
944.000000 -0.00051319
945.000000 -0.00054843
946.000000 -0.00058115
947.000000 -0.00061146
948.000000 -0.00063945
949.000000 -0.0006652
950.000000 -0.00068882
951.000000 -0.00071038
952.000000 -0.00072997
953.000000 -0.00074767
954.000000 -0.00076356
955.000000 -0.00077773
956.000000 -0.00079024
957.000000 -0.00080116
958.000000 -0.00081058
959.000000 -0.00081856
960.000000 -0.00082517
961.000000 -0.00083047
962.000000 -0.00083453
963.000000 -0.0008374
964.000000 -0.00083915
965.000000 -0.00083984
966.000000 -0.00083952
967.000000 -0.00083824
968.000000 -0.00083605
969.000000 -0.00083302
970.000000 -0.00082918
971.000000 -0.00082459
972.000000 -0.00081928
973.000000 -0.00081331
974.000000 -0.00080671
975.000000 -0.00079952
976.000000 -0.0007918
977.000000 -0.00078356
978.000000 -0.00077485
979.000000 -0.00076571
980.000000 -0.00075617
981.000000 -0.00074625
982.000000 -0.000736
983.000000 -0.00072544
984.000000 -0.00071459
985.000000 -0.0007035
986.000000 -0.00069217
987.000000 -0.00068065
988.000000 -0.00066895
989.000000 -0.00065709
990.000000 -0.0006451
991.000000 -0.000633
992.000000 -0.0006208
993.000000 -0.00060853
994.000000 -0.00059621
995.000000 -0.00058385
996.000000 -0.00057147
997.000000 -0.00055908
998.000000 -0.00054669
999.000000 -0.00053433
1000.000000 -0.00052201
1001.000000 -0.00050973
1002.000000 -0.00049751
1003.000000 -0.00048537
1004.000000 -0.0004733
1005.000000 -0.00046132
1006.000000 -0.00044944
1007.000000 -0.00043767
1008.000000 -0.00042601
1009.000000 -0.00041448
1010.000000 -0.00040308
1011.000000 -0.00039181
1012.000000 -0.00038068
1013.000000 -0.0003697
1014.000000 -0.00035887
1015.000000 -0.0003482
1016.000000 -0.00033769
1017.000000 -0.00032735
1018.000000 -0.00031717
1019.000000 -0.00030716
1020.000000 -0.00029732
1021.000000 -0.00028766
1022.000000 -0.00027817
1023.000000 -0.00026886
1024.000000 -0.00025974
1025.000000 -0.00025079
1026.000000 -0.00024203
1027.000000 -0.00023344
1028.000000 -0.00022504
1029.000000 -0.00021682
1030.000000 -0.00020879
1031.000000 -0.00020093
1032.000000 -0.00019326
1033.000000 -0.00018577
1034.000000 -0.00017846
1035.000000 -0.00017132
1036.000000 -0.00016437
1037.000000 -0.00015758
1038.000000 -0.00015098
1039.000000 -0.00014455
1040.000000 -0.00013828
1041.000000 -0.00013219
1042.000000 -0.00012627
1043.000000 -0.00012051
1044.000000 -0.00011491
1045.000000 -0.00010948
1046.000000 -0.0001042
1047.000000 -9.9085e-05
1048.000000 -9.4121e-05
1049.000000 -8.9309e-05
1050.000000 -8.4646e-05
1051.000000 -8.0131e-05
1052.000000 -7.576e-05
1053.000000 -7.153e-05
1054.000000 -6.744e-05
1055.000000 -6.3487e-05
1056.000000 -5.9668e-05
1057.000000 -5.598e-05
1058.000000 -5.2421e-05
1059.000000 -4.8988e-05
1060.000000 -4.5678e-05
1061.000000 -4.2489e-05
1062.000000 -3.9418e-05
1063.000000 -3.6462e-05
1064.000000 -3.3619e-05
1065.000000 -3.0885e-05
1066.000000 -2.826e-05
1067.000000 -2.5739e-05
1068.000000 -2.332e-05
1069.000000 -2.1e-05
1070.000000 -1.8778e-05
1071.000000 -1.665e-05
1072.000000 -1.4614e-05
1073.000000 -1.2668e-05
1074.000000 -1.0808e-05
1075.000000 -9.0332e-06
1076.000000 -7.3404e-06
1077.000000 -5.7274e-06
1078.000000 -4.1919e-06
1079.000000 -2.7315e-06
1080.000000 -1.3441e-06
1081.000000 -2.7278e-08
1082.000000 1.221e-06
1083.000000 2.403e-06
1084.000000 3.5208e-06
1085.000000 4.5765e-06
1086.000000 5.5721e-06
1087.000000 6.5096e-06
1088.000000 7.391e-06
1089.000000 8.2182e-06
1090.000000 8.9932e-06
1091.000000 9.7177e-06
1092.000000 1.0394e-05
1093.000000 1.1023e-05
1094.000000 1.1606e-05
1095.000000 1.2147e-05
1096.000000 1.2646e-05
1097.000000 1.3104e-05
1098.000000 1.3524e-05
1099.000000 1.3907e-05
