0.000000 0
1.000000 0
2.000000 0
3.000000 0
4.000000 0
5.000000 0
6.000000 0
7.000000 0
8.000000 0
9.000000 30.494
10.000000 -20.464
11.000000 0.49473
12.000000 -14.162
13.000000 -1.5761
14.000000 -6.7276
15.000000 -0.77092
16.000000 -2.9576
17.000000 -0.35337
18.000000 -1.343
19.000000 -0.20624
20.000000 -0.63174
21.000000 -0.10633
22.000000 -0.25952
23.000000 0.010649
24.000000 -0.016066
25.000000 0.14371
26.000000 0.172
27.000000 0.28113
28.000000 0.33095
29.000000 0.4149
30.000000 0.4713
31.000000 0.54134
32.000000 0.59796
33.000000 0.65934
34.000000 0.71363
35.000000 0.7689
36.000000 0.81999
37.000000 0.8705
38.000000 0.9182
39.000000 0.96473
40.000000 1.0091
41.000000 1.0522
42.000000 1.0934
43.000000 1.1333
44.000000 1.1717
45.000000 1.2087
46.000000 1.2444
47.000000 1.2787
48.000000 1.3119
49.000000 1.3438
50.000000 1.3746
51.000000 1.4042
52.000000 1.4327
53.000000 1.4602
54.000000 1.4867
55.000000 1.5122
56.000000 1.5368
57.000000 1.5604
58.000000 1.5831
59.000000 1.6049
60.000000 1.6259
61.000000 1.6461
62.000000 1.6655
63.000000 1.6841
64.000000 1.7019
65.000000 1.7191
66.000000 1.7355
67.000000 1.7512
68.000000 1.7663
69.000000 1.7808
70.000000 1.7946
71.000000 1.8078
72.000000 1.8204
73.000000 1.8324
74.000000 1.8439
75.000000 1.8549
76.000000 1.8653
77.000000 1.8753
78.000000 1.8847
79.000000 1.8937
80.000000 1.9023
81.000000 1.9104
82.000000 1.918
83.000000 1.9253
84.000000 1.9322
85.000000 1.9386
86.000000 1.9447
87.000000 1.9505
88.000000 1.9559
89.000000 1.961
90.000000 1.9657
91.000000 1.9702
92.000000 1.9743
93.000000 1.9782
94.000000 1.9818
95.000000 1.9851
96.000000 1.9882
97.000000 1.991
98.000000 1.9936
99.000000 1.996
100.000000 1.9982
101.000000 2.0001
102.000000 2.0019
103.000000 2.0034
104.000000 2.0048
105.000000 2.006
106.000000 2.0071
107.000000 2.0079
108.000000 2.0087
109.000000 2.0093
110.000000 2.0097
111.000000 2.0101
112.000000 2.0103
113.000000 2.0104
114.000000 2.0103
115.000000 2.0102
116.000000 2.01
117.000000 2.0097
118.000000 2.0093
119.000000 2.0088
120.000000 2.0082
121.000000 2.0076
122.000000 2.0069
123.000000 2.0061
124.000000 2.0053
125.000000 2.0044
126.000000 2.0034
127.000000 2.0025
128.000000 2.0014
129.000000 2.0004
130.000000 1.9993
131.000000 1.9981
132.000000 1.9969
133.000000 1.9957
134.000000 1.9945
135.000000 1.9933
136.000000 1.992
137.000000 1.9907
138.000000 1.9894
139.000000 1.9881
140.000000 1.9868
141.000000 1.9854
142.000000 1.9841
143.000000 1.9828
144.000000 1.9814
145.000000 1.9801
146.000000 1.9787
147.000000 1.9774
148.000000 1.976
149.000000 1.9747
150.000000 1.9734
151.000000 1.9721
152.000000 1.9707
153.000000 1.9694
154.000000 1.9681
155.000000 1.9669
156.000000 1.9656
157.000000 1.9643
158.000000 1.9631
159.000000 1.9619
160.000000 1.9607
161.000000 1.9595
162.000000 1.9583
163.000000 1.9571
164.000000 1.956
165.000000 1.9548
166.000000 1.9537
167.000000 1.9526
168.000000 1.9516
169.000000 1.9505
170.000000 1.9495
171.000000 1.9485
172.000000 1.9475
173.000000 1.9465
174.000000 1.9455
175.000000 1.9446
176.000000 1.9437
177.000000 1.9428
178.000000 1.9419
179.000000 1.9411
180.000000 1.9402
181.000000 1.9394
182.000000 1.9386
183.000000 1.9378
184.000000 1.9371
185.000000 1.9363
186.000000 1.9356
187.000000 1.9349
188.000000 1.9342
189.000000 1.9335
190.000000 1.9329
191.000000 1.9323
192.000000 1.9317
193.000000 1.9311
194.000000 1.9305
195.000000 1.9299
196.000000 1.9294
197.000000 1.9289
198.000000 1.9283
199.000000 -59.06
200.000000 42.856
201.000000 0.93745
202.000000 30.25
203.000000 5.0783
204.000000 15.381
205.000000 3.467
206.000000 7.84
207.000000 2.6312
208.000000 4.6101
209.000000 2.3362
210.000000 3.1869
211.000000 2.1357
212.000000 2.4418
213.000000 1.9012
214.000000 1.9543
215.000000 1.6345
216.000000 1.5776
217.000000 1.3591
218.000000 1.2592
219.000000 1.0911
220.000000 0.97807
221.000000 0.83776
222.000000 0.72433
223.000000 0.60138
224.000000 0.49261
225.000000 0.38188
226.000000 0.27953
227.000000 0.17835
228.000000 0.082795
229.000000 -0.010394
230.000000 -0.099331
231.000000 -0.18552
232.000000 -0.2682
233.000000 -0.3481
234.000000 -0.42494
235.000000 -0.4991
236.000000 -0.57049
237.000000 -0.63935
238.000000 -0.70567
239.000000 -0.76961
240.000000 -0.8312
241.000000 -0.89055
242.000000 -0.94771
243.000000 -1.0028
244.000000 -1.0558
245.000000 -1.1068
246.000000 -1.156
247.000000 -1.2032
248.000000 -1.2487
249.000000 -1.2924
250.000000 -1.3344
251.000000 -1.3748
252.000000 -1.4136
253.000000 -1.4508
254.000000 -1.4866
255.000000 -1.5208
256.000000 -1.5537
257.000000 -1.5852
258.000000 -1.6154
259.000000 -1.6442
260.000000 -1.6719
261.000000 -1.6983
262.000000 -1.7235
263.000000 -1.7476
264.000000 -1.7706
265.000000 -1.7925
266.000000 -1.8134
267.000000 -1.8333
268.000000 -1.8522
269.000000 -1.8702
270.000000 -1.8872
271.000000 -1.9034
272.000000 -1.9187
273.000000 -1.9332
274.000000 -1.9469
275.000000 -1.9599
276.000000 -1.9721
277.000000 -1.9836
278.000000 -1.9944
279.000000 -2.0045
280.000000 -2.014
281.000000 -2.0229
282.000000 -2.0311
283.000000 -2.0388
284.000000 -2.046
285.000000 -2.0526
286.000000 -2.0588
287.000000 -2.0644
288.000000 -2.0696
289.000000 -2.0743
290.000000 -2.0786
291.000000 -2.0824
292.000000 -2.0859
293.000000 -2.089
294.000000 -2.0918
295.000000 -2.0941
296.000000 -2.0962
297.000000 -2.098
298.000000 -2.0994
299.000000 -2.1006
300.000000 -2.1015
301.000000 -2.1021
302.000000 -2.1025
303.000000 -2.1026
304.000000 -2.1026
305.000000 -2.1023
306.000000 -2.1018
307.000000 -2.1012
308.000000 -2.1004
309.000000 -2.0994
310.000000 -2.0982
311.000000 -2.0969
312.000000 -2.0955
313.000000 -2.0939
314.000000 -2.0922
315.000000 -2.0904
316.000000 -2.0885
317.000000 -2.0865
318.000000 -2.0845
319.000000 -2.0823
320.000000 -2.0801
321.000000 -2.0778
322.000000 -2.0754
323.000000 -2.073
324.000000 -2.0705
325.000000 -2.068
326.000000 -2.0654
327.000000 -2.0628
328.000000 -2.0602
329.000000 -2.0576
330.000000 -2.0549
331.000000 -2.0522
332.000000 -2.0496
333.000000 -2.0469
334.000000 -2.0442
335.000000 -2.0415
336.000000 -2.0387
337.000000 -2.036
338.000000 -2.0334
339.000000 -2.0307
340.000000 -2.028
341.000000 -2.0253
342.000000 -2.0227
343.000000 -2.0201
344.000000 -2.0175
345.000000 -2.0149
346.000000 -2.0124
347.000000 -2.0099
348.000000 -2.0074
349.000000 -2.0049
350.000000 -2.0025
351.000000 -2.0001
352.000000 -1.9977
353.000000 -1.9954
354.000000 -1.9931
355.000000 -1.9908
356.000000 -1.9886
357.000000 -1.9864
358.000000 -1.9842
359.000000 -1.9821
360.000000 -1.98
361.000000 -1.978
362.000000 -1.976
363.000000 -1.9741
364.000000 -1.9721
365.000000 -1.9703
366.000000 -1.9684
367.000000 -1.9666
368.000000 -1.9649
369.000000 -1.9631
370.000000 -1.9615
371.000000 -1.9598
372.000000 -1.9582
373.000000 -1.9567
374.000000 -1.9551
375.000000 -1.9536
376.000000 -1.9522
377.000000 -1.9508
378.000000 -1.9494
379.000000 -1.9481
380.000000 -1.9468
381.000000 -1.9455
382.000000 -1.9443
383.000000 -1.9431
384.000000 -1.942
385.000000 -1.9408
386.000000 -1.9397
387.000000 -1.9387
388.000000 -1.9377
389.000000 -1.9367
390.000000 -1.9357
391.000000 -1.9348
392.000000 -1.9339
393.000000 -1.933
394.000000 -1.9322
395.000000 -1.9314
396.000000 -1.9306
397.000000 -1.9298
398.000000 -1.9291
399.000000 -1.9284
400.000000 -1.9277
401.000000 -1.9271
402.000000 -1.9265
403.000000 -1.9259
404.000000 -1.9253
405.000000 -1.9247
406.000000 -1.9242
407.000000 -1.9237
408.000000 -1.9232
409.000000 -1.9227
410.000000 -1.9223
411.000000 -1.9219
412.000000 -1.9215
413.000000 -1.9211
414.000000 -1.9207
415.000000 -1.9203
416.000000 -1.92
417.000000 -1.9197
418.000000 -1.9194
419.000000 -1.9191
420.000000 -1.9188
421.000000 -1.9185
422.000000 -1.9183
423.000000 -1.9181
424.000000 -1.9178
425.000000 -1.9176
426.000000 -1.9174
427.000000 -1.9173
428.000000 -1.9171
429.000000 -1.9169
430.000000 -1.9168
431.000000 -1.9166
432.000000 -1.9165
433.000000 -1.9164
434.000000 -1.9163
435.000000 -1.9162
436.000000 -1.9161
437.000000 -1.916
438.000000 -1.9159
439.000000 -1.9159
440.000000 -1.9158
441.000000 -1.9157
442.000000 -1.9157
443.000000 -1.9156
444.000000 -1.9156
445.000000 -1.9156
446.000000 -1.9155
447.000000 -1.9155
448.000000 -1.9155
449.000000 -1.9155
450.000000 -1.9155
451.000000 -1.9155
452.000000 -1.9155
453.000000 -1.9155
454.000000 -1.9155
455.000000 -1.9155
456.000000 -1.9155
457.000000 -1.9156
458.000000 -1.9156
459.000000 -1.9156
460.000000 -1.9156
461.000000 -1.9157
462.000000 -1.9157
463.000000 -1.9157
464.000000 -1.9158
465.000000 -1.9158
466.000000 -1.9158
467.000000 -1.9159
468.000000 -1.9159
469.000000 -1.916
470.000000 -1.916
471.000000 -1.9161
472.000000 -1.9161
473.000000 -1.9162
474.000000 -1.9162
475.000000 -1.9162
476.000000 -1.9163
477.000000 -1.9163
478.000000 -1.9164
479.000000 -1.9164
480.000000 -1.9165
481.000000 -1.9166
482.000000 -1.9166
483.000000 -1.9167
484.000000 -1.9167
485.000000 -1.9168
486.000000 -1.9168
487.000000 -1.9169
488.000000 -1.9169
489.000000 -1.917
490.000000 -1.917
491.000000 -1.9171
492.000000 -1.9171
493.000000 -1.9172
494.000000 -1.9172
495.000000 -1.9172
496.000000 -1.9173
497.000000 -1.9173
498.000000 -1.9174
499.000000 51.447
500.000000 -37.73
501.000000 -1.0517
502.000000 -26.7
503.000000 -4.6758
504.000000 -13.691
505.000000 -3.2668
506.000000 -7.0935
507.000000 -2.5362
508.000000 -4.2681
509.000000 -2.2788
510.000000 -3.0234
511.000000 -2.104
512.000000 -2.3721
513.000000 -1.8994
514.000000 -1.9462
515.000000 -1.6666
516.000000 -1.6171
517.000000 -1.4262
518.000000 -1.339
519.000000 -1.1921
520.000000 -1.0935
521.000000 -0.97091
522.000000 -0.87187
523.000000 -0.76448
524.000000 -0.6695
525.000000 -0.5728
526.000000 -0.48341
527.000000 -0.39505
528.000000 -0.31159
529.000000 -0.23021
530.000000 -0.15253
531.000000 -0.077249
532.000000 -0.0050324
533.000000 0.064756
534.000000 0.13187
535.000000 0.19665
536.000000 0.25901
537.000000 0.31916
538.000000 0.3771
539.000000 0.43296
540.000000 0.48677
541.000000 0.53862
542.000000 0.58857
543.000000 0.63668
544.000000 0.683
545.000000 0.7276
546.000000 0.77053
547.000000 0.81184
548.000000 0.85157
549.000000 0.88978
550.000000 0.92652
551.000000 0.96181
552.000000 0.99572
553.000000 1.0283
554.000000 1.0595
555.000000 1.0895
556.000000 1.1182
557.000000 1.1458
558.000000 1.1721
559.000000 1.1974
560.000000 1.2215
561.000000 1.2446
562.000000 1.2667
563.000000 1.2878
564.000000 1.3079
565.000000 1.3271
566.000000 1.3454
567.000000 1.3628
568.000000 1.3793
569.000000 1.395
570.000000 1.41
571.000000 1.4241
572.000000 1.4375
573.000000 1.4502
574.000000 1.4623
575.000000 1.4736
576.000000 1.4843
577.000000 1.4943
578.000000 1.5038
579.000000 1.5127
580.000000 1.521
581.000000 1.5288
582.000000 1.5361
583.000000 1.5428
584.000000 1.5491
585.000000 1.5549
586.000000 1.5603
587.000000 1.5653
588.000000 1.5698
589.000000 1.5739
590.000000 1.5777
591.000000 1.5811
592.000000 1.5842
593.000000 1.5869
594.000000 1.5893
595.000000 1.5915
596.000000 1.5933
597.000000 1.5948
598.000000 1.5961
599.000000 1.5972
600.000000 1.598
601.000000 1.5986
602.000000 1.5989
603.000000 1.5991
604.000000 1.599
605.000000 1.5988
606.000000 1.5984
607.000000 1.5979
608.000000 1.5972
609.000000 1.5963
610.000000 1.5953
611.000000 1.5942
612.000000 1.593
613.000000 1.5916
614.000000 1.5902
615.000000 1.5886
616.000000 1.587
617.000000 1.5853
618.000000 1.5835
619.000000 1.5816
620.000000 1.5796
621.000000 1.5776
622.000000 1.5756
623.000000 1.5735
624.000000 1.5713
625.000000 1.5692
626.000000 1.5669
627.000000 1.5647
628.000000 1.5624
629.000000 1.5601
630.000000 1.5578
631.000000 1.5555
632.000000 1.5531
633.000000 1.5508
634.000000 1.5484
635.000000 1.5461
636.000000 1.5437
637.000000 1.5414
638.000000 1.539
639.000000 1.5367
640.000000 1.5344
641.000000 1.5321
642.000000 1.5298
643.000000 1.5275
644.000000 1.5252
645.000000 1.523
646.000000 1.5208
647.000000 1.5186
648.000000 1.5164
649.000000 1.5142
650.000000 1.5121
651.000000 1.51
652.000000 1.508
653.000000 1.5059
654.000000 1.5039
655.000000 1.502
656.000000 1.5
657.000000 1.4981
658.000000 1.4962
659.000000 1.4944
660.000000 1.4926
661.000000 1.4908
662.000000 1.4891
663.000000 1.4874
664.000000 1.4857
665.000000 1.484
666.000000 1.4824
667.000000 1.4809
668.000000 1.4793
669.000000 1.4778
670.000000 1.4764
671.000000 1.4749
672.000000 1.4735
673.000000 1.4722
674.000000 1.4708
675.000000 1.4695
676.000000 1.4683
677.000000 1.4671
678.000000 1.4659
679.000000 1.4647
680.000000 1.4636
681.000000 1.4625
682.000000 1.4614
683.000000 1.4603
684.000000 1.4593
685.000000 1.4584
686.000000 1.4574
687.000000 1.4565
688.000000 1.4556
689.000000 1.4547
690.000000 1.4539
691.000000 1.4531
692.000000 1.4523
693.000000 1.4515
694.000000 1.4508
695.000000 1.4501
696.000000 1.4494
697.000000 1.4488
698.000000 1.4481
699.000000 1.4475
700.000000 1.4469
701.000000 1.4464
702.000000 1.4458
703.000000 1.4453
704.000000 1.4448
705.000000 1.4443
706.000000 1.4438
707.000000 1.4434
708.000000 1.443
709.000000 1.4425
710.000000 1.4422
711.000000 1.4418
712.000000 1.4414
713.000000 1.4411
714.000000 1.4408
715.000000 1.4404
716.000000 1.4401
717.000000 1.4399
718.000000 1.4396
719.000000 1.4393
720.000000 1.4391
721.000000 1.4389
722.000000 1.4387
723.000000 1.4385
724.000000 1.4383
725.000000 1.4381
726.000000 1.4379
727.000000 1.4378
728.000000 1.4376
729.000000 1.4375
730.000000 1.4373
731.000000 1.4372
732.000000 1.4371
733.000000 1.437
734.000000 1.4369
735.000000 1.4368
736.000000 1.4367
737.000000 1.4366
738.000000 1.4366
739.000000 1.4365
740.000000 1.4365
741.000000 1.4364
742.000000 1.4364
743.000000 1.4363
744.000000 1.4363
745.000000 1.4363
746.000000 1.4362
747.000000 1.4362
748.000000 1.4362
749.000000 1.4362
750.000000 1.4362
751.000000 1.4362
752.000000 1.4362
753.000000 1.4362
754.000000 1.4362
755.000000 1.4362
756.000000 1.4362
757.000000 1.4363
758.000000 1.4363
759.000000 1.4363
760.000000 1.4363
761.000000 1.4363
762.000000 1.4364
763.000000 1.4364
764.000000 1.4364
765.000000 1.4365
766.000000 1.4365
767.000000 1.4365
768.000000 1.4366
769.000000 1.4366
770.000000 1.4366
771.000000 1.4367
772.000000 1.4367
773.000000 1.4368
774.000000 1.4368
775.000000 1.4369
776.000000 1.4369
777.000000 1.4369
778.000000 1.437
779.000000 1.437
780.000000 1.4371
781.000000 1.4371
782.000000 1.4372
783.000000 1.4372
784.000000 1.4372
785.000000 1.4373
786.000000 1.4373
787.000000 1.4374
788.000000 1.4374
789.000000 1.4375
790.000000 1.4375
791.000000 1.4376
792.000000 1.4376
793.000000 1.4376
794.000000 1.4377
795.000000 1.4377
796.000000 1.4378
797.000000 1.4378
798.000000 1.4378
799.000000 -21.433
800.000000 16.786
801.000000 1.0669
802.000000 12.059
803.000000 2.6201
804.000000 6.4838
805.000000 2.0163
806.000000 3.6563
807.000000 1.7032
808.000000 2.4455
809.000000 1.5929
810.000000 1.9121
811.000000 1.5181
812.000000 1.633
813.000000 1.4304
814.000000 1.4505
815.000000 1.3307
816.000000 1.3095
817.000000 1.2276
818.000000 1.1903
819.000000 1.1274
820.000000 1.0851
821.000000 1.0326
822.000000 0.99016
823.000000 0.94415
824.000000 0.90346
825.000000 0.86203
826.000000 0.82373
827.000000 0.78587
828.000000 0.75012
829.000000 0.71525
830.000000 0.68197
831.000000 0.64971
832.000000 0.61877
833.000000 0.58887
834.000000 0.56012
835.000000 0.53237
836.000000 0.50565
837.000000 0.47988
838.000000 0.45506
839.000000 0.43113
840.000000 0.40807
841.000000 0.38586
842.000000 0.36446
843.000000 0.34385
844.000000 0.324
845.000000 0.30489
846.000000 0.2865
847.000000 0.2688
848.000000 0.25178
849.000000 0.23541
850.000000 0.21967
851.000000 0.20455
852.000000 0.19003
853.000000 0.17608
854.000000 0.16269
855.000000 0.14985
856.000000 0.13754
857.000000 0.12574
858.000000 0.11444
859.000000 0.10362
860.000000 0.093274
861.000000 0.083377
862.000000 0.073921
863.000000 0.064891
864.000000 0.056274
865.000000 0.048058
866.000000 0.040229
867.000000 0.032776
868.000000 0.025687
869.000000 0.01895
870.000000 0.012553
871.000000 0.0064854
872.000000 0.00073621
873.000000 -0.0047052
874.000000 -0.0098494
875.000000 -0.014706
876.000000 -0.019286
877.000000 -0.023598
878.000000 -0.027653
879.000000 -0.031458
880.000000 -0.035024
881.000000 -0.038358
882.000000 -0.04147
883.000000 -0.044368
884.000000 -0.04706
885.000000 -0.049554
886.000000 -0.051858
887.000000 -0.053979
888.000000 -0.055924
889.000000 -0.057702
890.000000 -0.059318
891.000000 -0.060779
892.000000 -0.062092
893.000000 -0.063264
894.000000 -0.0643
895.000000 -0.065206
896.000000 -0.06599
897.000000 -0.066655
898.000000 -0.067208
899.000000 -0.067653
900.000000 -0.067997
901.000000 -0.068244
902.000000 -0.068399
903.000000 -0.068467
904.000000 -0.068452
905.000000 -0.068359
906.000000 -0.068192
907.000000 -0.067955
908.000000 -0.067651
909.000000 -0.067286
910.000000 -0.066863
911.000000 -0.066384
912.000000 -0.065854
913.000000 -0.065277
914.000000 -0.064654
915.000000 -0.06399
916.000000 -0.063287
917.000000 -0.062548
918.000000 -0.061776
919.000000 -0.060973
920.000000 -0.060143
921.000000 -0.059287
922.000000 -0.058407
923.000000 -0.057507
924.000000 -0.056588
925.000000 -0.055653
926.000000 -0.054702
927.000000 -0.053739
928.000000 -0.052764
929.000000 -0.05178
930.000000 -0.050789
931.000000 -0.049791
932.000000 -0.048788
933.000000 -0.047782
934.000000 -0.046774
935.000000 -0.045765
936.000000 -0.044757
937.000000 -0.04375
938.000000 -0.042746
939.000000 -0.041745
940.000000 -0.04075
941.000000 -0.039759
942.000000 -0.038775
943.000000 -0.037799
944.000000 -0.03683
945.000000 -0.03587
946.000000 -0.034919
947.000000 -0.033977
948.000000 -0.033047
949.000000 -0.032127
950.000000 -0.031219
951.000000 -0.030322
952.000000 -0.029438
953.000000 -0.028567
954.000000 -0.027708
955.000000 -0.026863
956.000000 -0.026031
957.000000 -0.025213
958.000000 -0.024409
959.000000 -0.02362
960.000000 -0.022844
961.000000 -0.022083
962.000000 -0.021337
963.000000 -0.020605
964.000000 -0.019889
965.000000 -0.019187
966.000000 -0.018499
967.000000 -0.017827
968.000000 -0.017169
969.000000 -0.016527
970.000000 -0.015899
971.000000 -0.015285
972.000000 -0.014687
973.000000 -0.014102
974.000000 -0.013533
975.000000 -0.012977
976.000000 -0.012436
977.000000 -0.011909
978.000000 -0.011396
979.000000 -0.010897
980.000000 -0.010411
981.000000 -0.0099395
982.000000 -0.0094807
983.000000 -0.0090352
984.000000 -0.0086026
985.000000 -0.0081829
986.000000 -0.0077757
987.000000 -0.007381
988.000000 -0.0069984
989.000000 -0.0066279
990.000000 -0.0062692
991.000000 -0.005922
992.000000 -0.0055863
993.000000 -0.0052617
994.000000 -0.004948
995.000000 -0.0046451
996.000000 -0.0043528
997.000000 -0.0040707
998.000000 -0.0037987
999.000000 -0.0035366
1000.000000 -0.0032841
1001.000000 -0.0030411
1002.000000 -0.0028073
1003.000000 -0.0025825
1004.000000 -0.0023664
1005.000000 -0.002159
1006.000000 -0.0019599
1007.000000 -0.001769
1008.000000 -0.001586
1009.000000 -0.0014107
1010.000000 -0.001243
1011.000000 -0.0010826
1012.000000 -0.00092934
1013.000000 -0.000783
1014.000000 -0.00064339
1015.000000 -0.00051033
1016.000000 -0.00038361
1017.000000 -0.00026306
1018.000000 -0.00014848
1019.000000 -3.9702e-05
1020.000000 6.3461e-05
1021.000000 0.00016118
1022.000000 0.00025364
1023.000000 0.000341
1024.000000 0.00042342
1025.000000 0.00050108
1026.000000 0.00057414
1027.000000 0.00064274
1028.000000 0.00070705
1029.000000 0.00076722
1030.000000 0.00082339
1031.000000 0.00087572
1032.000000 0.00092433
1033.000000 0.00096937
1034.000000 0.001011
1035.000000 0.0010493
1036.000000 0.0010844
1037.000000 0.0011165
1038.000000 0.0011456
1039.000000 0.001172
1040.000000 0.0011957
1041.000000 0.0012167
1042.000000 0.0012354
1043.000000 0.0012516
1044.000000 0.0012656
1045.000000 0.0012775
1046.000000 0.0012873
1047.000000 0.0012951
1048.000000 0.0013011
1049.000000 0.0013053
1050.000000 0.0013078
1051.000000 0.0013087
1052.000000 0.0013081
1053.000000 0.0013061
1054.000000 0.0013026
1055.000000 0.001298
1056.000000 0.001292
1057.000000 0.001285
1058.000000 0.0012769
1059.000000 0.0012677
1060.000000 0.0012576
1061.000000 0.0012466
1062.000000 0.0012348
1063.000000 0.0012223
1064.000000 0.001209
1065.000000 0.001195
1066.000000 0.0011804
1067.000000 0.0011653
1068.000000 0.0011496
1069.000000 0.0011335
1070.000000 0.0011169
1071.000000 0.0010999
1072.000000 0.0010826
1073.000000 0.001065
1074.000000 0.001047
1075.000000 0.0010289
1076.000000 0.0010105
1077.000000 0.00099198
1078.000000 0.00097329
1079.000000 0.00095448
1080.000000 0.00093557
1081.000000 0.0009166
1082.000000 0.00089759
1083.000000 0.00087856
1084.000000 0.00085954
1085.000000 0.00084054
1086.000000 0.00082159
1087.000000 0.00080271
1088.000000 0.0007839
1089.000000 0.0007652
1090.000000 0.00074661
1091.000000 0.00072815
1092.000000 0.00070984
1093.000000 0.00069168
1094.000000 0.00067369
1095.000000 0.00065589
1096.000000 0.00063827
1097.000000 0.00062086
1098.000000 0.00060366
1099.000000 0.00058667
