0.000000 0
1.000000 0
2.000000 0
3.000000 0
4.000000 0
5.000000 0
6.000000 0
7.000000 0
8.000000 0
9.000000 0
10.000000 2.8377
11.000000 1.5805
12.000000 2.2609
13.000000 1.9358
14.000000 2.0855
15.000000 1.9876
16.000000 2.0064
17.000000 1.965
18.000000 1.9532
19.000000 1.9277
20.000000 1.911
21.000000 1.8922
22.000000 1.877
23.000000 1.8626
24.000000 1.8504
25.000000 1.8395
26.000000 1.8302
27.000000 1.8223
28.000000 1.8156
29.000000 1.8101
30.000000 1.8057
31.000000 1.8022
32.000000 1.7995
33.000000 1.7976
34.000000 1.7964
35.000000 1.7958
36.000000 1.7958
37.000000 1.7962
38.000000 1.797
39.000000 1.7983
40.000000 1.7999
41.000000 1.8017
42.000000 1.8039
43.000000 1.8062
44.000000 1.8088
45.000000 1.8116
46.000000 1.8145
47.000000 1.8175
48.000000 1.8206
49.000000 1.8239
50.000000 1.8272
51.000000 1.8306
52.000000 1.8341
53.000000 1.8375
54.000000 1.8411
55.000000 1.8446
56.000000 1.8482
57.000000 1.8517
58.000000 1.8553
59.000000 1.8589
60.000000 1.8624
61.000000 1.866
62.000000 1.8695
63.000000 1.873
64.000000 1.8764
65.000000 1.8799
66.000000 1.8832
67.000000 1.8866
68.000000 1.8899
69.000000 1.8932
70.000000 1.8964
71.000000 1.8995
72.000000 1.9027
73.000000 1.9057
74.000000 1.9087
75.000000 1.9117
76.000000 1.9146
77.000000 1.9175
78.000000 1.9203
79.000000 1.923
80.000000 1.9257
81.000000 1.9283
82.000000 1.9309
83.000000 1.9334
84.000000 1.9358
85.000000 1.9382
86.000000 1.9406
87.000000 1.9429
88.000000 1.9451
89.000000 1.9473
90.000000 1.9494
91.000000 1.9515
92.000000 1.9535
93.000000 1.9554
94.000000 1.9573
95.000000 1.9592
96.000000 1.961
97.000000 1.9627
98.000000 1.9644
99.000000 1.966
100.000000 1.9676
101.000000 1.9692
102.000000 1.9707
103.000000 1.9721
104.000000 1.9735
105.000000 1.9749
106.000000 1.9762
107.000000 1.9775
108.000000 1.9787
109.000000 1.9799
110.000000 1.981
111.000000 1.9821
112.000000 1.9832
113.000000 1.9842
114.000000 1.9852
115.000000 1.9862
116.000000 1.9871
117.000000 1.988
118.000000 1.9888
119.000000 1.9896
120.000000 1.9904
121.000000 1.9912
122.000000 1.9919
123.000000 1.9926
124.000000 1.9932
125.000000 1.9939
126.000000 1.9945
127.000000 1.9951
128.000000 1.9956
129.000000 1.9962
130.000000 1.9967
131.000000 1.9971
132.000000 1.9976
133.000000 1.998
134.000000 1.9985
135.000000 1.9988
136.000000 1.9992
137.000000 1.9996
138.000000 1.9999
139.000000 2.0002
140.000000 2.0005
141.000000 2.0008
142.000000 2.0011
143.000000 2.0013
144.000000 2.0016
145.000000 2.0018
146.000000 2.002
147.000000 2.0022
148.000000 2.0024
149.000000 2.0025
150.000000 2.0027
151.000000 2.0028
152.000000 2.003
153.000000 2.0031
154.000000 2.0032
155.000000 2.0033
156.000000 2.0034
157.000000 2.0035
158.000000 2.0036
159.000000 2.0036
160.000000 2.0037
161.000000 2.0037
162.000000 2.0038
163.000000 2.0038
164.000000 2.0038
165.000000 2.0039
166.000000 2.0039
167.000000 2.0039
168.000000 2.0039
169.000000 2.0039
170.000000 2.0039
171.000000 2.0039
172.000000 2.0039
173.000000 2.0039
174.000000 2.0039
175.000000 2.0038
176.000000 2.0038
177.000000 2.0038
178.000000 2.0037
179.000000 2.0037
180.000000 2.0037
181.000000 2.0036
182.000000 2.0036
183.000000 2.0036
184.000000 2.0035
185.000000 2.0035
186.000000 2.0034
187.000000 2.0034
188.000000 2.0033
189.000000 2.0033
190.000000 2.0032
191.000000 2.0032
192.000000 2.0031
193.000000 2.003
194.000000 2.003
195.000000 2.0029
196.000000 2.0029
197.000000 2.0028
198.000000 2.0028
199.000000 2.0027
200.000000 -3.6728
201.000000 -1.1583
202.000000 -2.5192
203.000000 -1.869
204.000000 -2.1685
205.000000 -1.9729
206.000000 -2.0105
207.000000 -1.9277
208.000000 -1.9041
209.000000 -1.8534
210.000000 -1.8198
211.000000 -1.7824
212.000000 -1.752
213.000000 -1.7233
214.000000 -1.6988
215.000000 -1.6771
216.000000 -1.6586
217.000000 -1.6428
218.000000 -1.6296
219.000000 -1.6186
220.000000 -1.6098
221.000000 -1.6028
222.000000 -1.5975
223.000000 -1.5938
224.000000 -1.5914
225.000000 -1.5903
226.000000 -1.5902
227.000000 -1.5911
228.000000 -1.5929
229.000000 -1.5954
230.000000 -1.5986
231.000000 -1.6024
232.000000 -1.6067
233.000000 -1.6114
234.000000 -1.6166
235.000000 -1.6222
236.000000 -1.628
237.000000 -1.6341
238.000000 -1.6404
239.000000 -1.6469
240.000000 -1.6536
241.000000 -1.6604
242.000000 -1.6674
243.000000 -1.6744
244.000000 -1.6815
245.000000 -1.6886
246.000000 -1.6957
247.000000 -1.7029
248.000000 -1.7101
249.000000 -1.7172
250.000000 -1.7244
251.000000 -1.7315
252.000000 -1.7385
253.000000 -1.7455
254.000000 -1.7524
255.000000 -1.7593
256.000000 -1.7661
257.000000 -1.7728
258.000000 -1.7795
259.000000 -1.786
260.000000 -1.7924
261.000000 -1.7988
262.000000 -1.8051
263.000000 -1.8112
264.000000 -1.8172
265.000000 -1.8232
266.000000 -1.829
267.000000 -1.8347
268.000000 -1.8403
269.000000 -1.8458
270.000000 -1.8512
271.000000 -1.8565
272.000000 -1.8616
273.000000 -1.8667
274.000000 -1.8716
275.000000 -1.8764
276.000000 -1.8811
277.000000 -1.8856
278.000000 -1.8901
279.000000 -1.8945
280.000000 -1.8987
281.000000 -1.9028
282.000000 -1.9069
283.000000 -1.9108
284.000000 -1.9146
285.000000 -1.9183
286.000000 -1.9219
287.000000 -1.9254
288.000000 -1.9288
289.000000 -1.932
290.000000 -1.9352
291.000000 -1.9383
292.000000 -1.9413
293.000000 -1.9442
294.000000 -1.947
295.000000 -1.9498
296.000000 -1.9524
297.000000 -1.9549
298.000000 -1.9574
299.000000 -1.9598
300.000000 -1.9621
301.000000 -1.9643
302.000000 -1.9664
303.000000 -1.9685
304.000000 -1.9705
305.000000 -1.9724
306.000000 -1.9742
307.000000 -1.976
308.000000 -1.9777
309.000000 -1.9793
310.000000 -1.9809
311.000000 -1.9824
312.000000 -1.9838
313.000000 -1.9852
314.000000 -1.9865
315.000000 -1.9878
316.000000 -1.989
317.000000 -1.9902
318.000000 -1.9913
319.000000 -1.9924
320.000000 -1.9934
321.000000 -1.9943
322.000000 -1.9953
323.000000 -1.9961
324.000000 -1.997
325.000000 -1.9978
326.000000 -1.9985
327.000000 -1.9992
328.000000 -1.9999
329.000000 -2.0005
330.000000 -2.0011
331.000000 -2.0017
332.000000 -2.0022
333.000000 -2.0027
334.000000 -2.0032
335.000000 -2.0036
336.000000 -2.004
337.000000 -2.0044
338.000000 -2.0048
339.000000 -2.0051
340.000000 -2.0054
341.000000 -2.0057
342.000000 -2.006
343.000000 -2.0062
344.000000 -2.0064
345.000000 -2.0066
346.000000 -2.0068
347.000000 -2.007
348.000000 -2.0071
349.000000 -2.0073
350.000000 -2.0074
351.000000 -2.0075
352.000000 -2.0076
353.000000 -2.0077
354.000000 -2.0077
355.000000 -2.0078
356.000000 -2.0078
357.000000 -2.0078
358.000000 -2.0078
359.000000 -2.0078
360.000000 -2.0078
361.000000 -2.0078
362.000000 -2.0078
363.000000 -2.0078
364.000000 -2.0077
365.000000 -2.0077
366.000000 -2.0076
367.000000 -2.0076
368.000000 -2.0075
369.000000 -2.0074
370.000000 -2.0074
371.000000 -2.0073
372.000000 -2.0072
373.000000 -2.0071
374.000000 -2.007
375.000000 -2.0069
376.000000 -2.0068
377.000000 -2.0067
378.000000 -2.0066
379.000000 -2.0065
380.000000 -2.0064
381.000000 -2.0063
382.000000 -2.0062
383.000000 -2.0061
384.000000 -2.006
385.000000 -2.0059
386.000000 -2.0058
387.000000 -2.0057
388.000000 -2.0055
389.000000 -2.0054
390.000000 -2.0053
391.000000 -2.0052
392.000000 -2.0051
393.000000 -2.005
394.000000 -2.0049
395.000000 -2.0047
396.000000 -2.0046
397.000000 -2.0045
398.000000 -2.0044
399.000000 -2.0043
400.000000 -2.0042
401.000000 -2.0041
402.000000 -2.004
403.000000 -2.0039
404.000000 -2.0038
405.000000 -2.0037
406.000000 -2.0036
407.000000 -2.0035
408.000000 -2.0034
409.000000 -2.0033
410.000000 -2.0032
411.000000 -2.0031
412.000000 -2.003
413.000000 -2.0029
414.000000 -2.0028
415.000000 -2.0027
416.000000 -2.0026
417.000000 -2.0025
418.000000 -2.0024
419.000000 -2.0024
420.000000 -2.0023
421.000000 -2.0022
422.000000 -2.0021
423.000000 -2.0021
424.000000 -2.002
425.000000 -2.0019
426.000000 -2.0018
427.000000 -2.0018
428.000000 -2.0017
429.000000 -2.0016
430.000000 -2.0016
431.000000 -2.0015
432.000000 -2.0015
433.000000 -2.0014
434.000000 -2.0013
435.000000 -2.0013
436.000000 -2.0012
437.000000 -2.0012
438.000000 -2.0011
439.000000 -2.0011
440.000000 -2.001
441.000000 -2.001
442.000000 -2.0009
443.000000 -2.0009
444.000000 -2.0009
445.000000 -2.0008
446.000000 -2.0008
447.000000 -2.0007
448.000000 -2.0007
449.000000 -2.0007
450.000000 -2.0006
451.000000 -2.0006
452.000000 -2.0006
453.000000 -2.0005
454.000000 -2.0005
455.000000 -2.0005
456.000000 -2.0004
457.000000 -2.0004
458.000000 -2.0004
459.000000 -2.0004
460.000000 -2.0003
461.000000 -2.0003
462.000000 -2.0003
463.000000 -2.0003
464.000000 -2.0002
465.000000 -2.0002
466.000000 -2.0002
467.000000 -2.0002
468.000000 -2.0002
469.000000 -2.0002
470.000000 -2.0001
471.000000 -2.0001
472.000000 -2.0001
473.000000 -2.0001
474.000000 -2.0001
475.000000 -2.0001
476.000000 -2.0001
477.000000 -2
478.000000 -2
479.000000 -2
480.000000 -2
481.000000 -2
482.000000 -2
483.000000 -2
484.000000 -2
485.000000 -2
486.000000 -2
487.000000 -2
488.000000 -2
489.000000 -2
490.000000 -1.9999
491.000000 -1.9999
492.000000 -1.9999
493.000000 -1.9999
494.000000 -1.9999
495.000000 -1.9999
496.000000 -1.9999
497.000000 -1.9999
498.000000 -1.9999
499.000000 -1.9999
500.000000 2.9661
501.000000 0.76588
502.000000 1.9566
503.000000 1.3877
504.000000 1.6496
505.000000 1.4785
506.000000 1.5113
507.000000 1.4388
508.000000 1.4181
509.000000 1.3737
510.000000 1.3443
511.000000 1.3115
512.000000 1.2848
513.000000 1.2597
514.000000 1.2382
515.000000 1.2192
516.000000 1.203
517.000000 1.1891
518.000000 1.1774
519.000000 1.1678
520.000000 1.16
521.000000 1.1539
522.000000 1.1493
523.000000 1.1459
524.000000 1.1438
525.000000 1.1428
526.000000 1.1427
527.000000 1.1434
528.000000 1.1449
529.000000 1.1471
530.000000 1.1498
531.000000 1.1531
532.000000 1.1569
533.000000 1.161
534.000000 1.1655
535.000000 1.1703
536.000000 1.1754
537.000000 1.1807
538.000000 1.1862
539.000000 1.1919
540.000000 1.1977
541.000000 1.2036
542.000000 1.2097
543.000000 1.2158
544.000000 1.2219
545.000000 1.2281
546.000000 1.2344
547.000000 1.2406
548.000000 1.2469
549.000000 1.2531
550.000000 1.2593
551.000000 1.2655
552.000000 1.2717
553.000000 1.2778
554.000000 1.2838
555.000000 1.2898
556.000000 1.2957
557.000000 1.3016
558.000000 1.3074
559.000000 1.3131
560.000000 1.3187
561.000000 1.3243
562.000000 1.3297
563.000000 1.3351
564.000000 1.3403
565.000000 1.3455
566.000000 1.3506
567.000000 1.3556
568.000000 1.3605
569.000000 1.3653
570.000000 1.37
571.000000 1.3746
572.000000 1.3791
573.000000 1.3835
574.000000 1.3878
575.000000 1.392
576.000000 1.3961
577.000000 1.4001
578.000000 1.404
579.000000 1.4078
580.000000 1.4115
581.000000 1.4151
582.000000 1.4186
583.000000 1.422
584.000000 1.4253
585.000000 1.4285
586.000000 1.4317
587.000000 1.4347
588.000000 1.4377
589.000000 1.4406
590.000000 1.4434
591.000000 1.4461
592.000000 1.4487
593.000000 1.4512
594.000000 1.4537
595.000000 1.456
596.000000 1.4583
597.000000 1.4606
598.000000 1.4627
599.000000 1.4648
600.000000 1.4668
601.000000 1.4687
602.000000 1.4706
603.000000 1.4724
604.000000 1.4741
605.000000 1.4758
606.000000 1.4774
607.000000 1.479
608.000000 1.4804
609.000000 1.4819
610.000000 1.4832
611.000000 1.4846
612.000000 1.4858
613.000000 1.487
614.000000 1.4882
615.000000 1.4893
616.000000 1.4904
617.000000 1.4914
618.000000 1.4924
619.000000 1.4933
620.000000 1.4942
621.000000 1.495
622.000000 1.4958
623.000000 1.4966
624.000000 1.4973
625.000000 1.498
626.000000 1.4986
627.000000 1.4993
628.000000 1.4999
629.000000 1.5004
630.000000 1.5009
631.000000 1.5014
632.000000 1.5019
633.000000 1.5023
634.000000 1.5027
635.000000 1.5031
636.000000 1.5035
637.000000 1.5038
638.000000 1.5041
639.000000 1.5044
640.000000 1.5047
641.000000 1.505
642.000000 1.5052
643.000000 1.5054
644.000000 1.5056
645.000000 1.5058
646.000000 1.5059
647.000000 1.5061
648.000000 1.5062
649.000000 1.5063
650.000000 1.5064
651.000000 1.5065
652.000000 1.5066
653.000000 1.5067
654.000000 1.5067
655.000000 1.5068
656.000000 1.5068
657.000000 1.5068
658.000000 1.5068
659.000000 1.5068
660.000000 1.5068
661.000000 1.5068
662.000000 1.5068
663.000000 1.5068
664.000000 1.5067
665.000000 1.5067
666.000000 1.5067
667.000000 1.5066
668.000000 1.5066
669.000000 1.5065
670.000000 1.5064
671.000000 1.5064
672.000000 1.5063
673.000000 1.5062
674.000000 1.5061
675.000000 1.5061
676.000000 1.506
677.000000 1.5059
678.000000 1.5058
679.000000 1.5057
680.000000 1.5056
681.000000 1.5055
682.000000 1.5054
683.000000 1.5053
684.000000 1.5052
685.000000 1.5051
686.000000 1.505
687.000000 1.5049
688.000000 1.5048
689.000000 1.5047
690.000000 1.5046
691.000000 1.5045
692.000000 1.5044
693.000000 1.5043
694.000000 1.5042
695.000000 1.5041
696.000000 1.504
697.000000 1.5039
698.000000 1.5038
699.000000 1.5037
700.000000 1.5037
701.000000 1.5036
702.000000 1.5035
703.000000 1.5034
704.000000 1.5033
705.000000 1.5032
706.000000 1.5031
707.000000 1.503
708.000000 1.5029
709.000000 1.5028
710.000000 1.5028
711.000000 1.5027
712.000000 1.5026
713.000000 1.5025
714.000000 1.5024
715.000000 1.5024
716.000000 1.5023
717.000000 1.5022
718.000000 1.5021
719.000000 1.5021
720.000000 1.502
721.000000 1.5019
722.000000 1.5019
723.000000 1.5018
724.000000 1.5017
725.000000 1.5017
726.000000 1.5016
727.000000 1.5016
728.000000 1.5015
729.000000 1.5014
730.000000 1.5014
731.000000 1.5013
732.000000 1.5013
733.000000 1.5012
734.000000 1.5012
735.000000 1.5011
736.000000 1.5011
737.000000 1.501
738.000000 1.501
739.000000 1.5009
740.000000 1.5009
741.000000 1.5009
742.000000 1.5008
743.000000 1.5008
744.000000 1.5007
745.000000 1.5007
746.000000 1.5007
747.000000 1.5006
748.000000 1.5006
749.000000 1.5006
750.000000 1.5005
751.000000 1.5005
752.000000 1.5005
753.000000 1.5005
754.000000 1.5004
755.000000 1.5004
756.000000 1.5004
757.000000 1.5004
758.000000 1.5003
759.000000 1.5003
760.000000 1.5003
761.000000 1.5003
762.000000 1.5003
763.000000 1.5002
764.000000 1.5002
765.000000 1.5002
766.000000 1.5002
767.000000 1.5002
768.000000 1.5002
769.000000 1.5001
770.000000 1.5001
771.000000 1.5001
772.000000 1.5001
773.000000 1.5001
774.000000 1.5001
775.000000 1.5001
776.000000 1.5001
777.000000 1.5
778.000000 1.5
779.000000 1.5
780.000000 1.5
781.000000 1.5
782.000000 1.5
783.000000 1.5
784.000000 1.5
785.000000 1.5
786.000000 1.5
787.000000 1.5
788.000000 1.5
789.000000 1.5
790.000000 1.5
791.000000 1.4999
792.000000 1.4999
793.000000 1.4999
794.000000 1.4999
795.000000 1.4999
796.000000 1.4999
797.000000 1.4999
798.000000 1.4999
799.000000 1.4999
800.000000 -0.62836
801.000000 0.31458
802.000000 -0.19572
803.000000 0.048097
804.000000 -0.064175
805.000000 0.0091835
806.000000 -0.0049011
807.000000 0.026169
808.000000 0.035045
809.000000 0.054098
810.000000 0.066693
811.000000 0.080741
812.000000 0.092167
813.000000 0.10295
814.000000 0.11214
815.000000 0.1203
816.000000 0.12725
817.000000 0.13321
818.000000 0.13819
819.000000 0.14232
820.000000 0.14565
821.000000 0.14829
822.000000 0.15028
823.000000 0.1517
824.000000 0.15261
825.000000 0.15306
826.000000 0.1531
827.000000 0.15278
828.000000 0.15214
829.000000 0.15121
830.000000 0.15003
831.000000 0.14863
832.000000 0.14703
833.000000 0.14525
834.000000 0.14332
835.000000 0.14126
836.000000 0.13909
837.000000 0.13681
838.000000 0.13445
839.000000 0.13202
840.000000 0.12953
841.000000 0.12698
842.000000 0.1244
843.000000 0.12178
844.000000 0.11914
845.000000 0.11648
846.000000 0.11381
847.000000 0.11113
848.000000 0.10846
849.000000 0.10578
850.000000 0.10312
851.000000 0.10047
852.000000 0.097834
853.000000 0.09522
854.000000 0.092627
855.000000 0.09006
856.000000 0.08752
857.000000 0.08501
858.000000 0.082531
859.000000 0.080086
860.000000 0.077675
861.000000 0.0753
862.000000 0.072963
863.000000 0.070663
864.000000 0.068404
865.000000 0.066184
866.000000 0.064005
867.000000 0.061867
868.000000 0.059771
869.000000 0.057718
870.000000 0.055706
871.000000 0.053737
872.000000 0.051811
873.000000 0.049928
874.000000 0.048088
875.000000 0.04629
876.000000 0.044535
877.000000 0.042823
878.000000 0.041152
879.000000 0.039524
880.000000 0.037937
881.000000 0.036392
882.000000 0.034887
883.000000 0.033423
884.000000 0.031999
885.000000 0.030615
886.000000 0.029269
887.000000 0.027963
888.000000 0.026694
889.000000 0.025463
890.000000 0.024269
891.000000 0.023111
892.000000 0.021989
893.000000 0.020902
894.000000 0.01985
895.000000 0.018831
896.000000 0.017846
897.000000 0.016893
898.000000 0.015972
899.000000 0.015083
900.000000 0.014224
901.000000 0.013396
902.000000 0.012596
903.000000 0.011826
904.000000 0.011083
905.000000 0.010368
906.000000 0.0096795
907.000000 0.0090173
908.000000 0.0083805
909.000000 0.0077685
910.000000 0.0071808
911.000000 0.0066166
912.000000 0.0060754
913.000000 0.0055566
914.000000 0.0050595
915.000000 0.0045836
916.000000 0.0041282
917.000000 0.0036928
918.000000 0.0032768
919.000000 0.0028796
920.000000 0.0025007
921.000000 0.0021395
922.000000 0.0017955
923.000000 0.0014682
924.000000 0.0011569
925.000000 0.00086131
926.000000 0.0005808
927.000000 0.00031492
928.000000 6.3162e-05
929.000000 -0.00017493
930.000000 -0.00039984
931.000000 -0.000612
932.000000 -0.00081187
933.000000 -0.00099989
934.000000 -0.0011765
935.000000 -0.001342
936.000000 -0.001497
937.000000 -0.0016417
938.000000 -0.0017766
939.000000 -0.0019021
940.000000 -0.0020185
941.000000 -0.0021262
942.000000 -0.0022255
943.000000 -0.0023167
944.000000 -0.0024003
945.000000 -0.0024765
946.000000 -0.0025456
947.000000 -0.0026079
948.000000 -0.0026638
949.000000 -0.0027135
950.000000 -0.0027573
951.000000 -0.0027955
952.000000 -0.0028283
953.000000 -0.002856
954.000000 -0.0028788
955.000000 -0.002897
956.000000 -0.0029109
957.000000 -0.0029205
958.000000 -0.0029262
959.000000 -0.0029281
960.000000 -0.0029265
961.000000 -0.0029215
962.000000 -0.0029134
963.000000 -0.0029023
964.000000 -0.0028884
965.000000 -0.0028719
966.000000 -0.0028529
967.000000 -0.0028316
968.000000 -0.0028081
969.000000 -0.0027826
970.000000 -0.0027553
971.000000 -0.0027262
972.000000 -0.0026955
973.000000 -0.0026633
974.000000 -0.0026297
975.000000 -0.0025949
976.000000 -0.0025589
977.000000 -0.0025219
978.000000 -0.0024839
979.000000 -0.0024451
980.000000 -0.0024056
981.000000 -0.0023654
982.000000 -0.0023246
983.000000 -0.0022833
984.000000 -0.0022416
985.000000 -0.0021995
986.000000 -0.0021572
987.000000 -0.0021146
988.000000 -0.0020719
989.000000 -0.002029
990.000000 -0.0019862
991.000000 -0.0019433
992.000000 -0.0019005
993.000000 -0.0018578
994.000000 -0.0018153
995.000000 -0.0017729
996.000000 -0.0017308
997.000000 -0.001689
998.000000 -0.0016474
999.000000 -0.0016062
1000.000000 -0.0015654
1001.000000 -0.0015249
1002.000000 -0.0014849
1003.000000 -0.0014453
1004.000000 -0.0014062
1005.000000 -0.0013676
1006.000000 -0.0013294
1007.000000 -0.0012918
1008.000000 -0.0012548
1009.000000 -0.0012182
1010.000000 -0.0011823
1011.000000 -0.0011469
1012.000000 -0.0011121
1013.000000 -0.0010779
1014.000000 -0.0010444
1015.000000 -0.0010114
1016.000000 -0.00097902
1017.000000 -0.00094727
1018.000000 -0.00091615
1019.000000 -0.00088566
1020.000000 -0.00085579
1021.000000 -0.00082655
1022.000000 -0.00079794
1023.000000 -0.00076995
1024.000000 -0.00074259
1025.000000 -0.00071585
1026.000000 -0.00068974
1027.000000 -0.00066424
1028.000000 -0.00063936
1029.000000 -0.00061508
1030.000000 -0.00059141
1031.000000 -0.00056834
1032.000000 -0.00054587
1033.000000 -0.00052398
1034.000000 -0.00050267
1035.000000 -0.00048194
1036.000000 -0.00046178
1037.000000 -0.00044217
1038.000000 -0.00042312
1039.000000 -0.00040461
1040.000000 -0.00038664
1041.000000 -0.0003692
1042.000000 -0.00035228
1043.000000 -0.00033587
1044.000000 -0.00031997
1045.000000 -0.00030455
1046.000000 -0.00028963
1047.000000 -0.00027517
1048.000000 -0.00026119
1049.000000 -0.00024766
1050.000000 -0.00023459
1051.000000 -0.00022195
1052.000000 -0.00020974
1053.000000 -0.00019796
1054.000000 -0.00018658
1055.000000 -0.00017561
1056.000000 -0.00016504
1057.000000 -0.00015484
1058.000000 -0.00014503
1059.000000 -0.00013558
1060.000000 -0.00012649
1061.000000 -0.00011774
1062.000000 -0.00010934
1063.000000 -0.00010127
1064.000000 -9.3519e-05
1065.000000 -8.6084e-05
1066.000000 -7.8955e-05
1067.000000 -7.2123e-05
1068.000000 -6.558e-05
1069.000000 -5.9318e-05
1070.000000 -5.3329e-05
1071.000000 -4.7605e-05
1072.000000 -4.2138e-05
1073.000000 -3.6921e-05
1074.000000 -3.1946e-05
1075.000000 -2.7206e-05
1076.000000 -2.2693e-05
1077.000000 -1.8401e-05
1078.000000 -1.4322e-05
1079.000000 -1.0449e-05
1080.000000 -6.7762e-06
1081.000000 -3.2963e-06
1082.000000 -3.145e-09
1083.000000 3.1098e-06
1084.000000 6.0486e-06
1085.000000 8.8194e-06
1086.000000 1.1428e-05
1087.000000 1.3881e-05
1088.000000 1.6183e-05
1089.000000 1.8339e-05
1090.000000 2.0356e-05
1091.000000 2.2239e-05
1092.000000 2.3993e-05
1093.000000 2.5622e-05
1094.000000 2.7132e-05
1095.000000 2.8527e-05
1096.000000 2.9812e-05
1097.000000 3.0992e-05
1098.000000 3.2071e-05
1099.000000 3.3053e-05
