0.000000 0
1.000000 0
2.000000 0
3.000000 0
4.000000 0
5.000000 0
6.000000 0
7.000000 0
8.000000 0
9.000000 0
10.000000 2.8634
11.000000 1.3639
12.000000 2.0926
13.000000 1.7528
14.000000 1.9452
15.000000 1.8759
16.000000 1.9331
17.000000 1.9253
18.000000 1.9468
19.000000 1.9515
20.000000 1.9624
21.000000 1.9683
22.000000 1.9751
23.000000 1.98
24.000000 1.9846
25.000000 1.9882
26.000000 1.9913
27.000000 1.9938
28.000000 1.9959
29.000000 1.9975
30.000000 1.9987
31.000000 1.9996
32.000000 2.0002
33.000000 2.0006
34.000000 2.0007
35.000000 2.0007
36.000000 2.0005
37.000000 2.0002
38.000000 1.9999
39.000000 1.9994
40.000000 1.9989
41.000000 1.9983
42.000000 1.9977
43.000000 1.9971
44.000000 1.9966
45.000000 1.996
46.000000 1.9954
47.000000 1.9949
48.000000 1.9944
49.000000 1.994
50.000000 1.9936
51.000000 1.9933
52.000000 1.993
53.000000 1.9927
54.000000 1.9925
55.000000 1.9924
56.000000 1.9923
57.000000 1.9922
58.000000 1.9922
59.000000 1.9922
60.000000 1.9923
61.000000 1.9924
62.000000 1.9926
63.000000 1.9928
64.000000 1.993
65.000000 1.9932
66.000000 1.9934
67.000000 1.9937
68.000000 1.994
69.000000 1.9943
70.000000 1.9946
71.000000 1.9949
72.000000 1.9952
73.000000 1.9955
74.000000 1.9958
75.000000 1.9961
76.000000 1.9964
77.000000 1.9967
78.000000 1.997
79.000000 1.9972
80.000000 1.9975
81.000000 1.9978
82.000000 1.998
83.000000 1.9982
84.000000 1.9984
85.000000 1.9986
86.000000 1.9988
87.000000 1.999
88.000000 1.9991
89.000000 1.9993
90.000000 1.9994
91.000000 1.9995
92.000000 1.9996
93.000000 1.9997
94.000000 1.9998
95.000000 1.9999
96.000000 1.9999
97.000000 2
98.000000 2
99.000000 2
100.000000 2.0001
101.000000 2.0001
102.000000 2.0001
103.000000 2.0001
104.000000 2.0001
105.000000 2.0001
106.000000 2.0001
107.000000 2.0001
108.000000 2.0001
109.000000 2.0001
110.000000 2.0001
111.000000 2.0001
112.000000 2
113.000000 2
114.000000 2
115.000000 2
116.000000 2
117.000000 2
118.000000 1.9999
119.000000 1.9999
120.000000 1.9999
121.000000 1.9999
122.000000 1.9999
123.000000 1.9999
124.000000 1.9999
125.000000 1.9999
126.000000 1.9999
127.000000 1.9999
128.000000 1.9999
129.000000 1.9999
130.000000 1.9999
131.000000 1.9999
132.000000 1.9999
133.000000 1.9999
134.000000 1.9999
135.000000 1.9999
136.000000 1.9999
137.000000 1.9999
138.000000 1.9999
139.000000 1.9999
140.000000 1.9999
141.000000 1.9999
142.000000 1.9999
143.000000 1.9999
144.000000 1.9999
145.000000 1.9999
146.000000 1.9999
147.000000 1.9999
148.000000 1.9999
149.000000 1.9999
150.000000 1.9999
151.000000 1.9999
152.000000 2
153.000000 2
154.000000 2
155.000000 2
156.000000 2
157.000000 2
158.000000 2
159.000000 2
160.000000 2
161.000000 2
162.000000 2
163.000000 2
164.000000 2
165.000000 2
166.000000 2
167.000000 2
168.000000 2
169.000000 2
170.000000 2
171.000000 2
172.000000 2
173.000000 2
174.000000 2
175.000000 2
176.000000 2
177.000000 2
178.000000 2
179.000000 2
180.000000 2
181.000000 2
182.000000 2
183.000000 2
184.000000 2
185.000000 2
186.000000 2
187.000000 2
188.000000 2
189.000000 2
190.000000 2
191.000000 2
192.000000 2
193.000000 2
194.000000 2
195.000000 2
196.000000 2
197.000000 2
198.000000 2
199.000000 2
200.000000 -3.7268
201.000000 -0.72774
202.000000 -2.1852
203.000000 -1.5056
204.000000 -1.8905
205.000000 -1.7518
206.000000 -1.8661
207.000000 -1.8506
208.000000 -1.8936
209.000000 -1.903
210.000000 -1.9247
211.000000 -1.9367
212.000000 -1.9501
213.000000 -1.96
214.000000 -1.9691
215.000000 -1.9764
216.000000 -1.9826
217.000000 -1.9876
218.000000 -1.9917
219.000000 -1.9949
220.000000 -1.9974
221.000000 -1.9992
222.000000 -2.0004
223.000000 -2.0011
224.000000 -2.0015
225.000000 -2.0014
226.000000 -2.0011
227.000000 -2.0005
228.000000 -1.9997
229.000000 -1.9988
230.000000 -1.9977
231.000000 -1.9966
232.000000 -1.9955
233.000000 -1.9943
234.000000 -1.9931
235.000000 -1.992
236.000000 -1.9909
237.000000 -1.9898
238.000000 -1.9889
239.000000 -1.988
240.000000 -1.9872
241.000000 -1.9865
242.000000 -1.9859
243.000000 -1.9854
244.000000 -1.985
245.000000 -1.9847
246.000000 -1.9845
247.000000 -1.9844
248.000000 -1.9844
249.000000 -1.9845
250.000000 -1.9846
251.000000 -1.9849
252.000000 -1.9852
253.000000 -1.9855
254.000000 -1.9859
255.000000 -1.9864
256.000000 -1.9869
257.000000 -1.9874
258.000000 -1.988
259.000000 -1.9885
260.000000 -1.9891
261.000000 -1.9898
262.000000 -1.9904
263.000000 -1.991
264.000000 -1.9916
265.000000 -1.9922
266.000000 -1.9928
267.000000 -1.9934
268.000000 -1.994
269.000000 -1.9945
270.000000 -1.995
271.000000 -1.9955
272.000000 -1.996
273.000000 -1.9964
274.000000 -1.9969
275.000000 -1.9972
276.000000 -1.9976
277.000000 -1.998
278.000000 -1.9983
279.000000 -1.9985
280.000000 -1.9988
281.000000 -1.999
282.000000 -1.9992
283.000000 -1.9994
284.000000 -1.9996
285.000000 -1.9997
286.000000 -1.9998
287.000000 -1.9999
288.000000 -2
289.000000 -2.0001
290.000000 -2.0001
291.000000 -2.0002
292.000000 -2.0002
293.000000 -2.0002
294.000000 -2.0002
295.000000 -2.0002
296.000000 -2.0002
297.000000 -2.0002
298.000000 -2.0002
299.000000 -2.0002
300.000000 -2.0001
301.000000 -2.0001
302.000000 -2.0001
303.000000 -2
304.000000 -2
305.000000 -2
306.000000 -2
307.000000 -1.9999
308.000000 -1.9999
309.000000 -1.9999
310.000000 -1.9998
311.000000 -1.9998
312.000000 -1.9998
313.000000 -1.9998
314.000000 -1.9998
315.000000 -1.9997
316.000000 -1.9997
317.000000 -1.9997
318.000000 -1.9997
319.000000 -1.9997
320.000000 -1.9997
321.000000 -1.9997
322.000000 -1.9997
323.000000 -1.9997
324.000000 -1.9997
325.000000 -1.9997
326.000000 -1.9997
327.000000 -1.9997
328.000000 -1.9997
329.000000 -1.9998
330.000000 -1.9998
331.000000 -1.9998
332.000000 -1.9998
333.000000 -1.9998
334.000000 -1.9998
335.000000 -1.9998
336.000000 -1.9998
337.000000 -1.9999
338.000000 -1.9999
339.000000 -1.9999
340.000000 -1.9999
341.000000 -1.9999
342.000000 -1.9999
343.000000 -1.9999
344.000000 -1.9999
345.000000 -1.9999
346.000000 -1.9999
347.000000 -2
348.000000 -2
349.000000 -2
350.000000 -2
351.000000 -2
352.000000 -2
353.000000 -2
354.000000 -2
355.000000 -2
356.000000 -2
357.000000 -2
358.000000 -2
359.000000 -2
360.000000 -2
361.000000 -2
362.000000 -2
363.000000 -2
364.000000 -2
365.000000 -2
366.000000 -2
367.000000 -2
368.000000 -2
369.000000 -2
370.000000 -2
371.000000 -2
372.000000 -2
373.000000 -2
374.000000 -2
375.000000 -2
376.000000 -2
377.000000 -2
378.000000 -2
379.000000 -2
380.000000 -2
381.000000 -2
382.000000 -2
383.000000 -2
384.000000 -2
385.000000 -2
386.000000 -2
387.000000 -2
388.000000 -2
389.000000 -2
390.000000 -2
391.000000 -2
392.000000 -2
393.000000 -2
394.000000 -2
395.000000 -2
396.000000 -2
397.000000 -2
398.000000 -2
399.000000 -2
400.000000 -2
401.000000 -2
402.000000 -2
403.000000 -2
404.000000 -2
405.000000 -2
406.000000 -2
407.000000 -2
408.000000 -2
409.000000 -2
410.000000 -2
411.000000 -2
412.000000 -2
413.000000 -2
414.000000 -2
415.000000 -2
416.000000 -2
417.000000 -2
418.000000 -2
419.000000 -2
420.000000 -2
421.000000 -2
422.000000 -2
423.000000 -2
424.000000 -2
425.000000 -2
426.000000 -2
427.000000 -2
428.000000 -2
429.000000 -2
430.000000 -2
431.000000 -2
432.000000 -2
433.000000 -2
434.000000 -2
435.000000 -2
436.000000 -2
437.000000 -2
438.000000 -2
439.000000 -2
440.000000 -2
441.000000 -2
442.000000 -2
443.000000 -2
444.000000 -2
445.000000 -2
446.000000 -2
447.000000 -2
448.000000 -2
449.000000 -2
450.000000 -2
451.000000 -2
452.000000 -2
453.000000 -2
454.000000 -2
455.000000 -2
456.000000 -2
457.000000 -2
458.000000 -2
459.000000 -2
460.000000 -2
461.000000 -2
462.000000 -2
463.000000 -2
464.000000 -2
465.000000 -2
466.000000 -2
467.000000 -2
468.000000 -2
469.000000 -2
470.000000 -2
471.000000 -2
472.000000 -2
473.000000 -2
474.000000 -2
475.000000 -2
476.000000 -2
477.000000 -2
478.000000 -2
479.000000 -2
480.000000 -2
481.000000 -2
482.000000 -2
483.000000 -2
484.000000 -2
485.000000 -2
486.000000 -2
487.000000 -2
488.000000 -2
489.000000 -2
490.000000 -2
491.000000 -2
492.000000 -2
493.000000 -2
494.000000 -2
495.000000 -2
496.000000 -2
497.000000 -2
498.000000 -2
499.000000 -2
500.000000 3.011
501.000000 0.38677
502.000000 1.662
503.000000 1.0674
504.000000 1.4042
505.000000 1.2829
506.000000 1.3829
507.000000 1.3693
508.000000 1.4069
509.000000 1.4151
510.000000 1.4341
511.000000 1.4446
512.000000 1.4564
513.000000 1.465
514.000000 1.473
515.000000 1.4793
516.000000 1.4848
517.000000 1.4892
518.000000 1.4928
519.000000 1.4956
520.000000 1.4977
521.000000 1.4993
522.000000 1.5004
523.000000 1.501
524.000000 1.5013
525.000000 1.5012
526.000000 1.5009
527.000000 1.5004
528.000000 1.4997
529.000000 1.4989
530.000000 1.498
531.000000 1.497
532.000000 1.496
533.000000 1.495
534.000000 1.494
535.000000 1.493
536.000000 1.492
537.000000 1.4911
538.000000 1.4903
539.000000 1.4895
540.000000 1.4888
541.000000 1.4882
542.000000 1.4877
543.000000 1.4873
544.000000 1.4869
545.000000 1.4866
546.000000 1.4865
547.000000 1.4864
548.000000 1.4864
549.000000 1.4864
550.000000 1.4866
551.000000 1.4868
552.000000 1.487
553.000000 1.4873
554.000000 1.4877
555.000000 1.4881
556.000000 1.4885
557.000000 1.489
558.000000 1.4895
559.000000 1.49
560.000000 1.4905
561.000000 1.491
562.000000 1.4916
563.000000 1.4921
564.000000 1.4927
565.000000 1.4932
566.000000 1.4937
567.000000 1.4942
568.000000 1.4947
569.000000 1.4952
570.000000 1.4956
571.000000 1.4961
572.000000 1.4965
573.000000 1.4969
574.000000 1.4972
575.000000 1.4976
576.000000 1.4979
577.000000 1.4982
578.000000 1.4985
579.000000 1.4987
580.000000 1.4989
581.000000 1.4992
582.000000 1.4993
583.000000 1.4995
584.000000 1.4996
585.000000 1.4998
586.000000 1.4999
587.000000 1.4999
588.000000 1.5
589.000000 1.5001
590.000000 1.5001
591.000000 1.5002
592.000000 1.5002
593.000000 1.5002
594.000000 1.5002
595.000000 1.5002
596.000000 1.5002
597.000000 1.5002
598.000000 1.5002
599.000000 1.5001
600.000000 1.5001
601.000000 1.5001
602.000000 1.5001
603.000000 1.5
604.000000 1.5
605.000000 1.5
606.000000 1.5
607.000000 1.4999
608.000000 1.4999
609.000000 1.4999
610.000000 1.4999
611.000000 1.4998
612.000000 1.4998
613.000000 1.4998
614.000000 1.4998
615.000000 1.4998
616.000000 1.4998
617.000000 1.4998
618.000000 1.4998
619.000000 1.4997
620.000000 1.4997
621.000000 1.4997
622.000000 1.4997
623.000000 1.4997
624.000000 1.4998
625.000000 1.4998
626.000000 1.4998
627.000000 1.4998
628.000000 1.4998
629.000000 1.4998
630.000000 1.4998
631.000000 1.4998
632.000000 1.4998
633.000000 1.4998
634.000000 1.4998
635.000000 1.4998
636.000000 1.4999
637.000000 1.4999
638.000000 1.4999
639.000000 1.4999
640.000000 1.4999
641.000000 1.4999
642.000000 1.4999
643.000000 1.4999
644.000000 1.4999
645.000000 1.4999
646.000000 1.5
647.000000 1.5
648.000000 1.5
649.000000 1.5
650.000000 1.5
651.000000 1.5
652.000000 1.5
653.000000 1.5
654.000000 1.5
655.000000 1.5
656.000000 1.5
657.000000 1.5
658.000000 1.5
659.000000 1.5
660.000000 1.5
661.000000 1.5
662.000000 1.5
663.000000 1.5
664.000000 1.5
665.000000 1.5
666.000000 1.5
667.000000 1.5
668.000000 1.5
669.000000 1.5
670.000000 1.5
671.000000 1.5
672.000000 1.5
673.000000 1.5
674.000000 1.5
675.000000 1.5
676.000000 1.5
677.000000 1.5
678.000000 1.5
679.000000 1.5
680.000000 1.5
681.000000 1.5
682.000000 1.5
683.000000 1.5
684.000000 1.5
685.000000 1.5
686.000000 1.5
687.000000 1.5
688.000000 1.5
689.000000 1.5
690.000000 1.5
691.000000 1.5
692.000000 1.5
693.000000 1.5
694.000000 1.5
695.000000 1.5
696.000000 1.5
697.000000 1.5
698.000000 1.5
699.000000 1.5
700.000000 1.5
701.000000 1.5
702.000000 1.5
703.000000 1.5
704.000000 1.5
705.000000 1.5
706.000000 1.5
707.000000 1.5
708.000000 1.5
709.000000 1.5
710.000000 1.5
711.000000 1.5
712.000000 1.5
713.000000 1.5
714.000000 1.5
715.000000 1.5
716.000000 1.5
717.000000 1.5
718.000000 1.5
719.000000 1.5
720.000000 1.5
721.000000 1.5
722.000000 1.5
723.000000 1.5
724.000000 1.5
725.000000 1.5
726.000000 1.5
727.000000 1.5
728.000000 1.5
729.000000 1.5
730.000000 1.5
731.000000 1.5
732.000000 1.5
733.000000 1.5
734.000000 1.5
735.000000 1.5
736.000000 1.5
737.000000 1.5
738.000000 1.5
739.000000 1.5
740.000000 1.5
741.000000 1.5
742.000000 1.5
743.000000 1.5
744.000000 1.5
745.000000 1.5
746.000000 1.5
747.000000 1.5
748.000000 1.5
749.000000 1.5
750.000000 1.5
751.000000 1.5
752.000000 1.5
753.000000 1.5
754.000000 1.5
755.000000 1.5
756.000000 1.5
757.000000 1.5
758.000000 1.5
759.000000 1.5
760.000000 1.5
761.000000 1.5
762.000000 1.5
763.000000 1.5
764.000000 1.5
765.000000 1.5
766.000000 1.5
767.000000 1.5
768.000000 1.5
769.000000 1.5
770.000000 1.5
771.000000 1.5
772.000000 1.5
773.000000 1.5
774.000000 1.5
775.000000 1.5
776.000000 1.5
777.000000 1.5
778.000000 1.5
779.000000 1.5
780.000000 1.5
781.000000 1.5
782.000000 1.5
783.000000 1.5
784.000000 1.5
785.000000 1.5
786.000000 1.5
787.000000 1.5
788.000000 1.5
789.000000 1.5
790.000000 1.5
791.000000 1.5
792.000000 1.5
793.000000 1.5
794.000000 1.5
795.000000 1.5
796.000000 1.5
797.000000 1.5
798.000000 1.5
799.000000 1.5
800.000000 -0.64757
801.000000 0.4771
802.000000 -0.069445
803.000000 0.18541
804.000000 0.041076
805.000000 0.093059
806.000000 0.050205
807.000000 0.05603
808.000000 0.039907
809.000000 0.036372
810.000000 0.028237
811.000000 0.023756
812.000000 0.018701
813.000000 0.015001
814.000000 0.011579
815.000000 0.0088523
816.000000 0.0065176
817.000000 0.0046378
818.000000 0.0031053
819.000000 0.0019046
820.000000 0.00098199
821.000000 0.00030844
822.000000 -0.0001519
823.000000 -0.0004269
824.000000 -0.00054423
825.000000 -0.0005279
826.000000 -0.00040034
827.000000 -0.0001816
828.000000 0.00011001
829.000000 0.00045804
830.000000 0.0008477
831.000000 0.0012658
832.000000 0.0017005
833.000000 0.0021415
834.000000 0.0025799
835.000000 0.0030078
836.000000 0.0034185
837.000000 0.0038066
838.000000 0.0041675
839.000000 0.0044974
840.000000 0.0047937
841.000000 0.0050544
842.000000 0.005278
843.000000 0.005464
844.000000 0.0056123
845.000000 0.0057232
846.000000 0.0057976
847.000000 0.0058368
848.000000 0.0058422
849.000000 0.0058157
850.000000 0.0057593
851.000000 0.0056752
852.000000 0.0055658
853.000000 0.0054334
854.000000 0.0052806
855.000000 0.0051097
856.000000 0.0049234
857.000000 0.004724
858.000000 0.0045138
859.000000 0.0042953
860.000000 0.0040705
861.000000 0.0038415
862.000000 0.0036103
863.000000 0.0033787
864.000000 0.0031484
865.000000 0.0029209
866.000000 0.0026975
867.000000 0.0024796
868.000000 0.0022682
869.000000 0.0020641
870.000000 0.0018684
871.000000 0.0016815
872.000000 0.0015041
873.000000 0.0013364
874.000000 0.001179
875.000000 0.0010318
876.000000 0.00089501
877.000000 0.00076861
878.000000 0.0006525
879.000000 0.0005465
880.000000 0.00045038
881.000000 0.00036384
882.000000 0.00028654
883.000000 0.00021807
884.000000 0.00015801
885.000000 0.00010591
886.000000 6.1293e-05
887.000000 2.3662e-05
888.000000 -7.4848e-06
889.000000 -3.2653e-05
890.000000 -5.2349e-05
891.000000 -6.7073e-05
892.000000 -7.7316e-05
893.000000 -8.3559e-05
894.000000 -8.6263e-05
895.000000 -8.5874e-05
896.000000 -8.2816e-05
897.000000 -7.7492e-05
898.000000 -7.0279e-05
899.000000 -6.1531e-05
900.000000 -5.1577e-05
901.000000 -4.0719e-05
902.000000 -2.9234e-05
903.000000 -1.737e-05
904.000000 -5.355e-06
905.000000 6.6128e-06
906.000000 1.8357e-05
907.000000 2.9726e-05
908.000000 4.0588e-05
909.000000 5.0835e-05
910.000000 6.0378e-05
911.000000 6.9146e-05
912.000000 7.7087e-05
913.000000 8.4162e-05
914.000000 9.035e-05
915.000000 9.5642e-05
916.000000 0.00010004
917.000000 0.00010355
918.000000 0.00010621
919.000000 0.00010804
920.000000 0.00010908
921.000000 0.00010937
922.000000 0.00010896
923.000000 0.00010789
924.000000 0.00010624
925.000000 0.00010404
926.000000 0.00010135
927.000000 9.8238e-05
928.000000 9.4752e-05
929.000000 9.095e-05
930.000000 8.6883e-05
931.000000 8.2606e-05
932.000000 7.8166e-05
933.000000 7.3611e-05
934.000000 6.8985e-05
935.000000 6.4329e-05
936.000000 5.9681e-05
937.000000 5.5076e-05
938.000000 5.0544e-05
939.000000 4.6115e-05
940.000000 4.1813e-05
941.000000 3.7659e-05
942.000000 3.3671e-05
943.000000 2.9866e-05
944.000000 2.6255e-05
945.000000 2.2848e-05
946.000000 1.9653e-05
947.000000 1.6672e-05
948.000000 1.391e-05
949.000000 1.1366e-05
950.000000 9.039e-06
951.000000 6.9251e-06
952.000000 5.0196e-06
953.000000 3.3164e-06
954.000000 1.8083e-06
955.000000 4.8702e-07
956.000000 -6.5658e-07
957.000000 -1.6322e-06
958.000000 -2.45e-06
959.000000 -3.1206e-06
960.000000 -3.6548e-06
961.000000 -4.0634e-06
962.000000 -4.3574e-06
963.000000 -4.5476e-06
964.000000 -4.6445e-06
965.000000 -4.6585e-06
966.000000 -4.5997e-06
967.000000 -4.4775e-06
968.000000 -4.3012e-06
969.000000 -4.0795e-06
970.000000 -3.8204e-06
971.000000 -3.5317e-06
972.000000 -3.2204e-06
973.000000 -2.893e-06
974.000000 -2.5555e-06
975.000000 -2.2132e-06
976.000000 -1.8709e-06
977.000000 -1.5329e-06
978.000000 -1.203e-06
979.000000 -8.844e-07
980.000000 -5.7984e-07
981.000000 -2.916e-07
982.000000 -2.1548e-08
983.000000 2.2888e-07
984.000000 4.5862e-07
985.000000 6.6694e-07
986.000000 8.5346e-07
987.000000 1.0181e-06
988.000000 1.1609e-06
989.000000 1.2823e-06
990.000000 1.3829e-06
991.000000 1.4635e-06
992.000000 1.5248e-06
993.000000 1.5681e-06
994.000000 1.5942e-06
995.000000 1.6046e-06
996.000000 1.6003e-06
997.000000 1.5827e-06
998.000000 1.5531e-06
999.000000 1.5127e-06
1000.000000 1.463e-06
1001.000000 1.4051e-06
1002.000000 1.3403e-06
1003.000000 1.2698e-06
1004.000000 1.1947e-06
1005.000000 1.116e-06
1006.000000 1.0349e-06
1007.000000 9.523e-07
1008.000000 8.6899e-07
1009.000000 7.8581e-07
1010.000000 7.035e-07
1011.000000 6.227e-07
1012.000000 5.44e-07
1013.000000 4.679e-07
1014.000000 3.9482e-07
1015.000000 3.2515e-07
1016.000000 2.5917e-07
1017.000000 1.9713e-07
1018.000000 1.392e-07
1019.000000 8.5518e-08
1020.000000 3.6145e-08
1021.000000 -8.8885e-09
1022.000000 -4.9598e-08
1023.000000 -8.6038e-08
1024.000000 -1.183e-07
1025.000000 -1.4649e-07
1026.000000 -1.7076e-07
1027.000000 -1.9129e-07
1028.000000 -2.0824e-07
1029.000000 -2.2182e-07
1030.000000 -2.3225e-07
1031.000000 -2.3974e-07
1032.000000 -2.4452e-07
1033.000000 -2.4682e-07
1034.000000 -2.4686e-07
1035.000000 -2.4487e-07
1036.000000 -2.4108e-07
1037.000000 -2.357e-07
1038.000000 -2.2895e-07
1039.000000 -2.2102e-07
1040.000000 -2.1211e-07
1041.000000 -2.0241e-07
1042.000000 -1.9208e-07
1043.000000 -1.8128e-07
1044.000000 -1.7017e-07
1045.000000 -1.5887e-07
1046.000000 -1.4752e-07
1047.000000 -1.3623e-07
1048.000000 -1.2508e-07
1049.000000 -1.1419e-07
1050.000000 -1.0361e-07
1051.000000 -9.3414e-08
1052.000000 -8.366e-08
1053.000000 -7.4392e-08
1054.000000 -6.5645e-08
1055.000000 -5.7446e-08
1056.000000 -4.9814e-08
1057.000000 -4.276e-08
1058.000000 -3.6289e-08
1059.000000 -3.0399e-08
1060.000000 -2.5083e-08
1061.000000 -2.0328e-08
1062.000000 -1.6118e-08
1063.000000 -1.2433e-08
1064.000000 -9.2501e-09
1065.000000 -6.5433e-09
1066.000000 -4.2849e-09
1067.000000 -2.4455e-09
1068.000000 -9.9488e-10
1069.000000 9.8163e-11
1070.000000 8.6499e-10
1071.000000 1.3369e-09
1072.000000 1.545e-09
1073.000000 1.5195e-09
1074.000000 1.29e-09
1075.000000 8.8485e-10
1076.000000 3.3132e-10
1077.000000 -3.4481e-10
1078.000000 -1.1193e-09
1079.000000 -1.9693e-09
1080.000000 -2.8739e-09
1081.000000 -3.8137e-09
1082.000000 -4.7711e-09
1083.000000 -5.7301e-09
1084.000000 -6.6766e-09
1085.000000 -7.598e-09
1086.000000 -8.4834e-09
1087.000000 -9.3234e-09
1088.000000 -1.011e-08
1089.000000 -1.0837e-08
1090.000000 -1.15e-08
1091.000000 -1.2094e-08
1092.000000 -1.2617e-08
1093.000000 -1.3066e-08
1094.000000 -1.3443e-08
1095.000000 -1.3747e-08
1096.000000 -1.3978e-08
1097.000000 -1.414e-08
1098.000000 -1.4233e-08
1099.000000 -1.4262e-08
