1,34.12
1.05,34.12
1.1,34.12
1.15,34.12
1.2,34.12
1.25,34.12
1.3,34.12
1.35,34.12
1.4,34.12
1.45,34.12
1.5,34.12
1.55,34.12
1.6,34.12
1.65,34.12
1.7,34.12
1.75,34.12
1.8,34.18
1.85,34.18
1.9,34.18
1.95,34.18
2,34.18
2.05,34.18
2.1,34.18
2.15,34.18
2.2,34.18
2.25,34.18
2.3,34.25
2.35,34.25
2.4,34.25
2.45,34.25
2.5,34.25
2.55,34.25
2.6,34.25
2.65,34.25
2.7,34.25
2.75,34.25
2.8,34.31
2.85,34.31
2.9,34.31
2.95,34.31
3,34.31
3.05,34.31
3.1,34.31
3.15,34.31
3.2,34.31
3.25,34.31
3.3,34.37
3.35,34.37
3.4,34.37
3.45,34.37
3.5,34.37
3.55,34.37
3.6,34.37
3.65,34.37
3.7,34.37
3.75,34.37
3.8,34.43
3.85,34.43
3.9,34.43
3.95,34.43
4,34.43
4.05,34.43
4.1,34.43
4.15,34.43
4.2,34.43
4.25,34.43
4.3,34.43
4.35,34.43
4.4,34.43
4.45,34.43
4.5,34.43
4.55,34.43
4.6,34.43
4.65,34.43
4.7,34.43
4.75,34.5
4.8,34.5
4.85,34.5
4.9,34.5
4.95,34.5
5,34.5
5.05,34.5
5.1,34.5
5.15,34.5
5.2,34.5
5.25,34.5
5.3,34.56
5.35,34.56
5.4,34.56
5.45,34.56
5.5,34.56
5.55,34.56
5.6,34.56
5.65,34.56
5.7,34.56
5.75,34.56
5.8,34.62
5.85,34.62
5.9,34.62
5.95,34.62
6,34.62
6.05,34.62
6.1,34.62
6.15,34.62
6.2,34.62
6.25,34.62
6.3,34.68
6.35,34.68
6.4,34.68
6.45,34.68
6.5,34.68
6.55,34.68
6.6,34.68
6.65,34.68
6.7,34.68
6.75,34.68
6.8,34.75
6.85,34.75
6.9,34.75
6.95,34.75
7,34.75
7.05,34.75
7.1,34.75
7.15,34.75
7.2,34.75
7.25,34.75
7.3,34.81
7.35,34.81
7.4,34.81
7.45,34.81
7.5,34.81
7.55,34.81
7.6,34.81
7.65,34.81
7.7,34.81
7.75,34.81
7.8,34.87
7.85,34.87
7.9,34.87
7.95,34.87
8,34.87
8.05,34.87
8.1,34.87
8.15,34.87
8.2,34.87
8.25,34.87
8.3,34.93
8.35,34.93
8.4,34.93
8.45,34.93
8.5,34.93
8.55,34.93
8.6,34.93
8.65,34.93
8.7,34.93
8.75,34.93
8.8,35
8.85,35
8.9,35
8.95,35
9,35
9.05,35
9.1,35
9.15,35
9.2,35
9.25,35
9.3,35
9.35,35
9.4,35
9.45,35
9.5,35
9.55,35
9.6,35
9.65,35
9.7,35
9.75,35
9.8,35.06
9.85,35.06
9.9,35.06
9.95,35.06
10,35.06
10.05,35.06
10.1,35.06
10.15,35.06
10.2,35.06
10.25,35.06
10.3,35.12
10.35,35.12
10.4,35.12
10.45,35.12
10.5,35.12
10.55,35.12
10.6,35.12
10.65,35.12
10.7,35.12
10.75,35.12
10.8,35.18
10.85,35.18
10.9,35.18
10.95,35.18
11,35.18
11.05,35.18
11.1,35.18
11.15,35.18
11.2,35.18
11.25,35.18
11.3,35.18
11.35,35.18
11.4,35.18
11.45,35.18
11.5,35.18
11.55,35.18
11.6,35.18
11.65,35.18
11.7,35.18
11.75,35.25
11.8,35.25
11.85,35.25
11.9,35.25
11.95,35.25
12,35.25
12.05,35.25
12.1,35.25
12.15,35.25
12.2,35.25
12.25,35.25
12.3,35.25
12.35,35.25
12.4,35.25
12.45,35.25
12.5,35.25
12.55,35.25
12.6,35.25
12.65,35.25
12.7,35.25
12.75,35.25
12.8,35.31
12.85,35.31
12.9,35.31
12.95,35.31
13,35.31
13.05,35.31
13.1,35.31
13.15,35.31
13.2,35.31
13.25,35.31
13.3,35.37
13.35,35.37
13.4,35.37
13.45,35.37
13.5,35.37
13.55,35.37
13.6,35.37
13.65,35.37
13.7,35.37
13.75,35.37
13.8,35.37
13.85,35.37
13.9,35.37
13.95,35.37
14,35.37
14.05,35.37
14.1,35.37
14.15,35.37
14.2,35.37
14.25,35.37
14.3,35.37
14.35,35.37
14.4,35.37
14.45,35.37
14.5,35.37
14.55,35.37
14.6,35.37
14.65,35.37
14.7,35.37
14.75,35.37
14.8,35.43
14.85,35.43
14.9,35.43
14.95,35.43
15,35.43
15.05,35.43
15.1,35.43
15.15,35.43
15.2,35.43
15.25,35.43
15.3,35.43
15.35,35.43
15.4,35.43
15.45,35.43
15.5,35.43
15.55,35.43
15.6,35.43
15.65,35.43
15.7,35.43
15.75,35.43
15.8,35.5
15.85,35.5
15.9,35.5
15.95,35.5
16,35.5
16.05,35.5
16.1,35.5
16.15,35.5
16.2,35.5
16.25,35.5
16.3,35.5
16.35,35.5
16.4,35.5
16.45,35.5
16.5,35.5
16.55,35.5
16.6,35.5
16.65,35.5
16.7,35.5
16.75,35.5
16.8,35.5
16.85,35.5
16.9,35.5
16.95,35.5
17,35.5
17.05,35.5
17.1,35.5
17.15,35.5
17.2,35.5
17.25,35.5
17.3,35.56
17.35,35.56
17.4,35.56
17.45,35.56
17.5,35.56
17.55,35.56
17.6,35.56
17.65,35.56
17.7,35.56
17.75,35.56
17.8,35.62
17.85,35.62
17.9,35.62
17.95,35.62
18,35.62
18.05,35.62
18.1,35.62
18.15,35.62
18.2,35.62
18.25,35.62
18.3,35.62
18.35,35.62
18.4,35.62
18.45,35.62
18.5,35.62
18.55,35.62
18.6,35.62
18.65,35.62
18.7,35.62
18.75,35.62
18.8,35.62
18.85,35.62
18.9,35.62
18.95,35.62
19,35.62
19.05,35.62
19.1,35.62
19.15,35.62
19.2,35.62
19.25,35.62
19.3,35.68
19.35,35.68
19.4,35.68
19.45,35.68
19.5,35.68
19.55,35.68
19.6,35.68
19.65,35.68
19.7,35.68
19.75,35.68
19.8,35.68
19.85,35.68
19.9,35.68
19.95,35.68
20,35.68
20.05,35.68
20.1,35.68
20.15,35.68
20.2,35.68
20.25,35.68
20.3,35.75
20.35,35.75
20.4,35.75
20.45,35.75
20.5,35.75
20.55,35.75
20.6,35.75
20.65,35.75
20.7,35.75
20.75,35.75
20.8,35.75
20.85,35.75
20.9,35.75
20.95,35.75
21,35.75
21.05,35.75
21.1,35.75
21.15,35.75
21.2,35.75
21.25,35.75
21.3,35.75
21.35,35.75
21.4,35.75
21.45,35.75
21.5,35.75
21.55,35.75
21.6,35.75
21.65,35.75
21.7,35.75
21.75,35.75
21.8,35.75
21.85,35.75
21.9,35.75
21.95,35.75
22,35.75
22.05,35.75
22.1,35.75
22.15,35.75
22.2,35.75
22.25,35.81
22.3,35.81
22.35,35.81
22.4,35.81
22.45,35.81
22.5,35.81
22.55,35.81
22.6,35.81
22.65,35.81
22.7,35.81
22.75,35.81
22.8,35.81
22.85,35.81
22.9,35.81
22.95,35.81
23,35.81
23.05,35.81
23.1,35.81
23.15,35.81
23.2,35.81
23.25,35.81
23.3,35.81
23.35,35.81
23.4,35.81
23.45,35.81
23.5,35.81
23.55,35.81
23.6,35.81
23.65,35.81
23.7,35.81
23.75,35.81
23.8,35.87
23.85,35.87
23.9,35.87
23.95,35.87
24,35.87
24.05,35.87
24.1,35.87
24.15,35.87
24.2,35.87
24.25,35.87
24.3,35.87
24.35,35.87
24.4,35.87
24.45,35.87
24.5,35.87
24.55,35.87
24.6,35.87
24.65,35.87
24.7,35.87
24.75,35.87
24.8,35.87
24.85,35.87
24.9,35.87
24.95,35.87
25,35.87
25.05,35.87
25.1,35.87
25.15,35.87
25.2,35.87
25.25,35.87
25.3,35.87
25.35,35.87
25.4,35.87
25.45,35.87
25.5,35.87
25.55,35.87
25.6,35.87
25.65,35.87
25.7,35.87
25.75,35.93
25.8,35.93
25.85,35.93
25.9,35.93
25.95,35.93
26,35.93
26.05,35.93
26.1,35.93
26.15,35.93
26.2,35.93
26.25,35.93
26.3,35.93
26.35,35.93
26.4,35.93
26.45,35.93
26.5,35.93
26.55,35.93
26.6,35.93
26.65,35.93
26.7,35.93
26.75,35.93
26.8,35.93
26.85,35.93
26.9,35.93
26.95,35.93
27,35.93
27.05,35.93
27.1,35.93
27.15,35.93
27.2,35.93
27.25,35.93
27.3,35.93
27.35,35.93
27.4,35.93
27.45,35.93
27.5,35.93
27.55,35.93
27.6,35.93
27.65,35.93
27.7,35.93
27.75,35.93
27.8,35.93
27.85,35.93
27.9,35.93
27.95,35.93
28,35.93
28.05,35.93
28.1,35.93
28.15,35.93
28.2,35.93
28.25,35.93
28.3,36
28.35,36
28.4,36
28.45,36
28.5,36
28.55,36
28.6,36
28.65,36
28.7,36
28.75,36
28.8,36
28.85,36
28.9,36
28.95,36
29,36
29.05,36
29.1,36
29.15,36
29.2,36
29.25,36
29.3,36
29.35,36
29.4,36
29.45,36
29.5,36
29.55,36
29.6,36
29.65,36
29.7,36
29.75,36
29.8,36.06
29.85,36.06
29.9,36.06
29.95,36.06
30,36.06
30.05,36.06
30.1,36.06
30.15,36.06
30.2,36.06
30.25,36.06
30.3,36.06
30.35,36.06
30.4,36.06
30.45,36.06
30.5,36.06
30.55,36.06
30.6,36.06
30.65,36.06
30.7,36.06
30.75,36.06
30.8,36.06
30.85,36.06
30.9,36.06
30.95,36.06
31,36.06
31.05,36.06
31.1,36.06
31.15,36.06
31.2,36.06
31.25,36.06
31.3,36.06
31.35,36.06
31.4,36.06
31.45,36.06
31.5,36.06
31.55,36.06
31.6,36.06
31.65,36.06
31.7,36.06
31.75,36.06
31.8,36.12
31.85,36.12
31.9,36.12
31.95,36.12
32,36.12
32.05,36.12
32.1,36.12
32.15,36.12
32.2,36.12
32.25,36.12
32.3,36.12
32.35,36.12
32.4,36.12
32.45,36.12
32.5,36.12
32.55,36.12
32.6,36.12
32.65,36.12
32.7,36.12
32.75,36.12
32.8,36.12
32.85,36.12
32.9,36.12
32.95,36.12
33,36.12
33.05,36.12
33.1,36.12
33.15,36.12
33.2,36.12
33.25,36.12
33.3,36.12
33.35,36.12
33.4,36.12
33.45,36.12
33.5,36.12
33.55,36.12
33.6,36.12
33.65,36.12
33.7,36.12
33.75,36.12
33.8,36.12
33.85,36.12
33.9,36.12
33.95,36.12
34,36.12
34.05,36.12
34.1,36.12
34.15,36.12
34.2,36.12
34.25,36.12
34.3,36.12
34.35,36.12
34.4,36.12
34.45,36.12
34.5,36.12
34.55,36.12
34.6,36.12
34.65,36.12
34.7,36.12
34.75,36.12
34.8,36.12
34.85,36.12
34.9,36.12
34.95,36.12
35,36.12
35.05,36.12
35.1,36.12
35.15,36.12
35.2,36.12
35.25,36.12
35.3,36.18
35.35,36.18
35.4,36.18
35.45,36.18
35.5,36.18
35.55,36.18
35.6,36.18
35.65,36.18
35.7,36.18
35.75,36.18
35.8,36.12
35.85,36.12
35.9,36.12
35.95,36.12
36,36.12
36.05,36.12
36.1,36.12
36.15,36.12
36.2,36.12
36.25,36.18
36.3,36.18
36.35,36.18
36.4,36.18
36.45,36.18
36.5,36.18
36.55,36.18
36.6,36.18
36.65,36.18
36.7,36.18
36.75,36.18
36.8,36.18
36.85,36.18
36.9,36.18
36.95,36.18
37,36.18
37.05,36.18
37.1,36.18
37.15,36.18
37.2,36.18
37.25,36.18
37.3,36.18
37.35,36.18
37.4,36.18
37.45,36.18
37.5,36.18
37.55,36.18
37.6,36.18
37.65,36.18
37.7,36.18
37.75,36.18
37.8,36.18
37.85,36.18
37.9,36.18
37.95,36.18
38,36.18
38.05,36.18
38.1,36.18
38.15,36.18
38.2,36.18
38.25,36.18
38.3,36.18
38.35,36.18
38.4,36.18
38.45,36.18
38.5,36.18
38.55,36.18
38.6,36.18
38.65,36.18
38.7,36.18
38.75,36.18
38.8,36.18
38.85,36.18
38.9,36.18
38.95,36.18
39,36.18
39.05,36.18
39.1,36.18
39.15,36.18
39.2,36.18
39.25,36.18
39.3,36.18
39.35,36.18
39.4,36.18
39.45,36.18
39.5,36.18
39.55,36.18
39.6,36.18
39.65,36.18
39.7,36.18
39.75,36.18
39.8,36.18
39.85,36.18
39.9,36.18
39.95,36.18
40,36.18
40.05,36.18
40.1,36.18
40.15,36.18
40.2,36.18
40.25,36.18
40.3,36.25
40.35,36.25
40.4,36.25
40.45,36.25
40.5,36.25
40.55,36.25
40.6,36.25
40.65,36.25
40.7,36.25
40.75,36.25
40.8,36.25
40.85,36.25
40.9,36.25
40.95,36.25
41,36.25
41.05,36.25
41.1,36.25
41.15,36.25
41.2,36.25
41.25,36.25
41.3,36.25
41.35,36.25
41.4,36.25
41.45,36.25
41.5,36.25
41.55,36.25
41.6,36.25
41.65,36.25
41.7,36.25
41.75,36.25
41.8,36.25
41.85,36.25
41.9,36.25
41.95,36.25
42,36.25
42.05,36.25
42.1,36.25
42.15,36.25
42.2,36.25
42.25,36.25
42.3,36.25
42.35,36.25
42.4,36.25
42.45,36.25
42.5,36.25
42.55,36.25
42.6,36.25
42.65,36.25
42.7,36.25
42.75,36.25
42.8,36.25
42.85,36.25
42.9,36.25
42.95,36.25
43,36.25
43.05,36.25
43.1,36.25
43.15,36.25
43.2,36.25
43.25,36.25
43.3,36.25
43.35,36.25
43.4,36.25
43.45,36.25
43.5,36.25
43.55,36.25
43.6,36.25
43.65,36.25
43.7,36.25
43.75,36.25
43.8,36.25
43.85,36.25
43.9,36.25
43.95,36.25
44,36.25
44.05,36.25
44.1,36.25
44.15,36.25
44.2,36.25
44.25,36.25
44.3,36.25
44.35,36.25
44.4,36.25
44.45,36.25
44.5,36.25
44.55,36.25
44.6,36.25
44.65,36.25
44.7,36.25
44.75,36.25
44.8,36.25
44.85,36.25
44.9,36.25
44.95,36.25
45,36.25
45.05,36.25
45.1,36.25
45.15,36.25
45.2,36.25
45.25,36.25
45.3,36.25
45.35,36.25
45.4,36.25
45.45,36.25
45.5,36.25
45.55,36.25
45.6,36.25
45.65,36.25
45.7,36.25
45.75,36.25
45.8,36.25
45.85,36.25
45.9,36.25
45.95,36.25
46,36.25
46.05,36.25
46.1,36.25
46.15,36.25
46.2,36.25
46.25,36.25
46.3,36.25
46.35,36.25
46.4,36.25
46.45,36.25
46.5,36.25
46.55,36.25
46.6,36.25
46.65,36.25
46.7,36.25
46.75,36.25
46.8,36.25
46.85,36.25
46.9,36.25
46.95,36.25
47,36.25
47.05,36.25
47.1,36.25
47.15,36.25
47.2,36.25
47.25,36.25
47.3,36.25
47.35,36.25
47.4,36.25
47.45,36.25
47.5,36.25
47.55,36.25
47.6,36.25
47.65,36.25
47.7,36.25
47.75,36.25
47.8,36.31
47.85,36.31
47.9,36.31
47.95,36.31
48,36.31
48.05,36.31
48.1,36.31
48.15,36.31
48.2,36.31
48.25,36.31
48.3,36.31
48.35,36.31
48.4,36.31
48.45,36.31
48.5,36.31
48.55,36.31
48.6,36.31
48.65,36.31
48.7,36.31
48.75,36.31
48.8,36.31
48.85,36.31
48.9,36.31
48.95,36.31
49,36.31
49.05,36.31
49.1,36.31
49.15,36.31
49.2,36.31
49.25,36.31
49.3,36.31
49.35,36.31
49.4,36.31
49.45,36.31
49.5,36.31
49.55,36.31
49.6,36.31
49.65,36.31
49.7,36.31
49.75,36.31
49.8,36.31
49.85,36.31
49.9,36.31
49.95,36.31
50,36.31
50.05,36.31
50.1,36.31
50.15,36.31
50.2,36.31
50.25,36.31
50.3,36.31
50.35,36.31
50.4,36.31
50.45,36.31
50.5,36.31
50.55,36.31
50.6,36.31
50.65,36.31
50.7,36.31
50.75,36.31
50.8,36.25
50.85,36.25
50.9,36.25
50.95,36.25
51,36.25
51.05,36.25
51.1,36.25
51.15,36.25
51.2,36.25
51.25,36.25
51.3,36.31
51.35,36.31
51.4,36.31
51.45,36.31
51.5,36.31
51.55,36.31
51.6,36.31
51.65,36.31
51.7,36.31
51.75,36.31
51.8,36.31
51.85,36.31
51.9,36.31
51.95,36.31
52,36.31
52.05,36.31
52.1,36.31
52.15,36.31
52.2,36.31
52.25,36.31
52.3,36.25
52.35,36.25
52.4,36.25
52.45,36.25
52.5,36.25
52.55,36.25
52.6,36.25
52.65,36.25
52.7,36.25
52.75,36.25
52.8,36.31
52.85,36.31
52.9,36.31
52.95,36.31
53,36.31
53.05,36.31
53.1,36.31
53.15,36.31
53.2,36.31
53.25,36.31
53.3,36.31
53.35,36.31
53.4,36.31
53.45,36.31
53.5,36.31
53.55,36.31
53.6,36.31
53.65,36.31
53.7,36.31
53.75,36.31
53.8,36.31
53.85,36.31
53.9,36.31
53.95,36.31
54,36.31
54.05,36.31
54.1,36.31
54.15,36.31
54.2,36.31
54.25,36.31
54.3,36.31
54.35,36.31
54.4,36.31
54.45,36.31
54.5,36.31
54.55,36.31
54.6,36.31
54.65,36.31
54.7,36.31
54.75,36.31
54.8,36.31
54.85,36.31
54.9,36.31
54.95,36.31
55,36.31
55.05,36.31
55.1,36.31
55.15,36.31
55.2,36.31
55.25,36.31
55.3,36.31
55.35,36.31
55.4,36.31
55.45,36.31
55.5,36.31
55.55,36.31
55.6,36.31
55.65,36.31
55.7,36.31
55.75,36.31
55.8,36.37
55.85,36.37
55.9,36.37
55.95,36.37
56,36.37
56.05,36.37
56.1,36.37
56.15,36.37
56.2,36.37
56.25,36.37
56.3,36.37
56.35,36.37
56.4,36.37
56.45,36.37
56.5,36.37
56.55,36.37
56.6,36.37
56.65,36.37
56.7,36.37
56.75,36.37
56.8,36.37
56.85,36.37
56.9,36.37
56.95,36.37
57,36.37
57.05,36.37
57.1,36.37
57.15,36.37
57.2,36.37
57.25,36.37
57.3,36.37
57.35,36.37
57.4,36.37
57.45,36.37
57.5,36.37
57.55,36.37
57.6,36.37
57.65,36.37
57.7,36.37
57.75,36.37
57.8,36.37
57.85,36.37
57.9,36.37
57.95,36.37
58,36.37
58.05,36.37
58.1,36.37
58.15,36.37
58.2,36.37
58.25,36.37
58.3,36.37
58.35,36.37
58.4,36.37
58.45,36.37
58.5,36.37
58.55,36.37
58.6,36.37
58.65,36.37
58.7,36.37
58.75,36.37
58.8,36.37
58.85,36.37
58.9,36.37
58.95,36.37
59,36.37
59.05,36.37
59.1,36.37
59.15,36.37
59.2,36.37
59.25,36.37
59.3,36.43
59.35,36.43
59.4,36.43
59.45,36.43
59.5,36.43
59.55,36.43
59.6,36.43
59.65,36.43
59.7,36.43
59.75,36.43
59.8,36.43
59.85,36.43
59.9,36.43
59.95,36.43
60,36.43
60.05,36.43
60.1,36.43
60.15,36.43
60.2,36.43
60.25,36.43
60.3,36.37
60.35,36.37
60.4,36.37
60.45,36.37
60.5,36.37
60.55,36.37
60.6,36.37
60.65,36.37
60.7,36.37
60.75,36.43
60.8,36.43
60.85,36.43
60.9,36.43
60.95,36.43
61,36.43
61.05,36.43
61.1,36.43
61.15,36.43
61.2,36.43
61.25,36.43
61.3,36.43
61.35,36.43
61.4,36.43
61.45,36.43
61.5,36.43
61.55,36.43
61.6,36.43
61.65,36.43
61.7,36.43
61.75,36.43
61.8,36.43
61.85,36.43
61.9,36.43
61.95,36.43
62,36.43
62.05,36.43
62.1,36.43
62.15,36.43
62.2,36.43
62.25,36.43
62.3,36.43
62.35,36.43
62.4,36.43
62.45,36.43
62.5,36.43
62.55,36.43
62.6,36.43
62.65,36.43
62.7,36.43
62.75,36.43
62.8,36.43
62.85,36.43
62.9,36.43
62.95,36.43
63,36.43
63.05,36.43
63.1,36.43
63.15,36.43
63.2,36.43
63.25,36.43
63.3,36.43
63.35,36.43
63.4,36.43
63.45,36.43
63.5,36.43
63.55,36.43
63.6,36.43
63.65,36.43
63.7,36.43
63.75,36.43
63.8,36.43
63.85,36.43
63.9,36.43
63.95,36.43
64,36.43
64.05,36.43
64.1,36.43
64.15,36.43
64.2,36.43
64.25,36.43
64.3,36.43
64.35,36.43
64.4,36.43
64.45,36.43
64.5,36.43
64.55,36.43
64.6,36.43
64.65,36.43
64.7,36.43
64.75,36.43
64.8,36.43
64.85,36.43
64.9,36.43
64.95,36.43
65,36.43
65.05,36.43
65.1,36.43
65.15,36.43
65.2,36.43
65.25,36.43
65.3,36.43
65.35,36.43
65.4,36.43
65.45,36.43
65.5,36.43
65.55,36.43
65.6,36.43
65.65,36.43
65.7,36.43
65.75,36.43
65.8,36.43
65.85,36.43
65.9,36.43
65.95,36.43
66,36.43
66.05,36.43
66.1,36.43
66.15,36.43
66.2,36.43
66.25,36.43
66.3,36.43
66.35,36.43
66.4,36.43
66.45,36.43
66.5,36.43
66.55,36.43
66.6,36.43
66.65,36.43
66.7,36.43
66.75,36.43
66.8,36.43
66.85,36.43
66.9,36.43
66.95,36.43
67,36.43
67.05,36.43
67.1,36.43
67.15,36.43
67.2,36.43
67.25,36.43
67.3,36.43
67.35,36.43
67.4,36.43
67.45,36.43
67.5,36.43
67.55,36.43
67.6,36.43
67.65,36.43
67.7,36.43
67.75,36.43
67.8,36.5
67.85,36.5
67.9,36.5
67.95,36.5
68,36.5
68.05,36.5
68.1,36.5
68.15,36.5
68.2,36.5
68.25,36.5
68.3,36.5
68.35,36.5
68.4,36.5
68.45,36.5
68.5,36.5
68.55,36.5
68.6,36.5
68.65,36.5
68.7,36.5
68.75,36.5
68.8,36.5
68.85,36.5
68.9,36.5
68.95,36.5
69,36.5
69.05,36.5
69.1,36.5
69.15,36.5
69.2,36.5
69.25,36.5
69.3,36.5
69.35,36.5
69.4,36.5
69.45,36.5
69.5,36.5
69.55,36.5
69.6,36.5
69.65,36.5
69.7,36.5
69.75,36.5
69.8,36.5
69.85,36.5
69.9,36.5
69.95,36.5
70,36.5
70.05,36.5
70.1,36.5
70.15,36.5
70.2,36.5
70.25,36.5
70.3,36.5
70.35,36.5
70.4,36.5
70.45,36.5
70.5,36.5
70.55,36.5
70.6,36.5
70.65,36.5
70.7,36.5
70.75,36.5
70.8,36.5
70.85,36.5
70.9,36.5
70.95,36.5
71,36.5
71.05,36.5
71.1,36.5
71.15,36.5
71.2,36.5
71.25,36.5
71.3,36.5
71.35,36.5
71.4,36.5
71.45,36.5
71.5,36.5
71.55,36.5
71.6,36.5
71.65,36.5
71.7,36.5
71.75,36.5
71.8,36.5
71.85,36.5
71.9,36.5
71.95,36.5
72,36.5
72.05,36.5
72.1,36.5
72.15,36.5
72.2,36.5
72.25,36.5
72.3,36.5
72.35,36.5
72.4,36.5
72.45,36.5
72.5,36.5
72.55,36.5
72.6,36.5
72.65,36.5
72.7,36.5
72.75,36.5
72.8,36.5
72.85,36.5
72.9,36.5
72.95,36.5
73,36.5
73.05,36.5
73.1,36.5
73.15,36.5
73.2,36.5
73.25,36.5
73.3,36.5
73.35,36.5
73.4,36.5
73.45,36.5
73.5,36.5
73.55,36.5
73.6,36.5
73.65,36.5
73.7,36.5
73.75,36.5
73.8,36.5
73.85,36.5
73.9,36.5
73.95,36.5
74,36.5
74.05,36.5
74.1,36.5
74.15,36.5
74.2,36.5
74.25,36.5
74.3,36.5
74.35,36.5
74.4,36.5
74.45,36.5
74.5,36.5
74.55,36.5
74.6,36.5
74.65,36.5
74.7,36.5
74.75,36.5
74.8,36.56
74.85,36.56
74.9,36.56
74.95,36.56
75,36.56
75.05,36.56
75.1,36.56
75.15,36.56
75.2,36.56
75.25,36.56
75.3,36.56
75.35,36.56
75.4,36.56
75.45,36.56
75.5,36.56
75.55,36.56
75.6,36.56
75.65,36.56
75.7,36.56
75.75,36.56
75.8,36.56
75.85,36.56
75.9,36.56
75.95,36.56
76,36.56
76.05,36.56
76.1,36.56
76.15,36.56
76.2,36.56
76.25,36.56
76.3,36.56
76.35,36.56
76.4,36.56
76.45,36.56
76.5,36.56
76.55,36.56
76.6,36.56
76.65,36.56
76.7,36.56
76.75,36.56
76.8,36.56
76.85,36.56
76.9,36.56
76.95,36.56
77,36.56
77.05,36.56
77.1,36.56
77.15,36.56
77.2,36.56
77.25,36.56
77.3,36.56
77.35,36.56
77.4,36.56
77.45,36.56
77.5,36.56
77.55,36.56
77.6,36.56
77.65,36.56
77.7,36.56
77.75,36.56
77.8,36.5
77.85,36.5
77.9,36.5
77.95,36.5
78,36.5
78.05,36.5
78.1,36.5
78.15,36.5
78.2,36.5
78.25,36.56
78.3,36.56
78.35,36.56
78.4,36.56
78.45,36.56
78.5,36.56
78.55,36.56
78.6,36.56
78.65,36.56
78.7,36.56
78.75,36.56
78.8,36.56
78.85,36.56
78.9,36.56
78.95,36.56
79,36.56
79.05,36.56
79.1,36.56
79.15,36.56
79.2,36.56
79.25,36.56
79.3,36.56
79.35,36.56
79.4,36.56
79.45,36.56
79.5,36.56
79.55,36.56
79.6,36.56
79.65,36.56
79.7,36.56
79.75,36.56
79.8,36.56
79.85,36.56
79.9,36.56
79.95,36.56
80,36.56
80.05,36.56
80.1,36.56
80.15,36.56
80.2,36.56
80.25,36.56
80.3,36.56
80.35,36.56
80.4,36.56
80.45,36.56
80.5,36.56
80.55,36.56
80.6,36.56
80.65,36.56
80.7,36.56
80.75,36.56
80.8,36.56
80.85,36.56
80.9,36.56
80.95,36.56
81,36.56
81.05,36.56
81.1,36.56
81.15,36.56
81.2,36.56
81.25,36.56
81.3,36.56
81.35,36.56
81.4,36.56
81.45,36.56
81.5,36.56
81.55,36.56
81.6,36.56
81.65,36.56
81.7,36.56
81.75,36.56
81.8,36.56
81.85,36.56
81.9,36.56
81.95,36.56
82,36.56
82.05,36.56
82.1,36.56
82.15,36.56
82.2,36.56
82.25,36.56
82.3,36.56
82.35,36.56
82.4,36.56
82.45,36.56
82.5,36.56
82.55,36.56
82.6,36.56
82.65,36.56
82.7,36.56
82.75,36.56
82.8,36.62
82.85,36.62
82.9,36.62
82.95,36.62
83,36.62
83.05,36.62
83.1,36.62
83.15,36.62
83.2,36.62
83.25,36.62
83.3,36.62
83.35,36.62
83.4,36.62
83.45,36.62
83.5,36.62
83.55,36.62
83.6,36.62
83.65,36.62
83.7,36.62
83.75,36.62
83.8,36.62
83.85,36.62
83.9,36.62
83.95,36.62
84,36.62
84.05,36.62
84.1,36.62
84.15,36.62
84.2,36.62
84.25,36.62
84.3,36.62
84.35,36.62
84.4,36.62
84.45,36.62
84.5,36.62
84.55,36.62
84.6,36.62
84.65,36.62
84.7,36.62
84.75,36.62
84.8,36.62
84.85,36.62
84.9,36.62
84.95,36.62
85,36.62
85.05,36.62
85.1,36.62
85.15,36.62
85.2,36.62
85.25,36.62
85.3,36.62
85.35,36.62
85.4,36.62
85.45,36.62
85.5,36.62
85.55,36.62
85.6,36.62
85.65,36.62
85.7,36.62
85.75,36.62
85.8,36.68
85.85,36.68
85.9,36.68
85.95,36.68
86,36.68
86.05,36.68
86.1,36.68
86.15,36.68
86.2,36.68
86.25,36.68
86.3,36.68
86.35,36.68
86.4,36.68
86.45,36.68
86.5,36.68
86.55,36.68
86.6,36.68
86.65,36.68
86.7,36.68
86.75,36.68
86.8,36.68
86.85,36.68
86.9,36.68
86.95,36.68
87,36.68
87.05,36.68
87.1,36.68
87.15,36.68
87.2,36.68
87.25,36.68
87.3,36.68
87.35,36.68
87.4,36.68
87.45,36.68
87.5,36.68
87.55,36.68
87.6,36.68
87.65,36.68
87.7,36.68
87.75,36.68
87.8,36.68
87.85,36.68
87.9,36.68
87.95,36.68
88,36.68
88.05,36.68
88.1,36.68
88.15,36.68
88.2,36.68
88.25,36.68
88.3,36.68
88.35,36.68
88.4,36.68
88.45,36.68
88.5,36.68
88.55,36.68
88.6,36.68
88.65,36.68
88.7,36.68
88.75,36.68
88.8,36.68
88.85,36.68
88.9,36.68
88.95,36.68
89,36.68
89.05,36.68
89.1,36.68
89.15,36.68
89.2,36.68
89.25,36.68
89.3,36.68
89.35,36.68
89.4,36.68
89.45,36.68
89.5,36.68
89.55,36.68
89.6,36.68
89.65,36.68
89.7,36.68
89.75,36.68
89.8,36.68
89.85,36.68
89.9,36.68
89.95,36.68
90,36.68
90.05,36.68
90.1,36.68
90.15,36.68
90.2,36.68
90.25,36.68
90.3,36.68
90.35,36.68
90.4,36.68
90.45,36.68
90.5,36.68
90.55,36.68
90.6,36.68
90.65,36.68
90.7,36.68
90.75,36.68
90.8,36.68
90.85,36.68
90.9,36.68
90.95,36.68
91,36.68
91.05,36.68
91.1,36.68
91.15,36.68
91.2,36.68
91.25,36.68
91.3,36.68
91.35,36.68
91.4,36.68
91.45,36.68
91.5,36.68
91.55,36.68
91.6,36.68
91.65,36.68
91.7,36.68
91.75,36.68
91.8,36.68
91.85,36.68
91.9,36.68
91.95,36.68
92,36.68
92.05,36.68
92.1,36.68
92.15,36.68
92.2,36.68
92.25,36.68
92.3,36.68
92.35,36.68
92.4,36.68
92.45,36.68
92.5,36.68
92.55,36.68
92.6,36.68
92.65,36.68
92.7,36.68
92.75,36.68
92.8,36.68
92.85,36.68
92.9,36.68
92.95,36.68
93,36.68
93.05,36.68
93.1,36.68
93.15,36.68
93.2,36.68
93.25,36.68
93.3,36.68
93.35,36.68
93.4,36.68
93.45,36.68
93.5,36.68
93.55,36.68
93.6,36.68
93.65,36.68
93.7,36.68
93.75,36.68
93.8,36.68
93.85,36.68
93.9,36.68
93.95,36.68
94,36.68
94.05,36.68
94.1,36.68
94.15,36.68
94.2,36.68
94.25,36.68
94.3,36.68
94.35,36.68
94.4,36.68
94.45,36.68
94.5,36.68
94.55,36.68
94.6,36.68
94.65,36.68
94.7,36.68
94.75,36.68
94.8,36.68
94.85,36.68
94.9,36.68
94.95,36.68
95,36.68
95.05,36.68
95.1,36.68
95.15,36.68
95.2,36.68
95.25,36.68
95.3,36.68
95.35,36.68
95.4,36.68
95.45,36.68
95.5,36.68
95.55,36.68
95.6,36.68
95.65,36.68
95.7,36.68
95.75,36.68
95.8,36.68
95.85,36.68
95.9,36.68
95.95,36.68
96,36.68
96.05,36.68
96.1,36.68
96.15,36.68
96.2,36.68
96.25,36.68
96.3,36.68
96.35,36.68
96.4,36.68
96.45,36.68
96.5,36.68
96.55,36.68
96.6,36.68
96.65,36.68
96.7,36.68
96.75,36.68
96.8,36.68
96.85,36.68
96.9,36.68
96.95,36.68
97,36.68
97.05,36.68
97.1,36.68
97.15,36.68
97.2,36.68
97.25,36.68
97.3,36.68
97.35,36.68
97.4,36.68
97.45,36.68
97.5,36.68
97.55,36.68
97.6,36.68
97.65,36.68
97.7,36.68
97.75,36.68
97.8,36.68
97.85,36.68
97.9,36.68
97.95,36.68
98,36.68
98.05,36.68
98.1,36.68
98.15,36.68
98.2,36.68
98.25,36.68
98.3,36.68
98.35,36.68
98.4,36.68
98.45,36.68
98.5,36.68
98.55,36.68
98.6,36.68
98.65,36.68
98.7,36.68
98.75,36.68
98.8,36.68
98.85,36.68
98.9,36.68
98.95,36.68
99,36.68
99.05,36.68
99.1,36.68
99.15,36.68
99.2,36.68
99.25,36.68
99.3,36.68
99.35,36.68
99.4,36.68
99.45,36.68
99.5,36.68
99.55,36.68
99.6,36.68
99.65,36.68
99.7,36.68
99.75,36.68
99.8,36.75
99.85,36.75
99.9,36.75
99.95,36.75
100,36.75
100.05,36.75
100.1,36.75
100.15,36.75
100.2,36.75
100.25,36.75
100.3,36.75
100.35,36.75
100.4,36.75
100.45,36.75
100.5,36.75
100.55,36.75
100.6,36.75
100.65,36.75
100.7,36.75
100.75,36.75
100.8,36.75
100.85,36.75
100.9,36.75
100.95,36.75
101,36.75
101.05,36.75
101.1,36.75
101.15,36.75
101.2,36.75
101.25,36.75
101.3,36.75
101.35,36.75
101.4,36.75
101.45,36.75
101.5,36.75
101.55,36.75
101.6,36.75
101.65,36.75
101.7,36.75
101.75,36.75
101.8,36.75
101.85,36.75
101.9,36.75
101.95,36.75
102,36.75
102.05,36.75
102.1,36.75
102.15,36.75
102.2,36.75
102.25,36.75
102.3,36.75
102.35,36.75
102.4,36.75
102.45,36.75
102.5,36.75
102.55,36.75
102.6,36.75
102.65,36.75
102.7,36.75
102.75,36.75
102.8,36.75
102.85,36.75
102.9,36.75
102.95,36.75
103,36.75
103.05,36.75
103.1,36.75
103.15,36.75
103.2,36.75
103.25,36.75
103.3,36.75
103.35,36.75
103.4,36.75
103.45,36.75
103.5,36.75
103.55,36.75
103.6,36.75
103.65,36.75
103.7,36.75
103.75,36.75
103.8,36.75
103.85,36.75
103.9,36.75
103.95,36.75
104,36.75
104.05,36.75
104.1,36.75
104.15,36.75
104.2,36.75
104.25,36.75
104.3,36.75
104.35,36.75
104.4,36.75
104.45,36.75
104.5,36.75
104.55,36.75
104.6,36.75
104.65,36.75
104.7,36.75
104.75,36.75
104.8,36.75
104.85,36.75
104.9,36.75
104.95,36.75
105,36.75
105.05,36.75
105.1,36.75
105.15,36.75
105.2,36.75
105.25,36.75
105.3,36.75
105.35,36.75
105.4,36.75
105.45,36.75
105.5,36.75
105.55,36.75
105.6,36.75
105.65,36.75
105.7,36.75
105.75,36.75
105.8,36.75
105.85,36.75
105.9,36.75
105.95,36.75
106,36.75
106.05,36.75
106.1,36.75
106.15,36.75
106.2,36.75
106.25,36.75
106.3,36.75
106.35,36.75
106.4,36.75
106.45,36.75
106.5,36.75
106.55,36.75
106.6,36.75
106.65,36.75
106.7,36.75
106.75,36.75
106.8,36.75
106.85,36.75
106.9,36.75
106.95,36.75
107,36.75
107.05,36.75
107.1,36.75
107.15,36.75
107.2,36.75
107.25,36.75
107.3,36.75
107.35,36.75
107.4,36.75
107.45,36.75
107.5,36.75
107.55,36.75
107.6,36.75
107.65,36.75
107.7,36.75
107.75,36.75
107.8,36.75
107.85,36.75
107.9,36.75
107.95,36.75
108,36.75
108.05,36.75
108.1,36.75
108.15,36.75
108.2,36.75
108.25,36.75
108.3,36.75
108.35,36.75
108.4,36.75
108.45,36.75
108.5,36.75
108.55,36.75
108.6,36.75
108.65,36.75
108.7,36.75
108.75,36.75
108.8,36.75
108.85,36.75
108.9,36.75
108.95,36.75
109,36.75
109.05,36.75
109.1,36.75
109.15,36.75
109.2,36.75
109.25,36.75
109.3,36.75
109.35,36.75
109.4,36.75
109.45,36.75
109.5,36.75
109.55,36.75
109.6,36.75
109.65,36.75
109.7,36.75
109.75,36.75
109.8,36.68
109.85,36.68
109.9,36.68
109.95,36.68
110,36.68
110.05,36.68
110.1,36.68
110.15,36.68
110.2,36.68
110.25,36.68
110.3,36.68
110.35,36.68
110.4,36.68
110.45,36.68
110.5,36.68
110.55,36.68
110.6,36.68
110.65,36.68
110.7,36.68
110.75,36.68
110.8,36.68
110.85,36.68
110.9,36.68
110.95,36.68
111,36.68
111.05,36.68
111.1,36.68
111.15,36.68
111.2,36.68
111.25,36.68
111.3,36.68
111.35,36.68
111.4,36.68
111.45,36.68
111.5,36.68
111.55,36.68
111.6,36.68
111.65,36.68
111.7,36.68
111.75,36.68
111.8,36.68
111.85,36.68
111.9,36.68
111.95,36.68
112,36.68
112.05,36.68
112.1,36.68
112.15,36.68
112.2,36.68
112.25,36.68
112.3,36.68
112.35,36.68
112.4,36.68
112.45,36.68
112.5,36.68
112.55,36.68
112.6,36.68
112.65,36.68
112.7,36.68
112.75,36.68
112.8,36.68
112.85,36.68
112.9,36.68
112.95,36.68
113,36.68
113.05,36.68
113.1,36.68
113.15,36.68
113.2,36.68
113.25,36.68
113.3,36.68
113.35,36.68
113.4,36.68
113.45,36.68
113.5,36.68
113.55,36.68
113.6,36.68
113.65,36.68
113.7,36.68
113.75,36.68
113.8,36.68
113.85,36.68
113.9,36.68
113.95,36.68
114,36.68
114.05,36.68
114.1,36.68
114.15,36.68
114.2,36.68
114.25,36.68
114.3,36.68
114.35,36.68
114.4,36.68
114.45,36.68
114.5,36.68
114.55,36.68
114.6,36.68
114.65,36.68
114.7,36.68
114.75,36.68
114.8,36.62
114.85,36.62
114.9,36.62
114.95,36.62
115,36.62
115.05,36.62
115.1,36.62
115.15,36.62
115.2,36.62
115.25,36.62
115.3,36.62
115.35,36.62
115.4,36.62
115.45,36.62
115.5,36.62
115.55,36.62
115.6,36.62
115.65,36.62
115.7,36.62
115.75,36.62
115.8,36.62
115.85,36.62
115.9,36.62
115.95,36.62
116,36.62
116.05,36.62
116.1,36.62
116.15,36.62
116.2,36.62
116.25,36.62
116.3,36.68
116.35,36.68
116.4,36.68
116.45,36.68
116.5,36.68
116.55,36.68
116.6,36.68
116.65,36.68
116.7,36.68
116.75,36.68
116.8,36.68
116.85,36.68
116.9,36.68
116.95,36.68
117,36.68
117.05,36.68
117.1,36.68
117.15,36.68
117.2,36.68
117.25,36.68
117.3,36.68
117.35,36.68
117.4,36.68
117.45,36.68
117.5,36.68
117.55,36.68
117.6,36.68
117.65,36.68
117.7,36.68
117.75,36.68
117.8,36.68
117.85,36.68
117.9,36.68
117.95,36.68
118,36.68
118.05,36.68
118.1,36.68
118.15,36.68
118.2,36.68
118.25,36.68
118.3,36.68
118.35,36.68
118.4,36.68
118.45,36.68
118.5,36.68
118.55,36.68
118.6,36.68
118.65,36.68
118.7,36.68
118.75,36.68
118.8,36.68
118.85,36.68
118.9,36.68
118.95,36.68
119,36.68
119.05,36.68
119.1,36.68
119.15,36.68
119.2,36.68
119.25,36.68
119.3,36.68
119.35,36.68
119.4,36.68
119.45,36.68
119.5,36.68
119.55,36.68
119.6,36.68
119.65,36.68
119.7,36.68
119.75,36.68
119.8,36.68
119.85,36.68
119.9,36.68
119.95,36.68
120,36.68
120.05,36.68
120.1,36.68
120.15,36.68
120.2,36.68
120.25,36.68
120.3,36.68
120.35,36.68
120.4,36.68
120.45,36.68
120.5,36.68
120.55,36.68
120.6,36.68
120.65,36.68
120.7,36.68
120.75,36.68
120.8,36.68
120.85,36.68
120.9,36.68
120.95,36.68
121,36.68
121.05,36.68
121.1,36.68
121.15,36.68
121.2,36.68
121.25,36.68
121.3,36.68
121.35,36.68
121.4,36.68
121.45,36.68
121.5,36.68
121.55,36.68
121.6,36.68
121.65,36.68
121.7,36.68
121.75,36.68
121.8,36.68
121.85,36.68
121.9,36.68
121.95,36.68
122,36.68
122.05,36.68
122.1,36.68
122.15,36.68
122.2,36.68
122.25,36.68
122.3,36.68
122.35,36.68
122.4,36.68
122.45,36.68
122.5,36.68
122.55,36.68
122.6,36.68
122.65,36.68
122.7,36.68
122.75,36.68
122.8,36.68
122.85,36.68
122.9,36.68
122.95,36.68
123,36.68
123.05,36.68
123.1,36.68
123.15,36.68
123.2,36.68
123.25,36.68
123.3,36.68
123.35,36.68
123.4,36.68
123.45,36.68
123.5,36.68
123.55,36.68
123.6,36.68
123.65,36.68
123.7,36.68
123.75,36.68
123.8,36.68
123.85,36.68
123.9,36.68
123.95,36.68
124,36.68
124.05,36.68
124.1,36.68
124.15,36.68
124.2,36.68
124.25,36.68
124.3,36.68
124.35,36.68
124.4,36.68
124.45,36.68
124.5,36.68
124.55,36.68
124.6,36.68
124.65,36.68
124.7,36.68
124.75,36.68
124.8,36.68
124.85,36.68
124.9,36.68
124.95,36.68
125,36.68
125.05,36.68
125.1,36.68
125.15,36.68
125.2,36.68
125.25,36.68
125.3,36.68
125.35,36.68
125.4,36.68
125.45,36.68
125.5,36.68
125.55,36.68
125.6,36.68
125.65,36.68
125.7,36.68
125.75,36.68
125.8,36.68
125.85,36.68
125.9,36.68
125.95,36.68
126,36.68
126.05,36.68
126.1,36.68
126.15,36.68
126.2,36.68
126.25,36.68
126.3,36.68
126.35,36.68
126.4,36.68
126.45,36.68
126.5,36.68
126.55,36.68
126.6,36.68
126.65,36.68
126.7,36.68
126.75,36.68
126.8,36.68
126.85,36.68
126.9,36.68
126.95,36.68
127,36.68
127.05,36.68
127.1,36.68
127.15,36.68
127.2,36.68
127.25,36.68
127.3,36.68
127.35,36.68
127.4,36.68
127.45,36.68
127.5,36.68
127.55,36.68
127.6,36.68
127.65,36.68
127.7,36.68
127.75,36.68
127.8,36.68
127.85,36.68
127.9,36.68
127.95,36.68
128,36.68
128.05,36.68
128.1,36.68
128.15,36.68
128.2,36.68
128.25,36.68
128.3,36.68
128.35,36.68
128.4,36.68
128.45,36.68
128.5,36.68
128.55,36.68
128.6,36.68
128.65,36.68
128.7,36.68
128.75,36.68
128.8,36.68
128.85,36.68
128.9,36.68
128.95,36.68
129,36.68
129.05,36.68
129.1,36.68
129.15,36.68
129.2,36.68
129.25,36.68
129.3,36.68
129.35,36.68
129.4,36.68
129.45,36.68
129.5,36.68
129.55,36.68
129.6,36.68
129.65,36.68
129.7,36.68
129.75,36.68
129.8,36.68
129.85,36.68
129.9,36.68
129.95,36.68
130,36.68
130.05,36.68
130.1,36.68
130.15,36.68
130.2,36.68
130.25,36.68
130.3,36.68
130.35,36.68
130.4,36.68
130.45,36.68
130.5,36.68
130.55,36.68
130.6,36.68
130.65,36.68
130.7,36.68
130.75,36.68
130.8,36.68
130.85,36.68
130.9,36.68
130.95,36.68
131,36.68
131.05,36.68
131.1,36.68
131.15,36.68
131.2,36.68
131.25,36.68
131.3,36.68
131.35,36.68
131.4,36.68
131.45,36.68
131.5,36.68
131.55,36.68
131.6,36.68
131.65,36.68
131.7,36.68
131.75,36.68
131.8,36.68
131.85,36.68
131.9,36.68
131.95,36.68
132,36.68
132.05,36.68
132.1,36.68
132.15,36.68
132.2,36.68
132.25,36.68
132.3,36.68
132.35,36.68
132.4,36.68
132.45,36.68
132.5,36.68
132.55,36.68
132.6,36.68
132.65,36.68
132.7,36.68
132.75,36.68
132.8,36.68
132.85,36.68
132.9,36.68
132.95,36.68
133,36.68
133.05,36.68
133.1,36.68
133.15,36.68
133.2,36.68
133.25,36.68
133.3,36.62
133.35,36.62
133.4,36.62
133.45,36.62
133.5,36.62
133.55,36.62
133.6,36.62
133.65,36.62
133.7,36.62
133.75,36.62
133.8,36.62
133.85,36.62
133.9,36.62
133.95,36.62
134,36.62
134.05,36.62
134.1,36.62
134.15,36.62
134.2,36.62
134.25,36.62
134.3,36.62
134.35,36.62
134.4,36.62
134.45,36.62
134.5,36.62
134.55,36.62
134.6,36.62
134.65,36.62
134.7,36.62
134.75,36.62
134.8,36.62
134.85,36.62
134.9,36.62
134.95,36.62
135,36.62
135.05,36.62
135.1,36.62
135.15,36.62
135.2,36.62
135.25,36.62
135.3,36.62
135.35,36.62
135.4,36.62
135.45,36.62
135.5,36.62
135.55,36.62
135.6,36.62
135.65,36.62
135.7,36.62
135.75,36.62
135.8,36.62
135.85,36.62
135.9,36.62
135.95,36.62
136,36.62
136.05,36.62
136.1,36.62
136.15,36.62
136.2,36.62
136.25,36.62
136.3,36.62
136.35,36.62
136.4,36.62
136.45,36.62
136.5,36.62
136.55,36.62
136.6,36.62
136.65,36.62
136.7,36.62
136.75,36.62
136.8,36.68
136.85,36.68
136.9,36.68
136.95,36.68
137,36.68
137.05,36.68
137.1,36.68
137.15,36.68
137.2,36.68
137.25,36.68
137.3,36.68
137.35,36.68
137.4,36.68
137.45,36.68
137.5,36.68
137.55,36.68
137.6,36.68
137.65,36.68
137.7,36.68
137.75,36.68
137.8,36.68
137.85,36.68
137.9,36.68
137.95,36.68
138,36.68
138.05,36.68
138.1,36.68
138.15,36.68
138.2,36.68
138.25,36.68
138.3,36.68
138.35,36.68
138.4,36.68
138.45,36.68
138.5,36.68
138.55,36.68
138.6,36.68
138.65,36.68
138.7,36.68
138.75,36.68
138.8,36.68
138.85,36.68
138.9,36.68
138.95,36.68
139,36.68
139.05,36.68
139.1,36.68
139.15,36.68
139.2,36.68
139.25,36.68
139.3,36.68
139.35,36.68
139.4,36.68
139.45,36.68
139.5,36.68
139.55,36.68
139.6,36.68
139.65,36.68
139.7,36.68
139.75,36.68
139.8,36.68
139.85,36.68
139.9,36.68
139.95,36.68
140,36.68
140.05,36.68
140.1,36.68
140.15,36.68
140.2,36.68
140.25,36.68
140.3,36.68
140.35,36.68
140.4,36.68
140.45,36.68
140.5,36.68
140.55,36.68
140.6,36.68
140.65,36.68
140.7,36.68
140.75,36.68
140.8,36.68
140.85,36.68
140.9,36.68
140.95,36.68
141,36.68
141.05,36.68
141.1,36.68
141.15,36.68
141.2,36.68
141.25,36.68
141.3,36.68
141.35,36.68
141.4,36.68
141.45,36.68
141.5,36.68
141.55,36.68
141.6,36.68
141.65,36.68
141.7,36.68
141.75,36.68
141.8,36.68
141.85,36.68
141.9,36.68
141.95,36.68
142,36.68
142.05,36.68
142.1,36.68
142.15,36.68
142.2,36.68
142.25,36.68
142.3,36.68
142.35,36.68
142.4,36.68
142.45,36.68
142.5,36.68
142.55,36.68
142.6,36.68
142.65,36.68
142.7,36.68
142.75,36.68
142.8,36.68
142.85,36.68
142.9,36.68
142.95,36.68
143,36.68
143.05,36.68
143.1,36.68
143.15,36.68
143.2,36.68
143.25,36.68
143.3,36.68
143.35,36.68
143.4,36.68
143.45,36.68
143.5,36.68
143.55,36.68
143.6,36.68
143.65,36.68
143.7,36.68
143.75,36.68
143.8,36.68
143.85,36.68
143.9,36.68
143.95,36.68
144,36.68
144.05,36.68
144.1,36.68
144.15,36.68
144.2,36.68
144.25,36.68
144.3,36.68
144.35,36.68
144.4,36.68
144.45,36.68
144.5,36.68
144.55,36.68
144.6,36.68
144.65,36.68
144.7,36.68
144.75,36.68
144.8,36.68
144.85,36.68
144.9,36.68
144.95,36.68
145,36.68
145.05,36.68
145.1,36.68
145.15,36.68
145.2,36.68
145.25,36.68
145.3,36.68
145.35,36.68
145.4,36.68
145.45,36.68
145.5,36.68
145.55,36.68
145.6,36.68
145.65,36.68
145.7,36.68
145.75,36.68
145.8,36.68
145.85,36.68
145.9,36.68
145.95,36.68
146,36.68
146.05,36.68
146.1,36.68
146.15,36.68
146.2,36.68
146.25,36.68
