0.000000 31.62
1.000000 31.62
2.000000 31.62
3.000000 31.68
4.000000 31.62
5.000000 31.62
6.000000 31.62
7.000000 31.68
8.000000 31.68
9.000000 31.68
10.000000 31.68
11.000000 31.68
12.000000 31.75
13.000000 31.75
14.000000 31.75
15.000000 31.81
16.000000 31.81
17.000000 31.87
18.000000 31.87
19.000000 31.93
20.000000 31.93
21.000000 32
22.000000 32.06
23.000000 32.06
24.000000 32.12
25.000000 32.18
26.000000 32.25
27.000000 32.31
28.000000 32.37
29.000000 32.43
30.000000 32.5
31.000000 32.56
32.000000 32.62
33.000000 32.68
34.000000 32.75
35.000000 32.75
36.000000 32.81
37.000000 32.87
38.000000 32.93
39.000000 32.93
40.000000 33
41.000000 33.06
42.000000 33.12
43.000000 33.18
44.000000 33.25
45.000000 33.31
46.000000 33.37
47.000000 33.43
48.000000 33.5
49.000000 33.56
50.000000 33.56
51.000000 33.62
52.000000 33.68
53.000000 33.68
54.000000 33.75
55.000000 33.81
56.000000 33.81
57.000000 33.87
58.000000 33.93
59.000000 33.93
60.000000 34
61.000000 34.06
62.000000 34.12
63.000000 34.18
64.000000 34.18
65.000000 34.25
66.000000 34.31
67.000000 34.31
68.000000 34.37
69.000000 34.37
70.000000 34.43
71.000000 34.5
72.000000 34.5
73.000000 34.56
74.000000 34.56
75.000000 34.62
76.000000 34.62
77.000000 34.68
78.000000 34.68
79.000000 34.68
80.000000 34.75
81.000000 34.81
82.000000 34.81
83.000000 34.81
84.000000 34.87
85.000000 34.87
86.000000 34.87
87.000000 34.93
88.000000 34.93
89.000000 35
90.000000 35
91.000000 35.06
92.000000 35.12
93.000000 35.12
94.000000 35.18
95.000000 35.18
96.000000 35.18
97.000000 35.25
98.000000 35.25
99.000000 35.31
100.000000 35.31
101.000000 35.37
102.000000 35.37
103.000000 35.37
104.000000 35.37
105.000000 35.43
106.000000 35.43
107.000000 35.43
108.000000 35.5
109.000000 35.5
110.000000 35.56
111.000000 35.56
112.000000 35.62
113.000000 35.62
114.000000 35.68
115.000000 35.68
116.000000 35.68
117.000000 35.68
118.000000 35.75
119.000000 35.75
120.000000 35.75
121.000000 35.75
122.000000 35.75
123.000000 35.81
124.000000 35.81
125.000000 35.81
126.000000 35.81
127.000000 35.81
128.000000 35.81
129.000000 35.81
130.000000 35.87
131.000000 35.87
132.000000 35.87
133.000000 35.93
134.000000 35.93
135.000000 35.93
136.000000 36
137.000000 36
138.000000 36
139.000000 36
140.000000 36
141.000000 36
142.000000 36.06
143.000000 36.06
144.000000 36.06
145.000000 36.06
146.000000 36.06
147.000000 36.12
148.000000 36.12
149.000000 36.12
150.000000 36.18
151.000000 36.18
152.000000 36.18
153.000000 36.18
154.000000 36.18
155.000000 36.18
156.000000 36.18
157.000000 36.18
158.000000 36.25
159.000000 36.25
160.000000 36.25
161.000000 36.25
162.000000 36.25
163.000000 36.31
164.000000 36.31
165.000000 36.31
166.000000 36.31
167.000000 36.31
168.000000 36.31
169.000000 36.31
170.000000 36.31
171.000000 36.31
172.000000 36.31
173.000000 36.31
174.000000 36.31
175.000000 36.37
176.000000 36.37
177.000000 36.37
178.000000 36.37
179.000000 36.37
180.000000 36.31
181.000000 36.37
182.000000 36.37
183.000000 36.37
184.000000 36.37
185.000000 36.37
186.000000 36.37
187.000000 36.37
188.000000 36.37
189.000000 36.37
190.000000 36.37
191.000000 36.37
192.000000 36.37
193.000000 36.37
194.000000 36.37
195.000000 36.37
196.000000 36.37
197.000000 36.37
198.000000 36.43
199.000000 36.43
200.000000 36.5
201.000000 36.5
202.000000 36.56
203.000000 36.56
204.000000 36.56
205.000000 36.56
206.000000 36.56
207.000000 36.56
208.000000 36.56
209.000000 36.56
210.000000 36.56
211.000000 36.62
212.000000 36.62
213.000000 36.62
214.000000 36.62
215.000000 36.62
216.000000 36.62
217.000000 36.62
218.000000 36.62
219.000000 36.62
220.000000 36.62
221.000000 36.56
222.000000 36.62
223.000000 36.62
224.000000 36.56
225.000000 36.62
226.000000 36.56
227.000000 36.56
228.000000 36.56
229.000000 36.62
230.000000 36.62
231.000000 36.62
232.000000 36.62
233.000000 36.68
234.000000 36.68
235.000000 36.75
236.000000 36.75
237.000000 36.81
238.000000 36.81
239.000000 36.81
240.000000 36.81
241.000000 36.81
242.000000 36.87
243.000000 36.81
244.000000 36.87
245.000000 36.87
246.000000 36.87
247.000000 36.87
248.000000 36.87
249.000000 36.87
250.000000 36.93
251.000000 36.93
252.000000 36.93
253.000000 36.93
254.000000 36.93
255.000000 36.87
256.000000 36.87
257.000000 36.87
258.000000 36.87
259.000000 36.87
260.000000 36.87
261.000000 36.87
262.000000 36.87
263.000000 36.87
264.000000 36.87
265.000000 36.87
266.000000 36.81
267.000000 36.87
268.000000 36.81
269.000000 36.81
270.000000 36.81
271.000000 36.87
272.000000 36.87
273.000000 36.87
274.000000 36.87
275.000000 36.87
276.000000 36.93
277.000000 36.93
278.000000 37
279.000000 37
280.000000 37
281.000000 37.06
282.000000 37.06
283.000000 37.06
284.000000 37.06
285.000000 37
286.000000 37
287.000000 37
288.000000 37
289.000000 37
290.000000 37
291.000000 37
292.000000 37
293.000000 37
294.000000 37
295.000000 36.93
296.000000 36.93
297.000000 36.93
298.000000 37
299.000000 37
300.000000 37
301.000000 36.93
302.000000 36.93
303.000000 36.93
304.000000 36.93
305.000000 37
306.000000 37
307.000000 37
308.000000 37
309.000000 37.06
310.000000 37
311.000000 37
312.000000 37
313.000000 37
314.000000 37
315.000000 37
316.000000 37
317.000000 37
318.000000 37.06
319.000000 37.06
320.000000 37.06
321.000000 37.06
322.000000 37.06
323.000000 37.06
324.000000 37.06
325.000000 37.06
326.000000 37.06
327.000000 37.06
328.000000 37.06
329.000000 37.06
330.000000 37.06
331.000000 37.06
332.000000 37.06
333.000000 37.06
334.000000 37.06
335.000000 37.06
336.000000 37.06
337.000000 37.06
338.000000 37.06
339.000000 37.06
340.000000 37.06
341.000000 37.06
342.000000 37.06
343.000000 37.06
344.000000 37.06
345.000000 37.06
346.000000 37.12
347.000000 37.06
348.000000 37.06
349.000000 37.06
350.000000 37.06
351.000000 37.06
352.000000 37.06
353.000000 37.06
354.000000 37.06
355.000000 37.06
356.000000 37.06
357.000000 37.06
358.000000 37.06
359.000000 37.06
360.000000 37.06
361.000000 37.06
362.000000 37
363.000000 37
364.000000 37
365.000000 37
366.000000 37
367.000000 37
368.000000 37
369.000000 37
370.000000 37
371.000000 37.06
372.000000 37.06
373.000000 37.06
374.000000 37.06
375.000000 37.06
376.000000 37.06
377.000000 37.06
378.000000 37.06
379.000000 37.06
380.000000 37.06
381.000000 37.06
382.000000 37.06
383.000000 37.06
384.000000 37.12
385.000000 37.12
386.000000 37.12
387.000000 37.12
388.000000 37.12
389.000000 37.12
390.000000 37.06
391.000000 37.12
392.000000 37.12
393.000000 37.12
394.000000 37.06
395.000000 37.06
396.000000 37.06
397.000000 37.12
398.000000 37.12
399.000000 37.12
400.000000 37.18
401.000000 37.12
402.000000 37.12
403.000000 37.18
404.000000 37.12
405.000000 37.12
406.000000 37.12
407.000000 37.12
408.000000 37.18
409.000000 37.18
410.000000 37.18
411.000000 37.18
412.000000 37.18
413.000000 37.18
414.000000 37.18
415.000000 37.18
416.000000 37.18
417.000000 37.25
418.000000 37.25
419.000000 37.31
420.000000 37.31
421.000000 37.37
422.000000 37.31
423.000000 37.31
424.000000 37.31
425.000000 37.37
426.000000 37.37
427.000000 37.37
428.000000 37.37
429.000000 37.37
430.000000 37.37
431.000000 37.37
432.000000 37.31
433.000000 37.31
434.000000 37.31
435.000000 37.31
436.000000 37.25
437.000000 37.25
438.000000 0
439.000000 0
440.000000 0
441.000000 0
442.000000 0
443.000000 0
444.000000 0
445.000000 0
446.000000 0
447.000000 0
448.000000 0
449.000000 0
450.000000 0
451.000000 0
452.000000 0
453.000000 0
454.000000 0
455.000000 0
456.000000 0
457.000000 0
458.000000 0
459.000000 0
460.000000 0
461.000000 0
462.000000 0
463.000000 0
464.000000 0
465.000000 0
466.000000 0
467.000000 0
468.000000 0
469.000000 0
470.000000 0
471.000000 0
472.000000 0
473.000000 0
474.000000 0
475.000000 0
476.000000 0
477.000000 0
478.000000 0
479.000000 0
480.000000 0
481.000000 0
482.000000 0
483.000000 0
484.000000 0
485.000000 0
486.000000 0
487.000000 0
488.000000 0
489.000000 0
490.000000 0
491.000000 0
492.000000 0
493.000000 0
494.000000 0
495.000000 0
496.000000 0
497.000000 0
498.000000 0
499.000000 0
