0.000000 0
1.000000 0
2.000000 0
3.000000 0
4.000000 0
5.000000 0
6.000000 0
7.000000 0
8.000000 0
9.000000 0
10.000000 0
11.000000 0
12.000000 0
13.000000 0
14.000000 0
15.000000 0.001291
16.000000 0.0034098
17.000000 0.0060538
18.000000 0.0090258
19.000000 0.012197
20.000000 0.015483
21.000000 0.01883
22.000000 0.022202
23.000000 0.025576
24.000000 0.028938
25.000000 0.032277
26.000000 0.035587
27.000000 0.038866
28.000000 0.042109
29.000000 0.045317
30.000000 0.048489
31.000000 0.051624
32.000000 0.054721
33.000000 0.057782
34.000000 0.060806
35.000000 0.063794
36.000000 0.066747
37.000000 0.069663
38.000000 0.072544
39.000000 0.075391
40.000000 0.078203
41.000000 0.080982
42.000000 0.083727
43.000000 0.086438
44.000000 0.089117
45.000000 0.091764
46.000000 0.094379
47.000000 0.096962
48.000000 0.099514
49.000000 0.10203
50.000000 0.10453
51.000000 0.10699
52.000000 0.10942
53.000000 0.11182
54.000000 0.11419
55.000000 0.11653
56.000000 0.11885
57.000000 0.12114
58.000000 0.1234
59.000000 0.12563
60.000000 0.12784
61.000000 0.13001
62.000000 0.13217
63.000000 0.13429
64.000000 0.1364
65.000000 0.13847
66.000000 0.14052
67.000000 0.14255
68.000000 0.14455
69.000000 0.14653
70.000000 0.14848
71.000000 0.15041
72.000000 0.15232
73.000000 0.1542
74.000000 0.15606
75.000000 0.1579
76.000000 0.15971
77.000000 0.16151
78.000000 0.16328
79.000000 0.16503
80.000000 0.16676
81.000000 0.16847
82.000000 0.17016
83.000000 0.17183
84.000000 0.17347
85.000000 0.1751
86.000000 0.17671
87.000000 0.1783
88.000000 0.17987
89.000000 0.18142
90.000000 0.18295
91.000000 0.18446
92.000000 0.18596
93.000000 0.18744
94.000000 0.1889
95.000000 0.19034
96.000000 0.19176
97.000000 0.19317
98.000000 0.19456
99.000000 0.19593
100.000000 0.19729
101.000000 0.19863
102.000000 0.19995
103.000000 0.20126
104.000000 0.20255
105.000000 0.20383
106.000000 0.20509
107.000000 0.20634
108.000000 0.20757
109.000000 0.20878
110.000000 0.20999
111.000000 0.21117
112.000000 0.21235
113.000000 0.2135
114.000000 0.21465
115.000000 0.21578
116.000000 0.2169
117.000000 0.218
118.000000 0.21909
119.000000 0.22017
120.000000 0.22123
121.000000 0.22228
122.000000 0.22332
123.000000 0.22435
124.000000 0.22536
125.000000 0.22636
126.000000 0.22735
127.000000 0.22833
128.000000 0.22929
129.000000 0.23025
130.000000 0.23119
131.000000 0.23212
132.000000 0.23304
133.000000 0.23395
134.000000 0.23485
135.000000 0.23573
136.000000 0.23661
137.000000 0.23747
138.000000 0.23833
139.000000 0.23917
140.000000 0.24001
141.000000 0.24083
142.000000 0.24165
143.000000 0.24245
144.000000 0.24325
145.000000 0.24403
146.000000 0.24481
147.000000 0.24557
148.000000 0.24633
149.000000 0.24708
150.000000 0.24782
151.000000 0.24855
152.000000 0.24927
153.000000 0.24998
154.000000 0.25069
155.000000 0.25138
156.000000 0.25207
157.000000 0.25275
158.000000 0.25342
159.000000 0.25408
160.000000 0.25473
161.000000 0.25538
162.000000 0.25602
163.000000 0.25665
164.000000 0.25727
165.000000 0.25789
166.000000 0.2585
167.000000 0.2591
168.000000 0.25969
169.000000 0.26028
170.000000 0.26086
171.000000 0.26143
172.000000 0.262
173.000000 0.26256
174.000000 0.26311
175.000000 0.26365
176.000000 0.26419
177.000000 0.26472
178.000000 0.26525
179.000000 0.26577
180.000000 0.26628
181.000000 0.26679
182.000000 0.26729
183.000000 0.26779
184.000000 0.26827
185.000000 0.26876
186.000000 0.26924
187.000000 0.26971
188.000000 0.27017
189.000000 0.27063
190.000000 0.27109
191.000000 0.27154
192.000000 0.27198
193.000000 0.27242
194.000000 0.27285
195.000000 0.27328
196.000000 0.2737
197.000000 0.27412
198.000000 0.27453
199.000000 0.27494
200.000000 0.27534
201.000000 0.27574
202.000000 0.27613
203.000000 0.27652
204.000000 0.2769
205.000000 0.27728
206.000000 0.27766
207.000000 0.27803
208.000000 0.27839
209.000000 0.27875
210.000000 0.27911
211.000000 0.27946
212.000000 0.27981
213.000000 0.28015
214.000000 0.28049
215.000000 0.28083
216.000000 0.28116
217.000000 0.28149
218.000000 0.28181
219.000000 0.28213
220.000000 0.28244
221.000000 0.28276
222.000000 0.28306
223.000000 0.28337
224.000000 0.28367
225.000000 0.28397
226.000000 0.28426
227.000000 0.28455
228.000000 0.28484
229.000000 0.28512
230.000000 0.2854
231.000000 0.28568
232.000000 0.28595
233.000000 0.28622
234.000000 0.28648
235.000000 0.28675
236.000000 0.28701
237.000000 0.28726
238.000000 0.28752
239.000000 0.28777
240.000000 0.28802
241.000000 0.28826
242.000000 0.2885
243.000000 0.28874
244.000000 0.28898
245.000000 0.28921
246.000000 0.28944
247.000000 0.28967
248.000000 0.28989
249.000000 0.29011
250.000000 0.29033
251.000000 0.29055
252.000000 0.29076
253.000000 0.29098
254.000000 0.29118
255.000000 0.29139
256.000000 0.29159
257.000000 0.2918
258.000000 0.29199
259.000000 0.29219
260.000000 0.29239
261.000000 0.29258
262.000000 0.29277
263.000000 0.29295
264.000000 0.29314
265.000000 0.29332
266.000000 0.2935
267.000000 0.29368
268.000000 0.29386
269.000000 0.29403
270.000000 0.2942
271.000000 0.29437
272.000000 0.29454
273.000000 0.29471
274.000000 0.29487
275.000000 0.29503
276.000000 0.29519
277.000000 0.29535
278.000000 0.29551
279.000000 0.29566
280.000000 0.29581
281.000000 0.29596
282.000000 0.29611
283.000000 0.29626
284.000000 0.2964
285.000000 0.29655
286.000000 0.29669
287.000000 0.29683
288.000000 0.29697
289.000000 0.2971
290.000000 0.29724
291.000000 0.29737
292.000000 0.2975
293.000000 0.29763
294.000000 0.29776
295.000000 0.29789
296.000000 0.29801
297.000000 0.29814
298.000000 0.29826
299.000000 0.29838
300.000000 0.2985
301.000000 0.29862
302.000000 0.29873
303.000000 0.29885
304.000000 0.29896
305.000000 0.29908
306.000000 0.29919
307.000000 0.2993
308.000000 0.2994
309.000000 0.29951
310.000000 0.29962
311.000000 0.29972
312.000000 0.29983
313.000000 0.29993
314.000000 0.30003
315.000000 0.30013
316.000000 0.30023
317.000000 0.30032
318.000000 0.30042
319.000000 0.30051
320.000000 0.30061
321.000000 0.3007
322.000000 0.30079
323.000000 0.30088
324.000000 0.30097
325.000000 0.30106
326.000000 0.30115
327.000000 0.30123
328.000000 0.30132
329.000000 0.3014
330.000000 0.30148
331.000000 0.30157
332.000000 0.30165
333.000000 0.30173
334.000000 0.30181
335.000000 0.30188
336.000000 0.30196
337.000000 0.30204
338.000000 0.30211
339.000000 0.30219
340.000000 0.30226
341.000000 0.30233
342.000000 0.3024
343.000000 0.30248
344.000000 0.30255
345.000000 0.30261
346.000000 0.30268
347.000000 0.30275
348.000000 0.30282
349.000000 0.30288
350.000000 0.30295
351.000000 0.30301
352.000000 0.30308
353.000000 0.30314
354.000000 0.3032
355.000000 0.30326
356.000000 0.30332
357.000000 0.30338
358.000000 0.30344
359.000000 0.3035
360.000000 0.30356
361.000000 0.30361
362.000000 0.30367
363.000000 0.30373
364.000000 0.30378
365.000000 0.30383
366.000000 0.30389
367.000000 0.30394
368.000000 0.30399
369.000000 0.30405
370.000000 0.3041
371.000000 0.30415
372.000000 0.3042
373.000000 0.30425
374.000000 0.30429
375.000000 0.30434
376.000000 0.30439
377.000000 0.30444
378.000000 0.30448
379.000000 0.30453
380.000000 0.30457
381.000000 0.30462
382.000000 0.30466
383.000000 0.30471
384.000000 0.30475
385.000000 0.30479
386.000000 0.30483
387.000000 0.30487
388.000000 0.30492
389.000000 0.30496
390.000000 0.305
391.000000 0.30504
392.000000 0.30508
393.000000 0.30511
394.000000 0.30515
395.000000 0.30519
396.000000 0.30523
397.000000 0.30526
398.000000 0.3053
399.000000 0.30534
400.000000 0.30537
401.000000 0.30541
402.000000 0.30544
403.000000 0.30547
404.000000 0.30551
405.000000 0.30554
406.000000 0.30557
407.000000 0.30561
408.000000 0.30564
409.000000 0.30567
410.000000 0.3057
411.000000 0.30573
412.000000 0.30576
413.000000 0.30579
414.000000 0.30582
415.000000 0.30585
416.000000 0.30588
417.000000 0.30591
418.000000 0.30594
419.000000 0.30597
420.000000 0.306
421.000000 0.30602
422.000000 0.30605
423.000000 0.30608
424.000000 0.3061
425.000000 0.30613
426.000000 0.30616
427.000000 0.30618
428.000000 0.30621
429.000000 0.30623
430.000000 0.30626
431.000000 0.30628
432.000000 0.3063
433.000000 0.30633
434.000000 0.30635
435.000000 0.30638
436.000000 0.3064
437.000000 0.30642
438.000000 0.30644
439.000000 0.30647
440.000000 0.30649
441.000000 0.30651
442.000000 0.30653
443.000000 0.30655
444.000000 0.30657
445.000000 0.30659
446.000000 0.30661
447.000000 0.30663
448.000000 0.30665
449.000000 0.30667
450.000000 0.30669
451.000000 0.30671
452.000000 0.30673
453.000000 0.30675
454.000000 0.30677
455.000000 0.30678
456.000000 0.3068
457.000000 0.30682
458.000000 0.30684
459.000000 0.30685
460.000000 0.30687
461.000000 0.30689
462.000000 0.30691
463.000000 0.30692
464.000000 0.30694
465.000000 0.30695
466.000000 0.30697
467.000000 0.30699
468.000000 0.307
469.000000 0.30702
470.000000 0.30703
471.000000 0.30705
472.000000 0.30706
473.000000 0.30708
474.000000 0.30709
475.000000 0.3071
476.000000 0.30712
477.000000 0.30713
478.000000 0.30715
479.000000 0.30716
480.000000 0.30717
481.000000 0.30719
482.000000 0.3072
483.000000 0.30721
484.000000 0.30723
485.000000 0.30724
486.000000 0.30725
487.000000 0.30726
488.000000 0.30727
489.000000 0.30729
490.000000 0.3073
491.000000 0.30731
492.000000 0.30732
493.000000 0.30733
494.000000 0.30734
495.000000 0.30736
496.000000 0.30737
497.000000 0.30738
498.000000 0.30739
499.000000 0.3074
500.000000 0.30741
501.000000 0.30742
502.000000 0.30743
503.000000 0.30744
504.000000 0.30745
505.000000 0.30746
506.000000 0.30747
507.000000 0.30748
508.000000 0.30749
509.000000 0.3075
510.000000 0.30751
511.000000 0.30752
512.000000 0.30753
513.000000 0.30754
514.000000 0.30754
515.000000 0.30755
516.000000 0.30756
517.000000 0.30757
518.000000 0.30758
519.000000 0.30759
520.000000 0.3076
521.000000 0.3076
522.000000 0.30761
523.000000 0.30762
524.000000 0.30763
525.000000 0.30764
526.000000 0.30764
527.000000 0.30765
528.000000 0.30766
529.000000 0.30767
530.000000 0.30767
531.000000 0.30768
532.000000 0.30769
533.000000 0.30769
534.000000 0.3077
535.000000 0.30771
536.000000 0.30771
537.000000 0.30772
538.000000 0.30773
539.000000 0.30773
540.000000 0.30774
541.000000 0.30775
542.000000 0.30775
543.000000 0.30776
544.000000 0.30777
545.000000 0.30777
546.000000 0.30778
547.000000 0.30778
548.000000 0.30779
549.000000 0.3078
550.000000 0.3078
551.000000 0.30781
552.000000 0.30781
553.000000 0.30782
554.000000 0.30782
555.000000 0.30783
556.000000 0.30783
557.000000 0.30784
558.000000 0.30784
559.000000 0.30785
560.000000 0.30785
561.000000 0.30786
562.000000 0.30786
563.000000 0.30787
564.000000 0.30787
565.000000 0.30788
566.000000 0.30788
567.000000 0.30789
568.000000 0.30789
569.000000 0.3079
570.000000 0.3079
571.000000 0.30791
572.000000 0.30791
573.000000 0.30792
574.000000 0.30792
575.000000 0.30792
576.000000 0.30793
577.000000 0.30793
578.000000 0.30794
579.000000 0.30794
580.000000 0.30794
581.000000 0.30795
582.000000 0.30795
583.000000 0.30796
584.000000 0.30796
585.000000 0.30796
586.000000 0.30797
587.000000 0.30797
588.000000 0.30797
589.000000 0.30798
590.000000 0.30798
591.000000 0.30799
592.000000 0.30799
593.000000 0.30799
594.000000 0.308
595.000000 0.308
596.000000 0.308
597.000000 0.30801
598.000000 0.30801
599.000000 0.30801
600.000000 0.30801
601.000000 0.30802
602.000000 0.30802
603.000000 0.30802
604.000000 0.30803
605.000000 0.30803
606.000000 0.30803
607.000000 0.30804
608.000000 0.30804
609.000000 0.30804
610.000000 0.30804
611.000000 0.30805
612.000000 0.30805
613.000000 0.30805
614.000000 0.30805
615.000000 0.30806
616.000000 0.30806
617.000000 0.30806
618.000000 0.30806
619.000000 0.30807
620.000000 0.30807
621.000000 0.30807
622.000000 0.30807
623.000000 0.30808
624.000000 0.30808
625.000000 0.30808
626.000000 0.30808
627.000000 0.30809
628.000000 0.30809
629.000000 0.30809
630.000000 0.30809
631.000000 0.30809
632.000000 0.3081
633.000000 0.3081
634.000000 0.3081
635.000000 0.3081
636.000000 0.30811
637.000000 0.30811
638.000000 0.30811
639.000000 0.30811
640.000000 0.30811
641.000000 0.30811
642.000000 0.30812
643.000000 0.30812
644.000000 0.30812
645.000000 0.30812
646.000000 0.30812
647.000000 0.30813
648.000000 0.30813
649.000000 0.30813
650.000000 0.30813
651.000000 0.30813
652.000000 0.30813
653.000000 0.30814
654.000000 0.30814
655.000000 0.30814
656.000000 0.30814
657.000000 0.30814
658.000000 0.30814
659.000000 0.30815
660.000000 0.30815
661.000000 0.30815
662.000000 0.30815
663.000000 0.30815
664.000000 0.30815
665.000000 0.30815
666.000000 0.30816
667.000000 0.30816
668.000000 0.30816
669.000000 0.30816
670.000000 0.30816
671.000000 0.30816
672.000000 0.30816
673.000000 0.30816
674.000000 0.30817
675.000000 0.30817
676.000000 0.30817
677.000000 0.30817
678.000000 0.30817
679.000000 0.30817
680.000000 0.30817
681.000000 0.30817
682.000000 0.30818
683.000000 0.30818
684.000000 0.30818
685.000000 0.30818
686.000000 0.30818
687.000000 0.30818
688.000000 0.30818
689.000000 0.30818
690.000000 0.30818
691.000000 0.30819
692.000000 0.30819
693.000000 0.30819
694.000000 0.30819
695.000000 0.30819
696.000000 0.30819
697.000000 0.30819
698.000000 0.30819
699.000000 0.30819
700.000000 0.30819
701.000000 0.3082
702.000000 0.3082
703.000000 0.3082
704.000000 0.3082
705.000000 0.3082
706.000000 0.3082
707.000000 0.3082
708.000000 0.3082
709.000000 0.3082
710.000000 0.3082
711.000000 0.3082
712.000000 0.3082
713.000000 0.30821
714.000000 0.30821
715.000000 0.30821
716.000000 0.30821
717.000000 0.30821
718.000000 0.30821
719.000000 0.30821
720.000000 0.30821
721.000000 0.30821
722.000000 0.30821
723.000000 0.30821
724.000000 0.30821
725.000000 0.30821
726.000000 0.30821
727.000000 0.30822
728.000000 0.30822
729.000000 0.30822
730.000000 0.30822
731.000000 0.30822
732.000000 0.30822
733.000000 0.30822
734.000000 0.30822
735.000000 0.30822
736.000000 0.30822
737.000000 0.30822
738.000000 0.30822
739.000000 0.30822
740.000000 0.30822
741.000000 0.30822
742.000000 0.30822
743.000000 0.30823
744.000000 0.30823
745.000000 0.30823
746.000000 0.30823
747.000000 0.30823
748.000000 0.30823
749.000000 0.30823
750.000000 0.30823
751.000000 0.30823
752.000000 0.30823
753.000000 0.30823
754.000000 0.30823
755.000000 0.30823
756.000000 0.30823
757.000000 0.30823
758.000000 0.30823
759.000000 0.30823
760.000000 0.30823
761.000000 0.30823
762.000000 0.30823
763.000000 0.30823
764.000000 0.30824
765.000000 0.30824
766.000000 0.30824
767.000000 0.30824
768.000000 0.30824
769.000000 0.30824
770.000000 0.30824
771.000000 0.30824
772.000000 0.30824
773.000000 0.30824
774.000000 0.30824
775.000000 0.30824
776.000000 0.30824
777.000000 0.30824
778.000000 0.30824
779.000000 0.30824
780.000000 0.30824
781.000000 0.30824
782.000000 0.30824
783.000000 0.30824
784.000000 0.30824
785.000000 0.30824
786.000000 0.30824
787.000000 0.30824
788.000000 0.30824
789.000000 0.30824
790.000000 0.30824
791.000000 0.30824
792.000000 0.30825
793.000000 0.30825
794.000000 0.30825
795.000000 0.30825
796.000000 0.30825
797.000000 0.30825
798.000000 0.30825
799.000000 0.30825
800.000000 0.30825
801.000000 0.30825
802.000000 0.30825
803.000000 0.30825
804.000000 0.30825
805.000000 0.30825
806.000000 0.30825
807.000000 0.30825
808.000000 0.30825
809.000000 0.30825
810.000000 0.30825
811.000000 0.30825
812.000000 0.30825
813.000000 0.30825
814.000000 0.30825
815.000000 0.30825
816.000000 0.30825
817.000000 0.30825
818.000000 0.30825
819.000000 0.30825
820.000000 0.30825
821.000000 0.30825
822.000000 0.30825
823.000000 0.30825
824.000000 0.30825
825.000000 0.30825
826.000000 0.30825
827.000000 0.30825
828.000000 0.30825
829.000000 0.30825
830.000000 0.30825
831.000000 0.30825
832.000000 0.30825
833.000000 0.30825
834.000000 0.30826
835.000000 0.30826
836.000000 0.30826
837.000000 0.30826
838.000000 0.30826
839.000000 0.30826
840.000000 0.30826
841.000000 0.30826
842.000000 0.30826
843.000000 0.30826
844.000000 0.30826
845.000000 0.30826
846.000000 0.30826
847.000000 0.30826
848.000000 0.30826
849.000000 0.30826
850.000000 0.30826
851.000000 0.30826
852.000000 0.30826
853.000000 0.30826
854.000000 0.30826
855.000000 0.30826
856.000000 0.30826
857.000000 0.30826
858.000000 0.30826
859.000000 0.30826
860.000000 0.30826
861.000000 0.30826
862.000000 0.30826
863.000000 0.30826
864.000000 0.30826
865.000000 0.30826
866.000000 0.30826
867.000000 0.30826
868.000000 0.30826
869.000000 0.30826
870.000000 0.30826
871.000000 0.30826
872.000000 0.30826
873.000000 0.30826
874.000000 0.30826
875.000000 0.30826
876.000000 0.30826
877.000000 0.30826
878.000000 0.30826
879.000000 0.30826
880.000000 0.30826
881.000000 0.30826
882.000000 0.30826
883.000000 0.30826
884.000000 0.30826
885.000000 0.30826
886.000000 0.30826
887.000000 0.30826
888.000000 0.30826
889.000000 0.30826
890.000000 0.30826
891.000000 0.30826
892.000000 0.30826
893.000000 0.30826
894.000000 0.30826
895.000000 0.30826
896.000000 0.30826
897.000000 0.30826
898.000000 0.30826
899.000000 0.30826
900.000000 0.30826
901.000000 0.30826
902.000000 0.30826
903.000000 0.30826
904.000000 0.30826
905.000000 0.30826
906.000000 0.30826
907.000000 0.30826
908.000000 0.30826
909.000000 0.30826
910.000000 0.30826
911.000000 0.30826
912.000000 0.30826
913.000000 0.30826
914.000000 0.30826
915.000000 0.30826
916.000000 0.30826
917.000000 0.30826
918.000000 0.30826
919.000000 0.30826
920.000000 0.30826
921.000000 0.30826
922.000000 0.30826
923.000000 0.30826
924.000000 0.30826
925.000000 0.30826
926.000000 0.30827
927.000000 0.30827
928.000000 0.30827
929.000000 0.30827
930.000000 0.30827
931.000000 0.30827
932.000000 0.30827
933.000000 0.30827
934.000000 0.30827
935.000000 0.30827
936.000000 0.30827
937.000000 0.30827
938.000000 0.30827
939.000000 0.30827
940.000000 0.30827
941.000000 0.30827
942.000000 0.30827
943.000000 0.30827
944.000000 0.30827
945.000000 0.30827
946.000000 0.30827
947.000000 0.30827
948.000000 0.30827
949.000000 0.30827
950.000000 0.30827
951.000000 0.30827
952.000000 0.30827
953.000000 0.30827
954.000000 0.30827
955.000000 0.30827
956.000000 0.30827
957.000000 0.30827
958.000000 0.30827
959.000000 0.30827
960.000000 0.30827
961.000000 0.30827
962.000000 0.30827
963.000000 0.30827
964.000000 0.30827
965.000000 0.30827
966.000000 0.30827
967.000000 0.30827
968.000000 0.30827
969.000000 0.30827
970.000000 0.30827
971.000000 0.30827
972.000000 0.30827
973.000000 0.30827
974.000000 0.30827
975.000000 0.30827
976.000000 0.30827
977.000000 0.30827
978.000000 0.30827
979.000000 0.30827
980.000000 0.30827
981.000000 0.30827
982.000000 0.30827
983.000000 0.30827
984.000000 0.30827
985.000000 0.30827
986.000000 0.30827
987.000000 0.30827
988.000000 0.30827
989.000000 0.30827
990.000000 0.30827
991.000000 0.30827
992.000000 0.30827
993.000000 0.30827
994.000000 0.30827
995.000000 0.30827
996.000000 0.30827
997.000000 0.30827
998.000000 0.30827
999.000000 0.30827
