0.000000 31.81
1.000000 31.81
2.000000 31.81
3.000000 31.81
4.000000 31.81
5.000000 31.81
6.000000 31.81
7.000000 31.81
8.000000 31.81
9.000000 31.87
10.000000 31.87
11.000000 31.93
12.000000 32
13.000000 32.06
14.000000 32.12
15.000000 32.18
16.000000 32.25
17.000000 32.31
18.000000 32.43
19.000000 32.5
20.000000 32.56
21.000000 32.68
22.000000 32.81
23.000000 32.87
24.000000 33
25.000000 33.12
26.000000 33.25
27.000000 33.31
28.000000 33.43
29.000000 33.56
30.000000 33.68
31.000000 33.81
32.000000 33.87
33.000000 34.06
34.000000 34.12
35.000000 34.25
36.000000 34.37
37.000000 34.5
38.000000 34.62
39.000000 34.75
40.000000 34.87
41.000000 35.06
42.000000 35.18
43.000000 35.31
44.000000 35.43
45.000000 35.56
46.000000 35.62
47.000000 35.75
48.000000 35.87
49.000000 35.93
50.000000 36.06
51.000000 36.12
52.000000 36.25
53.000000 36.37
54.000000 36.5
55.000000 36.56
56.000000 36.68
57.000000 36.75
58.000000 36.87
59.000000 36.93
60.000000 37.06
61.000000 37.12
62.000000 37.25
63.000000 37.31
64.000000 37.37
65.000000 37.43
66.000000 37.5
67.000000 37.56
68.000000 37.62
69.000000 37.68
70.000000 37.81
71.000000 37.87
72.000000 38
73.000000 38.06
74.000000 38.12
75.000000 38.25
76.000000 38.31
77.000000 38.37
78.000000 38.43
79.000000 38.5
80.000000 38.56
81.000000 38.62
82.000000 38.68
83.000000 38.75
84.000000 38.81
85.000000 38.87
86.000000 38.87
87.000000 38.93
88.000000 39
89.000000 39.06
90.000000 39.12
91.000000 39.18
92.000000 39.25
93.000000 39.31
94.000000 39.37
95.000000 39.37
96.000000 39.43
97.000000 39.5
98.000000 39.5
99.000000 39.56
100.000000 39.62
101.000000 39.62
102.000000 39.68
103.000000 39.68
104.000000 39.75
105.000000 39.81
106.000000 39.81
107.000000 39.87
108.000000 39.93
109.000000 39.93
110.000000 40
111.000000 40.06
112.000000 40.12
113.000000 40.18
114.000000 40.18
115.000000 40.25
116.000000 40.31
117.000000 40.31
118.000000 40.37
119.000000 40.43
120.000000 40.5
121.000000 40.5
122.000000 40.56
123.000000 40.62
124.000000 40.68
125.000000 40.75
126.000000 40.75
127.000000 40.81
128.000000 40.87
129.000000 40.93
130.000000 40.93
131.000000 40.93
132.000000 41
133.000000 41
134.000000 41
135.000000 41.06
136.000000 41.06
137.000000 41.12
138.000000 41.12
139.000000 41.12
140.000000 41.12
141.000000 41.12
142.000000 41.12
143.000000 41.12
144.000000 41.12
145.000000 41.12
146.000000 41.18
147.000000 41.18
148.000000 41.18
149.000000 41.25
150.000000 41.25
151.000000 41.31
152.000000 41.37
153.000000 41.37
154.000000 41.43
155.000000 41.43
156.000000 41.5
157.000000 41.56
158.000000 41.56
159.000000 41.56
160.000000 41.62
161.000000 41.68
162.000000 41.75
163.000000 41.75
164.000000 41.81
165.000000 41.81
166.000000 41.87
167.000000 41.87
168.000000 41.93
169.000000 41.93
170.000000 41.93
171.000000 41.93
172.000000 42
173.000000 42
174.000000 42
175.000000 42
176.000000 42
177.000000 42
178.000000 42
179.000000 42.06
180.000000 42.06
181.000000 42.06
182.000000 42.06
183.000000 42.06
184.000000 42.06
185.000000 42.06
186.000000 42.06
187.000000 42.12
188.000000 42.12
189.000000 42.12
190.000000 42.12
191.000000 42.12
192.000000 42.12
193.000000 42.12
194.000000 42.12
195.000000 42.18
196.000000 42.18
197.000000 42.18
198.000000 42.18
199.000000 42.25
200.000000 42.25
201.000000 42.31
202.000000 42.31
203.000000 42.31
204.000000 42.37
205.000000 42.37
206.000000 42.37
207.000000 42.43
208.000000 42.43
209.000000 42.43
210.000000 42.43
211.000000 42.43
212.000000 42.43
213.000000 42.43
214.000000 42.37
215.000000 42.37
216.000000 42.37
217.000000 42.37
218.000000 42.37
219.000000 42.43
220.000000 42.43
221.000000 42.43
222.000000 42.5
223.000000 42.5
224.000000 42.5
225.000000 42.5
226.000000 42.5
227.000000 42.56
228.000000 42.56
229.000000 42.56
230.000000 42.62
231.000000 42.62
232.000000 42.68
233.000000 42.68
234.000000 42.75
235.000000 42.75
236.000000 42.75
237.000000 42.81
238.000000 42.81
239.000000 42.81
240.000000 42.81
241.000000 42.81
242.000000 42.81
243.000000 42.81
244.000000 42.75
245.000000 42.75
246.000000 42.75
247.000000 42.75
248.000000 42.75
249.000000 42.75
250.000000 42.75
251.000000 42.75
252.000000 42.81
253.000000 42.81
254.000000 42.81
255.000000 42.81
256.000000 42.81
257.000000 42.87
258.000000 42.87
259.000000 42.87
260.000000 42.87
261.000000 42.93
262.000000 42.93
263.000000 42.93
264.000000 43
265.000000 43
266.000000 43
267.000000 43
268.000000 43
269.000000 43.06
270.000000 43.06
271.000000 43.12
272.000000 43.12
273.000000 43.12
274.000000 43.12
275.000000 43.12
276.000000 43.12
277.000000 43.12
278.000000 43.12
279.000000 43.12
280.000000 43.12
281.000000 43.12
282.000000 43.12
283.000000 43.12
284.000000 43.12
285.000000 43.12
286.000000 43.18
287.000000 43.18
288.000000 43.18
289.000000 43.12
290.000000 43.12
291.000000 43.18
292.000000 43.12
293.000000 43.18
294.000000 43.18
295.000000 43.12
296.000000 43.12
297.000000 43.12
298.000000 43.18
299.000000 43.18
300.000000 43.18
301.000000 43.18
302.000000 43.25
303.000000 43.25
304.000000 43.25
305.000000 43.31
306.000000 43.31
307.000000 43.31
308.000000 43.31
309.000000 43.31
310.000000 43.31
311.000000 43.31
312.000000 43.31
313.000000 43.31
314.000000 43.31
315.000000 43.31
316.000000 43.37
317.000000 43.37
318.000000 43.31
319.000000 43.31
320.000000 43.31
321.000000 43.31
322.000000 43.31
323.000000 43.31
324.000000 43.31
325.000000 43.31
326.000000 43.31
327.000000 43.31
328.000000 43.37
329.000000 43.37
330.000000 43.37
331.000000 43.37
332.000000 43.37
333.000000 43.37
334.000000 43.37
335.000000 43.37
336.000000 43.37
337.000000 43.37
338.000000 43.37
339.000000 43.37
340.000000 43.37
341.000000 43.37
342.000000 43.43
343.000000 43.43
344.000000 43.43
345.000000 43.5
346.000000 43.5
347.000000 43.43
348.000000 43.43
349.000000 43.43
350.000000 43.43
351.000000 43.43
352.000000 43.37
353.000000 43.37
354.000000 43.37
355.000000 43.37
356.000000 43.37
357.000000 43.37
358.000000 43.43
359.000000 43.43
360.000000 43.43
361.000000 43.43
362.000000 43.43
363.000000 43.5
364.000000 43.5
365.000000 43.5
366.000000 43.56
367.000000 43.56
368.000000 43.62
369.000000 43.62
370.000000 43.62
371.000000 43.68
372.000000 43.68
373.000000 43.68
374.000000 43.68
375.000000 43.68
376.000000 43.68
377.000000 43.68
378.000000 43.75
379.000000 43.75
380.000000 43.75
381.000000 43.75
382.000000 43.75
383.000000 43.75
384.000000 43.75
385.000000 43.75
386.000000 43.68
387.000000 43.68
388.000000 43.68
389.000000 43.68
390.000000 43.68
391.000000 43.62
392.000000 43.62
393.000000 43.62
394.000000 43.56
395.000000 43.56
396.000000 43.56
397.000000 43.56
398.000000 43.56
399.000000 43.56
400.000000 43.5
401.000000 43.5
402.000000 43.5
403.000000 43.5
404.000000 43.56
405.000000 43.5
406.000000 43.56
407.000000 43.56
408.000000 43.56
409.000000 43.56
410.000000 43.56
411.000000 43.56
412.000000 43.56
413.000000 43.56
414.000000 43.62
415.000000 0
416.000000 0
417.000000 0
418.000000 0
419.000000 0
420.000000 0
421.000000 0
422.000000 0
423.000000 0
424.000000 0
425.000000 0
426.000000 0
427.000000 0
428.000000 0
429.000000 0
430.000000 0
431.000000 0
432.000000 0
433.000000 0
434.000000 0
435.000000 0
436.000000 0
437.000000 0
438.000000 0
439.000000 0
440.000000 0
441.000000 0
442.000000 0
443.000000 0
444.000000 0
445.000000 0
446.000000 0
447.000000 0
448.000000 0
449.000000 0
450.000000 0
451.000000 0
452.000000 0
453.000000 0
454.000000 0
455.000000 0
456.000000 0
457.000000 0
458.000000 0
459.000000 0
460.000000 0
461.000000 0
462.000000 0
463.000000 0
464.000000 0
465.000000 0
466.000000 0
467.000000 0
468.000000 0
469.000000 0
470.000000 0
471.000000 0
472.000000 0
473.000000 0
474.000000 0
475.000000 0
476.000000 0
477.000000 0
478.000000 0
479.000000 0
480.000000 0
481.000000 0
482.000000 0
483.000000 0
484.000000 0
485.000000 0
486.000000 0
487.000000 0
488.000000 0
489.000000 0
490.000000 0
491.000000 0
492.000000 0
493.000000 0
494.000000 0
495.000000 0
496.000000 0
497.000000 0
498.000000 0
499.000000 0
