0.000000 0
1.000000 0
2.000000 0
3.000000 0.0046154
4.000000 0
5.000000 0
6.000000 0
7.000000 0.0046154
8.000000 0.0046154
9.000000 0.0046154
10.000000 0.0046154
11.000000 0.0046154
12.000000 0.01
13.000000 0.01
14.000000 0.01
15.000000 0.014615
16.000000 0.014615
17.000000 0.019231
18.000000 0.019231
19.000000 0.023846
20.000000 0.023846
21.000000 0.029231
22.000000 0.033846
23.000000 0.033846
24.000000 0.038462
25.000000 0.043077
26.000000 0.048462
27.000000 0.053077
28.000000 0.057692
29.000000 0.062308
30.000000 0.067692
31.000000 0.072308
32.000000 0.076923
33.000000 0.081538
34.000000 0.086923
35.000000 0.086923
36.000000 0.091538
37.000000 0.096154
38.000000 0.10077
39.000000 0.10077
40.000000 0.10615
41.000000 0.11077
42.000000 0.11538
43.000000 0.12
44.000000 0.12538
45.000000 0.13
46.000000 0.13462
47.000000 0.13923
48.000000 0.14462
49.000000 0.14923
50.000000 0.14923
51.000000 0.15385
52.000000 0.15846
53.000000 0.15846
54.000000 0.16385
55.000000 0.16846
56.000000 0.16846
57.000000 0.17308
58.000000 0.17769
59.000000 0.17769
60.000000 0.18308
61.000000 0.18769
62.000000 0.19231
63.000000 0.19692
64.000000 0.19692
65.000000 0.20231
66.000000 0.20692
67.000000 0.20692
68.000000 0.21154
69.000000 0.21154
70.000000 0.21615
71.000000 0.22154
72.000000 0.22154
73.000000 0.22615
74.000000 0.22615
75.000000 0.23077
76.000000 0.23077
77.000000 0.23538
78.000000 0.23538
79.000000 0.23538
80.000000 0.24077
81.000000 0.24538
82.000000 0.24538
83.000000 0.24538
84.000000 0.25
85.000000 0.25
86.000000 0.25
87.000000 0.25462
88.000000 0.25462
89.000000 0.26
90.000000 0.26
91.000000 0.26462
92.000000 0.26923
93.000000 0.26923
94.000000 0.27385
95.000000 0.27385
96.000000 0.27385
97.000000 0.27923
98.000000 0.27923
99.000000 0.28385
100.000000 0.28385
101.000000 0.28846
102.000000 0.28846
103.000000 0.28846
104.000000 0.28846
105.000000 0.29308
106.000000 0.29308
107.000000 0.29308
108.000000 0.29846
109.000000 0.29846
110.000000 0.30308
111.000000 0.30308
112.000000 0.30769
113.000000 0.30769
114.000000 0.31231
115.000000 0.31231
116.000000 0.31231
117.000000 0.31231
118.000000 0.31769
119.000000 0.31769
120.000000 0.31769
121.000000 0.31769
122.000000 0.31769
123.000000 0.32231
124.000000 0.32231
125.000000 0.32231
126.000000 0.32231
127.000000 0.32231
128.000000 0.32231
129.000000 0.32231
130.000000 0.32692
131.000000 0.32692
132.000000 0.32692
133.000000 0.33154
134.000000 0.33154
135.000000 0.33154
136.000000 0.33692
137.000000 0.33692
138.000000 0.33692
139.000000 0.33692
140.000000 0.33692
141.000000 0.33692
142.000000 0.34154
143.000000 0.34154
144.000000 0.34154
145.000000 0.34154
146.000000 0.34154
147.000000 0.34615
148.000000 0.34615
149.000000 0.34615
150.000000 0.35077
151.000000 0.35077
152.000000 0.35077
153.000000 0.35077
154.000000 0.35077
155.000000 0.35077
156.000000 0.35077
157.000000 0.35077
158.000000 0.35615
159.000000 0.35615
160.000000 0.35615
161.000000 0.35615
162.000000 0.35615
163.000000 0.36077
164.000000 0.36077
165.000000 0.36077
166.000000 0.36077
167.000000 0.36077
168.000000 0.36077
169.000000 0.36077
170.000000 0.36077
171.000000 0.36077
172.000000 0.36077
173.000000 0.36077
174.000000 0.36077
175.000000 0.36538
176.000000 0.36538
177.000000 0.36538
178.000000 0.36538
179.000000 0.36538
180.000000 0.36077
181.000000 0.36538
182.000000 0.36538
183.000000 0.36538
184.000000 0.36538
185.000000 0.36538
186.000000 0.36538
187.000000 0.36538
188.000000 0.36538
189.000000 0.36538
190.000000 0.36538
191.000000 0.36538
192.000000 0.36538
193.000000 0.36538
194.000000 0.36538
195.000000 0.36538
196.000000 0.36538
197.000000 0.36538
198.000000 0.37
199.000000 0.37
200.000000 0.37538
201.000000 0.37538
202.000000 0.38
203.000000 0.38
204.000000 0.38
205.000000 0.38
206.000000 0.38
207.000000 0.38
208.000000 0.38
209.000000 0.38
210.000000 0.38
211.000000 0.38462
212.000000 0.38462
213.000000 0.38462
214.000000 0.38462
215.000000 0.38462
216.000000 0.38462
217.000000 0.38462
218.000000 0.38462
219.000000 0.38462
220.000000 0.38462
221.000000 0.38
222.000000 0.38462
223.000000 0.38462
224.000000 0.38
225.000000 0.38462
226.000000 0.38
227.000000 0.38
228.000000 0.38
229.000000 0.38462
230.000000 0.38462
231.000000 0.38462
232.000000 0.38462
233.000000 0.38923
234.000000 0.38923
235.000000 0.39462
236.000000 0.39462
237.000000 0.39923
238.000000 0.39923
239.000000 0.39923
240.000000 0.39923
241.000000 0.39923
242.000000 0.40385
243.000000 0.39923
244.000000 0.40385
245.000000 0.40385
246.000000 0.40385
247.000000 0.40385
248.000000 0.40385
249.000000 0.40385
250.000000 0.40846
251.000000 0.40846
252.000000 0.40846
253.000000 0.40846
254.000000 0.40846
255.000000 0.40385
256.000000 0.40385
257.000000 0.40385
258.000000 0.40385
259.000000 0.40385
260.000000 0.40385
261.000000 0.40385
262.000000 0.40385
263.000000 0.40385
264.000000 0.40385
265.000000 0.40385
266.000000 0.39923
267.000000 0.40385
268.000000 0.39923
269.000000 0.39923
270.000000 0.39923
271.000000 0.40385
272.000000 0.40385
273.000000 0.40385
274.000000 0.40385
275.000000 0.40385
276.000000 0.40846
277.000000 0.40846
278.000000 0.41385
279.000000 0.41385
280.000000 0.41385
281.000000 0.41846
282.000000 0.41846
283.000000 0.41846
284.000000 0.41846
285.000000 0.41385
286.000000 0.41385
287.000000 0.41385
288.000000 0.41385
289.000000 0.41385
290.000000 0.41385
291.000000 0.41385
292.000000 0.41385
293.000000 0.41385
294.000000 0.41385
295.000000 0.40846
296.000000 0.40846
297.000000 0.40846
298.000000 0.41385
299.000000 0.41385
300.000000 0.41385
301.000000 0.40846
302.000000 0.40846
303.000000 0.40846
304.000000 0.40846
305.000000 0.41385
306.000000 0.41385
307.000000 0.41385
308.000000 0.41385
309.000000 0.41846
310.000000 0.41385
311.000000 0.41385
312.000000 0.41385
313.000000 0.41385
314.000000 0.41385
315.000000 0.41385
316.000000 0.41385
317.000000 0.41385
318.000000 0.41846
319.000000 0.41846
320.000000 0.41846
321.000000 0.41846
322.000000 0.41846
323.000000 0.41846
324.000000 0.41846
325.000000 0.41846
326.000000 0.41846
327.000000 0.41846
328.000000 0.41846
329.000000 0.41846
330.000000 0.41846
331.000000 0.41846
332.000000 0.41846
333.000000 0.41846
334.000000 0.41846
335.000000 0.41846
336.000000 0.41846
337.000000 0.41846
338.000000 0.41846
339.000000 0.41846
340.000000 0.41846
341.000000 0.41846
342.000000 0.41846
343.000000 0.41846
344.000000 0.41846
345.000000 0.41846
346.000000 0.42308
347.000000 0.41846
348.000000 0.41846
349.000000 0.41846
350.000000 0.41846
351.000000 0.41846
352.000000 0.41846
353.000000 0.41846
354.000000 0.41846
355.000000 0.41846
356.000000 0.41846
357.000000 0.41846
358.000000 0.41846
359.000000 0.41846
360.000000 0.41846
361.000000 0.41846
362.000000 0.41385
363.000000 0.41385
364.000000 0.41385
365.000000 0.41385
366.000000 0.41385
367.000000 0.41385
368.000000 0.41385
369.000000 0.41385
370.000000 0.41385
371.000000 0.41846
372.000000 0.41846
373.000000 0.41846
374.000000 0.41846
375.000000 0.41846
376.000000 0.41846
377.000000 0.41846
378.000000 0.41846
379.000000 0.41846
380.000000 0.41846
381.000000 0.41846
382.000000 0.41846
383.000000 0.41846
384.000000 0.42308
385.000000 0.42308
386.000000 0.42308
387.000000 0.42308
388.000000 0.42308
389.000000 0.42308
390.000000 0.41846
391.000000 0.42308
392.000000 0.42308
393.000000 0.42308
394.000000 0.41846
395.000000 0.41846
396.000000 0.41846
397.000000 0.42308
398.000000 0.42308
399.000000 0.42308
