0.000000 31.43
1.000000 31.43
2.000000 31.43
3.000000 31.43
4.000000 31.43
5.000000 31.43
6.000000 31.43
7.000000 31.43
8.000000 31.43
9.000000 31.43
10.000000 31.43
11.000000 31.43
12.000000 31.5
13.000000 31.43
14.000000 31.5
15.000000 31.5
16.000000 31.5
17.000000 31.5
18.000000 31.5
19.000000 31.5
20.000000 31.5
21.000000 31.56
22.000000 31.56
23.000000 31.56
24.000000 31.56
25.000000 31.62
26.000000 31.62
27.000000 31.62
28.000000 31.62
29.000000 31.68
30.000000 31.68
31.000000 31.68
32.000000 31.68
33.000000 31.68
34.000000 31.68
35.000000 31.68
36.000000 31.75
37.000000 31.75
38.000000 31.75
39.000000 31.81
40.000000 31.81
41.000000 31.81
42.000000 31.81
43.000000 31.81
44.000000 31.81
45.000000 31.81
46.000000 31.81
47.000000 31.87
48.000000 31.87
49.000000 31.87
50.000000 31.87
51.000000 31.87
52.000000 31.93
53.000000 31.93
54.000000 31.93
55.000000 31.93
56.000000 31.93
57.000000 31.93
58.000000 31.93
59.000000 32
60.000000 32
61.000000 32
62.000000 32
63.000000 32
64.000000 32
65.000000 32
66.000000 32
67.000000 32
68.000000 32
69.000000 32.06
70.000000 32
71.000000 32.06
72.000000 32.06
73.000000 32.06
74.000000 32.06
75.000000 32.06
76.000000 32.06
77.000000 32.06
78.000000 32.06
79.000000 32.06
80.000000 32.06
81.000000 32.12
82.000000 32.12
83.000000 32.12
84.000000 32.12
85.000000 32.18
86.000000 32.18
87.000000 32.18
88.000000 32.18
89.000000 32.18
90.000000 32.25
91.000000 32.25
92.000000 32.25
93.000000 32.25
94.000000 32.25
95.000000 32.25
96.000000 32.25
97.000000 32.25
98.000000 32.31
99.000000 32.25
100.000000 32.31
101.000000 32.31
102.000000 32.31
103.000000 32.31
104.000000 32.31
105.000000 32.31
106.000000 32.37
107.000000 32.37
108.000000 32.37
109.000000 32.37
110.000000 32.37
111.000000 32.43
112.000000 32.43
113.000000 32.43
114.000000 32.43
115.000000 32.43
116.000000 32.43
117.000000 32.43
118.000000 32.43
119.000000 32.43
120.000000 32.43
121.000000 32.43
122.000000 32.43
123.000000 32.43
124.000000 32.43
125.000000 32.43
126.000000 32.43
127.000000 32.43
128.000000 32.43
129.000000 32.43
130.000000 32.43
131.000000 32.43
132.000000 32.5
133.000000 32.5
134.000000 32.5
135.000000 32.5
136.000000 32.5
137.000000 32.5
138.000000 32.5
139.000000 32.56
140.000000 32.56
141.000000 32.56
142.000000 32.56
143.000000 32.56
144.000000 32.56
145.000000 32.5
146.000000 32.56
147.000000 32.5
148.000000 32.5
149.000000 32.56
150.000000 32.56
151.000000 32.56
152.000000 32.56
153.000000 32.56
154.000000 32.56
155.000000 32.56
156.000000 32.56
157.000000 32.56
158.000000 32.56
159.000000 32.56
160.000000 32.56
161.000000 32.56
162.000000 32.56
163.000000 32.62
164.000000 32.62
165.000000 32.62
166.000000 32.62
167.000000 32.62
168.000000 32.62
169.000000 32.62
170.000000 32.62
171.000000 32.56
172.000000 32.56
173.000000 32.56
174.000000 32.56
175.000000 32.62
176.000000 32.62
177.000000 32.62
178.000000 32.62
179.000000 32.62
180.000000 32.62
181.000000 32.62
182.000000 32.62
183.000000 32.62
184.000000 32.62
185.000000 32.62
186.000000 32.62
187.000000 32.62
188.000000 32.62
189.000000 32.62
190.000000 32.62
191.000000 32.62
192.000000 32.62
193.000000 32.62
194.000000 32.62
195.000000 32.68
196.000000 32.68
197.000000 32.68
198.000000 32.68
199.000000 32.68
200.000000 32.68
201.000000 32.68
202.000000 32.68
203.000000 32.68
204.000000 32.68
205.000000 32.68
206.000000 32.68
207.000000 32.68
208.000000 32.68
209.000000 32.68
210.000000 32.75
211.000000 32.75
212.000000 32.75
213.000000 32.75
214.000000 32.75
215.000000 32.75
216.000000 32.68
217.000000 32.68
218.000000 32.68
219.000000 32.68
220.000000 32.68
221.000000 32.68
222.000000 32.68
223.000000 32.68
224.000000 32.68
225.000000 32.68
226.000000 32.68
227.000000 32.68
228.000000 32.68
229.000000 32.68
230.000000 32.68
231.000000 32.68
232.000000 32.68
233.000000 32.62
234.000000 32.62
235.000000 32.62
236.000000 32.62
237.000000 32.62
238.000000 32.62
239.000000 32.62
240.000000 32.62
241.000000 32.68
242.000000 32.62
243.000000 32.62
244.000000 32.62
245.000000 32.62
246.000000 32.62
247.000000 32.62
248.000000 32.62
249.000000 32.68
250.000000 32.68
251.000000 32.68
252.000000 32.68
253.000000 32.68
254.000000 32.68
255.000000 32.68
256.000000 32.68
257.000000 32.68
258.000000 32.68
259.000000 32.68
260.000000 32.68
261.000000 32.68
262.000000 32.68
263.000000 32.68
264.000000 32.68
265.000000 32.68
266.000000 32.68
267.000000 32.68
268.000000 32.68
269.000000 32.68
270.000000 32.68
271.000000 32.68
272.000000 32.68
273.000000 32.68
274.000000 32.68
275.000000 32.68
276.000000 32.68
277.000000 32.68
278.000000 32.68
279.000000 32.68
280.000000 32.68
281.000000 32.68
282.000000 32.68
283.000000 32.68
284.000000 32.68
285.000000 32.68
286.000000 32.68
287.000000 32.75
288.000000 32.75
289.000000 32.75
290.000000 32.68
291.000000 32.68
292.000000 32.68
293.000000 32.68
294.000000 32.68
295.000000 32.68
296.000000 32.68
297.000000 32.68
298.000000 32.68
299.000000 32.68
300.000000 32.68
301.000000 32.68
302.000000 32.68
303.000000 32.68
304.000000 32.68
305.000000 32.68
306.000000 32.68
307.000000 32.68
308.000000 32.68
309.000000 32.68
310.000000 32.68
311.000000 32.68
312.000000 32.68
313.000000 32.75
314.000000 32.75
315.000000 32.75
316.000000 32.75
317.000000 32.75
318.000000 32.75
319.000000 32.75
320.000000 32.68
321.000000 32.68
322.000000 32.68
323.000000 32.68
324.000000 32.68
325.000000 32.68
326.000000 32.68
327.000000 32.68
328.000000 32.68
329.000000 32.68
330.000000 32.68
331.000000 32.68
332.000000 32.68
333.000000 32.68
334.000000 32.75
335.000000 32.75
336.000000 32.75
337.000000 32.75
338.000000 32.75
339.000000 32.75
340.000000 32.75
341.000000 32.75
342.000000 32.75
343.000000 32.75
344.000000 32.75
345.000000 32.75
346.000000 32.75
347.000000 32.75
348.000000 32.81
349.000000 32.81
350.000000 32.81
351.000000 32.81
352.000000 32.81
353.000000 32.75
354.000000 32.75
355.000000 32.75
356.000000 32.75
357.000000 32.75
358.000000 32.75
359.000000 32.75
360.000000 32.75
361.000000 32.75
362.000000 32.75
363.000000 32.75
364.000000 32.75
365.000000 32.75
366.000000 32.75
367.000000 32.75
368.000000 32.75
369.000000 32.75
370.000000 32.75
371.000000 32.75
372.000000 32.75
373.000000 32.75
374.000000 32.75
375.000000 32.75
376.000000 32.75
377.000000 32.75
378.000000 32.75
379.000000 32.75
380.000000 32.75
381.000000 32.75
382.000000 32.75
383.000000 32.75
384.000000 32.75
385.000000 32.75
386.000000 32.75
387.000000 32.75
388.000000 32.75
389.000000 32.75
390.000000 32.75
391.000000 32.75
392.000000 32.75
393.000000 32.75
394.000000 32.75
395.000000 32.75
396.000000 32.75
397.000000 32.75
398.000000 32.75
399.000000 32.75
400.000000 32.75
401.000000 32.81
402.000000 32.81
403.000000 32.81
404.000000 32.75
405.000000 32.75
406.000000 32.81
407.000000 32.81
408.000000 32.81
409.000000 32.81
410.000000 32.75
411.000000 32.81
412.000000 32.81
413.000000 32.81
414.000000 32.81
415.000000 32.81
416.000000 32.75
417.000000 32.81
418.000000 32.75
419.000000 0
420.000000 0
421.000000 0
422.000000 0
423.000000 0
424.000000 0
425.000000 0
426.000000 0
427.000000 0
428.000000 0
429.000000 0
430.000000 0
431.000000 0
432.000000 0
433.000000 0
434.000000 0
435.000000 0
436.000000 0
437.000000 0
438.000000 0
439.000000 0
440.000000 0
441.000000 0
442.000000 0
443.000000 0
444.000000 0
445.000000 0
446.000000 0
447.000000 0
448.000000 0
449.000000 0
450.000000 0
451.000000 0
452.000000 0
453.000000 0
454.000000 0
455.000000 0
456.000000 0
457.000000 0
458.000000 0
459.000000 0
460.000000 0
461.000000 0
462.000000 0
463.000000 0
464.000000 0
465.000000 0
466.000000 0
467.000000 0
468.000000 0
469.000000 0
470.000000 0
471.000000 0
472.000000 0
473.000000 0
474.000000 0
475.000000 0
476.000000 0
477.000000 0
478.000000 0
479.000000 0
480.000000 0
481.000000 0
482.000000 0
483.000000 0
484.000000 0
485.000000 0
486.000000 0
487.000000 0
488.000000 0
489.000000 0
490.000000 0
491.000000 0
492.000000 0
493.000000 0
494.000000 0
495.000000 0
496.000000 0
497.000000 0
498.000000 0
499.000000 0
