0.000000 0
1.000000 0
2.000000 0.00031693
3.000000 0.00092889
4.000000 0.0018153
5.000000 0.0029567
6.000000 0.0043348
7.000000 0.0059325
8.000000 0.0077334
9.000000 0.0097225
10.000000 0.011885
11.000000 0.014208
12.000000 0.016679
13.000000 0.019285
14.000000 0.022015
15.000000 0.024859
16.000000 0.027808
17.000000 0.03085
18.000000 0.033979
19.000000 0.037185
20.000000 0.040461
21.000000 0.043799
22.000000 0.047193
23.000000 0.050637
24.000000 0.054124
25.000000 0.057649
26.000000 0.061207
27.000000 0.064792
28.000000 0.068401
29.000000 0.072028
30.000000 0.07567
31.000000 0.079323
32.000000 0.082983
33.000000 0.086648
34.000000 0.090314
35.000000 0.093978
36.000000 0.097638
37.000000 0.10129
38.000000 0.10493
39.000000 0.10857
40.000000 0.11219
41.000000 0.11579
42.000000 0.11938
43.000000 0.12295
44.000000 0.1265
45.000000 0.13003
46.000000 0.13353
47.000000 0.13702
48.000000 0.14047
49.000000 0.14391
50.000000 0.14731
51.000000 0.15069
52.000000 0.15405
53.000000 0.15737
54.000000 0.16066
55.000000 0.16393
56.000000 0.16717
57.000000 0.17037
58.000000 0.17354
59.000000 0.17669
60.000000 0.1798
61.000000 0.18288
62.000000 0.18593
63.000000 0.18895
64.000000 0.19193
65.000000 0.19489
66.000000 0.19781
67.000000 0.2007
68.000000 0.20355
69.000000 0.20638
70.000000 0.20917
71.000000 0.21193
72.000000 0.21466
73.000000 0.21736
74.000000 0.22003
75.000000 0.22267
76.000000 0.22527
77.000000 0.22784
78.000000 0.23038
79.000000 0.2329
80.000000 0.23538
81.000000 0.23783
82.000000 0.24025
83.000000 0.24264
84.000000 0.245
85.000000 0.24733
86.000000 0.24963
87.000000 0.25191
88.000000 0.25415
89.000000 0.25637
90.000000 0.25856
91.000000 0.26072
92.000000 0.26285
93.000000 0.26496
94.000000 0.26704
95.000000 0.26909
96.000000 0.27111
97.000000 0.27311
98.000000 0.27509
99.000000 0.27703
100.000000 0.27896
101.000000 0.28085
102.000000 0.28273
103.000000 0.28457
104.000000 0.2864
105.000000 0.2882
106.000000 0.28997
107.000000 0.29173
108.000000 0.29346
109.000000 0.29516
110.000000 0.29685
111.000000 0.29851
112.000000 0.30015
113.000000 0.30177
114.000000 0.30336
115.000000 0.30494
116.000000 0.30649
117.000000 0.30803
118.000000 0.30954
119.000000 0.31103
120.000000 0.31251
121.000000 0.31396
122.000000 0.31539
123.000000 0.31681
124.000000 0.31821
125.000000 0.31958
126.000000 0.32094
127.000000 0.32228
128.000000 0.3236
129.000000 0.32491
130.000000 0.32619
131.000000 0.32746
132.000000 0.32872
133.000000 0.32995
134.000000 0.33117
135.000000 0.33237
136.000000 0.33356
137.000000 0.33473
138.000000 0.33588
139.000000 0.33702
140.000000 0.33815
141.000000 0.33925
142.000000 0.34035
143.000000 0.34143
144.000000 0.34249
145.000000 0.34354
146.000000 0.34457
147.000000 0.3456
148.000000 0.3466
149.000000 0.3476
150.000000 0.34858
151.000000 0.34954
152.000000 0.3505
153.000000 0.35144
154.000000 0.35237
155.000000 0.35328
156.000000 0.35419
157.000000 0.35508
158.000000 0.35595
159.000000 0.35682
160.000000 0.35768
161.000000 0.35852
162.000000 0.35935
163.000000 0.36017
164.000000 0.36098
165.000000 0.36178
166.000000 0.36257
167.000000 0.36335
168.000000 0.36411
169.000000 0.36487
170.000000 0.36561
171.000000 0.36635
172.000000 0.36707
173.000000 0.36779
174.000000 0.3685
175.000000 0.36919
176.000000 0.36988
177.000000 0.37056
178.000000 0.37123
179.000000 0.37189
180.000000 0.37254
181.000000 0.37318
182.000000 0.37381
183.000000 0.37443
184.000000 0.37505
185.000000 0.37566
186.000000 0.37626
187.000000 0.37685
188.000000 0.37743
189.000000 0.378
190.000000 0.37857
191.000000 0.37913
192.000000 0.37968
193.000000 0.38023
194.000000 0.38076
195.000000 0.38129
196.000000 0.38181
197.000000 0.38233
198.000000 0.38284
199.000000 0.38334
200.000000 0.38383
201.000000 0.38432
202.000000 0.3848
203.000000 0.38528
204.000000 0.38575
205.000000 0.38621
206.000000 0.38666
207.000000 0.38711
208.000000 0.38755
209.000000 0.38799
210.000000 0.38842
211.000000 0.38885
212.000000 0.38927
213.000000 0.38968
214.000000 0.39009
215.000000 0.39049
216.000000 0.39089
217.000000 0.39128
218.000000 0.39167
219.000000 0.39205
220.000000 0.39242
221.000000 0.39279
222.000000 0.39316
223.000000 0.39352
224.000000 0.39388
225.000000 0.39423
226.000000 0.39457
227.000000 0.39491
228.000000 0.39525
229.000000 0.39558
230.000000 0.39591
231.000000 0.39623
232.000000 0.39655
233.000000 0.39687
234.000000 0.39718
235.000000 0.39748
236.000000 0.39779
237.000000 0.39808
238.000000 0.39838
239.000000 0.39867
240.000000 0.39895
241.000000 0.39923
242.000000 0.39951
243.000000 0.39979
244.000000 0.40006
245.000000 0.40032
246.000000 0.40059
247.000000 0.40085
248.000000 0.4011
249.000000 0.40135
250.000000 0.4016
251.000000 0.40185
252.000000 0.40209
253.000000 0.40233
254.000000 0.40257
255.000000 0.4028
256.000000 0.40303
257.000000 0.40325
258.000000 0.40348
259.000000 0.4037
260.000000 0.40391
261.000000 0.40413
262.000000 0.40434
263.000000 0.40455
264.000000 0.40475
265.000000 0.40496
266.000000 0.40516
267.000000 0.40535
268.000000 0.40555
269.000000 0.40574
270.000000 0.40593
271.000000 0.40612
272.000000 0.4063
273.000000 0.40648
274.000000 0.40666
275.000000 0.40684
276.000000 0.40701
277.000000 0.40718
278.000000 0.40735
279.000000 0.40752
280.000000 0.40769
281.000000 0.40785
282.000000 0.40801
283.000000 0.40817
284.000000 0.40832
285.000000 0.40848
286.000000 0.40863
287.000000 0.40878
288.000000 0.40893
289.000000 0.40907
290.000000 0.40922
291.000000 0.40936
292.000000 0.4095
293.000000 0.40964
294.000000 0.40977
295.000000 0.40991
296.000000 0.41004
297.000000 0.41017
298.000000 0.4103
299.000000 0.41043
300.000000 0.41055
301.000000 0.41068
302.000000 0.4108
303.000000 0.41092
304.000000 0.41104
305.000000 0.41116
306.000000 0.41127
307.000000 0.41138
308.000000 0.4115
309.000000 0.41161
310.000000 0.41172
311.000000 0.41183
312.000000 0.41193
313.000000 0.41204
314.000000 0.41214
315.000000 0.41224
316.000000 0.41234
317.000000 0.41244
318.000000 0.41254
319.000000 0.41264
320.000000 0.41273
321.000000 0.41283
322.000000 0.41292
323.000000 0.41301
324.000000 0.4131
325.000000 0.41319
326.000000 0.41328
327.000000 0.41336
328.000000 0.41345
329.000000 0.41353
330.000000 0.41362
331.000000 0.4137
332.000000 0.41378
333.000000 0.41386
334.000000 0.41394
335.000000 0.41402
336.000000 0.41409
337.000000 0.41417
338.000000 0.41424
339.000000 0.41432
340.000000 0.41439
341.000000 0.41446
342.000000 0.41453
343.000000 0.4146
344.000000 0.41467
345.000000 0.41474
346.000000 0.4148
347.000000 0.41487
348.000000 0.41493
349.000000 0.415
350.000000 0.41506
351.000000 0.41512
352.000000 0.41519
353.000000 0.41525
354.000000 0.41531
355.000000 0.41536
356.000000 0.41542
357.000000 0.41548
358.000000 0.41554
359.000000 0.41559
360.000000 0.41565
361.000000 0.4157
362.000000 0.41576
363.000000 0.41581
364.000000 0.41586
365.000000 0.41591
366.000000 0.41596
367.000000 0.41601
368.000000 0.41606
369.000000 0.41611
370.000000 0.41616
371.000000 0.41621
372.000000 0.41625
373.000000 0.4163
374.000000 0.41634
375.000000 0.41639
376.000000 0.41643
377.000000 0.41648
378.000000 0.41652
379.000000 0.41656
380.000000 0.4166
381.000000 0.41665
382.000000 0.41669
383.000000 0.41673
384.000000 0.41677
385.000000 0.41681
386.000000 0.41684
387.000000 0.41688
388.000000 0.41692
389.000000 0.41696
390.000000 0.41699
391.000000 0.41703
392.000000 0.41706
393.000000 0.4171
394.000000 0.41713
395.000000 0.41717
396.000000 0.4172
397.000000 0.41724
398.000000 0.41727
399.000000 0.4173
400.000000 0.41733
401.000000 0.41736
402.000000 0.41739
403.000000 0.41742
404.000000 0.41745
405.000000 0.41748
406.000000 0.41751
407.000000 0.41754
408.000000 0.41757
409.000000 0.4176
410.000000 0.41763
411.000000 0.41765
412.000000 0.41768
413.000000 0.41771
414.000000 0.41773
415.000000 0.41776
416.000000 0.41779
417.000000 0.41781
418.000000 0.41784
419.000000 0.41786
420.000000 0.41788
421.000000 0.41791
422.000000 0.41793
423.000000 0.41796
424.000000 0.41798
425.000000 0.418
426.000000 0.41802
427.000000 0.41804
428.000000 0.41807
429.000000 0.41809
430.000000 0.41811
431.000000 0.41813
432.000000 0.41815
433.000000 0.41817
434.000000 0.41819
435.000000 0.41821
436.000000 0.41823
437.000000 0.41825
438.000000 0.41827
439.000000 0.41829
440.000000 0.4183
441.000000 0.41832
442.000000 0.41834
443.000000 0.41836
444.000000 0.41838
445.000000 0.41839
446.000000 0.41841
447.000000 0.41843
448.000000 0.41844
449.000000 0.41846
450.000000 0.41848
451.000000 0.41849
452.000000 0.41851
453.000000 0.41852
454.000000 0.41854
455.000000 0.41855
456.000000 0.41857
457.000000 0.41858
458.000000 0.4186
459.000000 0.41861
460.000000 0.41862
461.000000 0.41864
462.000000 0.41865
463.000000 0.41866
464.000000 0.41868
465.000000 0.41869
466.000000 0.4187
467.000000 0.41872
468.000000 0.41873
469.000000 0.41874
470.000000 0.41875
471.000000 0.41877
472.000000 0.41878
473.000000 0.41879
474.000000 0.4188
475.000000 0.41881
476.000000 0.41882
477.000000 0.41883
478.000000 0.41885
479.000000 0.41886
480.000000 0.41887
481.000000 0.41888
482.000000 0.41889
483.000000 0.4189
484.000000 0.41891
485.000000 0.41892
486.000000 0.41893
487.000000 0.41894
488.000000 0.41895
489.000000 0.41896
490.000000 0.41897
491.000000 0.41897
492.000000 0.41898
493.000000 0.41899
494.000000 0.419
495.000000 0.41901
496.000000 0.41902
497.000000 0.41903
498.000000 0.41904
499.000000 0.41904
500.000000 0.41905
501.000000 0.41906
502.000000 0.41907
503.000000 0.41907
504.000000 0.41908
505.000000 0.41909
506.000000 0.4191
507.000000 0.4191
508.000000 0.41911
509.000000 0.41912
510.000000 0.41913
511.000000 0.41913
512.000000 0.41914
513.000000 0.41915
514.000000 0.41915
515.000000 0.41916
516.000000 0.41917
517.000000 0.41917
518.000000 0.41918
519.000000 0.41919
520.000000 0.41919
521.000000 0.4192
522.000000 0.4192
523.000000 0.41921
524.000000 0.41922
525.000000 0.41922
526.000000 0.41923
527.000000 0.41923
528.000000 0.41924
529.000000 0.41924
530.000000 0.41925
531.000000 0.41925
532.000000 0.41926
533.000000 0.41926
534.000000 0.41927
535.000000 0.41927
536.000000 0.41928
537.000000 0.41928
538.000000 0.41929
539.000000 0.41929
540.000000 0.4193
541.000000 0.4193
542.000000 0.41931
543.000000 0.41931
544.000000 0.41932
545.000000 0.41932
546.000000 0.41932
547.000000 0.41933
548.000000 0.41933
549.000000 0.41934
550.000000 0.41934
551.000000 0.41935
552.000000 0.41935
553.000000 0.41935
554.000000 0.41936
555.000000 0.41936
556.000000 0.41936
557.000000 0.41937
558.000000 0.41937
559.000000 0.41938
560.000000 0.41938
561.000000 0.41938
562.000000 0.41939
563.000000 0.41939
564.000000 0.41939
565.000000 0.4194
566.000000 0.4194
567.000000 0.4194
568.000000 0.41941
569.000000 0.41941
570.000000 0.41941
571.000000 0.41942
572.000000 0.41942
573.000000 0.41942
574.000000 0.41942
575.000000 0.41943
576.000000 0.41943
577.000000 0.41943
578.000000 0.41944
579.000000 0.41944
580.000000 0.41944
581.000000 0.41944
582.000000 0.41945
583.000000 0.41945
584.000000 0.41945
585.000000 0.41945
586.000000 0.41946
587.000000 0.41946
588.000000 0.41946
589.000000 0.41946
590.000000 0.41947
591.000000 0.41947
592.000000 0.41947
593.000000 0.41947
594.000000 0.41947
595.000000 0.41948
596.000000 0.41948
597.000000 0.41948
598.000000 0.41948
599.000000 0.41949
600.000000 0.41949
601.000000 0.41949
602.000000 0.41949
603.000000 0.41949
604.000000 0.4195
605.000000 0.4195
606.000000 0.4195
607.000000 0.4195
608.000000 0.4195
609.000000 0.4195
610.000000 0.41951
611.000000 0.41951
612.000000 0.41951
613.000000 0.41951
614.000000 0.41951
615.000000 0.41952
616.000000 0.41952
617.000000 0.41952
618.000000 0.41952
619.000000 0.41952
620.000000 0.41952
621.000000 0.41952
622.000000 0.41953
623.000000 0.41953
624.000000 0.41953
625.000000 0.41953
626.000000 0.41953
627.000000 0.41953
628.000000 0.41953
629.000000 0.41954
630.000000 0.41954
631.000000 0.41954
632.000000 0.41954
633.000000 0.41954
634.000000 0.41954
635.000000 0.41954
636.000000 0.41955
637.000000 0.41955
638.000000 0.41955
639.000000 0.41955
640.000000 0.41955
641.000000 0.41955
642.000000 0.41955
643.000000 0.41955
644.000000 0.41955
645.000000 0.41956
646.000000 0.41956
647.000000 0.41956
648.000000 0.41956
649.000000 0.41956
650.000000 0.41956
651.000000 0.41956
652.000000 0.41956
653.000000 0.41956
654.000000 0.41957
655.000000 0.41957
656.000000 0.41957
657.000000 0.41957
658.000000 0.41957
659.000000 0.41957
660.000000 0.41957
661.000000 0.41957
662.000000 0.41957
663.000000 0.41957
664.000000 0.41957
665.000000 0.41958
666.000000 0.41958
667.000000 0.41958
668.000000 0.41958
669.000000 0.41958
670.000000 0.41958
671.000000 0.41958
672.000000 0.41958
673.000000 0.41958
674.000000 0.41958
675.000000 0.41958
676.000000 0.41958
677.000000 0.41958
678.000000 0.41959
679.000000 0.41959
680.000000 0.41959
681.000000 0.41959
682.000000 0.41959
683.000000 0.41959
684.000000 0.41959
685.000000 0.41959
686.000000 0.41959
687.000000 0.41959
688.000000 0.41959
689.000000 0.41959
690.000000 0.41959
691.000000 0.41959
692.000000 0.41959
693.000000 0.41959
694.000000 0.4196
695.000000 0.4196
696.000000 0.4196
697.000000 0.4196
698.000000 0.4196
699.000000 0.4196
700.000000 0.4196
701.000000 0.4196
702.000000 0.4196
703.000000 0.4196
704.000000 0.4196
705.000000 0.4196
706.000000 0.4196
707.000000 0.4196
708.000000 0.4196
709.000000 0.4196
710.000000 0.4196
711.000000 0.4196
712.000000 0.4196
713.000000 0.4196
714.000000 0.4196
715.000000 0.41961
716.000000 0.41961
717.000000 0.41961
718.000000 0.41961
719.000000 0.41961
720.000000 0.41961
721.000000 0.41961
722.000000 0.41961
723.000000 0.41961
724.000000 0.41961
725.000000 0.41961
726.000000 0.41961
727.000000 0.41961
728.000000 0.41961
729.000000 0.41961
730.000000 0.41961
731.000000 0.41961
732.000000 0.41961
733.000000 0.41961
734.000000 0.41961
735.000000 0.41961
736.000000 0.41961
737.000000 0.41961
738.000000 0.41961
739.000000 0.41961
740.000000 0.41961
741.000000 0.41961
742.000000 0.41961
743.000000 0.41962
744.000000 0.41962
745.000000 0.41962
746.000000 0.41962
747.000000 0.41962
748.000000 0.41962
749.000000 0.41962
750.000000 0.41962
751.000000 0.41962
752.000000 0.41962
753.000000 0.41962
754.000000 0.41962
755.000000 0.41962
756.000000 0.41962
757.000000 0.41962
758.000000 0.41962
759.000000 0.41962
760.000000 0.41962
761.000000 0.41962
762.000000 0.41962
763.000000 0.41962
764.000000 0.41962
765.000000 0.41962
766.000000 0.41962
767.000000 0.41962
768.000000 0.41962
769.000000 0.41962
770.000000 0.41962
771.000000 0.41962
772.000000 0.41962
773.000000 0.41962
774.000000 0.41962
775.000000 0.41962
776.000000 0.41962
777.000000 0.41962
778.000000 0.41962
779.000000 0.41962
780.000000 0.41962
781.000000 0.41962
782.000000 0.41962
783.000000 0.41962
784.000000 0.41962
785.000000 0.41962
786.000000 0.41962
787.000000 0.41962
788.000000 0.41962
789.000000 0.41962
790.000000 0.41962
791.000000 0.41963
792.000000 0.41963
793.000000 0.41963
794.000000 0.41963
795.000000 0.41963
796.000000 0.41963
797.000000 0.41963
798.000000 0.41963
799.000000 0.41963
800.000000 0.41963
801.000000 0.41963
802.000000 0.41963
803.000000 0.41963
804.000000 0.41963
805.000000 0.41963
806.000000 0.41963
807.000000 0.41963
808.000000 0.41963
809.000000 0.41963
810.000000 0.41963
811.000000 0.41963
812.000000 0.41963
813.000000 0.41963
814.000000 0.41963
815.000000 0.41963
816.000000 0.41963
817.000000 0.41963
818.000000 0.41963
819.000000 0.41963
820.000000 0.41963
821.000000 0.41963
822.000000 0.41963
823.000000 0.41963
824.000000 0.41963
825.000000 0.41963
826.000000 0.41963
827.000000 0.41963
828.000000 0.41963
829.000000 0.41963
830.000000 0.41963
831.000000 0.41963
832.000000 0.41963
833.000000 0.41963
834.000000 0.41963
835.000000 0.41963
836.000000 0.41963
837.000000 0.41963
838.000000 0.41963
839.000000 0.41963
840.000000 0.41963
841.000000 0.41963
842.000000 0.41963
843.000000 0.41963
844.000000 0.41963
845.000000 0.41963
846.000000 0.41963
847.000000 0.41963
848.000000 0.41963
849.000000 0.41963
850.000000 0.41963
851.000000 0.41963
852.000000 0.41963
853.000000 0.41963
854.000000 0.41963
855.000000 0.41963
856.000000 0.41963
857.000000 0.41963
858.000000 0.41963
859.000000 0.41963
860.000000 0.41963
861.000000 0.41963
862.000000 0.41963
863.000000 0.41963
864.000000 0.41963
865.000000 0.41963
866.000000 0.41963
867.000000 0.41963
868.000000 0.41963
869.000000 0.41963
870.000000 0.41963
871.000000 0.41963
872.000000 0.41963
873.000000 0.41963
874.000000 0.41963
875.000000 0.41963
876.000000 0.41963
877.000000 0.41963
878.000000 0.41963
879.000000 0.41963
880.000000 0.41963
881.000000 0.41963
882.000000 0.41963
883.000000 0.41963
884.000000 0.41963
885.000000 0.41963
886.000000 0.41963
887.000000 0.41963
888.000000 0.41963
889.000000 0.41963
890.000000 0.41963
891.000000 0.41963
892.000000 0.41963
893.000000 0.41963
894.000000 0.41963
895.000000 0.41963
896.000000 0.41963
897.000000 0.41963
898.000000 0.41963
899.000000 0.41963
900.000000 0.41963
901.000000 0.41963
902.000000 0.41963
903.000000 0.41963
904.000000 0.41963
905.000000 0.41963
906.000000 0.41963
907.000000 0.41963
908.000000 0.41963
909.000000 0.41963
910.000000 0.41963
911.000000 0.41963
912.000000 0.41963
913.000000 0.41963
914.000000 0.41963
915.000000 0.41963
916.000000 0.41963
917.000000 0.41963
918.000000 0.41963
919.000000 0.41963
920.000000 0.41963
921.000000 0.41963
922.000000 0.41963
923.000000 0.41963
924.000000 0.41963
925.000000 0.41963
926.000000 0.41963
927.000000 0.41963
928.000000 0.41963
929.000000 0.41963
930.000000 0.41963
931.000000 0.41963
932.000000 0.41963
933.000000 0.41963
934.000000 0.41963
935.000000 0.41963
936.000000 0.41963
937.000000 0.41963
938.000000 0.41963
939.000000 0.41963
940.000000 0.41963
941.000000 0.41963
942.000000 0.41963
943.000000 0.41963
944.000000 0.41963
945.000000 0.41963
946.000000 0.41963
947.000000 0.41963
948.000000 0.41963
949.000000 0.41963
950.000000 0.41963
951.000000 0.41963
952.000000 0.41963
953.000000 0.41963
954.000000 0.41963
955.000000 0.41963
956.000000 0.41963
957.000000 0.41963
958.000000 0.41963
959.000000 0.41963
960.000000 0.41963
961.000000 0.41963
962.000000 0.41963
963.000000 0.41963
964.000000 0.41963
965.000000 0.41963
966.000000 0.41963
967.000000 0.41963
968.000000 0.41963
969.000000 0.41964
970.000000 0.41964
971.000000 0.41964
972.000000 0.41964
973.000000 0.41964
974.000000 0.41964
975.000000 0.41964
976.000000 0.41964
977.000000 0.41964
978.000000 0.41964
979.000000 0.41964
980.000000 0.41964
981.000000 0.41964
982.000000 0.41964
983.000000 0.41964
984.000000 0.41964
985.000000 0.41964
986.000000 0.41964
987.000000 0.41964
988.000000 0.41964
989.000000 0.41964
990.000000 0.41964
991.000000 0.41964
992.000000 0.41964
993.000000 0.41964
994.000000 0.41964
995.000000 0.41964
996.000000 0.41964
997.000000 0.41964
998.000000 0.41964
999.000000 0.41964
