0.000000 31.56
1.000000 31.56
2.000000 31.56
3.000000 31.56
4.000000 31.56
5.000000 31.56
6.000000 31.56
7.000000 31.56
8.000000 31.56
9.000000 31.62
10.000000 31.62
11.000000 31.68
12.000000 31.68
13.000000 31.75
14.000000 31.75
15.000000 31.81
16.000000 31.87
17.000000 31.93
18.000000 32
19.000000 32.06
20.000000 32.12
21.000000 32.18
22.000000 32.31
23.000000 32.37
24.000000 32.43
25.000000 32.56
26.000000 32.62
27.000000 32.68
28.000000 32.81
29.000000 32.87
30.000000 33
31.000000 33.06
32.000000 33.18
33.000000 33.31
34.000000 33.37
35.000000 33.5
36.000000 33.56
37.000000 33.62
38.000000 33.75
39.000000 33.87
40.000000 33.93
41.000000 34.06
42.000000 34.18
43.000000 34.25
44.000000 34.37
45.000000 34.43
46.000000 34.56
47.000000 34.62
48.000000 34.75
49.000000 34.87
50.000000 34.93
51.000000 35
52.000000 35.12
53.000000 35.18
54.000000 35.25
55.000000 35.37
56.000000 35.43
57.000000 35.5
58.000000 35.62
59.000000 35.68
60.000000 35.75
61.000000 35.81
62.000000 35.93
63.000000 36
64.000000 36.06
65.000000 36.12
66.000000 36.18
67.000000 36.25
68.000000 36.31
69.000000 36.37
70.000000 36.43
71.000000 36.5
72.000000 36.56
73.000000 36.62
74.000000 36.75
75.000000 36.81
76.000000 36.87
77.000000 36.93
78.000000 37
79.000000 37
80.000000 37.06
81.000000 37.12
82.000000 37.18
83.000000 37.25
84.000000 37.31
85.000000 37.37
86.000000 37.43
87.000000 37.5
88.000000 37.56
89.000000 37.56
90.000000 37.62
91.000000 37.68
92.000000 37.68
93.000000 37.75
94.000000 37.81
95.000000 37.87
96.000000 37.93
97.000000 38
98.000000 38
99.000000 38.06
100.000000 38.06
101.000000 38.12
102.000000 38.12
103.000000 38.18
104.000000 38.25
105.000000 38.25
106.000000 38.31
107.000000 38.31
108.000000 38.31
109.000000 38.37
110.000000 38.37
111.000000 38.43
112.000000 38.43
113.000000 38.5
114.000000 38.56
115.000000 38.56
116.000000 38.62
117.000000 38.68
118.000000 38.68
119.000000 38.75
120.000000 38.75
121.000000 38.81
122.000000 38.81
123.000000 38.87
124.000000 38.87
125.000000 38.93
126.000000 38.93
127.000000 38.93
128.000000 39
129.000000 39
130.000000 39
131.000000 39.06
132.000000 39.12
133.000000 39.12
134.000000 39.12
135.000000 39.18
136.000000 39.18
137.000000 39.18
138.000000 39.25
139.000000 39.25
140.000000 39.25
141.000000 39.25
142.000000 39.31
143.000000 39.31
144.000000 39.31
145.000000 39.37
146.000000 39.37
147.000000 39.37
148.000000 39.37
149.000000 39.43
150.000000 39.43
151.000000 39.43
152.000000 39.43
153.000000 39.5
154.000000 39.5
155.000000 39.5
156.000000 39.5
157.000000 39.5
158.000000 39.56
159.000000 39.56
160.000000 39.56
161.000000 39.56
162.000000 39.62
163.000000 39.62
164.000000 39.62
165.000000 39.68
166.000000 39.68
167.000000 39.68
168.000000 39.68
169.000000 39.75
170.000000 39.75
171.000000 39.75
172.000000 39.75
173.000000 39.75
174.000000 39.81
175.000000 39.81
176.000000 39.81
177.000000 39.81
178.000000 39.81
179.000000 39.81
180.000000 39.87
181.000000 39.87
182.000000 39.87
183.000000 39.93
184.000000 39.93
185.000000 39.93
186.000000 39.93
187.000000 40
188.000000 40
189.000000 40
190.000000 40.06
191.000000 40.06
192.000000 40.06
193.000000 40.06
194.000000 40.06
195.000000 40.06
196.000000 40.12
197.000000 40.12
198.000000 40.12
199.000000 40.12
200.000000 40.18
201.000000 40.18
202.000000 40.18
203.000000 40.25
204.000000 40.25
205.000000 40.25
206.000000 40.25
207.000000 40.25
208.000000 40.31
209.000000 40.31
210.000000 40.31
211.000000 40.31
212.000000 40.31
213.000000 40.31
214.000000 40.31
215.000000 40.25
216.000000 40.25
217.000000 40.25
218.000000 40.25
219.000000 40.31
220.000000 40.31
221.000000 40.31
222.000000 40.31
223.000000 40.37
224.000000 40.37
225.000000 40.37
226.000000 40.37
227.000000 40.37
228.000000 40.37
229.000000 40.37
230.000000 40.37
231.000000 40.37
232.000000 40.43
233.000000 40.43
234.000000 40.43
235.000000 40.43
236.000000 40.43
237.000000 40.43
238.000000 40.43
239.000000 40.5
240.000000 40.5
241.000000 40.5
242.000000 40.5
243.000000 40.5
244.000000 40.5
245.000000 40.56
246.000000 40.56
247.000000 40.56
248.000000 40.56
249.000000 40.62
250.000000 40.62
251.000000 40.62
252.000000 40.62
253.000000 40.62
254.000000 40.68
255.000000 40.68
256.000000 40.68
257.000000 40.68
258.000000 40.75
259.000000 40.75
260.000000 40.75
261.000000 40.75
262.000000 40.68
263.000000 40.68
264.000000 40.68
265.000000 40.68
266.000000 40.68
267.000000 40.68
268.000000 40.68
269.000000 40.68
270.000000 40.68
271.000000 40.68
272.000000 40.68
273.000000 40.68
274.000000 40.68
275.000000 40.68
276.000000 40.75
277.000000 40.75
278.000000 40.75
279.000000 40.75
280.000000 40.75
281.000000 40.68
282.000000 40.68
283.000000 40.68
284.000000 40.68
285.000000 40.68
286.000000 40.68
287.000000 40.68
288.000000 40.68
289.000000 40.75
290.000000 40.68
291.000000 40.68
292.000000 40.75
293.000000 40.75
294.000000 40.75
295.000000 40.75
296.000000 40.75
297.000000 40.75
298.000000 40.75
299.000000 40.75
300.000000 40.75
301.000000 40.75
302.000000 40.75
303.000000 40.75
304.000000 40.75
305.000000 40.81
306.000000 40.81
307.000000 40.81
308.000000 40.81
309.000000 40.87
310.000000 40.87
311.000000 40.87
312.000000 40.87
313.000000 40.87
314.000000 40.93
315.000000 40.93
316.000000 40.93
317.000000 40.93
318.000000 40.93
319.000000 40.93
320.000000 40.93
321.000000 40.93
322.000000 40.93
323.000000 40.93
324.000000 40.93
325.000000 40.93
326.000000 40.93
327.000000 41
328.000000 41
329.000000 41
330.000000 41
331.000000 41
332.000000 41
333.000000 41.06
334.000000 41.06
335.000000 41.06
336.000000 41.06
337.000000 41.06
338.000000 41.06
339.000000 41.06
340.000000 41.06
341.000000 41.06
342.000000 41.06
343.000000 41.06
344.000000 41.06
345.000000 41.06
346.000000 41.06
347.000000 41.06
348.000000 41.06
349.000000 41.06
350.000000 41.06
351.000000 41.12
352.000000 41.12
353.000000 41.06
354.000000 41.06
355.000000 41.06
356.000000 41.06
357.000000 41.06
358.000000 41.06
359.000000 41.06
360.000000 41.06
361.000000 41.06
362.000000 41.06
363.000000 41.06
364.000000 41.06
365.000000 41.06
366.000000 41.06
367.000000 41.06
368.000000 41.06
369.000000 41
370.000000 41
371.000000 41
372.000000 41
373.000000 41
374.000000 41
375.000000 41
376.000000 40.93
377.000000 40.93
378.000000 40.93
379.000000 40.93
380.000000 40.93
381.000000 40.93
382.000000 40.93
383.000000 40.93
384.000000 40.93
385.000000 40.93
386.000000 40.93
387.000000 41
388.000000 41
389.000000 41
390.000000 41.06
391.000000 41.06
392.000000 41.06
393.000000 41.12
394.000000 41.12
395.000000 41.18
396.000000 41.18
397.000000 41.18
398.000000 41.25
399.000000 41.25
400.000000 41.25
401.000000 41.25
402.000000 41.25
403.000000 41.25
404.000000 41.25
405.000000 41.31
406.000000 41.31
407.000000 41.25
408.000000 41.25
409.000000 41.25
410.000000 41.25
411.000000 41.31
412.000000 0
413.000000 0
414.000000 0
415.000000 0
416.000000 0
417.000000 0
418.000000 0
419.000000 0
420.000000 0
421.000000 0
422.000000 0
423.000000 0
424.000000 0
425.000000 0
426.000000 0
427.000000 0
428.000000 0
429.000000 0
430.000000 0
431.000000 0
432.000000 0
433.000000 0
434.000000 0
435.000000 0
436.000000 0
437.000000 0
438.000000 0
439.000000 0
440.000000 0
441.000000 0
442.000000 0
443.000000 0
444.000000 0
445.000000 0
446.000000 0
447.000000 0
448.000000 0
449.000000 0
450.000000 0
451.000000 0
452.000000 0
453.000000 0
454.000000 0
455.000000 0
456.000000 0
457.000000 0
458.000000 0
459.000000 0
460.000000 0
461.000000 0
462.000000 0
463.000000 0
464.000000 0
465.000000 0
466.000000 0
467.000000 0
468.000000 0
469.000000 0
470.000000 0
471.000000 0
472.000000 0
473.000000 0
474.000000 0
475.000000 0
476.000000 0
477.000000 0
478.000000 0
479.000000 0
480.000000 0
481.000000 0
482.000000 0
483.000000 0
484.000000 0
485.000000 0
486.000000 0
487.000000 0
488.000000 0
489.000000 0
490.000000 0
491.000000 0
492.000000 0
493.000000 0
494.000000 0
495.000000 0
496.000000 0
497.000000 0
498.000000 0
499.000000 0
