0.000000 0
1.000000 0
2.000000 0.00032452
3.000000 0.0009505
4.000000 0.0018563
5.000000 0.0030215
6.000000 0.0044271
7.000000 0.006055
8.000000 0.0078884
9.000000 0.0099114
10.000000 0.012109
11.000000 0.014468
12.000000 0.016974
13.000000 0.019615
14.000000 0.022381
15.000000 0.025259
16.000000 0.02824
17.000000 0.031315
18.000000 0.034473
19.000000 0.037708
20.000000 0.041011
21.000000 0.044375
22.000000 0.047793
23.000000 0.051258
24.000000 0.054764
25.000000 0.058307
26.000000 0.06188
27.000000 0.065479
28.000000 0.069099
29.000000 0.072736
30.000000 0.076386
31.000000 0.080045
32.000000 0.08371
33.000000 0.087377
34.000000 0.091044
35.000000 0.094707
36.000000 0.098364
37.000000 0.10201
38.000000 0.10565
39.000000 0.10928
40.000000 0.11289
41.000000 0.11648
42.000000 0.12006
43.000000 0.12362
44.000000 0.12715
45.000000 0.13067
46.000000 0.13416
47.000000 0.13763
48.000000 0.14107
49.000000 0.14448
50.000000 0.14787
51.000000 0.15123
52.000000 0.15457
53.000000 0.15787
54.000000 0.16115
55.000000 0.16439
56.000000 0.1676
57.000000 0.17079
58.000000 0.17394
59.000000 0.17706
60.000000 0.18015
61.000000 0.18321
62.000000 0.18624
63.000000 0.18923
64.000000 0.19219
65.000000 0.19512
66.000000 0.19802
67.000000 0.20089
68.000000 0.20372
69.000000 0.20653
70.000000 0.2093
71.000000 0.21204
72.000000 0.21475
73.000000 0.21742
74.000000 0.22007
75.000000 0.22268
76.000000 0.22526
77.000000 0.22782
78.000000 0.23034
79.000000 0.23283
80.000000 0.23529
81.000000 0.23772
82.000000 0.24012
83.000000 0.24249
84.000000 0.24484
85.000000 0.24715
86.000000 0.24943
87.000000 0.25169
88.000000 0.25392
89.000000 0.25612
90.000000 0.25829
91.000000 0.26043
92.000000 0.26255
93.000000 0.26464
94.000000 0.26671
95.000000 0.26874
96.000000 0.27076
97.000000 0.27274
98.000000 0.2747
99.000000 0.27664
100.000000 0.27855
101.000000 0.28043
102.000000 0.28229
103.000000 0.28413
104.000000 0.28594
105.000000 0.28773
106.000000 0.2895
107.000000 0.29124
108.000000 0.29296
109.000000 0.29466
110.000000 0.29634
111.000000 0.29799
112.000000 0.29962
113.000000 0.30123
114.000000 0.30282
115.000000 0.30439
116.000000 0.30594
117.000000 0.30747
118.000000 0.30898
119.000000 0.31046
120.000000 0.31193
121.000000 0.31338
122.000000 0.31481
123.000000 0.31622
124.000000 0.31761
125.000000 0.31899
126.000000 0.32034
127.000000 0.32168
128.000000 0.323
129.000000 0.3243
130.000000 0.32559
131.000000 0.32685
132.000000 0.3281
133.000000 0.32934
134.000000 0.33056
135.000000 0.33176
136.000000 0.33294
137.000000 0.33411
138.000000 0.33527
139.000000 0.33641
140.000000 0.33753
141.000000 0.33864
142.000000 0.33974
143.000000 0.34082
144.000000 0.34188
145.000000 0.34293
146.000000 0.34397
147.000000 0.34499
148.000000 0.346
149.000000 0.347
150.000000 0.34798
151.000000 0.34895
152.000000 0.34991
153.000000 0.35085
154.000000 0.35178
155.000000 0.3527
156.000000 0.35361
157.000000 0.3545
158.000000 0.35538
159.000000 0.35626
160.000000 0.35711
161.000000 0.35796
162.000000 0.3588
163.000000 0.35962
164.000000 0.36044
165.000000 0.36124
166.000000 0.36203
167.000000 0.36282
168.000000 0.36359
169.000000 0.36435
170.000000 0.3651
171.000000 0.36584
172.000000 0.36657
173.000000 0.36729
174.000000 0.368
175.000000 0.36871
176.000000 0.3694
177.000000 0.37008
178.000000 0.37076
179.000000 0.37142
180.000000 0.37208
181.000000 0.37273
182.000000 0.37336
183.000000 0.374
184.000000 0.37462
185.000000 0.37523
186.000000 0.37584
187.000000 0.37643
188.000000 0.37702
189.000000 0.3776
190.000000 0.37818
191.000000 0.37874
192.000000 0.3793
193.000000 0.37985
194.000000 0.3804
195.000000 0.38093
196.000000 0.38146
197.000000 0.38198
198.000000 0.3825
199.000000 0.38301
200.000000 0.38351
201.000000 0.384
202.000000 0.38449
203.000000 0.38497
204.000000 0.38545
205.000000 0.38592
206.000000 0.38638
207.000000 0.38683
208.000000 0.38728
209.000000 0.38773
210.000000 0.38817
211.000000 0.3886
212.000000 0.38902
213.000000 0.38945
214.000000 0.38986
215.000000 0.39027
216.000000 0.39067
217.000000 0.39107
218.000000 0.39147
219.000000 0.39185
220.000000 0.39224
221.000000 0.39261
222.000000 0.39299
223.000000 0.39336
224.000000 0.39372
225.000000 0.39408
226.000000 0.39443
227.000000 0.39478
228.000000 0.39512
229.000000 0.39546
230.000000 0.39579
231.000000 0.39612
232.000000 0.39645
233.000000 0.39677
234.000000 0.39709
235.000000 0.3974
236.000000 0.39771
237.000000 0.39801
238.000000 0.39831
239.000000 0.39861
240.000000 0.3989
241.000000 0.39919
242.000000 0.39948
243.000000 0.39976
244.000000 0.40003
245.000000 0.40031
246.000000 0.40058
247.000000 0.40084
248.000000 0.40111
249.000000 0.40136
250.000000 0.40162
251.000000 0.40187
252.000000 0.40212
253.000000 0.40237
254.000000 0.40261
255.000000 0.40285
256.000000 0.40308
257.000000 0.40331
258.000000 0.40354
259.000000 0.40377
260.000000 0.40399
261.000000 0.40421
262.000000 0.40443
263.000000 0.40465
264.000000 0.40486
265.000000 0.40507
266.000000 0.40527
267.000000 0.40548
268.000000 0.40568
269.000000 0.40587
270.000000 0.40607
271.000000 0.40626
272.000000 0.40645
273.000000 0.40664
274.000000 0.40682
275.000000 0.40701
276.000000 0.40719
277.000000 0.40736
278.000000 0.40754
279.000000 0.40771
280.000000 0.40788
281.000000 0.40805
282.000000 0.40822
283.000000 0.40838
284.000000 0.40854
285.000000 0.4087
286.000000 0.40886
287.000000 0.40901
288.000000 0.40917
289.000000 0.40932
290.000000 0.40947
291.000000 0.40961
292.000000 0.40976
293.000000 0.4099
294.000000 0.41004
295.000000 0.41018
296.000000 0.41032
297.000000 0.41045
298.000000 0.41059
299.000000 0.41072
300.000000 0.41085
301.000000 0.41098
302.000000 0.4111
303.000000 0.41123
304.000000 0.41135
305.000000 0.41147
306.000000 0.4116
307.000000 0.41171
308.000000 0.41183
309.000000 0.41195
310.000000 0.41206
311.000000 0.41217
312.000000 0.41228
313.000000 0.41239
314.000000 0.4125
315.000000 0.41261
316.000000 0.41271
317.000000 0.41281
318.000000 0.41292
319.000000 0.41302
320.000000 0.41312
321.000000 0.41321
322.000000 0.41331
323.000000 0.41341
324.000000 0.4135
325.000000 0.41359
326.000000 0.41369
327.000000 0.41378
328.000000 0.41387
329.000000 0.41395
330.000000 0.41404
331.000000 0.41413
332.000000 0.41421
333.000000 0.41429
334.000000 0.41438
335.000000 0.41446
336.000000 0.41454
337.000000 0.41462
338.000000 0.41469
339.000000 0.41477
340.000000 0.41485
341.000000 0.41492
342.000000 0.415
343.000000 0.41507
344.000000 0.41514
345.000000 0.41521
346.000000 0.41528
347.000000 0.41535
348.000000 0.41542
349.000000 0.41549
350.000000 0.41555
351.000000 0.41562
352.000000 0.41568
353.000000 0.41575
354.000000 0.41581
355.000000 0.41587
356.000000 0.41593
357.000000 0.41599
358.000000 0.41605
359.000000 0.41611
360.000000 0.41617
361.000000 0.41623
362.000000 0.41628
363.000000 0.41634
364.000000 0.41639
365.000000 0.41645
366.000000 0.4165
367.000000 0.41655
368.000000 0.41661
369.000000 0.41666
370.000000 0.41671
371.000000 0.41676
372.000000 0.41681
373.000000 0.41686
374.000000 0.4169
375.000000 0.41695
376.000000 0.417
377.000000 0.41704
378.000000 0.41709
379.000000 0.41713
380.000000 0.41718
381.000000 0.41722
382.000000 0.41727
383.000000 0.41731
384.000000 0.41735
385.000000 0.41739
386.000000 0.41743
387.000000 0.41747
388.000000 0.41751
389.000000 0.41755
390.000000 0.41759
391.000000 0.41763
392.000000 0.41767
393.000000 0.4177
394.000000 0.41774
395.000000 0.41778
396.000000 0.41781
397.000000 0.41785
398.000000 0.41788
399.000000 0.41792
400.000000 0.41795
401.000000 0.41798
402.000000 0.41802
403.000000 0.41805
404.000000 0.41808
405.000000 0.41811
406.000000 0.41814
407.000000 0.41817
408.000000 0.4182
409.000000 0.41823
410.000000 0.41826
411.000000 0.41829
412.000000 0.41832
413.000000 0.41835
414.000000 0.41838
415.000000 0.41841
416.000000 0.41843
417.000000 0.41846
418.000000 0.41849
419.000000 0.41851
420.000000 0.41854
421.000000 0.41856
422.000000 0.41859
423.000000 0.41861
424.000000 0.41864
425.000000 0.41866
426.000000 0.41869
427.000000 0.41871
428.000000 0.41873
429.000000 0.41876
430.000000 0.41878
431.000000 0.4188
432.000000 0.41882
433.000000 0.41884
434.000000 0.41887
435.000000 0.41889
436.000000 0.41891
437.000000 0.41893
438.000000 0.41895
439.000000 0.41897
440.000000 0.41899
441.000000 0.41901
442.000000 0.41903
443.000000 0.41905
444.000000 0.41906
445.000000 0.41908
446.000000 0.4191
447.000000 0.41912
448.000000 0.41914
449.000000 0.41915
450.000000 0.41917
451.000000 0.41919
452.000000 0.4192
453.000000 0.41922
454.000000 0.41924
455.000000 0.41925
456.000000 0.41927
457.000000 0.41929
458.000000 0.4193
459.000000 0.41932
460.000000 0.41933
461.000000 0.41935
462.000000 0.41936
463.000000 0.41938
464.000000 0.41939
465.000000 0.4194
466.000000 0.41942
467.000000 0.41943
468.000000 0.41944
469.000000 0.41946
470.000000 0.41947
471.000000 0.41948
472.000000 0.4195
473.000000 0.41951
474.000000 0.41952
475.000000 0.41953
476.000000 0.41955
477.000000 0.41956
478.000000 0.41957
479.000000 0.41958
480.000000 0.41959
481.000000 0.4196
482.000000 0.41962
483.000000 0.41963
484.000000 0.41964
485.000000 0.41965
486.000000 0.41966
487.000000 0.41967
488.000000 0.41968
489.000000 0.41969
490.000000 0.4197
491.000000 0.41971
492.000000 0.41972
493.000000 0.41973
494.000000 0.41974
495.000000 0.41975
496.000000 0.41976
497.000000 0.41977
498.000000 0.41978
499.000000 0.41978
500.000000 0.41979
501.000000 0.4198
502.000000 0.41981
503.000000 0.41982
504.000000 0.41983
505.000000 0.41984
506.000000 0.41984
507.000000 0.41985
508.000000 0.41986
509.000000 0.41987
510.000000 0.41988
511.000000 0.41988
512.000000 0.41989
513.000000 0.4199
514.000000 0.4199
515.000000 0.41991
516.000000 0.41992
517.000000 0.41993
518.000000 0.41993
519.000000 0.41994
520.000000 0.41995
521.000000 0.41995
522.000000 0.41996
523.000000 0.41997
524.000000 0.41997
525.000000 0.41998
526.000000 0.41998
527.000000 0.41999
528.000000 0.42
529.000000 0.42
530.000000 0.42001
531.000000 0.42001
532.000000 0.42002
533.000000 0.42003
534.000000 0.42003
535.000000 0.42004
536.000000 0.42004
537.000000 0.42005
538.000000 0.42005
539.000000 0.42006
540.000000 0.42006
541.000000 0.42007
542.000000 0.42007
543.000000 0.42008
544.000000 0.42008
545.000000 0.42009
546.000000 0.42009
547.000000 0.4201
548.000000 0.4201
549.000000 0.42011
550.000000 0.42011
551.000000 0.42012
552.000000 0.42012
553.000000 0.42012
554.000000 0.42013
555.000000 0.42013
556.000000 0.42014
557.000000 0.42014
558.000000 0.42014
559.000000 0.42015
560.000000 0.42015
561.000000 0.42016
562.000000 0.42016
563.000000 0.42016
564.000000 0.42017
565.000000 0.42017
566.000000 0.42017
567.000000 0.42018
568.000000 0.42018
569.000000 0.42019
570.000000 0.42019
571.000000 0.42019
572.000000 0.4202
573.000000 0.4202
574.000000 0.4202
575.000000 0.42021
576.000000 0.42021
577.000000 0.42021
578.000000 0.42021
579.000000 0.42022
580.000000 0.42022
581.000000 0.42022
582.000000 0.42023
583.000000 0.42023
584.000000 0.42023
585.000000 0.42023
586.000000 0.42024
587.000000 0.42024
588.000000 0.42024
589.000000 0.42025
590.000000 0.42025
591.000000 0.42025
592.000000 0.42025
593.000000 0.42026
594.000000 0.42026
595.000000 0.42026
596.000000 0.42026
597.000000 0.42027
598.000000 0.42027
599.000000 0.42027
600.000000 0.42027
601.000000 0.42027
602.000000 0.42028
603.000000 0.42028
604.000000 0.42028
605.000000 0.42028
606.000000 0.42029
607.000000 0.42029
608.000000 0.42029
609.000000 0.42029
610.000000 0.42029
611.000000 0.4203
612.000000 0.4203
613.000000 0.4203
614.000000 0.4203
615.000000 0.4203
616.000000 0.4203
617.000000 0.42031
618.000000 0.42031
619.000000 0.42031
620.000000 0.42031
621.000000 0.42031
622.000000 0.42032
623.000000 0.42032
624.000000 0.42032
625.000000 0.42032
626.000000 0.42032
627.000000 0.42032
628.000000 0.42033
629.000000 0.42033
630.000000 0.42033
631.000000 0.42033
632.000000 0.42033
633.000000 0.42033
634.000000 0.42033
635.000000 0.42034
636.000000 0.42034
637.000000 0.42034
638.000000 0.42034
639.000000 0.42034
640.000000 0.42034
641.000000 0.42034
642.000000 0.42034
643.000000 0.42035
644.000000 0.42035
645.000000 0.42035
646.000000 0.42035
647.000000 0.42035
648.000000 0.42035
649.000000 0.42035
650.000000 0.42035
651.000000 0.42036
652.000000 0.42036
653.000000 0.42036
654.000000 0.42036
655.000000 0.42036
656.000000 0.42036
657.000000 0.42036
658.000000 0.42036
659.000000 0.42036
660.000000 0.42037
661.000000 0.42037
662.000000 0.42037
663.000000 0.42037
664.000000 0.42037
665.000000 0.42037
666.000000 0.42037
667.000000 0.42037
668.000000 0.42037
669.000000 0.42037
670.000000 0.42037
671.000000 0.42038
672.000000 0.42038
673.000000 0.42038
674.000000 0.42038
675.000000 0.42038
676.000000 0.42038
677.000000 0.42038
678.000000 0.42038
679.000000 0.42038
680.000000 0.42038
681.000000 0.42038
682.000000 0.42038
683.000000 0.42039
684.000000 0.42039
685.000000 0.42039
686.000000 0.42039
687.000000 0.42039
688.000000 0.42039
689.000000 0.42039
690.000000 0.42039
691.000000 0.42039
692.000000 0.42039
693.000000 0.42039
694.000000 0.42039
695.000000 0.42039
696.000000 0.42039
697.000000 0.42039
698.000000 0.4204
699.000000 0.4204
700.000000 0.4204
701.000000 0.4204
702.000000 0.4204
703.000000 0.4204
704.000000 0.4204
705.000000 0.4204
706.000000 0.4204
707.000000 0.4204
708.000000 0.4204
709.000000 0.4204
710.000000 0.4204
711.000000 0.4204
712.000000 0.4204
713.000000 0.4204
714.000000 0.4204
715.000000 0.4204
716.000000 0.42041
717.000000 0.42041
718.000000 0.42041
719.000000 0.42041
720.000000 0.42041
721.000000 0.42041
722.000000 0.42041
723.000000 0.42041
724.000000 0.42041
725.000000 0.42041
726.000000 0.42041
727.000000 0.42041
728.000000 0.42041
729.000000 0.42041
730.000000 0.42041
731.000000 0.42041
732.000000 0.42041
733.000000 0.42041
734.000000 0.42041
735.000000 0.42041
736.000000 0.42041
737.000000 0.42041
738.000000 0.42041
739.000000 0.42041
740.000000 0.42041
741.000000 0.42042
742.000000 0.42042
743.000000 0.42042
744.000000 0.42042
745.000000 0.42042
746.000000 0.42042
747.000000 0.42042
748.000000 0.42042
749.000000 0.42042
750.000000 0.42042
751.000000 0.42042
752.000000 0.42042
753.000000 0.42042
754.000000 0.42042
755.000000 0.42042
756.000000 0.42042
757.000000 0.42042
758.000000 0.42042
759.000000 0.42042
760.000000 0.42042
761.000000 0.42042
762.000000 0.42042
763.000000 0.42042
764.000000 0.42042
765.000000 0.42042
766.000000 0.42042
767.000000 0.42042
768.000000 0.42042
769.000000 0.42042
770.000000 0.42042
771.000000 0.42042
772.000000 0.42042
773.000000 0.42042
774.000000 0.42042
775.000000 0.42042
776.000000 0.42042
777.000000 0.42042
778.000000 0.42043
779.000000 0.42043
780.000000 0.42043
781.000000 0.42043
782.000000 0.42043
783.000000 0.42043
784.000000 0.42043
785.000000 0.42043
786.000000 0.42043
787.000000 0.42043
788.000000 0.42043
789.000000 0.42043
790.000000 0.42043
791.000000 0.42043
792.000000 0.42043
793.000000 0.42043
794.000000 0.42043
795.000000 0.42043
796.000000 0.42043
797.000000 0.42043
798.000000 0.42043
799.000000 0.42043
800.000000 0.42043
801.000000 0.42043
802.000000 0.42043
803.000000 0.42043
804.000000 0.42043
805.000000 0.42043
806.000000 0.42043
807.000000 0.42043
808.000000 0.42043
809.000000 0.42043
810.000000 0.42043
811.000000 0.42043
812.000000 0.42043
813.000000 0.42043
814.000000 0.42043
815.000000 0.42043
816.000000 0.42043
817.000000 0.42043
818.000000 0.42043
819.000000 0.42043
820.000000 0.42043
821.000000 0.42043
822.000000 0.42043
823.000000 0.42043
824.000000 0.42043
825.000000 0.42043
826.000000 0.42043
827.000000 0.42043
828.000000 0.42043
829.000000 0.42043
830.000000 0.42043
831.000000 0.42043
832.000000 0.42043
833.000000 0.42043
834.000000 0.42043
835.000000 0.42043
836.000000 0.42043
837.000000 0.42043
838.000000 0.42043
839.000000 0.42043
840.000000 0.42043
841.000000 0.42043
842.000000 0.42043
843.000000 0.42043
844.000000 0.42043
845.000000 0.42043
846.000000 0.42043
847.000000 0.42043
848.000000 0.42043
849.000000 0.42043
850.000000 0.42043
851.000000 0.42043
852.000000 0.42043
853.000000 0.42043
854.000000 0.42043
855.000000 0.42043
856.000000 0.42043
857.000000 0.42044
858.000000 0.42044
859.000000 0.42044
860.000000 0.42044
861.000000 0.42044
862.000000 0.42044
863.000000 0.42044
864.000000 0.42044
865.000000 0.42044
866.000000 0.42044
867.000000 0.42044
868.000000 0.42044
869.000000 0.42044
870.000000 0.42044
871.000000 0.42044
872.000000 0.42044
873.000000 0.42044
874.000000 0.42044
875.000000 0.42044
876.000000 0.42044
877.000000 0.42044
878.000000 0.42044
879.000000 0.42044
880.000000 0.42044
881.000000 0.42044
882.000000 0.42044
883.000000 0.42044
884.000000 0.42044
885.000000 0.42044
886.000000 0.42044
887.000000 0.42044
888.000000 0.42044
889.000000 0.42044
890.000000 0.42044
891.000000 0.42044
892.000000 0.42044
893.000000 0.42044
894.000000 0.42044
895.000000 0.42044
896.000000 0.42044
897.000000 0.42044
898.000000 0.42044
899.000000 0.42044
900.000000 0.42044
901.000000 0.42044
902.000000 0.42044
903.000000 0.42044
904.000000 0.42044
905.000000 0.42044
906.000000 0.42044
907.000000 0.42044
908.000000 0.42044
909.000000 0.42044
910.000000 0.42044
911.000000 0.42044
912.000000 0.42044
913.000000 0.42044
914.000000 0.42044
915.000000 0.42044
916.000000 0.42044
917.000000 0.42044
918.000000 0.42044
919.000000 0.42044
920.000000 0.42044
921.000000 0.42044
922.000000 0.42044
923.000000 0.42044
924.000000 0.42044
925.000000 0.42044
926.000000 0.42044
927.000000 0.42044
928.000000 0.42044
929.000000 0.42044
930.000000 0.42044
931.000000 0.42044
932.000000 0.42044
933.000000 0.42044
934.000000 0.42044
935.000000 0.42044
936.000000 0.42044
937.000000 0.42044
938.000000 0.42044
939.000000 0.42044
940.000000 0.42044
941.000000 0.42044
942.000000 0.42044
943.000000 0.42044
944.000000 0.42044
945.000000 0.42044
946.000000 0.42044
947.000000 0.42044
948.000000 0.42044
949.000000 0.42044
950.000000 0.42044
951.000000 0.42044
952.000000 0.42044
953.000000 0.42044
954.000000 0.42044
955.000000 0.42044
956.000000 0.42044
957.000000 0.42044
958.000000 0.42044
959.000000 0.42044
960.000000 0.42044
961.000000 0.42044
962.000000 0.42044
963.000000 0.42044
964.000000 0.42044
965.000000 0.42044
966.000000 0.42044
967.000000 0.42044
968.000000 0.42044
969.000000 0.42044
970.000000 0.42044
971.000000 0.42044
972.000000 0.42044
973.000000 0.42044
974.000000 0.42044
975.000000 0.42044
976.000000 0.42044
977.000000 0.42044
978.000000 0.42044
979.000000 0.42044
980.000000 0.42044
981.000000 0.42044
982.000000 0.42044
983.000000 0.42044
984.000000 0.42044
985.000000 0.42044
986.000000 0.42044
987.000000 0.42044
988.000000 0.42044
989.000000 0.42044
990.000000 0.42044
991.000000 0.42044
992.000000 0.42044
993.000000 0.42044
994.000000 0.42044
995.000000 0.42044
996.000000 0.42044
997.000000 0.42044
998.000000 0.42044
999.000000 0.42044
