0.000000 27
1.000000 28.746
2.000000 30.348
3.000000 31.811
4.000000 33.142
5.000000 34.349
6.000000 35.438
7.000000 36.417
8.000000 37.293
9.000000 38.007
10.000000 38.638
11.000000 39.194
12.000000 39.681
13.000000 40.048
14.000000 40.363
15.000000 40.632
16.000000 40.859
17.000000 40.994
18.000000 41.101
19.000000 41.128
20.000000 41.14
21.000000 41.074
22.000000 40.948
23.000000 40.826
24.000000 40.651
25.000000 40.432
26.000000 40.229
27.000000 39.978
28.000000 39.693
29.000000 39.379
30.000000 39.039
31.000000 38.669
32.000000 38.282
33.000000 37.823
34.000000 37.414
35.000000 36.929
36.000000 36.443
37.000000 35.956
38.000000 35.46
39.000000 35.025
40.000000 34.589
41.000000 34.152
42.000000 33.716
43.000000 33.271
44.000000 32.885
45.000000 32.497
46.000000 32.165
47.000000 31.825
48.000000 31.537
49.000000 31.295
50.000000 31.039
51.000000 30.826
52.000000 30.652
53.000000 30.447
54.000000 30.221
55.000000 30.033
56.000000 29.881
57.000000 29.701
58.000000 29.555
59.000000 29.38
60.000000 29.236
61.000000 29.12
62.000000 29.029
63.000000 28.893
64.000000 28.781
65.000000 28.692
66.000000 28.623
67.000000 28.513
68.000000 28.424
69.000000 28.352
70.000000 28.296
71.000000 28.254
72.000000 28.224
73.000000 28.205
74.000000 28.194
75.000000 28.191
76.000000 28.193
77.000000 28.259
78.000000 28.323
79.000000 28.454
80.000000 28.576
81.000000 28.691
82.000000 28.855
83.000000 29.006
84.000000 29.203
85.000000 29.382
86.000000 29.545
87.000000 29.75
88.000000 29.935
89.000000 30.101
90.000000 30.317
91.000000 30.51
92.000000 30.683
93.000000 30.836
94.000000 31.028
95.000000 31.199
96.000000 31.35
97.000000 31.481
98.000000 31.596
99.000000 31.695
100.000000 31.837
101.000000 31.962
102.000000 32.07
103.000000 32.163
104.000000 32.242
105.000000 32.367
106.000000 32.476
107.000000 32.57
108.000000 32.652
109.000000 32.721
110.000000 32.78
111.000000 32.83
112.000000 32.87
113.000000 32.846
114.000000 32.82
115.000000 32.793
116.000000 32.766
117.000000 32.738
118.000000 32.653
119.000000 32.574
120.000000 32.5
121.000000 32.432
122.000000 32.369
123.000000 32.312
124.000000 32.261
125.000000 32.214
126.000000 32.173
127.000000 32.079
128.000000 31.994
129.000000 31.918
130.000000 31.85
131.000000 31.791
132.000000 31.739
133.000000 31.626
134.000000 31.526
135.000000 31.437
136.000000 31.359
137.000000 31.29
138.000000 31.23
139.000000 31.179
140.000000 31.078
141.000000 30.989
142.000000 30.91
143.000000 30.842
144.000000 30.783
145.000000 30.732
146.000000 30.69
147.000000 30.654
148.000000 30.624
149.000000 30.543
150.000000 30.471
151.000000 30.409
152.000000 30.354
153.000000 30.307
154.000000 30.267
155.000000 30.234
156.000000 30.205
157.000000 30.124
158.000000 30.052
159.000000 30.046
160.000000 30.043
161.000000 30.043
162.000000 30.044
163.000000 30.047
164.000000 30.051
165.000000 30.056
166.000000 30.062
167.000000 30.069
168.000000 30.075
169.000000 30.139
170.000000 30.198
171.000000 30.253
172.000000 30.302
173.000000 30.348
174.000000 30.388
175.000000 30.425
176.000000 30.457
177.000000 30.543
178.000000 30.621
179.000000 30.691
180.000000 30.753
181.000000 30.809
182.000000 30.857
183.000000 30.9
184.000000 30.937
185.000000 30.969
186.000000 30.996
187.000000 31.018
188.000000 31.037
189.000000 31.052
190.000000 31.064
191.000000 31.073
192.000000 31.079
193.000000 31.084
194.000000 31.086
195.000000 31.086
196.000000 31.085
197.000000 31.083
198.000000 31.08
199.000000 31.076
200.000000 33.949
201.000000 36.584
202.000000 38.99
203.000000 41.178
204.000000 43.161
205.000000 44.95
206.000000 46.557
207.000000 47.995
208.000000 49.277
209.000000 50.413
210.000000 51.416
211.000000 52.297
212.000000 53.068
213.000000 53.68
214.000000 54.207
215.000000 54.6
216.000000 54.93
217.000000 55.148
218.000000 55.322
219.000000 55.393
220.000000 55.381
221.000000 55.297
222.000000 55.15
223.000000 54.938
224.000000 54.679
225.000000 54.381
226.000000 54.051
227.000000 53.683
228.000000 53.236
229.000000 52.777
230.000000 52.301
231.000000 51.82
232.000000 51.28
233.000000 50.737
234.000000 50.201
235.000000 49.618
236.000000 48.983
237.000000 48.369
238.000000 47.71
239.000000 47.078
240.000000 46.472
241.000000 45.823
242.000000 45.205
243.000000 44.557
244.000000 43.931
245.000000 43.335
246.000000 42.71
247.000000 42.107
248.000000 41.476
249.000000 40.877
250.000000 40.298
251.000000 39.747
252.000000 39.222
253.000000 38.72
254.000000 38.23
255.000000 37.759
256.000000 37.305
257.000000 36.867
258.000000 36.432
259.000000 36.066
260.000000 35.706
261.000000 35.351
262.000000 35.055
263.000000 34.756
264.000000 34.511
265.000000 34.246
266.000000 34.03
267.000000 33.856
268.000000 33.72
269.000000 33.619
270.000000 33.546
271.000000 33.567
272.000000 33.604
273.000000 33.654
274.000000 33.715
275.000000 33.784
276.000000 33.859
277.000000 33.938
278.000000 34.02
279.000000 34.102
280.000000 34.185
281.000000 34.265
282.000000 34.343
283.000000 34.419
284.000000 34.49
285.000000 34.557
286.000000 34.62
287.000000 34.677
288.000000 34.787
289.000000 34.888
290.000000 34.978
291.000000 35.116
292.000000 35.241
293.000000 35.409
294.000000 35.56
295.000000 35.761
296.000000 35.998
297.000000 36.21
298.000000 36.456
299.000000 36.733
300.000000 36.979
301.000000 37.265
302.000000 37.518
303.000000 37.799
304.000000 38.048
305.000000 38.324
306.000000 38.568
307.000000 38.839
308.000000 39.077
309.000000 39.285
310.000000 39.465
311.000000 39.62
312.000000 39.819
313.000000 39.991
314.000000 40.14
315.000000 40.266
316.000000 40.431
317.000000 40.573
318.000000 40.694
319.000000 40.797
320.000000 40.884
321.000000 40.956
322.000000 41.015
323.000000 41.062
324.000000 41.1
325.000000 41.128
326.000000 41.15
327.000000 41.165
328.000000 41.175
329.000000 41.123
330.000000 41.072
331.000000 41.023
332.000000 40.977
333.000000 40.866
334.000000 40.763
335.000000 40.612
336.000000 40.473
337.000000 40.348
338.000000 40.234
339.000000 40.076
340.000000 39.933
341.000000 39.805
342.000000 39.692
343.000000 39.592
344.000000 39.448
345.000000 39.32
346.000000 39.208
347.000000 39.043
348.000000 38.897
349.000000 38.769
350.000000 38.657
351.000000 38.503
352.000000 38.368
353.000000 38.25
354.000000 38.148
355.000000 38.061
356.000000 37.987
357.000000 37.925
358.000000 37.874
359.000000 37.833
360.000000 37.801
361.000000 37.776
362.000000 37.759
363.000000 37.747
364.000000 37.683
365.000000 37.629
366.000000 37.582
367.000000 37.544
368.000000 37.512
369.000000 37.486
370.000000 37.466
371.000000 37.45
372.000000 37.438
373.000000 37.43
374.000000 37.367
375.000000 37.311
376.000000 37.262
377.000000 37.22
378.000000 37.182
379.000000 37.15
380.000000 37.122
381.000000 37.098
382.000000 37.01
383.000000 36.931
384.000000 36.86
385.000000 36.796
386.000000 36.806
387.000000 36.817
388.000000 36.828
389.000000 36.839
390.000000 36.849
391.000000 36.86
392.000000 36.869
393.000000 36.878
394.000000 36.886
395.000000 36.893
396.000000 36.899
397.000000 36.904
398.000000 36.84
399.000000 36.781
400.000000 39.605
401.000000 42.194
402.000000 44.559
403.000000 46.709
404.000000 48.725
405.000000 50.545
406.000000 52.18
407.000000 53.644
408.000000 54.948
409.000000 56.104
410.000000 57.125
411.000000 58.021
412.000000 58.804
413.000000 59.485
414.000000 60.072
415.000000 60.577
416.000000 61.008
417.000000 61.373
418.000000 61.613
419.000000 61.808
420.000000 61.908
421.000000 61.922
422.000000 61.861
423.000000 61.725
424.000000 61.532
425.000000 61.291
426.000000 61.008
427.000000 60.681
428.000000 60.325
429.000000 59.945
430.000000 59.548
431.000000 59.126
432.000000 58.694
433.000000 58.255
434.000000 57.812
435.000000 57.301
436.000000 56.794
437.000000 56.295
438.000000 55.795
439.000000 55.246
440.000000 54.713
441.000000 54.185
442.000000 53.616
443.000000 53.066
444.000000 52.527
445.000000 52.007
446.000000 51.506
447.000000 51.022
448.000000 50.545
449.000000 50.141
450.000000 49.748
451.000000 49.363
452.000000 48.986
453.000000 48.607
454.000000 48.234
455.000000 47.867
456.000000 47.505
457.000000 47.138
458.000000 46.774
459.000000 46.47
460.000000 46.165
461.000000 45.913
462.000000 45.654
463.000000 45.443
464.000000 45.21
465.000000 45.022
466.000000 44.816
467.000000 44.652
468.000000 44.524
469.000000 44.371
470.000000 44.251
471.000000 44.104
472.000000 43.988
473.000000 43.9
474.000000 43.769
475.000000 43.665
476.000000 43.584
477.000000 43.525
478.000000 43.485
479.000000 43.403
480.000000 43.339
481.000000 43.292
482.000000 43.202
483.000000 43.07
484.000000 43.017
485.000000 42.918
486.000000 42.836
487.000000 42.768
488.000000 42.712
489.000000 42.668
490.000000 42.69
491.000000 42.716
492.000000 42.744
493.000000 42.831
494.000000 42.914
495.000000 43.051
496.000000 43.244
497.000000 43.423
498.000000 43.644
499.000000 43.845
500.000000 44.028
501.000000 44.251
502.000000 44.452
503.000000 44.691
504.000000 44.905
505.000000 45.097
506.000000 45.334
507.000000 45.545
508.000000 45.79
509.000000 46.008
510.000000 46.201
511.000000 46.427
512.000000 46.627
513.000000 46.803
514.000000 46.955
515.000000 47.087
516.000000 47.2
517.000000 47.296
518.000000 47.376
519.000000 47.5
520.000000 47.606
521.000000 47.697
522.000000 47.774
523.000000 47.838
524.000000 47.89
525.000000 47.933
526.000000 47.966
527.000000 47.992
528.000000 48.011
529.000000 48.025
530.000000 48.033
531.000000 48.038
532.000000 47.981
533.000000 47.927
534.000000 47.874
535.000000 47.825
536.000000 47.779
537.000000 47.735
538.000000 47.638
539.000000 47.548
540.000000 47.467
541.000000 47.393
542.000000 47.269
543.000000 47.156
544.000000 47.055
545.000000 46.898
546.000000 46.757
547.000000 46.63
548.000000 46.517
549.000000 46.36
550.000000 46.22
551.000000 46.095
552.000000 45.986
553.000000 45.833
554.000000 45.697
555.000000 45.577
556.000000 45.472
557.000000 45.381
558.000000 45.303
559.000000 45.236
560.000000 45.237
561.000000 45.243
562.000000 45.252
563.000000 45.265
564.000000 45.28
565.000000 45.297
566.000000 45.316
567.000000 45.278
568.000000 45.245
569.000000 45.218
570.000000 45.195
571.000000 45.175
572.000000 45.159
573.000000 45.146
574.000000 45.194
575.000000 45.238
576.000000 45.281
577.000000 45.32
578.000000 45.357
579.000000 45.39
580.000000 45.422
581.000000 45.45
582.000000 45.476
583.000000 45.499
584.000000 45.577
585.000000 45.649
586.000000 45.713
587.000000 45.771
588.000000 45.823
589.000000 45.869
590.000000 45.91
591.000000 45.945
592.000000 45.919
593.000000 45.893
594.000000 45.868
595.000000 45.843
596.000000 45.762
597.000000 45.686
598.000000 45.616
599.000000 45.493
600.000000 48.259
601.000000 50.796
602.000000 53.047
603.000000 55.094
604.000000 56.892
605.000000 58.455
606.000000 59.859
607.000000 61.055
608.000000 62.118
609.000000 62.99
610.000000 63.698
611.000000 64.313
612.000000 64.786
613.000000 65.189
614.000000 65.529
615.000000 65.814
616.000000 66.051
617.000000 66.245
618.000000 66.404
619.000000 66.531
620.000000 66.633
621.000000 66.714
622.000000 66.777
623.000000 66.769
624.000000 66.755
625.000000 66.738
626.000000 66.72
627.000000 66.637
628.000000 66.504
629.000000 66.329
630.000000 66.115
631.000000 65.86
632.000000 65.577
633.000000 65.272
634.000000 64.947
635.000000 64.596
636.000000 64.233
637.000000 63.861
638.000000 63.481
639.000000 63.086
640.000000 62.688
641.000000 62.288
642.000000 61.888
643.000000 61.48
644.000000 61.073
645.000000 60.669
646.000000 60.326
647.000000 59.982
648.000000 59.694
649.000000 59.392
650.000000 59.142
651.000000 58.942
652.000000 58.728
653.000000 58.56
654.000000 58.433
655.000000 58.286
656.000000 58.176
657.000000 58.044
658.000000 57.88
659.000000 57.754
660.000000 57.604
661.000000 57.489
662.000000 57.349
663.000000 57.243
664.000000 57.166
665.000000 57.117
666.000000 57.034
667.000000 56.978
668.000000 56.944
669.000000 56.932
670.000000 56.938
671.000000 56.96
672.000000 56.996
673.000000 57.043
674.000000 57.102
675.000000 57.101
676.000000 57.113
677.000000 57.137
678.000000 57.17
679.000000 57.153
680.000000 57.149
681.000000 57.155
682.000000 57.113
683.000000 57.083
684.000000 57.065
685.000000 57.058
686.000000 57.002
687.000000 56.959
688.000000 56.861
689.000000 56.722
690.000000 56.602
691.000000 56.442
692.000000 56.304
693.000000 56.128
694.000000 55.976
695.000000 55.777
696.000000 55.603
697.000000 55.453
698.000000 55.324
699.000000 55.215
700.000000 55.125
701.000000 55.051
702.000000 54.934
703.000000 54.836
704.000000 54.754
705.000000 54.745
706.000000 54.744
707.000000 54.751
708.000000 54.763
709.000000 54.781
710.000000 54.871
711.000000 54.958
712.000000 55.042
713.000000 55.124
714.000000 55.202
715.000000 55.276
716.000000 55.346
717.000000 55.413
718.000000 55.408
719.000000 55.405
720.000000 55.403
721.000000 55.402
722.000000 55.402
723.000000 55.403
724.000000 55.405
725.000000 55.407
726.000000 55.41
727.000000 55.413
728.000000 55.416
729.000000 55.362
730.000000 55.312
731.000000 55.268
732.000000 55.227
733.000000 55.191
734.000000 55.101
735.000000 55.019
736.000000 54.945
737.000000 54.878
738.000000 54.761
739.000000 54.654
740.000000 54.558
741.000000 54.405
742.000000 54.209
743.000000 54.031
744.000000 53.871
745.000000 53.726
746.000000 53.54
747.000000 53.372
748.000000 53.221
749.000000 53.029
750.000000 52.857
751.000000 52.703
752.000000 52.498
753.000000 52.382
754.000000 52.28
755.000000 52.19
756.000000 52.169
757.000000 52.154
758.000000 52.2
759.000000 52.246
760.000000 52.29
761.000000 52.389
762.000000 52.482
763.000000 52.567
764.000000 52.645
765.000000 52.715
766.000000 52.779
767.000000 52.836
768.000000 52.886
769.000000 52.93
770.000000 52.968
771.000000 53.001
772.000000 53.028
773.000000 52.992
774.000000 52.956
775.000000 52.863
776.000000 52.775
777.000000 52.692
778.000000 52.614
779.000000 52.54
780.000000 52.47
781.000000 52.405
782.000000 52.344
783.000000 52.286
784.000000 52.232
785.000000 52.239
786.000000 52.244
787.000000 52.305
788.000000 52.359
789.000000 52.474
790.000000 52.578
791.000000 52.67
792.000000 52.809
793.000000 52.934
794.000000 53.102
795.000000 53.252
796.000000 53.386
797.000000 53.561
798.000000 53.716
799.000000 53.854
800.000000 56.852
801.000000 59.664
802.000000 62.227
803.000000 64.555
804.000000 66.66
805.000000 68.555
806.000000 70.254
807.000000 71.828
808.000000 73.229
809.000000 74.469
810.000000 75.561
811.000000 76.461
812.000000 77.244
813.000000 77.92
814.000000 78.433
815.000000 78.866
816.000000 79.172
817.000000 79.363
818.000000 79.509
819.000000 79.561
820.000000 79.587
821.000000 79.525
822.000000 79.453
823.000000 79.318
824.000000 79.186
825.000000 79.002
826.000000 78.83
827.000000 78.616
828.000000 78.297
829.000000 77.953
830.000000 77.521
831.000000 77.078
832.000000 76.57
833.000000 76.053
834.000000 75.54
835.000000 75.032
836.000000 74.59
837.000000 74.151
838.000000 73.707
839.000000 73.27
840.000000 72.84
841.000000 72.418
842.000000 71.993
843.000000 71.578
844.000000 71.171
845.000000 70.773
846.000000 70.373
847.000000 70.04
848.000000 69.709
849.000000 69.439
850.000000 69.167
851.000000 68.95
852.000000 68.725
853.000000 68.484
854.000000 68.294
855.000000 68.093
856.000000 67.881
857.000000 67.716
858.000000 67.535
859.000000 67.331
860.000000 67.171
861.000000 66.994
862.000000 66.857
863.000000 66.7
864.000000 66.523
865.000000 66.385
866.000000 66.215
867.000000 66.082
868.000000 65.982
869.000000 65.913
870.000000 65.869
871.000000 65.792
872.000000 65.741
873.000000 65.712
874.000000 65.704
875.000000 65.713
876.000000 65.737
877.000000 65.775
878.000000 65.823
879.000000 65.882
880.000000 65.948
881.000000 66.02
882.000000 66.098
883.000000 66.179
884.000000 66.263
885.000000 66.349
886.000000 66.494
887.000000 66.635
888.000000 66.77
889.000000 66.901
890.000000 67.026
891.000000 67.146
892.000000 67.261
893.000000 67.37
894.000000 67.474
895.000000 67.573
896.000000 67.608
897.000000 67.644
898.000000 67.68
899.000000 67.657
900.000000 67.64
901.000000 67.686
902.000000 67.673
903.000000 67.723
904.000000 67.772
905.000000 67.878
906.000000 67.978
907.000000 68.073
908.000000 68.163
909.000000 68.248
910.000000 68.328
911.000000 68.403
912.000000 68.475
913.000000 68.542
914.000000 68.605
915.000000 68.665
916.000000 68.722
917.000000 68.776
918.000000 68.77
919.000000 68.766
920.000000 68.764
921.000000 68.764
922.000000 68.709
923.000000 68.662
924.000000 68.496
925.000000 68.347
926.000000 68.156
927.000000 67.986
928.000000 67.834
929.000000 67.7
930.000000 67.641
931.000000 67.592
932.000000 67.554
933.000000 67.467
934.000000 67.393
935.000000 67.331
936.000000 67.28
937.000000 67.181
938.000000 67.097
939.000000 66.968
940.000000 66.855
941.000000 66.758
942.000000 66.675
943.000000 66.605
944.000000 66.546
945.000000 66.499
946.000000 66.394
947.000000 66.304
948.000000 66.169
949.000000 65.993
950.000000 65.838
951.000000 65.702
952.000000 65.525
953.000000 65.37
954.000000 65.291
955.000000 65.224
956.000000 65.17
957.000000 65.126
958.000000 65.148
959.000000 65.174
960.000000 65.203
961.000000 65.233
962.000000 65.265
963.000000 65.298
964.000000 65.33
965.000000 65.363
966.000000 65.453
967.000000 65.604
968.000000 65.744
969.000000 65.931
970.000000 66.103
971.000000 66.26
972.000000 66.402
973.000000 66.474
974.000000 66.538
975.000000 66.595
976.000000 66.577
977.000000 66.559
978.000000 66.54
979.000000 66.522
980.000000 66.57
981.000000 66.613
982.000000 66.709
983.000000 66.796
984.000000 66.931
985.000000 66.995
986.000000 67.053
987.000000 67.103
988.000000 67.148
989.000000 67.186
990.000000 67.22
991.000000 67.191
992.000000 67.163
993.000000 67.135
994.000000 67.042
995.000000 66.955
996.000000 66.818
997.000000 66.692
998.000000 66.519
999.000000 66.304
1000.000000 61.311
1001.000000 56.791
1002.000000 52.664
1003.000000 48.969
1004.000000 45.679
1005.000000 42.714
1006.000000 40.051
1007.000000 37.737
1008.000000 35.68
1009.000000 33.858
1010.000000 32.253
1011.000000 30.846
1012.000000 29.619
1013.000000 28.554
1014.000000 27.692
1015.000000 27.014
1016.000000 26.568
1017.000000 26.262
1018.000000 26.08
1019.000000 26.006
1020.000000 26.037
1021.000000 26.207
1022.000000 26.44
1023.000000 26.736
1024.000000 27.075
1025.000000 27.506
1026.000000 27.969
1027.000000 28.504
1028.000000 29.043
1029.000000 29.649
1030.000000 30.302
1031.000000 31.004
1032.000000 31.738
1033.000000 32.508
1034.000000 33.239
1035.000000 33.999
1036.000000 34.773
1037.000000 35.567
1038.000000 36.368
1039.000000 37.182
1040.000000 37.938
1041.000000 38.699
1042.000000 39.471
1043.000000 40.242
1044.000000 41.022
1045.000000 41.799
1046.000000 42.524
1047.000000 43.25
1048.000000 43.985
1049.000000 44.661
1050.000000 45.341
1051.000000 45.976
1052.000000 46.619
1053.000000 47.279
1054.000000 47.945
1055.000000 48.626
1056.000000 49.313
1057.000000 49.948
1058.000000 50.545
1059.000000 51.099
1060.000000 51.556
1061.000000 51.984
1062.000000 52.385
1063.000000 52.774
1064.000000 53.085
1065.000000 53.385
1066.000000 53.617
1067.000000 53.79
1068.000000 53.91
1069.000000 53.983
1070.000000 54.074
1071.000000 54.124
1072.000000 54.14
1073.000000 54.125
1074.000000 54.085
1075.000000 54.024
1076.000000 53.944
1077.000000 53.793
1078.000000 53.634
1079.000000 53.472
1080.000000 53.249
1081.000000 53.032
1082.000000 52.752
1083.000000 52.486
1084.000000 52.175
1085.000000 51.882
1086.000000 51.608
1087.000000 51.353
1088.000000 51.115
1089.000000 50.895
1090.000000 50.692
1091.000000 50.505
1092.000000 50.334
1093.000000 50.178
1094.000000 50.035
1095.000000 49.849
1096.000000 49.679
1097.000000 49.526
1098.000000 49.33
1099.000000 49.153
1100.000000 48.993
1101.000000 48.851
1102.000000 48.724
1103.000000 48.544
1104.000000 48.382
1105.000000 48.238
1106.000000 48.051
1107.000000 47.826
1108.000000 47.566
1109.000000 47.331
1110.000000 47.052
1111.000000 46.801
1112.000000 46.575
1113.000000 46.373
1114.000000 46.191
1115.000000 46.03
1116.000000 45.886
1117.000000 45.759
1118.000000 45.646
1119.000000 45.546
1120.000000 45.457
1121.000000 45.379
1122.000000 45.31
1123.000000 45.191
1124.000000 45.083
1125.000000 44.986
1126.000000 44.898
1127.000000 44.818
1128.000000 44.688
1129.000000 44.569
1130.000000 44.46
1131.000000 44.36
1132.000000 44.267
1133.000000 44.24
1134.000000 44.214
1135.000000 44.246
1136.000000 44.274
1137.000000 44.365
1138.000000 44.446
1139.000000 44.516
1140.000000 44.635
1141.000000 44.739
1142.000000 44.829
1143.000000 44.906
1144.000000 45.028
1145.000000 45.133
1146.000000 45.223
1147.000000 45.356
1148.000000 45.47
1149.000000 45.567
1150.000000 45.648
1151.000000 45.714
1152.000000 45.708
1153.000000 45.694
1154.000000 45.673
1155.000000 45.646
1156.000000 45.613
1157.000000 45.575
1158.000000 45.534
1159.000000 45.546
1160.000000 45.55
1161.000000 45.547
1162.000000 45.538
1163.000000 45.591
1164.000000 45.632
1165.000000 45.664
1166.000000 45.686
1167.000000 45.758
1168.000000 45.818
1169.000000 45.923
1170.000000 46.013
1171.000000 46.089
1172.000000 46.152
1173.000000 46.202
1174.000000 46.3
1175.000000 46.324
1176.000000 46.397
1177.000000 46.458
1178.000000 46.506
1179.000000 46.544
1180.000000 46.572
1181.000000 46.591
1182.000000 46.602
1183.000000 46.606
1184.000000 46.671
1185.000000 46.724
1186.000000 46.768
1187.000000 46.802
1188.000000 46.886
1189.000000 46.957
1190.000000 47.074
1191.000000 47.176
1192.000000 47.263
1193.000000 47.338
1194.000000 47.401
1195.000000 47.453
1196.000000 47.495
1197.000000 47.529
1198.000000 47.554
1199.000000 47.629
