0.000000 51.044
1.000000 37.896
2.000000 37.382
3.000000 37.917
4.000000 38.076
5.000000 38.235
6.000000 38.394
7.000000 38.553
8.000000 37.922
9.000000 38.514
10.000000 38.668
11.000000 38.822
12.000000 38.975
13.000000 38.452
14.000000 38.976
15.000000 39.125
16.000000 38.597
17.000000 39.117
18.000000 39.262
19.000000 39.406
20.000000 38.873
21.000000 39.388
22.000000 39.528
23.000000 38.878
24.000000 39.45
25.000000 38.908
26.000000 39.413
27.000000 38.865
28.000000 38.688
29.000000 39.184
30.000000 38.515
31.000000 39.068
32.000000 38.506
33.000000 38.314
34.000000 38.795
35.000000 38.224
36.000000 37.911
37.000000 38.444
38.000000 37.863
39.000000 37.652
40.000000 37.437
41.000000 37.894
42.000000 37.186
43.000000 37.023
44.000000 36.793
45.000000 36.559
46.000000 36.207
47.000000 36.025
48.000000 36.453
49.000000 35.828
50.000000 35.575
51.000000 35.993
52.000000 35.247
53.000000 35.723
54.000000 35.084
55.000000 35.493
56.000000 34.85
57.000000 34.577
58.000000 34.976
59.000000 34.211
60.000000 34.667
61.000000 34.009
62.000000 33.722
63.000000 34.107
64.000000 33.439
65.000000 33.82
66.000000 33.035
67.000000 33.472
68.000000 32.795
69.000000 33.165
70.000000 32.483
71.000000 32.849
72.000000 32.84
73.000000 32.831
74.000000 32.144
75.000000 32.505
76.000000 32.492
77.000000 32.478
78.000000 32.464
79.000000 32.45
80.000000 32.436
81.000000 32.422
82.000000 31.618
83.000000 32.037
84.000000 32.017
85.000000 31.998
86.000000 31.979
87.000000 31.96
88.000000 31.94
89.000000 31.921
90.000000 31.902
91.000000 31.883
92.000000 31.863
93.000000 31.844
94.000000 31.825
95.000000 31.806
96.000000 31.787
97.000000 31.767
98.000000 31.748
99.000000 31.729
100.000000 31.71
101.000000 31.69
102.000000 31.671
103.000000 32.442
104.000000 31.991
105.000000 31.977
106.000000 31.963
107.000000 31.949
108.000000 32.613
109.000000 32.228
110.000000 32.219
111.000000 32.21
112.000000 32.201
113.000000 32.192
114.000000 32.182
115.000000 32.173
116.000000 32.164
117.000000 32.155
118.000000 32.823
119.000000 32.443
120.000000 32.438
121.000000 32.434
122.000000 32.429
123.000000 32.425
124.000000 32.42
125.000000 32.415
126.000000 32.411
127.000000 32.406
128.000000 32.402
129.000000 32.397
130.000000 32.392
131.000000 32.388
132.000000 32.383
133.000000 32.378
134.000000 32.374
135.000000 32.369
136.000000 32.365
137.000000 32.36
138.000000 32.355
139.000000 32.351
140.000000 32.346
141.000000 32.342
142.000000 32.337
143.000000 32.332
144.000000 32.328
145.000000 32.323
146.000000 32.318
147.000000 32.314
148.000000 32.309
149.000000 32.305
150.000000 32.977
151.000000 32.602
152.000000 32.602
153.000000 32.602
154.000000 32.602
155.000000 31.925
156.000000 32.295
157.000000 32.291
158.000000 32.286
159.000000 32.282
160.000000 32.277
161.000000 32.272
162.000000 32.268
163.000000 32.263
164.000000 32.258
165.000000 32.254
166.000000 32.249
167.000000 32.245
168.000000 31.563
169.000000 31.928
170.000000 31.919
171.000000 31.233
172.000000 31.594
173.000000 31.58
174.000000 31.566
175.000000 31.552
176.000000 31.538
177.000000 31.525
178.000000 31.511
179.000000 31.497
180.000000 31.483
181.000000 32.147
182.000000 31.762
183.000000 31.753
184.000000 31.744
185.000000 32.412
186.000000 32.032
187.000000 32.028
188.000000 32.023
189.000000 32.018
190.000000 32.014
191.000000 32.009
192.000000 32.005
193.000000 32
194.000000 32.673
195.000000 32.298
196.000000 31.62
197.000000 31.991
198.000000 31.986
199.000000 31.982
200.000000 65.842
201.000000 47.318
202.000000 47.545
203.000000 47.771
204.000000 47.997
205.000000 48.223
206.000000 48.449
207.000000 48.675
208.000000 48.902
209.000000 48.45
210.000000 49.047
211.000000 49.268
212.000000 49.49
213.000000 49.712
214.000000 49.933
215.000000 49.477
216.000000 50.069
217.000000 49.496
218.000000 49.468
219.000000 49.372
220.000000 49.272
221.000000 49.845
222.000000 49.252
223.000000 49.205
224.000000 48.413
225.000000 49.342
226.000000 48.052
227.000000 48.356
228.000000 48.218
229.000000 47.962
230.000000 47.876
231.000000 47.045
232.000000 47.145
233.000000 46.363
234.000000 46.561
235.000000 46.266
236.000000 45.465
237.000000 46.321
238.000000 45.75
239.000000 44.759
240.000000 44.985
241.000000 44.77
242.000000 45.227
243.000000 44.519
244.000000 44.357
245.000000 44.127
246.000000 43.892
247.000000 44.33
248.000000 43.603
249.000000 44.098
250.000000 43.478
251.000000 43.229
252.000000 42.975
253.000000 42.604
254.000000 42.403
255.000000 42.134
256.000000 41.861
257.000000 41.471
258.000000 41.927
259.000000 41.269
260.000000 41.659
261.000000 40.996
262.000000 41.381
263.000000 41.391
264.000000 41.401
265.000000 40.734
266.000000 41.114
267.000000 41.12
268.000000 41.125
269.000000 40.34
270.000000 40.778
271.000000 40.778
272.000000 40.778
273.000000 40.778
274.000000 40.778
275.000000 40.778
276.000000 40.1
277.000000 40.471
278.000000 40.466
279.000000 40.462
280.000000 39.78
281.000000 40.145
282.000000 40.136
283.000000 40.127
284.000000 40.118
285.000000 39.431
286.000000 39.792
287.000000 39.778
288.000000 39.765
289.000000 39.751
290.000000 39.737
291.000000 38.933
292.000000 39.351
293.000000 40.122
294.000000 38.881
295.000000 39.299
296.000000 40.07
297.000000 38.828
298.000000 39.247
299.000000 39.227
300.000000 39.998
301.000000 39.547
302.000000 39.533
303.000000 39.519
304.000000 39.505
305.000000 40.169
306.000000 39.785
307.000000 39.775
308.000000 39.766
309.000000 39.757
310.000000 39.748
311.000000 39.738
312.000000 39.729
313.000000 39.72
314.000000 39.033
315.000000 39.395
316.000000 39.381
317.000000 39.367
318.000000 39.353
319.000000 39.339
320.000000 39.325
321.000000 39.312
322.000000 39.298
323.000000 39.284
324.000000 39.27
325.000000 39.256
326.000000 39.242
327.000000 39.228
328.000000 39.215
329.000000 39.878
330.000000 39.494
331.000000 39.485
332.000000 39.475
333.000000 40.143
334.000000 39.764
335.000000 39.759
336.000000 39.755
337.000000 39.75
338.000000 39.745
339.000000 39.741
340.000000 39.736
341.000000 39.732
342.000000 39.727
343.000000 39.722
344.000000 39.718
345.000000 39.713
346.000000 39.708
347.000000 40.381
348.000000 40.006
349.000000 40.006
350.000000 40.006
351.000000 40.006
352.000000 40.006
353.000000 40.006
354.000000 40.006
355.000000 40.006
356.000000 40.006
357.000000 40.006
358.000000 40.006
359.000000 40.006
360.000000 40.006
361.000000 40.006
362.000000 40.796
363.000000 40.364
364.000000 40.37
365.000000 40.375
366.000000 40.38
367.000000 40.386
368.000000 39.601
369.000000 40.038
370.000000 40.038
371.000000 40.038
372.000000 39.361
373.000000 40.409
374.000000 39.357
375.000000 40.404
376.000000 39.352
377.000000 39.722
378.000000 39.718
379.000000 39.713
380.000000 39.708
381.000000 39.704
382.000000 39.699
383.000000 39.695
384.000000 39.69
385.000000 39.008
386.000000 39.374
387.000000 39.365
388.000000 39.355
389.000000 38.669
390.000000 39.03
391.000000 39.016
392.000000 39.002
393.000000 38.988
394.000000 39.652
395.000000 39.268
396.000000 39.258
397.000000 39.249
398.000000 39.24
399.000000 39.231
400.000000 73.087
401.000000 54.558
402.000000 54.78
403.000000 55.002
404.000000 55.223
405.000000 55.445
406.000000 55.666
407.000000 55.888
408.000000 56.109
409.000000 55.653
410.000000 56.245
411.000000 56.462
412.000000 55.889
413.000000 56.538
414.000000 56.072
415.000000 56.654
416.000000 56.184
417.000000 56.084
418.000000 56.657
419.000000 56.854
420.000000 56.262
421.000000 56.214
422.000000 56.777
423.000000 56.287
424.000000 56.168
425.000000 55.931
426.000000 55.865
427.000000 55.731
428.000000 55.592
429.000000 55.336
430.000000 55.25
431.000000 55.097
432.000000 54.94
433.000000 54.664
434.000000 54.559
435.000000 54.387
436.000000 54.21
437.000000 53.916
438.000000 53.791
439.000000 53.6
440.000000 53.403
441.000000 53.09
442.000000 52.946
443.000000 52.735
444.000000 52.52
445.000000 52.187
446.000000 52.702
447.000000 52.101
448.000000 51.871
449.000000 52.314
450.000000 51.704
451.000000 52.142
452.000000 51.415
453.000000 51.91
454.000000 51.291
455.000000 51.042
456.000000 51.465
457.000000 50.836
458.000000 50.465
459.000000 50.941
460.000000 50.302
461.000000 50.033
462.000000 50.438
463.000000 49.79
464.000000 50.189
465.000000 49.424
466.000000 49.88
467.000000 49.222
468.000000 49.612
469.000000 49.627
470.000000 48.964
471.000000 49.349
472.000000 49.359
473.000000 48.692
474.000000 49.072
475.000000 49.077
476.000000 48.292
477.000000 48.73
478.000000 48.73
479.000000 48.053
480.000000 48.423
481.000000 48.418
482.000000 47.737
483.000000 48.102
484.000000 47.416
485.000000 47.777
486.000000 46.973
487.000000 47.391
488.000000 46.695
489.000000 46.368
490.000000 46.715
491.000000 46.687
492.000000 45.981
493.000000 46.323
494.000000 46.29
495.000000 46.257
496.000000 45.433
497.000000 45.832
498.000000 45.794
499.000000 45.755
500.000000 45.717
501.000000 45.001
502.000000 45.333
503.000000 45.29
504.000000 44.57
505.000000 44.897
506.000000 44.849
507.000000 44.802
508.000000 45.431
509.000000 45.013
510.000000 44.97
511.000000 44.927
512.000000 45.561
513.000000 45.148
514.000000 45.109
515.000000 45.861
516.000000 45.39
517.000000 45.357
518.000000 46.002
519.000000 45.598
520.000000 46.247
521.000000 45.848
522.000000 45.824
523.000000 46.478
524.000000 46.083
525.000000 46.854
526.000000 46.403
527.000000 46.389
528.000000 46.375
529.000000 47.039
530.000000 46.655
531.000000 46.645
532.000000 46.636
533.000000 45.95
534.000000 46.311
535.000000 46.297
536.000000 46.283
537.000000 46.269
538.000000 46.255
539.000000 46.242
540.000000 46.905
541.000000 45.843
542.000000 46.882
543.000000 46.498
544.000000 45.811
545.000000 46.172
546.000000 46.158
547.000000 46.145
548.000000 46.131
549.000000 45.327
550.000000 45.745
551.000000 45.726
552.000000 46.497
553.000000 46.045
554.000000 46.032
555.000000 46.018
556.000000 46.681
557.000000 46.297
558.000000 46.288
559.000000 46.278
560.000000 46.269
561.000000 46.26
562.000000 46.928
563.000000 46.548
564.000000 46.544
565.000000 46.539
566.000000 46.535
567.000000 46.53
568.000000 46.525
569.000000 46.521
570.000000 46.516
571.000000 46.512
572.000000 46.507
573.000000 46.502
574.000000 46.498
575.000000 46.493
576.000000 46.488
577.000000 46.484
578.000000 46.479
579.000000 46.475
580.000000 46.47
581.000000 46.465
582.000000 46.461
583.000000 46.456
584.000000 46.452
585.000000 46.447
586.000000 46.442
587.000000 46.438
588.000000 46.433
589.000000 46.428
590.000000 46.424
591.000000 45.742
592.000000 46.108
593.000000 46.776
594.000000 46.396
595.000000 46.392
596.000000 46.387
597.000000 46.382
598.000000 47.055
599.000000 46.68
600.000000 80.545
601.000000 62.026
602.000000 62.257
603.000000 62.488
604.000000 62.718
605.000000 62.949
606.000000 63.18
607.000000 63.411
608.000000 63.642
609.000000 63.872
610.000000 63.426
611.000000 64.027
612.000000 64.253
613.000000 64.479
614.000000 64.028
615.000000 64.625
616.000000 64.169
617.000000 64.761
618.000000 64.978
619.000000 65.195
620.000000 64.621
621.000000 65.27
622.000000 64.805
623.000000 64.709
624.000000 64.609
625.000000 64.392
626.000000 64.344
627.000000 64.23
628.000000 64.11
629.000000 64.664
630.000000 64.052
631.000000 64.663
632.000000 64.158
633.000000 64.025
634.000000 64.563
635.000000 64.05
636.000000 63.794
637.000000 63.708
638.000000 63.555
639.000000 63.397
640.000000 63.122
641.000000 63.017
642.000000 62.845
643.000000 62.668
644.000000 62.373
645.000000 62.249
646.000000 62.057
647.000000 62.538
648.000000 61.967
649.000000 61.654
650.000000 61.51
651.000000 61.299
652.000000 61.084
653.000000 61.541
654.000000 60.833
655.000000 60.67
656.000000 60.44
657.000000 60.206
658.000000 60.644
659.000000 59.917
660.000000 59.735
661.000000 59.485
662.000000 59.232
663.000000 59.65
664.000000 58.904
665.000000 58.703
666.000000 59.112
667.000000 58.468
668.000000 58.872
669.000000 58.224
670.000000 58.624
671.000000 58.648
672.000000 58.673
673.000000 57.907
674.000000 58.364
675.000000 57.706
676.000000 57.418
677.000000 57.126
678.000000 56.716
679.000000 57.154
680.000000 56.477
681.000000 56.847
682.000000 56.165
683.000000 56.531
684.000000 55.844
685.000000 56.205
686.000000 55.401
687.000000 55.82
688.000000 55.8
689.000000 55.781
690.000000 55.762
691.000000 55.065
692.000000 56.094
693.000000 55.7
694.000000 55.68
695.000000 55.661
696.000000 56.432
697.000000 55.981
698.000000 56.644
699.000000 56.26
700.000000 56.251
701.000000 56.919
702.000000 56.539
703.000000 56.535
704.000000 57.207
705.000000 56.832
706.000000 56.832
707.000000 56.832
708.000000 56.832
709.000000 57.622
710.000000 57.19
711.000000 57.196
712.000000 57.878
713.000000 57.513
714.000000 57.523
715.000000 56.856
716.000000 57.237
717.000000 57.242
718.000000 57.247
719.000000 57.253
720.000000 57.258
721.000000 57.263
722.000000 57.269
723.000000 57.274
724.000000 57.28
725.000000 57.285
726.000000 56.5
727.000000 56.938
728.000000 56.938
729.000000 56.938
730.000000 56.938
731.000000 57.728
732.000000 57.296
733.000000 57.301
734.000000 57.307
735.000000 56.522
736.000000 56.959
737.000000 56.959
738.000000 56.959
739.000000 56.959
740.000000 56.959
741.000000 56.959
742.000000 56.959
743.000000 56.959
744.000000 56.282
745.000000 56.652
746.000000 56.648
747.000000 55.966
748.000000 56.332
749.000000 56.322
750.000000 56.313
751.000000 56.304
752.000000 56.295
753.000000 56.285
754.000000 56.953
755.000000 56.574
756.000000 56.569
757.000000 56.565
758.000000 56.56
759.000000 56.555
760.000000 56.551
761.000000 56.546
762.000000 56.542
763.000000 56.537
764.000000 56.532
765.000000 56.528
766.000000 56.523
767.000000 56.518
768.000000 56.514
769.000000 56.509
770.000000 56.505
771.000000 56.5
772.000000 56.495
773.000000 56.491
774.000000 56.486
775.000000 56.482
776.000000 56.477
777.000000 56.472
778.000000 56.468
779.000000 55.786
780.000000 56.152
781.000000 56.142
782.000000 55.456
783.000000 55.817
784.000000 55.013
785.000000 55.431
786.000000 54.735
787.000000 55.086
788.000000 55.062
789.000000 54.361
790.000000 54.707
791.000000 54.002
792.000000 53.553
793.000000 53.952
794.000000 53.237
795.000000 53.568
796.000000 52.848
797.000000 52.498
798.000000 52.821
799.000000 51.978
800.000000 86.223
801.000000 67.647
802.000000 68.61
803.000000 68.351
804.000000 68.529
805.000000 68.708
806.000000 69.563
807.000000 69.372
808.000000 69.555
809.000000 69.738
810.000000 70.598
811.000000 71.088
812.000000 70.905
813.000000 71.888
814.000000 71.648
815.000000 71.846
816.000000 72.043
817.000000 72.241
818.000000 72.439
819.000000 72.637
820.000000 72.044
821.000000 72.674
822.000000 72.866
823.000000 72.381
824.000000 72.944
825.000000 72.454
826.000000 73.012
827.000000 72.518
828.000000 73.072
829.000000 72.46
830.000000 72.393
831.000000 72.937
832.000000 73.105
833.000000 72.596
834.000000 73.135
835.000000 73.299
836.000000 73.463
837.000000 72.949
838.000000 73.483
839.000000 72.852
840.000000 72.767
841.000000 73.291
842.000000 72.763
843.000000 72.605
844.000000 73.12
845.000000 71.792
846.000000 72.735
847.000000 72.188
848.000000 72.011
849.000000 72.507
850.000000 71.837
851.000000 72.39
852.000000 71.828
853.000000 72.314
854.000000 71.747
855.000000 72.228
856.000000 72.335
857.000000 71.763
858.000000 71.45
859.000000 71.983
860.000000 71.402
861.000000 71.869
862.000000 71.283
863.000000 71.745
864.000000 71.155
865.000000 71.612
866.000000 70.904
867.000000 71.418
868.000000 71.495
869.000000 70.895
870.000000 71.342
871.000000 71.415
872.000000 71.487
873.000000 71.559
874.000000 70.954
875.000000 71.397
876.000000 71.465
877.000000 71.532
878.000000 70.923
879.000000 71.361
880.000000 71.424
881.000000 71.487
882.000000 71.55
883.000000 70.823
884.000000 71.318
885.000000 70.698
886.000000 71.127
887.000000 71.18
888.000000 71.233
889.000000 71.286
890.000000 71.339
891.000000 71.392
892.000000 70.768
893.000000 71.191
894.000000 71.24
895.000000 70.611
896.000000 71.03
897.000000 71.073
898.000000 71.117
899.000000 71.161
900.000000 71.205
901.000000 71.249
902.000000 71.293
903.000000 71.337
904.000000 70.59
905.000000 71.066
906.000000 71.105
907.000000 70.466
908.000000 70.875
909.000000 70.908
910.000000 70.942
911.000000 70.976
912.000000 71.01
913.000000 70.367
914.000000 70.771
915.000000 70.123
916.000000 70.522
917.000000 69.757
918.000000 70.213
919.000000 70.233
920.000000 69.575
921.000000 69.964
922.000000 69.302
923.000000 69.687
924.000000 69.697
925.000000 69.029
926.000000 69.41
927.000000 69.415
928.000000 69.42
929.000000 69.426
930.000000 68.641
931.000000 69.869
932.000000 68.646
933.000000 69.084
934.000000 69.084
935.000000 68.407
936.000000 68.777
937.000000 68.772
938.000000 68.09
939.000000 68.456
940.000000 68.447
941.000000 68.438
942.000000 69.106
943.000000 68.726
944.000000 68.722
945.000000 68.717
946.000000 68.712
947.000000 68.708
948.000000 68.703
949.000000 68.698
950.000000 69.371
951.000000 68.996
952.000000 68.996
953.000000 69.786
954.000000 69.354
955.000000 69.36
956.000000 68.575
957.000000 69.012
958.000000 69.012
959.000000 69.012
960.000000 69.012
961.000000 69.012
962.000000 69.012
963.000000 69.802
964.000000 68.58
965.000000 69.018
966.000000 68.34
967.000000 68.711
968.000000 68.029
969.000000 68.395
970.000000 67.708
971.000000 68.069
972.000000 67.265
973.000000 67.683
974.000000 67.664
975.000000 67.645
976.000000 68.416
977.000000 67.965
978.000000 67.951
979.000000 67.937
980.000000 68.6
981.000000 68.216
982.000000 68.207
983.000000 68.875
984.000000 68.495
985.000000 68.491
986.000000 68.486
987.000000 68.482
988.000000 69.154
989.000000 68.779
990.000000 68.779
991.000000 68.779
992.000000 68.779
993.000000 68.779
994.000000 68.779
995.000000 68.779
996.000000 68.779
997.000000 68.779
998.000000 68.779
999.000000 68.779
1000.000000 12.337
1001.000000 43.202
1002.000000 43.608
1003.000000 42.791
1004.000000 41.622
1005.000000 42.465
1006.000000 41.648
1007.000000 41.269
1008.000000 40.89
1009.000000 40.51
1010.000000 40.808
1011.000000 40.059
1012.000000 39.684
1013.000000 39.31
1014.000000 39.612
1015.000000 38.867
1016.000000 39.175
1017.000000 39.224
1018.000000 39.104
1019.000000 39.051
1020.000000 38.325
1021.000000 38.652
1022.000000 38.721
1023.000000 38.62
1024.000000 39.263
1025.000000 38.977
1026.000000 38.895
1027.000000 39.558
1028.000000 39.29
1029.000000 39.228
1030.000000 39.91
1031.000000 39.661
1032.000000 39.618
1033.000000 39.642
1034.000000 40.461
1035.000000 40.062
1036.000000 40.782
1037.000000 40.572
1038.000000 40.567
1039.000000 41.307
1040.000000 41.116
1041.000000 41.131
1042.000000 41.89
1043.000000 41.718
1044.000000 41.752
1045.000000 42.53
1046.000000 42.378
1047.000000 42.431
1048.000000 42.551
1049.000000 42.675
1050.000000 42.917
1051.000000 42.99
1052.000000 43.129
1053.000000 43.273
1054.000000 44.211
1055.000000 43.255
1056.000000 44.466
1057.000000 44.371
1058.000000 44.482
1059.000000 44.66
1060.000000 44.842
1061.000000 44.352
1062.000000 45.026
1063.000000 45.156
1064.000000 45.353
1065.000000 45.555
1066.000000 45.874
1067.000000 46.023
1068.000000 45.562
1069.000000 46.153
1070.000000 46.373
1071.000000 45.922
1072.000000 46.635
1073.000000 46.126
1074.000000 46.732
1075.000000 46.29
1076.000000 46.9
1077.000000 46.463
1078.000000 46.4
1079.000000 47.015
1080.000000 46.583
1081.000000 46.525
1082.000000 47.257
1083.000000 46.768
1084.000000 46.715
1085.000000 46.663
1086.000000 46.611
1087.000000 46.558
1088.000000 46.506
1089.000000 47.131
1090.000000 46.708
1091.000000 46.661
1092.000000 46.613
1093.000000 46.565
1094.000000 46.518
1095.000000 47.147
1096.000000 46.729
1097.000000 46.009
1098.000000 46.336
1099.000000 46.288
1100.000000 46.241
1101.000000 46.193
1102.000000 45.468
1103.000000 45.791
1104.000000 45.738
1105.000000 45.686
1106.000000 44.844
1107.000000 45.223
1108.000000 44.488
1109.000000 44.801
1110.000000 44.062
1111.000000 43.692
1112.000000 43.996
1113.000000 43.924
1114.000000 43.853
1115.000000 43.781
1116.000000 43.71
1117.000000 43.638
1118.000000 43.567
1119.000000 43.495
1120.000000 42.633
1121.000000 43.784
1122.000000 43.275
1123.000000 43.203
1124.000000 43.809
1125.000000 43.367
1126.000000 43.3
1127.000000 43.911
1128.000000 43.473
1129.000000 44.088
1130.000000 44.446
1131.000000 43.956
1132.000000 44.581
1133.000000 44.836
1134.000000 45.095
1135.000000 44.682
1136.000000 45.433
1137.000000 45.64
1138.000000 45.237
1139.000000 45.885
1140.000000 45.487
1141.000000 45.463
1142.000000 46.116
1143.000000 45.045
1144.000000 45.396
1145.000000 46.049
1146.000000 45.655
1147.000000 45.636
1148.000000 45.617
1149.000000 45.597
1150.000000 45.578
1151.000000 45.559
1152.000000 45.54
1153.000000 45.52
1154.000000 45.501
1155.000000 45.482
1156.000000 46.253
1157.000000 46.479
1158.000000 46.095
1159.000000 46.763
1160.000000 47.06
1161.000000 46.685
1162.000000 46.685
1163.000000 47.476
1164.000000 47.043
1165.000000 47.049
1166.000000 47.054
1167.000000 47.06
1168.000000 47.065
1169.000000 47.748
1170.000000 47.383
1171.000000 47.393
1172.000000 47.403
1173.000000 47.413
1174.000000 47.423
1175.000000 47.433
1176.000000 47.443
1177.000000 47.453
1178.000000 47.463
1179.000000 47.473
1180.000000 47.483
1181.000000 48.17
1182.000000 47.81
1183.000000 47.824
1184.000000 47.839
1185.000000 47.176
1186.000000 47.561
1187.000000 47.571
1188.000000 46.904
1189.000000 47.284
1190.000000 47.29
1191.000000 47.295
1192.000000 46.51
1193.000000 46.948
1194.000000 46.27
1195.000000 45.963
1196.000000 46.329
1197.000000 45.643
1198.000000 46.004
1199.000000 45.99
