0.000000 31.87
1.000000 31.87
2.000000 31.93
3.000000 31.93
4.000000 31.93
5.000000 31.93
6.000000 31.93
7.000000 31.93
8.000000 32
9.000000 32
10.000000 32
11.000000 32
12.000000 32
13.000000 32.06
14.000000 32.06
15.000000 32.06
16.000000 32.12
17.000000 32.12
18.000000 32.12
19.000000 32.12
20.000000 32.18
21.000000 32.18
22.000000 32.18
23.000000 32.25
24.000000 32.25
25.000000 32.31
26.000000 32.31
27.000000 32.37
28.000000 32.43
29.000000 32.43
30.000000 32.5
31.000000 32.5
32.000000 32.56
33.000000 32.62
34.000000 32.62
35.000000 32.68
36.000000 32.75
37.000000 32.75
38.000000 32.81
39.000000 32.87
40.000000 32.93
41.000000 32.93
42.000000 33
43.000000 33.06
44.000000 33.12
45.000000 33.18
46.000000 33.25
47.000000 33.31
48.000000 33.31
49.000000 33.37
50.000000 33.43
51.000000 33.43
52.000000 33.5
53.000000 33.5
54.000000 33.56
55.000000 33.56
56.000000 33.62
57.000000 33.68
58.000000 33.68
59.000000 33.75
60.000000 33.75
61.000000 33.81
62.000000 33.87
63.000000 33.87
64.000000 33.93
65.000000 33.93
66.000000 34
67.000000 34
68.000000 34.06
69.000000 34.06
70.000000 34.12
71.000000 34.12
72.000000 34.12
73.000000 34.12
74.000000 34.18
75.000000 34.18
76.000000 34.18
77.000000 34.18
78.000000 34.18
79.000000 34.18
80.000000 34.18
81.000000 34.18
82.000000 34.25
83.000000 34.25
84.000000 34.25
85.000000 34.25
86.000000 34.25
87.000000 34.25
88.000000 34.25
89.000000 34.25
90.000000 34.25
91.000000 34.25
92.000000 34.25
93.000000 34.25
94.000000 34.25
95.000000 34.25
96.000000 34.25
97.000000 34.25
98.000000 34.25
99.000000 34.25
100.000000 34.25
101.000000 34.25
102.000000 34.25
103.000000 34.18
104.000000 34.18
105.000000 34.18
106.000000 34.18
107.000000 34.18
108.000000 34.12
109.000000 34.12
110.000000 34.12
111.000000 34.12
112.000000 34.12
113.000000 34.12
114.000000 34.12
115.000000 34.12
116.000000 34.12
117.000000 34.12
118.000000 34.06
119.000000 34.06
120.000000 34.06
121.000000 34.06
122.000000 34.06
123.000000 34.06
124.000000 34.06
125.000000 34.06
126.000000 34.06
127.000000 34.06
128.000000 34.06
129.000000 34.06
130.000000 34.06
131.000000 34.06
132.000000 34.06
133.000000 34.06
134.000000 34.06
135.000000 34.06
136.000000 34.06
137.000000 34.06
138.000000 34.06
139.000000 34.06
140.000000 34.06
141.000000 34.06
142.000000 34.06
143.000000 34.06
144.000000 34.06
145.000000 34.06
146.000000 34.06
147.000000 34.06
148.000000 34.06
149.000000 34.06
150.000000 34
151.000000 34
152.000000 34
153.000000 34
154.000000 34
155.000000 34.06
156.000000 34.06
157.000000 34.06
158.000000 34.06
159.000000 34.06
160.000000 34.06
161.000000 34.06
162.000000 34.06
163.000000 34.06
164.000000 34.06
165.000000 34.06
166.000000 34.06
167.000000 34.06
168.000000 34.12
169.000000 34.12
170.000000 34.12
171.000000 34.18
172.000000 34.18
173.000000 34.18
174.000000 34.18
175.000000 34.18
176.000000 34.18
177.000000 34.18
178.000000 34.18
179.000000 34.18
180.000000 34.18
181.000000 34.12
182.000000 34.12
183.000000 34.12
184.000000 34.12
185.000000 34.06
186.000000 34.06
187.000000 34.06
188.000000 34.06
189.000000 34.06
190.000000 34.06
191.000000 34.06
192.000000 34.06
193.000000 34.06
194.000000 34
195.000000 34
196.000000 34.06
197.000000 34.06
198.000000 34.06
199.000000 34.06
200.000000 34.06
201.000000 34.06
202.000000 34.06
203.000000 34.06
204.000000 34.06
205.000000 34.06
206.000000 34.06
207.000000 34.06
208.000000 34.06
209.000000 34.12
210.000000 34.12
211.000000 34.12
212.000000 34.12
213.000000 34.12
214.000000 34.12
215.000000 34.18
216.000000 34.18
217.000000 34.25
218.000000 34.31
219.000000 34.37
220.000000 34.43
221.000000 34.43
222.000000 34.5
223.000000 34.56
224.000000 34.68
225.000000 34.68
226.000000 34.81
227.000000 34.87
228.000000 34.93
229.000000 35
230.000000 35.06
231.000000 35.18
232.000000 35.25
233.000000 35.37
234.000000 35.43
235.000000 35.5
236.000000 35.62
237.000000 35.62
238.000000 35.68
239.000000 35.81
240.000000 35.87
241.000000 35.93
242.000000 35.93
243.000000 36
244.000000 36.06
245.000000 36.12
246.000000 36.18
247.000000 36.18
248.000000 36.25
249.000000 36.25
250.000000 36.31
251.000000 36.37
252.000000 36.43
253.000000 36.5
254.000000 36.56
255.000000 36.62
256.000000 36.68
257.000000 36.75
258.000000 36.75
259.000000 36.81
260.000000 36.81
261.000000 36.87
262.000000 36.87
263.000000 36.87
264.000000 36.87
265.000000 36.93
266.000000 36.93
267.000000 36.93
268.000000 36.93
269.000000 37
270.000000 37
271.000000 37
272.000000 37
273.000000 37
274.000000 37
275.000000 37
276.000000 37.06
277.000000 37.06
278.000000 37.06
279.000000 37.06
280.000000 37.12
281.000000 37.12
282.000000 37.12
283.000000 37.12
284.000000 37.12
285.000000 37.18
286.000000 37.18
287.000000 37.18
288.000000 37.18
289.000000 37.18
290.000000 37.18
291.000000 37.25
292.000000 37.25
293.000000 37.18
294.000000 37.25
295.000000 37.25
296.000000 37.18
297.000000 37.25
298.000000 37.25
299.000000 37.25
300.000000 37.18
301.000000 37.18
302.000000 37.18
303.000000 37.18
304.000000 37.18
305.000000 37.12
306.000000 37.12
307.000000 37.12
308.000000 37.12
309.000000 37.12
310.000000 37.12
311.000000 37.12
312.000000 37.12
313.000000 37.12
314.000000 37.18
315.000000 37.18
316.000000 37.18
317.000000 37.18
318.000000 37.18
319.000000 37.18
320.000000 37.18
321.000000 37.18
322.000000 37.18
323.000000 37.18
324.000000 37.18
325.000000 37.18
326.000000 37.18
327.000000 37.18
328.000000 37.18
329.000000 37.12
330.000000 37.12
331.000000 37.12
332.000000 37.12
333.000000 37.06
334.000000 37.06
335.000000 37.06
336.000000 37.06
337.000000 37.06
338.000000 37.06
339.000000 37.06
340.000000 37.06
341.000000 37.06
342.000000 37.06
343.000000 37.06
344.000000 37.06
345.000000 37.06
346.000000 37.06
347.000000 37
348.000000 37
349.000000 37
350.000000 37
351.000000 37
352.000000 37
353.000000 37
354.000000 37
355.000000 37
356.000000 37
357.000000 37
358.000000 37
359.000000 37
360.000000 37
361.000000 37
362.000000 36.93
363.000000 36.93
364.000000 36.93
365.000000 36.93
366.000000 36.93
367.000000 36.93
368.000000 37
369.000000 37
370.000000 37
371.000000 37
372.000000 37.06
373.000000 37
374.000000 37.06
375.000000 37
376.000000 37.06
377.000000 37.06
378.000000 37.06
379.000000 37.06
380.000000 37.06
381.000000 37.06
382.000000 37.06
383.000000 37.06
384.000000 37.06
385.000000 37.12
386.000000 37.12
387.000000 37.12
388.000000 37.12
389.000000 37.18
390.000000 37.18
391.000000 37.18
392.000000 37.18
393.000000 37.18
394.000000 37.12
395.000000 37.12
396.000000 37.12
397.000000 37.12
398.000000 37.12
399.000000 37.12
400.000000 37.12
401.000000 37.12
402.000000 37.12
403.000000 37.12
404.000000 37.12
405.000000 37.12
406.000000 37.12
407.000000 37.12
408.000000 37.12
409.000000 37.18
410.000000 37.18
411.000000 37.18
412.000000 37.25
413.000000 37.25
414.000000 37.31
415.000000 37.31
416.000000 37.37
417.000000 37.43
418.000000 37.43
419.000000 37.43
420.000000 37.5
421.000000 37.56
422.000000 37.56
423.000000 37.62
424.000000 37.68
425.000000 37.75
426.000000 37.81
427.000000 37.87
428.000000 37.93
429.000000 38
430.000000 38.06
431.000000 38.12
432.000000 38.18
433.000000 38.25
434.000000 38.31
435.000000 38.37
436.000000 38.43
437.000000 38.5
438.000000 38.56
439.000000 38.62
440.000000 38.68
441.000000 38.75
442.000000 38.81
443.000000 38.87
444.000000 38.93
445.000000 39
446.000000 39
447.000000 39.06
448.000000 39.12
449.000000 39.12
450.000000 39.18
451.000000 39.18
452.000000 39.25
453.000000 39.25
454.000000 39.31
455.000000 39.37
456.000000 39.37
457.000000 39.43
458.000000 39.5
459.000000 39.5
460.000000 39.56
461.000000 39.62
462.000000 39.62
463.000000 39.68
464.000000 39.68
465.000000 39.75
466.000000 39.75
467.000000 39.81
468.000000 39.81
469.000000 39.81
470.000000 39.87
471.000000 39.87
472.000000 39.87
473.000000 39.93
474.000000 39.93
475.000000 39.93
476.000000 40
477.000000 40
478.000000 40
479.000000 40.06
480.000000 40.06
481.000000 40.06
482.000000 40.12
483.000000 40.12
484.000000 40.18
485.000000 40.18
486.000000 40.25
487.000000 40.25
488.000000 40.31
489.000000 40.37
490.000000 40.37
491.000000 40.37
492.000000 40.43
493.000000 40.43
494.000000 40.43
495.000000 40.43
496.000000 40.5
497.000000 40.5
498.000000 40.5
499.000000 40.5
500.000000 40.5
501.000000 40.56
502.000000 40.56
503.000000 40.56
504.000000 40.62
505.000000 40.62
506.000000 40.62
507.000000 40.62
508.000000 40.56
509.000000 40.56
510.000000 40.56
511.000000 40.56
512.000000 40.5
513.000000 40.5
514.000000 40.5
515.000000 40.43
516.000000 40.43
517.000000 40.43
518.000000 40.37
519.000000 40.37
520.000000 40.31
521.000000 40.31
522.000000 40.31
523.000000 40.25
524.000000 40.25
525.000000 40.18
526.000000 40.18
527.000000 40.18
528.000000 40.18
529.000000 40.12
530.000000 40.12
531.000000 40.12
532.000000 40.12
533.000000 40.18
534.000000 40.18
535.000000 40.18
536.000000 40.18
537.000000 40.18
538.000000 40.18
539.000000 40.18
540.000000 40.12
541.000000 40.18
542.000000 40.12
543.000000 40.12
544.000000 40.18
545.000000 40.18
546.000000 40.18
547.000000 40.18
548.000000 40.18
549.000000 40.25
550.000000 40.25
551.000000 40.25
552.000000 40.18
553.000000 40.18
554.000000 40.18
555.000000 40.18
556.000000 40.12
557.000000 40.12
558.000000 40.12
559.000000 40.12
560.000000 40.12
561.000000 40.12
562.000000 40.06
563.000000 40.06
564.000000 40.06
565.000000 40.06
566.000000 40.06
567.000000 40.06
568.000000 40.06
569.000000 40.06
570.000000 40.06
571.000000 40.06
572.000000 40.06
573.000000 40.06
574.000000 40.06
575.000000 40.06
576.000000 40.06
577.000000 40.06
578.000000 40.06
579.000000 40.06
580.000000 40.06
581.000000 40.06
582.000000 40.06
583.000000 40.06
584.000000 40.06
585.000000 40.06
586.000000 40.06
587.000000 40.06
588.000000 40.06
589.000000 40.06
590.000000 40.06
591.000000 40.12
592.000000 40.12
593.000000 40.06
594.000000 40.06
595.000000 40.06
596.000000 40.06
597.000000 40.06
598.000000 40
599.000000 40
600.000000 40
601.000000 40
602.000000 40
603.000000 40
604.000000 40
605.000000 40
606.000000 40
607.000000 40
608.000000 40
609.000000 40
610.000000 40.06
611.000000 40.06
612.000000 40.06
613.000000 40.06
614.000000 40.12
615.000000 40.12
616.000000 40.18
617.000000 40.18
618.000000 40.18
619.000000 40.18
620.000000 40.25
621.000000 40.25
622.000000 40.31
623.000000 40.37
624.000000 40.43
625.000000 40.5
626.000000 40.56
627.000000 40.62
628.000000 40.68
629.000000 40.68
630.000000 40.75
631.000000 40.75
632.000000 40.81
633.000000 40.87
634.000000 40.87
635.000000 40.93
636.000000 41
637.000000 41.06
638.000000 41.12
639.000000 41.18
640.000000 41.25
641.000000 41.31
642.000000 41.37
643.000000 41.43
644.000000 41.5
645.000000 41.56
646.000000 41.62
647.000000 41.62
648.000000 41.68
649.000000 41.75
650.000000 41.81
651.000000 41.87
652.000000 41.93
653.000000 41.93
654.000000 42
655.000000 42.06
656.000000 42.12
657.000000 42.18
658.000000 42.18
659.000000 42.25
660.000000 42.31
661.000000 42.37
662.000000 42.43
663.000000 42.43
664.000000 42.5
665.000000 42.56
666.000000 42.56
667.000000 42.62
668.000000 42.62
669.000000 42.68
670.000000 42.68
671.000000 42.68
672.000000 42.68
673.000000 42.75
674.000000 42.75
675.000000 42.81
676.000000 42.87
677.000000 42.93
678.000000 43
679.000000 43
680.000000 43.06
681.000000 43.06
682.000000 43.12
683.000000 43.12
684.000000 43.18
685.000000 43.18
686.000000 43.25
687.000000 43.25
688.000000 43.25
689.000000 43.25
690.000000 43.25
691.000000 43.31
692.000000 43.25
693.000000 43.25
694.000000 43.25
695.000000 43.25
696.000000 43.18
697.000000 43.18
698.000000 43.12
699.000000 43.12
700.000000 43.12
701.000000 43.06
702.000000 43.06
703.000000 43.06
704.000000 43
705.000000 43
706.000000 43
707.000000 43
708.000000 43
709.000000 42.93
710.000000 42.93
711.000000 42.93
712.000000 42.87
713.000000 42.87
714.000000 42.87
715.000000 42.93
716.000000 42.93
717.000000 42.93
718.000000 42.93
719.000000 42.93
720.000000 42.93
721.000000 42.93
722.000000 42.93
723.000000 42.93
724.000000 42.93
725.000000 42.93
726.000000 43
727.000000 43
728.000000 43
729.000000 43
730.000000 43
731.000000 42.93
732.000000 42.93
733.000000 42.93
734.000000 42.93
735.000000 43
736.000000 43
737.000000 43
738.000000 43
739.000000 43
740.000000 43
741.000000 43
742.000000 43
743.000000 43
744.000000 43.06
745.000000 43.06
746.000000 43.06
747.000000 43.12
748.000000 43.12
749.000000 43.12
750.000000 43.12
751.000000 43.12
752.000000 43.12
753.000000 43.12
754.000000 43.06
755.000000 43.06
756.000000 43.06
757.000000 43.06
758.000000 43.06
759.000000 43.06
760.000000 43.06
761.000000 43.06
762.000000 43.06
763.000000 43.06
764.000000 43.06
765.000000 43.06
766.000000 43.06
767.000000 43.06
768.000000 43.06
769.000000 43.06
770.000000 43.06
771.000000 43.06
772.000000 43.06
773.000000 43.06
774.000000 43.06
775.000000 43.06
776.000000 43.06
777.000000 43.06
778.000000 43.06
779.000000 43.12
780.000000 43.12
781.000000 43.12
782.000000 43.18
783.000000 43.18
784.000000 43.25
785.000000 43.25
786.000000 43.31
787.000000 43.31
788.000000 43.31
789.000000 43.37
790.000000 43.37
791.000000 43.43
792.000000 43.5
793.000000 43.5
794.000000 43.56
795.000000 43.56
796.000000 43.62
797.000000 43.68
798.000000 43.68
799.000000 43.75
800.000000 43.75
801.000000 43.75
802.000000 43.68
803.000000 43.68
804.000000 43.68
805.000000 43.68
806.000000 43.62
807.000000 43.62
808.000000 43.62
809.000000 43.62
810.000000 43.56
811.000000 43.5
812.000000 43.5
813.000000 43.43
814.000000 43.43
815.000000 43.43
816.000000 43.43
817.000000 43.43
818.000000 43.43
819.000000 43.43
820.000000 43.5
821.000000 43.5
822.000000 43.5
823.000000 43.56
824.000000 43.56
825.000000 43.62
826.000000 43.62
827.000000 43.68
828.000000 43.68
829.000000 43.75
830.000000 43.81
831.000000 43.81
832.000000 43.81
833.000000 43.87
834.000000 43.87
835.000000 43.87
836.000000 43.87
837.000000 43.93
838.000000 43.93
839.000000 44
840.000000 44.06
841.000000 44.06
842.000000 44.12
843.000000 44.18
844.000000 44.18
845.000000 44.31
846.000000 44.31
847.000000 44.37
848.000000 44.43
849.000000 44.43
850.000000 44.5
851.000000 44.5
852.000000 44.56
853.000000 44.56
854.000000 44.62
855.000000 44.62
856.000000 44.62
857.000000 44.68
858.000000 44.75
859.000000 44.75
860.000000 44.81
861.000000 44.81
862.000000 44.87
863.000000 44.87
864.000000 44.93
865.000000 44.93
866.000000 45
867.000000 45
868.000000 45
869.000000 45.06
870.000000 45.06
871.000000 45.06
872.000000 45.06
873.000000 45.06
874.000000 45.12
875.000000 45.12
876.000000 45.12
877.000000 45.12
878.000000 45.18
879.000000 45.18
880.000000 45.18
881.000000 45.18
882.000000 45.18
883.000000 45.25
884.000000 45.25
885.000000 45.31
886.000000 45.31
887.000000 45.31
888.000000 45.31
889.000000 45.31
890.000000 45.31
891.000000 45.31
892.000000 45.37
893.000000 45.37
894.000000 45.37
895.000000 45.43
896.000000 45.43
897.000000 45.43
898.000000 45.43
899.000000 45.43
900.000000 45.43
901.000000 45.43
902.000000 45.43
903.000000 45.43
904.000000 45.5
905.000000 45.5
906.000000 45.5
907.000000 45.56
908.000000 45.56
909.000000 45.56
910.000000 45.56
911.000000 45.56
912.000000 45.56
913.000000 45.62
914.000000 45.62
915.000000 45.68
916.000000 45.68
917.000000 45.75
918.000000 45.75
919.000000 45.75
920.000000 45.81
921.000000 45.81
922.000000 45.87
923.000000 45.87
924.000000 45.87
925.000000 45.93
926.000000 45.93
927.000000 45.93
928.000000 45.93
929.000000 45.93
930.000000 46
931.000000 45.93
932.000000 46
933.000000 46
934.000000 46
935.000000 46.06
936.000000 46.06
937.000000 46.06
938.000000 46.12
939.000000 46.12
940.000000 46.12
941.000000 46.12
942.000000 46.06
943.000000 46.06
944.000000 46.06
945.000000 46.06
946.000000 46.06
947.000000 46.06
948.000000 46.06
949.000000 46.06
950.000000 46
951.000000 46
952.000000 46
953.000000 45.93
954.000000 45.93
955.000000 45.93
956.000000 46
957.000000 46
958.000000 46
959.000000 46
960.000000 46
961.000000 46
962.000000 46
963.000000 45.93
964.000000 46
965.000000 46
966.000000 46.06
967.000000 46.06
968.000000 46.12
969.000000 46.12
970.000000 46.18
971.000000 46.18
972.000000 46.25
973.000000 46.25
974.000000 46.25
975.000000 46.25
976.000000 46.18
977.000000 46.18
978.000000 46.18
979.000000 46.18
980.000000 46.12
981.000000 46.12
982.000000 46.12
983.000000 46.06
984.000000 46.06
985.000000 46.06
986.000000 46.06
987.000000 46.06
988.000000 46
989.000000 46
990.000000 46
991.000000 46
992.000000 46
993.000000 46
994.000000 46
995.000000 46
996.000000 46
997.000000 46
998.000000 46
999.000000 46
1000.000000 46
1001.000000 46
1002.000000 45.93
1003.000000 45.93
1004.000000 46
1005.000000 45.93
1006.000000 45.93
1007.000000 45.93
1008.000000 45.93
1009.000000 45.93
1010.000000 45.87
1011.000000 45.87
1012.000000 45.87
1013.000000 45.87
1014.000000 45.81
1015.000000 45.81
1016.000000 45.75
1017.000000 45.68
1018.000000 45.62
1019.000000 45.56
1020.000000 45.56
1021.000000 45.5
1022.000000 45.43
1023.000000 45.37
1024.000000 45.25
1025.000000 45.18
1026.000000 45.12
1027.000000 45
1028.000000 44.93
1029.000000 44.87
1030.000000 44.75
1031.000000 44.68
1032.000000 44.62
1033.000000 44.56
1034.000000 44.43
1035.000000 44.37
1036.000000 44.25
1037.000000 44.18
1038.000000 44.12
1039.000000 44
1040.000000 43.93
1041.000000 43.87
1042.000000 43.75
1043.000000 43.68
1044.000000 43.62
1045.000000 43.5
1046.000000 43.43
1047.000000 43.37
1048.000000 43.31
1049.000000 43.25
1050.000000 43.18
1051.000000 43.12
1052.000000 43.06
1053.000000 43
1054.000000 42.87
1055.000000 42.87
1056.000000 42.75
1057.000000 42.68
1058.000000 42.62
1059.000000 42.56
1060.000000 42.5
1061.000000 42.5
1062.000000 42.43
1063.000000 42.37
1064.000000 42.31
1065.000000 42.25
1066.000000 42.18
1067.000000 42.12
1068.000000 42.12
1069.000000 42.06
1070.000000 42
1071.000000 42
1072.000000 41.93
1073.000000 41.93
1074.000000 41.87
1075.000000 41.87
1076.000000 41.81
1077.000000 41.81
1078.000000 41.81
1079.000000 41.75
1080.000000 41.75
1081.000000 41.75
1082.000000 41.68
1083.000000 41.68
1084.000000 41.68
1085.000000 41.68
1086.000000 41.68
1087.000000 41.68
1088.000000 41.68
1089.000000 41.62
1090.000000 41.62
1091.000000 41.62
1092.000000 41.62
1093.000000 41.62
1094.000000 41.62
1095.000000 41.56
1096.000000 41.56
1097.000000 41.62
1098.000000 41.62
1099.000000 41.62
1100.000000 41.62
1101.000000 41.62
1102.000000 41.68
1103.000000 41.68
1104.000000 41.68
1105.000000 41.68
1106.000000 41.75
1107.000000 41.75
1108.000000 41.81
1109.000000 41.81
1110.000000 41.87
1111.000000 41.93
1112.000000 41.93
1113.000000 41.93
1114.000000 41.93
1115.000000 41.93
1116.000000 41.93
1117.000000 41.93
1118.000000 41.93
1119.000000 41.93
1120.000000 42
1121.000000 41.93
1122.000000 41.93
1123.000000 41.93
1124.000000 41.87
1125.000000 41.87
1126.000000 41.87
1127.000000 41.81
1128.000000 41.81
1129.000000 41.75
1130.000000 41.68
1131.000000 41.68
1132.000000 41.62
1133.000000 41.56
1134.000000 41.5
1135.000000 41.5
1136.000000 41.43
1137.000000 41.37
1138.000000 41.37
1139.000000 41.31
1140.000000 41.31
1141.000000 41.31
1142.000000 41.25
1143.000000 41.31
1144.000000 41.31
1145.000000 41.25
1146.000000 41.25
1147.000000 41.25
1148.000000 41.25
1149.000000 41.25
1150.000000 41.25
1151.000000 41.25
1152.000000 41.25
1153.000000 41.25
1154.000000 41.25
1155.000000 41.25
1156.000000 41.18
1157.000000 41.12
1158.000000 41.12
1159.000000 41.06
1160.000000 41
1161.000000 41
1162.000000 41
1163.000000 40.93
1164.000000 40.93
1165.000000 40.93
1166.000000 40.93
1167.000000 40.93
1168.000000 40.93
1169.000000 40.87
1170.000000 40.87
1171.000000 40.87
1172.000000 40.87
1173.000000 40.87
1174.000000 40.87
1175.000000 40.87
1176.000000 40.87
1177.000000 40.87
1178.000000 40.87
1179.000000 40.87
1180.000000 40.87
1181.000000 40.81
1182.000000 40.81
1183.000000 40.81
1184.000000 40.81
1185.000000 40.87
1186.000000 40.87
1187.000000 40.87
1188.000000 40.93
1189.000000 40.93
1190.000000 40.93
1191.000000 40.93
1192.000000 41
1193.000000 41
1194.000000 41.06
1195.000000 41.12
1196.000000 41.12
1197.000000 41.18
1198.000000 41.18
1199.000000 41.18
