0.000000 27
1.000000 27
2.000000 63.743
3.000000 43.792
4.000000 44.153
5.000000 44.514
6.000000 43.993
7.000000 44.833
8.000000 45.186
9.000000 45.538
10.000000 45.89
11.000000 45.361
12.000000 46.192
13.000000 45.654
14.000000 45.448
15.000000 46.342
16.000000 45.785
17.000000 45.707
18.000000 45.62
19.000000 44.496
20.000000 44.951
21.000000 44.828
22.000000 44.55
23.000000 44.489
24.000000 44.339
25.000000 44.18
26.000000 43.866
27.000000 43.769
28.000000 43.583
29.000000 43.388
30.000000 43.037
31.000000 42.023
32.000000 42.279
33.000000 41.893
34.000000 41.724
35.000000 41.465
36.000000 40.169
37.000000 40.452
38.000000 40.157
39.000000 39.854
40.000000 39.395
41.000000 38.272
42.000000 38.421
43.000000 37.925
44.000000 37.648
45.000000 36.4
46.000000 36.356
47.000000 36.043
48.000000 35.64
49.000000 35.228
50.000000 34.661
51.000000 34.312
52.000000 33.873
53.000000 33.425
54.000000 33.85
55.000000 32.759
56.000000 32.374
57.000000 31.899
58.000000 32.297
59.000000 31.325
60.000000 31.715
61.000000 30.588
62.000000 31.048
63.000000 30.058
64.000000 30.428
65.000000 29.43
66.000000 28.91
67.000000 29.263
68.000000 29.128
69.000000 28.994
70.000000 27.831
71.000000 28.255
72.000000 28.111
73.000000 27.966
74.000000 27.822
75.000000 27.677
76.000000 27.533
77.000000 27.389
78.000000 28.273
79.000000 27.57
80.000000 27.436
81.000000 28.183
82.000000 27.57
83.000000 28.326
84.000000 27.722
85.000000 28.486
86.000000 27.891
87.000000 27.782
88.000000 28.703
89.000000 28.036
90.000000 28.819
91.000000 28.242
92.000000 29.034
93.000000 28.466
94.000000 29.267
95.000000 28.707
96.000000 28.635
97.000000 28.563
98.000000 29.519
99.000000 28.889
100.000000 28.827
101.000000 28.764
102.000000 28.702
103.000000 29.522
104.000000 28.981
105.000000 29.809
106.000000 29.277
107.000000 29.232
108.000000 30.069
109.000000 29.546
110.000000 30.539
111.000000 29.944
112.000000 29.918
113.000000 30.774
114.000000 30.269
115.000000 30.251
116.000000 31.116
117.000000 30.62
118.000000 30.611
119.000000 30.602
120.000000 30.594
121.000000 31.467
122.000000 30.979
123.000000 30.979
124.000000 30.979
125.000000 30.979
126.000000 30.979
127.000000 30.979
128.000000 30.979
129.000000 30.979
130.000000 30.979
131.000000 32.008
132.000000 31.45
133.000000 31.46
134.000000 32.352
135.000000 31.883
136.000000 31.902
137.000000 32.802
138.000000 32.342
139.000000 32.37
140.000000 32.397
141.000000 32.425
142.000000 32.452
143.000000 32.48
144.000000 32.507
145.000000 32.534
146.000000 32.562
147.000000 32.589
148.000000 32.617
149.000000 32.644
150.000000 31.79
151.000000 32.296
152.000000 32.315
153.000000 32.334
154.000000 32.352
155.000000 31.489
156.000000 31.987
157.000000 31.997
158.000000 32.007
159.000000 32.017
160.000000 32.027
161.000000 32.038
162.000000 32.048
163.000000 32.058
164.000000 32.068
165.000000 32.078
166.000000 32.088
167.000000 32.098
168.000000 32.108
169.000000 32.118
170.000000 32.129
171.000000 32.139
172.000000 32.149
173.000000 31.13
174.000000 31.699
175.000000 31.699
176.000000 31.699
177.000000 30.817
178.000000 31.296
179.000000 31.287
180.000000 31.278
181.000000 31.27
182.000000 31.261
183.000000 31.252
184.000000 30.362
185.000000 30.832
186.000000 30.815
187.000000 30.797
188.000000 30.78
189.000000 30.763
190.000000 29.864
191.000000 30.325
192.000000 30.299
193.000000 30.273
194.000000 30.247
195.000000 30.221
196.000000 30.195
197.000000 30.169
198.000000 30.143
199.000000 30.117
200.000000 74.183
201.000000 50.215
202.000000 50.622
203.000000 51.912
204.000000 51.84
205.000000 52.256
206.000000 52.672
207.000000 53.088
208.000000 53.504
209.000000 53.92
210.000000 53.454
211.000000 54.349
212.000000 53.728
213.000000 54.694
214.000000 54.209
215.000000 54.203
216.000000 54.189
217.000000 54.019
218.000000 54.067
219.000000 54.025
220.000000 53.974
221.000000 52.886
222.000000 53.377
223.000000 52.262
224.000000 52.725
225.000000 52.611
226.000000 52.488
227.000000 52.21
228.000000 51.267
229.000000 51.596
230.000000 51.281
231.000000 50.303
232.000000 50.596
233.000000 50.245
234.000000 49.231
235.000000 49.487
236.000000 49.1
237.000000 48.932
238.000000 47.791
239.000000 47.856
240.000000 47.651
241.000000 47.357
242.000000 47.053
243.000000 46.594
244.000000 46.353
245.000000 46.023
246.000000 45.683
247.000000 45.188
248.000000 44.911
249.000000 44.544
250.000000 44.169
251.000000 42.756
252.000000 42.921
253.000000 41.481
254.000000 41.619
255.000000 41.18
256.000000 40.732
257.000000 40.129
258.000000 39.744
259.000000 39.268
260.000000 39.666
261.000000 38.695
262.000000 39.084
263.000000 37.957
264.000000 37.536
265.000000 37.906
266.000000 37.789
267.000000 36.79
268.000000 37.152
269.000000 37.027
270.000000 36.019
271.000000 36.372
272.000000 35.209
273.000000 35.633
274.000000 34.607
275.000000 34.942
276.000000 34.788
277.000000 34.635
278.000000 33.6
279.000000 34.808
280.000000 34.167
281.000000 33.132
282.000000 33.458
283.000000 34.178
284.000000 33.538
285.000000 33.384
286.000000 34.113
287.000000 33.481
288.000000 34.366
289.000000 33.663
290.000000 33.528
291.000000 33.394
292.000000 34.141
293.000000 33.528
294.000000 33.403
295.000000 34.159
296.000000 33.554
297.000000 34.319
298.000000 33.723
299.000000 34.644
300.000000 34.859
301.000000 35.163
302.000000 34.595
303.000000 35.396
304.000000 35.865
305.000000 35.234
306.000000 35.172
307.000000 35.992
308.000000 35.451
309.000000 36.279
310.000000 35.747
311.000000 35.702
312.000000 36.539
313.000000 36.016
314.000000 35.979
315.000000 35.943
316.000000 36.936
317.000000 36.341
318.000000 36.315
319.000000 36.289
320.000000 37.145
321.000000 36.64
322.000000 36.623
323.000000 37.487
324.000000 36.991
325.000000 36.983
326.000000 36.974
327.000000 37.847
328.000000 37.36
329.000000 37.36
330.000000 37.36
331.000000 38.388
332.000000 37.83
333.000000 36.811
334.000000 37.38
335.000000 38.409
336.000000 37.85
337.000000 37.86
338.000000 37.87
339.000000 37.88
340.000000 37.89
341.000000 37.901
342.000000 37.911
343.000000 37.921
344.000000 37.931
345.000000 37.941
346.000000 37.951
347.000000 37.961
348.000000 37.971
349.000000 37.981
350.000000 37.992
351.000000 38.002
352.000000 38.012
353.000000 38.022
354.000000 38.032
355.000000 38.042
356.000000 37.023
357.000000 37.592
358.000000 37.592
359.000000 37.592
360.000000 36.71
361.000000 37.189
362.000000 38.062
363.000000 37.575
364.000000 38.604
365.000000 38.045
366.000000 38.937
367.000000 38.468
368.000000 38.487
369.000000 38.506
370.000000 38.525
371.000000 39.425
372.000000 38.965
373.000000 38.993
374.000000 39.02
375.000000 39.047
376.000000 39.075
377.000000 39.102
378.000000 39.13
379.000000 39.157
380.000000 38.303
381.000000 38.809
382.000000 38.828
383.000000 38.847
384.000000 38.865
385.000000 38.884
386.000000 38.903
387.000000 38.04
388.000000 38.538
389.000000 38.548
390.000000 38.558
391.000000 38.568
392.000000 38.578
393.000000 38.588
394.000000 38.598
395.000000 38.608
396.000000 38.618
397.000000 38.629
398.000000 38.639
399.000000 39.531
400.000000 83.154
401.000000 59.231
402.000000 59.683
403.000000 60.135
404.000000 60.587
405.000000 61.039
406.000000 61.491
407.000000 61.943
408.000000 61.514
409.000000 62.445
410.000000 62.888
411.000000 63.331
412.000000 62.746
413.000000 62.866
414.000000 62.897
415.000000 63.8
416.000000 63.334
417.000000 63.2
418.000000 63.284
419.000000 63.279
420.000000 63.264
421.000000 62.212
422.000000 62.739
423.000000 62.689
424.000000 62.482
425.000000 62.494
426.000000 62.416
427.000000 61.301
428.000000 61.764
429.000000 60.768
430.000000 60.977
431.000000 60.035
432.000000 60.364
433.000000 60.049
434.000000 59.953
435.000000 59.767
436.000000 58.543
437.000000 58.898
438.000000 58.675
439.000000 58.444
440.000000 58.057
441.000000 57.007
442.000000 57.227
443.000000 56.804
444.000000 56.6
445.000000 55.423
446.000000 55.452
447.000000 55.211
448.000000 53.998
449.000000 53.991
450.000000 53.714
451.000000 54.229
452.000000 53.374
453.000000 52.999
454.000000 52.467
455.000000 51.272
456.000000 51.348
457.000000 49.899
458.000000 50.029
459.000000 48.552
460.000000 48.654
461.000000 48.179
462.000000 46.666
463.000000 46.733
464.000000 46.221
465.000000 45.701
466.000000 45.026
467.000000 45.45
468.000000 44.424
469.000000 44.758
470.000000 44.605
471.000000 43.57
472.000000 43.896
473.000000 43.734
474.000000 42.69
475.000000 43.007
476.000000 42.837
477.000000 43.548
478.000000 42.899
479.000000 43.619
480.000000 42.978
481.000000 42.825
482.000000 43.554
483.000000 43.951
484.000000 43.248
485.000000 43.995
486.000000 43.382
487.000000 43.257
488.000000 43.131
489.000000 43.005
490.000000 42.88
491.000000 43.636
492.000000 43.031
493.000000 42.914
494.000000 42.797
495.000000 43.562
496.000000 42.966
497.000000 43.887
498.000000 43.22
499.000000 43.121
500.000000 43.905
501.000000 43.328
502.000000 43.238
503.000000 43.149
504.000000 43.059
505.000000 42.97
506.000000 42.88
507.000000 41.909
508.000000 42.298
509.000000 42.2
510.000000 41.073
511.000000 41.533
512.000000 41.425
513.000000 41.317
514.000000 41.208
515.000000 42.129
516.000000 42.344
517.000000 42.648
518.000000 42.962
519.000000 43.431
520.000000 43.682
521.000000 43.141
522.000000 43.088
523.000000 43.916
524.000000 43.384
525.000000 43.339
526.000000 44.176
527.000000 43.652
528.000000 43.616
529.000000 43.58
530.000000 44.573
531.000000 43.978
532.000000 43.952
533.000000 44.808
534.000000 44.303
535.000000 45.167
536.000000 44.671
537.000000 45.545
538.000000 45.057
539.000000 45.057
540.000000 46.086
541.000000 44.498
542.000000 46.096
543.000000 45.537
544.000000 45.547
545.000000 45.557
546.000000 45.568
547.000000 45.578
548.000000 45.588
549.000000 46.48
550.000000 46.011
551.000000 46.03
552.000000 46.049
553.000000 46.067
554.000000 45.204
555.000000 45.702
556.000000 44.683
557.000000 45.252
558.000000 45.252
559.000000 44.37
560.000000 44.849
561.000000 44.84
562.000000 44.832
563.000000 44.823
564.000000 44.814
565.000000 45.688
566.000000 45.2
567.000000 45.2
568.000000 46.229
569.000000 45.67
570.000000 45.68
571.000000 45.69
572.000000 45.7
573.000000 45.711
574.000000 44.692
575.000000 44.379
576.000000 44.858
577.000000 43.967
578.000000 44.437
579.000000 44.42
580.000000 44.403
581.000000 44.385
582.000000 44.368
583.000000 44.351
584.000000 44.333
585.000000 44.316
586.000000 43.417
587.000000 43.878
588.000000 42.824
589.000000 43.356
590.000000 43.32
591.000000 42.402
592.000000 42.845
593.000000 42.8
594.000000 42.755
595.000000 42.71
596.000000 42.666
597.000000 42.621
598.000000 41.694
599.000000 42.128
600.000000 87.048
601.000000 62.574
602.000000 62.963
603.000000 64.233
604.000000 64.143
605.000000 65.569
606.000000 65.408
607.000000 65.815
608.000000 66.222
609.000000 66.63
610.000000 66.008
611.000000 66.974
612.000000 67.372
613.000000 67.769
614.000000 68.166
615.000000 68.563
616.000000 68.96
617.000000 68.476
618.000000 69.352
619.000000 69.74
620.000000 69.247
621.000000 70.115
622.000000 69.613
623.000000 69.442
624.000000 70.372
625.000000 68.97
626.000000 69.407
627.000000 69.201
628.000000 69.212
629.000000 70.016
630.000000 69.451
631.000000 69.364
632.000000 69.122
633.000000 69.098
634.000000 68.984
635.000000 68.861
636.000000 67.7
637.000000 68.119
638.000000 67.96
639.000000 66.764
640.000000 67.146
641.000000 66.951
642.000000 66.601
643.000000 66.468
644.000000 66.246
645.000000 66.014
646.000000 65.628
647.000000 65.459
648.000000 66.082
649.000000 65.336
650.000000 65.069
651.000000 64.646
652.000000 65.323
653.000000 64.55
654.000000 64.255
655.000000 63.952
656.000000 63.493
657.000000 63.252
658.000000 62.921
659.000000 62.582
660.000000 62.087
661.000000 62.692
662.000000 62.728
663.000000 62.764
664.000000 61.918
665.000000 62.433
666.000000 62.46
667.000000 61.606
668.000000 61.23
669.000000 60.699
670.000000 60.386
671.000000 60.865
672.000000 59.975
673.000000 59.563
674.000000 60.024
675.000000 58.97
676.000000 58.62
677.000000 58.181
678.000000 57.733
679.000000 57.13
680.000000 57.627
681.000000 56.673
682.000000 57.079
683.000000 56.116
684.000000 56.514
685.000000 55.543
686.000000 55.932
687.000000 54.805
688.000000 55.266
689.000000 54.275
690.000000 54.646
691.000000 54.529
692.000000 54.412
693.000000 55.177
694.000000 54.581
695.000000 54.473
696.000000 54.364
697.000000 54.256
698.000000 54.148
699.000000 54.039
700.000000 53.931
701.000000 53.823
702.000000 53.714
703.000000 53.606
704.000000 53.498
705.000000 54.418
706.000000 53.751
707.000000 54.535
708.000000 53.958
709.000000 53.868
710.000000 54.66
711.000000 54.092
712.000000 54.011
713.000000 53.93
714.000000 53.849
715.000000 54.65
716.000000 54.091
717.000000 54.018
718.000000 53.946
719.000000 53.874
720.000000 53.802
721.000000 54.758
722.000000 54.127
723.000000 54.065
724.000000 54.003
725.000000 53.941
726.000000 54.761
727.000000 54.22
728.000000 54.166
729.000000 54.113
730.000000 53.178
731.000000 53.603
732.000000 53.541
733.000000 53.479
734.000000 53.417
735.000000 54.236
736.000000 53.696
737.000000 53.642
738.000000 54.47
739.000000 53.938
740.000000 53.893
741.000000 53.849
742.000000 53.804
743.000000 53.759
744.000000 53.714
745.000000 53.669
746.000000 53.625
747.000000 53.58
748.000000 53.535
749.000000 53.49
750.000000 53.446
751.000000 53.401
752.000000 53.356
753.000000 54.193
754.000000 53.669
755.000000 53.633
756.000000 53.597
757.000000 53.561
758.000000 53.525
759.000000 53.489
760.000000 53.453
761.000000 53.417
762.000000 53.381
763.000000 52.463
764.000000 52.905
765.000000 52.861
766.000000 52.816
767.000000 52.771
768.000000 52.726
769.000000 52.681
770.000000 52.637
771.000000 52.592
772.000000 53.429
773.000000 52.905
774.000000 52.869
775.000000 52.833
776.000000 52.797
777.000000 52.761
778.000000 52.725
779.000000 52.689
780.000000 52.653
781.000000 52.616
782.000000 53.609
783.000000 53.014
784.000000 51.96
785.000000 52.492
786.000000 53.485
787.000000 52.89
788.000000 52.864
789.000000 51.809
790.000000 52.342
791.000000 52.306
792.000000 51.388
793.000000 51.831
794.000000 51.786
795.000000 51.741
796.000000 51.696
797.000000 51.652
798.000000 51.607
799.000000 51.562
800.000000 95.609
801.000000 72.504
802.000000 72.414
803.000000 72.811
804.000000 73.208
805.000000 72.724
806.000000 72.718
807.000000 72.704
808.000000 72.534
809.000000 72.582
810.000000 72.54
811.000000 72.489
812.000000 72.283
813.000000 72.295
814.000000 72.217
815.000000 72.13
816.000000 71.888
817.000000 72.746
818.000000 71.271
819.000000 72.517
820.000000 71.907
821.000000 71.629
822.000000 71.568
823.000000 72.3
824.000000 72.544
825.000000 72.788
826.000000 73.032
827.000000 73.276
828.000000 72.639
829.000000 73.362
830.000000 73.597
831.000000 74.714
832.000000 74.471
833.000000 74.715
834.000000 74.959
835.000000 74.321
836.000000 75.044
837.000000 75.28
838.000000 75.515
839.000000 74.869
840.000000 75.583
841.000000 74.781
842.000000 75.567
843.000000 74.901
844.000000 74.715
845.000000 75.402
846.000000 74.719
847.000000 74.369
848.000000 75.118
849.000000 74.417
850.000000 74.194
851.000000 73.963
852.000000 73.576
853.000000 73.408
854.000000 74.031
855.000000 73.285
856.000000 73.018
857.000000 72.595
858.000000 72.39
859.000000 72.096
860.000000 71.792
861.000000 72.362
862.000000 71.416
863.000000 72.057
864.000000 72.129
865.000000 71.319
866.000000 71.87
867.000000 71.934
868.000000 71.997
869.000000 71.179
870.000000 71.721
871.000000 71.776
872.000000 71.831
873.000000 71.886
874.000000 71.059
875.000000 71.593
876.000000 71.639
877.000000 70.657
878.000000 71.261
879.000000 71.298
880.000000 70.452
881.000000 70.967
882.000000 70.994
883.000000 71.022
884.000000 71.049
885.000000 70.195
886.000000 70.701
887.000000 70.72
888.000000 70.739
889.000000 70.757
890.000000 70.776
891.000000 69.913
892.000000 70.411
893.000000 69.392
894.000000 69.961
895.000000 69.961
896.000000 69.079
897.000000 69.558
898.000000 69.549
899.000000 68.659
900.000000 69.129
901.000000 68.229
902.000000 68.691
903.000000 68.665
904.000000 68.639
905.000000 68.613
906.000000 67.558
907.000000 68.091
908.000000 68.055
909.000000 67.137
910.000000 67.579
911.000000 67.535
912.000000 67.49
913.000000 67.445
914.000000 67.4
915.000000 67.356
916.000000 67.311
917.000000 67.266
918.000000 66.339
919.000000 66.773
920.000000 66.72
921.000000 66.667
922.000000 66.613
923.000000 66.56
924.000000 65.624
925.000000 66.05
926.000000 65.988
927.000000 64.897
928.000000 65.393
929.000000 65.321
930.000000 66.278
931.000000 65.647
932.000000 65.585
933.000000 66.404
934.000000 65.863
935.000000 65.81
936.000000 65.757
937.000000 65.703
938.000000 64.768
939.000000 66.075
940.000000 65.534
941.000000 65.481
942.000000 65.427
943.000000 66.256
944.000000 65.723
945.000000 65.679
946.000000 65.634
947.000000 64.707
948.000000 65.141
949.000000 64.206
950.000000 63.603
951.000000 64.099
952.000000 63.145
953.000000 63.552
954.000000 63.471
955.000000 64.272
956.000000 63.712
957.000000 63.64
958.000000 64.596
959.000000 64.847
960.000000 65.188
961.000000 64.656
962.000000 65.493
963.000000 64.969
964.000000 65.962
965.000000 65.367
966.000000 66.223
967.000000 66.6
968.000000 66.104
969.000000 66.095
970.000000 66.087
971.000000 66.078
972.000000 66.069
973.000000 66.061
974.000000 65.17
975.000000 65.64
976.000000 64.741
977.000000 65.203
978.000000 64.148
979.000000 63.799
980.000000 64.241
981.000000 63.315
982.000000 62.867
983.000000 62.264
984.000000 61.878
985.000000 62.285
986.000000 61.322
987.000000 61.72
988.000000 62.512
989.000000 62.826
990.000000 63.295
991.000000 62.664
992.000000 62.602
993.000000 63.422
994.000000 62.881
995.000000 62.827
996.000000 62.774
997.000000 63.602
998.000000 63.952
999.000000 64.457
1000.000000 0
1001.000000 39.877
1002.000000 39.129
1003.000000 38.38
1004.000000 37.632
1005.000000 36.884
1006.000000 35.107
1007.000000 34.917
1008.000000 33.277
1009.000000 32.998
1010.000000 32.231
1011.000000 31.464
1012.000000 31.578
1013.000000 30.333
1014.000000 30.603
1015.000000 29.286
1016.000000 29.42
1017.000000 29.074
1018.000000 28.738
1019.000000 28.557
1020.000000 29.04
1021.000000 28.252
1022.000000 28.107
1023.000000 28.626
1024.000000 27.874
1025.000000 28.647
1026.000000 28.723
1027.000000 28.163
1028.000000 29.636
1029.000000 29.507
1030.000000 29.655
1031.000000 30.931
1032.000000 30.784
1033.000000 30.996
1034.000000 32.335
1035.000000 32.104
1036.000000 32.607
1037.000000 32.899
1038.000000 33.438
1039.000000 33.767
1040.000000 34.341
1041.000000 34.706
1042.000000 35.317
1043.000000 35.718
1044.000000 36.365
1045.000000 37.831
1046.000000 37.808
1047.000000 38.519
1048.000000 39.901
1049.000000 40.169
1050.000000 39.833
1051.000000 41.103
1052.000000 41.676
1053.000000 41.466
1054.000000 42.78
1055.000000 43.398
1056.000000 43.38
1057.000000 44.513
1058.000000 44.375
1059.000000 44.88
1060.000000 46.049
1061.000000 45.947
1062.000000 46.488
1063.000000 46.812
1064.000000 47.225
1065.000000 47.646
1066.000000 47.195
1067.000000 48.26
1068.000000 47.737
1069.000000 48.665
1070.000000 48.233
1071.000000 48.288
1072.000000 49.224
1073.000000 48.801
1074.000000 48.864
1075.000000 48.928
1076.000000 48.991
1077.000000 49.937
1078.000000 49.521
1079.000000 49.594
1080.000000 49.666
1081.000000 49.738
1082.000000 49.81
1083.000000 49.001
1084.000000 49.552
1085.000000 49.615
1086.000000 49.679
1087.000000 49.742
1088.000000 49.806
1089.000000 49.869
1090.000000 49.933
1091.000000 49.115
1092.000000 49.657
1093.000000 49.712
1094.000000 49.767
1095.000000 48.94
1096.000000 49.474
1097.000000 49.52
1098.000000 48.537
1099.000000 48.26
1100.000000 47.893
1101.000000 48.4
1102.000000 47.537
1103.000000 47.005
1104.000000 47.574
1105.000000 46.692
1106.000000 47.171
1107.000000 46.281
1108.000000 46.751
1109.000000 46.734
1110.000000 46.716
1111.000000 45.817
1112.000000 46.279
1113.000000 46.253
1114.000000 46.227
1115.000000 46.201
1116.000000 45.146
1117.000000 45.678
1118.000000 44.76
1119.000000 45.203
1120.000000 45.158
1121.000000 45.995
1122.000000 45.472
1123.000000 45.436
1124.000000 45.4
1125.000000 45.363
1126.000000 45.327
1127.000000 45.291
1128.000000 45.255
1129.000000 44.337
1130.000000 44.78
1131.000000 43.853
1132.000000 44.287
1133.000000 44.234
1134.000000 44.18
1135.000000 44.127
1136.000000 44.074
1137.000000 44.02
1138.000000 43.967
1139.000000 43.913
1140.000000 43.86
1141.000000 43.806
1142.000000 43.753
1143.000000 43.699
1144.000000 43.646
1145.000000 43.593
1146.000000 44.421
1147.000000 43.889
1148.000000 43.844
1149.000000 43.799
1150.000000 43.754
1151.000000 43.71
1152.000000 43.665
1153.000000 44.502
1154.000000 43.978
1155.000000 43.942
1156.000000 44.935
1157.000000 44.34
1158.000000 45.196
1159.000000 44.691
1160.000000 44.674
1161.000000 45.538
1162.000000 45.042
1163.000000 45.033
1164.000000 45.907
1165.000000 45.419
1166.000000 45.419
1167.000000 45.419
1168.000000 45.419
1169.000000 45.419
1170.000000 45.419
1171.000000 46.448
1172.000000 44.86
1173.000000 45.429
1174.000000 45.429
1175.000000 45.429
1176.000000 45.429
1177.000000 46.458
1178.000000 45.899
1179.000000 45.909
1180.000000 46.801
1181.000000 46.333
1182.000000 46.351
1183.000000 47.252
1184.000000 46.792
1185.000000 46.819
1186.000000 46.847
1187.000000 46.874
1188.000000 46.902
1189.000000 47.811
1190.000000 47.36
1191.000000 46.514
1192.000000 47.029
1193.000000 47.056
1194.000000 47.084
1195.000000 47.111
1196.000000 47.139
1197.000000 47.166
1198.000000 47.194
1199.000000 47.221
