0.000000 27
1.000000 27
2.000000 48.3
3.000000 36.734
4.000000 36.943
5.000000 37.153
6.000000 37.362
7.000000 37.571
8.000000 37.781
9.000000 37.99
10.000000 38.199
11.000000 38.409
12.000000 38.618
13.000000 37.878
14.000000 38.603
15.000000 37.989
16.000000 38.631
17.000000 38.009
18.000000 38.643
19.000000 38.013
20.000000 37.689
21.000000 38.381
22.000000 37.733
23.000000 38.342
24.000000 37.687
25.000000 37.473
26.000000 37.116
27.000000 36.961
28.000000 37.536
29.000000 36.847
30.000000 36.601
31.000000 36.21
32.000000 36.835
33.000000 36.121
34.000000 35.849
35.000000 36.383
36.000000 35.653
37.000000 35.23
38.000000 35.007
39.000000 35.516
40.000000 34.761
41.000000 35.261
42.000000 34.498
43.000000 34.991
44.000000 34.084
45.000000 34.642
46.000000 33.861
47.000000 34.337
48.000000 34.362
49.000000 33.573
50.000000 34.041
51.000000 33.244
52.000000 33.703
53.000000 33.713
54.000000 32.772
55.000000 33.297
56.000000 33.297
57.000000 33.297
58.000000 32.483
59.000000 32.925
60.000000 32.917
61.000000 32.095
62.000000 32.529
63.000000 32.513
64.000000 32.497
65.000000 32.481
66.000000 31.651
67.000000 32.077
68.000000 32.053
69.000000 32.029
70.000000 32.005
71.000000 31.032
72.000000 31.523
73.000000 31.49
74.000000 31.457
75.000000 31.423
76.000000 31.39
77.000000 31.357
78.000000 31.323
79.000000 30.476
80.000000 30.885
81.000000 30.843
82.000000 30.802
83.000000 30.761
84.000000 30.719
85.000000 30.678
86.000000 30.637
87.000000 30.595
88.000000 30.554
89.000000 30.513
90.000000 30.471
91.000000 29.616
92.000000 30.017
93.000000 29.153
94.000000 29.546
95.000000 29.489
96.000000 28.482
97.000000 28.94
98.000000 28.873
99.000000 28.807
100.000000 28.74
101.000000 28.673
102.000000 28.607
103.000000 28.54
104.000000 29.423
105.000000 28.841
106.000000 28.783
107.000000 28.726
108.000000 29.483
109.000000 28.983
110.000000 29.748
111.000000 29.257
112.000000 29.215
113.000000 29.988
114.000000 29.505
115.000000 29.471
116.000000 29.438
117.000000 29.405
118.000000 30.321
119.000000 29.772
120.000000 29.748
121.000000 29.724
122.000000 29.7
123.000000 29.676
124.000000 30.466
125.000000 30
126.000000 29.984
127.000000 29.968
128.000000 29.952
129.000000 29.936
130.000000 29.92
131.000000 29.904
132.000000 29.888
133.000000 29.872
134.000000 30.67
135.000000 29.398
136.000000 30.646
137.000000 30.188
138.000000 30.18
139.000000 30.172
140.000000 30.164
141.000000 30.156
142.000000 30.148
143.000000 30.14
144.000000 30.132
145.000000 30.938
146.000000 30.488
147.000000 30.488
148.000000 30.488
149.000000 30.488
150.000000 30.488
151.000000 30.488
152.000000 30.488
153.000000 30.488
154.000000 30.488
155.000000 30.488
156.000000 31.438
157.000000 30.922
158.000000 30.931
159.000000 30.941
160.000000 30.95
161.000000 30.959
162.000000 30.969
163.000000 31.792
164.000000 31.359
165.000000 31.377
166.000000 30.58
167.000000 31.039
168.000000 31.049
169.000000 30.108
170.000000 30.633
171.000000 30.633
172.000000 30.633
173.000000 30.633
174.000000 30.633
175.000000 30.633
176.000000 29.819
177.000000 31.075
178.000000 29.811
179.000000 30.253
180.000000 30.245
181.000000 31.051
182.000000 30.601
183.000000 30.601
184.000000 30.601
185.000000 30.601
186.000000 30.601
187.000000 30.601
188.000000 31.551
189.000000 31.035
190.000000 31.045
191.000000 31.054
192.000000 31.063
193.000000 30.123
194.000000 30.648
195.000000 31.598
196.000000 31.082
197.000000 31.091
198.000000 31.101
199.000000 31.11
200.000000 71.819
201.000000 49.729
202.000000 50.138
203.000000 50.547
204.000000 50.957
205.000000 51.366
206.000000 51.775
207.000000 52.185
208.000000 52.594
209.000000 53.003
210.000000 52.463
211.000000 53.388
212.000000 52.974
213.000000 53.002
214.000000 53.836
215.000000 53.406
216.000000 53.282
217.000000 53.36
218.000000 52.541
219.000000 52.834
220.000000 52.878
221.000000 52.839
222.000000 52.793
223.000000 51.788
224.000000 52.241
225.000000 51.212
226.000000 51.639
227.000000 50.72
228.000000 50.913
229.000000 50.857
230.000000 49.905
231.000000 50.064
232.000000 49.975
233.000000 49.803
234.000000 48.674
235.000000 49.001
236.000000 47.982
237.000000 48.075
238.000000 47.105
239.000000 47.309
240.000000 46.104
241.000000 46.357
242.000000 45.128
243.000000 45.355
244.000000 45.05
245.000000 43.787
246.000000 43.981
247.000000 42.829
248.000000 42.788
249.000000 42.499
250.000000 41.313
251.000000 41.24
252.000000 40.103
253.000000 40.14
254.000000 39.583
255.000000 39.227
256.000000 38.789
257.000000 38.342
258.000000 38.701
259.000000 37.661
260.000000 37.272
261.000000 36.8
262.000000 37.134
263.000000 37.018
264.000000 36.902
265.000000 35.972
266.000000 36.298
267.000000 36.174
268.000000 35.1
269.000000 35.492
270.000000 34.545
271.000000 34.853
272.000000 34.712
273.000000 34.571
274.000000 35.243
275.000000 34.66
276.000000 35.476
277.000000 34.827
278.000000 35.517
279.000000 34.951
280.000000 35.649
281.000000 35.905
282.000000 35.355
283.000000 36.205
284.000000 35.589
285.000000 36.313
286.000000 36.594
287.000000 36.069
288.000000 35.995
289.000000 36.734
290.000000 36.217
291.000000 36.151
292.000000 36.084
293.000000 36.017
294.000000 35.137
295.000000 35.512
296.000000 36.251
297.000000 35.735
298.000000 35.668
299.000000 36.551
300.000000 35.969
301.000000 35.911
302.000000 35.854
303.000000 36.611
304.000000 36.111
305.000000 36.062
306.000000 36.827
307.000000 36.335
308.000000 36.294
309.000000 36.253
310.000000 37.025
311.000000 36.542
312.000000 36.509
313.000000 36.475
314.000000 36.442
315.000000 36.409
316.000000 36.375
317.000000 36.342
318.000000 36.309
319.000000 36.275
320.000000 37.192
321.000000 36.643
322.000000 36.619
323.000000 36.595
324.000000 37.385
325.000000 36.919
326.000000 36.903
327.000000 36.887
328.000000 36.057
329.000000 36.483
330.000000 36.459
331.000000 36.435
332.000000 37.225
333.000000 35.945
334.000000 36.371
335.000000 36.347
336.000000 36.323
337.000000 36.299
338.000000 37.089
339.000000 36.623
340.000000 37.421
341.000000 36.963
342.000000 37.769
343.000000 37.319
344.000000 37.319
345.000000 37.319
346.000000 37.319
347.000000 38.268
348.000000 37.753
349.000000 37.762
350.000000 37.771
351.000000 37.781
352.000000 38.604
353.000000 38.171
354.000000 38.189
355.000000 38.206
356.000000 39.037
357.000000 38.613
358.000000 38.638
359.000000 38.663
360.000000 38.689
361.000000 38.714
362.000000 37.925
363.000000 38.393
364.000000 38.41
365.000000 38.427
366.000000 38.445
367.000000 38.462
368.000000 38.479
369.000000 38.497
370.000000 38.514
371.000000 38.531
372.000000 38.549
373.000000 39.38
374.000000 38.141
375.000000 38.609
376.000000 38.626
377.000000 38.643
378.000000 39.475
379.000000 38.236
380.000000 38.703
381.000000 38.721
382.000000 38.738
383.000000 38.755
384.000000 38.773
385.000000 38.79
386.000000 38.807
387.000000 38.825
388.000000 38.028
389.000000 38.487
390.000000 38.497
391.000000 38.506
392.000000 38.515
393.000000 38.525
394.000000 38.534
395.000000 37.594
396.000000 38.119
397.000000 38.119
398.000000 38.119
399.000000 38.119
400.000000 78.819
401.000000 56.719
402.000000 57.119
403.000000 56.705
404.000000 57.547
405.000000 57.939
406.000000 57.517
407.000000 58.351
408.000000 58.735
409.000000 59.119
410.000000 59.503
411.000000 59.073
412.000000 59.899
413.000000 60.275
414.000000 59.701
415.000000 60.593
416.000000 60.145
417.000000 60.14
418.000000 60.941
419.000000 60.477
420.000000 61.27
421.000000 60.663
422.000000 60.707
423.000000 60.669
424.000000 60.622
425.000000 60.432
426.000000 60.443
427.000000 60.371
428.000000 60.291
429.000000 60.067
430.000000 60.045
431.000000 59.939
432.000000 59.826
433.000000 59.569
434.000000 59.513
435.000000 59.375
436.000000 59.228
437.000000 58.938
438.000000 58.849
439.000000 58.677
440.000000 57.547
441.000000 57.875
442.000000 57.669
443.000000 56.506
444.000000 55.987
445.000000 56.19
446.000000 54.986
447.000000 55.239
448.000000 54.959
449.000000 54.535
450.000000 54.313
451.000000 54.007
452.000000 53.694
453.000000 53.237
454.000000 53.795
455.000000 53.015
456.000000 52.676
457.000000 52.329
458.000000 51.839
459.000000 51.55
460.000000 51.992
461.000000 51.17
462.000000 50.79
463.000000 51.216
464.000000 50.242
465.000000 49.92
466.000000 50.329
467.000000 49.473
468.000000 49.874
469.000000 49.011
470.000000 49.403
471.000000 48.396
472.000000 48.855
473.000000 47.974
474.000000 48.349
475.000000 47.461
476.000000 47.828
477.000000 46.931
478.000000 47.291
479.000000 46.25
480.000000 46.675
481.000000 45.761
482.000000 46.103
483.000000 45.181
484.000000 45.515
485.000000 45.399
486.000000 44.469
487.000000 44.795
488.000000 44.671
489.000000 44.547
490.000000 43.474
491.000000 43.865
492.000000 43.732
493.000000 44.548
494.000000 43.899
495.000000 43.775
496.000000 43.651
497.000000 44.341
498.000000 43.775
499.000000 43.659
500.000000 44.357
501.000000 43.799
502.000000 43.691
503.000000 44.397
504.000000 43.847
505.000000 43.747
506.000000 44.597
507.000000 43.981
508.000000 43.891
509.000000 44.614
510.000000 44.081
511.000000 43.999
512.000000 44.73
513.000000 44.205
514.000000 44.945
515.000000 44.428
516.000000 45.311
517.000000 44.729
518.000000 44.671
519.000000 44.614
520.000000 45.371
521.000000 44.057
522.000000 44.45
523.000000 44.393
524.000000 44.335
525.000000 44.278
526.000000 45.035
527.000000 44.535
528.000000 44.486
529.000000 44.437
530.000000 44.387
531.000000 44.338
532.000000 44.289
533.000000 44.239
534.000000 44.19
535.000000 44.141
536.000000 43.277
537.000000 43.67
538.000000 44.427
539.000000 43.927
540.000000 43.878
541.000000 44.643
542.000000 44.151
543.000000 44.11
544.000000 44.883
545.000000 44.399
546.000000 44.366
547.000000 45.282
548.000000 44.733
549.000000 44.709
550.000000 45.499
551.000000 45.033
552.000000 45.017
553.000000 45.001
554.000000 45.799
555.000000 45.341
556.000000 45.333
557.000000 45.325
558.000000 45.317
559.000000 45.309
560.000000 45.301
561.000000 45.293
562.000000 45.285
563.000000 45.277
564.000000 45.269
565.000000 45.261
566.000000 45.253
567.000000 46.059
568.000000 45.609
569.000000 45.609
570.000000 46.559
571.000000 46.043
572.000000 46.053
573.000000 46.062
574.000000 46.071
575.000000 46.081
576.000000 46.904
577.000000 46.471
578.000000 46.489
579.000000 46.506
580.000000 46.523
581.000000 46.541
582.000000 46.558
583.000000 45.761
584.000000 46.221
585.000000 46.23
586.000000 46.239
587.000000 46.249
588.000000 45.308
589.000000 45.833
590.000000 45.833
591.000000 45.833
592.000000 45.833
593.000000 45.833
594.000000 45.833
595.000000 45.833
596.000000 45.833
597.000000 45.833
598.000000 45.833
599.000000 45.833
600.000000 85.719
601.000000 64.061
602.000000 64.453
603.000000 64.845
604.000000 64.423
605.000000 65.257
606.000000 65.641
607.000000 66.025
608.000000 65.595
609.000000 66.421
610.000000 65.848
611.000000 66.739
612.000000 66.292
613.000000 66.287
614.000000 67.087
615.000000 67.438
616.000000 66.975
617.000000 67.767
618.000000 67.16
619.000000 68.019
620.000000 67.538
621.000000 67.499
622.000000 67.453
623.000000 67.262
624.000000 67.273
625.000000 67.201
626.000000 67.121
627.000000 66.898
628.000000 66.875
629.000000 66.77
630.000000 67.471
631.000000 66.907
632.000000 66.65
633.000000 67.409
634.000000 66.828
635.000000 66.689
636.000000 66.543
637.000000 66.252
638.000000 66.163
639.000000 65.991
640.000000 65.811
641.000000 66.437
642.000000 64.85
643.000000 65.169
644.000000 64.956
645.000000 64.599
646.000000 64.443
647.000000 65.019
648.000000 64.33
649.000000 64.083
650.000000 63.693
651.000000 63.504
652.000000 62.418
653.000000 63.394
654.000000 62.52
655.000000 62.298
656.000000 62.807
657.000000 62.051
658.000000 61.738
659.000000 61.281
660.000000 61.025
661.000000 61.501
662.000000 60.712
663.000000 60.365
664.000000 60.825
665.000000 59.884
666.000000 60.409
667.000000 59.595
668.000000 60.037
669.000000 59.215
670.000000 59.649
671.000000 58.819
672.000000 59.245
673.000000 58.272
674.000000 58.763
675.000000 58.73
676.000000 58.697
677.000000 58.663
678.000000 57.816
679.000000 59.039
680.000000 57.741
681.000000 58.15
682.000000 58.109
683.000000 57.253
684.000000 57.654
685.000000 57.605
686.000000 56.741
687.000000 57.134
688.000000 56.127
689.000000 56.585
690.000000 56.519
691.000000 56.452
692.000000 56.385
693.000000 56.319
694.000000 56.252
695.000000 56.185
696.000000 56.119
697.000000 56.052
698.000000 55.985
699.000000 55.919
700.000000 55.852
701.000000 55.785
702.000000 55.719
703.000000 55.652
704.000000 55.585
705.000000 56.468
706.000000 55.886
707.000000 55.829
708.000000 55.771
709.000000 55.714
710.000000 55.657
711.000000 55.599
712.000000 55.542
713.000000 55.485
714.000000 56.241
715.000000 55.742
716.000000 55.693
717.000000 55.643
718.000000 55.594
719.000000 55.545
720.000000 55.495
721.000000 55.446
722.000000 55.397
723.000000 54.533
724.000000 54.926
725.000000 54.869
726.000000 54.811
727.000000 54.754
728.000000 54.697
729.000000 54.639
730.000000 54.582
731.000000 55.339
732.000000 54.839
733.000000 54.79
734.000000 54.741
735.000000 54.691
736.000000 54.642
737.000000 53.779
738.000000 54.171
739.000000 54.114
740.000000 54.057
741.000000 53.999
742.000000 53.942
743.000000 54.699
744.000000 54.199
745.000000 54.15
746.000000 54.101
747.000000 54.051
748.000000 54.002
749.000000 53.953
750.000000 53.903
751.000000 53.04
752.000000 53.433
753.000000 53.375
754.000000 53.318
755.000000 54.075
756.000000 53.575
757.000000 53.526
758.000000 53.477
759.000000 54.241
760.000000 53.75
761.000000 53.709
762.000000 53.667
763.000000 53.626
764.000000 54.399
765.000000 53.915
766.000000 53.882
767.000000 53.849
768.000000 53.815
769.000000 53.782
770.000000 53.749
771.000000 53.715
772.000000 53.682
773.000000 53.649
774.000000 53.615
775.000000 53.582
776.000000 53.549
777.000000 53.515
778.000000 53.482
779.000000 53.449
780.000000 53.415
781.000000 54.332
782.000000 53.783
783.000000 53.759
784.000000 53.735
785.000000 53.711
786.000000 54.501
787.000000 54.035
788.000000 54.019
789.000000 54.003
790.000000 53.987
791.000000 53.971
792.000000 53.955
793.000000 53.939
794.000000 53.923
795.000000 53.907
796.000000 53.891
797.000000 53.875
798.000000 53.859
799.000000 53.843
800.000000 94.527
801.000000 72.411
802.000000 72.795
803.000000 73.179
804.000000 73.563
805.000000 74.761
806.000000 74.703
807.000000 75.095
808.000000 75.487
809.000000 75.879
810.000000 76.271
811.000000 75.849
812.000000 75.869
813.000000 76.695
814.000000 76.121
815.000000 76.199
816.000000 77.007
817.000000 77.366
818.000000 76.911
819.000000 77.711
820.000000 77.248
821.000000 77.091
822.000000 77.135
823.000000 77.911
824.000000 77.422
825.000000 77.375
826.000000 77.185
827.000000 77.196
828.000000 77.124
829.000000 77.858
830.000000 77.328
831.000000 77.104
832.000000 77.896
833.000000 78.163
834.000000 78.429
835.000000 77.882
836.000000 78.591
837.000000 78.035
838.000000 78.736
839.000000 78.173
840.000000 77.916
841.000000 77.86
842.000000 77.721
843.000000 77.575
844.000000 76.47
845.000000 76.823
846.000000 76.643
847.000000 76.32
848.000000 76.197
849.000000 75.992
850.000000 75.779
851.000000 75.422
852.000000 75.266
853.000000 75.841
854.000000 75.153
855.000000 74.906
856.000000 74.516
857.000000 75.141
858.000000 75.241
859.000000 75.341
860.000000 75.441
861.000000 75.541
862.000000 75.641
863.000000 75.741
864.000000 75.027
865.000000 75.569
866.000000 74.847
867.000000 74.567
868.000000 74.143
869.000000 73.921
870.000000 73.615
871.000000 74.116
872.000000 74.167
873.000000 74.217
874.000000 74.268
875.000000 73.505
876.000000 73.997
877.000000 73.09
878.000000 73.649
879.000000 72.868
880.000000 73.343
881.000000 73.369
882.000000 73.394
883.000000 73.419
884.000000 72.631
885.000000 73.098
886.000000 72.301
887.000000 72.761
888.000000 71.82
889.000000 71.531
890.000000 71.973
891.000000 71.151
892.000000 71.585
893.000000 70.755
894.000000 71.181
895.000000 71.157
896.000000 70.184
897.000000 70.675
898.000000 69.828
899.000000 70.237
900.000000 69.381
901.000000 69.782
902.000000 69.733
903.000000 68.869
904.000000 68.312
905.000000 68.771
906.000000 68.704
907.000000 69.587
908.000000 69.005
909.000000 69.761
910.000000 69.262
911.000000 70.027
912.000000 70.349
913.000000 69.866
914.000000 70.782
915.000000 70.233
916.000000 70.209
917.000000 70.999
918.000000 70.533
919.000000 70.517
920.000000 70.501
921.000000 69.671
922.000000 69.148
923.000000 68.011
924.000000 68.048
925.000000 68.441
926.000000 68.383
927.000000 67.376
928.000000 67.835
929.000000 68.718
930.000000 67.186
931.000000 68.594
932.000000 68.011
933.000000 67.954
934.000000 67.897
935.000000 67.839
936.000000 68.596
937.000000 68.097
938.000000 68.047
939.000000 67.998
940.000000 67.949
941.000000 68.713
942.000000 68.222
943.000000 68.181
944.000000 68.139
945.000000 68.912
946.000000 68.429
947.000000 68.395
948.000000 68.362
949.000000 68.329
950.000000 68.295
951.000000 68.262
952.000000 68.229
953.000000 68.195
954.000000 68.162
955.000000 68.129
956.000000 68.095
957.000000 69.012
958.000000 67.513
959.000000 68.954
960.000000 68.405
961.000000 68.381
962.000000 68.357
963.000000 69.147
964.000000 68.681
965.000000 67.851
966.000000 68.277
967.000000 67.304
968.000000 67.795
969.000000 66.948
970.000000 67.357
971.000000 67.315
972.000000 66.46
973.000000 66.861
974.000000 66.811
975.000000 65.948
976.000000 66.341
977.000000 65.334
978.000000 65.792
979.000000 66.675
980.000000 66.093
981.000000 66.035
982.000000 66.792
983.000000 66.293
984.000000 66.243
985.000000 66.194
986.000000 66.145
987.000000 66.095
988.000000 66.046
989.000000 65.997
990.000000 65.947
991.000000 65.084
992.000000 65.477
993.000000 65.419
994.000000 65.362
995.000000 66.119
996.000000 65.619
997.000000 66.384
998.000000 65.893
999.000000 65.851
1000.000000 0
1001.000000 36.35
1002.000000 35.65
1003.000000 34.95
1004.000000 35.2
1005.000000 33.984
1006.000000 33.293
1007.000000 33.417
1008.000000 32.284
1009.000000 32.415
1010.000000 31.291
1011.000000 31.43
1012.000000 31.263
1013.000000 30.895
1014.000000 30.609
1015.000000 30.332
1016.000000 31.012
1017.000000 30.235
1018.000000 29.991
1019.000000 30.705
1020.000000 29.961
1021.000000 29.751
1022.000000 29.684
1023.000000 29.415
1024.000000 30.044
1025.000000 29.56
1026.000000 30.139
1027.000000 29.545
1028.000000 30.359
1029.000000 30.529
1030.000000 30.926
1031.000000 31.13
1032.000000 31.56
1033.000000 31.797
1034.000000 32.261
1035.000000 32.531
1036.000000 32.214
1037.000000 32.96
1038.000000 33.482
1039.000000 33.811
1040.000000 34.367
1041.000000 34.729
1042.000000 35.318
1043.000000 35.714
1044.000000 35.387
1045.000000 36.467
1046.000000 36.09
1047.000000 37.196
1048.000000 37.658
1049.000000 38.347
1050.000000 38.029
1051.000000 39.057
1052.000000 39.788
1053.000000 40.325
1054.000000 40.274
1055.000000 41.287
1056.000000 42.076
1057.000000 41.857
1058.000000 42.172
1059.000000 42.495
1060.000000 43.775
1061.000000 43.598
1062.000000 43.954
1063.000000 44.454
1064.000000 44.752
1065.000000 45.947
1066.000000 46.03
1067.000000 46.362
1068.000000 45.963
1069.000000 46.827
1070.000000 46.436
1071.000000 47.309
1072.000000 46.925
1073.000000 47.942
1074.000000 47.493
1075.000000 47.569
1076.000000 47.645
1077.000000 48.535
1078.000000 48.169
1079.000000 48.253
1080.000000 48.337
1081.000000 48.421
1082.000000 48.505
1083.000000 48.589
1084.000000 48.673
1085.000000 47.943
1086.000000 48.469
1087.000000 48.545
1088.000000 48.621
1089.000000 47.747
1090.000000 48.339
1091.000000 48.405
1092.000000 47.658
1093.000000 48.167
1094.000000 49.039
1095.000000 48.656
1096.000000 48.723
1097.000000 48.789
1098.000000 48.856
1099.000000 48.923
1100.000000 48.989
1101.000000 49.056
1102.000000 48.309
1103.000000 48.817
1104.000000 48.876
1105.000000 48.121
1106.000000 47.807
1107.000000 48.3
1108.000000 47.393
1109.000000 47.137
1110.000000 47.613
1111.000000 46.824
1112.000000 46.477
1113.000000 46.937
1114.000000 45.996
1115.000000 46.521
1116.000000 45.707
1117.000000 46.149
1118.000000 46.141
1119.000000 46.133
1120.000000 46.125
1121.000000 46.117
1122.000000 45.295
1123.000000 46.543
1124.000000 46.085
1125.000000 46.077
1126.000000 46.069
1127.000000 46.061
1128.000000 46.053
1129.000000 46.045
1130.000000 46.037
1131.000000 46.029
1132.000000 46.835
1133.000000 45.571
1134.000000 46.827
1135.000000 46.377
1136.000000 46.377
1137.000000 45.563
1138.000000 46.005
1139.000000 45.997
1140.000000 46.803
1141.000000 45.539
1142.000000 45.981
1143.000000 45.973
1144.000000 45.965
1145.000000 45.957
1146.000000 45.949
1147.000000 45.127
1148.000000 45.561
1149.000000 45.545
1150.000000 45.529
1151.000000 45.513
1152.000000 44.683
1153.000000 45.109
1154.000000 45.085
1155.000000 45.061
1156.000000 45.037
1157.000000 45.827
1158.000000 45.361
1159.000000 45.345
1160.000000 45.329
1161.000000 45.313
1162.000000 45.297
1163.000000 45.281
1164.000000 46.079
1165.000000 45.621
1166.000000 45.613
1167.000000 45.605
1168.000000 45.597
1169.000000 45.589
1170.000000 45.581
1171.000000 45.573
1172.000000 45.565
1173.000000 45.557
1174.000000 45.549
1175.000000 45.541
1176.000000 45.533
1177.000000 45.525
1178.000000 45.517
1179.000000 45.509
1180.000000 45.501
1181.000000 46.307
1182.000000 45.857
1183.000000 45.857
1184.000000 45.857
1185.000000 46.807
1186.000000 46.291
1187.000000 46.301
1188.000000 46.31
1189.000000 45.37
1190.000000 45.895
1191.000000 45.895
1192.000000 45.081
1193.000000 45.523
1194.000000 45.515
1195.000000 46.321
1196.000000 45.871
1197.000000 45.871
1198.000000 45.871
1199.000000 45.871
