0.000000 31.5
1.000000 31.5
2.000000 32.43
3.000000 32.43
4.000000 32.43
5.000000 32.43
6.000000 32.43
7.000000 32.43
8.000000 32.43
9.000000 32.43
10.000000 32.43
11.000000 32.43
12.000000 32.43
13.000000 32.5
14.000000 32.5
15.000000 32.56
16.000000 32.56
17.000000 32.62
18.000000 32.62
19.000000 32.68
20.000000 32.75
21.000000 32.75
22.000000 32.81
23.000000 32.81
24.000000 32.87
25.000000 32.93
26.000000 33
27.000000 33.06
28.000000 33.06
29.000000 33.12
30.000000 33.18
31.000000 33.25
32.000000 33.25
33.000000 33.31
34.000000 33.37
35.000000 33.37
36.000000 33.43
37.000000 33.5
38.000000 33.56
39.000000 33.56
40.000000 33.62
41.000000 33.62
42.000000 33.68
43.000000 33.68
44.000000 33.75
45.000000 33.75
46.000000 33.81
47.000000 33.81
48.000000 33.81
49.000000 33.87
50.000000 33.87
51.000000 33.93
52.000000 33.93
53.000000 33.93
54.000000 34
55.000000 34
56.000000 34
57.000000 34
58.000000 34.06
59.000000 34.06
60.000000 34.06
61.000000 34.12
62.000000 34.12
63.000000 34.12
64.000000 34.12
65.000000 34.12
66.000000 34.18
67.000000 34.18
68.000000 34.18
69.000000 34.18
70.000000 34.18
71.000000 34.25
72.000000 34.25
73.000000 34.25
74.000000 34.25
75.000000 34.25
76.000000 34.25
77.000000 34.25
78.000000 34.25
79.000000 34.31
80.000000 34.31
81.000000 34.31
82.000000 34.31
83.000000 34.31
84.000000 34.31
85.000000 34.31
86.000000 34.31
87.000000 34.31
88.000000 34.31
89.000000 34.31
90.000000 34.31
91.000000 34.37
92.000000 34.37
93.000000 34.43
94.000000 34.43
95.000000 34.43
96.000000 34.5
97.000000 34.5
98.000000 34.5
99.000000 34.5
100.000000 34.5
101.000000 34.5
102.000000 34.5
103.000000 34.5
104.000000 34.43
105.000000 34.43
106.000000 34.43
107.000000 34.43
108.000000 34.37
109.000000 34.37
110.000000 34.31
111.000000 34.31
112.000000 34.31
113.000000 34.25
114.000000 34.25
115.000000 34.25
116.000000 34.25
117.000000 34.25
118.000000 34.18
119.000000 34.18
120.000000 34.18
121.000000 34.18
122.000000 34.18
123.000000 34.18
124.000000 34.12
125.000000 34.12
126.000000 34.12
127.000000 34.12
128.000000 34.12
129.000000 34.12
130.000000 34.12
131.000000 34.12
132.000000 34.12
133.000000 34.12
134.000000 34.06
135.000000 34.12
136.000000 34.06
137.000000 34.06
138.000000 34.06
139.000000 34.06
140.000000 34.06
141.000000 34.06
142.000000 34.06
143.000000 34.06
144.000000 34.06
145.000000 34
146.000000 34
147.000000 34
148.000000 34
149.000000 34
150.000000 34
151.000000 34
152.000000 34
153.000000 34
154.000000 34
155.000000 34
156.000000 33.93
157.000000 33.93
158.000000 33.93
159.000000 33.93
160.000000 33.93
161.000000 33.93
162.000000 33.93
163.000000 33.87
164.000000 33.87
165.000000 33.87
166.000000 33.93
167.000000 33.93
168.000000 33.93
169.000000 34
170.000000 34
171.000000 34
172.000000 34
173.000000 34
174.000000 34
175.000000 34
176.000000 34.06
177.000000 34
178.000000 34.06
179.000000 34.06
180.000000 34.06
181.000000 34
182.000000 34
183.000000 34
184.000000 34
185.000000 34
186.000000 34
187.000000 34
188.000000 33.93
189.000000 33.93
190.000000 33.93
191.000000 33.93
192.000000 33.93
193.000000 34
194.000000 34
195.000000 33.93
196.000000 33.93
197.000000 33.93
198.000000 33.93
199.000000 33.93
200.000000 33.93
201.000000 33.93
202.000000 33.93
203.000000 33.93
204.000000 33.93
205.000000 33.93
206.000000 33.93
207.000000 33.93
208.000000 33.93
209.000000 33.93
210.000000 34
211.000000 34
212.000000 34.06
213.000000 34.12
214.000000 34.12
215.000000 34.18
216.000000 34.25
217.000000 34.31
218.000000 34.43
219.000000 34.5
220.000000 34.56
221.000000 34.62
222.000000 34.68
223.000000 34.81
224.000000 34.87
225.000000 35
226.000000 35.06
227.000000 35.18
228.000000 35.25
229.000000 35.31
230.000000 35.43
231.000000 35.5
232.000000 35.56
233.000000 35.62
234.000000 35.75
235.000000 35.81
236.000000 35.93
237.000000 36
238.000000 36.12
239.000000 36.18
240.000000 36.31
241.000000 36.37
242.000000 36.5
243.000000 36.56
244.000000 36.62
245.000000 36.75
246.000000 36.81
247.000000 36.93
248.000000 37
249.000000 37.06
250.000000 37.18
251.000000 37.25
252.000000 37.37
253.000000 37.43
254.000000 37.5
255.000000 37.56
256.000000 37.62
257.000000 37.68
258.000000 37.68
259.000000 37.75
260.000000 37.81
261.000000 37.87
262.000000 37.87
263.000000 37.87
264.000000 37.87
265.000000 37.93
266.000000 37.93
267.000000 37.93
268.000000 38
269.000000 38
270.000000 38.06
271.000000 38.06
272.000000 38.06
273.000000 38.06
274.000000 38
275.000000 38
276.000000 37.93
277.000000 37.93
278.000000 37.87
279.000000 37.87
280.000000 37.81
281.000000 37.75
282.000000 37.75
283.000000 37.68
284.000000 37.68
285.000000 37.62
286.000000 37.56
287.000000 37.56
288.000000 37.56
289.000000 37.5
290.000000 37.5
291.000000 37.5
292.000000 37.5
293.000000 37.5
294.000000 37.56
295.000000 37.56
296.000000 37.5
297.000000 37.5
298.000000 37.5
299.000000 37.43
300.000000 37.43
301.000000 37.43
302.000000 37.43
303.000000 37.37
304.000000 37.37
305.000000 37.37
306.000000 37.31
307.000000 37.31
308.000000 37.31
309.000000 37.31
310.000000 37.25
311.000000 37.25
312.000000 37.25
313.000000 37.25
314.000000 37.25
315.000000 37.25
316.000000 37.25
317.000000 37.25
318.000000 37.25
319.000000 37.25
320.000000 37.18
321.000000 37.18
322.000000 37.18
323.000000 37.18
324.000000 37.12
325.000000 37.12
326.000000 37.12
327.000000 37.12
328.000000 37.18
329.000000 37.18
330.000000 37.18
331.000000 37.18
332.000000 37.12
333.000000 37.18
334.000000 37.18
335.000000 37.18
336.000000 37.18
337.000000 37.18
338.000000 37.12
339.000000 37.12
340.000000 37.06
341.000000 37.06
342.000000 37
343.000000 37
344.000000 37
345.000000 37
346.000000 37
347.000000 36.93
348.000000 36.93
349.000000 36.93
350.000000 36.93
351.000000 36.93
352.000000 36.87
353.000000 36.87
354.000000 36.87
355.000000 36.87
356.000000 36.81
357.000000 36.81
358.000000 36.81
359.000000 36.81
360.000000 36.81
361.000000 36.81
362.000000 36.87
363.000000 36.87
364.000000 36.87
365.000000 36.87
366.000000 36.87
367.000000 36.87
368.000000 36.87
369.000000 36.87
370.000000 36.87
371.000000 36.87
372.000000 36.87
373.000000 36.81
374.000000 36.87
375.000000 36.87
376.000000 36.87
377.000000 36.87
378.000000 36.81
379.000000 36.87
380.000000 36.87
381.000000 36.87
382.000000 36.87
383.000000 36.87
384.000000 36.87
385.000000 36.87
386.000000 36.87
387.000000 36.87
388.000000 36.93
389.000000 36.93
390.000000 36.93
391.000000 36.93
392.000000 36.93
393.000000 36.93
394.000000 36.93
395.000000 37
396.000000 37
397.000000 37
398.000000 37
399.000000 37
400.000000 37
401.000000 37
402.000000 37
403.000000 37.06
404.000000 37.06
405.000000 37.06
406.000000 37.12
407.000000 37.12
408.000000 37.12
409.000000 37.12
410.000000 37.12
411.000000 37.18
412.000000 37.18
413.000000 37.18
414.000000 37.25
415.000000 37.25
416.000000 37.31
417.000000 37.37
418.000000 37.37
419.000000 37.43
420.000000 37.43
421.000000 37.5
422.000000 37.56
423.000000 37.62
424.000000 37.68
425.000000 37.75
426.000000 37.81
427.000000 37.87
428.000000 37.93
429.000000 38
430.000000 38.06
431.000000 38.12
432.000000 38.18
433.000000 38.25
434.000000 38.31
435.000000 38.37
436.000000 38.43
437.000000 38.5
438.000000 38.56
439.000000 38.62
440.000000 38.75
441.000000 38.81
442.000000 38.87
443.000000 39
444.000000 39.12
445.000000 39.18
446.000000 39.31
447.000000 39.37
448.000000 39.43
449.000000 39.5
450.000000 39.56
451.000000 39.62
452.000000 39.68
453.000000 39.75
454.000000 39.75
455.000000 39.81
456.000000 39.87
457.000000 39.93
458.000000 40
459.000000 40.06
460.000000 40.06
461.000000 40.12
462.000000 40.18
463.000000 40.18
464.000000 40.25
465.000000 40.31
466.000000 40.31
467.000000 40.37
468.000000 40.37
469.000000 40.43
470.000000 40.43
471.000000 40.5
472.000000 40.5
473.000000 40.56
474.000000 40.56
475.000000 40.62
476.000000 40.62
477.000000 40.68
478.000000 40.68
479.000000 40.75
480.000000 40.75
481.000000 40.81
482.000000 40.81
483.000000 40.87
484.000000 40.87
485.000000 40.87
486.000000 40.93
487.000000 40.93
488.000000 40.93
489.000000 40.93
490.000000 41
491.000000 41
492.000000 41
493.000000 40.93
494.000000 40.93
495.000000 40.93
496.000000 40.93
497.000000 40.87
498.000000 40.87
499.000000 40.87
500.000000 40.81
501.000000 40.81
502.000000 40.81
503.000000 40.75
504.000000 40.75
505.000000 40.75
506.000000 40.68
507.000000 40.68
508.000000 40.68
509.000000 40.62
510.000000 40.62
511.000000 40.62
512.000000 40.56
513.000000 40.56
514.000000 40.5
515.000000 40.5
516.000000 40.43
517.000000 40.43
518.000000 40.43
519.000000 40.43
520.000000 40.37
521.000000 40.43
522.000000 40.43
523.000000 40.43
524.000000 40.43
525.000000 40.43
526.000000 40.37
527.000000 40.37
528.000000 40.37
529.000000 40.37
530.000000 40.37
531.000000 40.37
532.000000 40.37
533.000000 40.37
534.000000 40.37
535.000000 40.37
536.000000 40.43
537.000000 40.43
538.000000 40.37
539.000000 40.37
540.000000 40.37
541.000000 40.31
542.000000 40.31
543.000000 40.31
544.000000 40.25
545.000000 40.25
546.000000 40.25
547.000000 40.18
548.000000 40.18
549.000000 40.18
550.000000 40.12
551.000000 40.12
552.000000 40.12
553.000000 40.12
554.000000 40.06
555.000000 40.06
556.000000 40.06
557.000000 40.06
558.000000 40.06
559.000000 40.06
560.000000 40.06
561.000000 40.06
562.000000 40.06
563.000000 40.06
564.000000 40.06
565.000000 40.06
566.000000 40.06
567.000000 40
568.000000 40
569.000000 40
570.000000 39.93
571.000000 39.93
572.000000 39.93
573.000000 39.93
574.000000 39.93
575.000000 39.93
576.000000 39.87
577.000000 39.87
578.000000 39.87
579.000000 39.87
580.000000 39.87
581.000000 39.87
582.000000 39.87
583.000000 39.93
584.000000 39.93
585.000000 39.93
586.000000 39.93
587.000000 39.93
588.000000 40
589.000000 40
590.000000 40
591.000000 40
592.000000 40
593.000000 40
594.000000 40
595.000000 40
596.000000 40
597.000000 40
598.000000 40
599.000000 40
600.000000 40.06
601.000000 40.06
602.000000 40.06
603.000000 40.06
604.000000 40.12
605.000000 40.12
606.000000 40.12
607.000000 40.12
608.000000 40.18
609.000000 40.18
610.000000 40.25
611.000000 40.25
612.000000 40.31
613.000000 40.37
614.000000 40.37
615.000000 40.37
616.000000 40.43
617.000000 40.43
618.000000 40.5
619.000000 40.5
620.000000 40.56
621.000000 40.62
622.000000 40.68
623.000000 40.75
624.000000 40.81
625.000000 40.87
626.000000 40.93
627.000000 41
628.000000 41.06
629.000000 41.12
630.000000 41.12
631.000000 41.18
632.000000 41.25
633.000000 41.25
634.000000 41.31
635.000000 41.37
636.000000 41.43
637.000000 41.5
638.000000 41.56
639.000000 41.62
640.000000 41.68
641.000000 41.68
642.000000 41.81
643.000000 41.87
644.000000 41.93
645.000000 42
646.000000 42.06
647.000000 42.06
648.000000 42.12
649.000000 42.18
650.000000 42.25
651.000000 42.31
652.000000 42.43
653.000000 42.43
654.000000 42.5
655.000000 42.56
656.000000 42.56
657.000000 42.62
658.000000 42.68
659.000000 42.75
660.000000 42.81
661.000000 42.81
662.000000 42.87
663.000000 42.93
664.000000 42.93
665.000000 43
666.000000 43
667.000000 43.06
668.000000 43.06
669.000000 43.12
670.000000 43.12
671.000000 43.18
672.000000 43.18
673.000000 43.25
674.000000 43.25
675.000000 43.25
676.000000 43.25
677.000000 43.25
678.000000 43.31
679.000000 43.25
680.000000 43.31
681.000000 43.31
682.000000 43.31
683.000000 43.37
684.000000 43.37
685.000000 43.37
686.000000 43.43
687.000000 43.43
688.000000 43.5
689.000000 43.5
690.000000 43.5
691.000000 43.5
692.000000 43.5
693.000000 43.5
694.000000 43.5
695.000000 43.5
696.000000 43.5
697.000000 43.5
698.000000 43.5
699.000000 43.5
700.000000 43.5
701.000000 43.5
702.000000 43.5
703.000000 43.5
704.000000 43.5
705.000000 43.43
706.000000 43.43
707.000000 43.43
708.000000 43.43
709.000000 43.43
710.000000 43.43
711.000000 43.43
712.000000 43.43
713.000000 43.43
714.000000 43.37
715.000000 43.37
716.000000 43.37
717.000000 43.37
718.000000 43.37
719.000000 43.37
720.000000 43.37
721.000000 43.37
722.000000 43.37
723.000000 43.43
724.000000 43.43
725.000000 43.43
726.000000 43.43
727.000000 43.43
728.000000 43.43
729.000000 43.43
730.000000 43.43
731.000000 43.37
732.000000 43.37
733.000000 43.37
734.000000 43.37
735.000000 43.37
736.000000 43.37
737.000000 43.43
738.000000 43.43
739.000000 43.43
740.000000 43.43
741.000000 43.43
742.000000 43.43
743.000000 43.37
744.000000 43.37
745.000000 43.37
746.000000 43.37
747.000000 43.37
748.000000 43.37
749.000000 43.37
750.000000 43.37
751.000000 43.43
752.000000 43.43
753.000000 43.43
754.000000 43.43
755.000000 43.37
756.000000 43.37
757.000000 43.37
758.000000 43.37
759.000000 43.31
760.000000 43.31
761.000000 43.31
762.000000 43.31
763.000000 43.31
764.000000 43.25
765.000000 43.25
766.000000 43.25
767.000000 43.25
768.000000 43.25
769.000000 43.25
770.000000 43.25
771.000000 43.25
772.000000 43.25
773.000000 43.25
774.000000 43.25
775.000000 43.25
776.000000 43.25
777.000000 43.25
778.000000 43.25
779.000000 43.25
780.000000 43.25
781.000000 43.18
782.000000 43.18
783.000000 43.18
784.000000 43.18
785.000000 43.18
786.000000 43.12
787.000000 43.12
788.000000 43.12
789.000000 43.12
790.000000 43.12
791.000000 43.12
792.000000 43.12
793.000000 43.12
794.000000 43.12
795.000000 43.12
796.000000 43.12
797.000000 43.12
798.000000 43.12
799.000000 43.12
800.000000 43.12
801.000000 43.12
802.000000 43.12
803.000000 43.12
804.000000 43.12
805.000000 43.06
806.000000 43.06
807.000000 43.06
808.000000 43.06
809.000000 43.06
810.000000 43.06
811.000000 43.12
812.000000 43.18
813.000000 43.18
814.000000 43.25
815.000000 43.31
816.000000 43.31
817.000000 43.31
818.000000 43.37
819.000000 43.37
820.000000 43.43
821.000000 43.5
822.000000 43.56
823.000000 43.56
824.000000 43.62
825.000000 43.68
826.000000 43.75
827.000000 43.81
828.000000 43.87
829.000000 43.87
830.000000 43.93
831.000000 44
832.000000 44
833.000000 44
834.000000 44
835.000000 44.06
836.000000 44.06
837.000000 44.12
838.000000 44.12
839.000000 44.18
840.000000 44.25
841.000000 44.31
842.000000 44.37
843.000000 44.43
844.000000 44.56
845.000000 44.62
846.000000 44.68
847.000000 44.75
848.000000 44.81
849.000000 44.87
850.000000 44.93
851.000000 45
852.000000 45.06
853.000000 45.06
854.000000 45.12
855.000000 45.18
856.000000 45.25
857.000000 45.25
858.000000 45.25
859.000000 45.25
860.000000 45.25
861.000000 45.25
862.000000 45.25
863.000000 45.25
864.000000 45.31
865.000000 45.31
866.000000 45.37
867.000000 45.43
868.000000 45.5
869.000000 45.56
870.000000 45.62
871.000000 45.62
872.000000 45.62
873.000000 45.62
874.000000 45.62
875.000000 45.68
876.000000 45.68
877.000000 45.75
878.000000 45.75
879.000000 45.81
880.000000 45.81
881.000000 45.81
882.000000 45.81
883.000000 45.81
884.000000 45.87
885.000000 45.87
886.000000 45.93
887.000000 45.93
888.000000 46
889.000000 46.06
890.000000 46.06
891.000000 46.12
892.000000 46.12
893.000000 46.18
894.000000 46.18
895.000000 46.18
896.000000 46.25
897.000000 46.25
898.000000 46.31
899.000000 46.31
900.000000 46.37
901.000000 46.37
902.000000 46.37
903.000000 46.43
904.000000 46.5
905.000000 46.5
906.000000 46.5
907.000000 46.43
908.000000 46.43
909.000000 46.37
910.000000 46.37
911.000000 46.31
912.000000 46.25
913.000000 46.25
914.000000 46.18
915.000000 46.18
916.000000 46.18
917.000000 46.12
918.000000 46.12
919.000000 46.12
920.000000 46.12
921.000000 46.18
922.000000 46.25
923.000000 46.37
924.000000 46.43
925.000000 46.43
926.000000 46.43
927.000000 46.5
928.000000 46.5
929.000000 46.43
930.000000 46.5
931.000000 46.43
932.000000 46.43
933.000000 46.43
934.000000 46.43
935.000000 46.43
936.000000 46.37
937.000000 46.37
938.000000 46.37
939.000000 46.37
940.000000 46.37
941.000000 46.31
942.000000 46.31
943.000000 46.31
944.000000 46.31
945.000000 46.25
946.000000 46.25
947.000000 46.25
948.000000 46.25
949.000000 46.25
950.000000 46.25
951.000000 46.25
952.000000 46.25
953.000000 46.25
954.000000 46.25
955.000000 46.25
956.000000 46.25
957.000000 46.18
958.000000 46.25
959.000000 46.18
960.000000 46.18
961.000000 46.18
962.000000 46.18
963.000000 46.12
964.000000 46.12
965.000000 46.18
966.000000 46.18
967.000000 46.25
968.000000 46.25
969.000000 46.31
970.000000 46.31
971.000000 46.31
972.000000 46.37
973.000000 46.37
974.000000 46.37
975.000000 46.43
976.000000 46.43
977.000000 46.5
978.000000 46.5
979.000000 46.43
980.000000 46.43
981.000000 46.43
982.000000 46.37
983.000000 46.37
984.000000 46.37
985.000000 46.37
986.000000 46.37
987.000000 46.37
988.000000 46.37
989.000000 46.37
990.000000 46.37
991.000000 46.43
992.000000 46.43
993.000000 46.43
994.000000 46.43
995.000000 46.37
996.000000 46.37
997.000000 46.31
998.000000 46.31
999.000000 46.31
1000.000000 46.25
1001.000000 46.25
1002.000000 46.25
1003.000000 46.25
1004.000000 46.18
1005.000000 46.18
1006.000000 46.18
1007.000000 46.12
1008.000000 46.12
1009.000000 46.06
1010.000000 46.06
1011.000000 46
1012.000000 45.93
1013.000000 45.87
1014.000000 45.81
1015.000000 45.75
1016.000000 45.62
1017.000000 45.56
1018.000000 45.5
1019.000000 45.37
1020.000000 45.31
1021.000000 45.25
1022.000000 45.18
1023.000000 45.12
1024.000000 45
1025.000000 44.93
1026.000000 44.81
1027.000000 44.75
1028.000000 44.62
1029.000000 44.5
1030.000000 44.37
1031.000000 44.25
1032.000000 44.12
1033.000000 44
1034.000000 43.87
1035.000000 43.75
1036.000000 43.68
1037.000000 43.56
1038.000000 43.43
1039.000000 43.31
1040.000000 43.18
1041.000000 43.06
1042.000000 42.93
1043.000000 42.81
1044.000000 42.75
1045.000000 42.62
1046.000000 42.56
1047.000000 42.43
1048.000000 42.31
1049.000000 42.18
1050.000000 42.12
1051.000000 42
1052.000000 41.87
1053.000000 41.75
1054.000000 41.68
1055.000000 41.56
1056.000000 41.43
1057.000000 41.37
1058.000000 41.31
1059.000000 41.25
1060.000000 41.12
1061.000000 41.06
1062.000000 41
1063.000000 40.93
1064.000000 40.87
1065.000000 40.75
1066.000000 40.68
1067.000000 40.62
1068.000000 40.62
1069.000000 40.56
1070.000000 40.56
1071.000000 40.5
1072.000000 40.5
1073.000000 40.43
1074.000000 40.43
1075.000000 40.43
1076.000000 40.43
1077.000000 40.37
1078.000000 40.37
1079.000000 40.37
1080.000000 40.37
1081.000000 40.37
1082.000000 40.37
1083.000000 40.37
1084.000000 40.37
1085.000000 40.43
1086.000000 40.43
1087.000000 40.43
1088.000000 40.43
1089.000000 40.5
1090.000000 40.5
1091.000000 40.5
1092.000000 40.56
1093.000000 40.56
1094.000000 40.5
1095.000000 40.5
1096.000000 40.5
1097.000000 40.5
1098.000000 40.5
1099.000000 40.5
1100.000000 40.5
1101.000000 40.5
1102.000000 40.56
1103.000000 40.56
1104.000000 40.56
1105.000000 40.62
1106.000000 40.68
1107.000000 40.68
1108.000000 40.75
1109.000000 40.81
1110.000000 40.81
1111.000000 40.87
1112.000000 40.93
1113.000000 40.93
1114.000000 41
1115.000000 41
1116.000000 41.06
1117.000000 41.06
1118.000000 41.06
1119.000000 41.06
1120.000000 41.06
1121.000000 41.06
1122.000000 41.12
1123.000000 41.06
1124.000000 41.06
1125.000000 41.06
1126.000000 41.06
1127.000000 41.06
1128.000000 41.06
1129.000000 41.06
1130.000000 41.06
1131.000000 41.06
1132.000000 41
1133.000000 41.06
1134.000000 41
1135.000000 41
1136.000000 41
1137.000000 41.06
1138.000000 41.06
1139.000000 41.06
1140.000000 41
1141.000000 41.06
1142.000000 41.06
1143.000000 41.06
1144.000000 41.06
1145.000000 41.06
1146.000000 41.06
1147.000000 41.12
1148.000000 41.12
1149.000000 41.12
1150.000000 41.12
1151.000000 41.12
1152.000000 41.18
1153.000000 41.18
1154.000000 41.18
1155.000000 41.18
1156.000000 41.18
1157.000000 41.12
1158.000000 41.12
1159.000000 41.12
1160.000000 41.12
1161.000000 41.12
1162.000000 41.12
1163.000000 41.12
1164.000000 41.06
1165.000000 41.06
1166.000000 41.06
1167.000000 41.06
1168.000000 41.06
1169.000000 41.06
1170.000000 41.06
1171.000000 41.06
1172.000000 41.06
1173.000000 41.06
1174.000000 41.06
1175.000000 41.06
1176.000000 41.06
1177.000000 41.06
1178.000000 41.06
1179.000000 41.06
1180.000000 41.06
1181.000000 41
1182.000000 41
1183.000000 41
1184.000000 41
1185.000000 40.93
1186.000000 40.93
1187.000000 40.93
1188.000000 40.93
1189.000000 41
1190.000000 41
1191.000000 41
1192.000000 41.06
1193.000000 41.06
1194.000000 41.06
1195.000000 41
1196.000000 41
1197.000000 41
1198.000000 41
1199.000000 41
