1 37.56
1.1 37.56
1.2 37.56
1.3 37.56
1.4 37.56
1.5 37.56
1.6 37.56
1.7 37.56
1.8 37.56
1.9 37.56
2 37.56
2.1 37.56
2.2 37.5
2.3 37.5
2.4 37.5
2.5 37.5
2.6 37.5
2.7 37.5
2.8 37.5
2.9 37.5
3 37.5
3.1 37.5
3.2 37.43
3.3 37.43
3.4 37.43
3.5 37.43
3.6 37.43
3.7 37.37
3.8 37.37
3.9 37.37
4 37.37
4.1 37.37
4.2 37.37
4.3 37.37
4.4 37.37
4.5 37.37
4.6 37.37
4.7 37.37
4.8 37.31
4.9 37.31
5 37.31
5.1 37.31
5.2 37.31
5.3 37.31
5.4 37.31
5.5 37.31
5.6 37.31
5.7 37.31
5.8 37.31
5.9 37.31
6 37.31
6.1 37.31
6.2 37.31
6.3 37.31
6.4 37.31
6.5 37.31
6.6 37.31
6.7 37.31
6.8 37.31
6.9 37.31
7 37.31
7.1 37.31
7.2 37.37
7.3 37.37
7.4 37.37
7.5 37.37
7.6 37.37
7.7 37.37
7.8 37.37
7.9 37.37
8 37.37
8.1 37.37
8.2 37.37
8.3 37.43
8.4 37.43
8.5 37.43
8.6 37.43
8.7 37.43
8.8 37.43
8.9 37.43
9 37.43
9.1 37.43
9.2 37.43
9.3 37.43
9.4 37.43
9.5 37.43
9.6 37.43
9.7 37.43
9.8 37.43
9.9 37.43
10 37.43
10.1 37.43
10.2 37.43
10.3 37.43
10.4 37.43
10.5 37.43
10.6 37.43
10.7 37.43
10.8 37.43
10.9 37.43
11 37.43
11.1 37.43
11.2 37.43
11.3 37.43
11.4 37.43
11.5 37.43
11.6 37.43
11.7 37.43
11.8 37.43
11.9 37.43
12 37.43
12.1 37.43
12.2 37.43
12.3 37.43
12.4 37.43
12.5 37.43
12.6 37.43
12.7 37.37
12.8 37.37
12.9 37.37
13 37.37
13.1 37.37
13.2 37.37
13.3 37.37
13.4 37.37
13.5 37.37
13.6 37.37
13.7 37.37
13.8 37.37
13.9 37.37
14 37.37
14.1 37.37
14.2 37.37
14.3 37.37
14.4 37.37
14.5 37.37
14.6 37.37
14.7 37.37
14.8 37.37
14.9 37.37
15 37.37
15.1 37.37
15.2 37.37
15.3 37.31
15.4 37.31
15.5 37.31
15.6 37.31
15.7 37.31
15.8 37.31
15.9 37.31
16 37.31
16.1 37.31
16.2 37.31
16.3 37.31
16.4 37.31
16.5 37.31
16.6 37.31
16.7 37.31
16.8 37.31
16.9 37.31
17 37.31
17.1 37.31
17.2 37.31
17.3 37.31
17.4 37.31
17.5 37.31
17.6 37.31
17.7 37.31
17.8 37.31
17.9 37.31
18 37.31
18.1 37.31
18.2 37.31
18.3 37.31
18.4 37.31
18.5 37.31
18.6 37.31
18.7 37.31
18.8 37.37
18.9 37.37
19 37.37
19.1 37.37
19.2 37.37
19.3 37.37
19.4 37.37
19.5 37.37
19.6 37.37
19.7 37.37
19.8 37.37
19.9 37.37
20 37.37
20.1 37.37
20.2 37.37
20.3 37.37
20.4 37.37
20.5 37.37
20.6 37.37
20.7 37.37
20.8 37.37
20.9 37.37
21 37.37
21.1 37.37
21.2 37.37
21.3 37.37
21.4 37.37
21.5 37.37
21.6 37.37
21.7 37.37
21.8 37.37
21.9 37.37
22 37.37
22.1 37.37
22.2 37.37
22.3 37.37
22.4 37.37
22.5 37.37
22.6 37.37
22.7 37.37
22.8 37.37
22.9 37.37
23 37.37
23.1 37.37
23.2 37.31
23.3 37.31
23.4 37.31
23.5 37.31
23.6 37.31
23.7 37.31
23.8 37.31
23.9 37.31
24 37.31
24.1 37.31
24.2 37.31
24.3 37.31
24.4 37.31
24.5 37.31
24.6 37.31
24.7 37.25
24.8 37.25
24.9 37.25
25 37.25
25.1 37.25
25.2 37.25
25.3 37.25
25.4 37.25
25.5 37.25
25.6 37.25
25.7 37.25
25.8 37.25
25.9 37.25
26 37.25
26.1 37.25
26.2 37.25
26.3 37.25
26.4 37.25
26.5 37.25
26.6 37.25
26.7 37.25
26.8 37.25
26.9 37.25
27 37.25
27.1 37.25
27.2 37.25
27.3 37.25
27.4 37.25
27.5 37.25
27.6 37.25
27.7 37.31
27.8 37.31
27.9 37.31
28 37.31
28.1 37.31
28.2 37.37
28.3 37.37
28.4 37.37
28.5 37.37
28.6 37.37
28.7 37.43
28.8 37.43
28.9 37.43
29 37.43
29.1 37.43
29.2 37.43
29.3 37.56
29.4 37.56
29.5 37.56
29.6 37.56
29.7 37.62
29.8 37.62
29.9 37.62
30 37.62
30.1 37.62
30.2 37.68
30.3 37.68
30.4 37.68
30.5 37.68
30.6 37.68
30.7 37.75
30.8 37.75
30.9 37.75
31 37.75
31.1 37.75
31.2 37.75
31.3 37.75
31.4 37.75
31.5 37.75
31.6 37.75
31.7 37.81
31.8 37.81
31.9 37.81
32 37.81
32.1 37.81
32.2 37.87
32.3 37.87
32.4 37.87
32.5 37.87
32.6 37.87
32.7 37.87
32.8 37.93
32.9 37.93
33 37.93
33.1 37.93
33.2 38
33.3 38
33.4 38
33.5 38
33.6 38
33.7 38.06
33.8 38.06
33.9 38.06
34 38.06
34.1 38.06
34.2 38.12
34.3 38.12
34.4 38.12
34.5 38.12
34.6 38.12
34.7 38.25
34.8 38.25
34.9 38.25
35 38.25
35.1 38.25
35.2 38.31
35.3 38.31
35.4 38.31
35.5 38.31
35.6 38.31
35.7 38.43
35.8 38.43
35.9 38.43
36 38.43
36.1 38.43
36.2 38.43
36.3 38.56
36.4 38.56
36.5 38.56
36.6 38.56
36.7 38.62
36.8 38.62
36.9 38.62
37 38.62
37.1 38.62
37.2 38.75
37.3 38.75
37.4 38.75
37.5 38.75
37.6 38.75
37.7 38.87
37.8 38.87
37.9 38.87
38 38.87
38.1 38.87
38.2 39.06
38.3 39.06
38.4 39.06
38.5 39.06
38.6 39.06
38.7 39.18
38.8 39.18
38.9 39.18
39 39.18
39.1 39.18
39.2 39.12
39.3 39.12
39.4 39.12
39.5 39.12
39.6 39.12
39.7 39.12
39.8 39.12
39.9 39.12
40 39.12
40.1 39.12
40.2 39.12
40.3 39.12
40.4 39.12
40.5 39.12
40.6 39.12
40.7 39.06
40.8 39.06
40.9 39.06
41 39.06
41.1 39.06
41.2 39.12
41.3 39.12
41.4 39.12
41.5 39.12
41.6 39.12
41.7 39.25
41.8 39.25
41.9 39.25
42 39.25
42.1 39.25
42.2 39.43
42.3 39.43
42.4 39.43
42.5 39.43
42.6 39.43
42.7 39.62
42.8 39.62
42.9 39.62
43 39.62
43.1 39.62
43.2 39.62
43.3 39.68
43.4 39.68
43.5 39.68
43.6 39.68
43.7 39.68
43.8 39.68
43.9 39.68
44 39.68
44.1 39.68
44.2 39.68
44.3 39.68
44.4 39.68
44.5 39.68
44.6 39.68
44.7 39.75
44.8 39.75
44.9 39.75
45 39.75
45.1 39.75
45.2 39.81
45.3 39.81
45.4 39.81
45.5 39.81
45.6 39.81
45.7 39.93
45.8 39.93
45.9 39.93
46 39.93
46.1 39.93
46.2 40.12
46.3 40.12
46.4 40.12
46.5 40.12
46.6 40.12
46.7 40.12
46.8 40.25
46.9 40.25
47 40.25
47.1 40.25
47.2 40.31
47.3 40.31
47.4 40.31
47.5 40.31
47.6 40.31
47.7 40.43
47.8 40.43
47.9 40.43
48 40.43
48.1 40.43
48.2 40.56
48.3 40.56
48.4 40.56
48.5 40.56
48.6 40.56
48.7 40.62
48.8 40.62
48.9 40.62
49 40.62
49.1 40.62
49.2 40.75
49.3 40.75
49.4 40.75
49.5 40.75
49.6 40.75
49.7 40.81
49.8 40.81
49.9 40.81
50 40.81
50.1 40.81
50.2 40.81
50.3 40.93
50.4 40.93
50.5 40.93
50.6 40.93
50.7 41
50.8 41
50.9 41
51 41
51.1 41
51.2 41.06
51.3 41.06
51.4 41.06
51.5 41.06
51.6 41.06
51.7 41.12
51.8 41.12
51.9 41.12
52 41.12
52.1 41.12
52.2 41.18
52.3 41.18
52.4 41.18
52.5 41.18
52.6 41.18
52.7 41.25
52.8 41.25
52.9 41.25
53 41.25
53.1 41.25
53.2 41.31
53.3 41.31
53.4 41.31
53.5 41.31
53.6 41.31
53.7 41.31
53.8 41.31
53.9 41.31
54 41.31
54.1 41.31
54.2 41.37
54.3 41.37
54.4 41.37
54.5 41.37
54.6 41.37
54.7 41.43
54.8 41.43
54.9 41.43
55 41.43
55.1 41.43
55.2 41.43
55.3 41.43
55.4 41.43
55.5 41.43
55.6 41.43
55.7 41.5
55.8 41.5
55.9 41.5
56 41.5
56.1 41.5
56.2 41.5
56.3 41.5
56.4 41.5
56.5 41.5
56.6 41.5
56.7 41.5
56.8 41.5
56.9 41.5
57 41.5
57.1 41.5
57.2 41.5
57.3 41.56
57.4 41.56
57.5 41.56
57.6 41.56
57.7 41.56
57.8 41.56
57.9 41.56
58 41.56
58.1 41.56
58.2 41.56
58.3 41.56
58.4 41.56
58.5 41.56
58.6 41.56
58.7 41.56
58.8 41.56
58.9 41.56
59 41.56
59.1 41.56
59.2 41.56
59.3 41.56
59.4 41.56
59.5 41.56
59.6 41.56
59.7 41.56
59.8 41.56
59.9 41.56
60 41.56
60.1 41.56
60.2 41.56
60.3 41.56
60.4 41.56
60.5 41.56
60.6 41.56
60.7 41.56
60.8 41.56
60.9 41.56
61 41.56
61.1 41.56
61.2 41.56
61.3 41.56
61.4 41.56
61.5 41.56
61.6 41.56
61.7 41.56
61.8 41.56
61.9 41.56
62 41.56
62.1 41.56
62.2 41.56
62.3 41.56
62.4 41.56
62.5 41.56
62.6 41.56
62.7 41.5
62.8 41.5
62.9 41.5
63 41.5
63.1 41.5
63.2 41.43
63.3 41.43
63.4 41.43
63.5 41.43
63.6 41.43
63.7 41.43
63.8 41.43
63.9 41.43
64 41.43
64.1 41.43
64.2 41.43
64.3 41.43
64.4 41.43
64.5 41.43
64.6 41.43
64.7 41.43
64.8 41.43
64.9 41.43
65 41.43
65.1 41.43
65.2 41.43
65.3 41.43
65.4 41.43
65.5 41.43
65.6 41.43
65.7 41.43
65.8 41.43
65.9 41.43
66 41.43
66.1 41.43
66.2 41.43
66.3 41.43
66.4 41.43
66.5 41.43
66.6 41.43
66.7 41.43
66.8 41.43
66.9 41.43
67 41.43
67.1 41.43
67.2 41.37
67.3 41.37
67.4 41.37
67.5 41.37
67.6 41.37
67.7 41.37
67.8 41.31
67.9 41.31
68 41.31
68.1 41.31
68.2 41.31
68.3 41.31
68.4 41.31
68.5 41.31
68.6 41.31
68.7 41.25
68.8 41.25
68.9 41.25
69 41.25
69.1 41.25
69.2 41.25
69.3 41.25
69.4 41.25
69.5 41.25
69.6 41.25
69.7 41.18
69.8 41.18
69.9 41.18
70 41.18
70.1 41.18
70.2 41.18
70.3 41.18
70.4 41.18
70.5 41.18
70.6 41.18
70.7 41.12
70.8 41.12
70.9 41.12
71 41.12
71.1 41.12
71.2 41.12
71.3 41.06
71.4 41.06
71.5 41.06
71.6 41.06
71.7 41.06
71.8 41.06
71.9 41.06
72 41.06
72.1 41.06
72.2 41
72.3 41
72.4 41
72.5 41
72.6 41
72.7 40.93
72.8 40.93
72.9 40.93
73 40.93
73.1 40.93
73.2 40.93
73.3 40.93
73.4 40.93
73.5 40.93
73.6 40.93
73.7 40.87
73.8 40.87
73.9 40.87
74 40.87
74.1 40.87
74.2 40.81
74.3 40.81
74.4 40.81
74.5 40.81
74.6 40.81
74.7 40.81
74.8 40.81
74.9 40.81
75 40.81
75.1 40.81
75.2 40.75
75.3 40.75
75.4 40.75
75.5 40.75
75.6 40.75
75.7 40.75
75.8 40.75
75.9 40.75
76 40.75
76.1 40.75
76.2 40.68
76.3 40.68
76.4 40.68
76.5 40.68
76.6 40.68
76.7 40.68
76.8 40.68
76.9 40.68
77 40.68
77.1 40.68
77.2 40.62
77.3 40.62
77.4 40.62
77.5 40.62
77.6 40.62
77.7 40.62
77.8 40.62
77.9 40.62
78 40.62
78.1 40.62
78.2 40.62
78.3 40.62
78.4 40.62
78.5 40.62
78.6 40.62
78.7 40.62
78.8 40.62
78.9 40.62
79 40.62
79.1 40.62
79.2 40.62
79.3 40.62
79.4 40.62
79.5 40.62
79.6 40.62
79.7 40.62
79.8 40.62
79.9 40.62
80 40.62
80.1 40.62
80.2 40.56
80.3 40.56
80.4 40.56
80.5 40.56
80.6 40.56
80.7 40.62
80.8 40.62
80.9 40.62
81 40.62
81.1 40.62
81.2 40.62
81.3 40.62
81.4 40.62
81.5 40.62
81.6 40.62
81.7 40.62
81.8 40.62
81.9 40.62
82 40.62
82.1 40.62
82.2 40.62
82.3 40.62
82.4 40.62
82.5 40.62
82.6 40.62
82.7 40.62
82.8 40.62
82.9 40.62
83 40.62
83.1 40.62
83.2 40.62
83.3 40.62
83.4 40.62
83.5 40.62
83.6 40.62
83.7 40.62
83.8 40.62
83.9 40.62
84 40.62
84.1 40.62
84.2 40.56
84.3 40.56
84.4 40.56
84.5 40.56
84.6 40.56
84.7 40.56
84.8 40.56
84.9 40.56
85 40.56
85.1 40.56
85.2 40.56
85.3 40.5
85.4 40.5
85.5 40.5
85.6 40.5
85.7 40.5
85.8 40.5
85.9 40.5
86 40.5
86.1 40.5
86.2 40.43
86.3 40.43
86.4 40.43
86.5 40.43
86.6 40.43
86.7 40.43
86.8 40.43
86.9 40.43
87 40.43
87.1 40.43
87.2 40.37
87.3 40.37
87.4 40.37
87.5 40.37
87.6 40.37
87.7 40.37
87.8 40.37
87.9 40.37
88 40.37
88.1 40.37
88.2 40.37
88.3 40.37
88.4 40.37
88.5 40.37
88.6 40.37
88.7 40.37
88.8 40.37
88.9 40.37
89 40.37
89.1 40.37
89.2 40.31
89.3 40.31
89.4 40.31
89.5 40.31
89.6 40.31
89.7 40.37
89.8 40.37
89.9 40.37
90 40.37
90.1 40.37
90.2 40.37
90.3 40.37
90.4 40.37
90.5 40.37
90.6 40.37
90.7 40.37
90.8 40.37
90.9 40.37
91 40.37
91.1 40.37
91.2 40.37
91.3 40.37
91.4 40.37
91.5 40.37
91.6 40.37
91.7 40.37
91.8 40.37
91.9 40.37
92 40.37
92.1 40.37
92.2 40.37
92.3 40.37
92.4 40.37
92.5 40.37
92.6 40.37
92.7 40.31
92.8 40.31
92.9 40.31
93 40.31
93.1 40.31
93.2 40.37
93.3 40.37
93.4 40.37
93.5 40.37
93.6 40.37
93.7 40.37
93.8 40.37
93.9 40.37
94 40.37
94.1 40.37
94.2 40.31
94.3 40.31
94.4 40.31
94.5 40.31
94.6 40.31
94.7 40.31
94.8 40.31
94.9 40.31
95 40.31
95.1 40.31
95.2 40.25
95.3 40.25
95.4 40.25
95.5 40.25
95.6 40.25
95.7 40.25
95.8 40.25
95.9 40.25
96 40.25
96.1 40.25
96.2 40.25
96.3 40.25
96.4 40.25
96.5 40.25
96.6 40.25
96.7 40.25
96.8 40.25
96.9 40.25
97 40.25
97.1 40.25
97.2 40.25
97.3 40.25
97.4 40.25
97.5 40.25
97.6 40.25
97.7 40.25
97.8 40.25
97.9 40.25
98 40.25
98.1 40.25
98.2 40.31
98.3 40.31
98.4 40.31
98.5 40.31
98.6 40.31
98.7 40.31
98.8 40.31
98.9 40.31
99 40.31
99.1 40.31
99.2 40.31
99.3 40.25
99.4 40.25
99.5 40.25
99.6 40.25
99.7 40.25
99.8 40.25
99.9 40.25
100 40.25
100.1 40.25
100.2 40.25
100.3 40.25
100.4 40.25
100.5 40.25
100.6 40.25
100.7 40.25
100.8 40.25
100.9 40.25
101 40.25
101.1 40.25
101.2 40.25
101.3 40.25
101.4 40.25
101.5 40.25
101.6 40.25
101.7 40.25
101.8 40.25
101.9 40.25
102 40.25
102.1 40.25
102.2 40.25
102.3 40.25
102.4 40.25
102.5 40.25
102.6 40.25
102.7 40.25
102.8 40.18
102.9 40.18
103 40.18
103.1 40.18
103.2 40.18
103.3 40.18
103.4 40.18
103.5 40.18
103.6 40.18
103.7 40.25
103.8 40.25
103.9 40.25
104 40.25
104.1 40.25
104.2 40.25
104.3 40.25
104.4 40.25
104.5 40.25
104.6 40.25
104.7 40.18
104.8 40.18
104.9 40.18
105 40.18
105.1 40.18
105.2 40.18
105.3 40.18
105.4 40.18
105.5 40.18
105.6 40.18
105.7 40.18
105.8 40.18
105.9 40.18
106 40.18
106.1 40.18
106.2 40.18
106.3 40.18
106.4 40.18
106.5 40.18
106.6 40.18
106.7 40.18
106.8 40.18
106.9 40.18
107 40.18
107.1 40.18
107.2 40.18
107.3 40.18
107.4 40.18
107.5 40.18
107.6 40.18
107.7 40.18
107.8 40.18
107.9 40.18
108 40.18
108.1 40.18
108.2 40.18
108.3 40.18
108.4 40.18
108.5 40.18
108.6 40.18
108.7 40.18
108.8 40.18
108.9 40.18
109 40.18
109.1 40.18
109.2 40.18
109.3 40.18
109.4 40.18
109.5 40.18
109.6 40.18
109.7 40.18
109.8 40.12
109.9 40.12
110 40.12
110.1 40.12
110.2 40.12
110.3 40.12
110.4 40.12
110.5 40.12
110.6 40.12
110.7 40.12
110.8 40.12
110.9 40.12
111 40.12
111.1 40.12
111.2 40.06
111.3 40.06
111.4 40.06
111.5 40.06
111.6 40.06
111.7 40.06
111.8 40.06
111.9 40.06
112 40.06
112.1 40.06
112.2 40.06
112.3 40.06
112.4 40.06
112.5 40.06
112.6 40.06
112.7 40.06
112.8 40.06
112.9 40.06
113 40.06
113.1 40.06
113.2 40.06
113.3 40.06
113.4 40.06
113.5 40.06
113.6 40.06
113.7 40.06
113.8 40.06
113.9 40.06
114 40.06
114.1 40.06
114.2 40.06
114.3 40.06
114.4 40.06
114.5 40.06
114.6 40.06
114.7 40.06
114.8 40.06
114.9 40.06
115 40.06
115.1 40.06
115.2 40.06
115.3 40.06
115.4 40.06
115.5 40.06
115.6 40.06
115.7 40.06
115.8 40.06
115.9 40.06
116 40.06
116.1 40.06
116.2 40.06
116.3 40.06
116.4 40.06
116.5 40.06
116.6 40.06
116.7 40.06
116.8 40.06
116.9 40.06
117 40.06
117.1 40.06
117.2 40.06
117.3 40.06
117.4 40.06
117.5 40.06
117.6 40.06
117.7 40.06
117.8 40.06
117.9 40.06
118 40.06
118.1 40.06
118.2 40.06
118.3 40.06
118.4 40.06
118.5 40.06
118.6 40.06
118.7 40.06
118.8 40.06
118.9 40.06
119 40.06
119.1 40.06
119.2 40.06
119.3 40.06
119.4 40.06
119.5 40.06
119.6 40.06
119.7 40.06
119.8 40.06
119.9 40.06
120 40.06
120.1 40.06
120.2 40.06
120.3 40.06
120.4 40.06
120.5 40.06
120.6 40.06
120.7 40.06
120.8 40.06
120.9 40.06
121 40.06
121.1 40.06
121.2 40
121.3 40
121.4 40
121.5 40
121.6 40
121.7 40
121.8 40
121.9 40
122 40
122.1 40
122.2 40
122.3 40
122.4 40
122.5 40
122.6 40
122.7 40
122.8 40
122.9 40
123 40
123.1 40
123.2 40
123.3 40
123.4 40
123.5 40
123.6 40
123.7 40
123.8 40
123.9 40
124 40
124.1 40
124.2 40
124.3 40
124.4 40
124.5 40
124.6 40
124.7 40
124.8 40
124.9 40
125 40
125.1 40
125.2 40
125.3 40
125.4 40
125.5 40
125.6 40
125.7 40
125.8 40
125.9 40
126 40
126.1 40
126.2 40
126.3 40
126.4 40
126.5 40
126.6 40
126.7 40
126.8 40
126.9 40
127 40
127.1 40
127.2 40
127.3 40
127.4 40
127.5 40
127.6 40
127.7 40
127.8 40
127.9 40
128 40
128.1 40
128.2 40
128.3 40
128.4 40
128.5 40
128.6 40
128.7 40
128.8 40
128.9 40
129 40
129.1 40
129.2 40
129.3 40
129.4 40
129.5 40
129.6 40
129.7 40
129.8 40
129.9 40
130 40
130.1 40
130.2 40
130.3 40
130.4 40
130.5 40
130.6 40
130.7 40
130.8 40
130.9 40
131 40
131.1 40
131.2 39.93
131.3 39.93
131.4 39.93
131.5 39.93
131.6 39.93
131.7 39.93
131.8 39.93
131.9 39.93
132 39.93
132.1 39.93
132.2 40
132.3 40
132.4 40
132.5 40
132.6 40
132.7 39.93
132.8 39.93
132.9 39.93
133 39.93
133.1 39.93
133.2 39.93
133.3 39.93
133.4 39.93
133.5 39.93
133.6 39.93
133.7 40
133.8 40
133.9 40
134 40
134.1 40
134.2 40
134.3 40
134.4 40
134.5 40
134.6 40
134.7 40
134.8 40
134.9 40
135 40
135.1 40
135.2 40.06
135.3 40.06
135.4 40.06
135.5 40.06
135.6 40.06
135.7 40.06
135.8 40.06
135.9 40.06
136 40.06
136.1 40.06
136.2 40.06
136.3 40.06
136.4 40.06
136.5 40.06
136.6 40.06
136.7 40.06
136.8 40.06
136.9 40.06
137 40.06
137.1 40.06
137.2 40.06
137.3 40.06
137.4 40.06
137.5 40.06
137.6 40.06
137.7 40.06
137.8 40.06
137.9 40.06
138 40.06
138.1 40.06
138.2 40.06
138.3 40.06
138.4 40.06
138.5 40.06
138.6 40.06
138.7 40.06
138.8 40.06
138.9 40.06
139 40.06
139.1 40.06
139.2 40.06
139.3 40.06
139.4 40.06
139.5 40.06
139.6 40.06
139.7 40.06
139.8 40.06
139.9 40.06
140 40.06
140.1 40.06
140.2 40.06
140.3 40.06
140.4 40.06
140.5 40.06
140.6 40.06
140.7 40.06
140.8 40.06
140.9 40.06
141 40.06
141.1 40.06
141.2 40.06
141.3 40.06
141.4 40.06
141.5 40.06
141.6 40.06
141.7 40.06
141.8 40.06
141.9 40.06
142 40.06
142.1 40.06
142.2 40.12
142.3 40.12
142.4 40.12
142.5 40.12
142.6 40.12
142.7 40.12
142.8 40.12
142.9 40.12
143 40.12
143.1 40.12
143.2 40.12
143.3 40.12
143.4 40.12
143.5 40.12
143.6 40.12
143.7 40.12
143.8 40.12
143.9 40.12
144 40.12
144.1 40.12
144.2 40.06
144.3 40.06
144.4 40.06
144.5 40.06
144.6 40.06
144.7 40.06
144.8 40.06
144.9 40.06
145 40.06
145.1 40.06
145.2 40.06
145.3 40.06
145.4 40.06
145.5 40.06
145.6 40.06
145.7 40.06
145.8 40.06
145.9 40.06
146 40.06
146.1 40.06
146.2 40.06
146.3 40.06
146.4 40.06
146.5 40.06
146.6 40.06
146.7 40.06
146.8 40.06
146.9 40.06
147 40.06
147.1 40.06
147.2 40.06
147.3 40.06
147.4 40.06
147.5 40.06
147.6 40.06
147.7 40.06
147.8 40.06
147.9 40.06
148 40.06
148.1 40.06
148.2 40.06
148.3 40
148.4 40
148.5 40
148.6 40
148.7 40.06
148.8 40.06
148.9 40.06
149 40.06
149.1 40.06
149.2 40.06
149.3 40.06
149.4 40.06
149.5 40.06
149.6 40.06
149.7 40.06
149.8 40.06
149.9 40.06
150 40.06
150.1 40.06
150.2 40
150.3 40
150.4 40
150.5 40
150.6 40
150.7 40
150.8 40
150.9 40
151 40
151.1 40
151.2 40
151.3 40
151.4 40
151.5 40
151.6 40
151.7 40
151.8 40
151.9 40
152 40
152.1 40
152.2 40
152.3 40
152.4 40
152.5 40
152.6 40
152.7 39.93
152.8 39.93
152.9 39.93
153 39.93
153.1 39.93
153.2 39.87
153.3 39.87
153.4 39.87
153.5 39.87
153.6 39.87
153.7 39.81
153.8 39.81
153.9 39.81
154 39.81
154.1 39.81
154.2 39.75
154.3 39.75
154.4 39.75
154.5 39.75
154.6 39.75
154.7 39.68
154.8 39.68
154.9 39.68
155 39.68
155.1 39.68
155.2 39.68
155.3 39.56
155.4 39.56
155.5 39.56
155.6 39.56
155.7 39.56
155.8 39.56
155.9 39.56
156 39.56
156.1 39.56
156.2 39.43
156.3 39.43
156.4 39.43
156.5 39.43
156.6 39.43
156.7 39.37
156.8 39.37
156.9 39.37
157 39.37
157.1 39.37
157.2 39.25
157.3 39.25
157.4 39.25
157.5 39.25
157.6 39.25
157.7 39.12
157.8 39.12
157.9 39.12
158 39.12
158.1 39.12
158.2 39
158.3 39
158.4 39
158.5 39
158.6 39
158.7 39
158.8 38.87
158.9 38.87
159 38.87
159.1 38.87
159.2 38.81
159.3 38.81
159.4 38.81
159.5 38.81
159.6 38.81
159.7 38.68
159.8 38.68
159.9 38.68
160 38.68
160.1 38.68
160.2 38.5
160.3 38.5
160.4 38.5
160.5 38.5
160.6 38.5
160.7 38.37
160.8 38.37
160.9 38.37
161 38.37
161.1 38.37
161.2 38.25
161.3 38.25
161.4 38.25
161.5 38.25
161.6 38.25
161.7 38.12
161.8 38.12
161.9 38.12
162 38.12
162.1 38.12
162.2 38.12
162.3 37.93
162.4 37.93
162.5 37.93
162.6 37.93
162.7 37.87
162.8 37.87
162.9 37.87
163 37.87
163.1 37.87
163.2 37.68
163.3 37.68
163.4 37.68
163.5 37.68
163.6 37.68
163.7 37.56
163.8 37.56
163.9 37.56
164 37.56
164.1 37.56
164.2 37.37
164.3 37.37
164.4 37.37
164.5 37.37
164.6 37.37
164.7 37.18
164.8 37.18
164.9 37.18
165 37.18
165.1 37.18
165.2 37.06
165.3 37.06
165.4 37.06
165.5 37.06
165.6 37.06
165.7 37.06
165.8 36.93
165.9 36.93
166 36.93
166.1 36.93
166.2 36.87
166.3 36.87
166.4 36.87
166.5 36.87
166.6 36.87
166.7 36.68
166.8 36.68
166.9 36.68
167 36.68
167.1 36.68
167.2 36.56
167.3 36.56
167.4 36.56
167.5 36.56
167.6 36.56
167.7 36.43
167.8 36.43
167.9 36.43
168 36.43
168.1 36.43
168.2 36.31
168.3 36.31
168.4 36.31
168.5 36.31
168.6 36.31
168.7 36.18
168.8 36.18
168.9 36.18
169 36.18
169.1 36.18
169.2 36.18
169.3 36.06
169.4 36.06
169.5 36.06
169.6 36.06
169.7 36
169.8 36
169.9 36
170 36
170.1 36
170.2 35.87
170.3 35.87
170.4 35.87
170.5 35.87
170.6 35.87
170.7 35.75
170.8 35.75
170.9 35.75
171 35.75
171.1 35.75
171.2 35.68
171.3 35.68
171.4 35.68
171.5 35.68
171.6 35.68
171.7 35.62
171.8 35.62
171.9 35.62
172 35.62
172.1 35.62
172.2 35.5
172.3 35.5
172.4 35.5
172.5 35.5
172.6 35.5
172.7 35.5
172.8 35.37
172.9 35.37
173 35.37
173.1 35.37
173.2 35.37
173.3 35.37
173.4 35.37
173.5 35.37
173.6 35.37
173.7 35.25
173.8 35.25
173.9 35.25
174 35.25
174.1 35.25
174.2 35.18
174.3 35.18
174.4 35.18
174.5 35.18
174.6 35.18
174.7 35.12
174.8 35.12
174.9 35.12
175 35.12
175.1 35.12
175.2 35
175.3 35
175.4 35
175.5 35
175.6 35
175.7 34.93
175.8 34.93
175.9 34.93
176 34.93
176.1 34.93
176.2 34.93
176.3 34.87
176.4 34.87
176.5 34.87
176.6 34.87
176.7 34.81
176.8 34.81
176.9 34.81
177 34.81
177.1 34.81
177.2 34.75
177.3 34.75
177.4 34.75
177.5 34.75
177.6 34.75
177.7 34.68
177.8 34.68
177.9 34.68
178 34.68
178.1 34.68
178.2 34.62
178.3 34.62
178.4 34.62
178.5 34.62
178.6 34.62
178.7 34.56
178.8 34.56
178.9 34.56
179 34.56
179.1 34.56
179.2 34.56
179.3 34.56
179.4 34.56
179.5 34.56
179.6 34.56
179.7 34.56
179.8 34.5
179.9 34.5
180 34.5
180.1 34.5
180.2 34.5
180.3 34.5
180.4 34.5
180.5 34.5
180.6 34.5
180.7 34.43
180.8 34.43
180.9 34.43
181 34.43
181.1 34.43
181.2 34.43
181.3 34.43
181.4 34.43
181.5 34.43
181.6 34.43
181.7 34.43
181.8 34.43
181.9 34.43
182 34.43
182.1 34.43
182.2 34.43
182.3 34.43
182.4 34.43
182.5 34.43
182.6 34.43
182.7 34.43
182.8 34.43
182.9 34.43
183 34.43
183.1 34.43
183.2 34.43
183.3 34.43
183.4 34.43
183.5 34.43
183.6 34.43
183.7 34.43
183.8 34.43
183.9 34.43
184 34.43
184.1 34.43
184.2 34.43
184.3 34.43
184.4 34.43
184.5 34.43
184.6 34.43
184.7 34.43
184.8 34.43
184.9 34.43
185 34.43
185.1 34.43
185.2 34.43
185.3 34.43
185.4 34.43
185.5 34.43
185.6 34.43
185.7 34.43
185.8 34.43
185.9 34.43
186 34.43
186.1 34.43
186.2 34.5
186.3 34.5
186.4 34.5
186.5 34.5
186.6 34.5
186.7 34.5
186.8 34.5
186.9 34.5
187 34.5
187.1 34.5
187.2 34.56
187.3 34.56
187.4 34.56
187.5 34.56
187.6 34.56
187.7 34.56
187.8 34.56
187.9 34.56
188 34.56
188.1 34.56
188.2 34.56
188.3 34.56
188.4 34.56
188.5 34.56
188.6 34.56
188.7 34.56
188.8 34.56
188.9 34.56
189 34.56
189.1 34.56
189.2 34.56
189.3 34.56
189.4 34.56
189.5 34.56
189.6 34.56
189.7 34.56
189.8 34.56
189.9 34.56
190 34.56
190.1 34.56
190.2 34.56
190.3 34.56
190.4 34.56
190.5 34.56
190.6 34.56
190.7 34.56
190.8 34.56
190.9 34.56
191 34.56
191.1 34.56
191.2 34.56
191.3 34.56
191.4 34.56
191.5 34.56
191.6 34.56
191.7 34.56
191.8 34.56
191.9 34.56
192 34.56
192.1 34.56
192.2 34.56
192.3 34.56
192.4 34.56
192.5 34.56
192.6 34.56
192.7 34.56
192.8 34.56
192.9 34.56
193 34.56
193.1 34.56
193.2 34.56
193.3 34.56
193.4 34.56
193.5 34.56
193.6 34.56
193.7 34.56
193.8 34.56
193.9 34.56
194 34.56
194.1 34.56
194.2 34.56
194.3 34.56
194.4 34.56
194.5 34.56
194.6 34.56
194.7 34.56
194.8 34.56
194.9 34.56
195 34.56
195.1 34.56
195.2 34.56
195.3 34.56
195.4 34.56
195.5 34.56
195.6 34.56
195.7 34.56
195.8 34.56
195.9 34.56
196 34.56
196.1 34.56
196.2 34.62
196.3 34.62
196.4 34.62
196.5 34.62
196.6 34.62
196.7 34.62
196.8 34.62
196.9 34.62
197 34.62
197.1 34.62
197.2 34.62
197.3 34.68
197.4 34.68
197.5 34.68
197.6 34.68
197.7 34.75
197.8 34.75
197.9 34.75
198 34.75
198.1 34.75
198.2 34.81
198.3 34.81
198.4 34.81
198.5 34.81
198.6 34.81
198.7 34.81
198.8 34.81
198.9 34.81
199 34.81
199.1 34.81
199.2 34.87
199.3 34.87
199.4 34.87
199.5 34.87
199.6 34.87
199.7 34.87
199.8 34.87
199.9 34.87
200 34.87
200.1 34.87
200.2 34.87
200.3 34.87
200.4 34.87
200.5 34.87
200.6 34.87
200.7 34.87
200.8 34.87
200.9 34.87
201 34.87
201.1 34.87
201.2 34.87
201.3 34.87
201.4 34.87
201.5 34.87
201.6 34.87
201.7 34.87
201.8 34.87
201.9 34.87
202 34.87
202.1 34.87
202.2 34.93
202.3 34.93
202.4 34.93
202.5 34.93
202.6 34.93
202.7 34.93
202.8 34.93
202.9 34.93
203 34.93
203.1 34.93
203.2 35
203.3 35
203.4 35
203.5 35
203.6 35
203.7 35
203.8 35
203.9 35
204 35
204.1 35
204.2 35
204.3 35.06
204.4 35.06
204.5 35.06
204.6 35.06
204.7 35.06
204.8 35.06
204.9 35.06
205 35.06
205.1 35.06
205.2 35.06
205.3 35.06
205.4 35.06
205.5 35.06
205.6 35.06
205.7 35.12
205.8 35.12
205.9 35.12
206 35.12
206.1 35.12
206.2 35.18
206.3 35.18
206.4 35.18
206.5 35.18
206.6 35.18
206.7 35.18
206.8 35.18
206.9 35.18
207 35.18
207.1 35.18
207.2 35.25
207.3 35.25
207.4 35.25
207.5 35.25
207.6 35.25
207.7 35.25
207.8 35.37
207.9 35.37
208 35.37
208.1 35.37
208.2 35.37
208.3 35.37
208.4 35.37
208.5 35.37
208.6 35.37
208.7 35.43
208.8 35.43
208.9 35.43
209 35.43
209.1 35.43
209.2 35.43
209.3 35.43
209.4 35.43
209.5 35.43
209.6 35.43
209.7 35.5
209.8 35.5
209.9 35.5
210 35.5
210.1 35.5
210.2 35.5
210.3 35.5
210.4 35.5
210.5 35.5
210.6 35.5
210.7 35.5
210.8 35.5
210.9 35.5
211 35.5
211.1 35.5
211.2 35.5
211.3 35.5
211.4 35.5
211.5 35.5
211.6 35.5
211.7 35.5
211.8 35.5
211.9 35.5
212 35.5
212.1 35.5
212.2 35.5
212.3 35.5
212.4 35.5
212.5 35.5
212.6 35.5
212.7 35.5
212.8 35.5
212.9 35.5
213 35.5
213.1 35.5
213.2 35.56
213.3 35.56
213.4 35.56
213.5 35.56
213.6 35.56
213.7 35.56
213.8 35.56
213.9 35.56
214 35.56
214.1 35.56
214.2 35.56
214.3 35.56
214.4 35.56
214.5 35.56
214.6 35.56
214.7 35.56
214.8 35.56
214.9 35.56
215 35.56
215.1 35.56
215.2 35.56
215.3 35.56
215.4 35.56
215.5 35.56
215.6 35.56
215.7 35.56
215.8 35.56
215.9 35.56
216 35.56
216.1 35.56
216.2 35.56
216.3 35.56
216.4 35.56
216.5 35.56
216.6 35.56
216.7 35.62
216.8 35.62
216.9 35.62
217 35.62
217.1 35.62
217.2 35.62
217.3 35.62
217.4 35.62
217.5 35.62
217.6 35.62
217.7 35.62
217.8 35.62
217.9 35.62
218 35.62
218.1 35.62
218.2 35.62
218.3 35.62
218.4 35.62
218.5 35.62
218.6 35.62
218.7 35.62
218.8 35.62
218.9 35.62
219 35.62
219.1 35.62
219.2 35.62
219.3 35.62
219.4 35.62
219.5 35.62
219.6 35.62
219.7 35.62
219.8 35.62
219.9 35.62
220 35.62
220.1 35.62
220.2 35.68
220.3 35.68
220.4 35.68
220.5 35.68
220.6 35.68
220.7 35.68
220.8 35.68
220.9 35.68
221 35.68
221.1 35.68
221.2 35.68
221.3 35.68
221.4 35.68
221.5 35.68
221.6 35.68
221.7 35.68
221.8 35.68
221.9 35.68
222 35.68
222.1 35.68
222.2 35.68
222.3 35.68
222.4 35.68
222.5 35.68
222.6 35.68
222.7 35.68
222.8 35.68
222.9 35.68
223 35.68
223.1 35.68
223.2 35.68
223.3 35.68
223.4 35.68
223.5 35.68
223.6 35.68
223.7 35.68
223.8 35.68
223.9 35.68
224 35.68
224.1 35.68
224.2 35.68
224.3 35.68
224.4 35.68
224.5 35.68
224.6 35.68
224.7 35.75
224.8 35.75
224.9 35.75
225 35.75
225.1 35.75
225.2 35.75
225.3 35.75
225.4 35.75
225.5 35.75
225.6 35.75
225.7 35.75
225.8 35.75
225.9 35.75
226 35.75
226.1 35.75
226.2 35.75
226.3 35.75
226.4 35.75
226.5 35.75
226.6 35.75
226.7 35.75
226.8 35.75
226.9 35.75
227 35.75
227.1 35.75
227.2 35.75
227.3 35.75
227.4 35.75
227.5 35.75
227.6 35.75
227.7 35.75
227.8 35.75
227.9 35.75
228 35.75
228.1 35.75
228.2 35.75
228.3 35.75
228.4 35.75
228.5 35.75
228.6 35.75
228.7 35.75
228.8 35.81
228.9 35.81
229 35.81
229.1 35.81
229.2 35.81
229.3 35.81
229.4 35.81
229.5 35.81
229.6 35.81
229.7 35.81
229.8 35.81
229.9 35.81
230 35.81
230.1 35.81
230.2 35.81
230.3 35.81
230.4 35.81
230.5 35.81
230.6 35.81
230.7 35.81
230.8 35.81
230.9 35.81
231 35.81
231.1 35.81
231.2 35.81
231.3 35.81
231.4 35.81
231.5 35.81
231.6 35.81
231.7 35.81
231.8 35.81
231.9 35.81
232 35.81
232.1 35.81
232.2 35.81
232.3 35.81
232.4 35.81
232.5 35.81
232.6 35.81
232.7 35.81
232.8 35.81
232.9 35.81
233 35.81
233.1 35.81
233.2 35.81
233.3 35.81
233.4 35.81
233.5 35.81
233.6 35.81
233.7 35.81
233.8 35.81
233.9 35.81
234 35.81
234.1 35.81
234.2 35.81
234.3 35.81
234.4 35.81
234.5 35.81
234.6 35.81
234.7 35.81
234.8 35.81
234.9 35.81
235 35.81
235.1 35.81
235.2 35.81
235.3 35.81
235.4 35.81
235.5 35.81
235.6 35.81
235.7 35.81
235.8 35.81
235.9 35.81
236 35.81
236.1 35.81
236.2 35.81
236.3 35.81
236.4 35.81
236.5 35.81
236.6 35.81
236.7 35.81
236.8 35.81
236.9 35.81
237 35.81
237.1 35.81
237.2 35.81
237.3 35.81
237.4 35.81
237.5 35.81
237.6 35.81
237.7 35.75
237.8 35.75
237.9 35.75
238 35.75
238.1 35.75
238.2 35.81
238.3 35.81
238.4 35.81
238.5 35.81
238.6 35.81
238.7 35.75
238.8 35.75
238.9 35.75
239 35.75
239.1 35.75
239.2 35.75
239.3 35.75
239.4 35.75
239.5 35.75
239.6 35.75
239.7 35.75
239.8 35.75
239.9 35.75
240 35.75
240.1 35.75
240.2 35.75
240.3 35.75
240.4 35.75
240.5 35.75
240.6 35.75
240.7 35.75
240.8 35.75
240.9 35.75
241 35.75
241.1 35.75
241.2 35.81
241.3 35.81
241.4 35.81
241.5 35.81
241.6 35.81
241.7 35.81
241.8 35.81
241.9 35.81
242 35.81
242.1 35.81
242.2 35.81
242.3 35.81
242.4 35.81
242.5 35.81
242.6 35.81
242.7 35.81
242.8 35.81
242.9 35.81
243 35.81
243.1 35.81
243.2 35.81
243.3 35.81
243.4 35.81
243.5 35.81
243.6 35.81
243.7 35.81
243.8 35.81
243.9 35.81
244 35.81
244.1 35.81
244.2 35.81
244.3 35.81
244.4 35.81
244.5 35.81
244.6 35.81
244.7 35.81
244.8 35.81
244.9 35.81
245 35.81
245.1 35.81
245.2 35.87
245.3 35.87
245.4 35.87
245.5 35.87
245.6 35.87
245.7 35.87
245.8 35.87
245.9 35.87
246 35.87
246.1 35.87
246.2 35.87
246.3 35.87
246.4 35.87
246.5 35.87
246.6 35.87
246.7 35.87
246.8 35.87
246.9 35.87
247 35.87
247.1 35.87
247.2 35.87
247.3 35.87
247.4 35.87
247.5 35.87
247.6 35.87
247.7 35.87
247.8 35.87
247.9 35.87
248 35.87
248.1 35.87
248.2 35.87
248.3 35.87
248.4 35.87
248.5 35.87
248.6 35.87
248.7 35.87
248.8 35.87
248.9 35.87
249 35.87
249.1 35.87
249.2 35.87
249.3 35.87
249.4 35.87
249.5 35.87
249.6 35.87
249.7 35.87
249.8 35.93
249.9 35.93
250 35.93
250.1 35.93
250.2 35.93
250.3 35.93
250.4 35.93
250.5 35.93
250.6 35.93
250.7 35.93
250.8 35.93
250.9 35.93
251 35.93
251.1 35.93
251.2 35.93
251.3 35.93
251.4 35.93
251.5 35.93
251.6 35.93
251.7 35.93
251.8 35.93
251.9 35.93
252 35.93
252.1 35.93
252.2 36
252.3 36
252.4 36
252.5 36
252.6 36
252.7 36
252.8 36
252.9 36
253 36
253.1 36
253.2 36
253.3 36
253.4 36
253.5 36
253.6 36
253.7 36
253.8 36
253.9 36
254 36
254.1 36
254.2 36
254.3 36
254.4 36
254.5 36
254.6 36
254.7 36
254.8 36
254.9 36
255 36
255.1 36
255.2 36
255.3 36
255.4 36
255.5 36
255.6 36
255.7 35.93
255.8 35.93
255.9 35.93
256 35.93
256.1 35.93
256.2 35.93
256.3 35.93
256.4 35.93
256.5 35.93
256.6 35.93
256.7 35.93
256.8 35.93
256.9 35.93
257 35.93
257.1 35.93
257.2 35.93
257.3 35.93
257.4 35.93
257.5 35.93
257.6 35.93
257.7 35.87
257.8 35.87
257.9 35.87
258 35.87
258.1 35.87
258.2 35.87
258.3 35.87
258.4 35.87
258.5 35.87
258.6 35.87
258.7 35.87
258.8 35.87
258.9 35.87
259 35.87
259.1 35.87
259.2 35.87
259.3 35.87
259.4 35.87
259.5 35.87
259.6 35.87
259.7 35.93
259.8 35.93
259.9 35.93
260 35.93
260.1 35.93
260.2 35.93
260.3 35.93
260.4 35.93
260.5 35.93
260.6 35.93
260.7 36
260.8 36
260.9 36
261 36
261.1 36
261.2 36
261.3 36
261.4 36
261.5 36
261.6 36
261.7 36
261.8 36
261.9 36
262 36
262.1 36
262.2 36
262.3 36
262.4 36
262.5 36
262.6 36
262.7 36
262.8 36
262.9 36
263 36
263.1 36
263.2 35.93
263.3 35.93
263.4 35.93
263.5 35.93
263.6 35.93
263.7 35.93
263.8 35.93
263.9 35.93
264 35.93
264.1 35.93
264.2 35.87
264.3 35.87
264.4 35.87
264.5 35.87
264.6 35.87
264.7 35.87
264.8 35.87
264.9 35.87
265 35.87
265.1 35.87
265.2 35.87
265.3 35.87
265.4 35.87
265.5 35.87
265.6 35.87
265.7 35.87
265.8 35.87
265.9 35.87
266 35.87
266.1 35.87
266.2 35.81
266.3 35.81
266.4 35.81
266.5 35.81
266.6 35.81
266.7 35.81
266.8 35.81
266.9 35.81
267 35.81
267.1 35.81
267.2 35.81
267.3 35.81
267.4 35.81
267.5 35.81
267.6 35.81
267.7 35.75
267.8 35.75
267.9 35.75
268 35.75
268.1 35.75
268.2 35.75
268.3 35.75
268.4 35.75
268.5 35.75
268.6 35.75
268.7 35.75
268.8 35.75
268.9 35.75
269 35.75
269.1 35.75
269.2 35.75
269.3 35.75
269.4 35.75
269.5 35.75
269.6 35.75
269.7 35.68
269.8 35.68
269.9 35.68
270 35.68
270.1 35.68
270.2 35.68
270.3 35.68
270.4 35.68
270.5 35.68
270.6 35.68
270.7 35.68
270.8 35.75
270.9 35.75
271 35.75
271.1 35.75
271.2 35.75
271.3 35.75
271.4 35.75
271.5 35.75
271.6 35.75
271.7 35.75
271.8 35.75
271.9 35.75
272 35.75
272.1 35.75
272.2 35.81
272.3 35.81
272.4 35.81
272.5 35.81
272.6 35.81
272.7 35.81
272.8 35.81
272.9 35.81
273 35.81
273.1 35.81
273.2 35.75
273.3 35.75
273.4 35.75
273.5 35.75
273.6 35.75
273.7 35.81
273.8 35.81
273.9 35.81
274 35.81
274.1 35.81
274.2 35.81
274.3 35.75
274.4 35.75
274.5 35.75
274.6 35.75
274.7 35.75
274.8 35.75
274.9 35.75
275 35.75
275.1 35.75
275.2 35.75
275.3 35.75
275.4 35.75
275.5 35.75
275.6 35.75
275.7 35.68
275.8 35.68
275.9 35.68
276 35.68
276.1 35.68
276.2 35.62
276.3 35.62
276.4 35.62
276.5 35.62
276.6 35.62
276.7 35.56
276.8 35.56
276.9 35.56
277 35.56
277.1 35.56
277.2 35.5
277.3 35.5
277.4 35.5
277.5 35.5
277.6 35.5
277.7 35.5
277.8 35.5
277.9 35.5
278 35.5
278.1 35.5
278.2 35.5
278.3 35.5
278.4 35.5
278.5 35.5
278.6 35.5
278.7 35.43
278.8 35.43
278.9 35.43
279 35.43
279.1 35.43
279.2 35.43
279.3 35.43
279.4 35.43
279.5 35.43
279.6 35.43
279.7 35.43
279.8 35.43
279.9 35.43
280 35.43
280.1 35.43
280.2 35.43
280.3 35.43
280.4 35.43
280.5 35.43
280.6 35.43
280.7 35.43
280.8 35.43
280.9 35.43
281 35.43
281.1 35.43
281.2 35.43
281.3 35.43
281.4 35.43
281.5 35.43
281.6 35.43
281.7 35.43
281.8 35.43
281.9 35.43
282 35.43
282.1 35.43
282.2 35.43
282.3 35.43
282.4 35.43
282.5 35.43
282.6 35.43
282.7 35.5
282.8 35.5
282.9 35.5
283 35.5
283.1 35.5
283.2 35.5
283.3 35.5
283.4 35.5
283.5 35.5
283.6 35.5
283.7 35.5
283.8 35.5
283.9 35.5
284 35.5
284.1 35.5
284.2 35.56
284.3 35.56
284.4 35.56
284.5 35.56
284.6 35.56
284.7 35.56
284.8 35.56
284.9 35.56
285 35.56
285.1 35.56
285.2 35.56
285.3 35.56
285.4 35.56
285.5 35.56
285.6 35.56
285.7 35.56
285.8 35.56
285.9 35.56
286 35.56
286.1 35.56
286.2 35.56
286.3 35.56
286.4 35.56
286.5 35.56
286.6 35.56
286.7 35.56
286.8 35.56
286.9 35.56
287 35.56
287.1 35.56
287.2 35.62
287.3 35.62
287.4 35.62
287.5 35.62
287.6 35.62
287.7 35.56
287.8 35.56
287.9 35.56
288 35.56
288.1 35.56
288.2 35.56
288.3 35.56
288.4 35.56
288.5 35.56
288.6 35.56
288.7 35.5
288.8 35.5
288.9 35.5
289 35.5
289.1 35.5
289.2 35.5
289.3 35.5
289.4 35.5
289.5 35.5
289.6 35.5
289.7 35.5
289.8 35.5
289.9 35.5
290 35.5
290.1 35.5
290.2 35.5
290.3 35.5
290.4 35.5
290.5 35.5
290.6 35.5
290.7 35.5
290.8 35.5
290.9 35.5
291 35.5
291.1 35.5
291.2 35.5
291.3 35.5
291.4 35.5
291.5 35.5
291.6 35.5
291.7 35.5
291.8 35.5
291.9 35.5
292 35.5
292.1 35.5
292.2 35.5
292.3 35.5
292.4 35.5
292.5 35.5
292.6 35.5
292.7 35.43
292.8 35.43
292.9 35.43
293 35.43
293.1 35.43
293.2 35.43
293.3 35.43
293.4 35.43
293.5 35.43
293.6 35.43
293.7 35.5
293.8 35.5
293.9 35.5
294 35.5
294.1 35.5
294.2 35.43
294.3 35.43
294.4 35.43
294.5 35.43
294.6 35.43
294.7 35.43
294.8 35.43
294.9 35.43
295 35.43
295.1 35.43
295.2 35.43
295.3 35.43
295.4 35.43
295.5 35.43
295.6 35.43
295.7 35.37
295.8 35.37
295.9 35.37
296 35.37
296.1 35.37
296.2 35.37
296.3 35.37
296.4 35.37
296.5 35.37
296.6 35.37
296.7 35.37
296.8 35.37
296.9 35.37
297 35.37
297.1 35.37
297.2 35.37
297.3 35.37
297.4 35.37
297.5 35.37
297.6 35.37
297.7 35.37
297.8 35.37
297.9 35.37
298 35.37
298.1 35.37
298.2 35.31
298.3 35.31
298.4 35.31
298.5 35.31
298.6 35.31
298.7 35.31
298.8 35.31
298.9 35.31
299 35.31
299.1 35.31
299.2 35.31
299.3 35.31
299.4 35.31
299.5 35.31
299.6 35.31
299.7 35.31
299.8 35.31
299.9 35.31
300 35.31
300.1 35.31
300.2 35.31
300.3 35.31
300.4 35.31
300.5 35.31
300.6 35.31
300.7 35.31
300.8 35.31
300.9 35.31
301 35.31
301.1 35.31
301.2 35.31
301.3 35.31
301.4 35.31
301.5 35.31
301.6 35.31
301.7 35.37
301.8 35.37
301.9 35.37
302 35.37
302.1 35.37
302.2 35.37
302.3 35.37
302.4 35.37
302.5 35.37
302.6 35.37
302.7 35.37
302.8 35.37
302.9 35.37
303 35.37
303.1 35.37
303.2 35.37
303.3 35.37
303.4 35.37
303.5 35.37
303.6 35.37
303.7 35.37
303.8 35.37
303.9 35.37
304 35.37
304.1 35.37
304.2 35.37
304.3 35.37
304.4 35.37
304.5 35.37
304.6 35.37
304.7 35.37
304.8 35.37
304.9 35.37
305 35.37
305.1 35.37
305.2 35.37
305.3 35.37
305.4 35.37
305.5 35.37
305.6 35.37
305.7 35.37
305.8 35.37
305.9 35.37
306 35.37
306.1 35.37
306.2 35.37
306.3 35.37
306.4 35.37
306.5 35.37
306.6 35.37
306.7 35.37
306.8 35.37
306.9 35.37
307 35.37
307.1 35.37
307.2 35.37
307.3 35.37
307.4 35.37
307.5 35.37
307.6 35.37
307.7 35.37
307.8 35.37
307.9 35.37
308 35.37
308.1 35.37
308.2 35.37
308.3 35.37
308.4 35.37
308.5 35.37
308.6 35.37
308.7 35.37
308.8 35.37
308.9 35.37
309 35.37
309.1 35.37
309.2 35.37
309.3 35.37
309.4 35.37
309.5 35.37
309.6 35.37
309.7 35.37
309.8 35.37
309.9 35.37
310 35.37
310.1 35.37
310.2 35.37
310.3 35.37
310.4 35.37
310.5 35.37
310.6 35.37
310.7 35.37
310.8 35.37
310.9 35.37
311 35.37
311.1 35.37
311.2 35.37
311.3 35.37
311.4 35.37
311.5 35.37
311.6 35.37
311.7 35.37
311.8 35.37
311.9 35.37
312 35.37
312.1 35.37
312.2 35.37
312.3 35.37
312.4 35.37
312.5 35.37
312.6 35.37
312.7 35.37
312.8 35.37
312.9 35.37
313 35.37
313.1 35.37
313.2 35.37
313.3 35.37
313.4 35.37
313.5 35.37
313.6 35.37
313.7 35.37
313.8 35.37
313.9 35.37
314 35.37
314.1 35.37
314.2 35.31
314.3 35.31
314.4 35.31
314.5 35.31
314.6 35.31
314.7 35.31
314.8 35.31
314.9 35.31
315 35.31
315.1 35.31
315.2 35.31
315.3 35.31
315.4 35.31
315.5 35.31
315.6 35.31
315.7 35.31
315.8 35.31
315.9 35.31
316 35.31
316.1 35.31
316.2 35.31
316.3 35.31
316.4 35.31
316.5 35.31
316.6 35.31
316.7 35.31
316.8 35.31
316.9 35.31
317 35.31
317.1 35.31
317.2 35.25
317.3 35.25
317.4 35.25
317.5 35.25
317.6 35.25
317.7 35.25
317.8 35.25
317.9 35.25
318 35.25
318.1 35.25
318.2 35.31
318.3 35.31
318.4 35.31
318.5 35.31
318.6 35.31
318.7 35.25
318.8 35.25
318.9 35.25
319 35.25
319.1 35.25
319.2 35.25
319.3 35.25
319.4 35.25
319.5 35.25
319.6 35.25
319.7 35.25
319.8 35.25
319.9 35.25
320 35.25
320.1 35.25
320.2 35.25
320.3 35.25
320.4 35.25
320.5 35.25
320.6 35.25
320.7 35.31
320.8 35.31
320.9 35.31
321 35.31
321.1 35.31
321.2 35.31
321.3 35.31
321.4 35.31
321.5 35.31
321.6 35.31
321.7 35.31
321.8 35.31
321.9 35.31
322 35.31
322.1 35.31
322.2 35.31
322.3 35.31
322.4 35.31
322.5 35.31
322.6 35.31
322.7 35.31
322.8 35.31
322.9 35.31
323 35.31
323.1 35.31
323.2 35.31
323.3 35.37
323.4 35.37
323.5 35.37
323.6 35.37
323.7 35.37
323.8 35.37
323.9 35.37
324 35.37
324.1 35.37
324.2 35.37
324.3 35.37
324.4 35.37
324.5 35.37
324.6 35.37
324.7 35.37
324.8 35.37
324.9 35.37
325 35.37
325.1 35.37
325.2 35.43
325.3 35.43
325.4 35.43
325.5 35.43
325.6 35.43
325.7 35.43
325.8 35.43
325.9 35.43
326 35.43
326.1 35.43
326.2 35.43
326.3 35.43
326.4 35.43
326.5 35.43
326.6 35.43
326.7 35.43
326.8 35.43
326.9 35.43
327 35.43
327.1 35.43
327.2 35.43
327.3 35.43
327.4 35.43
327.5 35.43
327.6 35.43
327.7 35.43
327.8 35.43
327.9 35.43
328 35.43
328.1 35.43
328.2 35.43
328.3 35.43
328.4 35.43
328.5 35.43
328.6 35.43
328.7 35.43
328.8 35.43
328.9 35.43
329 35.43
329.1 35.43
329.2 35.37
329.3 35.37
329.4 35.37
329.5 35.37
329.6 35.37
329.7 35.37
329.8 35.37
329.9 35.37
330 35.37
330.1 35.37
330.2 35.37
330.3 35.37
330.4 35.37
330.5 35.37
330.6 35.37
330.7 35.37
330.8 35.37
330.9 35.37
331 35.37
331.1 35.37
331.2 35.37
331.3 35.37
331.4 35.37
331.5 35.37
331.6 35.37
331.7 35.31
331.8 35.31
331.9 35.31
332 35.31
332.1 35.31
332.2 35.31
332.3 35.31
332.4 35.31
332.5 35.31
332.6 35.31
332.7 35.31
332.8 35.31
332.9 35.31
333 35.31
333.1 35.31
333.2 35.31
333.3 35.31
333.4 35.31
333.5 35.31
333.6 35.31
333.7 35.31
333.8 35.31
333.9 35.31
334 35.31
334.1 35.31
334.2 35.31
334.3 35.31
334.4 35.31
334.5 35.31
334.6 35.31
334.7 35.31
334.8 35.31
334.9 35.31
335 35.31
335.1 35.31
335.2 35.31
335.3 35.31
335.4 35.31
335.5 35.31
335.6 35.31
335.7 35.31
335.8 35.31
335.9 35.31
336 35.31
336.1 35.31
336.2 35.31
336.3 35.31
336.4 35.31
336.5 35.31
336.6 35.31
336.7 35.31
336.8 35.31
336.9 35.31
337 35.31
337.1 35.31
337.2 35.31
337.3 35.31
337.4 35.31
337.5 35.31
337.6 35.31
337.7 35.37
337.8 35.37
337.9 35.37
338 35.37
338.1 35.37
338.2 35.37
338.3 35.37
338.4 35.37
338.5 35.37
338.6 35.37
338.7 35.37
338.8 35.37
338.9 35.37
339 35.37
339.1 35.37
339.2 35.37
339.3 35.37
339.4 35.37
339.5 35.37
339.6 35.37
339.7 35.31
339.8 35.31
339.9 35.31
340 35.31
340.1 35.31
340.2 35.31
340.3 35.31
340.4 35.31
340.5 35.31
340.6 35.31
340.7 35.31
340.8 35.31
340.9 35.31
341 35.31
341.1 35.31
341.2 35.31
341.3 35.31
341.4 35.31
341.5 35.31
341.6 35.31
341.7 35.31
341.8 35.31
341.9 35.31
342 35.31
342.1 35.31
342.2 35.31
342.3 35.31
342.4 35.31
342.5 35.31
342.6 35.31
342.7 35.25
342.8 35.25
342.9 35.25
343 35.25
343.1 35.25
343.2 35.25
343.3 35.25
343.4 35.25
343.5 35.25
343.6 35.25
343.7 35.25
343.8 35.25
343.9 35.25
344 35.25
344.1 35.25
344.2 35.25
344.3 35.25
344.4 35.25
344.5 35.25
344.6 35.25
344.7 35.25
344.8 35.25
344.9 35.25
345 35.25
345.1 35.25
345.2 35.25
345.3 35.25
345.4 35.25
345.5 35.25
345.6 35.25
345.7 35.25
345.8 35.25
345.9 35.25
346 35.25
346.1 35.25
346.2 35.25
346.3 35.25
346.4 35.25
346.5 35.25
346.6 35.25
346.7 35.25
346.8 35.25
346.9 35.25
347 35.25
347.1 35.25
347.2 35.25
347.3 35.25
347.4 35.25
347.5 35.25
347.6 35.25
347.7 35.25
347.8 35.25
347.9 35.25
348 35.25
348.1 35.25
348.2 35.31
348.3 35.31
348.4 35.31
348.5 35.31
348.6 35.31
348.7 35.31
348.8 35.31
348.9 35.31
349 35.31
349.1 35.31
349.2 35.31
349.3 35.31
349.4 35.31
349.5 35.31
349.6 35.31
349.7 35.31
349.8 35.31
349.9 35.31
350 35.31
350.1 35.31
350.2 35.31
350.3 35.31
350.4 35.31
350.5 35.31
350.6 35.31
350.7 35.37
350.8 35.37
350.9 35.37
351 35.37
351.1 35.37
351.2 35.37
351.3 35.37
351.4 35.37
351.5 35.37
351.6 35.37
351.7 35.37
351.8 35.37
351.9 35.37
352 35.37
352.1 35.37
352.2 35.37
352.3 35.37
352.4 35.37
352.5 35.37
352.6 35.37
352.7 35.37
352.8 35.37
352.9 35.37
353 35.37
353.1 35.37
353.2 35.37
353.3 35.37
353.4 35.37
353.5 35.37
353.6 35.37
353.7 35.31
353.8 35.31
353.9 35.31
354 35.31
354.1 35.31
354.2 35.31
354.3 35.31
354.4 35.31
354.5 35.31
354.6 35.31
354.7 35.31
354.8 35.31
354.9 35.31
355 35.31
355.1 35.31
355.2 35.31
355.3 35.31
355.4 35.31
355.5 35.31
355.6 35.31
355.7 35.31
355.8 35.31
355.9 35.31
356 35.31
356.1 35.31
356.2 35.31
356.3 35.31
356.4 35.31
356.5 35.31
356.6 35.31
356.7 35.31
356.8 35.31
356.9 35.31
357 35.31
357.1 35.31
357.2 35.31
357.3 35.31
357.4 35.31
357.5 35.31
357.6 35.31
357.7 35.37
357.8 35.37
357.9 35.37
358 35.37
358.1 35.37
358.2 35.37
358.3 35.37
358.4 35.37
358.5 35.37
358.6 35.37
358.7 35.37
358.8 35.37
358.9 35.37
359 35.37
359.1 35.37
359.2 35.37
359.3 35.37
359.4 35.37
359.5 35.37
359.6 35.37
359.7 35.37
359.8 35.37
359.9 35.37
360 35.37
360.1 35.37
360.2 35.37
360.3 35.37
360.4 35.37
360.5 35.37
360.6 35.37
360.7 35.37
360.8 35.37
360.9 35.37
361 35.37
361.1 35.37
361.2 35.37
361.3 35.37
361.4 35.37
361.5 35.37
361.6 35.37
361.7 35.37
361.8 35.37
361.9 35.37
362 35.37
362.1 35.37
362.2 35.37
362.3 35.37
362.4 35.37
362.5 35.37
362.6 35.37
362.7 35.43
362.8 35.43
362.9 35.43
363 35.43
363.1 35.43
363.2 35.43
363.3 35.43
363.4 35.43
363.5 35.43
363.6 35.43
363.7 35.43
363.8 35.43
363.9 35.43
364 35.43
364.1 35.43
364.2 35.43
364.3 35.43
364.4 35.43
364.5 35.43
364.6 35.43
364.7 35.43
364.8 35.43
364.9 35.43
365 35.43
365.1 35.43
365.2 35.43
365.3 35.5
365.4 35.5
365.5 35.5
365.6 35.5
365.7 35.5
365.8 35.5
365.9 35.5
366 35.5
366.1 35.5
366.2 35.56
366.3 35.56
366.4 35.56
366.5 35.56
366.6 35.56
366.7 35.62
366.8 35.62
366.9 35.62
367 35.62
367.1 35.62
367.2 35.75
367.3 35.75
367.4 35.75
367.5 35.75
367.6 35.75
367.7 35.87
367.8 35.87
367.9 35.87
368 35.87
368.1 35.87
368.2 36.06
368.3 36.06
368.4 36.06
368.5 36.06
368.6 36.06
368.7 36.06
368.8 36.25
368.9 36.25
369 36.25
369.1 36.25
369.2 36.37
369.3 36.37
369.4 36.37
369.5 36.37
369.6 36.37
369.7 36.56
369.8 36.56
369.9 36.56
370 36.56
370.1 36.56
370.2 36.81
370.3 36.81
370.4 36.81
370.5 36.81
370.6 36.81
370.7 37.06
370.8 37.06
370.9 37.06
371 37.06
371.1 37.06
371.2 37.31
371.3 37.31
371.4 37.31
371.5 37.31
371.6 37.31
371.7 37.62
371.8 37.62
371.9 37.62
372 37.62
372.1 37.62
372.2 37.62
372.3 37.93
372.4 37.93
372.5 37.93
372.6 37.93
372.7 38.12
372.8 38.12
372.9 38.12
373 38.12
373.1 38.12
373.2 38.5
373.3 38.5
373.4 38.5
373.5 38.5
373.6 38.5
373.7 38.81
373.8 38.81
373.9 38.81
374 38.81
374.1 38.81
374.2 39.12
374.3 39.12
374.4 39.12
374.5 39.12
374.6 39.12
374.7 39.43
374.8 39.43
374.9 39.43
375 39.43
375.1 39.43
375.2 39.75
375.3 39.75
375.4 39.75
375.5 39.75
375.6 39.75
375.7 39.75
375.8 40
375.9 40
376 40
376.1 40
376.2 40.18
376.3 40.18
376.4 40.18
376.5 40.18
376.6 40.18
376.7 40.5
376.8 40.5
376.9 40.5
377 40.5
377.1 40.5
377.2 40.81
377.3 40.81
377.4 40.81
377.5 40.81
377.6 40.81
377.7 41.06
377.8 41.06
377.9 41.06
378 41.06
378.1 41.06
378.2 41.37
378.3 41.37
378.4 41.37
378.5 41.37
378.6 41.37
378.7 41.68
378.8 41.68
378.9 41.68
379 41.68
379.1 41.68
379.2 41.68
379.3 42
379.4 42
379.5 42
379.6 42
379.7 42.12
379.8 42.12
379.9 42.12
380 42.12
380.1 42.12
380.2 42.43
380.3 42.43
380.4 42.43
380.5 42.43
380.6 42.43
380.7 42.68
380.8 42.68
380.9 42.68
381 42.68
381.1 42.68
381.2 43
381.3 43
381.4 43
381.5 43
381.6 43
381.7 43.31
381.8 43.31
381.9 43.31
382 43.31
382.1 43.31
382.2 43.56
382.3 43.56
382.4 43.56
382.5 43.56
382.6 43.56
382.7 43.56
382.8 43.81
382.9 43.81
383 43.81
383.1 43.81
383.2 43.93
383.3 43.93
383.4 43.93
383.5 43.93
383.6 43.93
383.7 44.18
383.8 44.18
383.9 44.18
384 44.18
384.1 44.18
384.2 44.43
384.3 44.43
384.4 44.43
384.5 44.43
384.6 44.43
384.7 44.68
384.8 44.68
384.9 44.68
385 44.68
385.1 44.68
385.2 44.87
385.3 44.87
385.4 44.87
385.5 44.87
385.6 44.87
385.7 45.12
385.8 45.12
385.9 45.12
386 45.12
386.1 45.12
386.2 45.12
386.3 45.31
386.4 45.31
386.5 45.31
386.6 45.31
386.7 45.37
386.8 45.37
386.9 45.37
387 45.37
387.1 45.37
387.2 45.56
387.3 45.56
387.4 45.56
387.5 45.56
387.6 45.56
387.7 45.75
387.8 45.75
387.9 45.75
388 45.75
388.1 45.75
388.2 45.93
388.3 45.93
388.4 45.93
388.5 45.93
388.6 45.93
388.7 46.12
388.8 46.12
388.9 46.12
389 46.12
389.1 46.12
389.2 46.31
389.3 46.31
389.4 46.31
389.5 46.31
389.6 46.31
389.7 46.31
389.8 46.43
389.9 46.43
390 46.43
390.1 46.43
390.2 46.56
390.3 46.56
390.4 46.56
390.5 46.56
390.6 46.56
390.7 46.62
390.8 46.62
390.9 46.62
391 46.62
391.1 46.62
391.2 46.75
391.3 46.75
391.4 46.75
391.5 46.75
391.6 46.75
391.7 46.87
391.8 46.87
391.9 46.87
392 46.87
392.1 46.87
392.2 47
392.3 47
392.4 47
392.5 47
392.6 47
392.7 47.12
392.8 47.12
392.9 47.12
393 47.12
393.1 47.12
393.2 47.12
393.3 47.18
393.4 47.18
393.5 47.18
393.6 47.18
393.7 47.25
393.8 47.25
393.9 47.25
394 47.25
394.1 47.25
394.2 47.31
394.3 47.31
394.4 47.31
394.5 47.31
394.6 47.31
394.7 47.43
394.8 47.43
394.9 47.43
395 47.43
395.1 47.43
395.2 47.5
395.3 47.5
395.4 47.5
395.5 47.5
395.6 47.5
395.7 47.56
395.8 47.56
395.9 47.56
396 47.56
396.1 47.56
396.2 47.62
396.3 47.62
396.4 47.62
396.5 47.62
396.6 47.62
396.7 47.62
396.8 47.68
396.9 47.68
397 47.68
397.1 47.68
397.2 47.75
397.3 47.75
397.4 47.75
397.5 47.75
397.6 47.75
397.7 47.75
397.8 47.75
397.9 47.75
398 47.75
398.1 47.75
398.2 47.81
398.3 47.81
398.4 47.81
398.5 47.81
398.6 47.81
398.7 47.87
398.8 47.87
398.9 47.87
399 47.87
399.1 47.87
399.2 47.87
399.3 47.87
399.4 47.87
399.5 47.87
399.6 47.87
399.7 47.93
399.8 47.93
399.9 47.93
400 47.93
400.1 47.93
400.2 47.93
400.3 47.93
400.4 47.93
400.5 47.93
400.6 47.93
400.7 47.93
400.8 47.93
400.9 47.93
401 47.93
401.1 47.93
401.2 47.93
401.3 47.93
401.4 47.93
401.5 47.93
401.6 47.93
401.7 48
401.8 48
401.9 48
402 48
402.1 48
402.2 48
402.3 48
402.4 48
402.5 48
402.6 48
402.7 48
402.8 48
402.9 48
403 48
403.1 48
403.2 47.93
403.3 47.93
403.4 47.93
403.5 47.93
403.6 47.93
403.7 47.93
403.8 47.93
403.9 47.93
404 47.93
404.1 47.93
404.2 47.87
404.3 47.87
404.4 47.87
404.5 47.87
404.6 47.87
404.7 47.87
404.8 47.87
404.9 47.87
405 47.87
405.1 47.87
405.2 47.81
405.3 47.81
405.4 47.81
405.5 47.81
405.6 47.81
405.7 47.81
405.8 47.81
405.9 47.81
406 47.81
406.1 47.81
406.2 47.75
406.3 47.75
406.4 47.75
406.5 47.75
406.6 47.75
406.7 47.75
406.8 47.75
406.9 47.75
407 47.75
407.1 47.75
407.2 47.75
407.3 47.75
407.4 47.75
407.5 47.75
407.6 47.75
407.7 47.68
407.8 47.68
407.9 47.68
408 47.68
408.1 47.68
408.2 47.62
408.3 47.62
408.4 47.62
408.5 47.62
408.6 47.62
408.7 47.62
408.8 47.62
408.9 47.62
409 47.62
409.1 47.62
409.2 47.56
409.3 47.56
409.4 47.56
409.5 47.56
409.6 47.56
409.7 47.56
409.8 47.56
409.9 47.56
410 47.56
410.1 47.56
410.2 47.5
410.3 47.5
410.4 47.5
410.5 47.5
410.6 47.5
410.7 47.5
410.8 47.5
410.9 47.5
411 47.5
411.1 47.5
411.2 47.43
411.3 47.43
411.4 47.43
411.5 47.43
411.6 47.43
411.7 47.37
411.8 47.37
411.9 47.37
412 47.37
412.1 47.37
412.2 47.37
412.3 47.37
412.4 47.37
412.5 47.37
412.6 47.37
412.7 47.31
412.8 47.31
412.9 47.31
413 47.31
413.1 47.31
413.2 47.31
413.3 47.31
413.4 47.31
413.5 47.31
413.6 47.31
413.7 47.25
413.8 47.25
413.9 47.25
414 47.25
414.1 47.25
414.2 47.25
414.3 47.18
414.4 47.18
414.5 47.18
414.6 47.18
414.7 47.12
414.8 47.12
414.9 47.12
415 47.12
415.1 47.12
415.2 47.06
415.3 47.06
415.4 47.06
415.5 47.06
415.6 47.06
415.7 47.06
415.8 47.06
415.9 47.06
416 47.06
416.1 47.06
416.2 47.06
416.3 47.06
416.4 47.06
416.5 47.06
416.6 47.06
416.7 47
416.8 47
416.9 47
417 47
417.1 47
417.2 46.93
417.3 46.93
417.4 46.93
417.5 46.93
417.6 46.93
417.7 46.93
417.8 46.87
417.9 46.87
418 46.87
418.1 46.87
418.2 46.81
418.3 46.81
418.4 46.81
418.5 46.81
418.6 46.81
418.7 46.75
418.8 46.75
418.9 46.75
419 46.75
419.1 46.75
419.2 46.62
419.3 46.62
419.4 46.62
419.5 46.62
419.6 46.62
419.7 46.56
419.8 46.56
419.9 46.56
420 46.56
420.1 46.56
420.2 46.43
420.3 46.43
420.4 46.43
420.5 46.43
420.6 46.43
420.7 46.31
420.8 46.31
420.9 46.31
421 46.31
421.1 46.31
421.2 46.31
421.3 46.25
421.4 46.25
421.5 46.25
421.6 46.25
421.7 46.18
421.8 46.18
421.9 46.18
422 46.18
422.1 46.18
422.2 46.12
422.3 46.12
422.4 46.12
422.5 46.12
422.6 46.12
422.7 46.06
422.8 46.06
422.9 46.06
423 46.06
423.1 46.06
423.2 46
423.3 46
423.4 46
423.5 46
423.6 46
423.7 45.87
423.8 45.87
423.9 45.87
424 45.87
424.1 45.87
424.2 45.75
424.3 45.75
424.4 45.75
424.5 45.75
424.6 45.75
424.7 45.75
424.8 45.68
424.9 45.68
425 45.68
425.1 45.68
425.2 45.68
425.3 45.68
425.4 45.68
425.5 45.68
425.6 45.68
425.7 45.62
425.8 45.62
425.9 45.62
426 45.62
426.1 45.62
426.2 45.62
426.3 45.62
426.4 45.62
426.5 45.62
426.6 45.62
426.7 45.62
426.8 45.62
426.9 45.62
427 45.62
427.1 45.62
427.2 45.56
427.3 45.56
427.4 45.56
427.5 45.56
427.6 45.56
427.7 45.5
427.8 45.5
427.9 45.5
428 45.5
428.1 45.5
428.2 45.5
428.3 45.43
428.4 45.43
428.5 45.43
428.6 45.43
428.7 45.37
428.8 45.37
428.9 45.37
429 45.37
429.1 45.37
429.2 45.37
429.3 45.37
429.4 45.37
429.5 45.37
429.6 45.37
429.7 45.31
429.8 45.31
429.9 45.31
430 45.31
430.1 45.31
430.2 45.31
430.3 45.31
430.4 45.31
430.5 45.31
430.6 45.31
430.7 45.25
430.8 45.25
430.9 45.25
431 45.25
431.1 45.25
431.2 45.18
431.3 45.18
431.4 45.18
431.5 45.18
431.6 45.18
431.7 45.18
431.8 45.18
431.9 45.18
432 45.18
432.1 45.18
432.2 45.12
432.3 45.12
432.4 45.12
432.5 45.12
432.6 45.12
432.7 45.18
432.8 45.18
432.9 45.18
433 45.18
433.1 45.18
433.2 45.12
433.3 45.12
433.4 45.12
433.5 45.12
433.6 45.12
433.7 45.12
433.8 45.12
433.9 45.12
434 45.12
434.1 45.12
434.2 45.12
434.3 45.12
434.4 45.12
434.5 45.12
434.6 45.12
434.7 45.12
434.8 45.12
434.9 45.12
435 45.12
435.1 45.12
435.2 45.12
435.3 45.06
435.4 45.06
435.5 45.06
435.6 45.06
435.7 45.06
435.8 45.06
435.9 45.06
436 45.06
436.1 45.06
436.2 45.06
436.3 45.06
436.4 45.06
436.5 45.06
436.6 45.06
436.7 45
436.8 45
436.9 45
437 45
437.1 45
437.2 45
437.3 45
437.4 45
437.5 45
437.6 45
437.7 44.93
437.8 44.93
437.9 44.93
438 44.93
438.1 44.93
438.2 44.93
438.3 44.93
438.4 44.93
438.5 44.93
438.6 44.93
438.7 44.93
438.8 44.87
438.9 44.87
439 44.87
439.1 44.87
439.2 44.87
439.3 44.87
439.4 44.87
439.5 44.87
439.6 44.87
439.7 44.87
439.8 44.87
439.9 44.87
440 44.87
440.1 44.87
440.2 44.81
440.3 44.81
440.4 44.81
440.5 44.81
440.6 44.81
440.7 44.81
440.8 44.81
440.9 44.81
441 44.81
441.1 44.81
441.2 44.81
441.3 44.81
441.4 44.81
441.5 44.81
441.6 44.81
441.7 44.81
441.8 44.81
441.9 44.81
442 44.81
442.1 44.81
442.2 44.81
442.3 44.81
442.4 44.81
442.5 44.81
442.6 44.81
442.7 44.81
442.8 44.81
442.9 44.81
443 44.81
443.1 44.81
443.2 44.81
443.3 44.81
443.4 44.81
443.5 44.81
443.6 44.81
443.7 44.81
443.8 44.81
443.9 44.81
444 44.81
444.1 44.81
444.2 44.75
444.3 44.75
444.4 44.75
444.5 44.75
444.6 44.75
444.7 44.75
444.8 44.75
444.9 44.75
445 44.75
445.1 44.75
445.2 44.81
445.3 44.81
445.4 44.81
445.5 44.81
445.6 44.81
445.7 44.81
445.8 44.87
445.9 44.87
446 44.87
446.1 44.87
446.2 44.87
446.3 44.87
446.4 44.87
446.5 44.87
446.6 44.87
446.7 44.87
446.8 44.87
446.9 44.87
447 44.87
447.1 44.87
447.2 44.87
447.3 44.87
447.4 44.87
447.5 44.87
447.6 44.87
447.7 44.87
447.8 44.87
447.9 44.87
448 44.87
448.1 44.87
448.2 44.87
448.3 44.87
448.4 44.87
448.5 44.87
448.6 44.87
448.7 44.87
448.8 44.87
448.9 44.87
449 44.87
449.1 44.87
449.2 44.87
449.3 44.87
449.4 44.87
449.5 44.87
449.6 44.87
449.7 44.87
449.8 44.87
449.9 44.87
450 44.87
450.1 44.87
450.2 44.87
450.3 44.87
450.4 44.87
450.5 44.87
450.6 44.87
450.7 44.87
450.8 44.87
450.9 44.87
451 44.87
451.1 44.87
451.2 44.87
451.3 44.87
451.4 44.87
451.5 44.87
451.6 44.87
451.7 44.87
451.8 44.87
451.9 44.87
452 44.87
452.1 44.87
452.2 44.87
452.3 44.87
452.4 44.87
452.5 44.87
452.6 44.87
452.7 44.87
452.8 44.93
452.9 44.93
453 44.93
453.1 44.93
453.2 44.93
453.3 44.93
453.4 44.93
453.5 44.93
453.6 44.93
453.7 44.93
453.8 44.93
453.9 44.93
454 44.93
454.1 44.93
454.2 44.93
454.3 44.93
454.4 44.93
454.5 44.93
454.6 44.93
454.7 45
454.8 45
454.9 45
455 45
455.1 45
455.2 45
455.3 45
455.4 45
455.5 45
455.6 45
455.7 45.06
455.8 45.06
455.9 45.06
456 45.06
456.1 45.06
456.2 45.06
456.3 45.12
456.4 45.12
456.5 45.12
456.6 45.12
456.7 45.12
456.8 45.12
456.9 45.12
457 45.12
457.1 45.12
457.2 45.12
457.3 45.12
457.4 45.12
457.5 45.12
457.6 45.12
457.7 45.18
457.8 45.18
457.9 45.18
458 45.18
458.1 45.18
458.2 45.25
458.3 45.25
458.4 45.25
458.5 45.25
458.6 45.25
458.7 45.25
458.8 45.25
458.9 45.25
459 45.25
459.1 45.25
459.2 45.25
459.3 45.25
459.4 45.25
459.5 45.25
459.6 45.25
459.7 45.25
459.8 45.25
459.9 45.25
460 45.25
460.1 45.25
460.2 45.25
460.3 45.25
460.4 45.25
460.5 45.25
460.6 45.25
460.7 45.25
460.8 45.25
460.9 45.25
461 45.25
461.1 45.25
461.2 45.25
461.3 45.25
461.4 45.25
461.5 45.25
461.6 45.25
461.7 45.31
461.8 45.31
461.9 45.31
462 45.31
462.1 45.31
462.2 45.31
462.3 45.31
462.4 45.31
462.5 45.31
462.6 45.31
462.7 45.37
462.8 45.37
462.9 45.37
463 45.37
463.1 45.37
463.2 45.37
463.3 45.43
463.4 45.43
463.5 45.43
463.6 45.43
463.7 45.43
463.8 45.43
463.9 45.43
464 45.43
464.1 45.43
464.2 45.5
464.3 45.5
464.4 45.5
464.5 45.5
464.6 45.5
464.7 45.56
464.8 45.56
464.9 45.56
465 45.56
465.1 45.56
465.2 45.56
465.3 45.56
465.4 45.56
465.5 45.56
465.6 45.56
465.7 45.62
465.8 45.62
465.9 45.62
466 45.62
466.1 45.62
466.2 45.62
466.3 45.62
466.4 45.62
466.5 45.62
466.6 45.62
466.7 45.62
466.8 45.68
466.9 45.68
467 45.68
467.1 45.68
467.2 45.68
467.3 45.68
467.4 45.68
467.5 45.68
467.6 45.68
467.7 45.75
467.8 45.75
467.9 45.75
468 45.75
468.1 45.75
468.2 45.75
468.3 45.75
468.4 45.75
468.5 45.75
468.6 45.75
468.7 45.81
468.8 45.81
468.9 45.81
469 45.81
469.1 45.81
469.2 45.87
469.3 45.87
469.4 45.87
469.5 45.87
469.6 45.87
469.7 45.87
469.8 45.87
469.9 45.87
470 45.87
470.1 45.87
470.2 45.87
470.3 45.87
470.4 45.87
470.5 45.87
470.6 45.87
470.7 45.93
470.8 45.93
470.9 45.93
471 45.93
471.1 45.93
471.2 45.93
471.3 45.93
471.4 45.93
471.5 45.93
471.6 45.93
471.7 45.93
471.8 45.93
471.9 45.93
472 45.93
472.1 45.93
472.2 45.93
472.3 45.93
472.4 45.93
472.5 45.93
472.6 45.93
472.7 45.93
472.8 45.93
472.9 45.93
473 45.93
473.1 45.93
473.2 45.93
473.3 45.93
473.4 45.93
473.5 45.93
473.6 45.93
473.7 45.93
473.8 45.93
473.9 45.93
474 45.93
474.1 45.93
474.2 45.87
474.3 45.87
474.4 45.87
474.5 45.87
474.6 45.87
474.7 45.87
474.8 45.87
474.9 45.87
475 45.87
475.1 45.87
475.2 45.87
475.3 45.87
475.4 45.87
475.5 45.87
475.6 45.87
475.7 45.87
475.8 45.87
475.9 45.87
476 45.87
476.1 45.87
476.2 45.87
476.3 45.87
476.4 45.87
476.5 45.87
476.6 45.87
476.7 45.87
476.8 45.87
476.9 45.87
477 45.87
477.1 45.87
477.2 45.87
477.3 45.87
477.4 45.87
477.5 45.87
477.6 45.87
477.7 45.81
477.8 45.81
477.9 45.81
478 45.81
478.1 45.81
478.2 45.81
478.3 45.81
478.4 45.81
478.5 45.81
478.6 45.81
478.7 45.75
478.8 45.75
478.9 45.75
479 45.75
479.1 45.75
479.2 45.81
479.3 45.81
479.4 45.81
479.5 45.81
479.6 45.81
479.7 45.81
479.8 45.81
479.9 45.81
480 45.81
480.1 45.81
480.2 45.87
480.3 45.87
480.4 45.87
480.5 45.87
480.6 45.87
480.7 45.87
480.8 45.93
480.9 45.93
481 45.93
481.1 45.93
481.2 45.93
481.3 45.93
481.4 45.93
481.5 45.93
481.6 45.93
481.7 45.93
481.8 45.93
481.9 45.93
482 45.93
482.1 45.93
482.2 45.93
482.3 45.93
482.4 45.93
482.5 45.93
482.6 45.93
482.7 45.93
482.8 45.93
482.9 45.93
483 45.93
483.1 45.93
483.2 45.93
483.3 45.93
483.4 45.93
483.5 45.93
483.6 45.93
483.7 45.93
483.8 45.93
483.9 45.93
484 45.93
484.1 45.93
484.2 45.93
484.3 45.93
484.4 45.93
484.5 45.93
484.6 45.93
484.7 45.93
484.8 45.93
484.9 45.93
485 45.93
485.1 45.93
485.2 45.93
485.3 45.93
485.4 45.93
485.5 45.93
485.6 45.93
485.7 45.87
485.8 45.87
485.9 45.87
486 45.87
486.1 45.87
486.2 45.87
486.3 45.87
486.4 45.87
486.5 45.87
486.6 45.87
486.7 45.87
486.8 45.87
486.9 45.87
487 45.87
487.1 45.87
487.2 45.87
487.3 45.87
487.4 45.87
487.5 45.87
487.6 45.87
487.7 45.87
487.8 45.81
487.9 45.81
488 45.81
488.1 45.81
488.2 45.81
488.3 45.81
488.4 45.81
488.5 45.81
488.6 45.81
488.7 45.81
488.8 45.81
488.9 45.81
489 45.81
489.1 45.81
489.2 45.81
489.3 45.81
489.4 45.81
489.5 45.81
489.6 45.81
489.7 45.81
489.8 45.81
489.9 45.81
490 45.81
490.1 45.81
490.2 45.81
490.3 45.81
490.4 45.81
490.5 45.81
490.6 45.81
490.7 45.81
490.8 45.81
490.9 45.81
491 45.81
491.1 45.81
491.2 45.81
491.3 45.81
491.4 45.81
491.5 45.81
491.6 45.81
491.7 45.81
491.8 45.81
491.9 45.81
492 45.81
492.1 45.81
492.2 45.81
492.3 45.81
492.4 45.81
492.5 45.81
492.6 45.81
492.7 45.81
492.8 45.81
492.9 45.81
493 45.81
493.1 45.81
493.2 45.81
493.3 45.81
493.4 45.81
493.5 45.81
493.6 45.81
493.7 45.81
493.8 45.81
493.9 45.81
494 45.81
494.1 45.81
494.2 45.81
494.3 45.81
494.4 45.81
494.5 45.81
494.6 45.81
494.7 45.81
494.8 45.81
494.9 45.81
495 45.81
495.1 45.81
495.2 45.81
495.3 45.81
495.4 45.81
495.5 45.81
495.6 45.81
495.7 45.81
495.8 45.81
495.9 45.81
496 45.81
496.1 45.81
496.2 45.87
496.3 45.87
496.4 45.87
496.5 45.87
496.6 45.87
496.7 45.87
496.8 45.87
496.9 45.87
497 45.87
497.1 45.87
497.2 45.87
497.3 45.87
497.4 45.87
497.5 45.87
497.6 45.87
497.7 45.87
497.8 45.87
497.9 45.87
498 45.87
498.1 45.87
498.2 45.87
498.3 45.87
498.4 45.87
498.5 45.87
498.6 45.87
498.7 45.87
498.8 45.87
498.9 45.87
499 45.87
499.1 45.87
499.2 45.87
499.3 45.87
499.4 45.87
499.5 45.87
499.6 45.87
499.7 45.87
499.8 45.87
499.9 45.87
500 45.87
500.1 45.87
500.2 45.87
500.3 45.87
500.4 45.87
500.5 45.87
500.6 45.87
500.7 45.87
500.8 45.87
500.9 45.87
501 45.87
501.1 45.87
501.2 45.81
501.3 45.81
501.4 45.81
501.5 45.81
501.6 45.81
501.7 45.81
501.8 45.81
501.9 45.81
502 45.81
502.1 45.81
502.2 45.81
502.3 45.81
502.4 45.81
502.5 45.81
502.6 45.81
502.7 45.81
502.8 45.81
502.9 45.81
503 45.81
503.1 45.81
503.2 45.81
503.3 45.81
503.4 45.81
503.5 45.81
503.6 45.81
503.7 45.81
503.8 45.81
503.9 45.81
504 45.81
504.1 45.81
504.2 45.81
504.3 45.81
504.4 45.81
504.5 45.81
504.6 45.81
504.7 45.81
504.8 45.81
504.9 45.81
505 45.81
505.1 45.81
505.2 45.81
505.3 45.81
505.4 45.81
505.5 45.81
505.6 45.81
505.7 45.87
505.8 45.87
505.9 45.87
506 45.87
506.1 45.87
506.2 45.81
506.3 45.81
506.4 45.81
506.5 45.81
506.6 45.81
506.7 45.87
506.8 45.87
506.9 45.87
507 45.87
507.1 45.87
507.2 45.87
507.3 45.87
507.4 45.87
507.5 45.87
507.6 45.87
507.7 45.87
507.8 45.87
507.9 45.87
508 45.87
508.1 45.87
508.2 45.93
508.3 45.93
508.4 45.93
508.5 45.93
508.6 45.93
508.7 45.93
508.8 45.93
508.9 45.93
509 45.93
509.1 45.93
509.2 45.93
509.3 45.93
509.4 45.93
509.5 45.93
509.6 45.93
509.7 45.93
509.8 45.93
509.9 45.93
510 45.93
510.1 45.93
510.2 45.93
510.3 45.93
510.4 45.93
510.5 45.93
510.6 45.93
510.7 45.93
510.8 45.93
510.9 45.93
511 45.93
511.1 45.93
511.2 45.93
511.3 45.93
511.4 45.93
511.5 45.93
511.6 45.93
511.7 45.93
511.8 45.93
511.9 45.93
512 45.93
512.1 45.93
512.2 45.93
512.3 45.93
512.4 45.93
512.5 45.93
512.6 45.93
512.7 45.93
512.8 45.93
512.9 45.93
513 45.93
513.1 45.93
513.2 46
513.3 46
513.4 46
513.5 46
513.6 46
513.7 46
513.8 46
513.9 46
514 46
514.1 46
514.2 46
514.3 46
514.4 46
514.5 46
514.6 46
514.7 46.06
514.8 46.06
514.9 46.06
515 46.06
515.1 46.06
515.2 46.06
515.3 46.06
515.4 46.06
515.5 46.06
515.6 46.06
515.7 46.06
515.8 46.06
515.9 46.06
516 46.06
516.1 46.06
516.2 46.06
516.3 46.06
516.4 46.06
516.5 46.06
516.6 46.06
516.7 46
516.8 46
516.9 46
517 46
517.1 46
517.2 46
517.3 46
517.4 46
517.5 46
517.6 46
517.7 46.06
517.8 46.06
517.9 46.06
518 46.06
518.1 46.06
518.2 46
518.3 46
518.4 46
518.5 46
518.6 46
518.7 46
518.8 46
518.9 46
519 46
519.1 46
519.2 46
519.3 46
519.4 46
519.5 46
519.6 46
519.7 45.93
519.8 45.93
519.9 45.93
520 45.93
520.1 45.93
520.2 45.93
520.3 45.93
520.4 45.93
520.5 45.93
520.6 45.93
520.7 45.87
520.8 45.87
520.9 45.87
521 45.87
521.1 45.87
521.2 45.81
521.3 45.81
521.4 45.81
521.5 45.81
521.6 45.81
521.7 45.81
521.8 45.81
521.9 45.81
522 45.81
522.1 45.81
522.2 45.81
522.3 45.81
522.4 45.81
522.5 45.81
522.6 45.81
522.7 45.81
522.8 45.81
522.9 45.81
523 45.81
523.1 45.81
523.2 45.81
523.3 45.81
523.4 45.81
523.5 45.81
523.6 45.81
523.7 45.81
523.8 45.81
523.9 45.81
524 45.81
524.1 45.81
524.2 45.81
524.3 45.81
524.4 45.81
524.5 45.81
524.6 45.81
524.7 45.81
524.8 45.81
524.9 45.81
525 45.81
525.1 45.81
525.2 45.81
525.3 45.81
525.4 45.81
525.5 45.81
525.6 45.81
525.7 45.81
525.8 45.81
525.9 45.81
526 45.81
526.1 45.81
526.2 45.81
526.3 45.81
526.4 45.81
526.5 45.81
526.6 45.81
526.7 45.81
526.8 45.81
526.9 45.81
527 45.81
527.1 45.81
527.2 45.75
527.3 45.75
527.4 45.75
527.5 45.75
527.6 45.75
527.7 45.75
527.8 45.75
527.9 45.75
528 45.75
528.1 45.75
528.2 45.75
528.3 45.75
528.4 45.75
528.5 45.75
