1 37
1.1 37
1.2 37
1.3 37
1.4 37
1.5 37
1.6 37
1.7 37
1.8 37
1.9 37
2 37
2.1 37
2.2 37
2.3 37
2.4 37
2.5 37
2.6 37
2.7 37
2.8 37
2.9 37
3 37
3.1 37
3.2 37
3.3 37
3.4 37
3.5 37
3.6 37
3.7 37
3.8 37
3.9 37
4 37
4.1 37
4.2 37
4.3 37
4.4 37
4.5 37
4.6 37
4.7 37
4.8 37
4.9 37
5 37
5.1 37
5.2 37
5.3 37
5.4 37
5.5 37
5.6 37
5.7 37
5.8 37
5.9 37
6 37
6.1 37
6.2 37
6.3 37
6.4 37
6.5 37
6.6 37
6.7 37
6.8 37
6.9 37
7 37
7.1 37
7.2 37
7.3 37
7.4 37
7.5 37
7.6 37
7.7 37
7.8 37
7.9 37
8 37
8.1 37
8.2 37
8.3 37
8.4 37
8.5 37
8.6 37
8.7 37
8.8 37
8.9 37
9 37
9.1 37
9.2 37
9.3 37
9.4 37
9.5 37
9.6 37
9.7 37
9.8 37
9.9 37
10 37
10.1 37
10.2 37
10.3 37
10.4 37
10.5 37
10.6 37
10.7 37
10.8 37
10.9 37
11 37
11.1 37
11.2 37
11.3 37
11.4 37
11.5 37
11.6 37
11.7 37
11.8 37
11.9 37
12 37
12.1 37
12.2 37
12.3 37
12.4 37
12.5 37
12.6 37
12.7 37
12.8 37
12.9 37
13 37
13.1 37
13.2 37
13.3 37
13.4 37
13.5 37
13.6 37
13.7 37
13.8 37
13.9 37
14 37
14.1 37
14.2 37
14.3 37
14.4 37
14.5 37
14.6 37
14.7 37
14.8 37
14.9 37
15 37
15.1 37
15.2 37
15.3 37
15.4 37
15.5 37
15.6 37
15.7 37
15.8 37
15.9 37
16 37
16.1 37
16.2 37
16.3 37
16.4 37
16.5 37
16.6 37
16.7 37
16.8 37
16.9 37
17 37
17.1 37
17.2 37
17.3 37
17.4 37
17.5 37
17.6 37
17.7 37
17.8 37
17.9 37
18 37
18.1 37
18.2 37
18.3 37
18.4 37
18.5 37
18.6 37
18.7 37
18.8 37
18.9 37
19 37
19.1 37
19.2 37
19.3 37
19.4 37
19.5 37
19.6 37
19.7 37
19.8 37
19.9 37
20 37
20.1 37
20.2 37
20.3 37
20.4 37
20.5 37
20.6 37
20.7 37
20.8 37
20.9 37
21 37
21.1 37
21.2 37
21.3 37
21.4 37
21.5 37
21.6 37
21.7 37
21.8 37
21.9 40
22 40
22.1 40
22.2 40
22.3 40
22.4 40
22.5 40
22.6 40
22.7 40
22.8 40
22.9 40
23 40
23.1 40
23.2 40
23.3 40
23.4 40
23.5 40
23.6 40
23.7 40
23.8 40
23.9 40
24 40
24.1 40
24.2 40
24.3 40
24.4 40
24.5 40
24.6 40
24.7 40
24.8 40
24.9 40
25 40
25.1 40
25.2 40
25.3 40
25.4 40
25.5 40
25.6 40
25.7 40
25.8 40
25.9 40
26 40
26.1 40
26.2 40
26.3 40
26.4 40
26.5 40
26.6 40
26.7 40
26.8 40
26.9 40
27 40
27.1 40
27.2 40
27.3 40
27.4 40
27.5 40
27.6 40
27.7 40
27.8 40
27.9 40
28 40
28.1 40
28.2 40
28.3 40
28.4 40
28.5 40
28.6 40
28.7 40
28.8 40
28.9 40
29 40
29.1 40
29.2 40
29.3 40
29.4 40
29.5 40
29.6 40
29.7 40
29.8 40
29.9 40
30 40
30.1 40
30.2 40
30.3 40
30.4 40
30.5 40
30.6 40
30.7 40
30.8 40
30.9 40
31 40
31.1 40
31.2 40
31.3 40
31.4 40
31.5 40
31.6 40
31.7 40
31.8 40
31.9 40
32 40
32.1 40
32.2 40
32.3 40
32.4 40
32.5 40
32.6 40
32.7 40
32.8 40
32.9 40
33 40
33.1 40
33.2 40
33.3 40
33.4 40
33.5 40
33.6 40
33.7 40
33.8 40
33.9 40
34 40
34.1 40
34.2 40
34.3 40
34.4 40
34.5 40
34.6 40
34.7 40
34.8 40
34.9 40
35 40
35.1 40
35.2 40
35.3 40
35.4 40
35.5 40
35.6 40
35.7 40
35.8 40
35.9 40
36 40
36.1 40
36.2 40
36.3 40
36.4 40
36.5 40
36.6 40
36.7 40
36.8 40
36.9 40
37 40
37.1 40
37.2 40
37.3 40
37.4 40
37.5 40
37.6 40
37.7 40
37.8 40
37.9 40
38 40
38.1 40
38.2 40
38.3 40
38.4 40
38.5 40
38.6 40
38.7 40
38.8 40
38.9 40
39 40
39.1 40
39.2 40
39.3 40
39.4 40
39.5 40
39.6 40
39.7 40
39.8 40
39.9 40
40 40
40.1 40
40.2 40
40.3 40
40.4 40
40.5 40
40.6 40
40.7 40
40.8 40
40.9 40
41 40
41.1 40
41.2 40
41.3 40
41.4 40
41.5 40
41.6 40
41.7 40
41.8 40
41.9 40
42 40
42.1 40
42.2 40
42.3 40
42.4 40
42.5 40
42.6 40
42.7 40
42.8 40
42.9 40
43 40
43.1 40
43.2 40
43.3 40
43.4 40
43.5 40
43.6 40
43.7 40
43.8 40
43.9 40
44 40
44.1 40
44.2 40
44.3 40
44.4 40
44.5 40
44.6 40
44.7 40
44.8 40
44.9 40
45 40
45.1 40
45.2 40
45.3 40
45.4 40
45.5 40
45.6 40
45.7 40
45.8 40
45.9 40
46 40
46.1 40
46.2 40
46.3 40
46.4 40
46.5 40
46.6 40
46.7 40
46.8 40
46.9 40
47 40
47.1 40
47.2 40
47.3 40
47.4 40
47.5 40
47.6 40
47.7 40
47.8 40
47.9 40
48 40
48.1 40
48.2 40
48.3 40
48.4 40
48.5 40
48.6 40
48.7 40
48.8 40
48.9 40
49 40
49.1 40
49.2 40
49.3 40
49.4 40
49.5 40
49.6 40
49.7 40
49.8 40
49.9 40
50 40
50.1 40
50.2 40
50.3 40
50.4 40
50.5 40
50.6 40
50.7 40
50.8 40
50.9 40
51 40
51.1 40
51.2 40
51.3 40
51.4 40
51.5 40
51.6 40
51.7 40
51.8 40
51.9 40
52 40
52.1 40
52.2 40
52.3 40
52.4 40
52.5 40
52.6 40
52.7 40
52.8 40
52.9 40
53 40
53.1 40
53.2 40
53.3 40
53.4 40
53.5 40
53.6 40
53.7 40
53.8 40
53.9 40
54 40
54.1 40
54.2 40
54.3 40
54.4 40
54.5 40
54.6 40
54.7 40
54.8 40
54.9 40
55 40
55.1 40
55.2 40
55.3 40
55.4 40
55.5 40
55.6 40
55.7 40
55.8 40
55.9 40
56 40
56.1 40
56.2 40
56.3 40
56.4 40
56.5 40
56.6 40
56.7 40
56.8 40
56.9 40
57 40
57.1 40
57.2 40
57.3 40
57.4 40
57.5 40
57.6 40
57.7 40
57.8 40
57.9 40
58 40
58.1 40
58.2 40
58.3 40
58.4 40
58.5 40
58.6 40
58.7 40
58.8 40
58.9 40
59 40
59.1 40
59.2 40
59.3 40
59.4 40
59.5 40
59.6 40
59.7 40
59.8 40
59.9 40
60 40
60.1 40
60.2 40
60.3 40
60.4 40
60.5 40
60.6 40
60.7 40
60.8 40
60.9 40
61 40
61.1 40
61.2 40
61.3 40
61.4 40
61.5 40
61.6 40
61.7 40
61.8 40
61.9 40
62 40
62.1 40
62.2 40
62.3 40
62.4 40
62.5 40
62.6 40
62.7 40
62.8 40
62.9 40
63 40
63.1 40
63.2 40
63.3 40
63.4 40
63.5 40
63.6 40
63.7 40
63.8 40
63.9 40
64 40
64.1 40
64.2 40
64.3 40
64.4 40
64.5 40
64.6 40
64.7 40
64.8 40
64.9 40
65 40
65.1 40
65.2 40
65.3 40
65.4 40
65.5 40
65.6 40
65.7 40
65.8 40
65.9 40
66 40
66.1 40
66.2 40
66.3 40
66.4 40
66.5 40
66.6 40
66.7 40
66.8 40
66.9 40
67 40
67.1 40
67.2 40
67.3 40
67.4 40
67.5 40
67.6 40
67.7 40
67.8 40
67.9 40
68 40
68.1 40
68.2 40
68.3 40
68.4 40
68.5 40
68.6 40
68.7 40
68.8 40
68.9 40
69 40
69.1 40
69.2 40
69.3 40
69.4 40
69.5 40
69.6 40
69.7 40
69.8 40
69.9 40
70 40
70.1 40
70.2 40
70.3 40
70.4 40
70.5 40
70.6 40
70.7 40
70.8 40
70.9 40
71 40
71.1 40
71.2 40
71.3 40
71.4 40
71.5 40
71.6 40
71.7 40
71.8 40
71.9 40
72 40
72.1 40
72.2 40
72.3 40
72.4 40
72.5 40
72.6 40
72.7 40
72.8 40
72.9 40
73 40
73.1 40
73.2 40
73.3 40
73.4 40
73.5 40
73.6 40
73.7 40
73.8 40
73.9 40
74 40
74.1 40
74.2 40
74.3 40
74.4 40
74.5 40
74.6 40
74.7 40
74.8 40
74.9 40
75 40
75.1 40
75.2 40
75.3 40
75.4 40
75.5 40
75.6 40
75.7 40
75.8 40
75.9 40
76 40
76.1 40
76.2 40
76.3 40
76.4 40
76.5 40
76.6 40
76.7 40
76.8 40
76.9 40
77 40
77.1 40
77.2 40
77.3 40
77.4 40
77.5 40
77.6 40
77.7 40
77.8 40
77.9 40
78 40
78.1 40
78.2 40
78.3 40
78.4 40
78.5 40
78.6 40
78.7 40
78.8 40
78.9 40
79 40
79.1 40
79.2 40
79.3 40
79.4 40
79.5 40
79.6 40
79.7 40
79.8 40
79.9 40
80 40
80.1 40
80.2 40
80.3 40
80.4 40
80.5 40
80.6 40
80.7 40
80.8 40
80.9 40
81 40
81.1 40
81.2 40
81.3 40
81.4 40
81.5 40
81.6 40
81.7 40
81.8 40
81.9 40
82 40
82.1 40
82.2 40
82.3 40
82.4 40
82.5 40
82.6 40
82.7 40
82.8 40
82.9 40
83 40
83.1 40
83.2 40
83.3 40
83.4 40
83.5 40
83.6 40
83.7 40
83.8 40
83.9 40
84 40
84.1 40
84.2 40
84.3 40
84.4 40
84.5 40
84.6 40
84.7 40
84.8 40
84.9 40
85 40
85.1 40
85.2 40
85.3 40
85.4 40
85.5 40
85.6 40
85.7 40
85.8 40
85.9 40
86 40
86.1 40
86.2 40
86.3 40
86.4 40
86.5 40
86.6 40
86.7 40
86.8 40
86.9 40
87 40
87.1 40
87.2 40
87.3 40
87.4 40
87.5 40
87.6 40
87.7 40
87.8 40
87.9 40
88 40
88.1 40
88.2 40
88.3 40
88.4 40
88.5 40
88.6 40
88.7 40
88.8 40
88.9 40
89 40
89.1 40
89.2 40
89.3 40
89.4 40
89.5 40
89.6 40
89.7 40
89.8 40
89.9 40
90 40
90.1 40
90.2 40
90.3 40
90.4 40
90.5 40
90.6 40
90.7 40
90.8 40
90.9 40
91 40
91.1 40
91.2 40
91.3 40
91.4 40
91.5 40
91.6 40
91.7 40
91.8 40
91.9 40
92 40
92.1 40
92.2 40
92.3 40
92.4 40
92.5 40
92.6 40
92.7 40
92.8 40
92.9 40
93 40
93.1 40
93.2 40
93.3 40
93.4 40
93.5 40
93.6 40
93.7 40
93.8 40
93.9 40
94 40
94.1 40
94.2 40
94.3 40
94.4 40
94.5 40
94.6 40
94.7 40
94.8 40
94.9 40
95 40
95.1 40
95.2 40
95.3 40
95.4 40
95.5 40
95.6 40
95.7 40
95.8 40
95.9 40
96 40
96.1 40
96.2 40
96.3 40
96.4 40
96.5 40
96.6 40
96.7 40
96.8 40
96.9 40
97 40
97.1 40
97.2 40
97.3 40
97.4 40
97.5 40
97.6 40
97.7 40
97.8 40
97.9 40
98 40
98.1 40
98.2 40
98.3 40
98.4 40
98.5 40
98.6 40
98.7 40
98.8 40
98.9 40
99 40
99.1 40
99.2 40
99.3 40
99.4 40
99.5 40
99.6 40
99.7 40
99.8 40
99.9 40
100 40
100.1 40
100.2 40
100.3 40
100.4 40
100.5 40
100.6 40
100.7 40
100.8 40
100.9 40
101 40
101.1 40
101.2 40
101.3 40
101.4 40
101.5 40
101.6 40
101.7 40
101.8 40
101.9 40
102 40
102.1 40
102.2 40
102.3 40
102.4 40
102.5 40
102.6 40
102.7 40
102.8 40
102.9 40
103 40
103.1 40
103.2 40
103.3 40
103.4 40
103.5 40
103.6 40
103.7 40
103.8 40
103.9 40
104 40
104.1 40
104.2 40
104.3 40
104.4 40
104.5 40
104.6 40
104.7 40
104.8 40
104.9 40
105 40
105.1 40
105.2 40
105.3 40
105.4 40
105.5 40
105.6 40
105.7 40
105.8 40
105.9 40
106 40
106.1 40
106.2 40
106.3 40
106.4 40
106.5 40
106.6 40
106.7 40
106.8 40
106.9 40
107 40
107.1 40
107.2 40
107.3 40
107.4 40
107.5 40
107.6 40
107.7 40
107.8 40
107.9 40
108 40
108.1 40
108.2 40
108.3 40
108.4 40
108.5 40
108.6 40
108.7 40
108.8 40
108.9 40
109 40
109.1 40
109.2 40
109.3 40
109.4 40
109.5 40
109.6 40
109.7 40
109.8 40
109.9 40
110 40
110.1 40
110.2 40
110.3 40
110.4 40
110.5 40
110.6 40
110.7 40
110.8 40
110.9 40
111 40
111.1 40
111.2 40
111.3 40
111.4 40
111.5 40
111.6 40
111.7 40
111.8 40
111.9 40
112 40
112.1 40
112.2 40
112.3 40
112.4 40
112.5 40
112.6 40
112.7 40
112.8 40
112.9 40
113 40
113.1 40
113.2 40
113.3 40
113.4 40
113.5 40
113.6 40
113.7 40
113.8 40
113.9 40
114 40
114.1 40
114.2 40
114.3 40
114.4 40
114.5 40
114.6 40
114.7 40
114.8 40
114.9 40
115 40
115.1 40
115.2 40
115.3 40
115.4 40
115.5 40
115.6 40
115.7 40
115.8 40
115.9 40
116 40
116.1 40
116.2 40
116.3 40
116.4 40
116.5 40
116.6 40
116.7 40
116.8 40
116.9 40
117 40
117.1 40
117.2 40
117.3 40
117.4 40
117.5 40
117.6 40
117.7 40
117.8 40
117.9 40
118 40
118.1 40
118.2 40
118.3 40
118.4 40
118.5 40
118.6 40
118.7 40
118.8 40
118.9 40
119 40
119.1 40
119.2 40
119.3 40
119.4 40
119.5 40
119.6 40
119.7 40
119.8 40
119.9 40
120 40
120.1 40
120.2 40
120.3 40
120.4 40
120.5 40
120.6 40
120.7 40
120.8 40
120.9 40
121 40
121.1 40
121.2 40
121.3 40
121.4 40
121.5 40
121.6 40
121.7 40
121.8 40
121.9 40
122 40
122.1 40
122.2 40
122.3 40
122.4 40
122.5 40
122.6 40
122.7 40
122.8 40
122.9 40
123 40
123.1 40
123.2 40
123.3 40
123.4 40
123.5 40
123.6 40
123.7 40
123.8 40
123.9 40
124 40
124.1 40
124.2 40
124.3 40
124.4 40
124.5 40
124.6 40
124.7 40
124.8 40
124.9 40
125 40
125.1 40
125.2 40
125.3 40
125.4 40
125.5 40
125.6 40
125.7 40
125.8 40
125.9 40
126 40
126.1 40
126.2 40
126.3 40
126.4 40
126.5 40
126.6 40
126.7 40
126.8 40
126.9 40
127 40
127.1 40
127.2 40
127.3 40
127.4 40
127.5 40
127.6 40
127.7 40
127.8 40
127.9 40
128 40
128.1 40
128.2 40
128.3 40
128.4 40
128.5 40
128.6 40
128.7 40
128.8 40
128.9 40
129 40
129.1 40
129.2 40
129.3 40
129.4 40
129.5 40
129.6 40
129.7 40
129.8 40
129.9 40
130 40
130.1 40
130.2 40
130.3 40
130.4 40
130.5 40
130.6 40
130.7 40
130.8 40
130.9 40
131 40
131.1 40
131.2 40
131.3 40
131.4 40
131.5 40
131.6 40
131.7 40
131.8 40
131.9 40
132 40
132.1 40
132.2 40
132.3 40
132.4 40
132.5 40
132.6 40
132.7 40
132.8 40
132.9 40
133 40
133.1 40
133.2 40
133.3 40
133.4 40
133.5 40
133.6 40
133.7 40
133.8 40
133.9 40
134 40
134.1 40
134.2 40
134.3 40
134.4 40
134.5 40
134.6 40
134.7 40
134.8 40
134.9 40
135 40
135.1 40
135.2 40
135.3 40
135.4 40
135.5 40
135.6 40
135.7 40
135.8 40
135.9 40
136 40
136.1 40
136.2 40
136.3 40
136.4 40
136.5 40
136.6 40
136.7 40
136.8 40
136.9 40
137 40
137.1 40
137.2 40
137.3 40
137.4 40
137.5 40
137.6 40
137.7 40
137.8 40
137.9 40
138 40
138.1 40
138.2 40
138.3 40
138.4 40
138.5 40
138.6 40
138.7 40
138.8 40
138.9 40
139 40
139.1 40
139.2 40
139.3 40
139.4 40
139.5 40
139.6 40
139.7 40
139.8 40
139.9 40
140 40
140.1 40
140.2 40
140.3 40
140.4 40
140.5 40
140.6 40
140.7 40
140.8 40
140.9 40
141 40
141.1 40
141.2 40
141.3 40
141.4 40
141.5 40
141.6 40
141.7 40
141.8 40
141.9 40
142 40
142.1 40
142.2 40
142.3 40
142.4 40
142.5 40
142.6 40
142.7 40
142.8 40
142.9 40
143 40
143.1 40
143.2 40
143.3 40
143.4 40
143.5 40
143.6 40
143.7 40
143.8 40
143.9 40
144 40
144.1 40
144.2 40
144.3 40
144.4 40
144.5 40
144.6 40
144.7 40
144.8 40
144.9 40
145 40
145.1 40
145.2 40
145.3 40
145.4 40
145.5 40
145.6 40
145.7 40
145.8 40
145.9 40
146 40
146.1 40
146.2 35
146.3 35
146.4 35
146.5 35
146.6 35
146.7 35
146.8 35
146.9 35
147 35
147.1 35
147.2 35
147.3 35
147.4 35
147.5 35
147.6 35
147.7 35
147.8 35
147.9 35
148 35
148.1 35
148.2 35
148.3 35
148.4 35
148.5 35
148.6 35
148.7 35
148.8 35
148.9 35
149 35
149.1 35
149.2 35
149.3 35
149.4 35
149.5 35
149.6 35
149.7 35
149.8 35
149.9 35
150 35
150.1 35
150.2 35
150.3 35
150.4 35
150.5 35
150.6 35
150.7 35
150.8 35
150.9 35
151 35
151.1 35
151.2 35
151.3 35
151.4 35
151.5 35
151.6 35
151.7 35
151.8 35
151.9 35
152 35
152.1 35
152.2 35
152.3 35
152.4 35
152.5 35
152.6 35
152.7 35
152.8 35
152.9 35
153 35
153.1 35
153.2 35
153.3 35
153.4 35
153.5 35
153.6 35
153.7 35
153.8 35
153.9 35
154 35
154.1 35
154.2 35
154.3 35
154.4 35
154.5 35
154.6 35
154.7 35
154.8 35
154.9 35
155 35
155.1 35
155.2 35
155.3 35
155.4 35
155.5 35
155.6 35
155.7 35
155.8 35
155.9 35
156 35
156.1 35
156.2 35
156.3 35
156.4 35
156.5 35
156.6 35
156.7 35
156.8 35
156.9 35
157 35
157.1 35
157.2 35
157.3 35
157.4 35
157.5 35
157.6 35
157.7 35
157.8 35
157.9 35
158 35
158.1 35
158.2 35
158.3 35
158.4 35
158.5 35
158.6 35
158.7 35
158.8 35
158.9 35
159 35
159.1 35
159.2 35
159.3 35
159.4 35
159.5 35
159.6 35
159.7 35
159.8 35
159.9 35
160 35
160.1 35
160.2 35
160.3 35
160.4 35
160.5 35
160.6 35
160.7 35
160.8 35
160.9 35
161 35
161.1 35
161.2 35
161.3 35
161.4 35
161.5 35
161.6 35
161.7 35
161.8 35
161.9 35
162 35
162.1 35
162.2 35
162.3 35
162.4 35
162.5 35
162.6 35
162.7 35
162.8 35
162.9 35
163 35
163.1 35
163.2 35
163.3 35
163.4 35
163.5 35
163.6 35
163.7 35
163.8 35
163.9 35
164 35
164.1 35
164.2 35
164.3 35
164.4 35
164.5 35
164.6 35
164.7 35
164.8 35
164.9 35
165 35
165.1 35
165.2 35
165.3 35
165.4 35
165.5 35
165.6 35
165.7 35
165.8 35
165.9 35
166 35
166.1 35
166.2 35
166.3 35
166.4 35
166.5 35
166.6 35
166.7 35
166.8 35
166.9 35
167 35
167.1 35
167.2 35
167.3 35
167.4 35
167.5 35
167.6 35
167.7 35
167.8 35
167.9 35
168 35
168.1 35
168.2 35
168.3 35
168.4 35
168.5 35
168.6 35
168.7 35
168.8 35
168.9 35
169 35
169.1 35
169.2 35
169.3 35
169.4 35
169.5 35
169.6 35
169.7 35
169.8 35
169.9 35
170 35
170.1 35
170.2 35
170.3 35
170.4 35
170.5 35
170.6 35
170.7 35
170.8 35
170.9 35
171 35
171.1 35
171.2 35
171.3 35
171.4 35
171.5 35
171.6 35
171.7 35
171.8 35
171.9 35
172 35
172.1 35
172.2 35
172.3 35
172.4 35
172.5 35
172.6 35
172.7 35
172.8 35
172.9 35
173 35
173.1 35
173.2 35
173.3 35
173.4 35
173.5 35
173.6 35
173.7 35
173.8 35
173.9 35
174 35
174.1 35
174.2 35
174.3 35
174.4 35
174.5 35
174.6 35
174.7 35
174.8 35
174.9 35
175 35
175.1 35
175.2 35
175.3 35
175.4 35
175.5 35
175.6 35
175.7 35
175.8 35
175.9 35
176 35
176.1 35
176.2 35
176.3 35
176.4 35
176.5 35
176.6 35
176.7 35
176.8 35
176.9 35
177 35
177.1 35
177.2 35
177.3 35
177.4 35
177.5 35
177.6 35
177.7 35
177.8 35
177.9 35
178 35
178.1 35
178.2 35
178.3 35
178.4 35
178.5 35
178.6 35
178.7 35
178.8 35
178.9 35
179 35
179.1 35
179.2 35
179.3 35
179.4 35
179.5 35
179.6 35
179.7 35
179.8 35
179.9 35
180 35
180.1 35
180.2 35
180.3 35
180.4 35
180.5 35
180.6 35
180.7 35
180.8 35
180.9 35
181 35
181.1 35
181.2 35
181.3 35
181.4 35
181.5 35
181.6 35
181.7 35
181.8 35
181.9 35
182 35
182.1 35
182.2 35
182.3 35
182.4 35
182.5 35
182.6 35
182.7 35
182.8 35
182.9 35
183 35
183.1 35
183.2 35
183.3 35
183.4 35
183.5 35
183.6 35
183.7 35
183.8 35
183.9 35
184 35
184.1 35
184.2 35
184.3 35
184.4 35
184.5 35
184.6 35
184.7 35
184.8 35
184.9 35
185 35
185.1 35
185.2 35
185.3 35
185.4 35
185.5 35
185.6 35
185.7 35
185.8 35
185.9 35
186 35
186.1 35
186.2 35
186.3 35
186.4 35
186.5 35
186.6 35
186.7 35
186.8 35
186.9 35
187 35
187.1 35
187.2 35
187.3 35
187.4 35
187.5 35
187.6 35
187.7 35
187.8 35
187.9 35
188 35
188.1 35
188.2 35
188.3 35
188.4 35
188.5 35
188.6 35
188.7 35
188.8 35
188.9 35
189 35
189.1 35
189.2 35
189.3 35
189.4 35
189.5 35
189.6 35
189.7 35
189.8 35
189.9 35
190 35
190.1 35
190.2 35
190.3 35
190.4 35
190.5 35
190.6 35
190.7 35
190.8 35
190.9 35
191 35
191.1 35
191.2 35
191.3 35
191.4 35
191.5 35
191.6 35
191.7 35
191.8 35
191.9 35
192 35
192.1 35
192.2 35
192.3 35
192.4 35
192.5 35
192.6 35
192.7 35
192.8 35
192.9 35
193 35
193.1 35
193.2 35
193.3 35
193.4 35
193.5 35
193.6 35
193.7 35
193.8 35
193.9 35
194 35
194.1 35
194.2 35
194.3 35
194.4 35
194.5 35
194.6 35
194.7 35
194.8 35
194.9 35
195 35
195.1 35
195.2 35
195.3 35
195.4 35
195.5 35
195.6 35
195.7 35
195.8 35
195.9 35
196 35
196.1 35
196.2 35
196.3 35
196.4 35
196.5 35
196.6 35
196.7 35
196.8 35
196.9 35
197 35
197.1 35
197.2 35
197.3 35
197.4 35
197.5 35
197.6 35
197.7 35
197.8 35
197.9 35
198 35
198.1 35
198.2 35
198.3 35
198.4 35
198.5 35
198.6 35
198.7 35
198.8 35
198.9 35
199 35
199.1 35
199.2 35
199.3 35
199.4 35
199.5 35
199.6 35
199.7 35
199.8 35
199.9 35
200 35
200.1 35
200.2 35
200.3 35
200.4 35
200.5 35
200.6 35
200.7 35
200.8 35
200.9 35
201 35
201.1 35
201.2 35
201.3 35
201.4 35
201.5 35
201.6 35
201.7 35
201.8 35
201.9 35
202 35
202.1 35
202.2 35
202.3 35
202.4 35
202.5 35
202.6 35
202.7 35
202.8 35
202.9 35
203 35
203.1 35
203.2 35
203.3 35
203.4 35
203.5 35
203.6 35
203.7 35
203.8 35
203.9 35
204 35
204.1 35
204.2 35
204.3 35
204.4 35
204.5 35
204.6 35
204.7 35
204.8 35
204.9 35
205 35
205.1 35
205.2 35
205.3 35
205.4 35
205.5 35
205.6 35
205.7 35
205.8 35
205.9 35
206 35
206.1 35
206.2 35
206.3 35
206.4 35
206.5 35
206.6 35
206.7 35
206.8 35
206.9 35
207 35
207.1 35
207.2 35
207.3 35
207.4 35
207.5 35
207.6 35
207.7 35
207.8 35
207.9 35
208 35
208.1 35
208.2 35
208.3 35
208.4 35
208.5 35
208.6 35
208.7 35
208.8 35
208.9 35
209 35
209.1 35
209.2 35
209.3 35
209.4 35
209.5 35
209.6 35
209.7 35
209.8 35
209.9 35
210 35
210.1 35
210.2 35
210.3 35
210.4 35
210.5 35
210.6 35
210.7 35
210.8 35
210.9 35
211 35
211.1 35
211.2 35
211.3 35
211.4 35
211.5 35
211.6 35
211.7 35
211.8 35
211.9 35
212 35
212.1 35
212.2 35
212.3 35
212.4 35
212.5 35
212.6 35
212.7 35
212.8 35
212.9 35
213 35
213.1 35
213.2 35
213.3 35
213.4 35
213.5 35
213.6 35
213.7 35
213.8 35
213.9 35
214 35
214.1 35
214.2 35
214.3 35
214.4 35
214.5 35
214.6 35
214.7 35
214.8 35
214.9 35
215 35
215.1 35
215.2 35
215.3 35
215.4 35
215.5 35
215.6 35
215.7 35
215.8 35
215.9 35
216 35
216.1 35
216.2 35
216.3 35
216.4 35
216.5 35
216.6 35
216.7 35
216.8 35
216.9 35
217 35
217.1 35
217.2 35
217.3 35
217.4 35
217.5 35
217.6 35
217.7 35
217.8 35
217.9 35
218 35
218.1 35
218.2 35
218.3 35
218.4 35
218.5 35
218.6 35
218.7 35
218.8 35
218.9 35
219 35
219.1 35
219.2 35
219.3 35
219.4 35
219.5 35
219.6 35
219.7 35
219.8 35
219.9 35
220 35
220.1 35
220.2 35
220.3 35
220.4 35
220.5 35
220.6 35
220.7 35
220.8 35
220.9 35
221 35
221.1 35
221.2 35
221.3 35
221.4 35
221.5 35
221.6 35
221.7 35
221.8 35
221.9 35
222 35
222.1 35
222.2 35
222.3 35
222.4 35
222.5 35
222.6 35
222.7 35
222.8 35
222.9 35
223 35
223.1 35
223.2 35
223.3 35
223.4 35
223.5 35
223.6 35
223.7 35
223.8 35
223.9 35
224 35
224.1 35
224.2 35
224.3 35
224.4 35
224.5 35
224.6 35
224.7 35
224.8 35
224.9 35
225 35
225.1 35
225.2 35
225.3 35
225.4 35
225.5 35
225.6 35
225.7 35
225.8 35
225.9 35
226 35
226.1 35
226.2 35
226.3 35
226.4 35
226.5 35
226.6 35
226.7 35
226.8 35
226.9 35
227 35
227.1 35
227.2 35
227.3 35
227.4 35
227.5 35
227.6 35
227.7 35
227.8 35
227.9 35
228 35
228.1 35
228.2 35
228.3 35
228.4 35
228.5 35
228.6 35
228.7 35
228.8 35
228.9 35
229 35
229.1 35
229.2 35
229.3 35
229.4 35
229.5 35
229.6 35
229.7 35
229.8 35
229.9 35
230 35
230.1 35
230.2 35
230.3 35
230.4 35
230.5 35
230.6 35
230.7 35
230.8 35
230.9 35
231 35
231.1 35
231.2 35
231.3 35
231.4 35
231.5 35
231.6 35
231.7 35
231.8 35
231.9 35
232 35
232.1 35
232.2 35
232.3 35
232.4 35
232.5 35
232.6 35
232.7 35
232.8 35
232.9 35
233 35
233.1 35
233.2 35
233.3 35
233.4 35
233.5 35
233.6 35
233.7 35
233.8 35
233.9 35
234 35
234.1 35
234.2 35
234.3 35
234.4 35
234.5 35
234.6 35
234.7 35
234.8 35
234.9 35
235 35
235.1 35
235.2 35
235.3 35
235.4 35
235.5 35
235.6 35
235.7 35
235.8 35
235.9 35
236 35
236.1 35
236.2 35
236.3 35
236.4 35
236.5 35
236.6 35
236.7 35
236.8 35
236.9 35
237 35
237.1 35
237.2 35
237.3 35
237.4 35
237.5 35
237.6 35
237.7 35
237.8 35
237.9 35
238 35
238.1 35
238.2 35
238.3 35
238.4 35
238.5 35
238.6 35
238.7 35
238.8 35
238.9 35
239 35
239.1 35
239.2 35
239.3 35
239.4 35
239.5 35
239.6 35
239.7 35
239.8 35
239.9 35
240 35
240.1 35
240.2 35
240.3 35
240.4 35
240.5 35
240.6 35
240.7 35
240.8 35
240.9 35
241 35
241.1 35
241.2 35
241.3 35
241.4 35
241.5 35
241.6 35
241.7 35
241.8 35
241.9 35
242 35
242.1 35
242.2 35
242.3 35
242.4 35
242.5 35
242.6 35
242.7 35
242.8 35
242.9 35
243 35
243.1 35
243.2 35
243.3 35
243.4 35
243.5 35
243.6 35
243.7 35
243.8 35
243.9 35
244 35
244.1 35
244.2 35
244.3 35
244.4 35
244.5 35
244.6 35
244.7 35
244.8 35
244.9 35
245 35
245.1 35
245.2 35
245.3 35
245.4 35
245.5 35
245.6 35
245.7 35
245.8 35
245.9 35
246 35
246.1 35
246.2 35
246.3 35
246.4 35
246.5 35
246.6 35
246.7 35
246.8 35
246.9 35
247 35
247.1 35
247.2 35
247.3 35
247.4 35
247.5 35
247.6 35
247.7 35
247.8 35
247.9 35
248 35
248.1 35
248.2 35
248.3 35
248.4 35
248.5 35
248.6 35
248.7 35
248.8 35
248.9 35
249 35
249.1 35
249.2 35
249.3 35
249.4 35
249.5 35
249.6 35
249.7 35
249.8 35
249.9 35
250 35
250.1 35
250.2 35
250.3 35
250.4 35
250.5 35
250.6 35
250.7 35
250.8 35
250.9 35
251 35
251.1 35
251.2 35
251.3 35
251.4 35
251.5 35
251.6 35
251.7 35
251.8 35
251.9 35
252 35
252.1 35
252.2 35
252.3 35
252.4 35
252.5 35
252.6 35
252.7 35
252.8 35
252.9 35
253 35
253.1 35
253.2 35
253.3 35
253.4 35
253.5 35
253.6 35
253.7 35
253.8 35
253.9 35
254 35
254.1 35
254.2 35
254.3 35
254.4 35
254.5 35
254.6 35
254.7 35
254.8 35
254.9 35
255 35
255.1 35
255.2 35
255.3 35
255.4 35
255.5 35
255.6 35
255.7 35
255.8 35
255.9 35
256 35
256.1 35
256.2 35
256.3 35
256.4 35
256.5 35
256.6 35
256.7 35
256.8 35
256.9 35
257 35
257.1 35
257.2 35
257.3 35
257.4 35
257.5 35
257.6 35
257.7 35
257.8 35
257.9 35
258 35
258.1 35
258.2 35
258.3 35
258.4 35
258.5 35
258.6 35
258.7 35
258.8 35
258.9 35
259 35
259.1 35
259.2 35
259.3 35
259.4 35
259.5 35
259.6 35
259.7 35
259.8 35
259.9 35
260 35
260.1 35
260.2 35
260.3 35
260.4 35
260.5 35
260.6 35
260.7 35
260.8 35
260.9 35
261 35
261.1 35
261.2 35
261.3 35
261.4 35
261.5 35
261.6 35
261.7 35
261.8 35
261.9 35
262 35
262.1 35
262.2 35
262.3 35
262.4 35
262.5 35
262.6 35
262.7 35
262.8 35
262.9 35
263 35
263.1 35
263.2 35
263.3 35
263.4 35
263.5 35
263.6 35
263.7 35
263.8 35
263.9 35
264 35
264.1 35
264.2 35
264.3 35
264.4 35
264.5 35
264.6 35
264.7 35
264.8 35
264.9 35
265 35
265.1 35
265.2 35
265.3 35
265.4 35
265.5 35
265.6 35
265.7 35
265.8 35
265.9 35
266 35
266.1 35
266.2 35
266.3 35
266.4 35
266.5 35
266.6 35
266.7 35
266.8 35
266.9 35
267 35
267.1 35
267.2 35
267.3 35
267.4 35
267.5 35
267.6 35
267.7 35
267.8 35
267.9 35
268 35
268.1 35
268.2 35
268.3 35
268.4 35
268.5 35
268.6 35
268.7 35
268.8 35
268.9 35
269 35
269.1 35
269.2 35
269.3 35
269.4 35
269.5 35
269.6 35
269.7 35
269.8 35
269.9 35
270 35
270.1 35
270.2 35
270.3 35
270.4 35
270.5 35
270.6 35
270.7 35
270.8 35
270.9 35
271 35
271.1 35
271.2 35
271.3 35
271.4 35
271.5 35
271.6 35
271.7 35
271.8 35
271.9 35
272 35
272.1 35
272.2 35
272.3 35
272.4 35
272.5 35
272.6 35
272.7 35
272.8 35
272.9 35
273 35
273.1 35
273.2 35
273.3 35
273.4 35
273.5 35
273.6 35
273.7 35
273.8 35
273.9 35
274 35
274.1 35
274.2 35
274.3 35
274.4 35
274.5 35
274.6 35
274.7 35
274.8 35
274.9 35
275 35
275.1 35
275.2 35
275.3 35
275.4 35
275.5 35
275.6 35
275.7 35
275.8 35
275.9 35
276 35
276.1 35
276.2 35
276.3 35
276.4 35
276.5 35
276.6 35
276.7 35
276.8 35
276.9 35
277 35
277.1 35
277.2 35
277.3 35
277.4 35
277.5 35
277.6 35
277.7 35
277.8 35
277.9 35
278 35
278.1 35
278.2 35
278.3 35
278.4 35
278.5 35
278.6 35
278.7 35
278.8 35
278.9 35
279 35
279.1 35
279.2 35
279.3 35
279.4 35
279.5 35
279.6 35
279.7 35
279.8 35
279.9 35
280 35
280.1 35
280.2 35
280.3 35
280.4 35
280.5 35
280.6 35
280.7 35
280.8 35
280.9 35
281 35
281.1 35
281.2 35
281.3 35
281.4 35
281.5 35
281.6 35
281.7 35
281.8 35
281.9 35
282 35
282.1 35
282.2 35
282.3 35
282.4 35
282.5 35
282.6 35
282.7 35
282.8 35
282.9 35
283 35
283.1 35
283.2 35
283.3 35
283.4 35
283.5 35
283.6 35
283.7 35
283.8 35
283.9 35
284 35
284.1 35
284.2 35
284.3 35
284.4 35
284.5 35
284.6 35
284.7 35
284.8 35
284.9 35
285 35
285.1 35
285.2 35
285.3 35
285.4 35
285.5 35
285.6 35
285.7 35
285.8 35
285.9 35
286 35
286.1 35
286.2 35
286.3 35
286.4 35
286.5 35
286.6 35
286.7 35
286.8 35
286.9 35
287 35
287.1 35
287.2 35
287.3 35
287.4 35
287.5 35
287.6 35
287.7 35
287.8 35
287.9 35
288 35
288.1 35
288.2 35
288.3 35
288.4 35
288.5 35
288.6 35
288.7 35
288.8 35
288.9 35
289 35
289.1 35
289.2 35
289.3 35
289.4 35
289.5 35
289.6 35
289.7 35
289.8 35
289.9 35
290 35
290.1 35
290.2 35
290.3 35
290.4 35
290.5 35
290.6 35
290.7 35
290.8 35
290.9 35
291 35
291.1 35
291.2 35
291.3 35
291.4 35
291.5 35
291.6 35
291.7 35
291.8 35
291.9 35
292 35
292.1 35
292.2 35
292.3 35
292.4 35
292.5 35
292.6 35
292.7 35
292.8 35
292.9 35
293 35
293.1 35
293.2 35
293.3 35
293.4 35
293.5 35
293.6 35
293.7 35
293.8 35
293.9 35
294 35
294.1 35
294.2 35
294.3 35
294.4 35
294.5 35
294.6 35
294.7 35
294.8 35
294.9 35
295 35
295.1 35
295.2 35
295.3 35
295.4 35
295.5 35
295.6 35
295.7 35
295.8 35
295.9 35
296 35
296.1 35
296.2 35
296.3 35
296.4 35
296.5 35
296.6 35
296.7 35
296.8 35
296.9 35
297 35
297.1 35
297.2 35
297.3 35
297.4 35
297.5 35
297.6 35
297.7 35
297.8 35
297.9 35
298 35
298.1 35
298.2 35
298.3 35
298.4 35
298.5 35
298.6 35
298.7 35
298.8 35
298.9 35
299 35
299.1 35
299.2 35
299.3 35
299.4 35
299.5 35
299.6 35
299.7 35
299.8 35
299.9 35
300 35
300.1 35
300.2 35
300.3 35
300.4 35
300.5 35
300.6 35
300.7 35
300.8 35
300.9 35
301 35
301.1 35
301.2 35
301.3 35
301.4 35
301.5 35
301.6 35
301.7 35
301.8 35
301.9 35
302 35
302.1 35
302.2 35
302.3 35
302.4 35
302.5 35
302.6 35
302.7 35
302.8 35
302.9 35
303 35
303.1 35
303.2 35
303.3 35
303.4 35
303.5 35
303.6 35
303.7 35
303.8 35
303.9 35
304 35
304.1 35
304.2 35
304.3 35
304.4 35
304.5 35
304.6 35
304.7 35
304.8 35
304.9 35
305 35
305.1 35
305.2 35
305.3 35
305.4 35
305.5 35
305.6 35
305.7 35
305.8 35
305.9 35
306 35
306.1 35
306.2 35
306.3 35
306.4 35
306.5 35
306.6 35
306.7 35
306.8 35
306.9 35
307 35
307.1 35
307.2 35
307.3 35
307.4 35
307.5 35
307.6 35
307.7 35
307.8 35
307.9 35
308 35
308.1 35
308.2 35
308.3 35
308.4 35
308.5 35
308.6 35
308.7 35
308.8 35
308.9 35
309 35
309.1 35
309.2 35
309.3 35
309.4 35
309.5 35
309.6 35
309.7 35
309.8 35
309.9 35
310 35
310.1 35
310.2 35
310.3 35
310.4 35
310.5 35
310.6 35
310.7 35
310.8 35
310.9 35
311 35
311.1 35
311.2 35
311.3 35
311.4 35
311.5 35
311.6 35
311.7 35
311.8 35
311.9 35
312 35
312.1 35
312.2 35
312.3 35
312.4 35
312.5 35
312.6 35
312.7 35
312.8 35
312.9 35
313 35
313.1 35
313.2 35
313.3 35
313.4 35
313.5 35
313.6 35
313.7 35
313.8 35
313.9 35
314 35
314.1 35
314.2 35
314.3 35
314.4 35
314.5 35
314.6 35
314.7 35
314.8 35
314.9 35
315 35
315.1 35
315.2 35
315.3 35
315.4 35
315.5 35
315.6 35
315.7 35
315.8 35
315.9 35
316 35
316.1 35
316.2 35
316.3 35
316.4 35
316.5 35
316.6 35
316.7 35
316.8 35
316.9 35
317 35
317.1 35
317.2 35
317.3 35
317.4 35
317.5 35
317.6 35
317.7 35
317.8 35
317.9 35
318 35
318.1 35
318.2 35
318.3 35
318.4 35
318.5 35
318.6 35
318.7 35
318.8 35
318.9 35
319 35
319.1 35
319.2 35
319.3 35
319.4 35
319.5 35
319.6 35
319.7 35
319.8 35
319.9 35
320 35
320.1 35
320.2 35
320.3 35
320.4 35
320.5 35
320.6 35
320.7 35
320.8 35
320.9 35
321 35
321.1 35
321.2 35
321.3 35
321.4 35
321.5 35
321.6 35
321.7 35
321.8 35
321.9 35
322 35
322.1 35
322.2 35
322.3 35
322.4 35
322.5 35
322.6 35
322.7 35
322.8 35
322.9 35
323 35
323.1 35
323.2 35
323.3 35
323.4 35
323.5 35
323.6 35
323.7 35
323.8 35
323.9 35
324 35
324.1 35
324.2 35
324.3 35
324.4 35
324.5 35
324.6 35
324.7 35
324.8 35
324.9 35
325 35
325.1 35
325.2 35
325.3 35
325.4 35
325.5 35
325.6 35
325.7 35
325.8 35
325.9 35
326 35
326.1 35
326.2 35
326.3 35
326.4 35
326.5 35
326.6 35
326.7 35
326.8 35
326.9 35
327 35
327.1 35
327.2 35
327.3 35
327.4 35
327.5 35
327.6 35
327.7 35
327.8 35
327.9 35
328 35
328.1 35
328.2 35
328.3 35
328.4 35
328.5 35
328.6 35
328.7 35
328.8 35
328.9 35
329 35
329.1 35
329.2 35
329.3 35
329.4 35
329.5 35
329.6 35
329.7 35
329.8 35
329.9 35
330 35
330.1 35
330.2 35
330.3 35
330.4 35
330.5 35
330.6 35
330.7 35
330.8 35
330.9 35
331 35
331.1 35
331.2 35
331.3 35
331.4 35
331.5 35
331.6 35
331.7 35
331.8 35
331.9 35
332 35
332.1 35
332.2 35
332.3 35
332.4 35
332.5 35
332.6 35
332.7 35
332.8 35
332.9 35
333 35
333.1 35
333.2 35
333.3 35
333.4 35
333.5 35
333.6 35
333.7 35
333.8 35
333.9 35
334 35
334.1 35
334.2 35
334.3 35
334.4 35
334.5 35
334.6 35
334.7 35
334.8 35
334.9 35
335 35
335.1 35
335.2 35
335.3 35
335.4 35
335.5 35
335.6 35
335.7 35
335.8 35
335.9 35
336 35
336.1 35
336.2 35
336.3 35
336.4 35
336.5 35
336.6 35
336.7 35
336.8 35
336.9 35
337 35
337.1 35
337.2 35
337.3 35
337.4 35
337.5 35
337.6 35
337.7 35
337.8 35
337.9 35
338 35
338.1 35
338.2 35
338.3 35
338.4 35
338.5 35
338.6 35
338.7 35
338.8 35
338.9 35
339 35
339.1 35
339.2 35
339.3 35
339.4 35
339.5 35
339.6 35
339.7 35
339.8 35
339.9 35
340 35
340.1 35
340.2 35
340.3 35
340.4 35
340.5 35
340.6 35
340.7 35
340.8 35
340.9 35
341 35
341.1 35
341.2 35
341.3 35
341.4 35
341.5 35
341.6 35
341.7 35
341.8 35
341.9 35
342 35
342.1 35
342.2 35
342.3 35
342.4 35
342.5 35
342.6 35
342.7 35
342.8 35
342.9 35
343 35
343.1 35
343.2 35
343.3 35
343.4 35
343.5 35
343.6 35
343.7 35
343.8 35
343.9 35
344 35
344.1 35
344.2 35
344.3 35
344.4 35
344.5 35
344.6 35
344.7 35
344.8 35
344.9 35
345 35
345.1 35
345.2 35
345.3 35
345.4 35
345.5 35
345.6 35
345.7 35
345.8 35
345.9 35
346 35
346.1 35
346.2 35
346.3 35
346.4 35
346.5 35
346.6 35
346.7 35
346.8 35
346.9 35
347 35
347.1 35
347.2 35
347.3 35
347.4 35
347.5 35
347.6 35
347.7 35
347.8 35
347.9 35
348 35
348.1 35
348.2 35
348.3 35
348.4 35
348.5 35
348.6 35
348.7 35
348.8 35
348.9 35
349 35
349.1 35
349.2 35
349.3 35
349.4 35
349.5 35
349.6 35
349.7 35
349.8 35
349.9 35
350 35
350.1 35
350.2 35
350.3 35
350.4 35
350.5 35
350.6 35
350.7 35
350.8 35
350.9 35
351 35
351.1 35
351.2 35
351.3 35
351.4 35
351.5 35
351.6 35
351.7 35
351.8 35
351.9 35
352 35
352.1 35
352.2 35
352.3 35
352.4 35
352.5 35
352.6 35
352.7 35
352.8 35
352.9 35
353 35
353.1 35
353.2 35
353.3 35
353.4 35
353.5 35
353.6 35
353.7 35
353.8 35
353.9 35
354 35
354.1 35
354.2 35
354.3 35
354.4 35
354.5 35
354.6 35
354.7 35
354.8 35
354.9 35
355 35
355.1 35
355.2 35
355.3 35
355.4 35
355.5 35
355.6 35
355.7 35
355.8 35
355.9 35
356 35
356.1 35
356.2 35
356.3 35
356.4 35
356.5 35
356.6 35
356.7 35
356.8 35
356.9 35
357 35
357.1 35
357.2 35
357.3 35
357.4 35
357.5 35
357.6 35
357.7 35
357.8 35
357.9 35
358 35
358.1 35
358.2 35
358.3 35
358.4 35
358.5 35
358.6 35
358.7 35
358.8 35
358.9 35
359 35
359.1 35
359.2 35
359.3 35
359.4 35
359.5 35
359.6 35
359.7 35
359.8 35
359.9 35
360 35
360.1 35
360.2 35
360.3 35
360.4 45
360.5 45
360.6 45
360.7 45
360.8 45
360.9 45
361 45
361.1 45
361.2 45
361.3 45
361.4 45
361.5 45
361.6 45
361.7 45
361.8 45
361.9 45
362 45
362.1 45
362.2 45
362.3 45
362.4 45
362.5 45
362.6 45
362.7 45
362.8 45
362.9 45
363 45
363.1 45
363.2 45
363.3 45
363.4 45
363.5 45
363.6 45
363.7 45
363.8 45
363.9 45
364 45
364.1 45
364.2 45
364.3 45
364.4 45
364.5 45
364.6 45
364.7 45
364.8 45
364.9 45
365 45
365.1 45
365.2 45
365.3 45
365.4 45
365.5 45
365.6 45
365.7 45
365.8 45
365.9 45
366 45
366.1 45
366.2 45
366.3 45
366.4 45
366.5 45
366.6 45
366.7 45
366.8 45
366.9 45
367 45
367.1 45
367.2 45
367.3 45
367.4 45
367.5 45
367.6 45
367.7 45
367.8 45
367.9 45
368 45
368.1 45
368.2 45
368.3 45
368.4 45
368.5 45
368.6 45
368.7 45
368.8 45
368.9 45
369 45
369.1 45
369.2 45
369.3 45
369.4 45
369.5 45
369.6 45
369.7 45
369.8 45
369.9 45
370 45
370.1 45
370.2 45
370.3 45
370.4 45
370.5 45
370.6 45
370.7 45
370.8 45
370.9 45
371 45
371.1 45
371.2 45
371.3 45
371.4 45
371.5 45
371.6 45
371.7 45
371.8 45
371.9 45
372 45
372.1 45
372.2 45
372.3 45
372.4 45
372.5 45
372.6 45
372.7 45
372.8 45
372.9 45
373 45
373.1 45
373.2 45
373.3 45
373.4 45
373.5 45
373.6 45
373.7 45
373.8 45
373.9 45
374 45
374.1 45
374.2 45
374.3 45
374.4 45
374.5 45
374.6 45
374.7 45
374.8 45
374.9 45
375 45
375.1 45
375.2 45
375.3 45
375.4 45
375.5 45
375.6 45
375.7 45
375.8 45
375.9 45
376 45
376.1 45
376.2 45
376.3 45
376.4 45
376.5 45
376.6 45
376.7 45
376.8 45
376.9 45
377 45
377.1 45
377.2 45
377.3 45
377.4 45
377.5 45
377.6 45
377.7 45
377.8 45
377.9 45
378 45
378.1 45
378.2 45
378.3 45
378.4 45
378.5 45
378.6 45
378.7 45
378.8 45
378.9 45
379 45
379.1 45
379.2 45
379.3 45
379.4 45
379.5 45
379.6 45
379.7 45
379.8 45
379.9 45
380 45
380.1 45
380.2 45
380.3 45
380.4 45
380.5 45
380.6 45
380.7 45
380.8 45
380.9 45
381 45
381.1 45
381.2 45
381.3 45
381.4 45
381.5 45
381.6 45
381.7 45
381.8 45
381.9 45
382 45
382.1 45
382.2 45
382.3 45
382.4 45
382.5 45
382.6 45
382.7 45
382.8 45
382.9 45
383 45
383.1 45
383.2 45
383.3 45
383.4 45
383.5 45
383.6 45
383.7 45
383.8 45
383.9 45
384 45
384.1 45
384.2 45
384.3 45
384.4 45
384.5 45
384.6 45
384.7 45
384.8 45
384.9 45
385 45
385.1 45
385.2 45
385.3 45
385.4 45
385.5 45
385.6 45
385.7 45
385.8 45
385.9 45
386 45
386.1 45
386.2 45
386.3 45
386.4 45
386.5 45
386.6 45
386.7 45
386.8 45
386.9 45
387 45
387.1 45
387.2 45
387.3 45
387.4 45
387.5 45
387.6 45
387.7 45
387.8 45
387.9 45
388 45
388.1 45
388.2 45
388.3 45
388.4 45
388.5 45
388.6 45
388.7 45
388.8 45
388.9 45
389 45
389.1 45
389.2 45
389.3 45
389.4 45
389.5 45
389.6 45
389.7 45
389.8 45
389.9 45
390 45
390.1 45
390.2 45
390.3 45
390.4 45
390.5 45
390.6 45
390.7 45
390.8 45
390.9 45
391 45
391.1 45
391.2 45
391.3 45
391.4 45
391.5 45
391.6 45
391.7 45
391.8 45
391.9 45
392 45
392.1 45
392.2 45
392.3 45
392.4 45
392.5 45
392.6 45
392.7 45
392.8 45
392.9 45
393 45
393.1 45
393.2 45
393.3 45
393.4 45
393.5 45
393.6 45
393.7 45
393.8 45
393.9 45
394 45
394.1 45
394.2 45
394.3 45
394.4 45
394.5 45
394.6 45
394.7 45
394.8 45
394.9 45
395 45
395.1 45
395.2 45
395.3 45
395.4 45
395.5 45
395.6 45
395.7 45
395.8 45
395.9 45
396 45
396.1 45
396.2 45
396.3 45
396.4 45
396.5 45
396.6 45
396.7 45
396.8 45
396.9 45
397 45
397.1 45
397.2 45
397.3 45
397.4 45
397.5 45
397.6 45
397.7 45
397.8 45
397.9 45
398 45
398.1 45
398.2 45
398.3 45
398.4 45
398.5 45
398.6 45
398.7 45
398.8 45
398.9 45
399 45
399.1 45
399.2 45
399.3 45
399.4 45
399.5 45
399.6 45
399.7 45
399.8 45
399.9 45
400 45
400.1 45
400.2 45
400.3 45
400.4 45
400.5 45
400.6 45
400.7 45
400.8 45
400.9 45
401 45
401.1 45
401.2 45
401.3 45
401.4 45
401.5 45
401.6 45
401.7 45
401.8 45
401.9 45
402 45
402.1 45
402.2 45
402.3 45
402.4 45
402.5 45
402.6 45
402.7 45
402.8 45
402.9 45
403 45
403.1 45
403.2 45
403.3 45
403.4 45
403.5 45
403.6 45
403.7 45
403.8 45
403.9 45
404 45
404.1 45
404.2 45
404.3 45
404.4 45
404.5 45
404.6 45
404.7 45
404.8 45
404.9 45
405 45
405.1 45
405.2 45
405.3 45
405.4 45
405.5 45
405.6 45
405.7 45
405.8 45
405.9 45
406 45
406.1 45
406.2 45
406.3 45
406.4 45
406.5 45
406.6 45
406.7 45
406.8 45
406.9 45
407 45
407.1 45
407.2 45
407.3 45
407.4 45
407.5 45
407.6 45
407.7 45
407.8 45
407.9 45
408 45
408.1 45
408.2 45
408.3 45
408.4 45
408.5 45
408.6 45
408.7 45
408.8 45
408.9 45
409 45
409.1 45
409.2 45
409.3 45
409.4 45
409.5 45
409.6 45
409.7 45
409.8 45
409.9 45
410 45
410.1 45
410.2 45
410.3 45
410.4 45
410.5 45
410.6 45
410.7 45
410.8 45
410.9 45
411 45
411.1 45
411.2 45
411.3 45
411.4 45
411.5 45
411.6 45
411.7 45
411.8 45
411.9 45
412 45
412.1 45
412.2 45
412.3 45
412.4 45
412.5 45
412.6 45
412.7 45
412.8 45
412.9 45
413 45
413.1 45
413.2 45
413.3 45
413.4 45
413.5 45
413.6 45
413.7 45
413.8 45
413.9 45
414 45
414.1 45
414.2 45
414.3 45
414.4 45
414.5 45
414.6 45
414.7 45
414.8 45
414.9 45
415 45
415.1 45
415.2 45
415.3 45
415.4 45
415.5 45
415.6 45
415.7 45
415.8 45
415.9 45
416 45
416.1 45
416.2 45
416.3 45
416.4 45
416.5 45
416.6 45
416.7 45
416.8 45
416.9 45
417 45
417.1 45
417.2 45
417.3 45
417.4 45
417.5 45
417.6 45
417.7 45
417.8 45
417.9 45
418 45
418.1 45
418.2 45
418.3 45
418.4 45
418.5 45
418.6 45
418.7 45
418.8 45
418.9 45
419 45
419.1 45
419.2 45
419.3 45
419.4 45
419.5 45
419.6 45
419.7 45
419.8 45
419.9 45
420 45
420.1 45
420.2 45
420.3 45
420.4 45
420.5 45
420.6 45
420.7 45
420.8 45
420.9 45
421 45
421.1 45
421.2 45
421.3 45
421.4 45
421.5 45
421.6 45
421.7 45
421.8 45
421.9 45
422 45
422.1 45
422.2 45
422.3 45
422.4 45
422.5 45
422.6 45
422.7 45
422.8 45
422.9 45
423 45
423.1 45
423.2 45
423.3 45
423.4 45
423.5 45
423.6 45
423.7 45
423.8 45
423.9 45
424 45
424.1 45
424.2 45
424.3 45
424.4 45
424.5 45
424.6 45
424.7 45
424.8 45
424.9 45
425 45
425.1 45
425.2 45
425.3 45
425.4 45
425.5 45
425.6 45
425.7 45
425.8 45
425.9 45
426 45
426.1 45
426.2 45
426.3 45
426.4 45
426.5 45
426.6 45
426.7 45
426.8 45
426.9 45
427 45
427.1 45
427.2 45
427.3 45
427.4 45
427.5 45
427.6 45
427.7 45
427.8 45
427.9 45
428 45
428.1 45
428.2 45
428.3 45
428.4 45
428.5 45
428.6 45
428.7 45
428.8 45
428.9 45
429 45
429.1 45
429.2 45
429.3 45
429.4 45
429.5 45
429.6 45
429.7 45
429.8 45
429.9 45
430 45
430.1 45
430.2 45
430.3 45
430.4 45
430.5 45
430.6 45
430.7 45
430.8 45
430.9 45
431 45
431.1 45
431.2 45
431.3 45
431.4 45
431.5 45
431.6 45
431.7 45
431.8 45
431.9 45
432 45
432.1 45
432.2 45
432.3 45
432.4 45
432.5 45
432.6 45
432.7 45
432.8 45
432.9 45
433 45
433.1 45
433.2 45
433.3 45
433.4 45
433.5 45
433.6 45
433.7 45
433.8 45
433.9 45
434 45
434.1 45
434.2 45
434.3 45
434.4 45
434.5 45
434.6 45
434.7 45
434.8 45
434.9 45
435 45
435.1 45
435.2 45
435.3 45
435.4 45
435.5 45
435.6 45
435.7 45
435.8 45
435.9 45
436 45
436.1 45
436.2 45
436.3 45
436.4 45
436.5 45
436.6 45
436.7 45
436.8 45
436.9 45
437 45
437.1 45
437.2 45
437.3 45
437.4 45
437.5 45
437.6 45
437.7 45
437.8 45
437.9 45
438 45
438.1 45
438.2 45
438.3 45
438.4 45
438.5 45
438.6 45
438.7 45
438.8 45
438.9 45
439 45
439.1 45
439.2 45
439.3 45
439.4 45
439.5 45
439.6 45
439.7 45
439.8 45
439.9 45
440 45
440.1 45
440.2 45
440.3 45
440.4 45
440.5 45
440.6 45
440.7 45
440.8 45
440.9 45
441 45
441.1 45
441.2 45
441.3 45
441.4 45
441.5 45
441.6 45
441.7 45
441.8 45
441.9 45
442 45
442.1 45
442.2 45
442.3 45
442.4 45
442.5 45
442.6 45
442.7 45
442.8 45
442.9 45
443 45
443.1 45
443.2 45
443.3 45
443.4 45
443.5 45
443.6 45
443.7 45
443.8 45
443.9 45
444 45
444.1 45
444.2 45
444.3 45
444.4 45
444.5 45
444.6 45
444.7 45
444.8 45
444.9 45
445 45
445.1 45
445.2 45
445.3 45
445.4 45
445.5 45
445.6 45
445.7 45
445.8 45
445.9 45
446 45
446.1 45
446.2 45
446.3 45
446.4 45
446.5 45
446.6 45
446.7 45
446.8 45
446.9 45
447 45
447.1 45
447.2 45
447.3 45
447.4 45
447.5 45
447.6 45
447.7 45
447.8 45
447.9 45
448 45
448.1 45
448.2 45
448.3 45
448.4 45
448.5 45
448.6 45
448.7 45
448.8 45
448.9 45
449 45
449.1 45
449.2 45
449.3 45
449.4 45
449.5 45
449.6 45
449.7 45
449.8 45
449.9 45
450 45
450.1 45
450.2 45
450.3 45
450.4 45
450.5 45
450.6 45
450.7 45
450.8 45
450.9 45
451 45
451.1 45
451.2 45
451.3 45
451.4 45
451.5 45
451.6 45
451.7 45
451.8 45
451.9 45
452 45
452.1 45
452.2 45
452.3 45
452.4 45
452.5 45
452.6 45
452.7 45
452.8 45
452.9 45
453 45
453.1 45
453.2 45
453.3 45
453.4 45
453.5 45
453.6 45
453.7 45
453.8 45
453.9 45
454 45
454.1 45
454.2 45
454.3 45
454.4 45
454.5 45
454.6 45
454.7 45
454.8 45
454.9 45
455 45
455.1 45
455.2 45
455.3 45
455.4 45
455.5 45
455.6 45
455.7 45
455.8 45
455.9 45
456 45
456.1 45
456.2 45
456.3 45
456.4 45
456.5 45
456.6 45
456.7 45
456.8 45
456.9 45
457 45
457.1 45
457.2 45
457.3 45
457.4 45
457.5 45
457.6 45
457.7 45
457.8 45
457.9 45
458 45
458.1 45
458.2 45
458.3 45
458.4 45
458.5 45
458.6 45
458.7 45
458.8 45
458.9 45
459 45
459.1 45
459.2 45
459.3 45
459.4 45
459.5 45
459.6 45
459.7 45
459.8 45
459.9 45
460 45
460.1 45
460.2 45
460.3 45
460.4 45
460.5 45
460.6 45
460.7 45
460.8 45
460.9 45
461 45
461.1 45
461.2 45
461.3 45
461.4 45
461.5 45
461.6 45
461.7 45
461.8 45
461.9 45
462 45
462.1 45
462.2 45
462.3 45
462.4 45
462.5 45
462.6 45
462.7 45
462.8 45
462.9 45
463 45
463.1 45
463.2 45
463.3 45
463.4 45
463.5 45
463.6 45
463.7 45
463.8 45
463.9 45
464 45
464.1 45
464.2 45
464.3 45
464.4 45
464.5 45
464.6 45
464.7 45
464.8 45
464.9 45
465 45
465.1 45
465.2 45
465.3 45
465.4 45
465.5 45
465.6 45
465.7 45
465.8 45
465.9 45
466 45
466.1 45
466.2 45
466.3 45
466.4 45
466.5 45
466.6 45
466.7 45
466.8 45
466.9 45
467 45
467.1 45
467.2 45
467.3 45
467.4 45
467.5 45
467.6 45
467.7 45
467.8 45
467.9 45
468 45
468.1 45
468.2 45
468.3 45
468.4 45
468.5 45
468.6 45
468.7 45
468.8 45
468.9 45
469 45
469.1 45
469.2 45
469.3 45
469.4 45
469.5 45
469.6 45
469.7 45
469.8 45
469.9 45
470 45
470.1 45
470.2 45
470.3 45
470.4 45
470.5 45
470.6 45
470.7 45
470.8 45
470.9 45
471 45
471.1 45
471.2 45
471.3 45
471.4 45
471.5 45
471.6 45
471.7 45
471.8 45
471.9 45
472 45
472.1 45
472.2 45
472.3 45
472.4 45
472.5 45
472.6 45
472.7 45
472.8 45
472.9 45
473 45
473.1 45
473.2 45
473.3 45
473.4 45
473.5 45
473.6 45
473.7 45
473.8 45
473.9 45
474 45
474.1 45
474.2 45
474.3 45
474.4 45
474.5 45
474.6 45
474.7 45
474.8 45
474.9 45
475 45
475.1 45
475.2 45
475.3 45
475.4 45
475.5 45
475.6 45
475.7 45
475.8 45
475.9 45
476 45
476.1 45
476.2 45
476.3 45
476.4 45
476.5 45
476.6 45
476.7 45
476.8 45
476.9 45
477 45
477.1 45
477.2 45
477.3 45
477.4 45
477.5 45
477.6 45
477.7 45
477.8 45
477.9 45
478 45
478.1 45
478.2 45
478.3 45
478.4 45
478.5 45
478.6 45
478.7 45
478.8 45
478.9 45
479 45
479.1 45
479.2 45
479.3 45
479.4 45
479.5 45
479.6 45
479.7 45
479.8 45
479.9 45
480 45
480.1 45
480.2 45
480.3 45
480.4 45
480.5 45
480.6 45
480.7 45
480.8 45
480.9 45
481 45
481.1 45
481.2 45
481.3 45
481.4 45
481.5 45
481.6 45
481.7 45
481.8 45
481.9 45
482 45
482.1 45
482.2 45
482.3 45
482.4 45
482.5 45
482.6 45
482.7 45
482.8 45
482.9 45
483 45
483.1 45
483.2 45
483.3 45
483.4 45
483.5 45
483.6 45
483.7 45
483.8 45
483.9 45
484 45
484.1 45
484.2 45
484.3 45
484.4 45
484.5 45
484.6 45
484.7 45
484.8 45
484.9 45
485 45
485.1 45
485.2 45
485.3 45
485.4 45
485.5 45
485.6 45
485.7 45
485.8 45
485.9 45
486 45
486.1 45
486.2 45
486.3 45
486.4 45
486.5 45
486.6 45
486.7 45
486.8 45
486.9 45
487 45
487.1 45
487.2 45
487.3 45
487.4 45
487.5 45
487.6 45
487.7 45
487.8 45
487.9 45
488 45
488.1 45
488.2 45
488.3 45
488.4 45
488.5 45
488.6 45
488.7 45
488.8 45
488.9 45
489 45
489.1 45
489.2 45
489.3 45
489.4 45
489.5 45
489.6 45
489.7 45
489.8 45
489.9 45
490 45
490.1 45
490.2 45
490.3 45
490.4 45
490.5 45
490.6 45
490.7 45
490.8 45
490.9 45
491 45
491.1 45
491.2 45
491.3 45
491.4 45
491.5 45
491.6 45
491.7 45
491.8 45
491.9 45
492 45
492.1 45
492.2 45
492.3 45
492.4 45
492.5 45
492.6 45
492.7 45
492.8 45
492.9 45
493 45
493.1 45
493.2 45
493.3 45
493.4 45
493.5 45
493.6 45
493.7 45
493.8 45
493.9 45
494 45
494.1 45
494.2 45
494.3 45
494.4 45
494.5 45
494.6 45
494.7 45
494.8 45
494.9 45
495 45
495.1 45
495.2 45
495.3 45
495.4 45
495.5 45
495.6 45
495.7 45
495.8 45
495.9 45
496 45
496.1 45
496.2 45
496.3 45
496.4 45
496.5 45
496.6 45
496.7 45
496.8 45
496.9 45
497 45
497.1 45
497.2 45
497.3 45
497.4 45
497.5 45
497.6 45
497.7 45
497.8 45
497.9 45
498 45
498.1 45
498.2 45
498.3 45
498.4 45
498.5 45
498.6 45
498.7 45
498.8 45
498.9 45
499 45
499.1 45
499.2 45
499.3 45
499.4 45
499.5 45
499.6 45
499.7 45
499.8 45
499.9 45
500 45
500.1 45
500.2 45
500.3 45
500.4 45
500.5 45
500.6 45
500.7 45
500.8 45
500.9 45
501 45
501.1 45
501.2 45
501.3 45
501.4 45
501.5 45
501.6 45
501.7 45
501.8 45
501.9 45
502 45
502.1 45
502.2 45
502.3 45
502.4 45
502.5 45
502.6 45
502.7 45
502.8 45
502.9 45
503 45
503.1 45
503.2 45
503.3 45
503.4 45
503.5 45
503.6 45
503.7 45
503.8 45
503.9 45
504 45
504.1 45
504.2 45
504.3 45
504.4 45
504.5 45
504.6 45
504.7 45
504.8 45
504.9 45
505 45
505.1 45
505.2 45
505.3 45
505.4 45
505.5 45
505.6 45
505.7 45
505.8 45
505.9 45
506 45
506.1 45
506.2 45
506.3 45
506.4 45
506.5 45
506.6 45
506.7 45
506.8 45
506.9 45
507 45
507.1 45
507.2 45
507.3 45
507.4 45
507.5 45
507.6 45
507.7 45
507.8 45
507.9 45
508 45
508.1 45
508.2 45
508.3 45
508.4 45
508.5 45
508.6 45
508.7 45
508.8 45
508.9 45
509 45
509.1 45
509.2 45
509.3 45
509.4 45
509.5 45
509.6 45
509.7 45
509.8 45
509.9 45
510 45
510.1 45
510.2 45
510.3 45
510.4 45
510.5 45
510.6 45
510.7 45
510.8 45
510.9 45
511 45
511.1 45
511.2 45
511.3 45
511.4 45
511.5 45
511.6 45
511.7 45
511.8 45
511.9 45
512 45
512.1 45
512.2 45
512.3 45
512.4 45
512.5 45
512.6 45
512.7 45
512.8 45
512.9 45
513 45
513.1 45
513.2 45
513.3 45
513.4 45
513.5 45
513.6 45
513.7 45
513.8 45
513.9 45
514 45
514.1 45
514.2 45
514.3 45
514.4 45
514.5 45
514.6 45
514.7 45
514.8 45
514.9 45
515 45
515.1 45
515.2 45
515.3 45
515.4 45
515.5 45
515.6 45
515.7 45
515.8 45
515.9 45
516 45
516.1 45
516.2 45
516.3 45
516.4 45
516.5 45
516.6 45
516.7 45
516.8 45
516.9 45
517 45
517.1 45
517.2 45
517.3 45
517.4 45
517.5 45
517.6 45
517.7 45
517.8 45
517.9 45
518 45
518.1 45
518.2 45
518.3 45
518.4 45
518.5 45
518.6 45
518.7 45
518.8 45
518.9 45
519 45
519.1 45
519.2 45
519.3 45
519.4 45
519.5 45
519.6 45
519.7 45
519.8 45
519.9 45
520 45
520.1 45
520.2 45
520.3 45
520.4 45
520.5 45
520.6 45
520.7 45
520.8 45
520.9 45
521 45
521.1 45
521.2 45
521.3 45
521.4 45
521.5 45
521.6 45
521.7 45
521.8 45
521.9 45
522 45
522.1 45
522.2 45
522.3 45
522.4 45
522.5 45
522.6 45
522.7 45
522.8 45
522.9 45
523 45
523.1 45
523.2 45
523.3 45
523.4 45
523.5 45
523.6 45
523.7 45
523.8 45
523.9 45
524 45
524.1 45
524.2 45
524.3 45
524.4 45
524.5 45
524.6 45
524.7 45
524.8 45
524.9 45
525 45
525.1 45
525.2 45
525.3 45
525.4 45
525.5 45
525.6 45
525.7 45
525.8 45
525.9 45
526 45
526.1 45
526.2 45
526.3 45
526.4 45
526.5 45
526.6 45
526.7 45
526.8 45
526.9 45
527 45
527.1 45
527.2 45
527.3 45
527.4 45
527.5 45
527.6 45
527.7 45
527.8 45
527.9 45
528 45
528.1 45
528.2 45
528.3 45
528.4 45
528.5 45
