1 39.25
1.1 39.25
1.2 39.25
1.3 39.25
1.4 39.25
1.5 39.25
1.6 39.25
1.7 39.25
1.8 39.25
1.9 39.25
2 39.25
2.1 39.25
2.2 39.25
2.3 39.25
2.4 39.25
2.5 39.25
2.6 39.25
2.7 39.25
2.8 39.25
2.9 39.25
3 39.25
3.1 39.25
3.2 39.25
3.3 39.25
3.4 39.25
3.5 39.25
3.6 39.25
3.7 39.25
3.8 39.25
3.9 39.25
4 39.25
4.1 39.25
4.2 39.25
4.3 39.25
4.4 39.25
4.5 39.25
4.6 39.25
4.7 39.25
4.8 39.25
4.9 39.25
5 39.25
5.1 39.25
5.2 39.25
5.3 39.25
5.4 39.25
5.5 39.25
5.6 39.25
5.7 39.25
5.8 39.25
5.9 39.25
6 39.25
6.1 39.25
6.2 39.25
6.3 39.25
6.4 39.25
6.5 39.25
6.6 39.25
6.7 39.25
6.8 39.25
6.9 39.25
7 39.25
7.1 39.25
7.2 39.25
7.3 39.25
7.4 39.25
7.5 39.25
7.6 39.25
7.7 39.25
7.8 39.25
7.9 39.25
8 39.25
8.1 39.25
8.2 39.25
8.3 39.25
8.4 39.25
8.5 39.25
8.6 39.25
8.7 39.25
8.8 39.25
8.9 39.25
9 39.25
9.1 39.25
9.2 39.31
9.3 39.31
9.4 39.31
9.5 39.31
9.6 39.31
9.7 39.31
9.8 39.31
9.9 39.31
10 39.31
10.1 39.31
10.2 39.31
10.3 39.31
10.4 39.31
10.5 39.31
10.6 39.31
10.7 39.31
10.8 39.31
10.9 39.31
11 39.31
11.1 39.31
11.2 39.31
11.3 39.31
11.4 39.31
11.5 39.31
11.6 39.31
11.7 39.31
11.8 39.25
11.9 39.25
12 39.25
12.1 39.25
12.2 39.25
12.3 39.25
12.4 39.25
12.5 39.25
12.6 39.25
12.7 39.25
12.8 39.25
12.9 39.25
13 39.25
13.1 39.25
13.2 39.25
13.3 39.25
13.4 39.25
13.5 39.25
13.6 39.25
13.7 39.25
13.8 39.25
13.9 39.25
14 39.25
14.1 39.25
14.2 39.25
14.3 39.25
14.4 39.25
14.5 39.25
14.6 39.25
14.7 39.25
14.8 39.25
14.9 39.25
15 39.25
15.1 39.25
15.2 39.25
15.3 39.25
15.4 39.25
15.5 39.25
15.6 39.25
15.7 39.25
15.8 39.25
15.9 39.25
16 39.25
16.1 39.25
16.2 39.25
16.3 39.25
16.4 39.25
16.5 39.25
16.6 39.25
16.7 39.25
16.8 39.25
16.9 39.25
17 39.25
17.1 39.25
17.2 39.25
17.3 39.25
17.4 39.25
17.5 39.25
17.6 39.25
17.7 39.25
17.8 39.25
17.9 39.25
18 39.25
18.1 39.25
18.2 39.25
18.3 39.25
18.4 39.25
18.5 39.25
18.6 39.25
18.7 39.25
18.8 39.25
18.9 39.25
19 39.25
19.1 39.25
19.2 39.25
19.3 39.25
19.4 39.25
19.5 39.25
19.6 39.25
19.7 39.25
19.8 39.25
19.9 39.25
20 39.25
20.1 39.25
20.2 39.25
20.3 39.25
20.4 39.25
20.5 39.25
20.6 39.25
20.7 39.25
20.8 39.25
20.9 39.25
21 39.25
21.1 39.25
21.2 39.25
21.3 39.25
21.4 39.25
21.5 39.25
21.6 39.25
21.7 39.25
21.8 39.25
21.9 39.25
22 39.25
22.1 39.25
22.2 39.25
22.3 39.25
22.4 39.25
22.5 39.25
22.6 39.25
22.7 39.25
22.8 39.25
22.9 39.25
23 39.25
23.1 39.25
23.2 39.25
23.3 39.25
23.4 39.25
23.5 39.25
23.6 39.25
23.7 39.25
23.8 39.25
23.9 39.25
24 39.25
24.1 39.25
24.2 39.25
24.3 39.25
24.4 39.25
24.5 39.25
24.6 39.25
24.7 39.18
24.8 39.18
24.9 39.18
25 39.18
25.1 39.18
25.2 39.25
25.3 39.25
25.4 39.25
25.5 39.25
25.6 39.25
25.7 39.25
25.8 39.18
25.9 39.18
26 39.18
26.1 39.18
26.2 39.25
26.3 39.25
26.4 39.25
26.5 39.25
26.6 39.25
26.7 39.25
26.8 39.25
26.9 39.25
27 39.25
27.1 39.25
27.2 39.25
27.3 39.25
27.4 39.25
27.5 39.25
27.6 39.25
27.7 39.25
27.8 39.25
27.9 39.25
28 39.25
28.1 39.25
28.2 39.25
28.3 39.25
28.4 39.25
28.5 39.25
28.6 39.25
28.7 39.31
28.8 39.31
28.9 39.31
29 39.31
29.1 39.31
29.2 39.31
29.3 39.31
29.4 39.31
29.5 39.31
29.6 39.31
29.7 39.31
29.8 39.31
29.9 39.31
30 39.31
30.1 39.31
30.2 39.31
30.3 39.31
30.4 39.31
30.5 39.31
30.6 39.31
30.7 39.37
30.8 39.37
30.9 39.37
31 39.37
31.1 39.37
31.2 39.37
31.3 39.37
31.4 39.37
31.5 39.37
31.6 39.37
31.7 39.43
31.8 39.43
31.9 39.43
32 39.43
32.1 39.43
32.2 39.43
32.3 39.43
32.4 39.43
32.5 39.43
32.6 39.43
32.7 39.43
32.8 39.5
32.9 39.5
33 39.5
33.1 39.5
33.2 39.5
33.3 39.5
33.4 39.5
33.5 39.5
33.6 39.5
33.7 39.56
33.8 39.56
33.9 39.56
34 39.56
34.1 39.56
34.2 39.62
34.3 39.62
34.4 39.62
34.5 39.62
34.6 39.62
34.7 39.68
34.8 39.68
34.9 39.68
35 39.68
35.1 39.68
35.2 39.75
35.3 39.75
35.4 39.75
35.5 39.75
35.6 39.75
35.7 39.81
35.8 39.81
35.9 39.81
36 39.81
36.1 39.81
36.2 39.81
36.3 39.81
36.4 39.81
36.5 39.81
36.6 39.81
36.7 39.87
36.8 39.87
36.9 39.87
37 39.87
37.1 39.87
37.2 39.93
37.3 39.93
37.4 39.93
37.5 39.93
37.6 39.93
37.7 39.93
37.8 39.93
37.9 39.93
38 39.93
38.1 39.93
38.2 40
38.3 40
38.4 40
38.5 40
38.6 40
38.7 40.06
38.8 40.06
38.9 40.06
39 40.06
39.1 40.06
39.2 40.12
39.3 40.12
39.4 40.12
39.5 40.12
39.6 40.12
39.7 40.12
39.8 40.18
39.9 40.18
40 40.18
40.1 40.18
40.2 40.25
40.3 40.25
40.4 40.25
40.5 40.25
40.6 40.25
40.7 40.31
40.8 40.31
40.9 40.31
41 40.31
41.1 40.31
41.2 40.31
41.3 40.31
41.4 40.31
41.5 40.31
41.6 40.31
41.7 40.37
41.8 40.37
41.9 40.37
42 40.37
42.1 40.37
42.2 40.43
42.3 40.43
42.4 40.43
42.5 40.43
42.6 40.43
42.7 40.5
42.8 40.5
42.9 40.5
43 40.5
43.1 40.5
43.2 40.5
43.3 40.5
43.4 40.5
43.5 40.5
43.6 40.5
43.7 40.56
43.8 40.56
43.9 40.56
44 40.56
44.1 40.56
44.2 40.62
44.3 40.62
44.4 40.62
44.5 40.62
44.6 40.62
44.7 40.68
44.8 40.68
44.9 40.68
45 40.68
45.1 40.68
45.2 40.75
45.3 40.75
45.4 40.75
45.5 40.75
45.6 40.75
45.7 40.75
45.8 40.75
45.9 40.75
46 40.75
46.1 40.75
46.2 40.81
46.3 40.81
46.4 40.81
46.5 40.81
46.6 40.81
46.7 40.81
46.8 40.81
46.9 40.81
47 40.81
47.1 40.81
47.2 40.81
47.3 40.81
47.4 40.81
47.5 40.81
47.6 40.81
47.7 40.81
47.8 40.81
47.9 40.81
48 40.81
48.1 40.81
48.2 40.81
48.3 40.81
48.4 40.81
48.5 40.81
48.6 40.81
48.7 40.81
48.8 40.81
48.9 40.81
49 40.81
49.1 40.81
49.2 40.81
49.3 40.81
49.4 40.81
49.5 40.81
49.6 40.81
49.7 40.81
49.8 40.81
49.9 40.81
50 40.81
50.1 40.81
50.2 40.81
50.3 40.81
50.4 40.81
50.5 40.81
50.6 40.81
50.7 40.81
50.8 40.81
50.9 40.81
51 40.81
51.1 40.81
51.2 40.81
51.3 40.81
51.4 40.81
51.5 40.81
51.6 40.81
51.7 40.81
51.8 40.81
51.9 40.81
52 40.81
52.1 40.81
52.2 40.81
52.3 40.81
52.4 40.81
52.5 40.81
52.6 40.81
52.7 40.81
52.8 40.81
52.9 40.81
53 40.81
53.1 40.81
53.2 40.81
53.3 40.81
53.4 40.81
53.5 40.81
53.6 40.81
53.7 40.81
53.8 40.81
53.9 40.81
54 40.81
54.1 40.81
54.2 40.81
54.3 40.81
54.4 40.81
54.5 40.81
54.6 40.81
54.7 40.81
54.8 40.81
54.9 40.81
55 40.81
55.1 40.81
55.2 40.81
55.3 40.81
55.4 40.81
55.5 40.81
55.6 40.81
55.7 40.81
55.8 40.81
55.9 40.81
56 40.81
56.1 40.81
56.2 40.81
56.3 40.81
56.4 40.81
56.5 40.81
56.6 40.81
56.7 40.75
56.8 40.75
56.9 40.75
57 40.75
57.1 40.75
57.2 40.75
57.3 40.75
57.4 40.75
57.5 40.75
57.6 40.75
57.7 40.75
57.8 40.75
57.9 40.75
58 40.75
58.1 40.75
58.2 40.75
58.3 40.75
58.4 40.75
58.5 40.75
58.6 40.75
58.7 40.68
58.8 40.68
58.9 40.68
59 40.68
59.1 40.68
59.2 40.68
59.3 40.68
59.4 40.68
59.5 40.68
59.6 40.68
59.7 40.68
59.8 40.68
59.9 40.68
60 40.68
60.1 40.68
60.2 40.62
60.3 40.62
60.4 40.62
60.5 40.62
60.6 40.62
60.7 40.62
60.8 40.56
60.9 40.56
61 40.56
61.1 40.56
61.2 40.56
61.3 40.56
61.4 40.56
61.5 40.56
61.6 40.56
61.7 40.5
61.8 40.5
61.9 40.5
62 40.5
62.1 40.5
62.2 40.5
62.3 40.5
62.4 40.5
62.5 40.5
62.6 40.5
62.7 40.43
62.8 40.43
62.9 40.43
63 40.43
63.1 40.43
63.2 40.43
63.3 40.43
63.4 40.43
63.5 40.43
63.6 40.43
63.7 40.37
63.8 40.37
63.9 40.37
64 40.37
64.1 40.37
64.2 40.37
64.3 40.37
64.4 40.37
64.5 40.37
64.6 40.37
64.7 40.37
64.8 40.37
64.9 40.37
65 40.37
65.1 40.37
65.2 40.31
65.3 40.31
65.4 40.31
65.5 40.31
65.6 40.31
65.7 40.31
65.8 40.31
65.9 40.31
66 40.31
66.1 40.31
66.2 40.25
66.3 40.25
66.4 40.25
66.5 40.25
66.6 40.25
66.7 40.25
66.8 40.25
66.9 40.25
67 40.25
67.1 40.25
67.2 40.18
67.3 40.18
67.4 40.18
67.5 40.18
67.6 40.18
67.7 40.18
67.8 40.18
67.9 40.18
68 40.18
68.1 40.18
68.2 40.12
68.3 40.12
68.4 40.12
68.5 40.12
68.6 40.12
68.7 40.12
68.8 40.12
68.9 40.12
69 40.12
69.1 40.12
69.2 40.06
69.3 40.06
69.4 40.06
69.5 40.06
69.6 40.06
69.7 40
69.8 40
69.9 40
70 40
70.1 40
70.2 40
70.3 40
70.4 40
70.5 40
70.6 40
70.7 39.93
70.8 39.93
70.9 39.93
71 39.93
71.1 39.93
71.2 39.93
71.3 39.87
71.4 39.87
71.5 39.87
71.6 39.87
71.7 39.87
71.8 39.87
71.9 39.87
72 39.87
72.1 39.87
72.2 39.81
72.3 39.81
72.4 39.81
72.5 39.81
72.6 39.81
72.7 39.81
72.8 39.81
72.9 39.81
73 39.81
73.1 39.81
73.2 39.75
73.3 39.75
73.4 39.75
73.5 39.75
73.6 39.75
73.7 39.68
73.8 39.68
73.9 39.68
74 39.68
74.1 39.68
74.2 39.68
74.3 39.68
74.4 39.68
74.5 39.68
74.6 39.68
74.7 39.68
74.8 39.62
74.9 39.62
75 39.62
75.1 39.62
75.2 39.62
75.3 39.62
75.4 39.62
75.5 39.62
75.6 39.62
75.7 39.56
75.8 39.56
75.9 39.56
76 39.56
76.1 39.56
76.2 39.56
76.3 39.56
76.4 39.56
76.5 39.56
76.6 39.56
76.7 39.56
76.8 39.56
76.9 39.56
77 39.56
77.1 39.56
77.2 39.5
77.3 39.5
77.4 39.5
77.5 39.5
77.6 39.5
77.7 39.5
77.8 39.5
77.9 39.5
78 39.5
78.1 39.5
78.2 39.5
78.3 39.5
78.4 39.5
78.5 39.5
78.6 39.5
78.7 39.5
78.8 39.5
78.9 39.5
79 39.5
79.1 39.5
79.2 39.5
79.3 39.5
79.4 39.5
79.5 39.5
79.6 39.5
79.7 39.5
79.8 39.5
79.9 39.5
80 39.5
80.1 39.5
80.2 39.43
80.3 39.43
80.4 39.43
80.5 39.43
80.6 39.43
80.7 39.43
80.8 39.43
80.9 39.43
81 39.43
81.1 39.43
81.2 39.37
81.3 39.37
81.4 39.37
81.5 39.37
81.6 39.37
81.7 39.37
81.8 39.37
81.9 39.37
82 39.37
82.1 39.37
82.2 39.37
82.3 39.37
82.4 39.37
82.5 39.37
82.6 39.37
82.7 39.31
82.8 39.31
82.9 39.31
83 39.31
83.1 39.31
83.2 39.31
83.3 39.31
83.4 39.31
83.5 39.31
83.6 39.31
83.7 39.25
83.8 39.25
83.9 39.25
84 39.25
84.1 39.25
84.2 39.25
84.3 39.25
84.4 39.25
84.5 39.25
84.6 39.25
84.7 39.25
84.8 39.25
84.9 39.25
85 39.25
85.1 39.25
85.2 39.25
85.3 39.25
85.4 39.25
85.5 39.25
85.6 39.25
85.7 39.25
85.8 39.25
85.9 39.25
86 39.25
86.1 39.25
86.2 39.25
86.3 39.25
86.4 39.25
86.5 39.25
86.6 39.25
86.7 39.18
86.8 39.18
86.9 39.18
87 39.18
87.1 39.18
87.2 39.18
87.3 39.18
87.4 39.18
87.5 39.18
87.6 39.18
87.7 39.18
87.8 39.18
87.9 39.18
88 39.18
88.1 39.18
88.2 39.18
88.3 39.18
88.4 39.18
88.5 39.18
88.6 39.18
88.7 39.18
88.8 39.18
88.9 39.18
89 39.18
89.1 39.18
89.2 39.18
89.3 39.18
89.4 39.18
89.5 39.18
89.6 39.18
89.7 39.18
89.8 39.18
89.9 39.18
90 39.18
90.1 39.18
90.2 39.18
90.3 39.18
90.4 39.18
90.5 39.18
90.6 39.18
90.7 39.18
90.8 39.18
90.9 39.18
91 39.18
91.1 39.18
91.2 39.18
91.3 39.18
91.4 39.18
91.5 39.18
91.6 39.18
91.7 39.18
91.8 39.18
91.9 39.18
92 39.18
92.1 39.18
92.2 39.18
92.3 39.12
92.4 39.12
92.5 39.12
92.6 39.12
92.7 39.12
92.8 39.12
92.9 39.12
93 39.12
93.1 39.12
93.2 39.12
93.3 39.12
93.4 39.12
93.5 39.12
93.6 39.12
93.7 39.12
93.8 39.12
93.9 39.12
94 39.12
94.1 39.12
94.2 39.12
94.3 39.12
94.4 39.12
94.5 39.12
94.6 39.12
94.7 39.12
94.8 39.12
94.9 39.12
95 39.12
95.1 39.12
95.2 39.12
95.3 39.12
95.4 39.12
95.5 39.12
95.6 39.12
95.7 39.12
95.8 39.12
95.9 39.12
96 39.12
96.1 39.12
96.2 39.12
96.3 39.12
96.4 39.12
96.5 39.12
96.6 39.12
96.7 39.12
96.8 39.12
96.9 39.12
97 39.12
97.1 39.12
97.2 39.12
97.3 39.12
97.4 39.12
97.5 39.12
97.6 39.12
97.7 39.12
97.8 39.12
97.9 39.12
98 39.12
98.1 39.12
98.2 39.12
98.3 39.12
98.4 39.12
98.5 39.12
98.6 39.12
98.7 39.12
98.8 39.12
98.9 39.12
99 39.12
99.1 39.12
99.2 39.12
99.3 39.12
99.4 39.12
99.5 39.12
99.6 39.12
99.7 39.12
99.8 39.12
99.9 39.12
100 39.12
100.1 39.12
100.2 39.06
100.3 39.06
100.4 39.06
100.5 39.06
100.6 39.06
100.7 39.06
100.8 39.06
100.9 39.06
101 39.06
101.1 39.06
101.2 39.06
101.3 39.06
101.4 39.06
101.5 39.06
101.6 39.06
101.7 39.06
101.8 39.06
101.9 39.06
102 39.06
102.1 39.06
102.2 39.06
102.3 39.06
102.4 39.06
102.5 39.06
102.6 39.06
102.7 39.06
102.8 39.06
102.9 39.06
103 39.06
103.1 39.06
103.2 39.06
103.3 39.06
103.4 39.06
103.5 39.06
103.6 39.06
103.7 39
103.8 39
103.9 39
104 39
104.1 39
104.2 39.06
104.3 39.06
104.4 39.06
104.5 39.06
104.6 39.06
104.7 39.06
104.8 39.06
104.9 39.06
105 39.06
105.1 39.06
105.2 39.06
105.3 39.06
105.4 39.06
105.5 39.06
105.6 39.06
105.7 39.06
105.8 39.06
105.9 39.06
106 39.06
106.1 39.06
106.2 39.06
106.3 39.06
106.4 39.06
106.5 39.06
106.6 39.06
106.7 39
106.8 39
106.9 39
107 39
107.1 39
107.2 39
107.3 39
107.4 39
107.5 39
107.6 39
107.7 39
107.8 39
107.9 39
108 39
108.1 39
108.2 39
108.3 39
108.4 39
108.5 39
108.6 39
108.7 39
108.8 39
108.9 39
109 39
109.1 39
109.2 39
109.3 39
109.4 39
109.5 39
109.6 39
109.7 39
109.8 38.93
109.9 38.93
110 38.93
110.1 38.93
110.2 38.93
110.3 38.93
110.4 38.93
110.5 38.93
110.6 38.93
110.7 38.93
110.8 38.93
110.9 38.93
111 38.93
111.1 38.93
111.2 38.93
111.3 38.93
111.4 38.93
111.5 38.93
111.6 38.93
111.7 38.93
111.8 38.93
111.9 38.93
112 38.93
112.1 38.93
112.2 38.93
112.3 38.93
112.4 38.93
112.5 38.93
112.6 38.93
112.7 38.93
112.8 38.93
112.9 38.93
113 38.93
113.1 38.93
113.2 38.93
113.3 38.93
113.4 38.93
113.5 38.93
113.6 38.93
113.7 38.93
113.8 38.93
113.9 38.93
114 38.93
114.1 38.93
114.2 38.93
114.3 38.93
114.4 38.93
114.5 38.93
114.6 38.93
114.7 39
114.8 39
114.9 39
115 39
115.1 39
115.2 39
115.3 39
115.4 39
115.5 39
115.6 39
115.7 39
115.8 39
115.9 39
116 39
116.1 39
116.2 39
116.3 39
116.4 39
116.5 39
116.6 39
116.7 39
116.8 38.93
116.9 38.93
117 38.93
117.1 38.93
117.2 38.93
117.3 38.93
117.4 38.93
117.5 38.93
117.6 38.93
117.7 38.93
117.8 38.93
117.9 38.93
118 38.93
118.1 38.93
118.2 38.93
118.3 38.93
118.4 38.93
118.5 38.93
118.6 38.93
118.7 38.93
118.8 38.93
118.9 38.93
119 38.93
119.1 38.93
119.2 38.93
119.3 38.93
119.4 38.93
119.5 38.93
119.6 38.93
119.7 38.93
119.8 38.93
119.9 38.93
120 38.93
120.1 38.93
120.2 38.93
120.3 38.93
120.4 38.93
120.5 38.93
120.6 38.93
120.7 38.93
120.8 38.93
120.9 38.93
121 38.93
121.1 38.93
121.2 38.93
121.3 38.93
121.4 38.93
121.5 38.93
121.6 38.93
121.7 38.93
121.8 38.93
121.9 38.93
122 38.93
122.1 38.93
122.2 39
122.3 39
122.4 39
122.5 39
122.6 39
122.7 39
122.8 39
122.9 39
123 39
123.1 39
123.2 39
123.3 39
123.4 39
123.5 39
123.6 39
123.7 39
123.8 39
123.9 39
124 39
124.1 39
124.2 39
124.3 39
124.4 39
124.5 39
124.6 39
124.7 39.06
124.8 39.06
124.9 39.06
125 39.06
125.1 39.06
125.2 39.06
125.3 39.06
125.4 39.06
125.5 39.06
125.6 39.06
125.7 39.06
125.8 39.06
125.9 39.06
126 39.06
126.1 39.06
126.2 39.12
126.3 39.12
126.4 39.12
126.5 39.12
126.6 39.12
126.7 39.12
126.8 39.12
126.9 39.12
127 39.12
127.1 39.12
127.2 39.12
127.3 39.12
127.4 39.12
127.5 39.12
127.6 39.12
127.7 39.12
127.8 39.12
127.9 39.12
128 39.12
128.1 39.12
128.2 39.12
128.3 39.12
128.4 39.12
128.5 39.12
128.6 39.12
128.7 39.18
128.8 39.18
128.9 39.18
129 39.18
129.1 39.18
129.2 39.18
129.3 39.18
129.4 39.18
129.5 39.18
129.6 39.18
129.7 39.18
129.8 39.18
129.9 39.18
130 39.18
130.1 39.18
130.2 39.18
130.3 39.18
130.4 39.18
130.5 39.18
130.6 39.18
130.7 39.18
130.8 39.18
130.9 39.18
131 39.18
131.1 39.18
131.2 39.18
131.3 39.18
131.4 39.18
131.5 39.18
131.6 39.18
131.7 39.18
131.8 39.18
131.9 39.18
132 39.18
132.1 39.18
132.2 39.18
132.3 39.18
132.4 39.18
132.5 39.18
132.6 39.18
132.7 39.18
132.8 39.18
132.9 39.18
133 39.18
133.1 39.18
133.2 39.18
133.3 39.18
133.4 39.18
133.5 39.18
133.6 39.18
133.7 39.25
133.8 39.25
133.9 39.25
134 39.25
134.1 39.25
134.2 39.25
134.3 39.18
134.4 39.18
134.5 39.18
134.6 39.18
134.7 39.25
134.8 39.25
134.9 39.25
135 39.25
135.1 39.25
135.2 39.25
135.3 39.25
135.4 39.25
135.5 39.25
135.6 39.25
135.7 39.25
135.8 39.25
135.9 39.25
136 39.25
136.1 39.25
136.2 39.25
136.3 39.25
136.4 39.25
136.5 39.25
136.6 39.25
136.7 39.25
136.8 39.25
136.9 39.25
137 39.25
137.1 39.25
137.2 39.25
137.3 39.25
137.4 39.25
137.5 39.25
137.6 39.25
137.7 39.25
137.8 39.25
137.9 39.25
138 39.25
138.1 39.25
138.2 39.31
138.3 39.31
138.4 39.31
138.5 39.31
138.6 39.31
138.7 39.31
138.8 39.31
138.9 39.31
139 39.31
139.1 39.31
139.2 39.31
139.3 39.31
139.4 39.31
139.5 39.31
139.6 39.31
139.7 39.31
139.8 39.31
139.9 39.31
140 39.31
140.1 39.31
140.2 39.31
140.3 39.31
140.4 39.31
140.5 39.31
140.6 39.31
140.7 39.31
140.8 39.31
140.9 39.31
141 39.31
141.1 39.31
141.2 39.31
141.3 39.31
141.4 39.31
141.5 39.31
141.6 39.31
141.7 39.31
141.8 39.31
141.9 39.31
142 39.31
142.1 39.31
142.2 39.37
142.3 39.37
142.4 39.37
142.5 39.37
142.6 39.37
142.7 39.37
142.8 39.37
142.9 39.37
143 39.37
143.1 39.37
143.2 39.37
143.3 39.37
143.4 39.37
143.5 39.37
143.6 39.37
143.7 39.37
143.8 39.37
143.9 39.37
144 39.37
144.1 39.37
144.2 39.43
144.3 39.43
144.4 39.43
144.5 39.43
144.6 39.43
144.7 39.43
144.8 39.37
144.9 39.37
145 39.37
145.1 39.37
145.2 39.37
145.3 39.37
145.4 39.37
145.5 39.37
145.6 39.37
145.7 39.37
145.8 39.37
145.9 39.37
146 39.37
146.1 39.37
146.2 39.37
146.3 39.37
146.4 39.37
146.5 39.37
146.6 39.37
146.7 39.37
146.8 39.37
146.9 39.37
147 39.37
147.1 39.37
147.2 39.37
147.3 39.37
147.4 39.37
147.5 39.37
147.6 39.37
147.7 39.37
147.8 39.37
147.9 39.37
148 39.37
148.1 39.37
148.2 39.37
148.3 39.37
148.4 39.37
148.5 39.37
148.6 39.37
148.7 39.37
148.8 39.37
148.9 39.37
149 39.37
149.1 39.37
149.2 39.37
149.3 39.37
149.4 39.37
149.5 39.37
149.6 39.37
149.7 39.37
149.8 39.37
149.9 39.37
150 39.37
150.1 39.37
150.2 39.37
150.3 39.37
150.4 39.37
150.5 39.37
150.6 39.37
150.7 39.37
150.8 39.37
150.9 39.37
151 39.37
151.1 39.37
151.2 39.37
151.3 39.37
151.4 39.37
151.5 39.37
151.6 39.37
151.7 39.37
151.8 39.31
151.9 39.31
152 39.31
152.1 39.31
152.2 39.31
152.3 39.31
152.4 39.31
152.5 39.31
152.6 39.31
152.7 39.31
152.8 39.31
152.9 39.31
153 39.31
153.1 39.31
153.2 39.25
153.3 39.25
153.4 39.25
153.5 39.25
153.6 39.25
153.7 39.18
153.8 39.18
153.9 39.18
154 39.18
154.1 39.18
154.2 39.18
154.3 39.18
154.4 39.18
154.5 39.18
154.6 39.18
154.7 39.12
154.8 39.12
154.9 39.12
155 39.12
155.1 39.12
155.2 39.12
155.3 39.06
155.4 39.06
155.5 39.06
155.6 39.06
155.7 39
155.8 39
155.9 39
156 39
156.1 39
156.2 38.93
156.3 38.93
156.4 38.93
156.5 38.93
156.6 38.93
156.7 38.87
156.8 38.87
156.9 38.87
157 38.87
157.1 38.87
157.2 38.75
157.3 38.75
157.4 38.75
157.5 38.75
157.6 38.75
157.7 38.68
157.8 38.68
157.9 38.68
158 38.68
158.1 38.68
158.2 38.56
158.3 38.56
158.4 38.56
158.5 38.56
158.6 38.56
158.7 38.56
158.8 38.5
158.9 38.5
159 38.5
159.1 38.5
159.2 38.43
159.3 38.43
159.4 38.43
159.5 38.43
159.6 38.43
159.7 38.31
159.8 38.31
159.9 38.31
160 38.31
160.1 38.31
160.2 38.25
160.3 38.25
160.4 38.25
160.5 38.25
160.6 38.25
160.7 38.12
160.8 38.12
160.9 38.12
161 38.12
161.1 38.12
161.2 38
161.3 38
161.4 38
161.5 38
161.6 38
161.7 37.93
161.8 37.93
161.9 37.93
162 37.93
162.1 37.93
162.2 37.93
162.3 37.81
162.4 37.81
162.5 37.81
162.6 37.81
162.7 37.75
162.8 37.75
162.9 37.75
163 37.75
163.1 37.75
163.2 37.62
163.3 37.62
163.4 37.62
163.5 37.62
163.6 37.62
163.7 37.56
163.8 37.56
163.9 37.56
164 37.56
164.1 37.56
164.2 37.43
164.3 37.43
164.4 37.43
164.5 37.43
164.6 37.43
164.7 37.31
164.8 37.31
164.9 37.31
165 37.31
165.1 37.31
165.2 37.25
165.3 37.25
165.4 37.25
165.5 37.25
165.6 37.25
165.7 37.25
165.8 37.12
165.9 37.12
166 37.12
166.1 37.12
166.2 37.12
166.3 37.12
166.4 37.12
166.5 37.12
166.6 37.12
166.7 37
166.8 37
166.9 37
167 37
167.1 37
167.2 36.93
167.3 36.93
167.4 36.93
167.5 36.93
167.6 36.93
167.7 36.81
167.8 36.81
167.9 36.81
168 36.81
168.1 36.81
168.2 36.75
168.3 36.75
168.4 36.75
168.5 36.75
168.6 36.75
168.7 36.68
168.8 36.68
168.9 36.68
169 36.68
169.1 36.68
169.2 36.68
169.3 36.62
169.4 36.62
169.5 36.62
169.6 36.62
169.7 36.62
169.8 36.62
169.9 36.62
170 36.62
170.1 36.62
170.2 36.56
170.3 36.56
170.4 36.56
170.5 36.56
170.6 36.56
170.7 36.5
170.8 36.5
170.9 36.5
171 36.5
171.1 36.5
171.2 36.43
171.3 36.43
171.4 36.43
171.5 36.43
171.6 36.43
171.7 36.43
171.8 36.43
171.9 36.43
172 36.43
172.1 36.43
172.2 36.37
172.3 36.37
172.4 36.37
172.5 36.37
172.6 36.37
172.7 36.37
172.8 36.31
172.9 36.31
173 36.31
173.1 36.31
173.2 36.31
173.3 36.31
173.4 36.31
173.5 36.31
173.6 36.31
173.7 36.25
173.8 36.25
173.9 36.25
174 36.25
174.1 36.25
174.2 36.18
174.3 36.18
174.4 36.18
174.5 36.18
174.6 36.18
174.7 36.12
174.8 36.12
174.9 36.12
175 36.12
175.1 36.12
175.2 36.12
175.3 36.12
175.4 36.12
175.5 36.12
175.6 36.12
175.7 36.06
175.8 36.06
175.9 36.06
176 36.06
176.1 36.06
176.2 36.06
176.3 36
176.4 36
176.5 36
176.6 36
176.7 36
176.8 36
176.9 36
177 36
177.1 36
177.2 36
177.3 36
177.4 36
177.5 36
177.6 36
177.7 35.93
177.8 35.93
177.9 35.93
178 35.93
178.1 35.93
178.2 35.93
178.3 35.93
178.4 35.93
178.5 35.93
178.6 35.93
178.7 35.93
178.8 35.93
178.9 35.93
179 35.93
179.1 35.93
179.2 35.93
179.3 35.93
179.4 35.93
179.5 35.93
179.6 35.93
179.7 35.93
179.8 35.93
179.9 35.93
180 35.93
180.1 35.93
180.2 35.93
180.3 35.93
180.4 35.93
180.5 35.93
180.6 35.93
180.7 35.93
180.8 35.93
180.9 35.93
181 35.93
181.1 35.93
181.2 35.93
181.3 35.93
181.4 35.93
181.5 35.93
181.6 35.93
181.7 35.93
181.8 35.93
181.9 35.93
182 35.93
182.1 35.93
182.2 35.93
182.3 35.93
182.4 35.93
182.5 35.93
182.6 35.93
182.7 36
182.8 36
182.9 36
183 36
183.1 36
183.2 36
183.3 36
183.4 36
183.5 36
183.6 36
183.7 36
183.8 36
183.9 36
184 36
184.1 36
184.2 36.06
184.3 36.06
184.4 36.06
184.5 36.06
184.6 36.06
184.7 36.06
184.8 36.06
184.9 36.06
185 36.06
185.1 36.06
185.2 36.06
185.3 36.06
185.4 36.06
185.5 36.06
185.6 36.06
185.7 36.12
185.8 36.12
185.9 36.12
186 36.12
186.1 36.12
186.2 36.12
186.3 36.12
186.4 36.12
186.5 36.12
186.6 36.12
186.7 36.12
186.8 36.18
186.9 36.18
187 36.18
187.1 36.18
187.2 36.18
187.3 36.18
187.4 36.18
187.5 36.18
187.6 36.18
187.7 36.18
187.8 36.18
187.9 36.18
188 36.18
188.1 36.18
188.2 36.25
188.3 36.25
188.4 36.25
188.5 36.25
188.6 36.25
188.7 36.25
188.8 36.25
188.9 36.25
189 36.25
189.1 36.25
189.2 36.31
189.3 36.31
189.4 36.31
189.5 36.31
189.6 36.31
189.7 36.31
189.8 36.31
189.9 36.31
190 36.31
190.1 36.31
190.2 36.31
190.3 36.37
190.4 36.37
190.5 36.37
190.6 36.37
190.7 36.37
190.8 36.37
190.9 36.37
191 36.37
191.1 36.37
191.2 36.43
191.3 36.43
191.4 36.43
191.5 36.43
191.6 36.43
191.7 36.43
191.8 36.43
191.9 36.43
192 36.43
192.1 36.43
192.2 36.43
192.3 36.43
192.4 36.43
192.5 36.43
192.6 36.43
192.7 36.5
192.8 36.5
192.9 36.5
193 36.5
193.1 36.5
193.2 36.56
193.3 36.56
193.4 36.56
193.5 36.56
193.6 36.56
193.7 36.56
193.8 36.56
193.9 36.56
194 36.56
194.1 36.56
194.2 36.56
194.3 36.56
194.4 36.56
194.5 36.56
194.6 36.56
194.7 36.62
194.8 36.62
194.9 36.62
195 36.62
195.1 36.62
195.2 36.68
195.3 36.68
195.4 36.68
195.5 36.68
195.6 36.68
195.7 36.75
195.8 36.75
195.9 36.75
196 36.75
196.1 36.75
196.2 36.75
196.3 36.75
196.4 36.75
196.5 36.75
196.6 36.75
196.7 36.75
196.8 36.75
196.9 36.75
197 36.75
197.1 36.75
197.2 36.75
197.3 36.81
197.4 36.81
197.5 36.81
197.6 36.81
197.7 36.81
197.8 36.81
197.9 36.81
198 36.81
198.1 36.81
198.2 36.87
198.3 36.87
198.4 36.87
198.5 36.87
198.6 36.87
198.7 36.87
198.8 36.87
198.9 36.87
199 36.87
199.1 36.87
199.2 36.93
199.3 36.93
199.4 36.93
199.5 36.93
199.6 36.93
199.7 36.93
199.8 36.93
199.9 36.93
200 36.93
200.1 36.93
200.2 37
200.3 37
200.4 37
200.5 37
200.6 37
200.7 37
200.8 37.06
200.9 37.06
201 37.06
201.1 37.06
201.2 37.06
201.3 37.06
201.4 37.06
201.5 37.06
201.6 37.06
201.7 37.06
201.8 37.06
201.9 37.06
202 37.06
202.1 37.06
202.2 37.12
202.3 37.12
202.4 37.12
202.5 37.12
202.6 37.12
202.7 37.18
202.8 37.18
202.9 37.18
203 37.18
203.1 37.18
203.2 37.18
203.3 37.18
203.4 37.18
203.5 37.18
203.6 37.18
203.7 37.25
203.8 37.25
203.9 37.25
204 37.25
204.1 37.25
204.2 37.25
204.3 37.31
204.4 37.31
204.5 37.31
204.6 37.31
204.7 37.31
204.8 37.31
204.9 37.31
205 37.31
205.1 37.31
205.2 37.37
205.3 37.37
205.4 37.37
205.5 37.37
205.6 37.37
205.7 37.43
205.8 37.43
205.9 37.43
206 37.43
206.1 37.43
206.2 37.43
206.3 37.43
206.4 37.43
206.5 37.43
206.6 37.43
206.7 37.5
206.8 37.5
206.9 37.5
207 37.5
207.1 37.5
207.2 37.5
207.3 37.5
207.4 37.5
207.5 37.5
207.6 37.5
207.7 37.5
207.8 37.56
207.9 37.56
208 37.56
208.1 37.56
208.2 37.56
208.3 37.56
208.4 37.56
208.5 37.56
208.6 37.56
208.7 37.56
208.8 37.56
208.9 37.56
209 37.56
209.1 37.56
209.2 37.62
209.3 37.62
209.4 37.62
209.5 37.62
209.6 37.62
209.7 37.62
209.8 37.62
209.9 37.62
210 37.62
210.1 37.62
210.2 37.68
210.3 37.68
210.4 37.68
210.5 37.68
210.6 37.68
210.7 37.68
210.8 37.68
210.9 37.68
211 37.68
211.1 37.68
211.2 37.68
211.3 37.68
211.4 37.68
211.5 37.68
211.6 37.68
211.7 37.68
211.8 37.68
211.9 37.68
212 37.68
212.1 37.68
212.2 37.75
212.3 37.75
212.4 37.75
212.5 37.75
212.6 37.75
212.7 37.75
212.8 37.75
212.9 37.75
213 37.75
213.1 37.75
213.2 37.75
213.3 37.75
213.4 37.75
213.5 37.75
213.6 37.75
213.7 37.75
213.8 37.75
213.9 37.75
214 37.75
214.1 37.75
214.2 37.81
214.3 37.81
214.4 37.81
214.5 37.81
214.6 37.81
214.7 37.81
214.8 37.81
214.9 37.81
215 37.81
215.1 37.81
215.2 37.81
215.3 37.81
215.4 37.81
215.5 37.81
215.6 37.81
215.7 37.81
215.8 37.81
215.9 37.81
216 37.81
216.1 37.81
216.2 37.81
216.3 37.81
216.4 37.81
216.5 37.81
216.6 37.81
216.7 37.81
216.8 37.81
216.9 37.81
217 37.81
217.1 37.81
217.2 37.87
217.3 37.87
217.4 37.87
217.5 37.87
217.6 37.87
217.7 37.87
217.8 37.87
217.9 37.87
218 37.87
218.1 37.87
218.2 37.87
218.3 37.87
218.4 37.87
218.5 37.87
218.6 37.87
218.7 37.87
218.8 37.87
218.9 37.87
219 37.87
219.1 37.87
219.2 37.87
219.3 37.87
219.4 37.87
219.5 37.87
219.6 37.87
219.7 37.87
219.8 37.87
219.9 37.87
220 37.87
220.1 37.87
220.2 37.87
220.3 37.87
220.4 37.87
220.5 37.87
220.6 37.87
220.7 37.93
220.8 37.93
220.9 37.93
221 37.93
221.1 37.93
221.2 37.93
221.3 37.93
221.4 37.93
221.5 37.93
221.6 37.93
221.7 37.93
221.8 37.93
221.9 37.93
222 37.93
222.1 37.93
222.2 37.93
222.3 37.93
222.4 37.93
222.5 37.93
222.6 37.93
222.7 37.93
222.8 37.93
222.9 37.93
223 37.93
223.1 37.93
223.2 37.93
223.3 37.93
223.4 37.93
223.5 37.93
223.6 37.93
223.7 37.93
223.8 37.93
223.9 37.93
224 37.93
224.1 37.93
224.2 37.93
224.3 37.93
224.4 37.93
224.5 37.93
224.6 37.93
224.7 37.93
224.8 37.93
224.9 37.93
225 37.93
225.1 37.93
225.2 37.93
225.3 37.93
225.4 37.93
225.5 37.93
225.6 37.93
225.7 37.93
225.8 37.93
225.9 37.93
226 37.93
226.1 37.93
226.2 37.93
226.3 37.93
226.4 37.93
226.5 37.93
226.6 37.93
226.7 37.93
226.8 37.93
226.9 37.93
227 37.93
227.1 37.93
227.2 37.93
227.3 37.93
227.4 37.93
227.5 37.93
227.6 37.93
227.7 37.93
227.8 37.93
227.9 37.93
228 37.93
228.1 37.93
228.2 37.93
228.3 37.93
228.4 37.93
228.5 37.93
228.6 37.93
228.7 37.93
228.8 37.93
228.9 37.93
229 37.93
229.1 37.93
229.2 37.93
229.3 37.93
229.4 37.93
229.5 37.93
229.6 37.93
229.7 38
229.8 38
229.9 38
230 38
230.1 38
230.2 38
230.3 38
230.4 38
230.5 38
230.6 38
230.7 38
230.8 38
230.9 38
231 38
231.1 38
231.2 38
231.3 38
231.4 38
231.5 38
231.6 38
231.7 38
231.8 38
231.9 38
232 38
232.1 38
232.2 38
232.3 38
232.4 38
232.5 38
232.6 38
232.7 38
232.8 38
232.9 38
233 38
233.1 38
233.2 38
233.3 38
233.4 38
233.5 38
233.6 38
233.7 38
233.8 38
233.9 38
234 38
234.1 38
234.2 38
234.3 38
234.4 38
234.5 38
234.6 38
234.7 38
234.8 38
234.9 38
235 38
235.1 38
235.2 38
235.3 38
235.4 38
235.5 38
235.6 38
235.7 38
235.8 38
235.9 38
236 38
236.1 38
236.2 38
236.3 38
236.4 38
236.5 38
236.6 38
236.7 38
236.8 38
236.9 38
237 38
237.1 38
237.2 38
237.3 38
237.4 38
237.5 38
237.6 38
237.7 38
237.8 38
237.9 38
238 38
238.1 38
238.2 38
238.3 38
238.4 38
238.5 38
238.6 38
238.7 38
238.8 38
238.9 38
239 38
239.1 38
239.2 38
239.3 38
239.4 38
239.5 38
239.6 38
239.7 38
239.8 38
239.9 38
240 38
240.1 38
240.2 37.93
240.3 37.93
240.4 37.93
240.5 37.93
240.6 37.93
240.7 37.93
240.8 37.93
240.9 37.93
241 37.93
241.1 37.93
241.2 37.93
241.3 37.93
241.4 37.93
241.5 37.93
241.6 37.93
241.7 37.93
241.8 37.93
241.9 37.93
242 37.93
242.1 37.93
242.2 37.87
242.3 37.87
242.4 37.87
242.5 37.87
242.6 37.87
242.7 37.87
242.8 37.87
242.9 37.87
243 37.87
243.1 37.87
243.2 37.87
243.3 37.87
243.4 37.87
243.5 37.87
243.6 37.87
243.7 37.87
243.8 37.87
243.9 37.87
244 37.87
244.1 37.87
244.2 37.87
244.3 37.87
244.4 37.87
244.5 37.87
244.6 37.87
244.7 37.81
244.8 37.81
244.9 37.81
245 37.81
245.1 37.81
245.2 37.81
245.3 37.81
245.4 37.81
245.5 37.81
245.6 37.81
245.7 37.81
245.8 37.81
245.9 37.81
246 37.81
246.1 37.81
246.2 37.81
246.3 37.81
246.4 37.81
246.5 37.81
246.6 37.81
246.7 37.81
246.8 37.81
246.9 37.81
247 37.81
247.1 37.81
247.2 37.81
247.3 37.81
247.4 37.81
247.5 37.81
247.6 37.81
247.7 37.81
247.8 37.81
247.9 37.81
248 37.81
248.1 37.81
248.2 37.81
248.3 37.81
248.4 37.81
248.5 37.81
248.6 37.81
248.7 37.81
248.8 37.81
248.9 37.81
249 37.81
249.1 37.81
249.2 37.81
249.3 37.81
249.4 37.81
249.5 37.81
249.6 37.81
249.7 37.81
249.8 37.81
249.9 37.81
250 37.81
250.1 37.81
250.2 37.81
250.3 37.81
250.4 37.81
250.5 37.81
250.6 37.81
250.7 37.81
250.8 37.81
250.9 37.81
251 37.81
251.1 37.81
251.2 37.75
251.3 37.75
251.4 37.75
251.5 37.75
251.6 37.75
251.7 37.75
251.8 37.75
251.9 37.75
252 37.75
252.1 37.75
252.2 37.75
252.3 37.75
252.4 37.75
252.5 37.75
252.6 37.75
252.7 37.75
252.8 37.75
252.9 37.75
253 37.75
253.1 37.75
253.2 37.75
253.3 37.68
253.4 37.68
253.5 37.68
253.6 37.68
253.7 37.68
253.8 37.68
253.9 37.68
254 37.68
254.1 37.68
254.2 37.68
254.3 37.68
254.4 37.68
254.5 37.68
254.6 37.68
254.7 37.68
254.8 37.68
254.9 37.68
255 37.68
255.1 37.68
255.2 37.68
255.3 37.68
255.4 37.68
255.5 37.68
255.6 37.68
255.7 37.62
255.8 37.62
255.9 37.62
256 37.62
256.1 37.62
256.2 37.62
256.3 37.62
256.4 37.62
256.5 37.62
256.6 37.62
256.7 37.62
256.8 37.62
256.9 37.62
257 37.62
257.1 37.62
257.2 37.62
257.3 37.62
257.4 37.62
257.5 37.62
257.6 37.62
257.7 37.62
257.8 37.62
257.9 37.62
258 37.62
258.1 37.62
258.2 37.62
258.3 37.62
258.4 37.62
258.5 37.62
258.6 37.62
258.7 37.62
258.8 37.62
258.9 37.62
259 37.62
259.1 37.62
259.2 37.62
259.3 37.62
259.4 37.62
259.5 37.62
259.6 37.62
259.7 37.62
259.8 37.62
259.9 37.62
260 37.62
260.1 37.62
260.2 37.62
260.3 37.62
260.4 37.62
260.5 37.62
260.6 37.62
260.7 37.62
260.8 37.62
260.9 37.62
261 37.62
261.1 37.62
261.2 37.62
261.3 37.62
261.4 37.62
261.5 37.62
261.6 37.62
261.7 37.56
261.8 37.56
261.9 37.56
262 37.56
262.1 37.56
262.2 37.56
262.3 37.56
262.4 37.56
262.5 37.56
262.6 37.56
262.7 37.56
262.8 37.56
262.9 37.56
263 37.56
263.1 37.56
263.2 37.56
263.3 37.56
263.4 37.56
263.5 37.56
263.6 37.56
263.7 37.56
263.8 37.56
263.9 37.56
264 37.56
264.1 37.56
264.2 37.56
264.3 37.56
264.4 37.56
264.5 37.56
264.6 37.56
264.7 37.56
264.8 37.56
264.9 37.56
265 37.56
265.1 37.56
265.2 37.56
265.3 37.56
265.4 37.56
265.5 37.56
265.6 37.56
265.7 37.56
265.8 37.56
265.9 37.56
266 37.56
266.1 37.56
266.2 37.56
266.3 37.56
266.4 37.56
266.5 37.56
266.6 37.56
266.7 37.56
266.8 37.56
266.9 37.56
267 37.56
267.1 37.56
267.2 37.56
267.3 37.56
267.4 37.56
267.5 37.56
267.6 37.56
267.7 37.56
267.8 37.56
267.9 37.56
268 37.56
268.1 37.56
268.2 37.56
268.3 37.56
268.4 37.56
268.5 37.56
268.6 37.56
268.7 37.56
268.8 37.56
268.9 37.56
269 37.56
269.1 37.56
269.2 37.56
269.3 37.56
269.4 37.56
269.5 37.56
269.6 37.56
269.7 37.56
269.8 37.56
269.9 37.56
270 37.56
270.1 37.56
270.2 37.56
270.3 37.56
270.4 37.56
270.5 37.56
270.6 37.56
270.7 37.56
270.8 37.56
270.9 37.56
271 37.56
271.1 37.56
271.2 37.5
271.3 37.5
271.4 37.5
271.5 37.5
271.6 37.5
271.7 37.5
271.8 37.5
271.9 37.5
272 37.5
272.1 37.5
272.2 37.5
272.3 37.5
272.4 37.5
272.5 37.5
272.6 37.5
272.7 37.5
272.8 37.5
272.9 37.5
273 37.5
273.1 37.5
273.2 37.5
273.3 37.5
273.4 37.5
273.5 37.5
273.6 37.5
273.7 37.5
273.8 37.5
273.9 37.5
274 37.5
274.1 37.5
274.2 37.5
274.3 37.43
274.4 37.43
274.5 37.43
274.6 37.43
274.7 37.43
274.8 37.43
274.9 37.43
275 37.43
275.1 37.43
275.2 37.43
275.3 37.43
275.4 37.43
275.5 37.43
275.6 37.43
275.7 37.43
275.8 37.43
275.9 37.43
276 37.43
276.1 37.43
276.2 37.43
276.3 37.43
276.4 37.43
276.5 37.43
276.6 37.43
276.7 37.43
276.8 37.43
276.9 37.43
277 37.43
277.1 37.43
277.2 37.43
277.3 37.43
277.4 37.43
277.5 37.43
277.6 37.43
277.7 37.43
277.8 37.43
277.9 37.43
278 37.43
278.1 37.43
278.2 37.43
278.3 37.43
278.4 37.43
278.5 37.43
278.6 37.43
278.7 37.43
278.8 37.43
278.9 37.43
279 37.43
279.1 37.43
279.2 37.43
279.3 37.43
279.4 37.43
279.5 37.43
279.6 37.43
279.7 37.43
279.8 37.43
279.9 37.43
280 37.43
280.1 37.43
280.2 37.43
280.3 37.43
280.4 37.43
280.5 37.43
280.6 37.43
280.7 37.43
280.8 37.43
280.9 37.43
281 37.43
281.1 37.43
281.2 37.43
281.3 37.43
281.4 37.43
281.5 37.43
281.6 37.43
281.7 37.43
281.8 37.43
281.9 37.43
282 37.43
282.1 37.43
282.2 37.43
282.3 37.43
282.4 37.43
282.5 37.43
282.6 37.43
282.7 37.43
282.8 37.43
282.9 37.43
283 37.43
283.1 37.43
283.2 37.43
283.3 37.43
283.4 37.43
283.5 37.43
283.6 37.43
283.7 37.43
283.8 37.43
283.9 37.43
284 37.43
284.1 37.43
284.2 37.43
284.3 37.43
284.4 37.43
284.5 37.43
284.6 37.43
284.7 37.43
284.8 37.43
284.9 37.43
285 37.43
285.1 37.43
285.2 37.43
285.3 37.43
285.4 37.43
285.5 37.43
285.6 37.43
285.7 37.43
285.8 37.43
285.9 37.43
286 37.43
286.1 37.43
286.2 37.37
286.3 37.37
286.4 37.37
286.5 37.37
286.6 37.37
286.7 37.37
286.8 37.37
286.9 37.37
287 37.37
287.1 37.37
287.2 37.37
287.3 37.37
287.4 37.37
287.5 37.37
287.6 37.37
287.7 37.43
287.8 37.43
287.9 37.43
288 37.43
288.1 37.43
288.2 37.43
288.3 37.43
288.4 37.43
288.5 37.43
288.6 37.43
288.7 37.43
288.8 37.43
288.9 37.43
289 37.43
289.1 37.43
289.2 37.37
289.3 37.37
289.4 37.37
289.5 37.37
289.6 37.37
289.7 37.37
289.8 37.37
289.9 37.37
290 37.37
290.1 37.37
290.2 37.37
290.3 37.37
290.4 37.37
290.5 37.37
290.6 37.37
290.7 37.37
290.8 37.37
290.9 37.37
291 37.37
291.1 37.37
291.2 37.37
291.3 37.37
291.4 37.37
291.5 37.37
291.6 37.37
291.7 37.37
291.8 37.37
291.9 37.37
292 37.37
292.1 37.37
292.2 37.37
292.3 37.37
292.4 37.37
292.5 37.37
292.6 37.37
292.7 37.37
292.8 37.37
292.9 37.37
293 37.37
293.1 37.37
293.2 37.37
293.3 37.37
293.4 37.37
293.5 37.37
293.6 37.37
293.7 37.37
293.8 37.37
293.9 37.37
294 37.37
294.1 37.37
294.2 37.37
294.3 37.37
294.4 37.37
294.5 37.37
294.6 37.37
294.7 37.37
294.8 37.37
294.9 37.37
295 37.37
295.1 37.37
295.2 37.37
295.3 37.37
295.4 37.37
295.5 37.37
295.6 37.37
295.7 37.37
295.8 37.37
295.9 37.37
296 37.37
296.1 37.37
296.2 37.37
296.3 37.37
296.4 37.37
296.5 37.37
296.6 37.37
296.7 37.37
296.8 37.37
296.9 37.37
297 37.37
297.1 37.37
297.2 37.37
297.3 37.37
297.4 37.37
297.5 37.37
297.6 37.37
297.7 37.37
297.8 37.37
297.9 37.37
298 37.37
298.1 37.37
298.2 37.37
298.3 37.37
298.4 37.37
298.5 37.37
298.6 37.37
298.7 37.37
298.8 37.31
298.9 37.31
299 37.31
299.1 37.31
299.2 37.31
299.3 37.31
299.4 37.31
299.5 37.31
299.6 37.31
299.7 37.31
299.8 37.31
299.9 37.31
300 37.31
300.1 37.31
300.2 37.31
300.3 37.31
300.4 37.31
300.5 37.31
300.6 37.31
300.7 37.31
300.8 37.31
300.9 37.31
301 37.31
301.1 37.31
301.2 37.31
301.3 37.31
301.4 37.31
301.5 37.31
301.6 37.31
301.7 37.31
301.8 37.31
301.9 37.31
302 37.31
302.1 37.31
302.2 37.31
302.3 37.31
302.4 37.31
302.5 37.31
302.6 37.31
302.7 37.31
302.8 37.31
302.9 37.31
303 37.31
303.1 37.31
303.2 37.31
303.3 37.31
303.4 37.31
303.5 37.31
303.6 37.31
303.7 37.31
303.8 37.31
303.9 37.31
304 37.31
304.1 37.31
304.2 37.31
304.3 37.31
304.4 37.31
304.5 37.31
304.6 37.31
304.7 37.31
304.8 37.31
304.9 37.31
305 37.31
305.1 37.31
305.2 37.31
305.3 37.31
305.4 37.31
305.5 37.31
305.6 37.31
305.7 37.31
305.8 37.31
305.9 37.31
306 37.31
306.1 37.31
306.2 37.31
306.3 37.31
306.4 37.31
306.5 37.31
306.6 37.31
306.7 37.31
306.8 37.31
306.9 37.31
307 37.31
307.1 37.31
307.2 37.31
307.3 37.31
307.4 37.31
307.5 37.31
307.6 37.31
307.7 37.31
307.8 37.31
307.9 37.31
308 37.31
308.1 37.31
308.2 37.31
308.3 37.31
308.4 37.31
308.5 37.31
308.6 37.31
308.7 37.31
308.8 37.31
308.9 37.31
309 37.31
309.1 37.31
309.2 37.31
309.3 37.31
309.4 37.31
309.5 37.31
309.6 37.31
309.7 37.31
309.8 37.31
309.9 37.31
310 37.31
310.1 37.31
310.2 37.37
310.3 37.37
310.4 37.37
310.5 37.37
310.6 37.37
310.7 37.37
310.8 37.37
310.9 37.37
311 37.37
311.1 37.37
311.2 37.37
311.3 37.37
311.4 37.37
311.5 37.37
311.6 37.37
311.7 37.37
311.8 37.37
311.9 37.37
312 37.37
312.1 37.37
312.2 37.37
312.3 37.37
312.4 37.37
312.5 37.37
312.6 37.37
312.7 37.37
312.8 37.37
312.9 37.37
313 37.37
313.1 37.37
313.2 37.37
313.3 37.37
313.4 37.37
313.5 37.37
313.6 37.37
313.7 37.31
313.8 37.31
313.9 37.31
314 37.31
314.1 37.31
314.2 37.31
314.3 37.31
314.4 37.31
314.5 37.31
314.6 37.31
314.7 37.31
314.8 37.31
314.9 37.31
315 37.31
315.1 37.31
315.2 37.31
315.3 37.31
315.4 37.31
315.5 37.31
315.6 37.31
315.7 37.31
315.8 37.31
315.9 37.31
316 37.31
316.1 37.31
316.2 37.31
316.3 37.31
316.4 37.31
316.5 37.31
316.6 37.31
316.7 37.31
316.8 37.31
316.9 37.31
317 37.31
317.1 37.31
317.2 37.31
317.3 37.31
317.4 37.31
317.5 37.31
317.6 37.31
317.7 37.31
317.8 37.31
317.9 37.31
318 37.31
318.1 37.31
318.2 37.31
318.3 37.31
318.4 37.31
318.5 37.31
318.6 37.31
318.7 37.31
318.8 37.31
318.9 37.31
319 37.31
319.1 37.31
319.2 37.31
319.3 37.31
319.4 37.31
319.5 37.31
319.6 37.31
319.7 37.31
319.8 37.31
319.9 37.31
320 37.31
320.1 37.31
320.2 37.31
320.3 37.31
320.4 37.31
320.5 37.31
320.6 37.31
320.7 37.31
320.8 37.31
320.9 37.31
321 37.31
321.1 37.31
321.2 37.31
321.3 37.31
321.4 37.31
321.5 37.31
321.6 37.31
321.7 37.31
321.8 37.31
321.9 37.31
322 37.31
322.1 37.31
322.2 37.37
322.3 37.37
322.4 37.37
322.5 37.37
322.6 37.37
322.7 37.31
322.8 37.31
322.9 37.31
323 37.31
323.1 37.31
323.2 37.31
323.3 37.31
323.4 37.31
323.5 37.31
323.6 37.31
323.7 37.31
323.8 37.31
323.9 37.31
324 37.31
324.1 37.31
324.2 37.31
324.3 37.31
324.4 37.31
324.5 37.31
324.6 37.31
324.7 37.31
324.8 37.31
324.9 37.31
325 37.31
325.1 37.31
325.2 37.31
325.3 37.31
325.4 37.31
325.5 37.31
325.6 37.31
325.7 37.31
325.8 37.31
325.9 37.31
326 37.31
326.1 37.31
326.2 37.31
326.3 37.31
326.4 37.31
326.5 37.31
326.6 37.31
326.7 37.31
326.8 37.31
326.9 37.31
327 37.31
327.1 37.31
327.2 37.31
327.3 37.31
327.4 37.31
327.5 37.31
327.6 37.31
327.7 37.31
327.8 37.31
327.9 37.31
328 37.31
328.1 37.31
328.2 37.31
328.3 37.31
328.4 37.31
328.5 37.31
328.6 37.31
328.7 37.25
328.8 37.25
328.9 37.25
329 37.25
329.1 37.25
329.2 37.31
329.3 37.31
329.4 37.31
329.5 37.31
329.6 37.31
329.7 37.25
329.8 37.25
329.9 37.25
330 37.25
330.1 37.25
330.2 37.25
330.3 37.25
330.4 37.25
330.5 37.25
330.6 37.25
330.7 37.25
330.8 37.25
330.9 37.25
331 37.25
331.1 37.25
331.2 37.31
331.3 37.31
331.4 37.31
331.5 37.31
331.6 37.31
331.7 37.25
331.8 37.25
331.9 37.25
332 37.25
332.1 37.25
332.2 37.25
332.3 37.25
332.4 37.25
332.5 37.25
332.6 37.25
332.7 37.25
332.8 37.25
332.9 37.25
333 37.25
333.1 37.25
333.2 37.25
333.3 37.25
333.4 37.25
333.5 37.25
333.6 37.25
333.7 37.25
333.8 37.25
333.9 37.25
334 37.25
334.1 37.25
334.2 37.25
334.3 37.25
334.4 37.25
334.5 37.25
334.6 37.25
334.7 37.25
334.8 37.25
334.9 37.25
335 37.25
335.1 37.25
335.2 37.31
335.3 37.31
335.4 37.31
335.5 37.31
335.6 37.31
335.7 37.31
335.8 37.31
335.9 37.31
336 37.31
336.1 37.31
336.2 37.31
336.3 37.31
336.4 37.31
336.5 37.31
336.6 37.31
336.7 37.31
336.8 37.31
336.9 37.31
337 37.31
337.1 37.31
337.2 37.31
337.3 37.37
337.4 37.37
337.5 37.37
337.6 37.37
337.7 37.31
337.8 37.31
337.9 37.31
338 37.31
338.1 37.31
338.2 37.37
338.3 37.37
338.4 37.37
338.5 37.37
338.6 37.37
338.7 37.31
338.8 37.31
338.9 37.31
339 37.31
339.1 37.31
339.2 37.31
339.3 37.31
339.4 37.31
339.5 37.31
339.6 37.31
339.7 37.31
339.8 37.31
339.9 37.31
340 37.31
340.1 37.31
340.2 37.31
340.3 37.31
340.4 37.31
340.5 37.31
340.6 37.31
340.7 37.31
340.8 37.31
340.9 37.31
341 37.31
341.1 37.31
341.2 37.31
341.3 37.31
341.4 37.31
341.5 37.31
341.6 37.31
341.7 37.31
341.8 37.31
341.9 37.31
342 37.31
342.1 37.31
342.2 37.25
342.3 37.25
342.4 37.25
342.5 37.25
342.6 37.25
342.7 37.25
342.8 37.25
342.9 37.25
343 37.25
343.1 37.25
343.2 37.25
343.3 37.25
343.4 37.25
343.5 37.25
343.6 37.25
343.7 37.25
343.8 37.25
343.9 37.25
344 37.25
344.1 37.25
344.2 37.25
344.3 37.25
344.4 37.25
344.5 37.25
344.6 37.25
344.7 37.25
344.8 37.25
344.9 37.25
345 37.25
345.1 37.25
345.2 37.18
345.3 37.18
345.4 37.18
345.5 37.18
345.6 37.18
345.7 37.18
345.8 37.18
345.9 37.18
346 37.18
346.1 37.18
346.2 37.18
346.3 37.18
346.4 37.18
346.5 37.18
346.6 37.18
346.7 37.25
346.8 37.25
346.9 37.25
347 37.25
347.1 37.25
347.2 37.25
347.3 37.25
347.4 37.25
347.5 37.25
347.6 37.25
347.7 37.25
347.8 37.25
347.9 37.25
348 37.25
348.1 37.25
348.2 37.25
348.3 37.25
348.4 37.25
348.5 37.25
348.6 37.25
348.7 37.25
348.8 37.25
348.9 37.25
349 37.25
349.1 37.25
349.2 37.25
349.3 37.25
349.4 37.25
349.5 37.25
349.6 37.25
349.7 37.25
349.8 37.25
349.9 37.25
350 37.25
350.1 37.25
350.2 37.25
350.3 37.25
350.4 37.25
350.5 37.25
350.6 37.25
350.7 37.25
350.8 37.25
350.9 37.25
351 37.25
351.1 37.25
351.2 37.25
351.3 37.25
351.4 37.25
351.5 37.25
351.6 37.25
351.7 37.25
351.8 37.25
351.9 37.25
352 37.25
352.1 37.25
352.2 37.25
352.3 37.25
352.4 37.25
352.5 37.25
352.6 37.25
352.7 37.25
352.8 37.25
352.9 37.25
353 37.25
353.1 37.25
353.2 37.18
353.3 37.18
353.4 37.18
353.5 37.18
353.6 37.18
353.7 37.25
353.8 37.25
353.9 37.25
354 37.25
354.1 37.25
354.2 37.25
354.3 37.25
354.4 37.25
354.5 37.25
354.6 37.25
354.7 37.25
354.8 37.25
354.9 37.25
355 37.25
355.1 37.25
355.2 37.25
355.3 37.25
355.4 37.25
355.5 37.25
355.6 37.25
355.7 37.25
355.8 37.25
355.9 37.25
356 37.25
356.1 37.25
356.2 37.25
356.3 37.25
356.4 37.25
356.5 37.25
356.6 37.25
356.7 37.25
356.8 37.25
356.9 37.25
357 37.25
357.1 37.25
357.2 37.31
357.3 37.31
357.4 37.31
357.5 37.31
357.6 37.31
357.7 37.31
357.8 37.31
357.9 37.31
358 37.31
358.1 37.31
358.2 37.31
358.3 37.31
358.4 37.31
358.5 37.31
358.6 37.31
358.7 37.31
358.8 37.31
358.9 37.31
359 37.31
359.1 37.31
359.2 37.25
359.3 37.25
359.4 37.25
359.5 37.25
359.6 37.25
359.7 37.25
359.8 37.25
359.9 37.25
360 37.25
360.1 37.25
360.2 37.31
360.3 37.31
360.4 37.31
360.5 37.31
360.6 37.31
360.7 37.31
360.8 37.31
360.9 37.31
361 37.31
361.1 37.31
361.2 37.31
361.3 37.31
361.4 37.31
361.5 37.31
361.6 37.31
361.7 37.31
361.8 37.31
361.9 37.31
362 37.31
362.1 37.31
362.2 37.31
362.3 37.31
362.4 37.31
362.5 37.31
362.6 37.31
362.7 37.31
362.8 37.31
362.9 37.31
363 37.31
363.1 37.31
363.2 37.25
363.3 37.25
363.4 37.25
363.5 37.25
363.6 37.25
363.7 37.25
363.8 37.25
363.9 37.25
364 37.25
364.1 37.25
364.2 37.31
364.3 37.31
364.4 37.31
364.5 37.31
364.6 37.31
364.7 37.31
364.8 37.31
364.9 37.31
365 37.31
365.1 37.31
365.2 37.31
365.3 37.31
365.4 37.31
365.5 37.31
365.6 37.31
365.7 37.31
365.8 37.31
365.9 37.31
366 37.31
366.1 37.31
366.2 37.37
366.3 37.37
366.4 37.37
366.5 37.37
366.6 37.37
366.7 37.43
366.8 37.43
366.9 37.43
367 37.43
367.1 37.43
367.2 37.5
367.3 37.5
367.4 37.5
367.5 37.5
367.6 37.5
367.7 37.62
367.8 37.62
367.9 37.62
368 37.62
368.1 37.62
368.2 37.75
368.3 37.75
368.4 37.75
368.5 37.75
368.6 37.75
368.7 37.75
368.8 37.87
368.9 37.87
369 37.87
369.1 37.87
369.2 37.93
369.3 37.93
369.4 37.93
369.5 37.93
369.6 37.93
369.7 38.06
369.8 38.06
369.9 38.06
370 38.06
370.1 38.06
370.2 38.25
370.3 38.25
370.4 38.25
370.5 38.25
370.6 38.25
370.7 38.43
370.8 38.43
370.9 38.43
371 38.43
371.1 38.43
371.2 38.62
371.3 38.62
371.4 38.62
371.5 38.62
371.6 38.62
371.7 38.81
371.8 38.81
371.9 38.81
372 38.81
372.1 38.81
372.2 38.81
372.3 39
372.4 39
372.5 39
372.6 39
372.7 39.12
372.8 39.12
372.9 39.12
373 39.12
373.1 39.12
373.2 39.31
373.3 39.31
373.4 39.31
373.5 39.31
373.6 39.31
373.7 39.56
373.8 39.56
373.9 39.56
374 39.56
374.1 39.56
374.2 39.75
374.3 39.75
374.4 39.75
374.5 39.75
374.6 39.75
374.7 40
374.8 40
374.9 40
375 40
375.1 40
375.2 40.25
375.3 40.25
375.4 40.25
375.5 40.25
375.6 40.25
375.7 40.25
375.8 40.43
375.9 40.43
376 40.43
376.1 40.43
376.2 40.56
376.3 40.56
376.4 40.56
376.5 40.56
376.6 40.56
376.7 40.81
376.8 40.81
376.9 40.81
377 40.81
377.1 40.81
377.2 41.06
377.3 41.06
377.4 41.06
377.5 41.06
377.6 41.06
377.7 41.25
377.8 41.25
377.9 41.25
378 41.25
378.1 41.25
378.2 41.5
378.3 41.5
378.4 41.5
378.5 41.5
378.6 41.5
378.7 41.75
378.8 41.75
378.9 41.75
379 41.75
379.1 41.75
379.2 41.75
379.3 41.93
379.4 41.93
379.5 41.93
379.6 41.93
379.7 42.06
379.8 42.06
379.9 42.06
380 42.06
380.1 42.06
380.2 42.25
380.3 42.25
380.4 42.25
380.5 42.25
380.6 42.25
380.7 42.43
380.8 42.43
380.9 42.43
381 42.43
381.1 42.43
381.2 42.68
381.3 42.68
381.4 42.68
381.5 42.68
381.6 42.68
381.7 42.87
381.8 42.87
381.9 42.87
382 42.87
382.1 42.87
382.2 43.06
382.3 43.06
382.4 43.06
382.5 43.06
382.6 43.06
382.7 43.06
382.8 43.25
382.9 43.25
383 43.25
383.1 43.25
383.2 43.37
383.3 43.37
383.4 43.37
383.5 43.37
383.6 43.37
383.7 43.56
383.8 43.56
383.9 43.56
384 43.56
384.1 43.56
384.2 43.68
384.3 43.68
384.4 43.68
384.5 43.68
384.6 43.68
384.7 43.87
384.8 43.87
384.9 43.87
385 43.87
385.1 43.87
385.2 44
385.3 44
385.4 44
385.5 44
385.6 44
385.7 44.12
385.8 44.12
385.9 44.12
386 44.12
386.1 44.12
386.2 44.12
386.3 44.25
386.4 44.25
386.5 44.25
386.6 44.25
386.7 44.31
386.8 44.31
386.9 44.31
387 44.31
387.1 44.31
387.2 44.43
387.3 44.43
387.4 44.43
387.5 44.43
387.6 44.43
387.7 44.56
387.8 44.56
387.9 44.56
388 44.56
388.1 44.56
388.2 44.68
388.3 44.68
388.4 44.68
388.5 44.68
388.6 44.68
388.7 44.81
388.8 44.81
388.9 44.81
389 44.81
389.1 44.81
389.2 44.87
389.3 44.87
389.4 44.87
389.5 44.87
389.6 44.87
389.7 44.87
389.8 44.93
389.9 44.93
390 44.93
390.1 44.93
390.2 45
390.3 45
390.4 45
390.5 45
390.6 45
390.7 45.06
390.8 45.06
390.9 45.06
391 45.06
391.1 45.06
391.2 45.12
391.3 45.12
391.4 45.12
391.5 45.12
391.6 45.12
391.7 45.18
391.8 45.18
391.9 45.18
392 45.18
392.1 45.18
392.2 45.25
392.3 45.25
392.4 45.25
392.5 45.25
392.6 45.25
392.7 45.31
392.8 45.31
392.9 45.31
393 45.31
393.1 45.31
393.2 45.31
393.3 45.31
393.4 45.31
393.5 45.31
393.6 45.31
393.7 45.37
393.8 45.37
393.9 45.37
394 45.37
394.1 45.37
394.2 45.37
394.3 45.37
394.4 45.37
394.5 45.37
394.6 45.37
394.7 45.37
394.8 45.37
394.9 45.37
395 45.37
395.1 45.37
395.2 45.43
395.3 45.43
395.4 45.43
395.5 45.43
395.6 45.43
395.7 45.43
395.8 45.43
395.9 45.43
396 45.43
396.1 45.43
396.2 45.43
396.3 45.43
396.4 45.43
396.5 45.43
396.6 45.43
396.7 45.43
396.8 45.43
396.9 45.43
397 45.43
397.1 45.43
397.2 45.43
397.3 45.43
397.4 45.43
397.5 45.43
397.6 45.43
397.7 45.43
397.8 45.43
397.9 45.43
398 45.43
398.1 45.43
398.2 45.43
398.3 45.43
398.4 45.43
398.5 45.43
398.6 45.43
398.7 45.43
398.8 45.43
398.9 45.43
399 45.43
399.1 45.43
399.2 45.43
399.3 45.43
399.4 45.43
399.5 45.43
399.6 45.43
399.7 45.37
399.8 45.37
399.9 45.37
400 45.37
400.1 45.37
400.2 45.37
400.3 45.37
400.4 45.37
400.5 45.37
400.6 45.37
400.7 45.37
400.8 45.37
400.9 45.37
401 45.37
401.1 45.37
401.2 45.31
401.3 45.31
401.4 45.31
401.5 45.31
401.6 45.31
401.7 45.25
401.8 45.25
401.9 45.25
402 45.25
402.1 45.25
402.2 45.18
402.3 45.18
402.4 45.18
402.5 45.18
402.6 45.18
402.7 45.12
402.8 45.12
402.9 45.12
403 45.12
403.1 45.12
403.2 45.06
403.3 45.06
403.4 45.06
403.5 45.06
403.6 45.06
403.7 45.06
403.8 45.06
403.9 45.06
404 45.06
404.1 45.06
404.2 44.93
404.3 44.93
404.4 44.93
404.5 44.93
404.6 44.93
404.7 44.93
404.8 44.93
404.9 44.93
405 44.93
405.1 44.93
405.2 44.87
405.3 44.87
405.4 44.87
405.5 44.87
405.6 44.87
405.7 44.81
405.8 44.81
405.9 44.81
406 44.81
406.1 44.81
406.2 44.68
406.3 44.68
406.4 44.68
406.5 44.68
406.6 44.68
406.7 44.62
406.8 44.62
406.9 44.62
407 44.62
407.1 44.62
407.2 44.62
407.3 44.56
407.4 44.56
407.5 44.56
407.6 44.56
407.7 44.5
407.8 44.5
407.9 44.5
408 44.5
408.1 44.5
408.2 44.43
408.3 44.43
408.4 44.43
408.5 44.43
408.6 44.43
408.7 44.37
408.8 44.37
408.9 44.37
409 44.37
409.1 44.37
409.2 44.31
409.3 44.31
409.4 44.31
409.5 44.31
409.6 44.31
409.7 44.25
409.8 44.25
409.9 44.25
410 44.25
410.1 44.25
410.2 44.18
410.3 44.18
410.4 44.18
410.5 44.18
410.6 44.18
410.7 44.18
410.8 44.06
410.9 44.06
411 44.06
411.1 44.06
411.2 44
411.3 44
411.4 44
411.5 44
411.6 44
411.7 44
411.8 44
411.9 44
412 44
412.1 44
412.2 43.93
412.3 43.93
412.4 43.93
412.5 43.93
412.6 43.93
412.7 43.87
412.8 43.87
412.9 43.87
413 43.87
413.1 43.87
413.2 43.81
413.3 43.81
413.4 43.81
413.5 43.81
413.6 43.81
413.7 43.75
413.8 43.75
413.9 43.75
414 43.75
414.1 43.75
414.2 43.75
414.3 43.68
414.4 43.68
414.5 43.68
414.6 43.68
414.7 43.56
414.8 43.56
414.9 43.56
415 43.56
415.1 43.56
415.2 43.56
415.3 43.56
415.4 43.56
415.5 43.56
415.6 43.56
415.7 43.5
415.8 43.5
415.9 43.5
416 43.5
416.1 43.5
416.2 43.37
416.3 43.37
416.4 43.37
416.5 43.37
416.6 43.37
416.7 43.25
416.8 43.25
416.9 43.25
417 43.25
417.1 43.25
417.2 43.18
417.3 43.18
417.4 43.18
417.5 43.18
417.6 43.18
417.7 43.18
417.8 43.12
417.9 43.12
418 43.12
418.1 43.12
418.2 43.06
418.3 43.06
418.4 43.06
418.5 43.06
418.6 43.06
418.7 43
418.8 43
418.9 43
419 43
419.1 43
419.2 42.93
419.3 42.93
419.4 42.93
419.5 42.93
419.6 42.93
419.7 42.87
419.8 42.87
419.9 42.87
420 42.87
420.1 42.87
420.2 42.75
420.3 42.75
420.4 42.75
420.5 42.75
420.6 42.75
420.7 42.68
420.8 42.68
420.9 42.68
421 42.68
421.1 42.68
421.2 42.68
421.3 42.62
421.4 42.62
421.5 42.62
421.6 42.62
421.7 42.5
421.8 42.5
421.9 42.5
422 42.5
422.1 42.5
422.2 42.5
422.3 42.5
422.4 42.5
422.5 42.5
422.6 42.5
422.7 42.43
422.8 42.43
422.9 42.43
423 42.43
423.1 42.43
423.2 42.37
423.3 42.37
423.4 42.37
423.5 42.37
423.6 42.37
423.7 42.31
423.8 42.31
423.9 42.31
424 42.31
424.1 42.31
424.2 42.31
424.3 42.31
424.4 42.31
424.5 42.31
424.6 42.31
424.7 42.31
424.8 42.25
424.9 42.25
425 42.25
425.1 42.25
425.2 42.18
425.3 42.18
425.4 42.18
425.5 42.18
425.6 42.18
425.7 42.12
425.8 42.12
425.9 42.12
426 42.12
426.1 42.12
426.2 42.12
426.3 42.12
426.4 42.12
426.5 42.12
426.6 42.12
426.7 42.06
426.8 42.06
426.9 42.06
427 42.06
427.1 42.06
427.2 42
427.3 42
427.4 42
427.5 42
427.6 42
427.7 41.93
427.8 41.93
427.9 41.93
428 41.93
428.1 41.93
428.2 41.93
428.3 41.87
428.4 41.87
428.5 41.87
428.6 41.87
428.7 41.87
428.8 41.87
428.9 41.87
429 41.87
429.1 41.87
429.2 41.81
429.3 41.81
429.4 41.81
429.5 41.81
429.6 41.81
429.7 41.81
429.8 41.81
429.9 41.81
430 41.81
430.1 41.81
430.2 41.75
430.3 41.75
430.4 41.75
430.5 41.75
430.6 41.75
430.7 41.75
430.8 41.75
430.9 41.75
431 41.75
431.1 41.75
431.2 41.68
431.3 41.68
431.4 41.68
431.5 41.68
431.6 41.68
431.7 41.68
431.8 41.68
431.9 41.68
432 41.68
432.1 41.68
432.2 41.68
432.3 41.68
432.4 41.68
432.5 41.68
432.6 41.68
432.7 41.68
432.8 41.68
432.9 41.68
433 41.68
433.1 41.68
433.2 41.62
433.3 41.62
433.4 41.62
433.5 41.62
433.6 41.62
433.7 41.62
433.8 41.62
433.9 41.62
434 41.62
434.1 41.62
434.2 41.62
434.3 41.62
434.4 41.62
434.5 41.62
434.6 41.62
434.7 41.56
434.8 41.56
434.9 41.56
435 41.56
435.1 41.56
435.2 41.56
435.3 41.56
435.4 41.56
435.5 41.56
435.6 41.56
435.7 41.56
435.8 41.56
435.9 41.56
436 41.56
436.1 41.56
436.2 41.56
436.3 41.56
436.4 41.56
436.5 41.56
436.6 41.56
436.7 41.56
436.8 41.56
436.9 41.56
437 41.56
437.1 41.56
437.2 41.56
437.3 41.56
437.4 41.56
437.5 41.56
437.6 41.56
437.7 41.56
437.8 41.56
437.9 41.56
438 41.56
438.1 41.56
438.2 41.56
438.3 41.56
438.4 41.56
438.5 41.56
438.6 41.56
438.7 41.56
438.8 41.56
438.9 41.56
439 41.56
439.1 41.56
439.2 41.56
439.3 41.56
439.4 41.56
439.5 41.56
439.6 41.56
439.7 41.56
439.8 41.56
439.9 41.56
440 41.56
440.1 41.56
440.2 41.56
440.3 41.56
440.4 41.56
440.5 41.56
440.6 41.56
440.7 41.56
440.8 41.56
440.9 41.56
441 41.56
441.1 41.56
441.2 41.56
441.3 41.56
441.4 41.56
441.5 41.56
441.6 41.56
441.7 41.56
441.8 41.56
441.9 41.56
442 41.56
442.1 41.56
442.2 41.56
442.3 41.56
442.4 41.56
442.5 41.56
442.6 41.56
442.7 41.56
442.8 41.56
442.9 41.56
443 41.56
443.1 41.56
443.2 41.62
443.3 41.62
443.4 41.62
443.5 41.62
443.6 41.62
443.7 41.62
443.8 41.62
443.9 41.62
444 41.62
444.1 41.62
444.2 41.68
444.3 41.68
444.4 41.68
444.5 41.68
444.6 41.68
444.7 41.68
444.8 41.68
444.9 41.68
445 41.68
445.1 41.68
445.2 41.68
445.3 41.68
445.4 41.68
445.5 41.68
445.6 41.68
445.7 41.68
445.8 41.68
445.9 41.68
446 41.68
446.1 41.68
446.2 41.75
446.3 41.75
446.4 41.75
446.5 41.75
446.6 41.75
446.7 41.68
446.8 41.68
446.9 41.68
447 41.68
447.1 41.68
447.2 41.75
447.3 41.75
447.4 41.75
447.5 41.75
447.6 41.75
447.7 41.75
447.8 41.75
447.9 41.75
448 41.75
448.1 41.75
448.2 41.75
448.3 41.75
448.4 41.75
448.5 41.75
448.6 41.75
448.7 41.75
448.8 41.75
448.9 41.75
449 41.75
449.1 41.75
449.2 41.75
449.3 41.75
449.4 41.75
449.5 41.75
449.6 41.75
449.7 41.81
449.8 41.81
449.9 41.81
450 41.81
450.1 41.81
450.2 41.81
450.3 41.81
450.4 41.81
450.5 41.81
450.6 41.81
450.7 41.81
450.8 41.81
450.9 41.81
451 41.81
451.1 41.81
451.2 41.87
451.3 41.87
451.4 41.87
451.5 41.87
451.6 41.87
451.7 41.93
451.8 41.93
451.9 41.93
452 41.93
452.1 41.93
452.2 41.93
452.3 41.93
452.4 41.93
452.5 41.93
452.6 41.93
452.7 41.93
452.8 42
452.9 42
453 42
453.1 42
453.2 42.06
453.3 42.06
453.4 42.06
453.5 42.06
453.6 42.06
453.7 42.06
453.8 42.06
453.9 42.06
454 42.06
454.1 42.06
454.2 42.12
454.3 42.12
454.4 42.12
454.5 42.12
454.6 42.12
454.7 42.12
454.8 42.12
454.9 42.12
455 42.12
455.1 42.12
455.2 42.12
455.3 42.12
455.4 42.12
455.5 42.12
455.6 42.12
455.7 42.18
455.8 42.18
455.9 42.18
456 42.18
456.1 42.18
456.2 42.18
456.3 42.18
456.4 42.18
456.5 42.18
456.6 42.18
456.7 42.18
456.8 42.18
456.9 42.18
457 42.18
457.1 42.18
457.2 42.18
457.3 42.18
457.4 42.18
457.5 42.18
457.6 42.18
457.7 42.25
457.8 42.25
457.9 42.25
458 42.25
458.1 42.25
458.2 42.25
458.3 42.25
458.4 42.25
458.5 42.25
458.6 42.25
458.7 42.31
458.8 42.31
458.9 42.31
459 42.31
459.1 42.31
459.2 42.31
459.3 42.31
459.4 42.31
459.5 42.31
459.6 42.31
459.7 42.31
459.8 42.37
459.9 42.37
460 42.37
460.1 42.37
460.2 42.37
460.3 42.37
460.4 42.37
460.5 42.37
460.6 42.37
460.7 42.37
460.8 42.37
460.9 42.37
461 42.37
461.1 42.37
461.2 42.43
461.3 42.43
461.4 42.43
461.5 42.43
461.6 42.43
461.7 42.43
461.8 42.43
461.9 42.43
462 42.43
462.1 42.43
462.2 42.5
462.3 42.5
462.4 42.5
462.5 42.5
462.6 42.5
462.7 42.5
462.8 42.5
462.9 42.5
463 42.5
463.1 42.5
463.2 42.5
463.3 42.56
463.4 42.56
463.5 42.56
463.6 42.56
463.7 42.56
463.8 42.56
463.9 42.56
464 42.56
464.1 42.56
464.2 42.56
464.3 42.56
464.4 42.56
464.5 42.56
464.6 42.56
464.7 42.56
464.8 42.56
464.9 42.56
465 42.56
465.1 42.56
465.2 42.62
465.3 42.62
465.4 42.62
465.5 42.62
465.6 42.62
465.7 42.62
465.8 42.62
465.9 42.62
466 42.62
466.1 42.62
466.2 42.62
466.3 42.62
466.4 42.62
466.5 42.62
466.6 42.62
466.7 42.62
466.8 42.68
466.9 42.68
467 42.68
467.1 42.68
467.2 42.68
467.3 42.68
467.4 42.68
467.5 42.68
467.6 42.68
467.7 42.68
467.8 42.68
467.9 42.68
468 42.68
468.1 42.68
468.2 42.75
468.3 42.75
468.4 42.75
468.5 42.75
468.6 42.75
468.7 42.75
468.8 42.75
468.9 42.75
469 42.75
469.1 42.75
469.2 42.75
469.3 42.75
469.4 42.75
469.5 42.75
469.6 42.75
469.7 42.75
469.8 42.75
469.9 42.75
470 42.75
470.1 42.75
470.2 42.75
470.3 42.81
470.4 42.81
470.5 42.81
470.6 42.81
470.7 42.81
470.8 42.81
470.9 42.81
471 42.81
471.1 42.81
471.2 42.81
471.3 42.81
471.4 42.81
471.5 42.81
471.6 42.81
471.7 42.81
471.8 42.81
471.9 42.81
472 42.81
472.1 42.81
472.2 42.81
472.3 42.81
472.4 42.81
472.5 42.81
472.6 42.81
472.7 42.81
472.8 42.81
472.9 42.81
473 42.81
473.1 42.81
473.2 42.81
473.3 42.81
473.4 42.81
473.5 42.81
473.6 42.81
473.7 42.81
473.8 42.81
473.9 42.81
474 42.81
474.1 42.81
474.2 42.81
474.3 42.81
474.4 42.81
474.5 42.81
474.6 42.81
474.7 42.81
474.8 42.81
474.9 42.81
475 42.81
475.1 42.81
475.2 42.81
475.3 42.81
475.4 42.81
475.5 42.81
475.6 42.81
475.7 42.81
475.8 42.81
475.9 42.81
476 42.81
476.1 42.81
476.2 42.87
476.3 42.87
476.4 42.87
476.5 42.87
476.6 42.87
476.7 42.87
476.8 42.87
476.9 42.87
477 42.87
477.1 42.87
477.2 42.87
477.3 42.87
477.4 42.87
477.5 42.87
477.6 42.87
477.7 42.87
477.8 42.87
477.9 42.87
478 42.87
478.1 42.87
478.2 42.87
478.3 42.87
478.4 42.87
478.5 42.87
478.6 42.87
478.7 42.87
478.8 42.87
478.9 42.87
479 42.87
479.1 42.87
479.2 42.87
479.3 42.87
479.4 42.87
479.5 42.87
479.6 42.87
479.7 42.81
479.8 42.81
479.9 42.81
480 42.81
480.1 42.81
480.2 42.87
480.3 42.87
480.4 42.87
480.5 42.87
480.6 42.87
480.7 42.87
480.8 42.81
480.9 42.81
481 42.81
481.1 42.81
481.2 42.81
481.3 42.81
481.4 42.81
481.5 42.81
481.6 42.81
481.7 42.81
481.8 42.81
481.9 42.81
482 42.81
482.1 42.81
482.2 42.81
482.3 42.81
482.4 42.81
482.5 42.81
482.6 42.81
482.7 42.81
482.8 42.81
482.9 42.81
483 42.81
483.1 42.81
483.2 42.81
483.3 42.81
483.4 42.81
483.5 42.81
483.6 42.81
483.7 42.81
483.8 42.81
483.9 42.81
484 42.81
484.1 42.81
484.2 42.81
484.3 42.81
484.4 42.81
484.5 42.81
484.6 42.81
484.7 42.81
484.8 42.81
484.9 42.81
485 42.81
485.1 42.81
485.2 42.81
485.3 42.81
485.4 42.81
485.5 42.81
485.6 42.81
485.7 42.81
485.8 42.81
485.9 42.81
486 42.81
486.1 42.81
486.2 42.81
486.3 42.81
486.4 42.81
486.5 42.81
486.6 42.81
486.7 42.81
486.8 42.81
486.9 42.81
487 42.81
487.1 42.81
487.2 42.81
487.3 42.81
487.4 42.81
487.5 42.81
487.6 42.81
487.7 42.81
487.8 42.81
487.9 42.81
488 42.81
488.1 42.81
488.2 42.81
488.3 42.81
488.4 42.81
488.5 42.81
488.6 42.81
488.7 42.81
488.8 42.81
488.9 42.81
489 42.81
489.1 42.81
489.2 42.81
489.3 42.81
489.4 42.81
489.5 42.81
489.6 42.81
489.7 42.81
489.8 42.81
489.9 42.81
490 42.81
490.1 42.81
490.2 42.81
490.3 42.81
490.4 42.81
490.5 42.81
490.6 42.81
490.7 42.81
490.8 42.81
490.9 42.81
491 42.81
491.1 42.81
491.2 42.81
491.3 42.81
491.4 42.81
491.5 42.81
491.6 42.81
491.7 42.81
491.8 42.81
491.9 42.81
492 42.81
492.1 42.81
492.2 42.81
492.3 42.81
492.4 42.81
492.5 42.81
492.6 42.81
492.7 42.81
492.8 42.81
492.9 42.81
493 42.81
493.1 42.81
493.2 42.87
493.3 42.87
493.4 42.87
493.5 42.87
493.6 42.87
493.7 42.87
493.8 42.87
493.9 42.87
494 42.87
494.1 42.87
494.2 42.87
494.3 42.87
494.4 42.87
494.5 42.87
494.6 42.87
494.7 42.87
494.8 42.87
494.9 42.87
495 42.87
495.1 42.87
495.2 42.87
495.3 42.87
495.4 42.87
495.5 42.87
495.6 42.87
495.7 42.87
495.8 42.87
495.9 42.87
496 42.87
496.1 42.87
496.2 42.87
496.3 42.87
496.4 42.87
496.5 42.87
496.6 42.87
496.7 42.87
496.8 42.87
496.9 42.87
497 42.87
497.1 42.87
497.2 42.87
497.3 42.87
497.4 42.87
497.5 42.87
497.6 42.87
497.7 42.81
497.8 42.81
497.9 42.81
498 42.81
498.1 42.81
498.2 42.81
498.3 42.81
498.4 42.81
498.5 42.81
498.6 42.81
498.7 42.87
498.8 42.87
498.9 42.87
499 42.87
499.1 42.87
499.2 42.81
499.3 42.81
499.4 42.81
499.5 42.81
499.6 42.81
499.7 42.87
499.8 42.87
499.9 42.87
500 42.87
500.1 42.87
500.2 42.81
500.3 42.81
500.4 42.81
500.5 42.81
500.6 42.81
500.7 42.87
500.8 42.87
500.9 42.87
501 42.87
501.1 42.87
501.2 42.87
501.3 42.87
501.4 42.87
501.5 42.87
501.6 42.87
501.7 42.87
501.8 42.81
501.9 42.81
502 42.81
502.1 42.81
502.2 42.81
502.3 42.81
502.4 42.81
502.5 42.81
502.6 42.81
502.7 42.87
502.8 42.87
502.9 42.87
503 42.87
503.1 42.87
503.2 42.87
503.3 42.87
503.4 42.87
503.5 42.87
503.6 42.87
503.7 42.81
503.8 42.81
503.9 42.81
504 42.81
504.1 42.81
504.2 42.81
504.3 42.81
504.4 42.81
504.5 42.81
504.6 42.81
504.7 42.81
504.8 42.81
504.9 42.81
505 42.81
505.1 42.81
505.2 42.81
505.3 42.87
505.4 42.87
505.5 42.87
505.6 42.87
505.7 42.87
505.8 42.87
505.9 42.87
506 42.87
506.1 42.87
506.2 42.87
506.3 42.87
506.4 42.87
506.5 42.87
506.6 42.87
506.7 42.87
506.8 42.87
506.9 42.87
507 42.87
507.1 42.87
507.2 42.87
507.3 42.87
507.4 42.87
507.5 42.87
507.6 42.87
507.7 42.87
507.8 42.87
507.9 42.87
508 42.87
508.1 42.87
508.2 42.87
508.3 42.87
508.4 42.87
508.5 42.87
508.6 42.87
508.7 42.87
508.8 42.87
508.9 42.87
509 42.87
509.1 42.87
509.2 42.87
509.3 42.87
509.4 42.87
509.5 42.87
509.6 42.87
509.7 42.87
509.8 42.87
509.9 42.87
510 42.87
510.1 42.87
510.2 42.87
510.3 42.87
510.4 42.87
510.5 42.87
510.6 42.87
510.7 42.87
510.8 42.87
510.9 42.87
511 42.87
511.1 42.87
511.2 42.87
511.3 42.87
511.4 42.87
511.5 42.87
511.6 42.87
511.7 42.87
511.8 42.87
511.9 42.87
512 42.87
512.1 42.87
512.2 42.87
512.3 42.93
512.4 42.93
512.5 42.93
512.6 42.93
512.7 42.93
512.8 42.93
512.9 42.93
513 42.93
513.1 42.93
513.2 42.93
513.3 42.93
513.4 42.93
513.5 42.93
513.6 42.93
513.7 42.93
513.8 42.93
513.9 42.93
514 42.93
514.1 42.93
514.2 42.93
514.3 42.93
514.4 42.93
514.5 42.93
514.6 42.93
514.7 42.93
514.8 42.93
514.9 42.93
515 42.93
515.1 42.93
515.2 42.93
515.3 42.93
515.4 42.93
515.5 42.93
515.6 42.93
515.7 42.93
515.8 42.93
515.9 42.93
516 42.93
516.1 42.93
516.2 42.93
516.3 42.93
516.4 42.93
516.5 42.93
516.6 42.93
516.7 42.93
516.8 42.93
516.9 42.93
517 42.93
517.1 42.93
517.2 42.93
517.3 42.93
517.4 42.93
517.5 42.93
517.6 42.93
517.7 42.93
517.8 42.93
517.9 42.93
518 42.93
518.1 42.93
518.2 42.93
518.3 42.93
518.4 42.93
518.5 42.93
518.6 42.93
518.7 42.93
518.8 42.93
518.9 42.93
519 42.93
519.1 42.93
519.2 42.93
519.3 42.93
519.4 42.93
519.5 42.93
519.6 42.93
519.7 42.93
519.8 42.93
519.9 42.93
520 42.93
520.1 42.93
520.2 42.93
520.3 42.93
520.4 42.93
520.5 42.93
520.6 42.93
520.7 42.93
520.8 42.93
520.9 42.93
521 42.93
521.1 42.93
521.2 42.93
521.3 42.93
521.4 42.93
521.5 42.93
521.6 42.93
521.7 42.93
521.8 42.93
521.9 42.93
522 42.93
522.1 42.93
522.2 42.93
522.3 42.93
522.4 42.93
522.5 42.93
522.6 42.93
522.7 42.93
522.8 42.93
522.9 42.93
523 42.93
523.1 42.93
523.2 42.93
523.3 42.93
523.4 42.93
523.5 42.93
523.6 42.93
523.7 42.93
523.8 42.93
523.9 42.93
524 42.93
524.1 42.93
524.2 42.93
524.3 42.93
524.4 42.93
524.5 42.93
524.6 42.93
524.7 42.93
524.8 42.93
524.9 42.93
525 42.93
525.1 42.93
525.2 42.87
525.3 42.87
525.4 42.87
525.5 42.87
525.6 42.87
525.7 42.87
525.8 42.87
525.9 42.87
526 42.87
526.1 42.87
526.2 42.87
526.3 42.87
526.4 42.87
526.5 42.87
526.6 42.87
526.7 42.87
526.8 42.87
526.9 42.87
527 42.87
527.1 42.87
527.2 42.87
527.3 42.87
527.4 42.87
527.5 42.87
527.6 42.87
527.7 42.87
527.8 42.87
527.9 42.87
528 42.87
528.1 42.87
528.2 42.87
528.3 42.87
528.4 42.87
528.5 42.87
