1 30.9
1.1 30.9
1.2 30.9
1.3 30.9
1.4 30.9
1.5 30.9
1.6 30.9
1.7 30.9
1.8 30.9
1.9 30.9
2 30.9
2.1 30.9
2.2 30.9
2.3 30.9
2.4 30.9
2.5 30.9
2.6 30.9
2.7 30.9
2.8 30.9
2.9 30.9
3 30.9
3.1 30.9
3.2 30.9
3.3 30.9
3.4 30.9
3.5 30.9
3.6 30.9
3.7 30.9
3.8 30.9
3.9 30.9
4 30.9
4.1 30.9
4.2 30.9
4.3 30.9
4.4 30.9
4.5 30.9
4.6 30.9
4.7 30.9
4.8 30.9
4.9 30.9
5 30.9
5.1 30.9
5.2 30.9
5.3 30.9
5.4 30.9
5.5 30.9
5.6 30.9
5.7 30.9
5.8 30.9
5.9 30.9
6 30.9
6.1 30.9
6.2 30.9
6.3 30.9
6.4 30.9
6.5 30.9
6.6 30.9
6.7 30.9
6.8 30.9
6.9 30.9
7 30.9
7.1 30.9
7.2 30.9
7.3 30.9
7.4 30.9
7.5 30.9
7.6 30.9
7.7 30.9
7.8 30.9
7.9 30.9
8 30.9
8.1 30.9
8.2 30.9
8.3 30.9
8.4 30.9
8.5 30.9
8.6 30.9
8.7 30.9
8.8 30.9
8.9 30.9
9 30.9
9.1 30.9
9.2 30.9
9.3 30.9
9.4 30.9
9.5 30.9
9.6 30.9
9.7 30.9
9.8 30.9
9.9 30.9
10 30.9
10.1 30.9
10.2 30.9
10.3 30.9
10.4 30.9
10.5 30.9
10.6 30.9
10.7 30.9
10.8 30.9
10.9 30.9
11 30.9
11.1 30.9
11.2 30.9
11.3 30.9
11.4 30.9
11.5 30.9
11.6 30.9
11.7 30.9
11.8 30.9
11.9 30.9
12 30.9
12.1 30.9
12.2 30.9
12.3 30.9
12.4 30.9
12.5 30.9
12.6 30.9
12.7 30.9
12.8 30.9
12.9 30.9
13 30.9
13.1 30.9
13.2 30.9
13.3 30.9
13.4 30.9
13.5 30.9
13.6 30.9
13.7 30.9
13.8 30.9
13.9 30.9
14 30.9
14.1 30.9
14.2 30.9
14.3 30.9
14.4 30.9
14.5 30.9
14.6 30.9
14.7 30.9
14.8 30.9
14.9 30.9
15 30.9
15.1 30.9
15.2 30.9
15.3 30.9
15.4 30.9
15.5 30.9
15.6 30.9
15.7 30.9
15.8 30.9
15.9 30.9
16 30.9
16.1 30.9
16.2 30.9
16.3 30.9
16.4 30.9
16.5 30.9
16.6 30.9
16.7 30.9
16.8 30.9
16.9 30.9
17 30.9
17.1 30.9
17.2 30.9
17.3 30.9
17.4 30.9
17.5 30.9
17.6 30.9
17.7 30.9
17.8 30.9
17.9 30.9
18 30.9
18.1 30.9
18.2 30.9
18.3 30.9
18.4 30.9
18.5 30.9
18.6 30.9
18.7 30.9
18.8 30.9
18.9 30.9
19 30.9
19.1 30.9
19.2 30.9
19.3 30.9
19.4 30.9
19.5 30.9
19.6 30.9
19.7 30.9
19.8 30.9
19.9 30.9
20 30.9
20.1 30.9
20.2 30.9
20.3 30.9
20.4 30.9
20.5 30.9
20.6 30.9
20.7 30.9
20.8 30.9
20.9 30.9
21 30.9
21.1 30.9
21.2 30.9
21.3 30.9
21.4 30.9
21.5 30.9
21.6 30.9
21.7 30.9
21.8 30.9
21.9 30.9
22 30.9
22.1 30.9
22.2 30.9
22.3 30.9
22.4 30.9
22.5 30.9
22.6 30.9
22.7 30.9
22.8 30.9
22.9 30.9
23 30.8
23.1 30.8
23.2 30.8
23.3 30.8
23.4 30.8
23.5 30.8
23.6 30.8
23.7 30.8
23.8 30.8
23.9 30.8
24 30.5
24.1 30.5
24.2 30.5
24.3 30.5
24.4 30.5
24.5 30.5
24.6 30.5
24.7 30.5
24.8 30.5
24.9 30.5
25 30.1
25.1 30.1
25.2 30.1
25.3 30.1
25.4 30.1
25.5 30.1
25.6 30.1
25.7 30.1
25.8 30.1
25.9 30.1
26 29.6
26.1 29.6
26.2 29.6
26.3 29.6
26.4 29.6
26.5 29.6
26.6 29.6
26.7 29.6
26.8 29.6
26.9 29.6
27 29
27.1 29
27.2 29
27.3 29
27.4 29
27.5 29
27.6 29
27.7 29
27.8 29
27.9 29
28 28.5
28.1 28.5
28.2 28.5
28.3 28.5
28.4 28.5
28.5 28.5
28.6 28.5
28.7 28.5
28.8 28.5
28.9 28.5
29 28
29.1 28
29.2 28
29.3 28
29.4 28
29.5 28
29.6 28
29.7 28
29.8 28
29.9 28
30 27.5
30.1 27.5
30.2 27.5
30.3 27.5
30.4 27.5
30.5 27.5
30.6 27.5
30.7 27.5
30.8 27.5
30.9 27.5
31 27
31.1 27
31.2 27
31.3 27
31.4 27
31.5 27
31.6 27
31.7 27
31.8 27
31.9 27
32 26.6
32.1 26.6
32.2 26.6
32.3 26.6
32.4 26.6
32.5 26.6
32.6 26.6
32.7 26.6
32.8 26.6
32.9 26.6
33 26.2
33.1 26.2
33.2 26.2
33.3 26.2
33.4 26.2
33.5 26.2
33.6 26.2
33.7 26.2
33.8 26.2
33.9 26.2
34 25.7
34.1 25.7
34.2 25.7
34.3 25.7
34.4 25.7
34.5 25.7
34.6 25.7
34.7 25.7
34.8 25.7
34.9 25.7
35 25.4
35.1 25.4
35.2 25.4
35.3 25.4
35.4 25.4
35.5 25.4
35.6 25.4
35.7 25.4
35.8 25.4
35.9 25.4
36 25.1
36.1 25.1
36.2 25.1
36.3 25.1
36.4 25.1
36.5 25.1
36.6 25.1
36.7 25.1
36.8 25.1
36.9 25.1
37 24.8
37.1 24.8
37.2 24.8
37.3 24.8
37.4 24.8
37.5 24.8
37.6 24.8
37.7 24.8
37.8 24.8
37.9 24.8
38 24.6
38.1 24.6
38.2 24.6
38.3 24.6
38.4 24.6
38.5 24.6
38.6 24.6
38.7 24.6
38.8 24.6
38.9 24.6
39 23.7
39.1 23.7
39.2 23.7
39.3 23.7
39.4 23.7
39.5 23.7
39.6 23.7
39.7 23.7
39.8 23.7
39.9 23.7
40 22.9
40.1 22.9
40.2 22.9
40.3 22.9
40.4 22.9
40.5 22.9
40.6 22.9
40.7 22.9
40.8 22.9
40.9 22.9
41 22.3
41.1 22.3
41.2 22.3
41.3 22.3
41.4 22.3
41.5 22.3
41.6 22.3
41.7 22.3
41.8 22.3
41.9 22.3
42 21.7
42.1 21.7
42.2 21.7
42.3 21.7
42.4 21.7
42.5 21.7
42.6 21.7
42.7 21.7
42.8 21.7
42.9 21.7
43 21.2
43.1 21.2
43.2 21.2
43.3 21.2
43.4 21.2
43.5 21.2
43.6 21.2
43.7 21.2
43.8 21.2
43.9 21.2
44 20.8
44.1 20.8
44.2 20.8
44.3 20.8
44.4 20.8
44.5 20.8
44.6 20.8
44.7 20.8
44.8 20.8
44.9 20.8
45 20.3
45.1 20.3
45.2 20.3
45.3 20.3
45.4 20.3
45.5 20.3
45.6 20.3
45.7 20.3
45.8 20.3
45.9 20.3
46 19.9
46.1 19.9
46.2 19.9
46.3 19.9
46.4 19.9
46.5 19.9
46.6 19.9
46.7 19.9
46.8 19.9
46.9 19.9
47 19.4
47.1 19.4
47.2 19.4
47.3 19.4
47.4 19.4
47.5 19.4
47.6 19.4
47.7 19.4
47.8 19.4
47.9 19.4
48 19
48.1 19
48.2 19
48.3 19
48.4 19
48.5 19
48.6 19
48.7 19
48.8 19
48.9 19
49 18.7
49.1 18.7
49.2 18.7
49.3 18.7
49.4 18.7
49.5 18.7
49.6 18.7
49.7 18.7
49.8 18.7
49.9 18.7
50 18.4
50.1 18.4
50.2 18.4
50.3 18.4
50.4 18.4
50.5 18.4
50.6 18.4
50.7 18.4
50.8 18.4
50.9 18.4
51 18.1
51.1 18.1
51.2 18.1
51.3 18.1
51.4 18.1
51.5 18.1
51.6 18.1
51.7 18.1
51.8 18.1
51.9 18.1
52 17.9
52.1 17.9
52.2 17.9
52.3 17.9
52.4 17.9
52.5 17.9
52.6 17.9
52.7 17.9
52.8 17.9
52.9 17.9
53 17.7
53.1 17.7
53.2 17.7
53.3 17.7
53.4 17.7
53.5 17.7
53.6 17.7
53.7 17.7
53.8 17.7
53.9 17.7
54 17.6
54.1 17.6
54.2 17.6
54.3 17.6
54.4 17.6
54.5 17.6
54.6 17.6
54.7 17.6
54.8 17.6
54.9 17.6
55 17.5
55.1 17.5
55.2 17.5
55.3 17.5
55.4 17.5
55.5 17.5
55.6 17.5
55.7 17.5
55.8 17.5
55.9 17.5
56 17.4
56.1 17.4
56.2 17.4
56.3 17.4
56.4 17.4
56.5 17.4
56.6 17.4
56.7 17.4
56.8 17.4
56.9 17.4
57 17.3
57.1 17.3
57.2 17.3
57.3 17.3
57.4 17.3
57.5 17.3
57.6 17.3
57.7 17.3
57.8 17.3
57.9 17.3
58 17.1
58.1 17.1
58.2 17.1
58.3 17.1
58.4 17.1
58.5 17.1
58.6 17.1
58.7 17.1
58.8 17.1
58.9 17.1
59 17
59.1 17
59.2 17
59.3 17
59.4 17
59.5 17
59.6 17
59.7 17
59.8 17
59.9 17
60 16.8
60.1 16.8
60.2 16.8
60.3 16.8
60.4 16.8
60.5 16.8
60.6 16.8
60.7 16.8
60.8 16.8
60.9 16.8
61 16.7
61.1 16.7
61.2 16.7
61.3 16.7
61.4 16.7
61.5 16.7
61.6 16.7
61.7 16.7
61.8 16.7
61.9 16.7
62 16.5
62.1 16.5
62.2 16.5
62.3 16.5
62.4 16.5
62.5 16.5
62.6 16.5
62.7 16.5
62.8 16.5
62.9 16.5
63 16.3
63.1 16.3
63.2 16.3
63.3 16.3
63.4 16.3
63.5 16.3
63.6 16.3
63.7 16.3
63.8 16.3
63.9 16.3
64 16.2
64.1 16.2
64.2 16.2
64.3 16.2
64.4 16.2
64.5 16.2
64.6 16.2
64.7 16.2
64.8 16.2
64.9 16.2
65 16
65.1 16
65.2 16
65.3 16
65.4 16
65.5 16
65.6 16
65.7 16
65.8 16
65.9 16
66 15.8
66.1 15.8
66.2 15.8
66.3 15.8
66.4 15.8
66.5 15.8
66.6 15.8
66.7 15.8
66.8 15.8
66.9 15.8
67 15.7
67.1 15.7
67.2 15.7
67.3 15.7
67.4 15.7
67.5 15.7
67.6 15.7
67.7 15.7
67.8 15.7
67.9 15.7
68 15.5
68.1 15.5
68.2 15.5
68.3 15.5
68.4 15.5
68.5 15.5
68.6 15.5
68.7 15.5
68.8 15.5
68.9 15.5
69 15.3
69.1 15.3
69.2 15.3
69.3 15.3
69.4 15.3
69.5 15.3
69.6 15.3
69.7 15.3
69.8 15.3
69.9 15.3
70 15.2
70.1 15.2
70.2 15.2
70.3 15.2
70.4 15.2
70.5 15.2
70.6 15.2
70.7 15.2
70.8 15.2
70.9 15.2
71 15.7
71.1 15.7
71.2 15.7
71.3 15.7
71.4 15.7
71.5 15.7
71.6 15.7
71.7 15.7
71.8 15.7
71.9 15.7
72 16.1
72.1 16.1
72.2 16.1
72.3 16.1
72.4 16.1
72.5 16.1
72.6 16.1
72.7 16.1
72.8 16.1
72.9 16.1
73 16.4
73.1 16.4
73.2 16.4
73.3 16.4
73.4 16.4
73.5 16.4
73.6 16.4
73.7 16.4
73.8 16.4
73.9 16.4
74 16.7
74.1 16.7
74.2 16.7
74.3 16.7
74.4 16.7
74.5 16.7
74.6 16.7
74.7 16.7
74.8 16.7
74.9 16.7
75 16.8
75.1 16.8
75.2 16.8
75.3 16.8
75.4 16.8
75.5 16.8
75.6 16.8
75.7 16.8
75.8 16.8
75.9 16.8
76 16.9
76.1 16.9
76.2 16.9
76.3 16.9
76.4 16.9
76.5 16.9
76.6 16.9
76.7 16.9
76.8 16.9
76.9 16.9
77 17
77.1 17
77.2 17
77.3 17
77.4 17
77.5 17
77.6 17
77.7 17
77.8 17
77.9 17
78 17
78.1 17
78.2 17
78.3 17
78.4 17
78.5 17
78.6 17
78.7 17
78.8 17
78.9 17
79 17
79.1 17
79.2 17
79.3 17
79.4 17
79.5 17
79.6 17
79.7 17
79.8 17
79.9 17
80 16.9
80.1 16.9
80.2 16.9
80.3 16.9
80.4 16.9
80.5 16.9
80.6 16.9
80.7 16.9
80.8 16.9
80.9 16.9
81 16.9
81.1 16.9
81.2 16.9
81.3 16.9
81.4 16.9
81.5 16.9
81.6 16.9
81.7 16.9
81.8 16.9
81.9 16.9
82 16.9
82.1 16.9
82.2 16.9
82.3 16.9
82.4 16.9
82.5 16.9
82.6 16.9
82.7 16.9
82.8 16.9
82.9 16.9
83 16.9
83.1 16.9
83.2 16.9
83.3 16.9
83.4 16.9
83.5 16.9
83.6 16.9
83.7 16.9
83.8 16.9
83.9 16.9
84 16.9
84.1 16.9
84.2 16.9
84.3 16.9
84.4 16.9
84.5 16.9
84.6 16.9
84.7 16.9
84.8 16.9
84.9 16.9
85 16.9
85.1 16.9
85.2 16.9
85.3 16.9
85.4 16.9
85.5 16.9
85.6 16.9
85.7 16.9
85.8 16.9
85.9 16.9
86 16.9
86.1 16.9
86.2 16.9
86.3 16.9
86.4 16.9
86.5 16.9
86.6 16.9
86.7 16.9
86.8 16.9
86.9 16.9
87 16.9
87.1 16.9
87.2 16.9
87.3 16.9
87.4 16.9
87.5 16.9
87.6 16.9
87.7 16.9
87.8 16.9
87.9 16.9
88 16.9
88.1 16.9
88.2 16.9
88.3 16.9
88.4 16.9
88.5 16.9
88.6 16.9
88.7 16.9
88.8 16.9
88.9 16.9
89 16.9
89.1 16.9
89.2 16.9
89.3 16.9
89.4 16.9
89.5 16.9
89.6 16.9
89.7 16.9
89.8 16.9
89.9 16.9
90 16.9
90.1 16.9
90.2 16.9
90.3 16.9
90.4 16.9
90.5 16.9
90.6 16.9
90.7 16.9
90.8 16.9
90.9 16.9
91 16.9
91.1 16.9
91.2 16.9
91.3 16.9
91.4 16.9
91.5 16.9
91.6 16.9
91.7 16.9
91.8 16.9
91.9 16.9
92 16.9
92.1 16.9
92.2 16.9
92.3 16.9
92.4 16.9
92.5 16.9
92.6 16.9
92.7 16.9
92.8 16.9
92.9 16.9
93 16.9
93.1 16.9
93.2 16.9
93.3 16.9
93.4 16.9
93.5 16.9
93.6 16.9
93.7 16.9
93.8 16.9
93.9 16.9
94 16.9
94.1 16.9
94.2 16.9
94.3 16.9
94.4 16.9
94.5 16.9
94.6 16.9
94.7 16.9
94.8 16.9
94.9 16.9
95 16.9
95.1 16.9
95.2 16.9
95.3 16.9
95.4 16.9
95.5 16.9
95.6 16.9
95.7 16.9
95.8 16.9
95.9 16.9
96 16.9
96.1 16.9
96.2 16.9
96.3 16.9
96.4 16.9
96.5 16.9
96.6 16.9
96.7 16.9
96.8 16.9
96.9 16.9
97 16.9
97.1 16.9
97.2 16.9
97.3 16.9
97.4 16.9
97.5 16.9
97.6 16.9
97.7 16.9
97.8 16.9
97.9 16.9
98 16.9
98.1 16.9
98.2 16.9
98.3 16.9
98.4 16.9
98.5 16.9
98.6 16.9
98.7 16.9
98.8 16.9
98.9 16.9
99 16.9
99.1 16.9
99.2 16.9
99.3 16.9
99.4 16.9
99.5 16.9
99.6 16.9
99.7 16.9
99.8 16.9
99.9 16.9
100 16.9
100.1 16.9
100.2 16.9
100.3 16.9
100.4 16.9
100.5 16.9
100.6 16.9
100.7 16.9
100.8 16.9
100.9 16.9
101 16.9
101.1 16.9
101.2 16.9
101.3 16.9
101.4 16.9
101.5 16.9
101.6 16.9
101.7 16.9
101.8 16.9
101.9 16.9
102 16.9
102.1 16.9
102.2 16.9
102.3 16.9
102.4 16.9
102.5 16.9
102.6 16.9
102.7 16.9
102.8 16.9
102.9 16.9
103 16.9
103.1 16.9
103.2 16.9
103.3 16.9
103.4 16.9
103.5 16.9
103.6 16.9
103.7 16.9
103.8 16.9
103.9 16.9
104 16.9
104.1 16.9
104.2 16.9
104.3 16.9
104.4 16.9
104.5 16.9
104.6 16.9
104.7 16.9
104.8 16.9
104.9 16.9
105 16.9
105.1 16.9
105.2 16.9
105.3 16.9
105.4 16.9
105.5 16.9
105.6 16.9
105.7 16.9
105.8 16.9
105.9 16.9
106 16.9
106.1 16.9
106.2 16.9
106.3 16.9
106.4 16.9
106.5 16.9
106.6 16.9
106.7 16.9
106.8 16.9
106.9 16.9
107 16.9
107.1 16.9
107.2 16.9
107.3 16.9
107.4 16.9
107.5 16.9
107.6 16.9
107.7 16.9
107.8 16.9
107.9 16.9
108 16.9
108.1 16.9
108.2 16.9
108.3 16.9
108.4 16.9
108.5 16.9
108.6 16.9
108.7 16.9
108.8 16.9
108.9 16.9
109 16.9
109.1 16.9
109.2 16.9
109.3 16.9
109.4 16.9
109.5 16.9
109.6 16.9
109.7 16.9
109.8 16.9
109.9 16.9
110 17.5
110.1 17.5
110.2 17.5
110.3 17.5
110.4 17.5
110.5 17.5
110.6 17.5
110.7 17.5
110.8 17.5
110.9 17.5
111 18.1
111.1 18.1
111.2 18.1
111.3 18.1
111.4 18.1
111.5 18.1
111.6 18.1
111.7 18.1
111.8 18.1
111.9 18.1
112 18.7
112.1 18.7
112.2 18.7
112.3 18.7
112.4 18.7
112.5 18.7
112.6 18.7
112.7 18.7
112.8 18.7
112.9 18.7
113 19.1
113.1 19.1
113.2 19.1
113.3 19.1
113.4 19.1
113.5 19.1
113.6 19.1
113.7 19.1
113.8 19.1
113.9 19.1
114 19.5
114.1 19.5
114.2 19.5
114.3 19.5
114.4 19.5
114.5 19.5
114.6 19.5
114.7 19.5
114.8 19.5
114.9 19.5
115 19.3
115.1 19.3
115.2 19.3
115.3 19.3
115.4 19.3
115.5 19.3
115.6 19.3
115.7 19.3
115.8 19.3
115.9 19.3
116 19
116.1 19
116.2 19
116.3 19
116.4 19
116.5 19
116.6 19
116.7 19
116.8 19
116.9 19
117 19.5
117.1 19.5
117.2 19.5
117.3 19.5
117.4 19.5
117.5 19.5
117.6 19.5
117.7 19.5
117.8 19.5
117.9 19.5
118 20
118.1 20
118.2 20
118.3 20
118.4 20
118.5 20
118.6 20
118.7 20
118.8 20
118.9 20
119 20.4
119.1 20.4
119.2 20.4
119.3 20.4
119.4 20.4
119.5 20.4
119.6 20.4
119.7 20.4
119.8 20.4
119.9 20.4
120 20.8
120.1 20.8
120.2 20.8
120.3 20.8
120.4 20.8
120.5 20.8
120.6 20.8
120.7 20.8
120.8 20.8
120.9 20.8
121 21.2
121.1 21.2
121.2 21.2
121.3 21.2
121.4 21.2
121.5 21.2
121.6 21.2
121.7 21.2
121.8 21.2
121.9 21.2
122 21.6
122.1 21.6
122.2 21.6
122.3 21.6
122.4 21.6
122.5 21.6
122.6 21.6
122.7 21.6
122.8 21.6
122.9 21.6
123 21.2
123.1 21.2
123.2 21.2
123.3 21.2
123.4 21.2
123.5 21.2
123.6 21.2
123.7 21.2
123.8 21.2
123.9 21.2
124 21
124.1 21
124.2 21
124.3 21
124.4 21
124.5 21
124.6 21
124.7 21
124.8 21
124.9 21
125 20.8
125.1 20.8
125.2 20.8
125.3 20.8
125.4 20.8
125.5 20.8
125.6 20.8
125.7 20.8
125.8 20.8
125.9 20.8
126 20.6
126.1 20.6
126.2 20.6
126.3 20.6
126.4 20.6
126.5 20.6
126.6 20.6
126.7 20.6
126.8 20.6
126.9 20.6
127 20.5
127.1 20.5
127.2 20.5
127.3 20.5
127.4 20.5
127.5 20.5
127.6 20.5
127.7 20.5
127.8 20.5
127.9 20.5
128 20.4
128.1 20.4
128.2 20.4
128.3 20.4
128.4 20.4
128.5 20.4
128.6 20.4
128.7 20.4
128.8 20.4
128.9 20.4
129 20.4
129.1 20.4
129.2 20.4
129.3 20.4
129.4 20.4
129.5 20.4
129.6 20.4
129.7 20.4
129.8 20.4
129.9 20.4
130 20.3
130.1 20.3
130.2 20.3
130.3 20.3
130.4 20.3
130.5 20.3
130.6 20.3
130.7 20.3
130.8 20.3
130.9 20.3
131 20.3
131.1 20.3
131.2 20.3
131.3 20.3
131.4 20.3
131.5 20.3
131.6 20.3
131.7 20.3
131.8 20.3
131.9 20.3
132 20.3
132.1 20.3
132.2 20.3
132.3 20.3
132.4 20.3
132.5 20.3
132.6 20.3
132.7 20.3
132.8 20.3
132.9 20.3
133 20.2
133.1 20.2
133.2 20.2
133.3 20.2
133.4 20.2
133.5 20.2
133.6 20.2
133.7 20.2
133.8 20.2
133.9 20.2
134 20.1
134.1 20.1
134.2 20.1
134.3 20.1
134.4 20.1
134.5 20.1
134.6 20.1
134.7 20.1
134.8 20.1
134.9 20.1
135 20
135.1 20
135.2 20
135.3 20
135.4 20
135.5 20
135.6 20
135.7 20
135.8 20
135.9 20
136 19.9
136.1 19.9
136.2 19.9
136.3 19.9
136.4 19.9
136.5 19.9
136.6 19.9
136.7 19.9
136.8 19.9
136.9 19.9
137 19.9
137.1 19.9
137.2 19.9
137.3 19.9
137.4 19.9
137.5 19.9
137.6 19.9
137.7 19.9
137.8 19.9
137.9 19.9
138 19.9
138.1 19.9
138.2 19.9
138.3 19.9
138.4 19.9
138.5 19.9
138.6 19.9
138.7 19.9
138.8 19.9
138.9 19.9
139 19.9
139.1 19.9
139.2 19.9
139.3 19.9
139.4 19.9
139.5 19.9
139.6 19.9
139.7 19.9
139.8 19.9
139.9 19.9
140 19.9
140.1 19.9
140.2 19.9
140.3 19.9
140.4 19.9
140.5 19.9
140.6 19.9
140.7 19.9
140.8 19.9
140.9 19.9
141 19.9
141.1 19.9
141.2 19.9
141.3 19.9
141.4 19.9
141.5 19.9
141.6 19.9
141.7 19.9
141.8 19.9
141.9 19.9
142 19.9
142.1 19.9
142.2 19.9
142.3 19.9
142.4 19.9
142.5 19.9
142.6 19.9
142.7 19.9
142.8 19.9
142.9 19.9
143 19.9
143.1 19.9
143.2 19.9
143.3 19.9
143.4 19.9
143.5 19.9
143.6 19.9
143.7 19.9
143.8 19.9
143.9 19.9
144 19.9
144.1 19.9
144.2 19.9
144.3 19.9
144.4 19.9
144.5 19.9
144.6 19.9
144.7 19.9
144.8 19.9
144.9 19.9
145 19.9
145.1 19.9
145.2 19.9
145.3 19.9
145.4 19.9
145.5 19.9
145.6 19.9
145.7 19.9
145.8 19.9
145.9 19.9
146 19.9
146.1 19.9
146.2 19.9
146.3 19.9
146.4 19.9
146.5 19.9
146.6 19.9
146.7 19.9
146.8 19.9
146.9 19.9
147 18.6
147.1 18.6
147.2 18.6
147.3 18.6
147.4 18.6
147.5 18.6
147.6 18.6
147.7 18.6
147.8 18.6
147.9 18.6
148 17.7
148.1 17.7
148.2 17.7
148.3 17.7
148.4 17.7
148.5 17.7
148.6 17.7
148.7 17.7
148.8 17.7
148.9 17.7
149 17.1
149.1 17.1
149.2 17.1
149.3 17.1
149.4 17.1
149.5 17.1
149.6 17.1
149.7 17.1
149.8 17.1
149.9 17.1
150 16.9
150.1 16.9
150.2 16.9
150.3 16.9
150.4 16.9
150.5 16.9
150.6 16.9
150.7 16.9
150.8 16.9
150.9 16.9
151 16.9
151.1 16.9
151.2 16.9
151.3 16.9
151.4 16.9
151.5 16.9
151.6 16.9
151.7 16.9
151.8 16.9
151.9 16.9
152 17
152.1 17
152.2 17
152.3 17
152.4 17
152.5 17
152.6 17
152.7 17
152.8 17
152.9 17
153 17.1
153.1 17.1
153.2 17.1
153.3 17.1
153.4 17.1
153.5 17.1
153.6 17.1
153.7 17.1
153.8 17.1
153.9 17.1
154 17.2
154.1 17.2
154.2 17.2
154.3 17.2
154.4 17.2
154.5 17.2
154.6 17.2
154.7 17.2
154.8 17.2
154.9 17.2
155 17.3
155.1 17.3
155.2 17.3
155.3 17.3
155.4 17.3
155.5 17.3
155.6 17.3
155.7 17.3
155.8 17.3
155.9 17.3
156 17.2
156.1 17.2
156.2 17.2
156.3 17.2
156.4 17.2
156.5 17.2
156.6 17.2
156.7 17.2
156.8 17.2
156.9 17.2
157 17.8
157.1 17.8
157.2 17.8
157.3 17.8
157.4 17.8
157.5 17.8
157.6 17.8
157.7 17.8
157.8 17.8
157.9 17.8
158 18.3
158.1 18.3
158.2 18.3
158.3 18.3
158.4 18.3
158.5 18.3
158.6 18.3
158.7 18.3
158.8 18.3
158.9 18.3
159 18.8
159.1 18.8
159.2 18.8
159.3 18.8
159.4 18.8
159.5 18.8
159.6 18.8
159.7 18.8
159.8 18.8
159.9 18.8
160 19.1
160.1 19.1
160.2 19.1
160.3 19.1
160.4 19.1
160.5 19.1
160.6 19.1
160.7 19.1
160.8 19.1
160.9 19.1
161 19.3
161.1 19.3
161.2 19.3
161.3 19.3
161.4 19.3
161.5 19.3
161.6 19.3
161.7 19.3
161.8 19.3
161.9 19.3
162 20.1
162.1 20.1
162.2 20.1
162.3 20.1
162.4 20.1
162.5 20.1
162.6 20.1
162.7 20.1
162.8 20.1
162.9 20.1
163 20.8
163.1 20.8
163.2 20.8
163.3 20.8
163.4 20.8
163.5 20.8
163.6 20.8
163.7 20.8
163.8 20.8
163.9 20.8
164 21.3
164.1 21.3
164.2 21.3
164.3 21.3
164.4 21.3
164.5 21.3
164.6 21.3
164.7 21.3
164.8 21.3
164.9 21.3
165 21.8
165.1 21.8
165.2 21.8
165.3 21.8
165.4 21.8
165.5 21.8
165.6 21.8
165.7 21.8
165.8 21.8
165.9 21.8
166 22.1
166.1 22.1
166.2 22.1
166.3 22.1
166.4 22.1
166.5 22.1
166.6 22.1
166.7 22.1
166.8 22.1
166.9 22.1
167 22.4
167.1 22.4
167.2 22.4
167.3 22.4
167.4 22.4
167.5 22.4
167.6 22.4
167.7 22.4
167.8 22.4
167.9 22.4
168 23.2
168.1 23.2
168.2 23.2
168.3 23.2
168.4 23.2
168.5 23.2
168.6 23.2
168.7 23.2
168.8 23.2
168.9 23.2
169 24
169.1 24
169.2 24
169.3 24
169.4 24
169.5 24
169.6 24
169.7 24
169.8 24
169.9 24
170 24.6
170.1 24.6
170.2 24.6
170.3 24.6
170.4 24.6
170.5 24.6
170.6 24.6
170.7 24.6
170.8 24.6
170.9 24.6
171 25.1
171.1 25.1
171.2 25.1
171.3 25.1
171.4 25.1
171.5 25.1
171.6 25.1
171.7 25.1
171.8 25.1
171.9 25.1
172 25.6
172.1 25.6
172.2 25.6
172.3 25.6
172.4 25.6
172.5 25.6
172.6 25.6
172.7 25.6
172.8 25.6
172.9 25.6
173 26
173.1 26
173.2 26
173.3 26
173.4 26
173.5 26
173.6 26
173.7 26
173.8 26
173.9 26
174 26.3
174.1 26.3
174.2 26.3
174.3 26.3
174.4 26.3
174.5 26.3
174.6 26.3
174.7 26.3
174.8 26.3
174.9 26.3
175 26.6
175.1 26.6
175.2 26.6
175.3 26.6
175.4 26.6
175.5 26.6
175.6 26.6
175.7 26.6
175.8 26.6
175.9 26.6
176 26.9
176.1 26.9
176.2 26.9
176.3 26.9
176.4 26.9
176.5 26.9
176.6 26.9
176.7 26.9
176.8 26.9
176.9 26.9
177 27.2
177.1 27.2
177.2 27.2
177.3 27.2
177.4 27.2
177.5 27.2
177.6 27.2
177.7 27.2
177.8 27.2
177.9 27.2
178 28
178.1 28
178.2 28
178.3 28
178.4 28
178.5 28
178.6 28
178.7 28
178.8 28
178.9 28
179 28.8
179.1 28.8
179.2 28.8
179.3 28.8
179.4 28.8
179.5 28.8
179.6 28.8
179.7 28.8
179.8 28.8
179.9 28.8
180 29.4
180.1 29.4
180.2 29.4
180.3 29.4
180.4 29.4
180.5 29.4
180.6 29.4
180.7 29.4
180.8 29.4
180.9 29.4
181 30
181.1 30
181.2 30
181.3 30
181.4 30
181.5 30
181.6 30
181.7 30
181.8 30
181.9 30
182 30.6
182.1 30.6
182.2 30.6
182.3 30.6
182.4 30.6
182.5 30.6
182.6 30.6
182.7 30.6
182.8 30.6
182.9 30.6
183 30.4
183.1 30.4
183.2 30.4
183.3 30.4
183.4 30.4
183.5 30.4
183.6 30.4
183.7 30.4
183.8 30.4
183.9 30.4
184 30.3
184.1 30.3
184.2 30.3
184.3 30.3
184.4 30.3
184.5 30.3
184.6 30.3
184.7 30.3
184.8 30.3
184.9 30.3
185 30.3
185.1 30.3
185.2 30.3
185.3 30.3
185.4 30.3
185.5 30.3
185.6 30.3
185.7 30.3
185.8 30.3
185.9 30.3
186 30.3
186.1 30.3
186.2 30.3
186.3 30.3
186.4 30.3
186.5 30.3
186.6 30.3
186.7 30.3
186.8 30.3
186.9 30.3
187 30.4
187.1 30.4
187.2 30.4
187.3 30.4
187.4 30.4
187.5 30.4
187.6 30.4
187.7 30.4
187.8 30.4
187.9 30.4
188 30.5
188.1 30.5
188.2 30.5
188.3 30.5
188.4 30.5
188.5 30.5
188.6 30.5
188.7 30.5
188.8 30.5
188.9 30.5
189 30.6
189.1 30.6
189.2 30.6
189.3 30.6
189.4 30.6
189.5 30.6
189.6 30.6
189.7 30.6
189.8 30.6
189.9 30.6
190 30.7
190.1 30.7
190.2 30.7
190.3 30.7
190.4 30.7
190.5 30.7
190.6 30.7
190.7 30.7
190.8 30.7
190.9 30.7
191 30.9
191.1 30.9
191.2 30.9
191.3 30.9
191.4 30.9
191.5 30.9
191.6 30.9
191.7 30.9
191.8 30.9
191.9 30.9
192 31
192.1 31
192.2 31
192.3 31
192.4 31
192.5 31
192.6 31
192.7 31
192.8 31
192.9 31
193 31.2
193.1 31.2
193.2 31.2
193.3 31.2
193.4 31.2
193.5 31.2
193.6 31.2
193.7 31.2
193.8 31.2
193.9 31.2
194 31.3
194.1 31.3
194.2 31.3
194.3 31.3
194.4 31.3
194.5 31.3
194.6 31.3
194.7 31.3
194.8 31.3
194.9 31.3
195 31.5
195.1 31.5
195.2 31.5
195.3 31.5
195.4 31.5
195.5 31.5
195.6 31.5
195.7 31.5
195.8 31.5
195.9 31.5
196 31.6
196.1 31.6
196.2 31.6
196.3 31.6
196.4 31.6
196.5 31.6
196.6 31.6
196.7 31.6
196.8 31.6
196.9 31.6
197 31.8
197.1 31.8
197.2 31.8
197.3 31.8
197.4 31.8
197.5 31.8
197.6 31.8
197.7 31.8
197.8 31.8
197.9 31.8
198 32
198.1 32
198.2 32
198.3 32
198.4 32
198.5 32
198.6 32
198.7 32
198.8 32
198.9 32
199 32.1
199.1 32.1
199.2 32.1
199.3 32.1
199.4 32.1
199.5 32.1
199.6 32.1
199.7 32.1
199.8 32.1
199.9 32.1
200 32.3
200.1 32.3
200.2 32.3
200.3 32.3
200.4 32.3
200.5 32.3
200.6 32.3
200.7 32.3
200.8 32.3
200.9 32.3
201 31.8
201.1 31.8
201.2 31.8
201.3 31.8
201.4 31.8
201.5 31.8
201.6 31.8
201.7 31.8
201.8 31.8
201.9 31.8
202 31.4
202.1 31.4
202.2 31.4
202.3 31.4
202.4 31.4
202.5 31.4
202.6 31.4
202.7 31.4
202.8 31.4
202.9 31.4
203 31
203.1 31
203.2 31
203.3 31
203.4 31
203.5 31
203.6 31
203.7 31
203.8 31
203.9 31
204 30.7
204.1 30.7
204.2 30.7
204.3 30.7
204.4 30.7
204.5 30.7
204.6 30.7
204.7 30.7
204.8 30.7
204.9 30.7
205 30.5
205.1 30.5
205.2 30.5
205.3 30.5
205.4 30.5
205.5 30.5
205.6 30.5
205.7 30.5
205.8 30.5
205.9 30.5
206 30.4
206.1 30.4
206.2 30.4
206.3 30.4
206.4 30.4
206.5 30.4
206.6 30.4
206.7 30.4
206.8 30.4
206.9 30.4
207 30.3
207.1 30.3
207.2 30.3
207.3 30.3
207.4 30.3
207.5 30.3
207.6 30.3
207.7 30.3
207.8 30.3
207.9 30.3
208 30.3
208.1 30.3
208.2 30.3
208.3 30.3
208.4 30.3
208.5 30.3
208.6 30.3
208.7 30.3
208.8 30.3
208.9 30.3
209 30.3
209.1 30.3
209.2 30.3
209.3 30.3
209.4 30.3
209.5 30.3
209.6 30.3
209.7 30.3
209.8 30.3
209.9 30.3
210 30.3
210.1 30.3
210.2 30.3
210.3 30.3
210.4 30.3
210.5 30.3
210.6 30.3
210.7 30.3
210.8 30.3
210.9 30.3
211 30.4
211.1 30.4
211.2 30.4
211.3 30.4
211.4 30.4
211.5 30.4
211.6 30.4
211.7 30.4
211.8 30.4
211.9 30.4
212 30.4
212.1 30.4
212.2 30.4
212.3 30.4
212.4 30.4
212.5 30.4
212.6 30.4
212.7 30.4
212.8 30.4
212.9 30.4
213 30.4
213.1 30.4
213.2 30.4
213.3 30.4
213.4 30.4
213.5 30.4
213.6 30.4
213.7 30.4
213.8 30.4
213.9 30.4
214 30.4
214.1 30.4
214.2 30.4
214.3 30.4
214.4 30.4
214.5 30.4
214.6 30.4
214.7 30.4
214.8 30.4
214.9 30.4
215 30.4
215.1 30.4
215.2 30.4
215.3 30.4
215.4 30.4
215.5 30.4
215.6 30.4
215.7 30.4
215.8 30.4
215.9 30.4
216 30.4
216.1 30.4
216.2 30.4
216.3 30.4
216.4 30.4
216.5 30.4
216.6 30.4
216.7 30.4
216.8 30.4
216.9 30.4
217 30.4
217.1 30.4
217.2 30.4
217.3 30.4
217.4 30.4
217.5 30.4
217.6 30.4
217.7 30.4
217.8 30.4
217.9 30.4
218 30.4
218.1 30.4
218.2 30.4
218.3 30.4
218.4 30.4
218.5 30.4
218.6 30.4
218.7 30.4
218.8 30.4
218.9 30.4
219 30.4
219.1 30.4
219.2 30.4
219.3 30.4
219.4 30.4
219.5 30.4
219.6 30.4
219.7 30.4
219.8 30.4
219.9 30.4
220 30.4
220.1 30.4
220.2 30.4
220.3 30.4
220.4 30.4
220.5 30.4
220.6 30.4
220.7 30.4
220.8 30.4
220.9 30.4
221 30.4
221.1 30.4
221.2 30.4
221.3 30.4
221.4 30.4
221.5 30.4
221.6 30.4
221.7 30.4
221.8 30.4
221.9 30.4
222 30.4
222.1 30.4
222.2 30.4
222.3 30.4
222.4 30.4
222.5 30.4
222.6 30.4
222.7 30.4
222.8 30.4
222.9 30.4
223 30.4
223.1 30.4
223.2 30.4
223.3 30.4
223.4 30.4
223.5 30.4
223.6 30.4
223.7 30.4
223.8 30.4
223.9 30.4
224 30.4
224.1 30.4
224.2 30.4
224.3 30.4
224.4 30.4
224.5 30.4
224.6 30.4
224.7 30.4
224.8 30.4
224.9 30.4
225 30.4
225.1 30.4
225.2 30.4
225.3 30.4
225.4 30.4
225.5 30.4
225.6 30.4
225.7 30.4
225.8 30.4
225.9 30.4
226 30.5
226.1 30.5
226.2 30.5
226.3 30.5
226.4 30.5
226.5 30.5
226.6 30.5
226.7 30.5
226.8 30.5
226.9 30.5
227 30.5
227.1 30.5
227.2 30.5
227.3 30.5
227.4 30.5
227.5 30.5
227.6 30.5
227.7 30.5
227.8 30.5
227.9 30.5
228 30.5
228.1 30.5
228.2 30.5
228.3 30.5
228.4 30.5
228.5 30.5
228.6 30.5
228.7 30.5
228.8 30.5
228.9 30.5
229 30.5
229.1 30.5
229.2 30.5
229.3 30.5
229.4 30.5
229.5 30.5
229.6 30.5
229.7 30.5
229.8 30.5
229.9 30.5
230 29.8
230.1 29.8
230.2 29.8
230.3 29.8
230.4 29.8
230.5 29.8
230.6 29.8
230.7 29.8
230.8 29.8
230.9 29.8
231 29.2
231.1 29.2
231.2 29.2
231.3 29.2
231.4 29.2
231.5 29.2
231.6 29.2
231.7 29.2
231.8 29.2
231.9 29.2
232 28.7
232.1 28.7
232.2 28.7
232.3 28.7
232.4 28.7
232.5 28.7
232.6 28.7
232.7 28.7
232.8 28.7
232.9 28.7
233 28.2
233.1 28.2
233.2 28.2
233.3 28.2
233.4 28.2
233.5 28.2
233.6 28.2
233.7 28.2
233.8 28.2
233.9 28.2
234 27.8
234.1 27.8
234.2 27.8
234.3 27.8
234.4 27.8
234.5 27.8
234.6 27.8
234.7 27.8
234.8 27.8
234.9 27.8
235 27.4
235.1 27.4
235.2 27.4
235.3 27.4
235.4 27.4
235.5 27.4
235.6 27.4
235.7 27.4
235.8 27.4
235.9 27.4
236 27
236.1 27
236.2 27
236.3 27
236.4 27
236.5 27
236.6 27
236.7 27
236.8 27
236.9 27
237 26.7
237.1 26.7
237.2 26.7
237.3 26.7
237.4 26.7
237.5 26.7
237.6 26.7
237.7 26.7
237.8 26.7
237.9 26.7
238 26.3
238.1 26.3
238.2 26.3
238.3 26.3
238.4 26.3
238.5 26.3
238.6 26.3
238.7 26.3
238.8 26.3
238.9 26.3
239 26
239.1 26
239.2 26
239.3 26
239.4 26
239.5 26
239.6 26
239.7 26
239.8 26
239.9 26
240 25.7
240.1 25.7
240.2 25.7
240.3 25.7
240.4 25.7
240.5 25.7
240.6 25.7
240.7 25.7
240.8 25.7
240.9 25.7
241 26
241.1 26
241.2 26
241.3 26
241.4 26
241.5 26
241.6 26
241.7 26
241.8 26
241.9 26
242 26.3
242.1 26.3
242.2 26.3
242.3 26.3
242.4 26.3
242.5 26.3
242.6 26.3
242.7 26.3
242.8 26.3
242.9 26.3
243 26.5
243.1 26.5
243.2 26.5
243.3 26.5
243.4 26.5
243.5 26.5
243.6 26.5
243.7 26.5
243.8 26.5
243.9 26.5
244 26.7
244.1 26.7
244.2 26.7
244.3 26.7
244.4 26.7
244.5 26.7
244.6 26.7
244.7 26.7
244.8 26.7
244.9 26.7
245 26.8
245.1 26.8
245.2 26.8
245.3 26.8
245.4 26.8
245.5 26.8
245.6 26.8
245.7 26.8
245.8 26.8
245.9 26.8
246 26.9
246.1 26.9
246.2 26.9
246.3 26.9
246.4 26.9
246.5 26.9
246.6 26.9
246.7 26.9
246.8 26.9
246.9 26.9
247 27
247.1 27
247.2 27
247.3 27
247.4 27
247.5 27
247.6 27
247.7 27
247.8 27
247.9 27
248 27
248.1 27
248.2 27
248.3 27
248.4 27
248.5 27
248.6 27
248.7 27
248.8 27
248.9 27
249 27.1
249.1 27.1
249.2 27.1
249.3 27.1
249.4 27.1
249.5 27.1
249.6 27.1
249.7 27.1
249.8 27.1
249.9 27.1
250 27.1
250.1 27.1
250.2 27.1
250.3 27.1
250.4 27.1
250.5 27.1
250.6 27.1
250.7 27.1
250.8 27.1
250.9 27.1
251 27.1
251.1 27.1
251.2 27.1
251.3 27.1
251.4 27.1
251.5 27.1
251.6 27.1
251.7 27.1
251.8 27.1
251.9 27.1
252 27.1
252.1 27.1
252.2 27.1
252.3 27.1
252.4 27.1
252.5 27.1
252.6 27.1
252.7 27.1
252.8 27.1
252.9 27.1
253 27.1
253.1 27.1
253.2 27.1
253.3 27.1
253.4 27.1
253.5 27.1
253.6 27.1
253.7 27.1
253.8 27.1
253.9 27.1
254 27.2
254.1 27.2
254.2 27.2
254.3 27.2
254.4 27.2
254.5 27.2
254.6 27.2
254.7 27.2
254.8 27.2
254.9 27.2
255 27.3
255.1 27.3
255.2 27.3
255.3 27.3
255.4 27.3
255.5 27.3
255.6 27.3
255.7 27.3
255.8 27.3
255.9 27.3
256 27.4
256.1 27.4
256.2 27.4
256.3 27.4
256.4 27.4
256.5 27.4
256.6 27.4
256.7 27.4
256.8 27.4
256.9 27.4
257 27.5
257.1 27.5
257.2 27.5
257.3 27.5
257.4 27.5
257.5 27.5
257.6 27.5
257.7 27.5
257.8 27.5
257.9 27.5
258 27.6
258.1 27.6
258.2 27.6
258.3 27.6
258.4 27.6
258.5 27.6
258.6 27.6
258.7 27.6
258.8 27.6
258.9 27.6
259 27.6
259.1 27.6
259.2 27.6
259.3 27.6
259.4 27.6
259.5 27.6
259.6 27.6
259.7 27.6
259.8 27.6
259.9 27.6
260 27.7
260.1 27.7
260.2 27.7
260.3 27.7
260.4 27.7
260.5 27.7
260.6 27.7
260.7 27.7
260.8 27.7
260.9 27.7
261 27.6
261.1 27.6
261.2 27.6
261.3 27.6
261.4 27.6
261.5 27.6
261.6 27.6
261.7 27.6
261.8 27.6
261.9 27.6
262 27.7
262.1 27.7
262.2 27.7
262.3 27.7
262.4 27.7
262.5 27.7
262.6 27.7
262.7 27.7
262.8 27.7
262.9 27.7
263 27.7
263.1 27.7
263.2 27.7
263.3 27.7
263.4 27.7
263.5 27.7
263.6 27.7
263.7 27.7
263.8 27.7
263.9 27.7
264 27.9
264.1 27.9
264.2 27.9
264.3 27.9
264.4 27.9
264.5 27.9
264.6 27.9
264.7 27.9
264.8 27.9
264.9 27.9
265 28
265.1 28
265.2 28
265.3 28
265.4 28
265.5 28
265.6 28
265.7 28
265.8 28
265.9 28
266 28
266.1 28
266.2 28
266.3 28
266.4 28
266.5 28
266.6 28
266.7 28
266.8 28
266.9 28
267 28
267.1 28
267.2 28
267.3 28
267.4 28
267.5 28
267.6 28
267.7 28
267.8 28
267.9 28
268 28
268.1 28
268.2 28
268.3 28
268.4 28
268.5 28
268.6 28
268.7 28
268.8 28
268.9 28
269 28
269.1 28
269.2 28
269.3 28
269.4 28
269.5 28
269.6 28
269.7 28
269.8 28
269.9 28
270 28
270.1 28
270.2 28
270.3 28
270.4 28
270.5 28
270.6 28
270.7 28
270.8 28
270.9 28
271 28
271.1 28
271.2 28
271.3 28
271.4 28
271.5 28
271.6 28
271.7 28
271.8 28
271.9 28
272 28
272.1 28
272.2 28
272.3 28
272.4 28
272.5 28
272.6 28
272.7 28
272.8 28
272.9 28
273 27.9
273.1 27.9
273.2 27.9
273.3 27.9
273.4 27.9
273.5 27.9
273.6 27.9
273.7 27.9
273.8 27.9
273.9 27.9
274 27.9
274.1 27.9
274.2 27.9
274.3 27.9
274.4 27.9
274.5 27.9
274.6 27.9
274.7 27.9
274.8 27.9
274.9 27.9
275 27.9
275.1 27.9
275.2 27.9
275.3 27.9
275.4 27.9
275.5 27.9
275.6 27.9
275.7 27.9
275.8 27.9
275.9 27.9
276 27.9
276.1 27.9
276.2 27.9
276.3 27.9
276.4 27.9
276.5 27.9
276.6 27.9
276.7 27.9
276.8 27.9
276.9 27.9
277 27.9
277.1 27.9
277.2 27.9
277.3 27.9
277.4 27.9
277.5 27.9
277.6 27.9
277.7 27.9
277.8 27.9
277.9 27.9
278 27.9
278.1 27.9
278.2 27.9
278.3 27.9
278.4 27.9
278.5 27.9
278.6 27.9
278.7 27.9
278.8 27.9
278.9 27.9
279 27.9
279.1 27.9
279.2 27.9
279.3 27.9
279.4 27.9
279.5 27.9
279.6 27.9
279.7 27.9
279.8 27.9
279.9 27.9
280 27.9
280.1 27.9
280.2 27.9
280.3 27.9
280.4 27.9
280.5 27.9
280.6 27.9
280.7 27.9
280.8 27.9
280.9 27.9
281 27.9
281.1 27.9
281.2 27.9
281.3 27.9
281.4 27.9
281.5 27.9
281.6 27.9
281.7 27.9
281.8 27.9
281.9 27.9
282 27.9
282.1 27.9
282.2 27.9
282.3 27.9
282.4 27.9
282.5 27.9
282.6 27.9
282.7 27.9
282.8 27.9
282.9 27.9
283 27.9
283.1 27.9
283.2 27.9
283.3 27.9
283.4 27.9
283.5 27.9
283.6 27.9
283.7 27.9
283.8 27.9
283.9 27.9
284 27.9
284.1 27.9
284.2 27.9
284.3 27.9
284.4 27.9
284.5 27.9
284.6 27.9
284.7 27.9
284.8 27.9
284.9 27.9
285 27.9
285.1 27.9
285.2 27.9
285.3 27.9
285.4 27.9
285.5 27.9
285.6 27.9
285.7 27.9
285.8 27.9
285.9 27.9
286 27.9
286.1 27.9
286.2 27.9
286.3 27.9
286.4 27.9
286.5 27.9
286.6 27.9
286.7 27.9
286.8 27.9
286.9 27.9
287 27.9
287.1 27.9
287.2 27.9
287.3 27.9
287.4 27.9
287.5 27.9
287.6 27.9
287.7 27.9
287.8 27.9
287.9 27.9
288 27.9
288.1 27.9
288.2 27.9
288.3 27.9
288.4 27.9
288.5 27.9
288.6 27.9
288.7 27.9
288.8 27.9
288.9 27.9
289 27.9
289.1 27.9
289.2 27.9
289.3 27.9
289.4 27.9
289.5 27.9
289.6 27.9
289.7 27.9
289.8 27.9
289.9 27.9
290 27.9
290.1 27.9
290.2 27.9
290.3 27.9
290.4 27.9
290.5 27.9
290.6 27.9
290.7 27.9
290.8 27.9
290.9 27.9
291 27.9
291.1 27.9
291.2 27.9
291.3 27.9
291.4 27.9
291.5 27.9
291.6 27.9
291.7 27.9
291.8 27.9
291.9 27.9
292 27.9
292.1 27.9
292.2 27.9
292.3 27.9
292.4 27.9
292.5 27.9
292.6 27.9
292.7 27.9
292.8 27.9
292.9 27.9
293 27.9
293.1 27.9
293.2 27.9
293.3 27.9
293.4 27.9
293.5 27.9
293.6 27.9
293.7 27.9
293.8 27.9
293.9 27.9
294 27.9
294.1 27.9
294.2 27.9
294.3 27.9
294.4 27.9
294.5 27.9
294.6 27.9
294.7 27.9
294.8 27.9
294.9 27.9
295 27.9
295.1 27.9
295.2 27.9
295.3 27.9
295.4 27.9
295.5 27.9
295.6 27.9
295.7 27.9
295.8 27.9
295.9 27.9
296 27.9
296.1 27.9
296.2 27.9
296.3 27.9
296.4 27.9
296.5 27.9
296.6 27.9
296.7 27.9
296.8 27.9
296.9 27.9
297 27.9
297.1 27.9
297.2 27.9
297.3 27.9
297.4 27.9
297.5 27.9
297.6 27.9
297.7 27.9
297.8 27.9
297.9 27.9
298 27.9
298.1 27.9
298.2 27.9
298.3 27.9
298.4 27.9
298.5 27.9
298.6 27.9
298.7 27.9
298.8 27.9
298.9 27.9
299 27.9
299.1 27.9
299.2 27.9
299.3 27.9
299.4 27.9
299.5 27.9
299.6 27.9
299.7 27.9
299.8 27.9
299.9 27.9
300 27.9
300.1 27.9
300.2 27.9
300.3 27.9
300.4 27.9
300.5 27.9
300.6 27.9
300.7 27.9
300.8 27.9
300.9 27.9
301 27.9
301.1 27.9
301.2 27.9
301.3 27.9
301.4 27.9
301.5 27.9
301.6 27.9
301.7 27.9
301.8 27.9
301.9 27.9
302 27.9
302.1 27.9
302.2 27.9
302.3 27.9
302.4 27.9
302.5 27.9
302.6 27.9
302.7 27.9
302.8 27.9
302.9 27.9
303 27.9
303.1 27.9
303.2 27.9
303.3 27.9
303.4 27.9
303.5 27.9
303.6 27.9
303.7 27.9
303.8 27.9
303.9 27.9
304 27.9
304.1 27.9
304.2 27.9
304.3 27.9
304.4 27.9
304.5 27.9
304.6 27.9
304.7 27.9
304.8 27.9
304.9 27.9
305 27.9
305.1 27.9
305.2 27.9
305.3 27.9
305.4 27.9
305.5 27.9
305.6 27.9
305.7 27.9
305.8 27.9
305.9 27.9
306 27.9
306.1 27.9
306.2 27.9
306.3 27.9
306.4 27.9
306.5 27.9
306.6 27.9
306.7 27.9
306.8 27.9
306.9 27.9
307 27.9
307.1 27.9
307.2 27.9
307.3 27.9
307.4 27.9
307.5 27.9
307.6 27.9
307.7 27.9
307.8 27.9
307.9 27.9
308 27.9
308.1 27.9
308.2 27.9
308.3 27.9
308.4 27.9
308.5 27.9
308.6 27.9
308.7 27.9
308.8 27.9
308.9 27.9
309 27.9
309.1 27.9
309.2 27.9
309.3 27.9
309.4 27.9
309.5 27.9
309.6 27.9
309.7 27.9
309.8 27.9
309.9 27.9
310 27.9
310.1 27.9
310.2 27.9
310.3 27.9
310.4 27.9
310.5 27.9
310.6 27.9
310.7 27.9
310.8 27.9
310.9 27.9
311 27.9
311.1 27.9
311.2 27.9
311.3 27.9
311.4 27.9
311.5 27.9
311.6 27.9
311.7 27.9
311.8 27.9
311.9 27.9
312 27.9
312.1 27.9
312.2 27.9
312.3 27.9
312.4 27.9
312.5 27.9
312.6 27.9
312.7 27.9
312.8 27.9
312.9 27.9
313 27.9
313.1 27.9
313.2 27.9
313.3 27.9
313.4 27.9
313.5 27.9
313.6 27.9
313.7 27.9
313.8 27.9
313.9 27.9
314 27.9
314.1 27.9
314.2 27.9
314.3 27.9
314.4 27.9
314.5 27.9
314.6 27.9
314.7 27.9
314.8 27.9
314.9 27.9
315 27.9
315.1 27.9
315.2 27.9
315.3 27.9
315.4 27.9
315.5 27.9
315.6 27.9
315.7 27.9
315.8 27.9
315.9 27.9
316 27.9
316.1 27.9
316.2 27.9
316.3 27.9
316.4 27.9
316.5 27.9
316.6 27.9
316.7 27.9
316.8 27.9
316.9 27.9
317 27.9
317.1 27.9
317.2 27.9
317.3 27.9
317.4 27.9
317.5 27.9
317.6 27.9
317.7 27.9
317.8 27.9
317.9 27.9
318 27.9
318.1 27.9
318.2 27.9
318.3 27.9
318.4 27.9
318.5 27.9
318.6 27.9
318.7 27.9
318.8 27.9
318.9 27.9
319 27.9
319.1 27.9
319.2 27.9
319.3 27.9
319.4 27.9
319.5 27.9
319.6 27.9
319.7 27.9
319.8 27.9
319.9 27.9
320 27.9
320.1 27.9
320.2 27.9
320.3 27.9
320.4 27.9
320.5 27.9
320.6 27.9
320.7 27.9
320.8 27.9
320.9 27.9
321 27.9
321.1 27.9
321.2 27.9
321.3 27.9
321.4 27.9
321.5 27.9
321.6 27.9
321.7 27.9
321.8 27.9
321.9 27.9
322 27.9
322.1 27.9
322.2 27.9
322.3 27.9
322.4 27.9
322.5 27.9
322.6 27.9
322.7 27.9
322.8 27.9
322.9 27.9
323 27.9
323.1 27.9
323.2 27.9
323.3 27.9
323.4 27.9
323.5 27.9
323.6 27.9
323.7 27.9
323.8 27.9
323.9 27.9
324 27.9
324.1 27.9
324.2 27.9
324.3 27.9
324.4 27.9
324.5 27.9
324.6 27.9
324.7 27.9
324.8 27.9
324.9 27.9
325 27.9
325.1 27.9
325.2 27.9
325.3 27.9
325.4 27.9
325.5 27.9
325.6 27.9
325.7 27.9
325.8 27.9
325.9 27.9
326 27.9
326.1 27.9
326.2 27.9
326.3 27.9
326.4 27.9
326.5 27.9
326.6 27.9
326.7 27.9
326.8 27.9
326.9 27.9
327 27.9
327.1 27.9
327.2 27.9
327.3 27.9
327.4 27.9
327.5 27.9
327.6 27.9
327.7 27.9
327.8 27.9
327.9 27.9
328 27.9
328.1 27.9
328.2 27.9
328.3 27.9
328.4 27.9
328.5 27.9
328.6 27.9
328.7 27.9
328.8 27.9
328.9 27.9
329 27.9
329.1 27.9
329.2 27.9
329.3 27.9
329.4 27.9
329.5 27.9
329.6 27.9
329.7 27.9
329.8 27.9
329.9 27.9
330 27.9
330.1 27.9
330.2 27.9
330.3 27.9
330.4 27.9
330.5 27.9
330.6 27.9
330.7 27.9
330.8 27.9
330.9 27.9
331 27.9
331.1 27.9
331.2 27.9
331.3 27.9
331.4 27.9
331.5 27.9
331.6 27.9
331.7 27.9
331.8 27.9
331.9 27.9
332 27.9
332.1 27.9
332.2 27.9
332.3 27.9
332.4 27.9
332.5 27.9
332.6 27.9
332.7 27.9
332.8 27.9
332.9 27.9
333 27.9
333.1 27.9
333.2 27.9
333.3 27.9
333.4 27.9
333.5 27.9
333.6 27.9
333.7 27.9
333.8 27.9
333.9 27.9
334 27.9
334.1 27.9
334.2 27.9
334.3 27.9
334.4 27.9
334.5 27.9
334.6 27.9
334.7 27.9
334.8 27.9
334.9 27.9
335 27.9
335.1 27.9
335.2 27.9
335.3 27.9
335.4 27.9
335.5 27.9
335.6 27.9
335.7 27.9
335.8 27.9
335.9 27.9
336 27.9
336.1 27.9
336.2 27.9
336.3 27.9
336.4 27.9
336.5 27.9
336.6 27.9
336.7 27.9
336.8 27.9
336.9 27.9
337 27.9
337.1 27.9
337.2 27.9
337.3 27.9
337.4 27.9
337.5 27.9
337.6 27.9
337.7 27.9
337.8 27.9
337.9 27.9
338 27.9
338.1 27.9
338.2 27.9
338.3 27.9
338.4 27.9
338.5 27.9
338.6 27.9
338.7 27.9
338.8 27.9
338.9 27.9
339 27.9
339.1 27.9
339.2 27.9
339.3 27.9
339.4 27.9
339.5 27.9
339.6 27.9
339.7 27.9
339.8 27.9
339.9 27.9
340 27.9
340.1 27.9
340.2 27.9
340.3 27.9
340.4 27.9
340.5 27.9
340.6 27.9
340.7 27.9
340.8 27.9
340.9 27.9
341 27.9
341.1 27.9
341.2 27.9
341.3 27.9
341.4 27.9
341.5 27.9
341.6 27.9
341.7 27.9
341.8 27.9
341.9 27.9
342 27.9
342.1 27.9
342.2 27.9
342.3 27.9
342.4 27.9
342.5 27.9
342.6 27.9
342.7 27.9
342.8 27.9
342.9 27.9
343 27.9
343.1 27.9
343.2 27.9
343.3 27.9
343.4 27.9
343.5 27.9
343.6 27.9
343.7 27.9
343.8 27.9
343.9 27.9
344 27.9
344.1 27.9
344.2 27.9
344.3 27.9
344.4 27.9
344.5 27.9
344.6 27.9
344.7 27.9
344.8 27.9
344.9 27.9
345 27.9
345.1 27.9
345.2 27.9
345.3 27.9
345.4 27.9
345.5 27.9
345.6 27.9
345.7 27.9
345.8 27.9
345.9 27.9
346 27.9
346.1 27.9
346.2 27.9
346.3 27.9
346.4 27.9
346.5 27.9
346.6 27.9
346.7 27.9
346.8 27.9
346.9 27.9
347 27.9
347.1 27.9
347.2 27.9
347.3 27.9
347.4 27.9
347.5 27.9
347.6 27.9
347.7 27.9
347.8 27.9
347.9 27.9
348 27.9
348.1 27.9
348.2 27.9
348.3 27.9
348.4 27.9
348.5 27.9
348.6 27.9
348.7 27.9
348.8 27.9
348.9 27.9
349 27.9
349.1 27.9
349.2 27.9
349.3 27.9
349.4 27.9
349.5 27.9
349.6 27.9
349.7 27.9
349.8 27.9
349.9 27.9
350 27.9
350.1 27.9
350.2 27.9
350.3 27.9
350.4 27.9
350.5 27.9
350.6 27.9
350.7 27.9
350.8 27.9
350.9 27.9
351 27.9
351.1 27.9
351.2 27.9
351.3 27.9
351.4 27.9
351.5 27.9
351.6 27.9
351.7 27.9
351.8 27.9
351.9 27.9
352 27.9
352.1 27.9
352.2 27.9
352.3 27.9
352.4 27.9
352.5 27.9
352.6 27.9
352.7 27.9
352.8 27.9
352.9 27.9
353 27.9
353.1 27.9
353.2 27.9
353.3 27.9
353.4 27.9
353.5 27.9
353.6 27.9
353.7 27.9
353.8 27.9
353.9 27.9
354 27.9
354.1 27.9
354.2 27.9
354.3 27.9
354.4 27.9
354.5 27.9
354.6 27.9
354.7 27.9
354.8 27.9
354.9 27.9
355 27.9
355.1 27.9
355.2 27.9
355.3 27.9
355.4 27.9
355.5 27.9
355.6 27.9
355.7 27.9
355.8 27.9
355.9 27.9
356 27.9
356.1 27.9
356.2 27.9
356.3 27.9
356.4 27.9
356.5 27.9
356.6 27.9
356.7 27.9
356.8 27.9
356.9 27.9
357 27.9
357.1 27.9
357.2 27.9
357.3 27.9
357.4 27.9
357.5 27.9
357.6 27.9
357.7 27.9
357.8 27.9
357.9 27.9
358 27.9
358.1 27.9
358.2 27.9
358.3 27.9
358.4 27.9
358.5 27.9
358.6 27.9
358.7 27.9
358.8 27.9
358.9 27.9
359 27.9
359.1 27.9
359.2 27.9
359.3 27.9
359.4 27.9
359.5 27.9
359.6 27.9
359.7 27.9
359.8 27.9
359.9 27.9
360 27.9
360.1 27.9
360.2 27.9
360.3 27.9
360.4 27.9
360.5 27.9
360.6 27.9
360.7 27.9
360.8 27.9
360.9 27.9
361 27.9
361.1 27.9
361.2 27.9
361.3 27.9
361.4 27.9
361.5 27.9
361.6 27.9
361.7 27.9
361.8 27.9
361.9 27.9
362 30.7
362.1 30.7
362.2 30.7
362.3 30.7
362.4 30.7
362.5 30.7
362.6 30.7
362.7 30.7
362.8 30.7
362.9 30.7
363 32.7
363.1 32.7
363.2 32.7
363.3 32.7
363.4 32.7
363.5 32.7
363.6 32.7
363.7 32.7
363.8 32.7
363.9 32.7
364 33.9
364.1 33.9
364.2 33.9
364.3 33.9
364.4 33.9
364.5 33.9
364.6 33.9
364.7 33.9
364.8 33.9
364.9 33.9
365 34.6
365.1 34.6
365.2 34.6
365.3 34.6
365.4 34.6
365.5 34.6
365.6 34.6
365.7 34.6
365.8 34.6
365.9 34.6
366 35
366.1 35
366.2 35
366.3 35
366.4 35
366.5 35
366.6 35
366.7 35
366.8 35
366.9 35
367 35.2
367.1 35.2
367.2 35.2
367.3 35.2
367.4 35.2
367.5 35.2
367.6 35.2
367.7 35.2
367.8 35.2
367.9 35.2
368 35.3
368.1 35.3
368.2 35.3
368.3 35.3
368.4 35.3
368.5 35.3
368.6 35.3
368.7 35.3
368.8 35.3
368.9 35.3
369 35.4
369.1 35.4
369.2 35.4
369.3 35.4
369.4 35.4
369.5 35.4
369.6 35.4
369.7 35.4
369.8 35.4
369.9 35.4
370 35
370.1 35
370.2 35
370.3 35
370.4 35
370.5 35
370.6 35
370.7 35
370.8 35
370.9 35
371 34.6
371.1 34.6
371.2 34.6
371.3 34.6
371.4 34.6
371.5 34.6
371.6 34.6
371.7 34.6
371.8 34.6
371.9 34.6
372 34.5
372.1 34.5
372.2 34.5
372.3 34.5
372.4 34.5
372.5 34.5
372.6 34.5
372.7 34.5
372.8 34.5
372.9 34.5
373 33.8
373.1 33.8
373.2 33.8
373.3 33.8
373.4 33.8
373.5 33.8
373.6 33.8
373.7 33.8
373.8 33.8
373.9 33.8
374 33.4
374.1 33.4
374.2 33.4
374.3 33.4
374.4 33.4
374.5 33.4
374.6 33.4
374.7 33.4
374.8 33.4
374.9 33.4
375 32.5
375.1 32.5
375.2 32.5
375.3 32.5
375.4 32.5
375.5 32.5
375.6 32.5
375.7 32.5
375.8 32.5
375.9 32.5
376 31.8
376.1 31.8
376.2 31.8
376.3 31.8
376.4 31.8
376.5 31.8
376.6 31.8
376.7 31.8
376.8 31.8
376.9 31.8
377 31.4
377.1 31.4
377.2 31.4
377.3 31.4
377.4 31.4
377.5 31.4
377.6 31.4
377.7 31.4
377.8 31.4
377.9 31.4
378 30.4
378.1 30.4
378.2 30.4
378.3 30.4
378.4 30.4
378.5 30.4
378.6 30.4
378.7 30.4
378.8 30.4
378.9 30.4
379 29.8
379.1 29.8
379.2 29.8
379.3 29.8
379.4 29.8
379.5 29.8
379.6 29.8
379.7 29.8
379.8 29.8
379.9 29.8
380 28.6
380.1 28.6
380.2 28.6
380.3 28.6
380.4 28.6
380.5 28.6
380.6 28.6
380.7 28.6
380.8 28.6
380.9 28.6
381 27.7
381.1 27.7
381.2 27.7
381.3 27.7
381.4 27.7
381.5 27.7
381.6 27.7
381.7 27.7
381.8 27.7
381.9 27.7
382 27
382.1 27
382.2 27
382.3 27
382.4 27
382.5 27
382.6 27
382.7 27
382.8 27
382.9 27
383 25.8
383.1 25.8
383.2 25.8
383.3 25.8
383.4 25.8
383.5 25.8
383.6 25.8
383.7 25.8
383.8 25.8
383.9 25.8
384 24.8
384.1 24.8
384.2 24.8
384.3 24.8
384.4 24.8
384.5 24.8
384.6 24.8
384.7 24.8
384.8 24.8
384.9 24.8
385 24.1
385.1 24.1
385.2 24.1
385.3 24.1
385.4 24.1
385.5 24.1
385.6 24.1
385.7 24.1
385.8 24.1
385.9 24.1
386 22.8
386.1 22.8
386.2 22.8
386.3 22.8
386.4 22.8
386.5 22.8
386.6 22.8
386.7 22.8
386.8 22.8
386.9 22.8
387 21.7
387.1 21.7
387.2 21.7
387.3 21.7
387.4 21.7
387.5 21.7
387.6 21.7
387.7 21.7
387.8 21.7
387.9 21.7
388 20.8
388.1 20.8
388.2 20.8
388.3 20.8
388.4 20.8
388.5 20.8
388.6 20.8
388.7 20.8
388.8 20.8
388.9 20.8
389 20
389.1 20
389.2 20
389.3 20
389.4 20
389.5 20
389.6 20
389.7 20
389.8 20
389.9 20
390 19.4
390.1 19.4
390.2 19.4
390.3 19.4
390.4 19.4
390.5 19.4
390.6 19.4
390.7 19.4
390.8 19.4
390.9 19.4
391 18.2
391.1 18.2
391.2 18.2
391.3 18.2
391.4 18.2
391.5 18.2
391.6 18.2
391.7 18.2
391.8 18.2
391.9 18.2
392 17.1
392.1 17.1
392.2 17.1
392.3 17.1
392.4 17.1
392.5 17.1
392.6 17.1
392.7 17.1
392.8 17.1
392.9 17.1
393 16.1
393.1 16.1
393.2 16.1
393.3 16.1
393.4 16.1
393.5 16.1
393.6 16.1
393.7 16.1
393.8 16.1
393.9 16.1
394 15.2
394.1 15.2
394.2 15.2
394.3 15.2
394.4 15.2
394.5 15.2
394.6 15.2
394.7 15.2
394.8 15.2
394.9 15.2
395 14.5
395.1 14.5
395.2 14.5
395.3 14.5
395.4 14.5
395.5 14.5
395.6 14.5
395.7 14.5
395.8 14.5
395.9 14.5
396 13.8
396.1 13.8
396.2 13.8
396.3 13.8
396.4 13.8
396.5 13.8
396.6 13.8
396.7 13.8
396.8 13.8
396.9 13.8
397 13.1
397.1 13.1
397.2 13.1
397.3 13.1
397.4 13.1
397.5 13.1
397.6 13.1
397.7 13.1
397.8 13.1
397.9 13.1
398 12.5
398.1 12.5
398.2 12.5
398.3 12.5
398.4 12.5
398.5 12.5
398.6 12.5
398.7 12.5
398.8 12.5
398.9 12.5
399 11.8
399.1 11.8
399.2 11.8
399.3 11.8
399.4 11.8
399.5 11.8
399.6 11.8
399.7 11.8
399.8 11.8
399.9 11.8
400 11.2
400.1 11.2
400.2 11.2
400.3 11.2
400.4 11.2
400.5 11.2
400.6 11.2
400.7 11.2
400.8 11.2
400.9 11.2
401 10.6
401.1 10.6
401.2 10.6
401.3 10.6
401.4 10.6
401.5 10.6
401.6 10.6
401.7 10.6
401.8 10.6
401.9 10.6
402 9.9
402.1 9.9
402.2 9.9
402.3 9.9
402.4 9.9
402.5 9.9
402.6 9.9
402.7 9.9
402.8 9.9
402.9 9.9
403 9.4
403.1 9.4
403.2 9.4
403.3 9.4
403.4 9.4
403.5 9.4
403.6 9.4
403.7 9.4
403.8 9.4
403.9 9.4
404 8.8
404.1 8.8
404.2 8.8
404.3 8.8
404.4 8.8
404.5 8.8
404.6 8.8
404.7 8.8
404.8 8.8
404.9 8.8
405 8.9
405.1 8.9
405.2 8.9
405.3 8.9
405.4 8.9
405.5 8.9
405.6 8.9
405.7 8.9
405.8 8.9
405.9 8.9
406 9
406.1 9
406.2 9
406.3 9
406.4 9
406.5 9
406.6 9
406.7 9
406.8 9
406.9 9
407 8.9
407.1 8.9
407.2 8.9
407.3 8.9
407.4 8.9
407.5 8.9
407.6 8.9
407.7 8.9
407.8 8.9
407.9 8.9
408 8.7
408.1 8.7
408.2 8.7
408.3 8.7
408.4 8.7
408.5 8.7
408.6 8.7
408.7 8.7
408.8 8.7
408.9 8.7
409 8.5
409.1 8.5
409.2 8.5
409.3 8.5
409.4 8.5
409.5 8.5
409.6 8.5
409.7 8.5
409.8 8.5
409.9 8.5
410 8.3
410.1 8.3
410.2 8.3
410.3 8.3
410.4 8.3
410.5 8.3
410.6 8.3
410.7 8.3
410.8 8.3
410.9 8.3
411 8
411.1 8
411.2 8
411.3 8
411.4 8
411.5 8
411.6 8
411.7 8
411.8 8
411.9 8
412 7.7
412.1 7.7
412.2 7.7
412.3 7.7
412.4 7.7
412.5 7.7
412.6 7.7
412.7 7.7
412.8 7.7
412.9 7.7
413 8.1
413.1 8.1
413.2 8.1
413.3 8.1
413.4 8.1
413.5 8.1
413.6 8.1
413.7 8.1
413.8 8.1
413.9 8.1
414 8.4
414.1 8.4
414.2 8.4
414.3 8.4
414.4 8.4
414.5 8.4
414.6 8.4
414.7 8.4
414.8 8.4
414.9 8.4
415 8.6
415.1 8.6
415.2 8.6
415.3 8.6
415.4 8.6
415.5 8.6
415.6 8.6
415.7 8.6
415.8 8.6
415.9 8.6
416 8.7
416.1 8.7
416.2 8.7
416.3 8.7
416.4 8.7
416.5 8.7
416.6 8.7
416.7 8.7
416.8 8.7
416.9 8.7
417 8.8
417.1 8.8
417.2 8.8
417.3 8.8
417.4 8.8
417.5 8.8
417.6 8.8
417.7 8.8
417.8 8.8
417.9 8.8
418 8.9
418.1 8.9
418.2 8.9
418.3 8.9
418.4 8.9
418.5 8.9
418.6 8.9
418.7 8.9
418.8 8.9
418.9 8.9
419 8.9
419.1 8.9
419.2 8.9
419.3 8.9
419.4 8.9
419.5 8.9
419.6 8.9
419.7 8.9
419.8 8.9
419.9 8.9
420 9.4
420.1 9.4
420.2 9.4
420.3 9.4
420.4 9.4
420.5 9.4
420.6 9.4
420.7 9.4
420.8 9.4
420.9 9.4
421 9.9
421.1 9.9
421.2 9.9
421.3 9.9
421.4 9.9
421.5 9.9
421.6 9.9
421.7 9.9
421.8 9.9
421.9 9.9
422 10.2
422.1 10.2
422.2 10.2
422.3 10.2
422.4 10.2
422.5 10.2
422.6 10.2
422.7 10.2
422.8 10.2
422.9 10.2
423 10.5
423.1 10.5
423.2 10.5
423.3 10.5
423.4 10.5
423.5 10.5
423.6 10.5
423.7 10.5
423.8 10.5
423.9 10.5
424 10.7
424.1 10.7
424.2 10.7
424.3 10.7
424.4 10.7
424.5 10.7
424.6 10.7
424.7 10.7
424.8 10.7
424.9 10.7
425 10.9
425.1 10.9
425.2 10.9
425.3 10.9
425.4 10.9
425.5 10.9
425.6 10.9
425.7 10.9
425.8 10.9
425.9 10.9
426 10.9
426.1 10.9
426.2 10.9
426.3 10.9
426.4 10.9
426.5 10.9
426.6 10.9
426.7 10.9
426.8 10.9
426.9 10.9
427 11
427.1 11
427.2 11
427.3 11
427.4 11
427.5 11
427.6 11
427.7 11
427.8 11
427.9 11
428 11.6
428.1 11.6
428.2 11.6
428.3 11.6
428.4 11.6
428.5 11.6
428.6 11.6
428.7 11.6
428.8 11.6
428.9 11.6
429 12.2
429.1 12.2
429.2 12.2
429.3 12.2
429.4 12.2
429.5 12.2
429.6 12.2
429.7 12.2
429.8 12.2
429.9 12.2
430 12.7
430.1 12.7
430.2 12.7
430.3 12.7
430.4 12.7
430.5 12.7
430.6 12.7
430.7 12.7
430.8 12.7
430.9 12.7
431 13.1
431.1 13.1
431.2 13.1
431.3 13.1
431.4 13.1
431.5 13.1
431.6 13.1
431.7 13.1
431.8 13.1
431.9 13.1
432 13.5
432.1 13.5
432.2 13.5
432.3 13.5
432.4 13.5
432.5 13.5
432.6 13.5
432.7 13.5
432.8 13.5
432.9 13.5
433 13.9
433.1 13.9
433.2 13.9
433.3 13.9
433.4 13.9
433.5 13.9
433.6 13.9
433.7 13.9
433.8 13.9
433.9 13.9
434 14.2
434.1 14.2
434.2 14.2
434.3 14.2
434.4 14.2
434.5 14.2
434.6 14.2
434.7 14.2
434.8 14.2
434.9 14.2
435 14.5
435.1 14.5
435.2 14.5
435.3 14.5
435.4 14.5
435.5 14.5
435.6 14.5
435.7 14.5
435.8 14.5
435.9 14.5
436 14.9
436.1 14.9
436.2 14.9
436.3 14.9
436.4 14.9
436.5 14.9
436.6 14.9
436.7 14.9
436.8 14.9
436.9 14.9
437 15.2
437.1 15.2
437.2 15.2
437.3 15.2
437.4 15.2
437.5 15.2
437.6 15.2
437.7 15.2
437.8 15.2
437.9 15.2
438 15.5
438.1 15.5
438.2 15.5
438.3 15.5
438.4 15.5
438.5 15.5
438.6 15.5
438.7 15.5
438.8 15.5
438.9 15.5
439 15.8
439.1 15.8
439.2 15.8
439.3 15.8
439.4 15.8
439.5 15.8
439.6 15.8
439.7 15.8
439.8 15.8
439.9 15.8
440 16
440.1 16
440.2 16
440.3 16
440.4 16
440.5 16
440.6 16
440.7 16
440.8 16
440.9 16
441 16.1
441.1 16.1
441.2 16.1
441.3 16.1
441.4 16.1
441.5 16.1
441.6 16.1
441.7 16.1
441.8 16.1
441.9 16.1
442 16.3
442.1 16.3
442.2 16.3
442.3 16.3
442.4 16.3
442.5 16.3
442.6 16.3
442.7 16.3
442.8 16.3
442.9 16.3
443 16.4
443.1 16.4
443.2 16.4
443.3 16.4
443.4 16.4
443.5 16.4
443.6 16.4
443.7 16.4
443.8 16.4
443.9 16.4
444 16.5
444.1 16.5
444.2 16.5
444.3 16.5
444.4 16.5
444.5 16.5
444.6 16.5
444.7 16.5
444.8 16.5
444.9 16.5
445 16.7
445.1 16.7
445.2 16.7
445.3 16.7
445.4 16.7
445.5 16.7
445.6 16.7
445.7 16.7
445.8 16.7
445.9 16.7
446 16.8
446.1 16.8
446.2 16.8
446.3 16.8
446.4 16.8
446.5 16.8
446.6 16.8
446.7 16.8
446.8 16.8
446.9 16.8
447 16.9
447.1 16.9
447.2 16.9
447.3 16.9
447.4 16.9
447.5 16.9
447.6 16.9
447.7 16.9
447.8 16.9
447.9 16.9
448 17.1
448.1 17.1
448.2 17.1
448.3 17.1
448.4 17.1
448.5 17.1
448.6 17.1
448.7 17.1
448.8 17.1
448.9 17.1
449 17.2
449.1 17.2
449.2 17.2
449.3 17.2
449.4 17.2
449.5 17.2
449.6 17.2
449.7 17.2
449.8 17.2
449.9 17.2
450 17.4
450.1 17.4
450.2 17.4
450.3 17.4
450.4 17.4
450.5 17.4
450.6 17.4
450.7 17.4
450.8 17.4
450.9 17.4
451 17.6
451.1 17.6
451.2 17.6
451.3 17.6
451.4 17.6
451.5 17.6
451.6 17.6
451.7 17.6
451.8 17.6
451.9 17.6
452 17.7
452.1 17.7
452.2 17.7
452.3 17.7
452.4 17.7
452.5 17.7
452.6 17.7
452.7 17.7
452.8 17.7
452.9 17.7
453 17.2
453.1 17.2
453.2 17.2
453.3 17.2
453.4 17.2
453.5 17.2
453.6 17.2
453.7 17.2
453.8 17.2
453.9 17.2
454 16.8
454.1 16.8
454.2 16.8
454.3 16.8
454.4 16.8
454.5 16.8
454.6 16.8
454.7 16.8
454.8 16.8
454.9 16.8
455 16.5
455.1 16.5
455.2 16.5
455.3 16.5
455.4 16.5
455.5 16.5
455.6 16.5
455.7 16.5
455.8 16.5
455.9 16.5
456 16.2
456.1 16.2
456.2 16.2
456.3 16.2
456.4 16.2
456.5 16.2
456.6 16.2
456.7 16.2
456.8 16.2
456.9 16.2
457 16.1
457.1 16.1
457.2 16.1
457.3 16.1
457.4 16.1
457.5 16.1
457.6 16.1
457.7 16.1
457.8 16.1
457.9 16.1
458 16
458.1 16
458.2 16
458.3 16
458.4 16
458.5 16
458.6 16
458.7 16
458.8 16
458.9 16
459 15.9
459.1 15.9
459.2 15.9
459.3 15.9
459.4 15.9
459.5 15.9
459.6 15.9
459.7 15.9
459.8 15.9
459.9 15.9
460 15.9
460.1 15.9
460.2 15.9
460.3 15.9
460.4 15.9
460.5 15.9
460.6 15.9
460.7 15.9
460.8 15.9
460.9 15.9
461 15.9
461.1 15.9
461.2 15.9
461.3 15.9
461.4 15.9
461.5 15.9
461.6 15.9
461.7 15.9
461.8 15.9
461.9 15.9
462 16
462.1 16
462.2 16
462.3 16
462.4 16
462.5 16
462.6 16
462.7 16
462.8 16
462.9 16
463 16
463.1 16
463.2 16
463.3 16
463.4 16
463.5 16
463.6 16
463.7 16
463.8 16
463.9 16
464 16
464.1 16
464.2 16
464.3 16
464.4 16
464.5 16
464.6 16
464.7 16
464.8 16
464.9 16
465 16
465.1 16
465.2 16
465.3 16
465.4 16
465.5 16
465.6 16
465.7 16
465.8 16
465.9 16
466 16
466.1 16
466.2 16
466.3 16
466.4 16
466.5 16
466.6 16
466.7 16
466.8 16
466.9 16
467 16
467.1 16
467.2 16
467.3 16
467.4 16
467.5 16
467.6 16
467.7 16
467.8 16
467.9 16
468 16
468.1 16
468.2 16
468.3 16
468.4 16
468.5 16
468.6 16
468.7 16
468.8 16
468.9 16
469 16
469.1 16
469.2 16
469.3 16
469.4 16
469.5 16
469.6 16
469.7 16
469.8 16
469.9 16
470 16
470.1 16
470.2 16
470.3 16
470.4 16
470.5 16
470.6 16
470.7 16
470.8 16
470.9 16
471 16
471.1 16
471.2 16
471.3 16
471.4 16
471.5 16
471.6 16
471.7 16
471.8 16
471.9 16
472 16
472.1 16
472.2 16
472.3 16
472.4 16
472.5 16
472.6 16
472.7 16
472.8 16
472.9 16
473 16
473.1 16
473.2 16
473.3 16
473.4 16
473.5 16
473.6 16
473.7 16
473.8 16
473.9 16
474 16
474.1 16
474.2 16
474.3 16
474.4 16
474.5 16
474.6 16
474.7 16
474.8 16
474.9 16
475 16
475.1 16
475.2 16
475.3 16
475.4 16
475.5 16
475.6 16
475.7 16
475.8 16
475.9 16
476 16
476.1 16
476.2 16
476.3 16
476.4 16
476.5 16
476.6 16
476.7 16
476.8 16
476.9 16
477 16
477.1 16
477.2 16
477.3 16
477.4 16
477.5 16
477.6 16
477.7 16
477.8 16
477.9 16
478 16
478.1 16
478.2 16
478.3 16
478.4 16
478.5 16
478.6 16
478.7 16
478.8 16
478.9 16
479 16
479.1 16
479.2 16
479.3 16
479.4 16
479.5 16
479.6 16
479.7 16
479.8 16
479.9 16
480 16
480.1 16
480.2 16
480.3 16
480.4 16
480.5 16
480.6 16
480.7 16
480.8 16
480.9 16
481 16
481.1 16
481.2 16
481.3 16
481.4 16
481.5 16
481.6 16
481.7 16
481.8 16
481.9 16
482 16
482.1 16
482.2 16
482.3 16
482.4 16
482.5 16
482.6 16
482.7 16
482.8 16
482.9 16
483 16
483.1 16
483.2 16
483.3 16
483.4 16
483.5 16
483.6 16
483.7 16
483.8 16
483.9 16
484 16
484.1 16
484.2 16
484.3 16
484.4 16
484.5 16
484.6 16
484.7 16
484.8 16
484.9 16
485 16
485.1 16
485.2 16
485.3 16
485.4 16
485.5 16
485.6 16
485.7 16
485.8 16
485.9 16
486 16
486.1 16
486.2 16
486.3 16
486.4 16
486.5 16
486.6 16
486.7 16
486.8 16
486.9 16
487 16
487.1 16
487.2 16
487.3 16
487.4 16
487.5 16
487.6 16
487.7 16
487.8 16
487.9 16
488 16
488.1 16
488.2 16
488.3 16
488.4 16
488.5 16
488.6 16
488.7 16
488.8 16
488.9 16
489 16
489.1 16
489.2 16
489.3 16
489.4 16
489.5 16
489.6 16
489.7 16
489.8 16
489.9 16
490 16
490.1 16
490.2 16
490.3 16
490.4 16
490.5 16
490.6 16
490.7 16
490.8 16
490.9 16
491 16
491.1 16
491.2 16
491.3 16
491.4 16
491.5 16
491.6 16
491.7 16
491.8 16
491.9 16
492 16
492.1 16
492.2 16
492.3 16
492.4 16
492.5 16
492.6 16
492.7 16
492.8 16
492.9 16
493 16
493.1 16
493.2 16
493.3 16
493.4 16
493.5 16
493.6 16
493.7 16
493.8 16
493.9 16
494 16
494.1 16
494.2 16
494.3 16
494.4 16
494.5 16
494.6 16
494.7 16
494.8 16
494.9 16
495 16
495.1 16
495.2 16
495.3 16
495.4 16
495.5 16
495.6 16
495.7 16
495.8 16
495.9 16
496 16
496.1 16
496.2 16
496.3 16
496.4 16
496.5 16
496.6 16
496.7 16
496.8 16
496.9 16
497 16
497.1 16
497.2 16
497.3 16
497.4 16
497.5 16
497.6 16
497.7 16
497.8 16
497.9 16
498 16
498.1 16
498.2 16
498.3 16
498.4 16
498.5 16
498.6 16
498.7 16
498.8 16
498.9 16
499 16
499.1 16
499.2 16
499.3 16
499.4 16
499.5 16
499.6 16
499.7 16
499.8 16
499.9 16
500 16
500.1 16
500.2 16
500.3 16
500.4 16
500.5 16
500.6 16
500.7 16
500.8 16
500.9 16
501 16
501.1 16
501.2 16
501.3 16
501.4 16
501.5 16
501.6 16
501.7 16
501.8 16
501.9 16
502 16
502.1 16
502.2 16
502.3 16
502.4 16
502.5 16
502.6 16
502.7 16
502.8 16
502.9 16
503 16
503.1 16
503.2 16
503.3 16
503.4 16
503.5 16
503.6 16
503.7 16
503.8 16
503.9 16
504 16
504.1 16
504.2 16
504.3 16
504.4 16
504.5 16
504.6 16
504.7 16
504.8 16
504.9 16
505 16
505.1 16
505.2 16
505.3 16
505.4 16
505.5 16
505.6 16
505.7 16
505.8 16
505.9 16
506 16
506.1 16
506.2 16
506.3 16
506.4 16
506.5 16
506.6 16
506.7 16
506.8 16
506.9 16
507 16
507.1 16
507.2 16
507.3 16
507.4 16
507.5 16
507.6 16
507.7 16
507.8 16
507.9 16
508 16
508.1 16
508.2 16
508.3 16
508.4 16
508.5 16
508.6 16
508.7 16
508.8 16
508.9 16
509 16
509.1 16
509.2 16
509.3 16
509.4 16
509.5 16
509.6 16
509.7 16
509.8 16
509.9 16
510 16
510.1 16
510.2 16
510.3 16
510.4 16
510.5 16
510.6 16
510.7 16
510.8 16
510.9 16
511 16
511.1 16
511.2 16
511.3 16
511.4 16
511.5 16
511.6 16
511.7 16
511.8 16
511.9 16
512 16
512.1 16
512.2 16
512.3 16
512.4 16
512.5 16
512.6 16
512.7 16
512.8 16
512.9 16
513 16
513.1 16
513.2 16
513.3 16
513.4 16
513.5 16
513.6 16
513.7 16
513.8 16
513.9 16
514 16
514.1 16
514.2 16
514.3 16
514.4 16
514.5 16
514.6 16
514.7 16
514.8 16
514.9 16
515 16.1
515.1 16.1
515.2 16.1
515.3 16.1
515.4 16.1
515.5 16.1
515.6 16.1
515.7 16.1
515.8 16.1
515.9 16.1
516 16.2
516.1 16.2
516.2 16.2
516.3 16.2
516.4 16.2
516.5 16.2
516.6 16.2
516.7 16.2
516.8 16.2
516.9 16.2
517 16.3
517.1 16.3
517.2 16.3
517.3 16.3
517.4 16.3
517.5 16.3
517.6 16.3
517.7 16.3
517.8 16.3
517.9 16.3
518 16.5
518.1 16.5
518.2 16.5
518.3 16.5
518.4 16.5
518.5 16.5
518.6 16.5
518.7 16.5
518.8 16.5
518.9 16.5
519 16.7
519.1 16.7
519.2 16.7
519.3 16.7
519.4 16.7
519.5 16.7
519.6 16.7
519.7 16.7
519.8 16.7
519.9 16.7
520 16.9
520.1 16.9
520.2 16.9
520.3 16.9
520.4 16.9
520.5 16.9
520.6 16.9
520.7 16.9
520.8 16.9
520.9 16.9
521 17
521.1 17
521.2 17
521.3 17
521.4 17
521.5 17
521.6 17
521.7 17
521.8 17
521.9 17
522 17
522.1 17
522.2 17
522.3 17
522.4 17
522.5 17
522.6 17
522.7 17
522.8 17
522.9 17
523 17.1
523.1 17.1
523.2 17.1
523.3 17.1
523.4 17.1
523.5 17.1
523.6 17.1
523.7 17.1
523.8 17.1
523.9 17.1
524 17
524.1 17
524.2 17
524.3 17
524.4 17
524.5 17
524.6 17
524.7 17
524.8 17
524.9 17
525 17
525.1 17
525.2 17
525.3 17
525.4 17
525.5 17
525.6 17
525.7 17
525.8 17
525.9 17
526 17
526.1 17
526.2 17
526.3 17
526.4 17
526.5 17
526.6 17
526.7 17
526.8 17
526.9 17
527 16.9
527.1 16.9
527.2 16.9
527.3 16.9
527.4 16.9
527.5 16.9
527.6 16.9
527.7 16.9
527.8 16.9
527.9 16.9
528 16.9
528.1 16.9
528.2 16.9
528.3 16.9
528.4 16.9
528.5 16.9
