1 95.7
1.05 95.7
1.1 95.7
1.15 95.7
1.2 95.7
1.25 90.4
1.3 90.4
1.35 90.4
1.4 90.4
1.45 90.4
1.5 90.4
1.55 90.4
1.6 90.4
1.65 90.4
1.7 90.4
1.75 90.4
1.8 90.4
1.85 90.4
1.9 90.4
1.95 90.4
2 90.4
2.05 90.4
2.1 90.4
2.15 90.4
2.2 90.4
2.25 84.8
2.3 84.8
2.35 84.8
2.4 84.8
2.45 84.8
2.5 84.8
2.55 84.8
2.6 84.8
2.65 84.8
2.7 84.8
2.75 84.8
2.8 84.8
2.85 84.8
2.9 84.8
2.95 84.8
3 84.8
3.05 84.8
3.1 84.8
3.15 84.8
3.2 84.8
3.25 78.9
3.3 78.9
3.35 78.9
3.4 78.9
3.45 78.9
3.5 78.9
3.55 78.9
3.6 78.9
3.65 78.9
3.7 78.9
3.75 78.9
3.8 78.9
3.85 78.9
3.9 78.9
3.95 78.9
4 78.9
4.05 78.9
4.1 78.9
4.15 78.9
4.2 78.9
4.25 76.8
4.3 76.8
4.35 76.8
4.4 76.8
4.45 76.8
4.5 76.8
4.55 76.8
4.6 76.8
4.65 76.8
4.7 76.8
4.75 76.8
4.8 76.8
4.85 76.8
4.9 76.8
4.95 76.8
5 76.8
5.05 76.8
5.1 76.8
5.15 76.8
5.2 76.8
5.25 70.4
5.3 70.4
5.35 70.4
5.4 70.4
5.45 70.4
5.5 70.4
5.55 70.4
5.6 70.4
5.65 70.4
5.7 70.4
5.75 70.4
5.8 70.4
5.85 70.4
5.9 70.4
5.95 70.4
6 70.4
6.05 70.4
6.1 70.4
6.15 70.4
6.2 70.4
6.25 63.8
6.3 63.8
6.35 63.8
6.4 63.8
6.45 63.8
6.5 63.8
6.55 63.8
6.6 63.8
6.65 63.8
6.7 63.8
6.75 63.8
6.8 63.8
6.85 63.8
6.9 63.8
6.95 63.8
7 63.8
7.05 63.8
7.1 63.8
7.15 63.8
7.2 63.8
7.25 56.8
7.3 56.8
7.35 56.8
7.4 56.8
7.45 56.8
7.5 56.8
7.55 56.8
7.6 56.8
7.65 56.8
7.7 56.8
7.75 56.8
7.8 56.8
7.85 56.8
7.9 56.8
7.95 56.8
8 56.8
8.05 56.8
8.1 56.8
8.15 56.8
8.2 56.8
8.25 53.6
8.3 53.6
8.35 53.6
8.4 53.6
8.45 53.6
8.5 53.6
8.55 53.6
8.6 53.6
8.65 53.6
8.7 53.6
8.75 53.6
8.8 53.6
8.85 53.6
8.9 53.6
8.95 53.6
9 53.6
9.05 53.6
9.1 53.6
9.15 53.6
9.2 53.6
9.25 46.2
9.3 46.2
9.35 46.2
9.4 46.2
9.45 46.2
9.5 46.2
9.55 46.2
9.6 46.2
9.65 46.2
9.7 46.2
9.75 46.2
9.8 46.2
9.85 46.2
9.9 46.2
9.95 46.2
10 46.2
10.05 46.2
10.1 46.2
10.15 46.2
10.2 46.2
10.25 38.4
10.3 38.4
10.35 38.4
10.4 38.4
10.45 38.4
10.5 38.4
10.55 38.4
10.6 38.4
10.65 38.4
10.7 38.4
10.75 38.4
10.8 38.4
10.85 38.4
10.9 38.4
10.95 38.4
11 38.4
11.05 38.4
11.1 38.4
11.15 38.4
11.2 38.4
11.25 34.5
11.3 34.5
11.35 34.5
11.4 34.5
11.45 34.5
11.5 34.5
11.55 34.5
11.6 34.5
11.65 34.5
11.7 34.5
11.75 34.5
11.8 34.5
11.85 34.5
11.9 34.5
11.95 34.5
12 34.5
12.05 34.5
12.1 34.5
12.15 34.5
12.2 34.5
12.25 30.6
12.3 30.6
12.35 30.6
12.4 30.6
12.45 30.6
12.5 30.6
12.55 30.6
12.6 30.6
12.65 30.6
12.7 30.6
12.75 30.6
12.8 30.6
12.85 30.6
12.9 30.6
12.95 30.6
13 30.6
13.05 30.6
13.1 30.6
13.15 30.6
13.2 30.6
13.25 26.7
13.3 26.7
13.35 26.7
13.4 26.7
13.45 26.7
13.5 26.7
13.55 26.7
13.6 26.7
13.65 26.7
13.7 26.7
13.75 26.7
13.8 26.7
13.85 26.7
13.9 26.7
13.95 26.7
14 26.7
14.05 26.7
14.1 26.7
14.15 26.7
14.2 26.7
14.25 22.8
14.3 22.8
14.35 22.8
14.4 22.8
14.45 22.8
14.5 22.8
14.55 22.8
14.6 22.8
14.65 22.8
14.7 22.8
14.75 22.8
14.8 22.8
14.85 22.8
14.9 22.8
14.95 22.8
15 22.8
15.05 22.8
15.1 22.8
15.15 22.8
15.2 22.8
15.25 18.9
15.3 18.9
15.35 18.9
15.4 18.9
15.45 18.9
15.5 18.9
15.55 18.9
15.6 18.9
15.65 18.9
15.7 18.9
15.75 18.9
15.8 18.9
15.85 18.9
15.9 18.9
15.95 18.9
16 18.9
16.05 18.9
16.1 18.9
16.15 18.9
16.2 18.9
16.25 15
16.3 15
16.35 15
16.4 15
16.45 15
16.5 15
16.55 15
16.6 15
16.65 15
16.7 15
16.75 15
16.8 15
16.85 15
16.9 15
16.95 15
17 15
17.05 15
17.1 15
17.15 15
17.2 15
17.25 11.1
17.3 11.1
17.35 11.1
17.4 11.1
17.45 11.1
17.5 11.1
17.55 11.1
17.6 11.1
17.65 11.1
17.7 11.1
17.75 11.1
17.8 11.1
17.85 11.1
17.9 11.1
17.95 11.1
18 11.1
18.05 11.1
18.1 11.1
18.15 11.1
18.2 11.1
18.25 7.2
18.3 7.2
18.35 7.2
18.4 7.2
18.45 7.2
18.5 7.2
18.55 7.2
18.6 7.2
18.65 7.2
18.7 7.2
18.75 7.2
18.8 7.2
18.85 7.2
18.9 7.2
18.95 7.2
19 7.2
19.05 7.2
19.1 7.2
19.15 7.2
19.2 7.2
19.25 3.2
19.3 3.2
19.35 3.2
19.4 3.2
19.45 3.2
19.5 3.2
19.55 3.2
19.6 3.2
19.65 3.2
19.7 3.2
19.75 3.2
19.8 3.2
19.85 3.2
19.9 3.2
19.95 3.2
20 3.2
20.05 3.2
20.1 3.2
20.15 3.2
20.2 3.2
20.25 3.5
20.3 3.5
20.35 3.5
20.4 3.5
20.45 3.5
20.5 3.5
20.55 3.5
20.6 3.5
20.65 3.5
20.7 3.5
20.75 3.5
20.8 3.5
20.85 3.5
20.9 3.5
20.95 3.5
21 3.5
21.05 3.5
21.1 3.5
21.15 3.5
21.2 3.5
21.25 4.1
21.3 4.1
21.35 4.1
21.4 4.1
21.45 4.1
21.5 4.1
21.55 4.1
21.6 4.1
21.65 4.1
21.7 4.1
21.75 4.1
21.8 4.1
21.85 4.1
21.9 4.1
21.95 4.1
22 4.1
22.05 4.1
22.1 4.1
22.15 4.1
22.2 4.1
22.25 0.9
22.3 0.9
22.35 0.9
22.4 0.9
22.45 0.9
22.5 0.9
22.55 0.9
22.6 0.9
22.65 0.9
22.7 0.9
22.75 0.9
22.8 0.9
22.85 0.9
22.9 0.9
22.95 0.9
23 0.9
23.05 0.9
23.1 0.9
23.15 0.9
23.2 0.9
23.25 1.9
23.3 1.9
23.35 1.9
23.4 1.9
23.45 1.9
23.5 1.9
23.55 1.9
23.6 1.9
23.65 1.9
23.7 1.9
23.75 1.9
23.8 1.9
23.85 1.9
23.9 1.9
23.95 1.9
24 1.9
24.05 1.9
24.1 1.9
24.15 1.9
24.2 1.9
24.25 3.2
24.3 3.2
24.35 3.2
24.4 3.2
24.45 3.2
24.5 3.2
24.55 3.2
24.6 3.2
24.65 3.2
24.7 3.2
24.75 3.2
24.8 3.2
24.85 3.2
24.9 3.2
24.95 3.2
25 3.2
25.05 3.2
25.1 3.2
25.15 3.2
25.2 3.2
25.25 4.9
25.3 4.9
25.35 4.9
25.4 4.9
25.45 4.9
25.5 4.9
25.55 4.9
25.6 4.9
25.65 4.9
25.7 4.9
25.75 4.9
25.8 4.9
25.85 4.9
25.9 4.9
25.95 4.9
26 4.9
26.05 4.9
26.1 4.9
26.15 4.9
26.2 4.9
26.25 7
26.3 7
26.35 7
26.4 7
26.45 7
26.5 7
26.55 7
26.6 7
26.65 7
26.7 7
26.75 7
26.8 7
26.85 7
26.9 7
26.95 7
27 7
27.05 7
27.1 7
27.15 7
27.2 7
27.25 5.2
27.3 5.2
27.35 5.2
27.4 5.2
27.45 5.2
27.5 5.2
27.55 5.2
27.6 5.2
27.65 5.2
27.7 5.2
27.75 5.2
27.8 5.2
27.85 5.2
27.9 5.2
27.95 5.2
28 5.2
28.05 5.2
28.1 5.2
28.15 5.2
28.2 5.2
28.25 7.6
28.3 7.6
28.35 7.6
28.4 7.6
28.45 7.6
28.5 7.6
28.55 7.6
28.6 7.6
28.65 7.6
28.7 7.6
28.75 7.6
28.8 7.6
28.85 7.6
28.9 7.6
28.95 7.6
29 7.6
29.05 7.6
29.1 7.6
29.15 7.6
29.2 7.6
29.25 6.2
29.3 6.2
29.35 6.2
29.4 6.2
29.45 6.2
29.5 6.2
29.55 6.2
29.6 6.2
29.65 6.2
29.7 6.2
29.75 6.2
29.8 6.2
29.85 6.2
29.9 6.2
29.95 6.2
30 6.2
30.05 6.2
30.1 6.2
30.15 6.2
30.2 6.2
30.25 8.9
30.3 8.9
30.35 8.9
30.4 8.9
30.45 8.9
30.5 8.9
30.55 8.9
30.6 8.9
30.65 8.9
30.7 8.9
30.75 8.9
30.8 8.9
30.85 8.9
30.9 8.9
30.95 8.9
31 8.9
31.05 8.9
31.1 8.9
31.15 8.9
31.2 8.9
31.25 12
31.3 12
31.35 12
31.4 12
31.45 12
31.5 12
31.55 12
31.6 12
31.65 12
31.7 12
31.75 12
31.8 12
31.85 12
31.9 12
31.95 12
32 12
32.05 12
32.1 12
32.15 12
32.2 12
32.25 11.3
32.3 11.3
32.35 11.3
32.4 11.3
32.45 11.3
32.5 11.3
32.55 11.3
32.6 11.3
32.65 11.3
32.7 11.3
32.75 11.3
32.8 11.3
32.85 11.3
32.9 11.3
32.95 11.3
33 11.3
33.05 11.3
33.1 11.3
33.15 11.3
33.2 11.3
33.25 14.8
33.3 14.8
33.35 14.8
33.4 14.8
33.45 14.8
33.5 14.8
33.55 14.8
33.6 14.8
33.65 14.8
33.7 14.8
33.75 14.8
33.8 14.8
33.85 14.8
33.9 14.8
33.95 14.8
34 14.8
34.05 14.8
34.1 14.8
34.15 14.8
34.2 14.8
34.25 14.4
34.3 14.4
34.35 14.4
34.4 14.4
34.45 14.4
34.5 14.4
34.55 14.4
34.6 14.4
34.65 14.4
34.7 14.4
34.75 14.4
34.8 14.4
34.85 14.4
34.9 14.4
34.95 14.4
35 14.4
35.05 14.4
35.1 14.4
35.15 14.4
35.2 14.4
35.25 18.3
35.3 18.3
35.35 18.3
35.4 18.3
35.45 18.3
35.5 18.3
35.55 18.3
35.6 18.3
35.65 18.3
35.7 18.3
35.75 18.3
35.8 18.3
35.85 18.3
35.9 18.3
35.95 18.3
36 18.3
36.05 18.3
36.1 18.3
36.15 18.3
36.2 18.3
36.25 18.3
36.3 18.3
36.35 18.3
36.4 18.3
36.45 18.3
36.5 18.3
36.55 18.3
36.6 18.3
36.65 18.3
36.7 18.3
36.75 18.3
36.8 18.3
36.85 18.3
36.9 18.3
36.95 18.3
37 18.3
37.05 18.3
37.1 18.3
37.15 18.3
37.2 18.3
37.25 22.4
37.3 22.4
37.35 22.4
37.4 22.4
37.45 22.4
37.5 22.4
37.55 22.4
37.6 22.4
37.65 22.4
37.7 22.4
37.75 22.4
37.8 22.4
37.85 22.4
37.9 22.4
37.95 22.4
38 22.4
38.05 22.4
38.1 22.4
38.15 22.4
38.2 22.4
38.25 22.8
38.3 22.8
38.35 22.8
38.4 22.8
38.45 22.8
38.5 22.8
38.55 22.8
38.6 22.8
38.65 22.8
38.7 22.8
38.75 22.8
38.8 22.8
38.85 22.8
38.9 22.8
38.95 22.8
39 22.8
39.05 22.8
39.1 22.8
39.15 22.8
39.2 22.8
39.25 23.2
39.3 23.2
39.35 23.2
39.4 23.2
39.45 23.2
39.5 23.2
39.55 23.2
39.6 23.2
39.65 23.2
39.7 23.2
39.75 23.2
39.8 23.2
39.85 23.2
39.9 23.2
39.95 23.2
40 23.2
40.05 23.2
40.1 23.2
40.15 23.2
40.2 23.2
40.25 23.5
40.3 23.5
40.35 23.5
40.4 23.5
40.45 23.5
40.5 23.5
40.55 23.5
40.6 23.5
40.65 23.5
40.7 23.5
40.75 23.5
40.8 23.5
40.85 23.5
40.9 23.5
40.95 23.5
41 23.5
41.05 23.5
41.1 23.5
41.15 23.5
41.2 23.5
41.25 28
41.3 28
41.35 28
41.4 28
41.45 28
41.5 28
41.55 28
41.6 28
41.65 28
41.7 28
41.75 28
41.8 28
41.85 28
41.9 28
41.95 28
42 28
42.05 28
42.1 28
42.15 28
42.2 28
42.25 28.8
42.3 28.8
42.35 28.8
42.4 28.8
42.45 28.8
42.5 28.8
42.55 28.8
42.6 28.8
42.65 28.8
42.7 28.8
42.75 28.8
42.8 28.8
42.85 28.8
42.9 28.8
42.95 28.8
43 28.8
43.05 28.8
43.1 28.8
43.15 28.8
43.2 28.8
43.25 29.5
43.3 29.5
43.35 29.5
43.4 29.5
43.45 29.5
43.5 29.5
43.55 29.5
43.6 29.5
43.65 29.5
43.7 29.5
43.75 29.5
43.8 29.5
43.85 29.5
43.9 29.5
43.95 29.5
44 29.5
44.05 29.5
44.1 29.5
44.15 29.5
44.2 29.5
44.25 30.2
44.3 30.2
44.35 30.2
44.4 30.2
44.45 30.2
44.5 30.2
44.55 30.2
44.6 30.2
44.65 30.2
44.7 30.2
44.75 30.2
44.8 30.2
44.85 30.2
44.9 30.2
44.95 30.2
45 30.2
45.05 30.2
45.1 30.2
45.15 30.2
45.2 30.2
45.25 30.9
45.3 30.9
45.35 30.9
45.4 30.9
45.45 30.9
45.5 30.9
45.55 30.9
45.6 30.9
45.65 30.9
45.7 30.9
45.75 30.9
45.8 30.9
45.85 30.9
45.9 30.9
45.95 30.9
46 30.9
46.05 30.9
46.1 30.9
46.15 30.9
46.2 30.9
46.25 31.6
46.3 31.6
46.35 31.6
46.4 31.6
46.45 31.6
46.5 31.6
46.55 31.6
46.6 31.6
46.65 31.6
46.7 31.6
46.75 31.6
46.8 31.6
46.85 31.6
46.9 31.6
46.95 31.6
47 31.6
47.05 31.6
47.1 31.6
47.15 31.6
47.2 31.6
47.25 32.3
47.3 32.3
47.35 32.3
47.4 32.3
47.45 32.3
47.5 32.3
47.55 32.3
47.6 32.3
47.65 32.3
47.7 32.3
47.75 32.3
47.8 32.3
47.85 32.3
47.9 32.3
47.95 32.3
48 32.3
48.05 32.3
48.1 32.3
48.15 32.3
48.2 32.3
48.25 33
48.3 33
48.35 33
48.4 33
48.45 33
48.5 33
48.55 33
48.6 33
48.65 33
48.7 33
48.75 33
48.8 33
48.85 33
48.9 33
48.95 33
49 33
49.05 33
49.1 33
49.15 33
49.2 33
49.25 33.7
49.3 33.7
49.35 33.7
49.4 33.7
49.45 33.7
49.5 33.7
49.55 33.7
49.6 33.7
49.65 33.7
49.7 33.7
49.75 33.7
49.8 33.7
49.85 33.7
49.9 33.7
49.95 33.7
50 33.7
50.05 33.7
50.1 33.7
50.15 33.7
50.2 33.7
50.25 34.4
50.3 34.4
50.35 34.4
50.4 34.4
50.45 34.4
50.5 34.4
50.55 34.4
50.6 34.4
50.65 34.4
50.7 34.4
50.75 34.4
50.8 34.4
50.85 34.4
50.9 34.4
50.95 34.4
51 34.4
51.05 34.4
51.1 34.4
51.15 34.4
51.2 34.4
51.25 35.2
51.3 35.2
51.35 35.2
51.4 35.2
51.45 35.2
51.5 35.2
51.55 35.2
51.6 35.2
51.65 35.2
51.7 35.2
51.75 35.2
51.8 35.2
51.85 35.2
51.9 35.2
51.95 35.2
52 35.2
52.05 35.2
52.1 35.2
52.15 35.2
52.2 35.2
52.25 31.7
52.3 31.7
52.35 31.7
52.4 31.7
52.45 31.7
52.5 31.7
52.55 31.7
52.6 31.7
52.65 31.7
52.7 31.7
52.75 31.7
52.8 31.7
52.85 31.7
52.9 31.7
52.95 31.7
53 31.7
53.05 31.7
53.1 31.7
53.15 31.7
53.2 31.7
53.25 32
53.3 32
53.35 32
53.4 32
53.45 32
53.5 32
53.55 32
53.6 32
53.65 32
53.7 32
53.75 32
53.8 32
53.85 32
53.9 32
53.95 32
54 32
54.05 32
54.1 32
54.15 32
54.2 32
54.25 32.4
54.3 32.4
54.35 32.4
54.4 32.4
54.45 32.4
54.5 32.4
54.55 32.4
54.6 32.4
54.65 32.4
54.7 32.4
54.75 32.4
54.8 32.4
54.85 32.4
54.9 32.4
54.95 32.4
55 32.4
55.05 32.4
55.1 32.4
55.15 32.4
55.2 32.4
55.25 32.8
55.3 32.8
55.35 32.8
55.4 32.8
55.45 32.8
55.5 32.8
55.55 32.8
55.6 32.8
55.65 32.8
55.7 32.8
55.75 32.8
55.8 32.8
55.85 32.8
55.9 32.8
55.95 32.8
56 32.8
56.05 32.8
56.1 32.8
56.15 32.8
56.2 32.8
56.25 33.1
56.3 33.1
56.35 33.1
56.4 33.1
56.45 33.1
56.5 33.1
56.55 33.1
56.6 33.1
56.65 33.1
56.7 33.1
56.75 33.1
56.8 33.1
56.85 33.1
56.9 33.1
56.95 33.1
57 33.1
57.05 33.1
57.1 33.1
57.15 33.1
57.2 33.1
57.25 33.5
57.3 33.5
57.35 33.5
57.4 33.5
57.45 33.5
57.5 33.5
57.55 33.5
57.6 33.5
57.65 33.5
57.7 33.5
57.75 33.5
57.8 33.5
57.85 33.5
57.9 33.5
57.95 33.5
58 33.5
58.05 33.5
58.1 33.5
58.15 33.5
58.2 33.5
58.25 33.8
58.3 33.8
58.35 33.8
58.4 33.8
58.45 33.8
58.5 33.8
58.55 33.8
58.6 33.8
58.65 33.8
58.7 33.8
58.75 33.8
58.8 33.8
58.85 33.8
58.9 33.8
58.95 33.8
59 33.8
59.05 33.8
59.1 33.8
59.15 33.8
59.2 33.8
59.25 30
59.3 30
59.35 30
59.4 30
59.45 30
59.5 30
59.55 30
59.6 30
59.65 30
59.7 30
59.75 30
59.8 30
59.85 30
59.9 30
59.95 30
60 30
60.05 30
60.1 30
60.15 30
60.2 30
60.25 30
60.3 30
60.35 30
60.4 30
60.45 30
60.5 30
60.55 30
60.6 30
60.65 30
60.7 30
60.75 30
60.8 30
60.85 30
60.9 30
60.95 30
61 30
61.05 30
61.1 30
61.15 30
61.2 30
61.25 30
61.3 30
61.35 30
61.4 30
61.45 30
61.5 30
61.55 30
61.6 30
61.65 30
61.7 30
61.75 30
61.8 30
61.85 30
61.9 30
61.95 30
62 30
62.05 30
62.1 30
62.15 30
62.2 30
62.25 30
62.3 30
62.35 30
62.4 30
62.45 30
62.5 30
62.55 30
62.6 30
62.65 30
62.7 30
62.75 30
62.8 30
62.85 30
62.9 30
62.95 30
63 30
63.05 30
63.1 30
63.15 30
63.2 30
63.25 30
63.3 30
63.35 30
63.4 30
63.45 30
63.5 30
63.55 30
63.6 30
63.65 30
63.7 30
63.75 30
63.8 30
63.85 30
63.9 30
63.95 30
64 30
64.05 30
64.1 30
64.15 30
64.2 30
64.25 30
64.3 30
64.35 30
64.4 30
64.45 30
64.5 30
64.55 30
64.6 30
64.65 30
64.7 30
64.75 30
64.8 30
64.85 30
64.9 30
64.95 30
65 30
65.05 30
65.1 30
65.15 30
65.2 30
65.25 30
65.3 30
65.35 30
65.4 30
65.45 30
65.5 30
65.55 30
65.6 30
65.65 30
65.7 30
65.75 30
65.8 30
65.85 30
65.9 30
65.95 30
66 30
66.05 30
66.1 30
66.15 30
66.2 30
66.25 30
66.3 30
66.35 30
66.4 30
66.45 30
66.5 30
66.55 30
66.6 30
66.65 30
66.7 30
66.75 30
66.8 30
66.85 30
66.9 30
66.95 30
67 30
67.05 30
67.1 30
67.15 30
67.2 30
67.25 30
67.3 30
67.35 30
67.4 30
67.45 30
67.5 30
67.55 30
67.6 30
67.65 30
67.7 30
67.75 30
67.8 30
67.85 30
67.9 30
67.95 30
68 30
68.05 30
68.1 30
68.15 30
68.2 30
68.25 30
68.3 30
68.35 30
68.4 30
68.45 30
68.5 30
68.55 30
68.6 30
68.65 30
68.7 30
68.75 30
68.8 30
68.85 30
68.9 30
68.95 30
69 30
69.05 30
69.1 30
69.15 30
69.2 30
69.25 30
69.3 30
69.35 30
69.4 30
69.45 30
69.5 30
69.55 30
69.6 30
69.65 30
69.7 30
69.75 30
69.8 30
69.85 30
69.9 30
69.95 30
70 30
70.05 30
70.1 30
70.15 30
70.2 30
70.25 30
70.3 30
70.35 30
70.4 30
70.45 30
70.5 30
70.55 30
70.6 30
70.65 30
70.7 30
70.75 30
70.8 30
70.85 30
70.9 30
70.95 30
71 30
71.05 30
71.1 30
71.15 30
71.2 30
71.25 25.8
71.3 25.8
71.35 25.8
71.4 25.8
71.45 25.8
71.5 25.8
71.55 25.8
71.6 25.8
71.65 25.8
71.7 25.8
71.75 25.8
71.8 25.8
71.85 25.8
71.9 25.8
71.95 25.8
72 25.8
72.05 25.8
72.1 25.8
72.15 25.8
72.2 25.8
72.25 25.5
72.3 25.5
72.35 25.5
72.4 25.5
72.45 25.5
72.5 25.5
72.55 25.5
72.6 25.5
72.65 25.5
72.7 25.5
72.75 25.5
72.8 25.5
72.85 25.5
72.9 25.5
72.95 25.5
73 25.5
73.05 25.5
73.1 25.5
73.15 25.5
73.2 25.5
73.25 25.1
73.3 25.1
73.35 25.1
73.4 25.1
73.45 25.1
73.5 25.1
73.55 25.1
73.6 25.1
73.65 25.1
73.7 25.1
73.75 25.1
73.8 25.1
73.85 25.1
73.9 25.1
73.95 25.1
74 25.1
74.05 25.1
74.1 25.1
74.15 25.1
74.2 25.1
74.25 24.8
74.3 24.8
74.35 24.8
74.4 24.8
74.45 24.8
74.5 24.8
74.55 24.8
74.6 24.8
74.65 24.8
74.7 24.8
74.75 24.8
74.8 24.8
74.85 24.8
74.9 24.8
74.95 24.8
75 24.8
75.05 24.8
75.1 24.8
75.15 24.8
75.2 24.8
75.25 24.4
75.3 24.4
75.35 24.4
75.4 24.4
75.45 24.4
75.5 24.4
75.55 24.4
75.6 24.4
75.65 24.4
75.7 24.4
75.75 24.4
75.8 24.4
75.85 24.4
75.9 24.4
75.95 24.4
76 24.4
76.05 24.4
76.1 24.4
76.15 24.4
76.2 24.4
76.25 24
76.3 24
76.35 24
76.4 24
76.45 24
76.5 24
76.55 24
76.6 24
76.65 24
76.7 24
76.75 24
76.8 24
76.85 24
76.9 24
76.95 24
77 24
77.05 24
77.1 24
77.15 24
77.2 24
77.25 27.9
77.3 27.9
77.35 27.9
77.4 27.9
77.45 27.9
77.5 27.9
77.55 27.9
77.6 27.9
77.65 27.9
77.7 27.9
77.75 27.9
77.8 27.9
77.85 27.9
77.9 27.9
77.95 27.9
78 27.9
78.05 27.9
78.1 27.9
78.15 27.9
78.2 27.9
78.25 27.9
78.3 27.9
78.35 27.9
78.4 27.9
78.45 27.9
78.5 27.9
78.55 27.9
78.6 27.9
78.65 27.9
78.7 27.9
78.75 27.9
78.8 27.9
78.85 27.9
78.9 27.9
78.95 27.9
79 27.9
79.05 27.9
79.1 27.9
79.15 27.9
79.2 27.9
79.25 27.9
79.3 27.9
79.35 27.9
79.4 27.9
79.45 27.9
79.5 27.9
79.55 27.9
79.6 27.9
79.65 27.9
79.7 27.9
79.75 27.9
79.8 27.9
79.85 27.9
79.9 27.9
79.95 27.9
80 27.9
80.05 27.9
80.1 27.9
80.15 27.9
80.2 27.9
80.25 27.9
80.3 27.9
80.35 27.9
80.4 27.9
80.45 27.9
80.5 27.9
80.55 27.9
80.6 27.9
80.65 27.9
80.7 27.9
80.75 27.9
80.8 27.9
80.85 27.9
80.9 27.9
80.95 27.9
81 27.9
81.05 27.9
81.1 27.9
81.15 27.9
81.2 27.9
81.25 27.9
81.3 27.9
81.35 27.9
81.4 27.9
81.45 27.9
81.5 27.9
81.55 27.9
81.6 27.9
81.65 27.9
81.7 27.9
81.75 27.9
81.8 27.9
81.85 27.9
81.9 27.9
81.95 27.9
82 27.9
82.05 27.9
82.1 27.9
82.15 27.9
82.2 27.9
82.25 27.9
82.3 27.9
82.35 27.9
82.4 27.9
82.45 27.9
82.5 27.9
82.55 27.9
82.6 27.9
82.65 27.9
82.7 27.9
82.75 27.9
82.8 27.9
82.85 27.9
82.9 27.9
82.95 27.9
83 27.9
83.05 27.9
83.1 27.9
83.15 27.9
83.2 27.9
83.25 27.9
83.3 27.9
83.35 27.9
83.4 27.9
83.45 27.9
83.5 27.9
83.55 27.9
83.6 27.9
83.65 27.9
83.7 27.9
83.75 27.9
83.8 27.9
83.85 27.9
83.9 27.9
83.95 27.9
84 27.9
84.05 27.9
84.1 27.9
84.15 27.9
84.2 27.9
84.25 27.9
84.3 27.9
84.35 27.9
84.4 27.9
84.45 27.9
84.5 27.9
84.55 27.9
84.6 27.9
84.65 27.9
84.7 27.9
84.75 27.9
84.8 27.9
84.85 27.9
84.9 27.9
84.95 27.9
85 27.9
85.05 27.9
85.1 27.9
85.15 27.9
85.2 27.9
85.25 27.9
85.3 27.9
85.35 27.9
85.4 27.9
85.45 27.9
85.5 27.9
85.55 27.9
85.6 27.9
85.65 27.9
85.7 27.9
85.75 27.9
85.8 27.9
85.85 27.9
85.9 27.9
85.95 27.9
86 27.9
86.05 27.9
86.1 27.9
86.15 27.9
86.2 27.9
86.25 27.9
86.3 27.9
86.35 27.9
86.4 27.9
86.45 27.9
86.5 27.9
86.55 27.9
86.6 27.9
86.65 27.9
86.7 27.9
86.75 27.9
86.8 27.9
86.85 27.9
86.9 27.9
86.95 27.9
87 27.9
87.05 27.9
87.1 27.9
87.15 27.9
87.2 27.9
87.25 27.9
87.3 27.9
87.35 27.9
87.4 27.9
87.45 27.9
87.5 27.9
87.55 27.9
87.6 27.9
87.65 27.9
87.7 27.9
87.75 27.9
87.8 27.9
87.85 27.9
87.9 27.9
87.95 27.9
88 27.9
88.05 27.9
88.1 27.9
88.15 27.9
88.2 27.9
88.25 27.9
88.3 27.9
88.35 27.9
88.4 27.9
88.45 27.9
88.5 27.9
88.55 27.9
88.6 27.9
88.65 27.9
88.7 27.9
88.75 27.9
88.8 27.9
88.85 27.9
88.9 27.9
88.95 27.9
89 27.9
89.05 27.9
89.1 27.9
89.15 27.9
89.2 27.9
89.25 27.9
89.3 27.9
89.35 27.9
89.4 27.9
89.45 27.9
89.5 27.9
89.55 27.9
89.6 27.9
89.65 27.9
89.7 27.9
89.75 27.9
89.8 27.9
89.85 27.9
89.9 27.9
89.95 27.9
90 27.9
90.05 27.9
90.1 27.9
90.15 27.9
90.2 27.9
90.25 27.9
90.3 27.9
90.35 27.9
90.4 27.9
90.45 27.9
90.5 27.9
90.55 27.9
90.6 27.9
90.65 27.9
90.7 27.9
90.75 27.9
90.8 27.9
90.85 27.9
90.9 27.9
90.95 27.9
91 27.9
91.05 27.9
91.1 27.9
91.15 27.9
91.2 27.9
91.25 27.9
91.3 27.9
91.35 27.9
91.4 27.9
91.45 27.9
91.5 27.9
91.55 27.9
91.6 27.9
91.65 27.9
91.7 27.9
91.75 27.9
91.8 27.9
91.85 27.9
91.9 27.9
91.95 27.9
92 27.9
92.05 27.9
92.1 27.9
92.15 27.9
92.2 27.9
92.25 27.9
92.3 27.9
92.35 27.9
92.4 27.9
92.45 27.9
92.5 27.9
92.55 27.9
92.6 27.9
92.65 27.9
92.7 27.9
92.75 27.9
92.8 27.9
92.85 27.9
92.9 27.9
92.95 27.9
93 27.9
93.05 27.9
93.1 27.9
93.15 27.9
93.2 27.9
93.25 27.9
93.3 27.9
93.35 27.9
93.4 27.9
93.45 27.9
93.5 27.9
93.55 27.9
93.6 27.9
93.65 27.9
93.7 27.9
93.75 27.9
93.8 27.9
93.85 27.9
93.9 27.9
93.95 27.9
94 27.9
94.05 27.9
94.1 27.9
94.15 27.9
94.2 27.9
94.25 27.9
94.3 27.9
94.35 27.9
94.4 27.9
94.45 27.9
94.5 27.9
94.55 27.9
94.6 27.9
94.65 27.9
94.7 27.9
94.75 27.9
94.8 27.9
94.85 27.9
94.9 27.9
94.95 27.9
95 27.9
95.05 27.9
95.1 27.9
95.15 27.9
95.2 27.9
95.25 27.9
95.3 27.9
95.35 27.9
95.4 27.9
95.45 27.9
95.5 27.9
95.55 27.9
95.6 27.9
95.65 27.9
95.7 27.9
95.75 27.9
95.8 27.9
95.85 27.9
95.9 27.9
95.95 27.9
96 27.9
96.05 27.9
96.1 27.9
96.15 27.9
96.2 27.9
96.25 27.9
96.3 27.9
96.35 27.9
96.4 27.9
96.45 27.9
96.5 27.9
96.55 27.9
96.6 27.9
96.65 27.9
96.7 27.9
96.75 27.9
96.8 27.9
96.85 27.9
96.9 27.9
96.95 27.9
97 27.9
97.05 27.9
97.1 27.9
97.15 27.9
97.2 27.9
97.25 27.9
97.3 27.9
97.35 27.9
97.4 27.9
97.45 27.9
97.5 27.9
97.55 27.9
97.6 27.9
97.65 27.9
97.7 27.9
97.75 27.9
97.8 27.9
97.85 27.9
97.9 27.9
97.95 27.9
98 27.9
98.05 27.9
98.1 27.9
98.15 27.9
98.2 27.9
98.25 27.9
98.3 27.9
98.35 27.9
98.4 27.9
98.45 27.9
98.5 27.9
98.55 27.9
98.6 27.9
98.65 27.9
98.7 27.9
98.75 27.9
98.8 27.9
98.85 27.9
98.9 27.9
98.95 27.9
99 27.9
99.05 27.9
99.1 27.9
99.15 27.9
99.2 27.9
99.25 27.9
99.3 27.9
99.35 27.9
99.4 27.9
99.45 27.9
99.5 27.9
99.55 27.9
99.6 27.9
99.65 27.9
99.7 27.9
99.75 27.9
99.8 27.9
99.85 27.9
99.9 27.9
99.95 27.9
100 27.9
100.05 27.9
100.1 27.9
100.15 27.9
100.2 27.9
100.25 27.9
100.3 27.9
100.35 27.9
100.4 27.9
100.45 27.9
100.5 27.9
100.55 27.9
100.6 27.9
100.65 27.9
100.7 27.9
100.75 27.9
100.8 27.9
100.85 27.9
100.9 27.9
100.95 27.9
101 27.9
101.05 27.9
101.1 27.9
101.15 27.9
101.2 27.9
101.25 27.9
101.3 27.9
101.35 27.9
101.4 27.9
101.45 27.9
101.5 27.9
101.55 27.9
101.6 27.9
101.65 27.9
101.7 27.9
101.75 27.9
101.8 27.9
101.85 27.9
101.9 27.9
101.95 27.9
102 27.9
102.05 27.9
102.1 27.9
102.15 27.9
102.2 27.9
102.25 27.9
102.3 27.9
102.35 27.9
102.4 27.9
102.45 27.9
102.5 27.9
102.55 27.9
102.6 27.9
102.65 27.9
102.7 27.9
102.75 27.9
102.8 27.9
102.85 27.9
102.9 27.9
102.95 27.9
103 27.9
103.05 27.9
103.1 27.9
103.15 27.9
103.2 27.9
103.25 27.9
103.3 27.9
103.35 27.9
103.4 27.9
103.45 27.9
103.5 27.9
103.55 27.9
103.6 27.9
103.65 27.9
103.7 27.9
103.75 27.9
103.8 27.9
103.85 27.9
103.9 27.9
103.95 27.9
104 27.9
104.05 27.9
104.1 27.9
104.15 27.9
104.2 27.9
104.25 27.9
104.3 27.9
104.35 27.9
104.4 27.9
104.45 27.9
104.5 27.9
104.55 27.9
104.6 27.9
104.65 27.9
104.7 27.9
104.75 27.9
104.8 27.9
104.85 27.9
104.9 27.9
104.95 27.9
105 27.9
105.05 27.9
105.1 27.9
105.15 27.9
105.2 27.9
105.25 27.9
105.3 27.9
105.35 27.9
105.4 27.9
105.45 27.9
105.5 27.9
105.55 27.9
105.6 27.9
105.65 27.9
105.7 27.9
105.75 27.9
105.8 27.9
105.85 27.9
105.9 27.9
105.95 27.9
106 27.9
106.05 27.9
106.1 27.9
106.15 27.9
106.2 27.9
106.25 27.9
106.3 27.9
106.35 27.9
106.4 27.9
106.45 27.9
106.5 27.9
106.55 27.9
106.6 27.9
106.65 27.9
106.7 27.9
106.75 27.9
106.8 27.9
106.85 27.9
106.9 27.9
106.95 27.9
107 27.9
107.05 27.9
107.1 27.9
107.15 27.9
107.2 27.9
107.25 27.9
107.3 27.9
107.35 27.9
107.4 27.9
107.45 27.9
107.5 27.9
107.55 27.9
107.6 27.9
107.65 27.9
107.7 27.9
107.75 27.9
107.8 27.9
107.85 27.9
107.9 27.9
107.95 27.9
108 27.9
108.05 27.9
108.1 27.9
108.15 27.9
108.2 27.9
108.25 27.9
108.3 27.9
108.35 27.9
108.4 27.9
108.45 27.9
108.5 27.9
108.55 27.9
108.6 27.9
108.65 27.9
108.7 27.9
108.75 27.9
108.8 27.9
108.85 27.9
108.9 27.9
108.95 27.9
109 27.9
109.05 27.9
109.1 27.9
109.15 27.9
109.2 27.9
109.25 27.9
109.3 27.9
109.35 27.9
109.4 27.9
109.45 27.9
109.5 27.9
109.55 27.9
109.6 27.9
109.65 27.9
109.7 27.9
109.75 27.9
109.8 27.9
109.85 27.9
109.9 27.9
109.95 27.9
110 27.9
110.05 27.9
110.1 27.9
110.15 27.9
110.2 27.9
110.25 27.9
110.3 27.9
110.35 27.9
110.4 27.9
110.45 27.9
110.5 27.9
110.55 27.9
110.6 27.9
110.65 27.9
110.7 27.9
110.75 27.9
110.8 27.9
110.85 27.9
110.9 27.9
110.95 27.9
111 27.9
111.05 27.9
111.1 27.9
111.15 27.9
111.2 27.9
111.25 27.9
111.3 27.9
111.35 27.9
111.4 27.9
111.45 27.9
111.5 27.9
111.55 27.9
111.6 27.9
111.65 27.9
111.7 27.9
111.75 27.9
111.8 27.9
111.85 27.9
111.9 27.9
111.95 27.9
112 27.9
112.05 27.9
112.1 27.9
112.15 27.9
112.2 27.9
112.25 27.9
112.3 27.9
112.35 27.9
112.4 27.9
112.45 27.9
112.5 27.9
112.55 27.9
112.6 27.9
112.65 27.9
112.7 27.9
112.75 27.9
112.8 27.9
112.85 27.9
112.9 27.9
112.95 27.9
113 27.9
113.05 27.9
113.1 27.9
113.15 27.9
113.2 27.9
113.25 27.9
113.3 27.9
113.35 27.9
113.4 27.9
113.45 27.9
113.5 27.9
113.55 27.9
113.6 27.9
113.65 27.9
113.7 27.9
113.75 27.9
113.8 27.9
113.85 27.9
113.9 27.9
113.95 27.9
114 27.9
114.05 27.9
114.1 27.9
114.15 27.9
114.2 27.9
114.25 27.9
114.3 27.9
114.35 27.9
114.4 27.9
114.45 27.9
114.5 27.9
114.55 27.9
114.6 27.9
114.65 27.9
114.7 27.9
114.75 27.9
114.8 27.9
114.85 27.9
114.9 27.9
114.95 27.9
115 27.9
115.05 27.9
115.1 27.9
115.15 27.9
115.2 27.9
115.25 27.9
115.3 27.9
115.35 27.9
115.4 27.9
115.45 27.9
115.5 27.9
115.55 27.9
115.6 27.9
115.65 27.9
115.7 27.9
115.75 27.9
115.8 27.9
115.85 27.9
115.9 27.9
115.95 27.9
116 27.9
116.05 27.9
116.1 27.9
116.15 27.9
116.2 27.9
116.25 27.9
116.3 27.9
116.35 27.9
116.4 27.9
116.45 27.9
116.5 27.9
116.55 27.9
116.6 27.9
116.65 27.9
116.7 27.9
116.75 27.9
116.8 27.9
116.85 27.9
116.9 27.9
116.95 27.9
117 27.9
117.05 27.9
117.1 27.9
117.15 27.9
117.2 27.9
117.25 44.6
117.3 44.6
117.35 44.6
117.4 44.6
117.45 44.6
117.5 44.6
117.55 44.6
117.6 44.6
117.65 44.6
117.7 44.6
117.75 44.6
117.8 44.6
117.85 44.6
117.9 44.6
117.95 44.6
118 44.6
118.05 44.6
118.1 44.6
118.15 44.6
118.2 44.6
118.25 46
118.3 46
118.35 46
118.4 46
118.45 46
118.5 46
118.55 46
118.6 46
118.65 46
118.7 46
118.75 46
118.8 46
118.85 46
118.9 46
118.95 46
119 46
119.05 46
119.1 46
119.15 46
119.2 46
119.25 47.4
119.3 47.4
119.35 47.4
119.4 47.4
119.45 47.4
119.5 47.4
119.55 47.4
119.6 47.4
119.65 47.4
119.7 47.4
119.75 47.4
119.8 47.4
119.85 47.4
119.9 47.4
119.95 47.4
120 47.4
120.05 47.4
120.1 47.4
120.15 47.4
120.2 47.4
120.25 48.8
120.3 48.8
120.35 48.8
120.4 48.8
120.45 48.8
120.5 48.8
120.55 48.8
120.6 48.8
120.65 48.8
120.7 48.8
120.75 48.8
120.8 48.8
120.85 48.8
120.9 48.8
120.95 48.8
121 48.8
121.05 48.8
121.1 48.8
121.15 48.8
121.2 48.8
121.25 50.3
121.3 50.3
121.35 50.3
121.4 50.3
121.45 50.3
121.5 50.3
121.55 50.3
121.6 50.3
121.65 50.3
121.7 50.3
121.75 50.3
121.8 50.3
121.85 50.3
121.9 50.3
121.95 50.3
122 50.3
122.05 50.3
122.1 50.3
122.15 50.3
122.2 50.3
122.25 51.7
122.3 51.7
122.35 51.7
122.4 51.7
122.45 51.7
122.5 51.7
122.55 51.7
122.6 51.7
122.65 51.7
122.7 51.7
122.75 51.7
122.8 51.7
122.85 51.7
122.9 51.7
122.95 51.7
123 51.7
123.05 51.7
123.1 51.7
123.15 51.7
123.2 51.7
123.25 53.1
123.3 53.1
123.35 53.1
123.4 53.1
123.45 53.1
123.5 53.1
123.55 53.1
123.6 53.1
123.65 53.1
123.7 53.1
123.75 53.1
123.8 53.1
123.85 53.1
123.9 53.1
123.95 53.1
124 53.1
124.05 53.1
124.1 53.1
124.15 53.1
124.2 53.1
124.25 54.5
124.3 54.5
124.35 54.5
124.4 54.5
124.45 54.5
124.5 54.5
124.55 54.5
124.6 54.5
124.65 54.5
124.7 54.5
124.75 54.5
124.8 54.5
124.85 54.5
124.9 54.5
124.95 54.5
125 54.5
125.05 54.5
125.1 54.5
125.15 54.5
125.2 54.5
125.25 56
125.3 56
125.35 56
125.4 56
125.45 56
125.5 56
125.55 56
125.6 56
125.65 56
125.7 56
125.75 56
125.8 56
125.85 56
125.9 56
125.95 56
126 56
126.05 56
126.1 56
126.15 56
126.2 56
126.25 53.2
126.3 53.2
126.35 53.2
126.4 53.2
126.45 53.2
126.5 53.2
126.55 53.2
126.6 53.2
126.65 53.2
126.7 53.2
126.75 53.2
126.8 53.2
126.85 53.2
126.9 53.2
126.95 53.2
127 53.2
127.05 53.2
127.1 53.2
127.15 53.2
127.2 53.2
127.25 54.3
127.3 54.3
127.35 54.3
127.4 54.3
127.45 54.3
127.5 54.3
127.55 54.3
127.6 54.3
127.65 54.3
127.7 54.3
127.75 54.3
127.8 54.3
127.85 54.3
127.9 54.3
127.95 54.3
128 54.3
128.05 54.3
128.1 54.3
128.15 54.3
128.2 54.3
128.25 55.3
128.3 55.3
128.35 55.3
128.4 55.3
128.45 55.3
128.5 55.3
128.55 55.3
128.6 55.3
128.65 55.3
128.7 55.3
128.75 55.3
128.8 55.3
128.85 55.3
128.9 55.3
128.95 55.3
129 55.3
129.05 55.3
129.1 55.3
129.15 55.3
129.2 55.3
129.25 52.2
129.3 52.2
129.35 52.2
129.4 52.2
129.45 52.2
129.5 52.2
129.55 52.2
129.6 52.2
129.65 52.2
129.7 52.2
129.75 52.2
129.8 52.2
129.85 52.2
129.9 52.2
129.95 52.2
130 52.2
130.05 52.2
130.1 52.2
130.15 52.2
130.2 52.2
130.25 52.9
130.3 52.9
130.35 52.9
130.4 52.9
130.45 52.9
130.5 52.9
130.55 52.9
130.6 52.9
130.65 52.9
130.7 52.9
130.75 52.9
130.8 52.9
130.85 52.9
130.9 52.9
130.95 52.9
131 52.9
131.05 52.9
131.1 52.9
131.15 52.9
131.2 52.9
131.25 53.6
131.3 53.6
131.35 53.6
131.4 53.6
131.45 53.6
131.5 53.6
131.55 53.6
131.6 53.6
131.65 53.6
131.7 53.6
131.75 53.6
131.8 53.6
131.85 53.6
131.9 53.6
131.95 53.6
132 53.6
132.05 53.6
132.1 53.6
132.15 53.6
132.2 53.6
132.25 50.2
132.3 50.2
132.35 50.2
132.4 50.2
132.45 50.2
132.5 50.2
132.55 50.2
132.6 50.2
132.65 50.2
132.7 50.2
132.75 50.2
132.8 50.2
132.85 50.2
132.9 50.2
132.95 50.2
133 50.2
133.05 50.2
133.1 50.2
133.15 50.2
133.2 50.2
133.25 50.5
133.3 50.5
133.35 50.5
133.4 50.5
133.45 50.5
133.5 50.5
133.55 50.5
133.6 50.5
133.65 50.5
133.7 50.5
133.75 50.5
133.8 50.5
133.85 50.5
133.9 50.5
133.95 50.5
134 50.5
134.05 50.5
134.1 50.5
134.15 50.5
134.2 50.5
134.25 50.9
134.3 50.9
134.35 50.9
134.4 50.9
134.45 50.9
134.5 50.9
134.55 50.9
134.6 50.9
134.65 50.9
134.7 50.9
134.75 50.9
134.8 50.9
134.85 50.9
134.9 50.9
134.95 50.9
135 50.9
135.05 50.9
135.1 50.9
135.15 50.9
135.2 50.9
135.25 47.1
135.3 47.1
135.35 47.1
135.4 47.1
135.45 47.1
135.5 47.1
135.55 47.1
135.6 47.1
135.65 47.1
135.7 47.1
135.75 47.1
135.8 47.1
135.85 47.1
135.9 47.1
135.95 47.1
136 47.1
136.05 47.1
136.1 47.1
136.15 47.1
136.2 47.1
136.25 47.1
136.3 47.1
136.35 47.1
136.4 47.1
136.45 47.1
136.5 47.1
136.55 47.1
136.6 47.1
136.65 47.1
136.7 47.1
136.75 47.1
136.8 47.1
136.85 47.1
136.9 47.1
136.95 47.1
137 47.1
137.05 47.1
137.1 47.1
137.15 47.1
137.2 47.1
137.25 47.1
137.3 47.1
137.35 47.1
137.4 47.1
137.45 47.1
137.5 47.1
137.55 47.1
137.6 47.1
137.65 47.1
137.7 47.1
137.75 47.1
137.8 47.1
137.85 47.1
137.9 47.1
137.95 47.1
138 47.1
138.05 47.1
138.1 47.1
138.15 47.1
138.2 47.1
138.25 47.1
138.3 47.1
138.35 47.1
138.4 47.1
138.45 47.1
138.5 47.1
138.55 47.1
138.6 47.1
138.65 47.1
138.7 47.1
138.75 47.1
138.8 47.1
138.85 47.1
138.9 47.1
138.95 47.1
139 47.1
139.05 47.1
139.1 47.1
139.15 47.1
139.2 47.1
139.25 42.9
139.3 42.9
139.35 42.9
139.4 42.9
139.45 42.9
139.5 42.9
139.55 42.9
139.6 42.9
139.65 42.9
139.7 42.9
139.75 42.9
139.8 42.9
139.85 42.9
139.9 42.9
139.95 42.9
140 42.9
140.05 42.9
140.1 42.9
140.15 42.9
140.2 42.9
140.25 42.5
140.3 42.5
140.35 42.5
140.4 42.5
140.45 42.5
140.5 42.5
140.55 42.5
140.6 42.5
140.65 42.5
140.7 42.5
140.75 42.5
140.8 42.5
140.85 42.5
140.9 42.5
140.95 42.5
141 42.5
141.05 42.5
141.1 42.5
141.15 42.5
141.2 42.5
141.25 42.2
141.3 42.2
141.35 42.2
141.4 42.2
141.45 42.2
141.5 42.2
141.55 42.2
141.6 42.2
141.65 42.2
141.7 42.2
141.75 42.2
141.8 42.2
141.85 42.2
141.9 42.2
141.95 42.2
142 42.2
142.05 42.2
142.1 42.2
142.15 42.2
142.2 42.2
142.25 41.8
142.3 41.8
142.35 41.8
142.4 41.8
142.45 41.8
142.5 41.8
142.55 41.8
142.6 41.8
142.65 41.8
142.7 41.8
142.75 41.8
142.8 41.8
142.85 41.8
142.9 41.8
142.95 41.8
143 41.8
143.05 41.8
143.1 41.8
143.15 41.8
143.2 41.8
143.25 41.5
143.3 41.5
143.35 41.5
143.4 41.5
143.45 41.5
143.5 41.5
143.55 41.5
143.6 41.5
143.65 41.5
143.7 41.5
143.75 41.5
143.8 41.5
143.85 41.5
143.9 41.5
143.95 41.5
144 41.5
144.05 41.5
144.1 41.5
144.15 41.5
144.2 41.5
144.25 41.1
144.3 41.1
144.35 41.1
144.4 41.1
144.45 41.1
144.5 41.1
144.55 41.1
144.6 41.1
144.65 41.1
144.7 41.1
144.75 41.1
144.8 41.1
144.85 41.1
144.9 41.1
144.95 41.1
145 41.1
145.05 41.1
145.1 41.1
145.15 41.1
145.2 41.1
145.25 40.8
145.3 40.8
145.35 40.8
145.4 40.8
145.45 40.8
145.5 40.8
145.55 40.8
145.6 40.8
145.65 40.8
145.7 40.8
145.75 40.8
145.8 40.8
145.85 40.8
145.9 40.8
145.95 40.8
146 40.8
146.05 40.8
146.1 40.8
146.15 40.8
146.2 40.8
146.25 40.4
146.3 40.4
146.35 40.4
146.4 40.4
146.45 40.4
146.5 40.4
146.55 40.4
146.6 40.4
146.65 40.4
146.7 40.4
146.75 40.4
146.8 40.4
146.85 40.4
146.9 40.4
146.95 40.4
147 40.4
147.05 40.4
147.1 40.4
147.15 40.4
147.2 40.4
147.25 40
147.3 40
147.35 40
147.4 40
147.45 40
147.5 40
147.55 40
147.6 40
147.65 40
147.7 40
147.75 40
147.8 40
147.85 40
147.9 40
147.95 40
148 40
148.05 40
148.1 40
148.15 40
148.2 40
148.25 39.7
148.3 39.7
148.35 39.7
148.4 39.7
148.45 39.7
148.5 39.7
148.55 39.7
148.6 39.7
148.65 39.7
148.7 39.7
148.75 39.7
148.8 39.7
148.85 39.7
148.9 39.7
148.95 39.7
149 39.7
149.05 39.7
149.1 39.7
149.15 39.7
149.2 39.7
149.25 39.3
149.3 39.3
149.35 39.3
149.4 39.3
149.45 39.3
149.5 39.3
149.55 39.3
149.6 39.3
149.65 39.3
149.7 39.3
149.75 39.3
149.8 39.3
149.85 39.3
149.9 39.3
149.95 39.3
150 39.3
150.05 39.3
150.1 39.3
150.15 39.3
150.2 39.3
150.25 39
150.3 39
150.35 39
150.4 39
150.45 39
150.5 39
150.55 39
150.6 39
150.65 39
150.7 39
150.75 39
150.8 39
150.85 39
150.9 39
150.95 39
151 39
151.05 39
151.1 39
151.15 39
151.2 39
151.25 38.6
151.3 38.6
151.35 38.6
151.4 38.6
151.45 38.6
151.5 38.6
151.55 38.6
151.6 38.6
151.65 38.6
151.7 38.6
151.75 38.6
151.8 38.6
151.85 38.6
151.9 38.6
151.95 38.6
152 38.6
152.05 38.6
152.1 38.6
152.15 38.6
152.2 38.6
152.25 38.3
152.3 38.3
152.35 38.3
152.4 38.3
152.45 38.3
152.5 38.3
152.55 38.3
152.6 38.3
152.65 38.3
152.7 38.3
152.75 38.3
152.8 38.3
152.85 38.3
152.9 38.3
152.95 38.3
153 38.3
153.05 38.3
153.1 38.3
153.15 38.3
153.2 38.3
153.25 37.9
153.3 37.9
153.35 37.9
153.4 37.9
153.45 37.9
153.5 37.9
153.55 37.9
153.6 37.9
153.65 37.9
153.7 37.9
153.75 37.9
153.8 37.9
153.85 37.9
153.9 37.9
153.95 37.9
154 37.9
154.05 37.9
154.1 37.9
154.15 37.9
154.2 37.9
154.25 37.6
154.3 37.6
154.35 37.6
154.4 37.6
154.45 37.6
154.5 37.6
154.55 37.6
154.6 37.6
154.65 37.6
154.7 37.6
154.75 37.6
154.8 37.6
154.85 37.6
154.9 37.6
154.95 37.6
155 37.6
155.05 37.6
155.1 37.6
155.15 37.6
155.2 37.6
155.25 41.4
155.3 41.4
155.35 41.4
155.4 41.4
155.45 41.4
155.5 41.4
155.55 41.4
155.6 41.4
155.65 41.4
155.7 41.4
155.75 41.4
155.8 41.4
155.85 41.4
155.9 41.4
155.95 41.4
156 41.4
156.05 41.4
156.1 41.4
156.15 41.4
156.2 41.4
156.25 41.4
156.3 41.4
156.35 41.4
156.4 41.4
156.45 41.4
156.5 41.4
156.55 41.4
156.6 41.4
156.65 41.4
156.7 41.4
156.75 41.4
156.8 41.4
156.85 41.4
156.9 41.4
156.95 41.4
157 41.4
157.05 41.4
157.1 41.4
157.15 41.4
157.2 41.4
157.25 41.4
157.3 41.4
157.35 41.4
157.4 41.4
157.45 41.4
157.5 41.4
157.55 41.4
157.6 41.4
157.65 41.4
157.7 41.4
157.75 41.4
157.8 41.4
157.85 41.4
157.9 41.4
157.95 41.4
158 41.4
158.05 41.4
158.1 41.4
158.15 41.4
158.2 41.4
158.25 41.4
158.3 41.4
158.35 41.4
158.4 41.4
158.45 41.4
158.5 41.4
158.55 41.4
158.6 41.4
158.65 41.4
158.7 41.4
158.75 41.4
158.8 41.4
158.85 41.4
158.9 41.4
158.95 41.4
159 41.4
159.05 41.4
159.1 41.4
159.15 41.4
159.2 41.4
159.25 41.4
159.3 41.4
159.35 41.4
159.4 41.4
159.45 41.4
159.5 41.4
159.55 41.4
159.6 41.4
159.65 41.4
159.7 41.4
159.75 41.4
159.8 41.4
159.85 41.4
159.9 41.4
159.95 41.4
160 41.4
160.05 41.4
160.1 41.4
160.15 41.4
160.2 41.4
160.25 41.4
160.3 41.4
160.35 41.4
160.4 41.4
160.45 41.4
160.5 41.4
160.55 41.4
160.6 41.4
160.65 41.4
160.7 41.4
160.75 41.4
160.8 41.4
160.85 41.4
160.9 41.4
160.95 41.4
161 41.4
161.05 41.4
161.1 41.4
161.15 41.4
161.2 41.4
161.25 41.4
161.3 41.4
161.35 41.4
161.4 41.4
161.45 41.4
161.5 41.4
161.55 41.4
161.6 41.4
161.65 41.4
161.7 41.4
161.75 41.4
161.8 41.4
161.85 41.4
161.9 41.4
161.95 41.4
162 41.4
162.05 41.4
162.1 41.4
162.15 41.4
162.2 41.4
162.25 41.4
162.3 41.4
162.35 41.4
162.4 41.4
162.45 41.4
162.5 41.4
162.55 41.4
162.6 41.4
162.65 41.4
162.7 41.4
162.75 41.4
162.8 41.4
162.85 41.4
162.9 41.4
162.95 41.4
163 41.4
163.05 41.4
163.1 41.4
163.15 41.4
163.2 41.4
163.25 41.4
163.3 41.4
163.35 41.4
163.4 41.4
163.45 41.4
163.5 41.4
163.55 41.4
163.6 41.4
163.65 41.4
163.7 41.4
163.75 41.4
163.8 41.4
163.85 41.4
163.9 41.4
163.95 41.4
164 41.4
164.05 41.4
164.1 41.4
164.15 41.4
164.2 41.4
164.25 41.4
164.3 41.4
164.35 41.4
164.4 41.4
164.45 41.4
164.5 41.4
164.55 41.4
164.6 41.4
164.65 41.4
164.7 41.4
164.75 41.4
164.8 41.4
164.85 41.4
164.9 41.4
164.95 41.4
165 41.4
165.05 41.4
165.1 41.4
165.15 41.4
165.2 41.4
165.25 41.4
165.3 41.4
165.35 41.4
165.4 41.4
165.45 41.4
165.5 41.4
165.55 41.4
165.6 41.4
165.65 41.4
165.7 41.4
165.75 41.4
165.8 41.4
165.85 41.4
165.9 41.4
165.95 41.4
166 41.4
166.05 41.4
166.1 41.4
166.15 41.4
166.2 41.4
166.25 41.4
166.3 41.4
166.35 41.4
166.4 41.4
166.45 41.4
166.5 41.4
166.55 41.4
166.6 41.4
166.65 41.4
166.7 41.4
166.75 41.4
166.8 41.4
166.85 41.4
166.9 41.4
166.95 41.4
167 41.4
167.05 41.4
167.1 41.4
167.15 41.4
167.2 41.4
167.25 41.4
167.3 41.4
167.35 41.4
167.4 41.4
167.45 41.4
167.5 41.4
167.55 41.4
167.6 41.4
167.65 41.4
167.7 41.4
167.75 41.4
167.8 41.4
167.85 41.4
167.9 41.4
167.95 41.4
168 41.4
168.05 41.4
168.1 41.4
168.15 41.4
168.2 41.4
168.25 41.4
168.3 41.4
168.35 41.4
168.4 41.4
168.45 41.4
168.5 41.4
168.55 41.4
168.6 41.4
168.65 41.4
168.7 41.4
168.75 41.4
168.8 41.4
168.85 41.4
168.9 41.4
168.95 41.4
169 41.4
169.05 41.4
169.1 41.4
169.15 41.4
169.2 41.4
169.25 41.4
169.3 41.4
169.35 41.4
169.4 41.4
169.45 41.4
169.5 41.4
169.55 41.4
169.6 41.4
169.65 41.4
169.7 41.4
169.75 41.4
169.8 41.4
169.85 41.4
169.9 41.4
169.95 41.4
170 41.4
170.05 41.4
170.1 41.4
170.15 41.4
170.2 41.4
170.25 41.4
170.3 41.4
170.35 41.4
170.4 41.4
170.45 41.4
170.5 41.4
170.55 41.4
170.6 41.4
170.65 41.4
170.7 41.4
170.75 41.4
170.8 41.4
170.85 41.4
170.9 41.4
170.95 41.4
171 41.4
171.05 41.4
171.1 41.4
171.15 41.4
171.2 41.4
171.25 45.6
171.3 45.6
171.35 45.6
171.4 45.6
171.45 45.6
171.5 45.6
171.55 45.6
171.6 45.6
171.65 45.6
171.7 45.6
171.75 45.6
171.8 45.6
171.85 45.6
171.9 45.6
171.95 45.6
172 45.6
172.05 45.6
172.1 45.6
172.15 45.6
172.2 45.6
172.25 45.9
172.3 45.9
172.35 45.9
172.4 45.9
172.45 45.9
172.5 45.9
172.55 45.9
172.6 45.9
172.65 45.9
172.7 45.9
172.75 45.9
172.8 45.9
172.85 45.9
172.9 45.9
172.95 45.9
173 45.9
173.05 45.9
173.1 45.9
173.15 45.9
173.2 45.9
173.25 46.3
173.3 46.3
173.35 46.3
173.4 46.3
173.45 46.3
173.5 46.3
173.55 46.3
173.6 46.3
173.65 46.3
173.7 46.3
173.75 46.3
173.8 46.3
173.85 46.3
173.9 46.3
173.95 46.3
174 46.3
174.05 46.3
174.1 46.3
174.15 46.3
174.2 46.3
174.25 46.6
174.3 46.6
174.35 46.6
174.4 46.6
174.45 46.6
174.5 46.6
174.55 46.6
174.6 46.6
174.65 46.6
174.7 46.6
174.75 46.6
174.8 46.6
174.85 46.6
174.9 46.6
174.95 46.6
175 46.6
175.05 46.6
175.1 46.6
175.15 46.6
175.2 46.6
175.25 47
175.3 47
175.35 47
175.4 47
175.45 47
175.5 47
175.55 47
175.6 47
175.65 47
175.7 47
175.75 47
175.8 47
175.85 47
175.9 47
175.95 47
176 47
176.05 47
176.1 47
176.15 47
176.2 47
176.25 47.3
176.3 47.3
176.35 47.3
176.4 47.3
176.45 47.3
176.5 47.3
176.55 47.3
176.6 47.3
176.65 47.3
176.7 47.3
176.75 47.3
176.8 47.3
176.85 47.3
176.9 47.3
176.95 47.3
177 47.3
177.05 47.3
177.1 47.3
177.15 47.3
177.2 47.3
177.25 43.5
177.3 43.5
177.35 43.5
177.4 43.5
177.45 43.5
177.5 43.5
177.55 43.5
177.6 43.5
177.65 43.5
177.7 43.5
177.75 43.5
177.8 43.5
177.85 43.5
177.9 43.5
177.95 43.5
178 43.5
178.05 43.5
178.1 43.5
178.15 43.5
178.2 43.5
178.25 43.5
178.3 43.5
178.35 43.5
178.4 43.5
178.45 43.5
178.5 43.5
178.55 43.5
178.6 43.5
178.65 43.5
178.7 43.5
178.75 43.5
178.8 43.5
178.85 43.5
178.9 43.5
178.95 43.5
179 43.5
179.05 43.5
179.1 43.5
179.15 43.5
179.2 43.5
179.25 43.5
179.3 43.5
179.35 43.5
179.4 43.5
179.45 43.5
179.5 43.5
179.55 43.5
179.6 43.5
179.65 43.5
179.7 43.5
179.75 43.5
179.8 43.5
179.85 43.5
179.9 43.5
179.95 43.5
180 43.5
180.05 43.5
180.1 43.5
180.15 43.5
180.2 43.5
180.25 43.5
180.3 43.5
180.35 43.5
180.4 43.5
180.45 43.5
180.5 43.5
180.55 43.5
180.6 43.5
180.65 43.5
180.7 43.5
180.75 43.5
180.8 43.5
180.85 43.5
180.9 43.5
180.95 43.5
181 43.5
181.05 43.5
181.1 43.5
181.15 43.5
181.2 43.5
181.25 43.5
181.3 43.5
181.35 43.5
181.4 43.5
181.45 43.5
181.5 43.5
181.55 43.5
181.6 43.5
181.65 43.5
181.7 43.5
181.75 43.5
181.8 43.5
181.85 43.5
181.9 43.5
181.95 43.5
182 43.5
182.05 43.5
182.1 43.5
182.15 43.5
182.2 43.5
182.25 43.5
182.3 43.5
182.35 43.5
182.4 43.5
182.45 43.5
182.5 43.5
182.55 43.5
182.6 43.5
182.65 43.5
182.7 43.5
182.75 43.5
182.8 43.5
182.85 43.5
182.9 43.5
182.95 43.5
183 43.5
183.05 43.5
183.1 43.5
183.15 43.5
183.2 43.5
183.25 43.5
183.3 43.5
183.35 43.5
183.4 43.5
183.45 43.5
183.5 43.5
183.55 43.5
183.6 43.5
183.65 43.5
183.7 43.5
183.75 43.5
183.8 43.5
183.85 43.5
183.9 43.5
183.95 43.5
184 43.5
184.05 43.5
184.1 43.5
184.15 43.5
184.2 43.5
184.25 43.5
184.3 43.5
184.35 43.5
184.4 43.5
184.45 43.5
184.5 43.5
184.55 43.5
184.6 43.5
184.65 43.5
184.7 43.5
184.75 43.5
184.8 43.5
184.85 43.5
184.9 43.5
184.95 43.5
185 43.5
185.05 43.5
185.1 43.5
185.15 43.5
185.2 43.5
185.25 43.5
185.3 43.5
185.35 43.5
185.4 43.5
185.45 43.5
185.5 43.5
185.55 43.5
185.6 43.5
185.65 43.5
185.7 43.5
185.75 43.5
185.8 43.5
185.85 43.5
185.9 43.5
185.95 43.5
186 43.5
186.05 43.5
186.1 43.5
186.15 43.5
186.2 43.5
186.25 43.5
186.3 43.5
186.35 43.5
186.4 43.5
186.45 43.5
186.5 43.5
186.55 43.5
186.6 43.5
186.65 43.5
186.7 43.5
186.75 43.5
186.8 43.5
186.85 43.5
186.9 43.5
186.95 43.5
187 43.5
187.05 43.5
187.1 43.5
187.15 43.5
187.2 43.5
187.25 43.5
187.3 43.5
187.35 43.5
187.4 43.5
187.45 43.5
187.5 43.5
187.55 43.5
187.6 43.5
187.65 43.5
187.7 43.5
187.75 43.5
187.8 43.5
187.85 43.5
187.9 43.5
187.95 43.5
188 43.5
188.05 43.5
188.1 43.5
188.15 43.5
188.2 43.5
188.25 43.5
188.3 43.5
188.35 43.5
188.4 43.5
188.45 43.5
188.5 43.5
188.55 43.5
188.6 43.5
188.65 43.5
188.7 43.5
188.75 43.5
188.8 43.5
188.85 43.5
188.9 43.5
188.95 43.5
189 43.5
189.05 43.5
189.1 43.5
189.15 43.5
189.2 43.5
189.25 43.5
189.3 43.5
189.35 43.5
189.4 43.5
189.45 43.5
189.5 43.5
189.55 43.5
189.6 43.5
189.65 43.5
189.7 43.5
189.75 43.5
189.8 43.5
189.85 43.5
189.9 43.5
189.95 43.5
190 43.5
190.05 43.5
190.1 43.5
190.15 43.5
190.2 43.5
190.25 43.5
190.3 43.5
190.35 43.5
190.4 43.5
190.45 43.5
190.5 43.5
190.55 43.5
190.6 43.5
190.65 43.5
190.7 43.5
190.75 43.5
190.8 43.5
190.85 43.5
190.9 43.5
190.95 43.5
191 43.5
191.05 43.5
191.1 43.5
191.15 43.5
191.2 43.5
191.25 43.5
191.3 43.5
191.35 43.5
191.4 43.5
191.45 43.5
191.5 43.5
191.55 43.5
191.6 43.5
191.65 43.5
191.7 43.5
191.75 43.5
191.8 43.5
191.85 43.5
191.9 43.5
191.95 43.5
192 43.5
192.05 43.5
192.1 43.5
192.15 43.5
192.2 43.5
192.25 43.5
192.3 43.5
192.35 43.5
192.4 43.5
192.45 43.5
192.5 43.5
192.55 43.5
192.6 43.5
192.65 43.5
192.7 43.5
192.75 43.5
192.8 43.5
192.85 43.5
192.9 43.5
192.95 43.5
193 43.5
193.05 43.5
193.1 43.5
193.15 43.5
193.2 43.5
193.25 43.5
193.3 43.5
193.35 43.5
193.4 43.5
193.45 43.5
193.5 43.5
193.55 43.5
193.6 43.5
193.65 43.5
193.7 43.5
193.75 43.5
193.8 43.5
193.85 43.5
193.9 43.5
193.95 43.5
194 43.5
194.05 43.5
194.1 43.5
194.15 43.5
194.2 43.5
194.25 43.5
194.3 43.5
194.35 43.5
194.4 43.5
194.45 43.5
194.5 43.5
194.55 43.5
194.6 43.5
194.65 43.5
194.7 43.5
194.75 43.5
194.8 43.5
194.85 43.5
194.9 43.5
194.95 43.5
195 43.5
195.05 43.5
195.1 43.5
195.15 43.5
195.2 43.5
195.25 43.5
195.3 43.5
195.35 43.5
195.4 43.5
195.45 43.5
195.5 43.5
195.55 43.5
195.6 43.5
195.65 43.5
195.7 43.5
195.75 43.5
195.8 43.5
195.85 43.5
195.9 43.5
195.95 43.5
196 43.5
196.05 43.5
196.1 43.5
196.15 43.5
196.2 43.5
196.25 43.5
196.3 43.5
196.35 43.5
196.4 43.5
196.45 43.5
196.5 43.5
196.55 43.5
196.6 43.5
196.65 43.5
196.7 43.5
196.75 43.5
196.8 43.5
196.85 43.5
196.9 43.5
196.95 43.5
197 43.5
197.05 43.5
197.1 43.5
197.15 43.5
197.2 43.5
197.25 43.5
197.3 43.5
197.35 43.5
197.4 43.5
197.45 43.5
197.5 43.5
197.55 43.5
197.6 43.5
197.65 43.5
197.7 43.5
197.75 43.5
197.8 43.5
197.85 43.5
197.9 43.5
197.95 43.5
198 43.5
198.05 43.5
198.1 43.5
198.15 43.5
198.2 43.5
198.25 43.5
198.3 43.5
198.35 43.5
198.4 43.5
198.45 43.5
198.5 43.5
198.55 43.5
198.6 43.5
198.65 43.5
198.7 43.5
198.75 43.5
198.8 43.5
198.85 43.5
198.9 43.5
198.95 43.5
199 43.5
199.05 43.5
199.1 43.5
199.15 43.5
199.2 43.5
199.25 43.5
199.3 43.5
199.35 43.5
199.4 43.5
199.45 43.5
199.5 43.5
199.55 43.5
199.6 43.5
199.65 43.5
199.7 43.5
199.75 43.5
199.8 43.5
199.85 43.5
199.9 43.5
199.95 43.5
200 43.5
200.05 43.5
200.1 43.5
200.15 43.5
200.2 43.5
200.25 43.5
200.3 43.5
200.35 43.5
200.4 43.5
200.45 43.5
200.5 43.5
200.55 43.5
200.6 43.5
200.65 43.5
200.7 43.5
200.75 43.5
200.8 43.5
200.85 43.5
200.9 43.5
200.95 43.5
201 43.5
201.05 43.5
201.1 43.5
201.15 43.5
201.2 43.5
201.25 43.5
201.3 43.5
201.35 43.5
201.4 43.5
201.45 43.5
201.5 43.5
201.55 43.5
201.6 43.5
201.65 43.5
201.7 43.5
201.75 43.5
201.8 43.5
201.85 43.5
201.9 43.5
201.95 43.5
202 43.5
202.05 43.5
202.1 43.5
202.15 43.5
202.2 43.5
202.25 43.5
202.3 43.5
202.35 43.5
202.4 43.5
202.45 43.5
202.5 43.5
202.55 43.5
202.6 43.5
202.65 43.5
202.7 43.5
202.75 43.5
202.8 43.5
202.85 43.5
202.9 43.5
202.95 43.5
203 43.5
203.05 43.5
203.1 43.5
203.15 43.5
203.2 43.5
203.25 43.5
203.3 43.5
203.35 43.5
203.4 43.5
203.45 43.5
203.5 43.5
203.55 43.5
203.6 43.5
203.65 43.5
203.7 43.5
203.75 43.5
203.8 43.5
203.85 43.5
203.9 43.5
203.95 43.5
204 43.5
204.05 43.5
204.1 43.5
204.15 43.5
204.2 43.5
204.25 43.5
204.3 43.5
204.35 43.5
204.4 43.5
204.45 43.5
204.5 43.5
204.55 43.5
204.6 43.5
204.65 43.5
204.7 43.5
204.75 43.5
204.8 43.5
204.85 43.5
204.9 43.5
204.95 43.5
205 43.5
205.05 43.5
205.1 43.5
205.15 43.5
205.2 43.5
205.25 43.5
205.3 43.5
205.35 43.5
205.4 43.5
205.45 43.5
205.5 43.5
205.55 43.5
205.6 43.5
205.65 43.5
205.7 43.5
205.75 43.5
205.8 43.5
205.85 43.5
205.9 43.5
205.95 43.5
206 43.5
206.05 43.5
206.1 43.5
206.15 43.5
206.2 43.5
206.25 43.5
206.3 43.5
206.35 43.5
206.4 43.5
206.45 43.5
206.5 43.5
206.55 43.5
206.6 43.5
206.65 43.5
206.7 43.5
206.75 43.5
206.8 43.5
206.85 43.5
206.9 43.5
206.95 43.5
207 43.5
207.05 43.5
207.1 43.5
207.15 43.5
207.2 43.5
207.25 43.5
207.3 43.5
207.35 43.5
207.4 43.5
207.45 43.5
207.5 43.5
207.55 43.5
207.6 43.5
207.65 43.5
207.7 43.5
207.75 43.5
207.8 43.5
207.85 43.5
207.9 43.5
207.95 43.5
208 43.5
208.05 43.5
208.1 43.5
208.15 43.5
208.2 43.5
208.25 43.5
208.3 43.5
208.35 43.5
208.4 43.5
208.45 43.5
208.5 43.5
208.55 43.5
208.6 43.5
208.65 43.5
208.7 43.5
208.75 43.5
208.8 43.5
208.85 43.5
208.9 43.5
208.95 43.5
209 43.5
209.05 43.5
209.1 43.5
209.15 43.5
209.2 43.5
209.25 43.5
209.3 43.5
209.35 43.5
209.4 43.5
209.45 43.5
209.5 43.5
209.55 43.5
209.6 43.5
209.65 43.5
209.7 43.5
209.75 43.5
209.8 43.5
209.85 43.5
209.9 43.5
209.95 43.5
210 43.5
210.05 43.5
210.1 43.5
210.15 43.5
210.2 43.5
210.25 43.5
210.3 43.5
210.35 43.5
210.4 43.5
210.45 43.5
210.5 43.5
210.55 43.5
210.6 43.5
210.65 43.5
210.7 43.5
210.75 43.5
210.8 43.5
210.85 43.5
210.9 43.5
210.95 43.5
211 43.5
211.05 43.5
211.1 43.5
211.15 43.5
211.2 43.5
211.25 43.5
211.3 43.5
211.35 43.5
211.4 43.5
211.45 43.5
211.5 43.5
211.55 43.5
211.6 43.5
211.65 43.5
211.7 43.5
211.75 43.5
211.8 43.5
211.85 43.5
211.9 43.5
211.95 43.5
212 43.5
212.05 43.5
212.1 43.5
212.15 43.5
212.2 43.5
212.25 43.5
212.3 43.5
212.35 43.5
212.4 43.5
212.45 43.5
212.5 43.5
212.55 43.5
212.6 43.5
212.65 43.5
212.7 43.5
212.75 43.5
212.8 43.5
212.85 43.5
212.9 43.5
212.95 43.5
213 43.5
213.05 43.5
213.1 43.5
213.15 43.5
213.2 43.5
213.25 43.5
