1 39.75
1.05 39.75
1.1 39.75
1.15 39.75
1.2 39.75
1.25 39.75
1.3 39.75
1.35 39.75
1.4 39.75
1.45 40.18
1.5 40.18
1.55 40.18
1.6 40.18
1.65 40.18
1.7 40.18
1.75 40.18
1.8 40.18
1.85 40.18
1.9 40.18
1.95 40.75
2 40.75
2.05 40.75
2.1 40.75
2.15 40.75
2.2 40.75
2.25 40.75
2.3 40.75
2.35 40.75
2.4 40.75
2.45 41.31
2.5 41.31
2.55 41.31
2.6 41.31
2.65 41.31
2.7 41.31
2.75 41.31
2.8 41.31
2.85 41.31
2.9 41.31
2.95 41.31
3 41.81
3.05 41.81
3.1 41.81
3.15 41.81
3.2 41.81
3.25 41.81
3.3 41.81
3.35 41.81
3.4 41.81
3.45 42.12
3.5 42.12
3.55 42.12
3.6 42.12
3.65 42.12
3.7 42.12
3.75 42.12
3.8 42.12
3.85 42.12
3.9 42.12
3.95 42.68
4 42.68
4.05 42.68
4.1 42.68
4.15 42.68
4.2 42.68
4.25 42.68
4.3 42.68
4.35 42.68
4.4 42.68
4.45 43.25
4.5 43.25
4.55 43.25
4.6 43.25
4.65 43.25
4.7 43.25
4.75 43.25
4.8 43.25
4.85 43.25
4.9 43.25
4.95 43.81
5 43.81
5.05 43.81
5.1 43.81
5.15 43.81
5.2 43.81
5.25 43.81
5.3 43.81
5.35 43.81
5.4 43.81
5.45 44.31
5.5 44.31
5.55 44.31
5.6 44.31
5.65 44.31
5.7 44.31
5.75 44.31
5.8 44.31
5.85 44.31
5.9 44.31
5.95 44.87
6 44.87
6.05 44.87
6.1 44.87
6.15 44.87
6.2 44.87
6.25 44.87
6.3 44.87
6.35 44.87
6.4 44.87
6.45 44.87
6.5 45.37
6.55 45.37
6.6 45.37
6.65 45.37
6.7 45.37
6.75 45.37
6.8 45.37
6.85 45.37
6.9 45.37
6.95 45.62
7 45.62
7.05 45.62
7.1 45.62
7.15 45.62
7.2 45.62
7.25 45.62
7.3 45.62
7.35 45.62
7.4 45.62
7.45 46.12
7.5 46.12
7.55 46.12
7.6 46.12
7.65 46.12
7.7 46.12
7.75 46.12
7.8 46.12
7.85 46.12
7.9 46.12
7.95 46.62
8 46.62
8.05 46.62
8.1 46.62
8.15 46.62
8.2 46.62
8.25 46.62
8.3 46.62
8.35 46.62
8.4 46.62
8.45 47
8.5 47
8.55 47
8.6 47
8.65 47
8.7 47
8.75 47
8.8 47
8.85 47
8.9 47
8.95 47.43
9 47.43
9.05 47.43
9.1 47.43
9.15 47.43
9.2 47.43
9.25 47.43
9.3 47.43
9.35 47.43
9.4 47.43
9.45 47.75
9.5 47.75
9.55 47.75
9.6 47.75
9.65 47.75
9.7 47.75
9.75 47.75
9.8 47.75
9.85 47.75
9.9 47.75
9.95 47.75
10 48.06
10.05 48.06
10.1 48.06
10.15 48.06
10.2 48.06
10.25 48.06
10.3 48.06
10.35 48.06
10.4 48.06
10.45 48.25
10.5 48.25
10.55 48.25
10.6 48.25
10.65 48.25
10.7 48.25
10.75 48.25
10.8 48.25
10.85 48.25
10.9 48.25
10.95 48.5
11 48.5
11.05 48.5
11.1 48.5
11.15 48.5
11.2 48.5
11.25 48.5
11.3 48.5
11.35 48.5
11.4 48.5
11.45 48.68
11.5 48.68
11.55 48.68
11.6 48.68
11.65 48.68
11.7 48.68
11.75 48.68
11.8 48.68
11.85 48.68
11.9 48.68
11.95 48.81
12 48.81
12.05 48.81
12.1 48.81
12.15 48.81
12.2 48.81
12.25 48.81
12.3 48.81
12.35 48.81
12.4 48.81
12.45 49
12.5 49
12.55 49
12.6 49
12.65 49
12.7 49
12.75 49
12.8 49
12.85 49
12.9 49
12.95 49.06
13 49.06
13.05 49.06
13.1 49.06
13.15 49.06
13.2 49.06
13.25 49.06
13.3 49.06
13.35 49.06
13.4 49.06
13.45 49.06
13.5 49.06
13.55 49.06
13.6 49.06
13.65 49.06
13.7 49.06
13.75 49.06
13.8 49.06
13.85 49.06
13.9 49.06
13.95 49.12
14 49.12
14.05 49.12
14.1 49.12
14.15 49.12
14.2 49.12
14.25 49.12
14.3 49.12
14.35 49.12
14.4 49.12
14.45 49.06
14.5 49.06
14.55 49.06
14.6 49.06
14.65 49.06
14.7 49.06
14.75 49.06
14.8 49.06
14.85 49.06
14.9 49.06
14.95 49.06
15 49.06
15.05 49.06
15.1 49.06
15.15 49.06
15.2 49.06
15.25 49.06
15.3 49.06
15.35 49.06
15.4 49.06
15.45 48.93
15.5 48.93
15.55 48.93
15.6 48.93
15.65 48.93
15.7 48.93
15.75 48.93
15.8 48.93
15.85 48.93
15.9 48.93
15.95 48.81
16 48.81
16.05 48.81
16.1 48.81
16.15 48.81
16.2 48.81
16.25 48.81
16.3 48.81
16.35 48.81
16.4 48.81
16.45 48.56
16.5 48.56
16.55 48.56
16.6 48.56
16.65 48.56
16.7 48.56
16.75 48.56
16.8 48.56
16.85 48.56
16.9 48.56
16.95 48.56
17 48.37
17.05 48.37
17.1 48.37
17.15 48.37
17.2 48.37
17.25 48.37
17.3 48.37
17.35 48.37
17.4 48.37
17.45 48.25
17.5 48.25
17.55 48.25
17.6 48.25
17.65 48.25
17.7 48.25
17.75 48.25
17.8 48.25
17.85 48.25
17.9 48.25
17.95 47.93
18 47.93
18.05 47.93
18.1 47.93
18.15 47.93
18.2 47.93
18.25 47.93
18.3 47.93
18.35 47.93
18.4 47.93
18.45 47.62
18.5 47.62
18.55 47.62
18.6 47.62
18.65 47.62
18.7 47.62
18.75 47.62
18.8 47.62
18.85 47.62
18.9 47.62
18.95 47.31
19 47.31
19.05 47.31
19.1 47.31
19.15 47.31
19.2 47.31
19.25 47.31
19.3 47.31
19.35 47.31
19.4 47.31
19.45 47
19.5 47
19.55 47
19.6 47
19.65 47
19.7 47
19.75 47
19.8 47
19.85 47
19.9 47
19.95 46.62
20 46.62
20.05 46.62
20.1 46.62
20.15 46.62
20.2 46.62
20.25 46.62
20.3 46.62
20.35 46.62
20.4 46.62
20.45 46.62
20.5 46.25
20.55 46.25
20.6 46.25
20.65 46.25
20.7 46.25
20.75 46.25
20.8 46.25
20.85 46.25
20.9 46.25
20.95 46.06
21 46.06
21.05 46.06
21.1 46.06
21.15 46.06
21.2 46.06
21.25 46.06
21.3 46.06
21.35 46.06
21.4 46.06
21.45 45.62
21.5 45.62
21.55 45.62
21.6 45.62
21.65 45.62
21.7 45.62
21.75 45.62
21.8 45.62
21.85 45.62
21.9 45.62
21.95 45.25
22 45.25
22.05 45.25
22.1 45.25
22.15 45.25
22.2 45.25
22.25 45.25
22.3 45.25
22.35 45.25
22.4 45.25
22.45 44.75
22.5 44.75
22.55 44.75
22.6 44.75
22.65 44.75
22.7 44.75
22.75 44.75
22.8 44.75
22.85 44.75
22.9 44.75
22.95 44.37
23 44.37
23.05 44.37
23.1 44.37
23.15 44.37
23.2 44.37
23.25 44.37
23.3 44.37
23.35 44.37
23.4 44.37
23.45 43.93
23.5 43.93
23.55 43.93
23.6 43.93
23.65 43.93
23.7 43.93
23.75 43.93
23.8 43.93
23.85 43.93
23.9 43.93
23.95 43.93
24 43.5
24.05 43.5
24.1 43.5
24.15 43.5
24.2 43.5
24.25 43.5
24.3 43.5
24.35 43.5
24.4 43.5
24.45 43.25
24.5 43.25
24.55 43.25
24.6 43.25
24.65 43.25
24.7 43.25
24.75 43.25
24.8 43.25
24.85 43.25
24.9 43.25
24.95 42.81
25 42.81
25.05 42.81
25.1 42.81
25.15 42.81
25.2 42.81
25.25 42.81
25.3 42.81
25.35 42.81
25.4 42.81
25.45 42.43
25.5 42.43
25.55 42.43
25.6 42.43
25.65 42.43
25.7 42.43
25.75 42.43
25.8 42.43
25.85 42.43
25.9 42.43
25.95 42
26 42
26.05 42
26.1 42
26.15 42
26.2 42
26.25 42
26.3 42
26.35 42
26.4 42
26.45 41.56
26.5 41.56
26.55 41.56
26.6 41.56
26.65 41.56
26.7 41.56
26.75 41.56
26.8 41.56
26.85 41.56
26.9 41.56
26.95 41.06
27 41.06
27.05 41.06
27.1 41.06
27.15 41.06
27.2 41.06
27.25 41.06
27.3 41.06
27.35 41.06
27.4 41.06
27.45 41.06
27.5 40.62
27.55 40.62
27.6 40.62
27.65 40.62
27.7 40.62
27.75 40.62
27.8 40.62
27.85 40.62
27.9 40.62
27.95 40.37
28 40.37
28.05 40.37
28.1 40.37
28.15 40.37
28.2 40.37
28.25 40.37
28.3 40.37
28.35 40.37
28.4 40.37
28.45 39.93
28.5 39.93
28.55 39.93
28.6 39.93
28.65 39.93
28.7 39.93
28.75 39.93
28.8 39.93
28.85 39.93
28.9 39.93
28.95 39.5
29 39.5
29.05 39.5
29.1 39.5
29.15 39.5
29.2 39.5
29.25 39.5
29.3 39.5
29.35 39.5
29.4 39.5
29.45 39.12
29.5 39.12
29.55 39.12
29.6 39.12
29.65 39.12
29.7 39.12
29.75 39.12
29.8 39.12
29.85 39.12
29.9 39.12
29.95 38.68
30 38.68
30.05 38.68
30.1 38.68
30.15 38.68
30.2 38.68
30.25 38.68
30.3 38.68
30.35 38.68
30.4 38.68
30.45 38.31
30.5 38.31
30.55 38.31
30.6 38.31
30.65 38.31
30.7 38.31
30.75 38.31
30.8 38.31
30.85 38.31
30.9 38.31
30.95 38.31
31 37.93
31.05 37.93
31.1 37.93
31.15 37.93
31.2 37.93
31.25 37.93
31.3 37.93
31.35 37.93
31.4 37.93
31.45 37.81
31.5 37.81
31.55 37.81
31.6 37.81
31.65 37.81
31.7 37.81
31.75 37.81
31.8 37.81
31.85 37.81
31.9 37.81
31.95 37.43
32 37.43
32.05 37.43
32.1 37.43
32.15 37.43
32.2 37.43
32.25 37.43
32.3 37.43
32.35 37.43
32.4 37.43
32.45 37.12
32.5 37.12
32.55 37.12
32.6 37.12
32.65 37.12
32.7 37.12
32.75 37.12
32.8 37.12
32.85 37.12
32.9 37.12
32.95 36.87
33 36.87
33.05 36.87
33.1 36.87
33.15 36.87
33.2 36.87
33.25 36.87
33.3 36.87
33.35 36.87
33.4 36.87
33.45 36.56
33.5 36.56
33.55 36.56
33.6 36.56
33.65 36.56
33.7 36.56
33.75 36.56
33.8 36.56
33.85 36.56
33.9 36.56
33.95 36.31
34 36.31
34.05 36.31
34.1 36.31
34.15 36.31
34.2 36.31
34.25 36.31
34.3 36.31
34.35 36.31
34.4 36.31
34.45 36.31
34.5 36.06
34.55 36.06
34.6 36.06
34.65 36.06
34.7 36.06
34.75 36.06
34.8 36.06
34.85 36.06
34.9 36.06
34.95 35.93
35 35.93
35.05 35.93
35.1 35.93
35.15 35.93
35.2 35.93
35.25 35.93
35.3 35.93
35.35 35.93
35.4 35.93
35.45 35.68
35.5 35.68
35.55 35.68
35.6 35.68
35.65 35.68
35.7 35.68
35.75 35.68
35.8 35.68
35.85 35.68
35.9 35.68
35.95 35.5
36 35.5
36.05 35.5
36.1 35.5
36.15 35.5
36.2 35.5
36.25 35.5
36.3 35.5
36.35 35.5
36.4 35.5
36.45 35.31
36.5 35.31
36.55 35.31
36.6 35.31
36.65 35.31
36.7 35.31
36.75 35.31
36.8 35.31
36.85 35.31
36.9 35.31
36.95 35.12
37 35.12
37.05 35.12
37.1 35.12
37.15 35.12
37.2 35.12
37.25 35.12
37.3 35.12
37.35 35.12
37.4 35.12
37.45 34.93
37.5 34.93
37.55 34.93
37.6 34.93
37.65 34.93
37.7 34.93
37.75 34.93
37.8 34.93
37.85 34.93
37.9 34.93
37.95 34.93
38 34.81
38.05 34.81
38.1 34.81
38.15 34.81
38.2 34.81
38.25 34.81
38.3 34.81
38.35 34.81
38.4 34.81
38.45 34.75
38.5 34.75
38.55 34.75
38.6 34.75
38.65 34.75
38.7 34.75
38.75 34.75
38.8 34.75
38.85 34.75
38.9 34.75
38.95 34.62
39 34.62
39.05 34.62
39.1 34.62
39.15 34.62
39.2 34.62
39.25 34.62
39.3 34.62
39.35 34.62
39.4 34.62
39.45 34.5
39.5 34.5
39.55 34.5
39.6 34.5
39.65 34.5
39.7 34.5
39.75 34.5
39.8 34.5
39.85 34.5
39.9 34.5
39.95 34.43
40 34.43
40.05 34.43
40.1 34.43
40.15 34.43
40.2 34.43
40.25 34.43
40.3 34.43
40.35 34.43
40.4 34.43
40.45 34.31
40.5 34.31
40.55 34.31
40.6 34.31
40.65 34.31
40.7 34.31
40.75 34.31
40.8 34.31
40.85 34.31
40.9 34.31
40.95 34.25
41 34.25
41.05 34.25
41.1 34.25
41.15 34.25
41.2 34.25
41.25 34.25
41.3 34.25
41.35 34.25
41.4 34.25
41.45 34.25
41.5 34.18
41.55 34.18
41.6 34.18
41.65 34.18
41.7 34.18
41.75 34.18
41.8 34.18
41.85 34.18
41.9 34.18
41.95 34.18
42 34.18
42.05 34.18
42.1 34.18
42.15 34.18
42.2 34.18
42.25 34.18
42.3 34.18
42.35 34.18
42.4 34.18
42.45 34.12
42.5 34.12
42.55 34.12
42.6 34.12
42.65 34.12
42.7 34.12
42.75 34.12
42.8 34.12
42.85 34.12
42.9 34.12
42.95 34.12
43 34.12
43.05 34.12
43.1 34.12
43.15 34.12
43.2 34.12
43.25 34.12
43.3 34.12
43.35 34.12
43.4 34.12
43.45 34.06
43.5 34.06
43.55 34.06
43.6 34.06
43.65 34.06
43.7 34.06
43.75 34.06
43.8 34.06
43.85 34.06
43.9 34.06
43.95 34.06
44 34.06
44.05 34.06
44.1 34.06
44.15 34.06
44.2 34.06
44.25 34.06
44.3 34.06
44.35 34.06
44.4 34.06
44.45 34.12
44.5 34.12
44.55 34.12
44.6 34.12
44.65 34.12
44.7 34.12
44.75 34.12
44.8 34.12
44.85 34.12
44.9 34.12
44.95 34.12
45 34.12
45.05 34.12
45.1 34.12
45.15 34.12
45.2 34.12
45.25 34.12
45.3 34.12
45.35 34.12
45.4 34.12
45.45 34.12
45.5 34.12
45.55 34.12
45.6 34.12
45.65 34.12
45.7 34.12
45.75 34.12
45.8 34.12
45.85 34.12
45.9 34.12
45.95 34.12
46 34.12
46.05 34.12
46.1 34.12
46.15 34.12
46.2 34.12
46.25 34.12
46.3 34.12
46.35 34.12
46.4 34.12
46.45 34.18
46.5 34.18
46.55 34.18
46.6 34.18
46.65 34.18
46.7 34.18
46.75 34.18
46.8 34.18
46.85 34.18
46.9 34.18
46.95 34.18
47 34.18
47.05 34.18
47.1 34.18
47.15 34.18
47.2 34.18
47.25 34.18
47.3 34.18
47.35 34.18
47.4 34.18
47.45 34.25
47.5 34.25
47.55 34.25
47.6 34.25
47.65 34.25
47.7 34.25
47.75 34.25
47.8 34.25
47.85 34.25
47.9 34.25
47.95 34.31
48 34.31
48.05 34.31
48.1 34.31
48.15 34.31
48.2 34.31
48.25 34.31
48.3 34.31
48.35 34.31
48.4 34.31
48.45 34.31
48.5 34.37
48.55 34.37
48.6 34.37
48.65 34.37
48.7 34.37
48.75 34.37
48.8 34.37
48.85 34.37
48.9 34.37
48.95 34.37
49 34.37
49.05 34.37
49.1 34.37
49.15 34.37
49.2 34.37
49.25 34.37
49.3 34.37
49.35 34.37
49.4 34.37
49.45 34.43
49.5 34.43
49.55 34.43
49.6 34.43
49.65 34.43
49.7 34.43
49.75 34.43
49.8 34.43
49.85 34.43
49.9 34.43
49.95 34.5
50 34.5
50.05 34.5
50.1 34.5
50.15 34.5
50.2 34.5
50.25 34.5
50.3 34.5
50.35 34.5
50.4 34.5
50.45 34.62
50.5 34.62
50.55 34.62
50.6 34.62
50.65 34.62
50.7 34.62
50.75 34.62
50.8 34.62
50.85 34.62
50.9 34.62
50.95 34.68
51 34.68
51.05 34.68
51.1 34.68
51.15 34.68
51.2 34.68
51.25 34.68
51.3 34.68
51.35 34.68
51.4 34.68
51.45 34.75
51.5 34.75
51.55 34.75
51.6 34.75
51.65 34.75
51.7 34.75
51.75 34.75
51.8 34.75
51.85 34.75
51.9 34.75
51.95 34.75
52 34.81
52.05 34.81
52.1 34.81
52.15 34.81
52.2 34.81
52.25 34.81
52.3 34.81
52.35 34.81
52.4 34.81
52.45 34.87
52.5 34.87
52.55 34.87
52.6 34.87
52.65 34.87
52.7 34.87
52.75 34.87
52.8 34.87
52.85 34.87
52.9 34.87
52.95 34.93
53 34.93
53.05 34.93
53.1 34.93
53.15 34.93
53.2 34.93
53.25 34.93
53.3 34.93
53.35 34.93
53.4 34.93
53.45 35
53.5 35
53.55 35
53.6 35
53.65 35
53.7 35
53.75 35
53.8 35
53.85 35
53.9 35
53.95 35.06
54 35.06
54.05 35.06
54.1 35.06
54.15 35.06
54.2 35.06
54.25 35.06
54.3 35.06
54.35 35.06
54.4 35.06
54.45 35.12
54.5 35.12
54.55 35.12
54.6 35.12
54.65 35.12
54.7 35.12
54.75 35.12
54.8 35.12
54.85 35.12
54.9 35.12
54.95 35.25
55 35.25
55.05 35.25
55.1 35.25
55.15 35.25
55.2 35.25
55.25 35.25
55.3 35.25
55.35 35.25
55.4 35.25
55.45 35.25
55.5 35.25
55.55 35.25
55.6 35.25
55.65 35.25
55.7 35.25
55.75 35.25
55.8 35.25
55.85 35.25
55.9 35.25
55.95 35.31
56 35.31
56.05 35.31
56.1 35.31
56.15 35.31
56.2 35.31
56.25 35.31
56.3 35.31
56.35 35.31
56.4 35.31
56.45 35.37
56.5 35.37
56.55 35.37
56.6 35.37
56.65 35.37
56.7 35.37
56.75 35.37
56.8 35.37
56.85 35.37
56.9 35.37
56.95 35.43
57 35.43
57.05 35.43
57.1 35.43
57.15 35.43
57.2 35.43
57.25 35.43
57.3 35.43
57.35 35.43
57.4 35.43
57.45 35.5
57.5 35.5
57.55 35.5
57.6 35.5
57.65 35.5
57.7 35.5
57.75 35.5
57.8 35.5
57.85 35.5
57.9 35.5
57.95 35.56
58 35.56
58.05 35.56
58.1 35.56
58.15 35.56
58.2 35.56
58.25 35.56
58.3 35.56
58.35 35.56
58.4 35.56
58.45 35.68
58.5 35.68
58.55 35.68
58.6 35.68
58.65 35.68
58.7 35.68
58.75 35.68
58.8 35.68
58.85 35.68
58.9 35.68
58.95 35.68
59 35.75
59.05 35.75
59.1 35.75
59.15 35.75
59.2 35.75
59.25 35.75
59.3 35.75
59.35 35.75
59.4 35.75
59.45 35.75
59.5 35.75
59.55 35.75
59.6 35.75
59.65 35.75
59.7 35.75
59.75 35.75
59.8 35.75
59.85 35.75
59.9 35.75
59.95 35.81
60 35.81
60.05 35.81
60.1 35.81
60.15 35.81
60.2 35.81
60.25 35.81
60.3 35.81
60.35 35.81
60.4 35.81
60.45 35.81
60.5 35.81
60.55 35.81
60.6 35.81
60.65 35.81
60.7 35.81
60.75 35.81
60.8 35.81
60.85 35.81
60.9 35.81
60.95 35.87
61 35.87
61.05 35.87
61.1 35.87
61.15 35.87
61.2 35.87
61.25 35.87
61.3 35.87
61.35 35.87
61.4 35.87
61.45 35.93
61.5 35.93
61.55 35.93
61.6 35.93
61.65 35.93
61.7 35.93
61.75 35.93
61.8 35.93
61.85 35.93
61.9 35.93
61.95 36
62 36
62.05 36
62.1 36
62.15 36
62.2 36
62.25 36
62.3 36
62.35 36
62.4 36
62.45 36
62.5 36
62.55 36
62.6 36
62.65 36
62.7 36
62.75 36
62.8 36
62.85 36
62.9 36
62.95 36.06
63 36.06
63.05 36.06
63.1 36.06
63.15 36.06
63.2 36.06
63.25 36.06
63.3 36.06
63.35 36.06
63.4 36.06
63.45 36.06
63.5 36.06
63.55 36.06
63.6 36.06
63.65 36.06
63.7 36.06
63.75 36.06
63.8 36.06
63.85 36.06
63.9 36.06
63.95 36.12
64 36.12
64.05 36.12
64.1 36.12
64.15 36.12
64.2 36.12
64.25 36.12
64.3 36.12
64.35 36.12
64.4 36.12
64.45 36.12
64.5 36.12
64.55 36.12
64.6 36.12
64.65 36.12
64.7 36.12
64.75 36.12
64.8 36.12
64.85 36.12
64.9 36.12
64.95 36.18
65 36.18
65.05 36.18
65.1 36.18
65.15 36.18
65.2 36.18
65.25 36.18
65.3 36.18
65.35 36.18
65.4 36.18
65.45 36.18
65.5 36.18
65.55 36.18
65.6 36.18
65.65 36.18
65.7 36.18
65.75 36.18
65.8 36.18
65.85 36.18
65.9 36.18
65.95 36.18
66 36.25
66.05 36.25
66.1 36.25
66.15 36.25
66.2 36.25
66.25 36.25
66.3 36.25
66.35 36.25
66.4 36.25
66.45 36.25
66.5 36.25
66.55 36.25
66.6 36.25
66.65 36.25
66.7 36.25
66.75 36.25
66.8 36.25
66.85 36.25
66.9 36.25
66.95 36.25
67 36.25
67.05 36.25
67.1 36.25
67.15 36.25
67.2 36.25
67.25 36.25
67.3 36.25
67.35 36.25
67.4 36.25
67.45 36.25
67.5 36.25
67.55 36.25
67.6 36.25
67.65 36.25
67.7 36.25
67.75 36.25
67.8 36.25
67.85 36.25
67.9 36.25
67.95 36.25
68 36.25
68.05 36.25
68.1 36.25
68.15 36.25
68.2 36.25
68.25 36.25
68.3 36.25
68.35 36.25
68.4 36.25
68.45 36.25
68.5 36.25
68.55 36.25
68.6 36.25
68.65 36.25
68.7 36.25
68.75 36.25
68.8 36.25
68.85 36.25
68.9 36.25
68.95 36.25
69 36.25
69.05 36.25
69.1 36.25
69.15 36.25
69.2 36.25
69.25 36.25
69.3 36.25
69.35 36.25
69.4 36.25
69.45 36.25
69.5 36.25
69.55 36.25
69.6 36.25
69.65 36.25
69.7 36.25
69.75 36.25
69.8 36.25
69.85 36.25
69.9 36.25
69.95 36.25
70 36.25
70.05 36.25
70.1 36.25
70.15 36.25
70.2 36.25
70.25 36.25
70.3 36.25
70.35 36.25
70.4 36.25
70.45 36.25
70.5 36.25
70.55 36.25
70.6 36.25
70.65 36.25
70.7 36.25
70.75 36.25
70.8 36.25
70.85 36.25
70.9 36.25
70.95 36.25
71 36.25
71.05 36.25
71.1 36.25
71.15 36.25
71.2 36.25
71.25 36.25
71.3 36.25
71.35 36.25
71.4 36.25
71.45 36.25
71.5 36.25
71.55 36.25
71.6 36.25
71.65 36.25
71.7 36.25
71.75 36.25
71.8 36.25
71.85 36.25
71.9 36.25
71.95 36.18
72 36.18
72.05 36.18
72.1 36.18
72.15 36.18
72.2 36.18
72.25 36.18
72.3 36.18
72.35 36.18
72.4 36.18
72.45 36.18
72.5 36.18
72.55 36.18
72.6 36.18
72.65 36.18
72.7 36.18
72.75 36.18
72.8 36.18
72.85 36.18
72.9 36.18
72.95 36.18
73 36.18
73.05 36.18
73.1 36.18
73.15 36.18
73.2 36.18
73.25 36.18
73.3 36.18
73.35 36.18
73.4 36.18
73.45 36.18
73.5 36.18
73.55 36.18
73.6 36.18
73.65 36.18
73.7 36.18
73.75 36.18
73.8 36.18
73.85 36.18
73.9 36.18
73.95 36.18
74 36.18
74.05 36.18
74.1 36.18
74.15 36.18
74.2 36.18
74.25 36.18
74.3 36.18
74.35 36.18
74.4 36.18
74.45 36.12
74.5 36.12
74.55 36.12
74.6 36.12
74.65 36.12
74.7 36.12
74.75 36.12
74.8 36.12
74.85 36.12
74.9 36.12
74.95 36.12
75 36.12
75.05 36.12
75.1 36.12
75.15 36.12
75.2 36.12
75.25 36.12
75.3 36.12
75.35 36.12
75.4 36.12
75.45 36.06
75.5 36.06
75.55 36.06
75.6 36.06
75.65 36.06
75.7 36.06
75.75 36.06
75.8 36.06
75.85 36.06
75.9 36.06
75.95 36.06
76 36.06
76.05 36.06
76.1 36.06
76.15 36.06
76.2 36.06
76.25 36.06
76.3 36.06
76.35 36.06
76.4 36.06
76.45 36.06
76.5 36.06
76.55 36.06
76.6 36.06
76.65 36.06
76.7 36.06
76.75 36.06
76.8 36.06
76.85 36.06
76.9 36.06
76.95 36
77 36
77.05 36
77.1 36
77.15 36
77.2 36
77.25 36
77.3 36
77.35 36
77.4 36
77.45 36
77.5 36
77.55 36
77.6 36
77.65 36
77.7 36
77.75 36
77.8 36
77.85 36
77.9 36
77.95 35.93
78 35.93
78.05 35.93
78.1 35.93
78.15 35.93
78.2 35.93
78.25 35.93
78.3 35.93
78.35 35.93
78.4 35.93
78.45 35.87
78.5 35.87
78.55 35.87
78.6 35.87
78.65 35.87
78.7 35.87
78.75 35.87
78.8 35.87
78.85 35.87
78.9 35.87
78.95 35.87
79 35.87
79.05 35.87
79.1 35.87
79.15 35.87
79.2 35.87
79.25 35.87
79.3 35.87
79.35 35.87
79.4 35.87
79.45 35.81
79.5 35.81
79.55 35.81
79.6 35.81
79.65 35.81
79.7 35.81
79.75 35.81
79.8 35.81
79.85 35.81
79.9 35.81
79.95 35.81
80 35.75
80.05 35.75
80.1 35.75
80.15 35.75
80.2 35.75
80.25 35.75
80.3 35.75
80.35 35.75
80.4 35.75
80.45 35.75
80.5 35.75
80.55 35.75
80.6 35.75
80.65 35.75
80.7 35.75
80.75 35.75
80.8 35.75
80.85 35.75
80.9 35.75
80.95 35.68
81 35.68
81.05 35.68
81.1 35.68
81.15 35.68
81.2 35.68
81.25 35.68
81.3 35.68
81.35 35.68
81.4 35.68
81.45 35.62
81.5 35.62
81.55 35.62
81.6 35.62
81.65 35.62
81.7 35.62
81.75 35.62
81.8 35.62
81.85 35.62
81.9 35.62
81.95 35.62
82 35.62
82.05 35.62
82.1 35.62
82.15 35.62
82.2 35.62
82.25 35.62
82.3 35.62
82.35 35.62
82.4 35.62
82.45 35.56
82.5 35.56
82.55 35.56
82.6 35.56
82.65 35.56
82.7 35.56
82.75 35.56
82.8 35.56
82.85 35.56
82.9 35.56
82.95 35.5
83 35.5
83.05 35.5
83.1 35.5
83.15 35.5
83.2 35.5
83.25 35.5
83.3 35.5
83.35 35.5
83.4 35.5
83.45 35.5
83.5 35.5
83.55 35.5
83.6 35.5
83.65 35.5
83.7 35.5
83.75 35.5
83.8 35.5
83.85 35.5
83.9 35.5
83.95 35.5
84 35.5
84.05 35.5
84.1 35.5
84.15 35.5
84.2 35.5
84.25 35.5
84.3 35.5
84.35 35.5
84.4 35.5
84.45 35.43
84.5 35.43
84.55 35.43
84.6 35.43
84.65 35.43
84.7 35.43
84.75 35.43
84.8 35.43
84.85 35.43
84.9 35.43
84.95 35.43
85 35.43
85.05 35.43
85.1 35.43
85.15 35.43
85.2 35.43
85.25 35.43
85.3 35.43
85.35 35.43
85.4 35.43
85.45 35.37
85.5 35.37
85.55 35.37
85.6 35.37
85.65 35.37
85.7 35.37
85.75 35.37
85.8 35.37
85.85 35.37
85.9 35.37
85.95 35.37
86 35.37
86.05 35.37
86.1 35.37
86.15 35.37
86.2 35.37
86.25 35.37
86.3 35.37
86.35 35.37
86.4 35.37
86.45 35.31
86.5 35.31
86.55 35.31
86.6 35.31
86.65 35.31
86.7 35.31
86.75 35.31
86.8 35.31
86.85 35.31
86.9 35.31
86.95 35.31
87 35.31
87.05 35.31
87.1 35.31
87.15 35.31
87.2 35.31
87.25 35.31
87.3 35.31
87.35 35.31
87.4 35.31
87.45 35.31
87.5 35.31
87.55 35.31
87.6 35.31
87.65 35.31
87.7 35.31
87.75 35.31
87.8 35.31
87.85 35.31
87.9 35.31
87.95 35.31
88 35.31
88.05 35.31
88.1 35.31
88.15 35.31
88.2 35.31
88.25 35.31
88.3 35.31
88.35 35.31
88.4 35.31
88.45 35.31
88.5 35.31
88.55 35.31
88.6 35.31
88.65 35.31
88.7 35.31
88.75 35.31
88.8 35.31
88.85 35.31
88.9 35.31
88.95 35.31
89 35.31
89.05 35.31
89.1 35.31
89.15 35.31
89.2 35.31
89.25 35.31
89.3 35.31
89.35 35.31
89.4 35.31
89.45 35.25
89.5 35.25
89.55 35.25
89.6 35.25
89.65 35.25
89.7 35.25
89.75 35.25
89.8 35.25
89.85 35.25
89.9 35.25
89.95 35.25
90 35.25
90.05 35.25
90.1 35.25
90.15 35.25
90.2 35.25
90.25 35.25
90.3 35.25
90.35 35.25
90.4 35.25
90.45 35.25
90.5 35.25
90.55 35.25
90.6 35.25
90.65 35.25
90.7 35.25
90.75 35.25
90.8 35.25
90.85 35.25
90.9 35.25
90.95 35.25
91 35.25
91.05 35.25
91.1 35.25
91.15 35.25
91.2 35.25
91.25 35.25
91.3 35.25
91.35 35.25
91.4 35.25
91.45 35.25
91.5 35.25
91.55 35.25
91.6 35.25
91.65 35.25
91.7 35.25
91.75 35.25
91.8 35.25
91.85 35.25
91.9 35.25
91.95 35.25
92 35.25
92.05 35.25
92.1 35.25
92.15 35.25
92.2 35.25
92.25 35.25
92.3 35.25
92.35 35.25
92.4 35.25
92.45 35.25
92.5 35.25
92.55 35.25
92.6 35.25
92.65 35.25
92.7 35.25
92.75 35.25
92.8 35.25
92.85 35.25
92.9 35.25
92.95 35.25
93 35.25
93.05 35.25
93.1 35.25
93.15 35.25
93.2 35.25
93.25 35.25
93.3 35.25
93.35 35.25
93.4 35.25
93.45 35.25
93.5 35.25
93.55 35.25
93.6 35.25
93.65 35.25
93.7 35.25
93.75 35.25
93.8 35.25
93.85 35.25
93.9 35.25
93.95 35.25
94 35.25
94.05 35.25
94.1 35.25
94.15 35.25
94.2 35.25
94.25 35.25
94.3 35.25
94.35 35.25
94.4 35.25
94.45 35.25
94.5 35.25
94.55 35.25
94.6 35.25
94.65 35.25
94.7 35.25
94.75 35.25
94.8 35.25
94.85 35.25
94.9 35.25
94.95 35.25
95 35.25
95.05 35.25
95.1 35.25
95.15 35.25
95.2 35.25
95.25 35.25
95.3 35.25
95.35 35.25
95.4 35.25
95.45 35.18
95.5 35.18
95.55 35.18
95.6 35.18
95.65 35.18
95.7 35.18
95.75 35.18
95.8 35.18
95.85 35.18
95.9 35.18
95.95 35.18
96 35.18
96.05 35.18
96.1 35.18
96.15 35.18
96.2 35.18
96.25 35.18
96.3 35.18
96.35 35.18
96.4 35.18
96.45 35.18
96.5 35.18
96.55 35.18
96.6 35.18
96.65 35.18
96.7 35.18
96.75 35.18
96.8 35.18
96.85 35.18
96.9 35.18
96.95 35.18
97 35.18
97.05 35.18
97.1 35.18
97.15 35.18
97.2 35.18
97.25 35.18
97.3 35.18
97.35 35.18
97.4 35.18
97.45 35.18
97.5 35.18
97.55 35.18
97.6 35.18
97.65 35.18
97.7 35.18
97.75 35.18
97.8 35.18
97.85 35.18
97.9 35.18
97.95 35.18
98 35.18
98.05 35.18
98.1 35.18
98.15 35.18
98.2 35.18
98.25 35.18
98.3 35.18
98.35 35.18
98.4 35.18
98.45 35.18
98.5 35.18
98.55 35.18
98.6 35.18
98.65 35.18
98.7 35.18
98.75 35.18
98.8 35.18
98.85 35.18
98.9 35.18
98.95 35.18
99 35.18
99.05 35.18
99.1 35.18
99.15 35.18
99.2 35.18
99.25 35.18
99.3 35.18
99.35 35.18
99.4 35.18
99.45 35.18
99.5 35.18
99.55 35.18
99.6 35.18
99.65 35.18
99.7 35.18
99.75 35.18
99.8 35.18
99.85 35.18
99.9 35.18
99.95 35.18
100 35.18
100.05 35.18
100.1 35.18
100.15 35.18
100.2 35.18
100.25 35.18
100.3 35.18
100.35 35.18
100.4 35.18
100.45 35.18
100.5 35.18
100.55 35.18
100.6 35.18
100.65 35.18
100.7 35.18
100.75 35.18
100.8 35.18
100.85 35.18
100.9 35.18
100.95 35.18
101 35.18
101.05 35.18
101.1 35.18
101.15 35.18
101.2 35.18
101.25 35.18
101.3 35.18
101.35 35.18
101.4 35.18
101.45 35.18
101.5 35.18
101.55 35.18
101.6 35.18
101.65 35.18
101.7 35.18
101.75 35.18
101.8 35.18
101.85 35.18
101.9 35.18
101.95 35.18
102 35.18
102.05 35.18
102.1 35.18
102.15 35.18
102.2 35.18
102.25 35.18
102.3 35.18
102.35 35.18
102.4 35.18
102.45 35.12
102.5 35.12
102.55 35.12
102.6 35.12
102.65 35.12
102.7 35.12
102.75 35.12
102.8 35.12
102.85 35.12
102.9 35.12
102.95 35.12
103 35.12
103.05 35.12
103.1 35.12
103.15 35.12
103.2 35.12
103.25 35.12
103.3 35.12
103.35 35.12
103.4 35.12
103.45 35.18
103.5 35.18
103.55 35.18
103.6 35.18
103.65 35.18
103.7 35.18
103.75 35.18
103.8 35.18
103.85 35.18
103.9 35.18
103.95 35.18
104 35.18
104.05 35.18
104.1 35.18
104.15 35.18
104.2 35.18
104.25 35.18
104.3 35.18
104.35 35.18
104.4 35.18
104.45 35.18
104.5 35.18
104.55 35.18
104.6 35.18
104.65 35.18
104.7 35.18
104.75 35.18
104.8 35.18
104.85 35.18
104.9 35.18
104.95 35.18
105 35.18
105.05 35.18
105.1 35.18
105.15 35.18
105.2 35.18
105.25 35.18
105.3 35.18
105.35 35.18
105.4 35.18
105.45 35.18
105.5 35.18
105.55 35.18
105.6 35.18
105.65 35.18
105.7 35.18
105.75 35.18
105.8 35.18
105.85 35.18
105.9 35.18
105.95 35.18
106 35.18
106.05 35.18
106.1 35.18
106.15 35.18
106.2 35.18
106.25 35.18
106.3 35.18
106.35 35.18
106.4 35.18
106.45 35.18
106.5 35.18
106.55 35.18
106.6 35.18
106.65 35.18
106.7 35.18
106.75 35.18
106.8 35.18
106.85 35.18
106.9 35.18
106.95 35.18
107 35.18
107.05 35.18
107.1 35.18
107.15 35.18
107.2 35.18
107.25 35.18
107.3 35.18
107.35 35.18
107.4 35.18
107.45 35.18
107.5 35.18
107.55 35.18
107.6 35.18
107.65 35.18
107.7 35.18
107.75 35.18
107.8 35.18
107.85 35.18
107.9 35.18
107.95 35.18
108 35.25
108.05 35.25
108.1 35.25
108.15 35.25
108.2 35.25
108.25 35.25
108.3 35.25
108.35 35.25
108.4 35.25
108.45 35.18
108.5 35.18
108.55 35.18
108.6 35.18
108.65 35.18
108.7 35.18
108.75 35.18
108.8 35.18
108.85 35.18
108.9 35.18
108.95 35.25
109 35.25
109.05 35.25
109.1 35.25
109.15 35.25
109.2 35.25
109.25 35.25
109.3 35.25
109.35 35.25
109.4 35.25
109.45 35.25
109.5 35.25
109.55 35.25
109.6 35.25
109.65 35.25
109.7 35.25
109.75 35.25
109.8 35.25
109.85 35.25
109.9 35.25
109.95 35.18
110 35.18
110.05 35.18
110.1 35.18
110.15 35.18
110.2 35.18
110.25 35.18
110.3 35.18
110.35 35.18
110.4 35.18
110.45 35.18
110.5 35.18
110.55 35.18
110.6 35.18
110.65 35.18
110.7 35.18
110.75 35.18
110.8 35.18
110.85 35.18
110.9 35.18
110.95 35.18
111 35.18
111.05 35.18
111.1 35.18
111.15 35.18
111.2 35.18
111.25 35.18
111.3 35.18
111.35 35.18
111.4 35.18
111.45 35.18
111.5 35.18
111.55 35.18
111.6 35.18
111.65 35.18
111.7 35.18
111.75 35.18
111.8 35.18
111.85 35.18
111.9 35.18
111.95 35.18
112 35.18
112.05 35.18
112.1 35.18
112.15 35.18
112.2 35.18
112.25 35.18
112.3 35.18
112.35 35.18
112.4 35.18
112.45 35.18
112.5 35.18
112.55 35.18
112.6 35.18
112.65 35.18
112.7 35.18
112.75 35.18
112.8 35.18
112.85 35.18
112.9 35.18
112.95 35.18
113 35.18
113.05 35.18
113.1 35.18
113.15 35.18
113.2 35.18
113.25 35.18
113.3 35.18
113.35 35.18
113.4 35.18
113.45 35.18
113.5 35.18
113.55 35.18
113.6 35.18
113.65 35.18
113.7 35.18
113.75 35.18
113.8 35.18
113.85 35.18
113.9 35.18
113.95 35.18
114 35.18
114.05 35.18
114.1 35.18
114.15 35.18
114.2 35.18
114.25 35.18
114.3 35.18
114.35 35.18
114.4 35.18
114.45 35.18
114.5 35.18
114.55 35.18
114.6 35.18
114.65 35.18
114.7 35.18
114.75 35.18
114.8 35.18
114.85 35.18
114.9 35.18
114.95 35.18
115 35.12
115.05 35.12
115.1 35.12
115.15 35.12
115.2 35.12
115.25 35.12
115.3 35.12
115.35 35.12
115.4 35.12
115.45 35.12
115.5 35.12
115.55 35.12
115.6 35.12
115.65 35.12
115.7 35.12
115.75 35.12
115.8 35.12
115.85 35.12
115.9 35.12
115.95 35.12
116 35.12
116.05 35.12
116.1 35.12
116.15 35.12
116.2 35.12
116.25 35.12
116.3 35.12
116.35 35.12
116.4 35.12
116.45 35.12
116.5 35.12
116.55 35.12
116.6 35.12
116.65 35.12
116.7 35.12
116.75 35.12
116.8 35.12
116.85 35.12
116.9 35.12
116.95 35.12
117 35.12
117.05 35.12
117.1 35.12
117.15 35.12
117.2 35.12
117.25 35.12
117.3 35.12
117.35 35.12
117.4 35.12
117.45 35.12
117.5 35.12
117.55 35.12
117.6 35.12
117.65 35.12
117.7 35.12
117.75 35.12
117.8 35.12
117.85 35.12
117.9 35.12
117.95 35.12
118 35.12
118.05 35.12
118.1 35.12
118.15 35.12
118.2 35.12
118.25 35.12
118.3 35.12
118.35 35.12
118.4 35.12
118.45 35.12
118.5 35.12
118.55 35.12
118.6 35.12
118.65 35.12
118.7 35.12
118.75 35.12
118.8 35.12
118.85 35.12
118.9 35.12
118.95 35.12
119 35.12
119.05 35.12
119.1 35.12
119.15 35.12
119.2 35.12
119.25 35.12
119.3 35.12
119.35 35.12
119.4 35.12
119.45 35.12
119.5 35.12
119.55 35.12
119.6 35.12
119.65 35.12
119.7 35.12
119.75 35.12
119.8 35.12
119.85 35.12
119.9 35.12
119.95 35.06
120 35.06
120.05 35.06
120.1 35.06
120.15 35.06
120.2 35.06
120.25 35.06
120.3 35.06
120.35 35.06
120.4 35.06
120.45 35.06
120.5 35.06
120.55 35.06
120.6 35.06
120.65 35.06
120.7 35.06
120.75 35.06
120.8 35.06
120.85 35.06
120.9 35.06
120.95 35.12
121 35.12
121.05 35.12
121.1 35.12
121.15 35.12
121.2 35.12
121.25 35.12
121.3 35.12
121.35 35.12
121.4 35.12
121.45 35.12
121.5 35.12
121.55 35.12
121.6 35.12
121.65 35.12
121.7 35.12
121.75 35.12
121.8 35.12
121.85 35.12
121.9 35.12
121.95 35.12
122 35.12
122.05 35.12
122.1 35.12
122.15 35.12
122.2 35.12
122.25 35.12
122.3 35.12
122.35 35.12
122.4 35.12
122.45 35.18
122.5 35.18
122.55 35.18
122.6 35.18
122.65 35.18
122.7 35.18
122.75 35.18
122.8 35.18
122.85 35.18
122.9 35.18
122.95 35.25
123 35.25
123.05 35.25
123.1 35.25
123.15 35.25
123.2 35.25
123.25 35.25
123.3 35.25
123.35 35.25
123.4 35.25
123.45 35.31
123.5 35.31
123.55 35.31
123.6 35.31
123.65 35.31
123.7 35.31
123.75 35.31
123.8 35.31
123.85 35.31
123.9 35.31
123.95 35.37
124 35.37
124.05 35.37
124.1 35.37
124.15 35.37
124.2 35.37
124.25 35.37
124.3 35.37
124.35 35.37
124.4 35.37
124.45 35.5
124.5 35.5
124.55 35.5
124.6 35.5
124.65 35.5
124.7 35.5
124.75 35.5
124.8 35.5
124.85 35.5
124.9 35.5
124.95 35.56
125 35.56
125.05 35.56
125.1 35.56
125.15 35.56
125.2 35.56
125.25 35.56
125.3 35.56
125.35 35.56
125.4 35.56
125.45 35.56
125.5 35.68
125.55 35.68
125.6 35.68
125.65 35.68
125.7 35.68
125.75 35.68
125.8 35.68
125.85 35.68
125.9 35.68
125.95 35.75
126 35.75
126.05 35.75
126.1 35.75
126.15 35.75
126.2 35.75
126.25 35.75
126.3 35.75
126.35 35.75
126.4 35.75
126.45 35.87
126.5 35.87
126.55 35.87
126.6 35.87
126.65 35.87
126.7 35.87
126.75 35.87
126.8 35.87
126.85 35.87
126.9 35.87
126.95 36.06
127 36.06
127.05 36.06
127.1 36.06
127.15 36.06
127.2 36.06
127.25 36.06
127.3 36.06
127.35 36.06
127.4 36.06
127.45 36.18
127.5 36.18
127.55 36.18
127.6 36.18
127.65 36.18
127.7 36.18
127.75 36.18
127.8 36.18
127.85 36.18
127.9 36.18
127.95 36.31
128 36.31
128.05 36.31
128.1 36.31
128.15 36.31
128.2 36.31
128.25 36.31
128.3 36.31
128.35 36.31
128.4 36.31
128.45 36.5
128.5 36.5
128.55 36.5
128.6 36.5
128.65 36.5
128.7 36.5
128.75 36.5
128.8 36.5
128.85 36.5
128.9 36.5
128.95 36.5
129 36.62
129.05 36.62
129.1 36.62
129.15 36.62
129.2 36.62
129.25 36.62
129.3 36.62
129.35 36.62
129.4 36.62
129.45 36.75
129.5 36.75
129.55 36.75
129.6 36.75
129.65 36.75
129.7 36.75
129.75 36.75
129.8 36.75
129.85 36.75
129.9 36.75
129.95 36.87
130 36.87
130.05 36.87
130.1 36.87
130.15 36.87
130.2 36.87
130.25 36.87
130.3 36.87
130.35 36.87
130.4 36.87
130.45 37.06
130.5 37.06
130.55 37.06
130.6 37.06
130.65 37.06
130.7 37.06
130.75 37.06
130.8 37.06
130.85 37.06
130.9 37.06
130.95 37.18
131 37.18
131.05 37.18
131.1 37.18
131.15 37.18
131.2 37.18
131.25 37.18
131.3 37.18
131.35 37.18
131.4 37.18
131.45 37.37
131.5 37.37
131.55 37.37
131.6 37.37
131.65 37.37
131.7 37.37
131.75 37.37
131.8 37.37
131.85 37.37
131.9 37.37
131.95 37.5
132 37.5
132.05 37.5
132.1 37.5
132.15 37.5
132.2 37.5
132.25 37.5
132.3 37.5
132.35 37.5
132.4 37.5
132.45 37.5
132.5 37.68
132.55 37.68
132.6 37.68
132.65 37.68
132.7 37.68
132.75 37.68
132.8 37.68
132.85 37.68
132.9 37.68
132.95 37.75
133 37.75
133.05 37.75
133.1 37.75
133.15 37.75
133.2 37.75
133.25 37.75
133.3 37.75
133.35 37.75
133.4 37.75
133.45 37.87
133.5 37.87
133.55 37.87
133.6 37.87
133.65 37.87
133.7 37.87
133.75 37.87
133.8 37.87
133.85 37.87
133.9 37.87
133.95 38.06
134 38.06
134.05 38.06
134.1 38.06
134.15 38.06
134.2 38.06
134.25 38.06
134.3 38.06
134.35 38.06
134.4 38.06
134.45 38.18
134.5 38.18
134.55 38.18
134.6 38.18
134.65 38.18
134.7 38.18
134.75 38.18
134.8 38.18
134.85 38.18
134.9 38.18
134.95 38.31
135 38.31
135.05 38.31
135.1 38.31
135.15 38.31
135.2 38.31
135.25 38.31
135.3 38.31
135.35 38.31
135.4 38.31
135.45 38.43
135.5 38.43
135.55 38.43
135.6 38.43
135.65 38.43
135.7 38.43
135.75 38.43
135.8 38.43
135.85 38.43
135.9 38.43
135.95 38.43
136 38.56
136.05 38.56
136.1 38.56
136.15 38.56
136.2 38.56
136.25 38.56
136.3 38.56
136.35 38.56
136.4 38.56
136.45 38.62
136.5 38.62
136.55 38.62
136.6 38.62
136.65 38.62
136.7 38.62
136.75 38.62
136.8 38.62
136.85 38.62
136.9 38.62
136.95 38.75
137 38.75
137.05 38.75
137.1 38.75
137.15 38.75
137.2 38.75
137.25 38.75
137.3 38.75
137.35 38.75
137.4 38.75
137.45 38.81
137.5 38.81
137.55 38.81
137.6 38.81
137.65 38.81
137.7 38.81
137.75 38.81
137.8 38.81
137.85 38.81
137.9 38.81
137.95 38.93
138 38.93
138.05 38.93
138.1 38.93
138.15 38.93
138.2 38.93
138.25 38.93
138.3 38.93
138.35 38.93
138.4 38.93
138.45 39
138.5 39
138.55 39
138.6 39
138.65 39
138.7 39
138.75 39
138.8 39
138.85 39
138.9 39
138.95 39.06
139 39.06
139.05 39.06
139.1 39.06
139.15 39.06
139.2 39.06
139.25 39.06
139.3 39.06
139.35 39.06
139.4 39.06
139.45 39.06
139.5 39.12
139.55 39.12
139.6 39.12
139.65 39.12
139.7 39.12
139.75 39.12
139.8 39.12
139.85 39.12
139.9 39.12
139.95 39.18
140 39.18
140.05 39.18
140.1 39.18
140.15 39.18
140.2 39.18
140.25 39.18
140.3 39.18
140.35 39.18
140.4 39.18
140.45 39.25
140.5 39.25
140.55 39.25
140.6 39.25
140.65 39.25
140.7 39.25
140.75 39.25
140.8 39.25
140.85 39.25
140.9 39.25
140.95 39.25
141 39.25
141.05 39.25
141.1 39.25
141.15 39.25
141.2 39.25
141.25 39.25
141.3 39.25
141.35 39.25
141.4 39.25
141.45 39.31
141.5 39.31
141.55 39.31
141.6 39.31
141.65 39.31
141.7 39.31
141.75 39.31
141.8 39.31
141.85 39.31
141.9 39.31
141.95 39.31
142 39.31
142.05 39.31
142.1 39.31
142.15 39.31
142.2 39.31
142.25 39.31
142.3 39.31
142.35 39.31
142.4 39.31
142.45 39.31
142.5 39.31
142.55 39.31
142.6 39.31
142.65 39.31
142.7 39.31
142.75 39.31
142.8 39.31
142.85 39.31
142.9 39.31
142.95 39.31
143 39.37
143.05 39.37
143.1 39.37
143.15 39.37
143.2 39.37
143.25 39.37
143.3 39.37
143.35 39.37
143.4 39.37
143.45 39.37
143.5 39.37
143.55 39.37
143.6 39.37
143.65 39.37
143.7 39.37
143.75 39.37
143.8 39.37
143.85 39.37
143.9 39.37
143.95 39.37
144 39.37
144.05 39.37
144.1 39.37
144.15 39.37
144.2 39.37
144.25 39.37
144.3 39.37
144.35 39.37
144.4 39.37
144.45 39.31
144.5 39.31
144.55 39.31
144.6 39.31
144.65 39.31
144.7 39.31
144.75 39.31
144.8 39.31
144.85 39.31
144.9 39.31
144.95 39.31
145 39.31
145.05 39.31
145.1 39.31
145.15 39.31
145.2 39.31
145.25 39.31
145.3 39.31
145.35 39.31
145.4 39.31
145.45 39.31
145.5 39.31
145.55 39.31
145.6 39.31
145.65 39.31
145.7 39.31
145.75 39.31
145.8 39.31
145.85 39.31
145.9 39.31
145.95 39.25
146 39.25
146.05 39.25
146.1 39.25
146.15 39.25
146.2 39.25
146.25 39.25
146.3 39.25
146.35 39.25
146.4 39.25
146.45 39.25
146.5 39.25
146.55 39.25
146.6 39.25
146.65 39.25
146.7 39.25
146.75 39.25
146.8 39.25
146.85 39.25
146.9 39.25
146.95 39.18
147 39.18
147.05 39.18
147.1 39.18
147.15 39.18
147.2 39.18
147.25 39.18
147.3 39.18
147.35 39.18
147.4 39.18
147.45 39.18
147.5 39.18
147.55 39.18
147.6 39.18
147.65 39.18
147.7 39.18
147.75 39.18
147.8 39.18
147.85 39.18
147.9 39.18
147.95 39.12
148 39.12
148.05 39.12
148.1 39.12
148.15 39.12
148.2 39.12
148.25 39.12
148.3 39.12
148.35 39.12
148.4 39.12
148.45 39.06
148.5 39.06
148.55 39.06
148.6 39.06
148.65 39.06
148.7 39.06
148.75 39.06
148.8 39.06
148.85 39.06
148.9 39.06
148.95 39
149 39
149.05 39
149.1 39
149.15 39
149.2 39
149.25 39
149.3 39
149.35 39
149.4 39
149.45 38.93
149.5 38.93
149.55 38.93
149.6 38.93
149.65 38.93
149.7 38.93
149.75 38.93
149.8 38.93
149.85 38.93
149.9 38.93
149.95 38.93
150 38.87
150.05 38.87
150.1 38.87
150.15 38.87
150.2 38.87
150.25 38.87
150.3 38.87
150.35 38.87
150.4 38.87
150.45 38.87
150.5 38.87
150.55 38.87
150.6 38.87
150.65 38.87
150.7 38.87
150.75 38.87
150.8 38.87
150.85 38.87
150.9 38.87
150.95 38.81
151 38.81
151.05 38.81
151.1 38.81
151.15 38.81
151.2 38.81
151.25 38.81
151.3 38.81
151.35 38.81
151.4 38.81
151.45 38.68
151.5 38.68
151.55 38.68
151.6 38.68
151.65 38.68
151.7 38.68
151.75 38.68
151.8 38.68
151.85 38.68
151.9 38.68
151.95 38.62
152 38.62
152.05 38.62
152.1 38.62
152.15 38.62
152.2 38.62
152.25 38.62
152.3 38.62
152.35 38.62
152.4 38.62
152.45 38.56
152.5 38.56
152.55 38.56
152.6 38.56
152.65 38.56
152.7 38.56
152.75 38.56
152.8 38.56
152.85 38.56
152.9 38.56
152.95 38.5
153 38.5
153.05 38.5
153.1 38.5
153.15 38.5
153.2 38.5
153.25 38.5
153.3 38.5
153.35 38.5
153.4 38.5
153.45 38.5
153.5 38.43
153.55 38.43
153.6 38.43
153.65 38.43
153.7 38.43
153.75 38.43
153.8 38.43
153.85 38.43
153.9 38.43
153.95 38.43
154 38.43
154.05 38.43
154.1 38.43
154.15 38.43
154.2 38.43
154.25 38.43
154.3 38.43
154.35 38.43
154.4 38.43
154.45 38.37
154.5 38.37
154.55 38.37
154.6 38.37
154.65 38.37
154.7 38.37
154.75 38.37
154.8 38.37
154.85 38.37
154.9 38.37
154.95 38.25
155 38.25
155.05 38.25
155.1 38.25
155.15 38.25
155.2 38.25
155.25 38.25
155.3 38.25
155.35 38.25
155.4 38.25
155.45 38.18
155.5 38.18
155.55 38.18
155.6 38.18
155.65 38.18
155.7 38.18
155.75 38.18
155.8 38.18
155.85 38.18
155.9 38.18
155.95 38.12
156 38.12
156.05 38.12
156.1 38.12
156.15 38.12
156.2 38.12
156.25 38.12
156.3 38.12
156.35 38.12
156.4 38.12
156.45 38.06
156.5 38.06
156.55 38.06
156.6 38.06
156.65 38.06
156.7 38.06
156.75 38.06
156.8 38.06
156.85 38.06
156.9 38.06
156.95 38.06
157 38
157.05 38
157.1 38
157.15 38
157.2 38
157.25 38
157.3 38
157.35 38
157.4 38
157.45 37.93
157.5 37.93
157.55 37.93
157.6 37.93
157.65 37.93
157.7 37.93
157.75 37.93
157.8 37.93
157.85 37.93
157.9 37.93
157.95 37.87
158 37.87
158.05 37.87
158.1 37.87
158.15 37.87
158.2 37.87
158.25 37.87
158.3 37.87
158.35 37.87
158.4 37.87
158.45 37.81
158.5 37.81
158.55 37.81
158.6 37.81
158.65 37.81
158.7 37.81
158.75 37.81
158.8 37.81
158.85 37.81
158.9 37.81
158.95 37.75
159 37.75
159.05 37.75
159.1 37.75
159.15 37.75
159.2 37.75
159.25 37.75
159.3 37.75
159.35 37.75
159.4 37.75
159.45 37.68
159.5 37.68
159.55 37.68
159.6 37.68
159.65 37.68
159.7 37.68
159.75 37.68
159.8 37.68
159.85 37.68
159.9 37.68
159.95 37.62
160 37.62
160.05 37.62
160.1 37.62
160.15 37.62
160.2 37.62
160.25 37.62
160.3 37.62
160.35 37.62
160.4 37.62
160.45 37.62
160.5 37.56
160.55 37.56
160.6 37.56
160.65 37.56
160.7 37.56
160.75 37.56
160.8 37.56
160.85 37.56
160.9 37.56
160.95 37.56
161 37.56
161.05 37.56
161.1 37.56
161.15 37.56
161.2 37.56
161.25 37.56
161.3 37.56
161.35 37.56
161.4 37.56
161.45 37.5
161.5 37.5
161.55 37.5
161.6 37.5
161.65 37.5
161.7 37.5
161.75 37.5
161.8 37.5
161.85 37.5
161.9 37.5
161.95 37.43
162 37.43
162.05 37.43
162.1 37.43
162.15 37.43
162.2 37.43
162.25 37.43
162.3 37.43
162.35 37.43
162.4 37.43
162.45 37.37
162.5 37.37
162.55 37.37
162.6 37.37
162.65 37.37
162.7 37.37
162.75 37.37
162.8 37.37
162.85 37.37
162.9 37.37
162.95 37.37
163 37.37
163.05 37.37
163.1 37.37
163.15 37.37
163.2 37.37
163.25 37.37
163.3 37.37
163.35 37.37
163.4 37.37
163.45 37.31
163.5 37.31
163.55 37.31
163.6 37.31
163.65 37.31
163.7 37.31
163.75 37.31
163.8 37.31
163.85 37.31
163.9 37.31
163.95 37.31
164 37.31
164.05 37.31
164.1 37.31
164.15 37.31
164.2 37.31
164.25 37.31
164.3 37.31
164.35 37.31
164.4 37.31
164.45 37.25
164.5 37.25
164.55 37.25
164.6 37.25
164.65 37.25
164.7 37.25
164.75 37.25
164.8 37.25
164.85 37.25
164.9 37.25
164.95 37.25
165 37.25
165.05 37.25
165.1 37.25
165.15 37.25
165.2 37.25
165.25 37.25
165.3 37.25
165.35 37.25
165.4 37.25
165.45 37.25
165.5 37.25
165.55 37.25
165.6 37.25
165.65 37.25
165.7 37.25
165.75 37.25
165.8 37.25
165.85 37.25
165.9 37.25
165.95 37.18
166 37.18
166.05 37.18
166.1 37.18
166.15 37.18
166.2 37.18
166.25 37.18
166.3 37.18
166.35 37.18
166.4 37.18
166.45 37.18
166.5 37.18
166.55 37.18
166.6 37.18
166.65 37.18
166.7 37.18
166.75 37.18
166.8 37.18
166.85 37.18
166.9 37.18
166.95 37.12
167 37.12
167.05 37.12
167.1 37.12
167.15 37.12
167.2 37.12
167.25 37.12
167.3 37.12
167.35 37.12
167.4 37.12
167.45 37.12
167.5 37.12
167.55 37.12
167.6 37.12
167.65 37.12
167.7 37.12
167.75 37.12
167.8 37.12
167.85 37.12
167.9 37.12
167.95 37.12
168 37.12
168.05 37.12
168.1 37.12
168.15 37.12
168.2 37.12
168.25 37.12
168.3 37.12
168.35 37.12
168.4 37.12
168.45 37.06
168.5 37.06
168.55 37.06
168.6 37.06
168.65 37.06
168.7 37.06
168.75 37.06
168.8 37.06
168.85 37.06
168.9 37.06
168.95 37.06
169 37.06
169.05 37.06
169.1 37.06
169.15 37.06
169.2 37.06
169.25 37.06
169.3 37.06
169.35 37.06
169.4 37.06
169.45 37.06
169.5 37.06
169.55 37.06
169.6 37.06
169.65 37.06
169.7 37.06
169.75 37.06
169.8 37.06
169.85 37.06
169.9 37.06
169.95 37
170 37
170.05 37
170.1 37
170.15 37
170.2 37
170.25 37
170.3 37
170.35 37
170.4 37
170.45 37
170.5 37
170.55 37
170.6 37
170.65 37
170.7 37
170.75 37
170.8 37
170.85 37
170.9 37
170.95 37
171 37
171.05 37
171.1 37
171.15 37
171.2 37
171.25 37
171.3 37
171.35 37
171.4 37
171.45 37
171.5 37
171.55 37
171.6 37
171.65 37
171.7 37
171.75 37
171.8 37
171.85 37
171.9 37
171.95 36.93
172 36.93
172.05 36.93
172.1 36.93
172.15 36.93
172.2 36.93
172.25 36.93
172.3 36.93
172.35 36.93
172.4 36.93
172.45 36.93
172.5 36.93
172.55 36.93
172.6 36.93
172.65 36.93
172.7 36.93
172.75 36.93
172.8 36.93
172.85 36.93
172.9 36.93
172.95 36.93
173 36.93
173.05 36.93
173.1 36.93
173.15 36.93
173.2 36.93
173.25 36.93
173.3 36.93
173.35 36.93
173.4 36.93
173.45 36.93
173.5 36.93
173.55 36.93
173.6 36.93
173.65 36.93
173.7 36.93
173.75 36.93
173.8 36.93
173.85 36.93
173.9 36.93
173.95 36.87
174 36.87
174.05 36.87
174.1 36.87
174.15 36.87
174.2 36.87
174.25 36.87
174.3 36.87
174.35 36.87
174.4 36.87
174.45 36.87
174.5 36.93
174.55 36.93
174.6 36.93
174.65 36.93
174.7 36.93
174.75 36.93
174.8 36.93
174.85 36.93
174.9 36.93
174.95 36.93
175 36.93
175.05 36.93
175.1 36.93
175.15 36.93
175.2 36.93
175.25 36.93
175.3 36.93
175.35 36.93
175.4 36.93
175.45 36.93
175.5 36.93
175.55 36.93
175.6 36.93
175.65 36.93
175.7 36.93
175.75 36.93
175.8 36.93
175.85 36.93
175.9 36.93
175.95 36.93
176 36.93
176.05 36.93
176.1 36.93
176.15 36.93
176.2 36.93
176.25 36.93
176.3 36.93
176.35 36.93
176.4 36.93
176.45 36.93
176.5 36.93
176.55 36.93
176.6 36.93
176.65 36.93
176.7 36.93
176.75 36.93
176.8 36.93
176.85 36.93
176.9 36.93
176.95 37
177 37
177.05 37
177.1 37
177.15 37
177.2 37
177.25 37
177.3 37
177.35 37
177.4 37
177.45 37
177.5 37
177.55 37
177.6 37
177.65 37
177.7 37
177.75 37
177.8 37
177.85 37
177.9 37
177.95 37
178 37.06
178.05 37.06
178.1 37.06
178.15 37.06
178.2 37.06
178.25 37.06
178.3 37.06
178.35 37.06
178.4 37.06
178.45 37.06
178.5 37.06
178.55 37.06
178.6 37.06
178.65 37.06
178.7 37.06
178.75 37.06
178.8 37.06
178.85 37.06
178.9 37.06
178.95 37.06
179 37.06
179.05 37.06
179.1 37.06
179.15 37.06
179.2 37.06
179.25 37.06
179.3 37.06
179.35 37.06
179.4 37.06
179.45 37.12
179.5 37.12
179.55 37.12
179.6 37.12
179.65 37.12
179.7 37.12
179.75 37.12
179.8 37.12
179.85 37.12
179.9 37.12
179.95 37.18
180 37.18
180.05 37.18
180.1 37.18
180.15 37.18
180.2 37.18
180.25 37.18
180.3 37.18
180.35 37.18
180.4 37.18
180.45 37.18
180.5 37.18
180.55 37.18
180.6 37.18
180.65 37.18
180.7 37.18
180.75 37.18
180.8 37.18
180.85 37.18
180.9 37.18
180.95 37.25
181 37.25
181.05 37.25
181.1 37.25
181.15 37.25
181.2 37.25
181.25 37.25
181.3 37.25
181.35 37.25
181.4 37.25
181.45 37.25
181.5 37.25
181.55 37.25
181.6 37.25
181.65 37.25
181.7 37.25
181.75 37.25
181.8 37.25
181.85 37.25
181.9 37.25
181.95 37.31
182 37.31
182.05 37.31
182.1 37.31
182.15 37.31
182.2 37.31
182.25 37.31
182.3 37.31
182.35 37.31
182.4 37.31
182.45 37.31
182.5 37.31
182.55 37.31
182.6 37.31
182.65 37.31
182.7 37.31
182.75 37.31
182.8 37.31
182.85 37.31
182.9 37.31
182.95 37.37
183 37.37
183.05 37.37
183.1 37.37
183.15 37.37
183.2 37.37
183.25 37.37
183.3 37.37
183.35 37.37
183.4 37.37
183.45 37.43
183.5 37.43
183.55 37.43
183.6 37.43
183.65 37.43
183.7 37.43
183.75 37.43
183.8 37.43
183.85 37.43
183.9 37.43
183.95 37.43
184 37.43
184.05 37.43
184.1 37.43
184.15 37.43
184.2 37.43
184.25 37.43
184.3 37.43
184.35 37.43
184.4 37.43
184.45 37.43
184.5 37.43
184.55 37.43
184.6 37.43
184.65 37.43
184.7 37.43
184.75 37.43
184.8 37.43
184.85 37.43
184.9 37.43
184.95 37.43
185 37.5
185.05 37.5
185.1 37.5
185.15 37.5
185.2 37.5
185.25 37.5
185.3 37.5
185.35 37.5
185.4 37.5
185.45 37.5
185.5 37.5
185.55 37.5
185.6 37.5
185.65 37.5
185.7 37.5
185.75 37.5
185.8 37.5
185.85 37.5
185.9 37.5
185.95 37.5
186 37.5
186.05 37.5
186.1 37.5
186.15 37.5
186.2 37.5
186.25 37.5
186.3 37.5
186.35 37.5
186.4 37.5
186.45 37.5
186.5 37.5
186.55 37.5
186.6 37.5
186.65 37.5
186.7 37.5
186.75 37.5
186.8 37.5
186.85 37.5
186.9 37.5
186.95 37.5
187 37.5
187.05 37.5
187.1 37.5
187.15 37.5
187.2 37.5
187.25 37.5
187.3 37.5
187.35 37.5
187.4 37.5
187.45 37.5
187.5 37.5
187.55 37.5
187.6 37.5
187.65 37.5
187.7 37.5
187.75 37.5
187.8 37.5
187.85 37.5
187.9 37.5
187.95 37.5
188 37.5
188.05 37.5
188.1 37.5
188.15 37.5
188.2 37.5
188.25 37.5
188.3 37.5
188.35 37.5
188.4 37.5
188.45 37.5
188.5 37.5
188.55 37.5
188.6 37.5
188.65 37.5
188.7 37.5
188.75 37.5
188.8 37.5
188.85 37.5
188.9 37.5
188.95 37.5
189 37.5
189.05 37.5
189.1 37.5
189.15 37.5
189.2 37.5
189.25 37.5
189.3 37.5
189.35 37.5
189.4 37.5
189.45 37.5
189.5 37.5
189.55 37.5
189.6 37.5
189.65 37.5
189.7 37.5
189.75 37.5
189.8 37.5
189.85 37.5
189.9 37.5
189.95 37.5
190 37.5
190.05 37.5
190.1 37.5
190.15 37.5
190.2 37.5
190.25 37.5
190.3 37.5
190.35 37.5
190.4 37.5
190.45 37.5
190.5 37.5
190.55 37.5
190.6 37.5
190.65 37.5
190.7 37.5
190.75 37.5
190.8 37.5
190.85 37.5
190.9 37.5
190.95 37.5
191 37.5
191.05 37.5
191.1 37.5
191.15 37.5
191.2 37.5
191.25 37.5
191.3 37.5
191.35 37.5
191.4 37.5
191.45 37.5
191.5 37.5
191.55 37.5
191.6 37.5
191.65 37.5
191.7 37.5
191.75 37.5
191.8 37.5
191.85 37.5
191.9 37.5
191.95 37.5
192 37.56
192.05 37.56
192.1 37.56
192.15 37.56
192.2 37.56
192.25 37.56
192.3 37.56
192.35 37.56
192.4 37.56
192.45 37.56
192.5 37.56
192.55 37.56
192.6 37.56
192.65 37.56
192.7 37.56
192.75 37.56
192.8 37.56
192.85 37.56
192.9 37.56
192.95 37.56
193 37.56
193.05 37.56
193.1 37.56
193.15 37.56
193.2 37.56
193.25 37.56
193.3 37.56
193.35 37.56
193.4 37.56
193.45 37.56
193.5 37.56
193.55 37.56
193.6 37.56
193.65 37.56
193.7 37.56
193.75 37.56
193.8 37.56
193.85 37.56
193.9 37.56
193.95 37.56
194 37.56
194.05 37.56
194.1 37.56
194.15 37.56
194.2 37.56
194.25 37.56
194.3 37.56
194.35 37.56
194.4 37.56
194.45 37.56
194.5 37.56
194.55 37.56
194.6 37.56
194.65 37.56
194.7 37.56
194.75 37.56
194.8 37.56
194.85 37.56
194.9 37.56
194.95 37.56
195 37.56
195.05 37.56
195.1 37.56
195.15 37.56
195.2 37.56
195.25 37.56
195.3 37.56
195.35 37.56
195.4 37.56
195.45 37.56
195.5 37.56
195.55 37.56
195.6 37.56
195.65 37.56
195.7 37.56
195.75 37.56
195.8 37.56
195.85 37.56
195.9 37.56
195.95 37.56
196 37.56
196.05 37.56
196.1 37.56
196.15 37.56
196.2 37.56
196.25 37.56
196.3 37.56
196.35 37.56
196.4 37.56
196.45 37.56
196.5 37.56
196.55 37.56
196.6 37.56
196.65 37.56
196.7 37.56
196.75 37.56
196.8 37.56
196.85 37.56
196.9 37.56
196.95 37.62
197 37.62
197.05 37.62
197.1 37.62
197.15 37.62
197.2 37.62
197.25 37.62
197.3 37.62
197.35 37.62
197.4 37.62
197.45 37.62
197.5 37.62
197.55 37.62
197.6 37.62
197.65 37.62
197.7 37.62
197.75 37.62
197.8 37.62
197.85 37.62
197.9 37.62
197.95 37.62
198 37.62
198.05 37.62
198.1 37.62
198.15 37.62
198.2 37.62
198.25 37.62
198.3 37.62
198.35 37.62
198.4 37.62
198.45 37.62
198.5 37.62
198.55 37.62
198.6 37.62
198.65 37.62
198.7 37.62
198.75 37.62
198.8 37.62
198.85 37.62
198.9 37.62
198.95 37.62
199 37.62
199.05 37.62
199.1 37.62
199.15 37.62
199.2 37.62
199.25 37.62
199.3 37.62
199.35 37.62
199.4 37.62
199.45 37.62
199.5 37.62
199.55 37.62
199.6 37.62
199.65 37.62
199.7 37.62
199.75 37.62
199.8 37.62
199.85 37.62
199.9 37.62
199.95 37.62
200 37.62
200.05 37.62
200.1 37.62
200.15 37.62
200.2 37.62
200.25 37.62
200.3 37.62
200.35 37.62
200.4 37.62
200.45 37.62
200.5 37.62
200.55 37.62
200.6 37.62
200.65 37.62
200.7 37.62
200.75 37.62
200.8 37.62
200.85 37.62
200.9 37.62
200.95 37.62
201 37.62
201.05 37.62
201.1 37.62
201.15 37.62
201.2 37.62
201.25 37.62
201.3 37.62
201.35 37.62
201.4 37.62
201.45 37.68
201.5 37.68
201.55 37.68
201.6 37.68
201.65 37.68
201.7 37.68
201.75 37.68
201.8 37.68
201.85 37.68
201.9 37.68
201.95 37.68
202 37.68
202.05 37.68
202.1 37.68
202.15 37.68
202.2 37.68
202.25 37.68
202.3 37.68
202.35 37.68
202.4 37.68
202.45 37.68
202.5 37.68
202.55 37.68
202.6 37.68
202.65 37.68
202.7 37.68
202.75 37.68
202.8 37.68
202.85 37.68
202.9 37.68
202.95 37.68
203 37.68
203.05 37.68
203.1 37.68
203.15 37.68
203.2 37.68
203.25 37.68
203.3 37.68
203.35 37.68
203.4 37.68
203.45 37.68
203.5 37.68
203.55 37.68
203.6 37.68
203.65 37.68
203.7 37.68
203.75 37.68
203.8 37.68
203.85 37.68
203.9 37.68
203.95 37.68
204 37.68
204.05 37.68
204.1 37.68
204.15 37.68
204.2 37.68
204.25 37.68
204.3 37.68
204.35 37.68
204.4 37.68
204.45 37.68
204.5 37.68
204.55 37.68
204.6 37.68
204.65 37.68
204.7 37.68
204.75 37.68
204.8 37.68
204.85 37.68
204.9 37.68
204.95 37.68
205 37.68
205.05 37.68
205.1 37.68
205.15 37.68
205.2 37.68
205.25 37.68
205.3 37.68
205.35 37.68
205.4 37.68
205.45 37.68
205.5 37.68
205.55 37.68
205.6 37.68
205.65 37.68
205.7 37.68
205.75 37.68
205.8 37.68
205.85 37.68
205.9 37.68
205.95 37.68
206 37.68
206.05 37.68
206.1 37.68
206.15 37.68
206.2 37.68
206.25 37.68
206.3 37.68
206.35 37.68
206.4 37.68
206.45 37.68
206.5 37.68
206.55 37.68
206.6 37.68
206.65 37.68
206.7 37.68
206.75 37.68
206.8 37.68
206.85 37.68
206.9 37.68
206.95 37.68
207 37.68
207.05 37.68
207.1 37.68
207.15 37.68
207.2 37.68
207.25 37.68
207.3 37.68
207.35 37.68
207.4 37.68
207.45 37.68
207.5 37.68
207.55 37.68
207.6 37.68
207.65 37.68
207.7 37.68
207.75 37.68
207.8 37.68
207.85 37.68
207.9 37.68
207.95 37.68
208 37.68
208.05 37.68
208.1 37.68
208.15 37.68
208.2 37.68
208.25 37.68
208.3 37.68
208.35 37.68
208.4 37.68
208.45 37.68
208.5 37.68
208.55 37.68
208.6 37.68
208.65 37.68
208.7 37.68
208.75 37.68
208.8 37.68
208.85 37.68
208.9 37.68
208.95 37.68
209 37.68
209.05 37.68
209.1 37.68
209.15 37.68
209.2 37.68
209.25 37.68
209.3 37.68
209.35 37.68
209.4 37.68
209.45 37.68
209.5 37.68
209.55 37.68
209.6 37.68
209.65 37.68
209.7 37.68
209.75 37.68
209.8 37.68
209.85 37.68
209.9 37.68
209.95 37.68
210 37.68
210.05 37.68
210.1 37.68
210.15 37.68
210.2 37.68
210.25 37.68
210.3 37.68
210.35 37.68
210.4 37.68
210.45 37.68
210.5 37.68
210.55 37.68
210.6 37.68
210.65 37.68
210.7 37.68
210.75 37.68
210.8 37.68
210.85 37.68
210.9 37.68
210.95 37.68
211 37.68
211.05 37.68
211.1 37.68
211.15 37.68
211.2 37.68
211.25 37.68
211.3 37.68
211.35 37.68
211.4 37.68
211.45 37.68
211.5 37.68
211.55 37.68
211.6 37.68
211.65 37.68
211.7 37.68
211.75 37.68
211.8 37.68
211.85 37.68
211.9 37.68
211.95 37.68
212 37.68
212.05 37.68
212.1 37.68
212.15 37.68
212.2 37.68
212.25 37.68
212.3 37.68
212.35 37.68
212.4 37.68
212.45 37.68
212.5 37.68
212.55 37.68
212.6 37.68
212.65 37.68
212.7 37.68
212.75 37.68
212.8 37.68
212.85 37.68
212.9 37.68
212.95 37.68
213 37.68
213.05 37.68
213.1 37.68
213.15 37.68
213.2 37.68
213.25 37.68
