1 58.4
1.05 58.4
1.1 58.4
1.15 58.4
1.2 58.4
1.25 58.4
1.3 58.4
1.35 58.4
1.4 58.4
1.45 58.4
1.5 58.4
1.55 58.4
1.6 58.4
1.65 58.5
1.7 58.5
1.75 58.5
1.8 58.5
1.85 58.5
1.9 58.5
1.95 58.5
2 58.5
2.05 58.5
2.1 58.5
2.15 58.5
2.2 58.5
2.25 58.5
2.3 58.5
2.35 58.5
2.4 58.5
2.45 58.5
2.5 58.5
2.55 58.5
2.6 58.5
2.65 58.9
2.7 58.9
2.75 58.9
2.8 58.9
2.85 58.9
2.9 58.9
2.95 58.9
3 58.9
3.05 58.9
3.1 58.9
3.15 58.9
3.2 58.9
3.25 58.9
3.3 58.9
3.35 58.9
3.4 58.9
3.45 58.9
3.5 58.9
3.55 58.9
3.6 58.9
3.65 58.3
3.7 58.3
3.75 58.3
3.8 58.3
3.85 58.3
3.9 58.3
3.95 58.3
4 58.3
4.05 58.3
4.1 58.3
4.15 58.3
4.2 58.3
4.25 58.3
4.3 58.3
4.35 58.3
4.4 58.3
4.45 58.3
4.5 58.3
4.55 58.3
4.6 58.3
4.65 58.1
4.7 58.1
4.75 58.1
4.8 58.1
4.85 58.1
4.9 58.1
4.95 58.1
5 58.1
5.05 58.1
5.1 58.1
5.15 58.1
5.2 58.1
5.25 58.1
5.3 58.1
5.35 58.1
5.4 58.1
5.45 58.1
5.5 58.1
5.55 58.1
5.6 58.1
5.65 58
5.7 58
5.75 58
5.8 58
5.85 58
5.9 58
5.95 58
6 58
6.05 58
6.1 58
6.15 58
6.2 58
6.25 58
6.3 58
6.35 58
6.4 58
6.45 58
6.5 58
6.55 58
6.6 58
6.65 58.2
6.7 58.2
6.75 58.2
6.8 58.2
6.85 58.2
6.9 58.2
6.95 58.2
7 58.2
7.05 58.2
7.1 58.2
7.15 58.2
7.2 58.2
7.25 58.2
7.3 58.2
7.35 58.2
7.4 58.2
7.45 58.2
7.5 58.2
7.55 58.2
7.6 58.2
7.65 57.3
7.7 57.3
7.75 57.3
7.8 57.3
7.85 57.3
7.9 57.3
7.95 57.3
8 57.3
8.05 57.3
8.1 57.3
8.15 57.3
8.2 57.3
8.25 57.3
8.3 57.3
8.35 57.3
8.4 57.3
8.45 57.3
8.5 57.3
8.55 57.3
8.6 57.3
8.65 56.8
8.7 56.8
8.75 56.8
8.8 56.8
8.85 56.8
8.9 56.8
8.95 56.8
9 56.8
9.05 56.8
9.1 56.8
9.15 56.8
9.2 56.8
9.25 56.8
9.3 56.8
9.35 56.8
9.4 56.8
9.45 56.8
9.5 56.8
9.55 56.8
9.6 56.8
9.65 56.5
9.7 56.5
9.75 56.5
9.8 56.5
9.85 56.5
9.9 56.5
9.95 56.5
10 56.5
10.05 56.5
10.1 56.5
10.15 56.5
10.2 56.5
10.25 56.5
10.3 56.5
10.35 56.5
10.4 56.5
10.45 56.5
10.5 56.5
10.55 56.5
10.6 56.5
10.65 56.3
10.7 56.3
10.75 56.3
10.8 56.3
10.85 56.3
10.9 56.3
10.95 56.3
11 56.3
11.05 56.3
11.1 56.3
11.15 56.3
11.2 56.3
11.25 56.3
11.3 56.3
11.35 56.3
11.4 56.3
11.45 56.3
11.5 56.3
11.55 56.3
11.6 56.3
11.65 56.3
11.7 56.3
11.75 56.3
11.8 56.3
11.85 56.3
11.9 56.3
11.95 56.3
12 56.3
12.05 56.3
12.1 56.3
12.15 56.3
12.2 56.3
12.25 56.3
12.3 56.3
12.35 56.3
12.4 56.3
12.45 56.3
12.5 56.3
12.55 56.3
12.6 56.3
12.65 55.3
12.7 55.3
12.75 55.3
12.8 55.3
12.85 55.3
12.9 55.3
12.95 55.3
13 55.3
13.05 55.3
13.1 55.3
13.15 55.3
13.2 55.3
13.25 55.3
13.3 55.3
13.35 55.3
13.4 55.3
13.45 55.3
13.5 55.3
13.55 55.3
13.6 55.3
13.65 54.5
13.7 54.5
13.75 54.5
13.8 54.5
13.85 54.5
13.9 54.5
13.95 54.5
14 54.5
14.05 54.5
14.1 54.5
14.15 54.5
14.2 54.5
14.25 54.5
14.3 54.5
14.35 54.5
14.4 54.5
14.45 54.5
14.5 54.5
14.55 54.5
14.6 54.5
14.65 53.9
14.7 53.9
14.75 53.9
14.8 53.9
14.85 53.9
14.9 53.9
14.95 53.9
15 53.9
15.05 53.9
15.1 53.9
15.15 53.9
15.2 53.9
15.25 53.9
15.3 53.9
15.35 53.9
15.4 53.9
15.45 53.9
15.5 53.9
15.55 53.9
15.6 53.9
15.65 53.5
15.7 53.5
15.75 53.5
15.8 53.5
15.85 53.5
15.9 53.5
15.95 53.5
16 53.5
16.05 53.5
16.1 53.5
16.15 53.5
16.2 53.5
16.25 53.5
16.3 53.5
16.35 53.5
16.4 53.5
16.45 53.5
16.5 53.5
16.55 53.5
16.6 53.5
16.65 53.2
16.7 53.2
16.75 53.2
16.8 53.2
16.85 53.2
16.9 53.2
16.95 53.2
17 53.2
17.05 53.2
17.1 53.2
17.15 53.2
17.2 53.2
17.25 53.2
17.3 53.2
17.35 53.2
17.4 53.2
17.45 53.2
17.5 53.2
17.55 53.2
17.6 53.2
17.65 52.9
17.7 52.9
17.75 52.9
17.8 52.9
17.85 52.9
17.9 52.9
17.95 52.9
18 52.9
18.05 52.9
18.1 52.9
18.15 52.9
18.2 52.9
18.25 52.9
18.3 52.9
18.35 52.9
18.4 52.9
18.45 52.9
18.5 52.9
18.55 52.9
18.6 52.9
18.65 52.6
18.7 52.6
18.75 52.6
18.8 52.6
18.85 52.6
18.9 52.6
18.95 52.6
19 52.6
19.05 52.6
19.1 52.6
19.15 52.6
19.2 52.6
19.25 52.6
19.3 52.6
19.35 52.6
19.4 52.6
19.45 52.6
19.5 52.6
19.55 52.6
19.6 52.6
19.65 52.4
19.7 52.4
19.75 52.4
19.8 52.4
19.85 52.4
19.9 52.4
19.95 52.4
20 52.4
20.05 52.4
20.1 52.4
20.15 52.4
20.2 52.4
20.25 52.4
20.3 52.4
20.35 52.4
20.4 52.4
20.45 52.4
20.5 52.4
20.55 52.4
20.6 52.4
20.65 52.2
20.7 52.2
20.75 52.2
20.8 52.2
20.85 52.2
20.9 52.2
20.95 52.2
21 52.2
21.05 52.2
21.1 52.2
21.15 52.2
21.2 52.2
21.25 52.2
21.3 52.2
21.35 52.2
21.4 52.2
21.45 52.2
21.5 52.2
21.55 52.2
21.6 52.2
21.65 52
21.7 52
21.75 52
21.8 52
21.85 52
21.9 52
21.95 52
22 52
22.05 52
22.1 52
22.15 52
22.2 52
22.25 52
22.3 52
22.35 52
22.4 52
22.45 52
22.5 52
22.55 52
22.6 52
22.65 51.9
22.7 51.9
22.75 51.9
22.8 51.9
22.85 51.9
22.9 51.9
22.95 51.9
23 51.9
23.05 51.9
23.1 51.9
23.15 51.9
23.2 51.9
23.25 51.9
23.3 51.9
23.35 51.9
23.4 51.9
23.45 51.9
23.5 51.9
23.55 51.9
23.6 51.9
23.65 51.7
23.7 51.7
23.75 51.7
23.8 51.7
23.85 51.7
23.9 51.7
23.95 51.7
24 51.7
24.05 51.7
24.1 51.7
24.15 51.7
24.2 51.7
24.25 51.7
24.3 51.7
24.35 51.7
24.4 51.7
24.45 51.7
24.5 51.7
24.55 51.7
24.6 51.7
24.65 51.6
24.7 51.6
24.75 51.6
24.8 51.6
24.85 51.6
24.9 51.6
24.95 51.6
25 51.6
25.05 51.6
25.1 51.6
25.15 51.6
25.2 51.6
25.25 51.6
25.3 51.6
25.35 51.6
25.4 51.6
25.45 51.6
25.5 51.6
25.55 51.6
25.6 51.6
25.65 51.4
25.7 51.4
25.75 51.4
25.8 51.4
25.85 51.4
25.9 51.4
25.95 51.4
26 51.4
26.05 51.4
26.1 51.4
26.15 51.4
26.2 51.4
26.25 51.4
26.3 51.4
26.35 51.4
26.4 51.4
26.45 51.4
26.5 51.4
26.55 51.4
26.6 51.4
26.65 51.2
26.7 51.2
26.75 51.2
26.8 51.2
26.85 51.2
26.9 51.2
26.95 51.2
27 51.2
27.05 51.2
27.1 51.2
27.15 51.2
27.2 51.2
27.25 51.2
27.3 51.2
27.35 51.2
27.4 51.2
27.45 51.2
27.5 51.2
27.55 51.2
27.6 51.2
27.65 50.9
27.7 50.9
27.75 50.9
27.8 50.9
27.85 50.9
27.9 50.9
27.95 50.9
28 50.9
28.05 50.9
28.1 50.9
28.15 50.9
28.2 50.9
28.25 50.9
28.3 50.9
28.35 50.9
28.4 50.9
28.45 50.9
28.5 50.9
28.55 50.9
28.6 50.9
28.65 50.7
28.7 50.7
28.75 50.7
28.8 50.7
28.85 50.7
28.9 50.7
28.95 50.7
29 50.7
29.05 50.7
29.1 50.7
29.15 50.7
29.2 50.7
29.25 50.7
29.3 50.7
29.35 50.7
29.4 50.7
29.45 50.7
29.5 50.7
29.55 50.7
29.6 50.7
29.65 50.4
29.7 50.4
29.75 50.4
29.8 50.4
29.85 50.4
29.9 50.4
29.95 50.4
30 50.4
30.05 50.4
30.1 50.4
30.15 50.4
30.2 50.4
30.25 50.4
30.3 50.4
30.35 50.4
30.4 50.4
30.45 50.4
30.5 50.4
30.55 50.4
30.6 50.4
30.65 50.1
30.7 50.1
30.75 50.1
30.8 50.1
30.85 50.1
30.9 50.1
30.95 50.1
31 50.1
31.05 50.1
31.1 50.1
31.15 50.1
31.2 50.1
31.25 50.1
31.3 50.1
31.35 50.1
31.4 50.1
31.45 50.1
31.5 50.1
31.55 50.1
31.6 50.1
31.65 49.9
31.7 49.9
31.75 49.9
31.8 49.9
31.85 49.9
31.9 49.9
31.95 49.9
32 49.9
32.05 49.9
32.1 49.9
32.15 49.9
32.2 49.9
32.25 49.9
32.3 49.9
32.35 49.9
32.4 49.9
32.45 49.9
32.5 49.9
32.55 49.9
32.6 49.9
32.65 49.6
32.7 49.6
32.75 49.6
32.8 49.6
32.85 49.6
32.9 49.6
32.95 49.6
33 49.6
33.05 49.6
33.1 49.6
33.15 49.6
33.2 49.6
33.25 49.6
33.3 49.6
33.35 49.6
33.4 49.6
33.45 49.6
33.5 49.6
33.55 49.6
33.6 49.6
33.65 49.4
33.7 49.4
33.75 49.4
33.8 49.4
33.85 49.4
33.9 49.4
33.95 49.4
34 49.4
34.05 49.4
34.1 49.4
34.15 49.4
34.2 49.4
34.25 49.4
34.3 49.4
34.35 49.4
34.4 49.4
34.45 49.4
34.5 49.4
34.55 49.4
34.6 49.4
34.65 49.1
34.7 49.1
34.75 49.1
34.8 49.1
34.85 49.1
34.9 49.1
34.95 49.1
35 49.1
35.05 49.1
35.1 49.1
35.15 49.1
35.2 49.1
35.25 49.1
35.3 49.1
35.35 49.1
35.4 49.1
35.45 49.1
35.5 49.1
35.55 49.1
35.6 49.1
35.65 48.8
35.7 48.8
35.75 48.8
35.8 48.8
35.85 48.8
35.9 48.8
35.95 48.8
36 48.8
36.05 48.8
36.1 48.8
36.15 48.8
36.2 48.8
36.25 48.8
36.3 48.8
36.35 48.8
36.4 48.8
36.45 48.8
36.5 48.8
36.55 48.8
36.6 48.8
36.65 48.6
36.7 48.6
36.75 48.6
36.8 48.6
36.85 48.6
36.9 48.6
36.95 48.6
37 48.6
37.05 48.6
37.1 48.6
37.15 48.6
37.2 48.6
37.25 48.6
37.3 48.6
37.35 48.6
37.4 48.6
37.45 48.6
37.5 48.6
37.55 48.6
37.6 48.6
37.65 48.3
37.7 48.3
37.75 48.3
37.8 48.3
37.85 48.3
37.9 48.3
37.95 48.3
38 48.3
38.05 48.3
38.1 48.3
38.15 48.3
38.2 48.3
38.25 48.3
38.3 48.3
38.35 48.3
38.4 48.3
38.45 48.3
38.5 48.3
38.55 48.3
38.6 48.3
38.65 48.1
38.7 48.1
38.75 48.1
38.8 48.1
38.85 48.1
38.9 48.1
38.95 48.1
39 48.1
39.05 48.1
39.1 48.1
39.15 48.1
39.2 48.1
39.25 48.1
39.3 48.1
39.35 48.1
39.4 48.1
39.45 48.1
39.5 48.1
39.55 48.1
39.6 48.1
39.65 47.8
39.7 47.8
39.75 47.8
39.8 47.8
39.85 47.8
39.9 47.8
39.95 47.8
40 47.8
40.05 47.8
40.1 47.8
40.15 47.8
40.2 47.8
40.25 47.8
40.3 47.8
40.35 47.8
40.4 47.8
40.45 47.8
40.5 47.8
40.55 47.8
40.6 47.8
40.65 47.6
40.7 47.6
40.75 47.6
40.8 47.6
40.85 47.6
40.9 47.6
40.95 47.6
41 47.6
41.05 47.6
41.1 47.6
41.15 47.6
41.2 47.6
41.25 47.6
41.3 47.6
41.35 47.6
41.4 47.6
41.45 47.6
41.5 47.6
41.55 47.6
41.6 47.6
41.65 47.3
41.7 47.3
41.75 47.3
41.8 47.3
41.85 47.3
41.9 47.3
41.95 47.3
42 47.3
42.05 47.3
42.1 47.3
42.15 47.3
42.2 47.3
42.25 47.3
42.3 47.3
42.35 47.3
42.4 47.3
42.45 47.3
42.5 47.3
42.55 47.3
42.6 47.3
42.65 47.1
42.7 47.1
42.75 47.1
42.8 47.1
42.85 47.1
42.9 47.1
42.95 47.1
43 47.1
43.05 47.1
43.1 47.1
43.15 47.1
43.2 47.1
43.25 47.1
43.3 47.1
43.35 47.1
43.4 47.1
43.45 47.1
43.5 47.1
43.55 47.1
43.6 47.1
43.65 47.9
43.7 47.9
43.75 47.9
43.8 47.9
43.85 47.9
43.9 47.9
43.95 47.9
44 47.9
44.05 47.9
44.1 47.9
44.15 47.9
44.2 47.9
44.25 47.9
44.3 47.9
44.35 47.9
44.4 47.9
44.45 47.9
44.5 47.9
44.55 47.9
44.6 47.9
44.65 48.5
44.7 48.5
44.75 48.5
44.8 48.5
44.85 48.5
44.9 48.5
44.95 48.5
45 48.5
45.05 48.5
45.1 48.5
45.15 48.5
45.2 48.5
45.25 48.5
45.3 48.5
45.35 48.5
45.4 48.5
45.45 48.5
45.5 48.5
45.55 48.5
45.6 48.5
45.65 41.3
45.7 41.3
45.75 41.3
45.8 41.3
45.85 41.3
45.9 41.3
45.95 41.3
46 41.3
46.05 41.3
46.1 41.3
46.15 41.3
46.2 41.3
46.25 41.3
46.3 41.3
46.35 41.3
46.4 41.3
46.45 41.3
46.5 41.3
46.55 41.3
46.6 41.3
46.65 35.4
46.7 35.4
46.75 35.4
46.8 35.4
46.85 35.4
46.9 35.4
46.95 35.4
47 35.4
47.05 35.4
47.1 35.4
47.15 35.4
47.2 35.4
47.25 35.4
47.3 35.4
47.35 35.4
47.4 35.4
47.45 35.4
47.5 35.4
47.55 35.4
47.6 35.4
47.65 30.7
47.7 30.7
47.75 30.7
47.8 30.7
47.85 30.7
47.9 30.7
47.95 30.7
48 30.7
48.05 30.7
48.1 30.7
48.15 30.7
48.2 30.7
48.25 30.7
48.3 30.7
48.35 30.7
48.4 30.7
48.45 30.7
48.5 30.7
48.55 30.7
48.6 30.7
48.65 27
48.7 27
48.75 27
48.8 27
48.85 27
48.9 27
48.95 27
49 27
49.05 27
49.1 27
49.15 27
49.2 27
49.25 27
49.3 27
49.35 27
49.4 27
49.45 27
49.5 27
49.55 27
49.6 27
49.65 24.1
49.7 24.1
49.75 24.1
49.8 24.1
49.85 24.1
49.9 24.1
49.95 24.1
50 24.1
50.05 24.1
50.1 24.1
50.15 24.1
50.2 24.1
50.25 24.1
50.3 24.1
50.35 24.1
50.4 24.1
50.45 24.1
50.5 24.1
50.55 24.1
50.6 24.1
50.65 21.6
50.7 21.6
50.75 21.6
50.8 21.6
50.85 21.6
50.9 21.6
50.95 21.6
51 21.6
51.05 21.6
51.1 21.6
51.15 21.6
51.2 21.6
51.25 21.6
51.3 21.6
51.35 21.6
51.4 21.6
51.45 21.6
51.5 21.6
51.55 21.6
51.6 21.6
51.65 19.4
51.7 19.4
51.75 19.4
51.8 19.4
51.85 19.4
51.9 19.4
51.95 19.4
52 19.4
52.05 19.4
52.1 19.4
52.15 19.4
52.2 19.4
52.25 19.4
52.3 19.4
52.35 19.4
52.4 19.4
52.45 19.4
52.5 19.4
52.55 19.4
52.6 19.4
52.65 17.4
52.7 17.4
52.75 17.4
52.8 17.4
52.85 17.4
52.9 17.4
52.95 17.4
53 17.4
53.05 17.4
53.1 17.4
53.15 17.4
53.2 17.4
53.25 17.4
53.3 17.4
53.35 17.4
53.4 17.4
53.45 17.4
53.5 17.4
53.55 17.4
53.6 17.4
53.65 16.6
53.7 16.6
53.75 16.6
53.8 16.6
53.85 16.6
53.9 16.6
53.95 16.6
54 16.6
54.05 16.6
54.1 16.6
54.15 16.6
54.2 16.6
54.25 16.6
54.3 16.6
54.35 16.6
54.4 16.6
54.45 16.6
54.5 16.6
54.55 16.6
54.6 16.6
54.65 15.5
54.7 15.5
54.75 15.5
54.8 15.5
54.85 15.5
54.9 15.5
54.95 15.5
55 15.5
55.05 15.5
55.1 15.5
55.15 15.5
55.2 15.5
55.25 15.5
55.3 15.5
55.35 15.5
55.4 15.5
55.45 15.5
55.5 15.5
55.55 15.5
55.6 15.5
55.65 14.2
55.7 14.2
55.75 14.2
55.8 14.2
55.85 14.2
55.9 14.2
55.95 14.2
56 14.2
56.05 14.2
56.1 14.2
56.15 14.2
56.2 14.2
56.25 14.2
56.3 14.2
56.35 14.2
56.4 14.2
56.45 14.2
56.5 14.2
56.55 14.2
56.6 14.2
56.65 13.8
56.7 13.8
56.75 13.8
56.8 13.8
56.85 13.8
56.9 13.8
56.95 13.8
57 13.8
57.05 13.8
57.1 13.8
57.15 13.8
57.2 13.8
57.25 13.8
57.3 13.8
57.35 13.8
57.4 13.8
57.45 13.8
57.5 13.8
57.55 13.8
57.6 13.8
57.65 13.1
57.7 13.1
57.75 13.1
57.8 13.1
57.85 13.1
57.9 13.1
57.95 13.1
58 13.1
58.05 13.1
58.1 13.1
58.15 13.1
58.2 13.1
58.25 13.1
58.3 13.1
58.35 13.1
58.4 13.1
58.45 13.1
58.5 13.1
58.55 13.1
58.6 13.1
58.65 12
58.7 12
58.75 12
58.8 12
58.85 12
58.9 12
58.95 12
59 12
59.05 12
59.1 12
59.15 12
59.2 12
59.25 12
59.3 12
59.35 12
59.4 12
59.45 12
59.5 12
59.55 12
59.6 12
59.65 11.8
59.7 11.8
59.75 11.8
59.8 11.8
59.85 11.8
59.9 11.8
59.95 11.8
60 11.8
60.05 11.8
60.1 11.8
60.15 11.8
60.2 11.8
60.25 11.8
60.3 11.8
60.35 11.8
60.4 11.8
60.45 11.8
60.5 11.8
60.55 11.8
60.6 11.8
60.65 11.3
60.7 11.3
60.75 11.3
60.8 11.3
60.85 11.3
60.9 11.3
60.95 11.3
61 11.3
61.05 11.3
61.1 11.3
61.15 11.3
61.2 11.3
61.25 11.3
61.3 11.3
61.35 11.3
61.4 11.3
61.45 11.3
61.5 11.3
61.55 11.3
61.6 11.3
61.65 11.5
61.7 11.5
61.75 11.5
61.8 11.5
61.85 11.5
61.9 11.5
61.95 11.5
62 11.5
62.05 11.5
62.1 11.5
62.15 11.5
62.2 11.5
62.25 11.5
62.3 11.5
62.35 11.5
62.4 11.5
62.45 11.5
62.5 11.5
62.55 11.5
62.6 11.5
62.65 11.4
62.7 11.4
62.75 11.4
62.8 11.4
62.85 11.4
62.9 11.4
62.95 11.4
63 11.4
63.05 11.4
63.1 11.4
63.15 11.4
63.2 11.4
63.25 11.4
63.3 11.4
63.35 11.4
63.4 11.4
63.45 11.4
63.5 11.4
63.55 11.4
63.6 11.4
63.65 12
63.7 12
63.75 12
63.8 12
63.85 12
63.9 12
63.95 12
64 12
64.05 12
64.1 12
64.15 12
64.2 12
64.25 12
64.3 12
64.35 12
64.4 12
64.45 12
64.5 12
64.55 12
64.6 12
64.65 12.1
64.7 12.1
64.75 12.1
64.8 12.1
64.85 12.1
64.9 12.1
64.95 12.1
65 12.1
65.05 12.1
65.1 12.1
65.15 12.1
65.2 12.1
65.25 12.1
65.3 12.1
65.35 12.1
65.4 12.1
65.45 12.1
65.5 12.1
65.55 12.1
65.6 12.1
65.65 11.9
65.7 11.9
65.75 11.9
65.8 11.9
65.85 11.9
65.9 11.9
65.95 11.9
66 11.9
66.05 11.9
66.1 11.9
66.15 11.9
66.2 11.9
66.25 11.9
66.3 11.9
66.35 11.9
66.4 11.9
66.45 11.9
66.5 11.9
66.55 11.9
66.6 11.9
66.65 12.5
66.7 12.5
66.75 12.5
66.8 12.5
66.85 12.5
66.9 12.5
66.95 12.5
67 12.5
67.05 12.5
67.1 12.5
67.15 12.5
67.2 12.5
67.25 12.5
67.3 12.5
67.35 12.5
67.4 12.5
67.45 12.5
67.5 12.5
67.55 12.5
67.6 12.5
67.65 12.8
67.7 12.8
67.75 12.8
67.8 12.8
67.85 12.8
67.9 12.8
67.95 12.8
68 12.8
68.05 12.8
68.1 12.8
68.15 12.8
68.2 12.8
68.25 12.8
68.3 12.8
68.35 12.8
68.4 12.8
68.45 12.8
68.5 12.8
68.55 12.8
68.6 12.8
68.65 12.7
68.7 12.7
68.75 12.7
68.8 12.7
68.85 12.7
68.9 12.7
68.95 12.7
69 12.7
69.05 12.7
69.1 12.7
69.15 12.7
69.2 12.7
69.25 12.7
69.3 12.7
69.35 12.7
69.4 12.7
69.45 12.7
69.5 12.7
69.55 12.7
69.6 12.7
69.65 13.6
69.7 13.6
69.75 13.6
69.8 13.6
69.85 13.6
69.9 13.6
69.95 13.6
70 13.6
70.05 13.6
70.1 13.6
70.15 13.6
70.2 13.6
70.25 13.6
70.3 13.6
70.35 13.6
70.4 13.6
70.45 13.6
70.5 13.6
70.55 13.6
70.6 13.6
70.65 14.1
70.7 14.1
70.75 14.1
70.8 14.1
70.85 14.1
70.9 14.1
70.95 14.1
71 14.1
71.05 14.1
71.1 14.1
71.15 14.1
71.2 14.1
71.25 14.1
71.3 14.1
71.35 14.1
71.4 14.1
71.45 14.1
71.5 14.1
71.55 14.1
71.6 14.1
71.65 14.4
71.7 14.4
71.75 14.4
71.8 14.4
71.85 14.4
71.9 14.4
71.95 14.4
72 14.4
72.05 14.4
72.1 14.4
72.15 14.4
72.2 14.4
72.25 14.4
72.3 14.4
72.35 14.4
72.4 14.4
72.45 14.4
72.5 14.4
72.55 14.4
72.6 14.4
72.65 15.5
72.7 15.5
72.75 15.5
72.8 15.5
72.85 15.5
72.9 15.5
72.95 15.5
73 15.5
73.05 15.5
73.1 15.5
73.15 15.5
73.2 15.5
73.25 15.5
73.3 15.5
73.35 15.5
73.4 15.5
73.45 15.5
73.5 15.5
73.55 15.5
73.6 15.5
73.65 16.3
73.7 16.3
73.75 16.3
73.8 16.3
73.85 16.3
73.9 16.3
73.95 16.3
74 16.3
74.05 16.3
74.1 16.3
74.15 16.3
74.2 16.3
74.25 16.3
74.3 16.3
74.35 16.3
74.4 16.3
74.45 16.3
74.5 16.3
74.55 16.3
74.6 16.3
74.65 16.9
74.7 16.9
74.75 16.9
74.8 16.9
74.85 16.9
74.9 16.9
74.95 16.9
75 16.9
75.05 16.9
75.1 16.9
75.15 16.9
75.2 16.9
75.25 16.9
75.3 16.9
75.35 16.9
75.4 16.9
75.45 16.9
75.5 16.9
75.55 16.9
75.6 16.9
75.65 17.2
75.7 17.2
75.75 17.2
75.8 17.2
75.85 17.2
75.9 17.2
75.95 17.2
76 17.2
76.05 17.2
76.1 17.2
76.15 17.2
76.2 17.2
76.25 17.2
76.3 17.2
76.35 17.2
76.4 17.2
76.45 17.2
76.5 17.2
76.55 17.2
76.6 17.2
76.65 17.5
76.7 17.5
76.75 17.5
76.8 17.5
76.85 17.5
76.9 17.5
76.95 17.5
77 17.5
77.05 17.5
77.1 17.5
77.15 17.5
77.2 17.5
77.25 17.5
77.3 17.5
77.35 17.5
77.4 17.5
77.45 17.5
77.5 17.5
77.55 17.5
77.6 17.5
77.65 18.7
77.7 18.7
77.75 18.7
77.8 18.7
77.85 18.7
77.9 18.7
77.95 18.7
78 18.7
78.05 18.7
78.1 18.7
78.15 18.7
78.2 18.7
78.25 18.7
78.3 18.7
78.35 18.7
78.4 18.7
78.45 18.7
78.5 18.7
78.55 18.7
78.6 18.7
78.65 19.8
78.7 19.8
78.75 19.8
78.8 19.8
78.85 19.8
78.9 19.8
78.95 19.8
79 19.8
79.05 19.8
79.1 19.8
79.15 19.8
79.2 19.8
79.25 19.8
79.3 19.8
79.35 19.8
79.4 19.8
79.45 19.8
79.5 19.8
79.55 19.8
79.6 19.8
79.65 20.6
79.7 20.6
79.75 20.6
79.8 20.6
79.85 20.6
79.9 20.6
79.95 20.6
80 20.6
80.05 20.6
80.1 20.6
80.15 20.6
80.2 20.6
80.25 20.6
80.3 20.6
80.35 20.6
80.4 20.6
80.45 20.6
80.5 20.6
80.55 20.6
80.6 20.6
80.65 21.3
80.7 21.3
80.75 21.3
80.8 21.3
80.85 21.3
80.9 21.3
80.95 21.3
81 21.3
81.05 21.3
81.1 21.3
81.15 21.3
81.2 21.3
81.25 21.3
81.3 21.3
81.35 21.3
81.4 21.3
81.45 21.3
81.5 21.3
81.55 21.3
81.6 21.3
81.65 21.9
81.7 21.9
81.75 21.9
81.8 21.9
81.85 21.9
81.9 21.9
81.95 21.9
82 21.9
82.05 21.9
82.1 21.9
82.15 21.9
82.2 21.9
82.25 21.9
82.3 21.9
82.35 21.9
82.4 21.9
82.45 21.9
82.5 21.9
82.55 21.9
82.6 21.9
82.65 22.5
82.7 22.5
82.75 22.5
82.8 22.5
82.85 22.5
82.9 22.5
82.95 22.5
83 22.5
83.05 22.5
83.1 22.5
83.15 22.5
83.2 22.5
83.25 22.5
83.3 22.5
83.35 22.5
83.4 22.5
83.45 22.5
83.5 22.5
83.55 22.5
83.6 22.5
83.65 23
83.7 23
83.75 23
83.8 23
83.85 23
83.9 23
83.95 23
84 23
84.05 23
84.1 23
84.15 23
84.2 23
84.25 23
84.3 23
84.35 23
84.4 23
84.45 23
84.5 23
84.55 23
84.6 23
84.65 23.5
84.7 23.5
84.75 23.5
84.8 23.5
84.85 23.5
84.9 23.5
84.95 23.5
85 23.5
85.05 23.5
85.1 23.5
85.15 23.5
85.2 23.5
85.25 23.5
85.3 23.5
85.35 23.5
85.4 23.5
85.45 23.5
85.5 23.5
85.55 23.5
85.6 23.5
85.65 24
85.7 24
85.75 24
85.8 24
85.85 24
85.9 24
85.95 24
86 24
86.05 24
86.1 24
86.15 24
86.2 24
86.25 24
86.3 24
86.35 24
86.4 24
86.45 24
86.5 24
86.55 24
86.6 24
86.65 24.5
86.7 24.5
86.75 24.5
86.8 24.5
86.85 24.5
86.9 24.5
86.95 24.5
87 24.5
87.05 24.5
87.1 24.5
87.15 24.5
87.2 24.5
87.25 24.5
87.3 24.5
87.35 24.5
87.4 24.5
87.45 24.5
87.5 24.5
87.55 24.5
87.6 24.5
87.65 25
87.7 25
87.75 25
87.8 25
87.85 25
87.9 25
87.95 25
88 25
88.05 25
88.1 25
88.15 25
88.2 25
88.25 25
88.3 25
88.35 25
88.4 25
88.45 25
88.5 25
88.55 25
88.6 25
88.65 25.5
88.7 25.5
88.75 25.5
88.8 25.5
88.85 25.5
88.9 25.5
88.95 25.5
89 25.5
89.05 25.5
89.1 25.5
89.15 25.5
89.2 25.5
89.25 25.5
89.3 25.5
89.35 25.5
89.4 25.5
89.45 25.5
89.5 25.5
89.55 25.5
89.6 25.5
89.65 26
89.7 26
89.75 26
89.8 26
89.85 26
89.9 26
89.95 26
90 26
90.05 26
90.1 26
90.15 26
90.2 26
90.25 26
90.3 26
90.35 26
90.4 26
90.45 26
90.5 26
90.55 26
90.6 26
90.65 26.5
90.7 26.5
90.75 26.5
90.8 26.5
90.85 26.5
90.9 26.5
90.95 26.5
91 26.5
91.05 26.5
91.1 26.5
91.15 26.5
91.2 26.5
91.25 26.5
91.3 26.5
91.35 26.5
91.4 26.5
91.45 26.5
91.5 26.5
91.55 26.5
91.6 26.5
91.65 27
91.7 27
91.75 27
91.8 27
91.85 27
91.9 27
91.95 27
92 27
92.05 27
92.1 27
92.15 27
92.2 27
92.25 27
92.3 27
92.35 27
92.4 27
92.45 27
92.5 27
92.55 27
92.6 27
92.65 27.5
92.7 27.5
92.75 27.5
92.8 27.5
92.85 27.5
92.9 27.5
92.95 27.5
93 27.5
93.05 27.5
93.1 27.5
93.15 27.5
93.2 27.5
93.25 27.5
93.3 27.5
93.35 27.5
93.4 27.5
93.45 27.5
93.5 27.5
93.55 27.5
93.6 27.5
93.65 26.9
93.7 26.9
93.75 26.9
93.8 26.9
93.85 26.9
93.9 26.9
93.95 26.9
94 26.9
94.05 26.9
94.1 26.9
94.15 26.9
94.2 26.9
94.25 26.9
94.3 26.9
94.35 26.9
94.4 26.9
94.45 26.9
94.5 26.9
94.55 26.9
94.6 26.9
94.65 26.5
94.7 26.5
94.75 26.5
94.8 26.5
94.85 26.5
94.9 26.5
94.95 26.5
95 26.5
95.05 26.5
95.1 26.5
95.15 26.5
95.2 26.5
95.25 26.5
95.3 26.5
95.35 26.5
95.4 26.5
95.45 26.5
95.5 26.5
95.55 26.5
95.6 26.5
95.65 26.3
95.7 26.3
95.75 26.3
95.8 26.3
95.85 26.3
95.9 26.3
95.95 26.3
96 26.3
96.05 26.3
96.1 26.3
96.15 26.3
96.2 26.3
96.25 26.3
96.3 26.3
96.35 26.3
96.4 26.3
96.45 26.3
96.5 26.3
96.55 26.3
96.6 26.3
96.65 26.3
96.7 26.3
96.75 26.3
96.8 26.3
96.85 26.3
96.9 26.3
96.95 26.3
97 26.3
97.05 26.3
97.1 26.3
97.15 26.3
97.2 26.3
97.25 26.3
97.3 26.3
97.35 26.3
97.4 26.3
97.45 26.3
97.5 26.3
97.55 26.3
97.6 26.3
97.65 26.5
97.7 26.5
97.75 26.5
97.8 26.5
97.85 26.5
97.9 26.5
97.95 26.5
98 26.5
98.05 26.5
98.1 26.5
98.15 26.5
98.2 26.5
98.25 26.5
98.3 26.5
98.35 26.5
98.4 26.5
98.45 26.5
98.5 26.5
98.55 26.5
98.6 26.5
98.65 26.7
98.7 26.7
98.75 26.7
98.8 26.7
98.85 26.7
98.9 26.7
98.95 26.7
99 26.7
99.05 26.7
99.1 26.7
99.15 26.7
99.2 26.7
99.25 26.7
99.3 26.7
99.35 26.7
99.4 26.7
99.45 26.7
99.5 26.7
99.55 26.7
99.6 26.7
99.65 26.9
99.7 26.9
99.75 26.9
99.8 26.9
99.85 26.9
99.9 26.9
99.95 26.9
100 26.9
100.05 26.9
100.1 26.9
100.15 26.9
100.2 26.9
100.25 26.9
100.3 26.9
100.35 26.9
100.4 26.9
100.45 26.9
100.5 26.9
100.55 26.9
100.6 26.9
100.65 27.2
100.7 27.2
100.75 27.2
100.8 27.2
100.85 27.2
100.9 27.2
100.95 27.2
101 27.2
101.05 27.2
101.1 27.2
101.15 27.2
101.2 27.2
101.25 27.2
101.3 27.2
101.35 27.2
101.4 27.2
101.45 27.2
101.5 27.2
101.55 27.2
101.6 27.2
101.65 27.5
101.7 27.5
101.75 27.5
101.8 27.5
101.85 27.5
101.9 27.5
101.95 27.5
102 27.5
102.05 27.5
102.1 27.5
102.15 27.5
102.2 27.5
102.25 27.5
102.3 27.5
102.35 27.5
102.4 27.5
102.45 27.5
102.5 27.5
102.55 27.5
102.6 27.5
102.65 27.8
102.7 27.8
102.75 27.8
102.8 27.8
102.85 27.8
102.9 27.8
102.95 27.8
103 27.8
103.05 27.8
103.1 27.8
103.15 27.8
103.2 27.8
103.25 27.8
103.3 27.8
103.35 27.8
103.4 27.8
103.45 27.8
103.5 27.8
103.55 27.8
103.6 27.8
103.65 27
103.7 27
103.75 27
103.8 27
103.85 27
103.9 27
103.95 27
104 27
104.05 27
104.1 27
104.15 27
104.2 27
104.25 27
104.3 27
104.35 27
104.4 27
104.45 27
104.5 27
104.55 27
104.6 27
104.65 26.5
104.7 26.5
104.75 26.5
104.8 26.5
104.85 26.5
104.9 26.5
104.95 26.5
105 26.5
105.05 26.5
105.1 26.5
105.15 26.5
105.2 26.5
105.25 26.5
105.3 26.5
105.35 26.5
105.4 26.5
105.45 26.5
105.5 26.5
105.55 26.5
105.6 26.5
105.65 29.4
105.7 29.4
105.75 29.4
105.8 29.4
105.85 29.4
105.9 29.4
105.95 29.4
106 29.4
106.05 29.4
106.1 29.4
106.15 29.4
106.2 29.4
106.25 29.4
106.3 29.4
106.35 29.4
106.4 29.4
106.45 29.4
106.5 29.4
106.55 29.4
106.6 29.4
106.65 31.7
106.7 31.7
106.75 31.7
106.8 31.7
106.85 31.7
106.9 31.7
106.95 31.7
107 31.7
107.05 31.7
107.1 31.7
107.15 31.7
107.2 31.7
107.25 31.7
107.3 31.7
107.35 31.7
107.4 31.7
107.45 31.7
107.5 31.7
107.55 31.7
107.6 31.7
107.65 33.5
107.7 33.5
107.75 33.5
107.8 33.5
107.85 33.5
107.9 33.5
107.95 33.5
108 33.5
108.05 33.5
108.1 33.5
108.15 33.5
108.2 33.5
108.25 33.5
108.3 33.5
108.35 33.5
108.4 33.5
108.45 33.5
108.5 33.5
108.55 33.5
108.6 33.5
108.65 34.9
108.7 34.9
108.75 34.9
108.8 34.9
108.85 34.9
108.9 34.9
108.95 34.9
109 34.9
109.05 34.9
109.1 34.9
109.15 34.9
109.2 34.9
109.25 34.9
109.3 34.9
109.35 34.9
109.4 34.9
109.45 34.9
109.5 34.9
109.55 34.9
109.6 34.9
109.65 35.9
109.7 35.9
109.75 35.9
109.8 35.9
109.85 35.9
109.9 35.9
109.95 35.9
110 35.9
110.05 35.9
110.1 35.9
110.15 35.9
110.2 35.9
110.25 35.9
110.3 35.9
110.35 35.9
110.4 35.9
110.45 35.9
110.5 35.9
110.55 35.9
110.6 35.9
110.65 36.7
110.7 36.7
110.75 36.7
110.8 36.7
110.85 36.7
110.9 36.7
110.95 36.7
111 36.7
111.05 36.7
111.1 36.7
111.15 36.7
111.2 36.7
111.25 36.7
111.3 36.7
111.35 36.7
111.4 36.7
111.45 36.7
111.5 36.7
111.55 36.7
111.6 36.7
111.65 37.4
111.7 37.4
111.75 37.4
111.8 37.4
111.85 37.4
111.9 37.4
111.95 37.4
112 37.4
112.05 37.4
112.1 37.4
112.15 37.4
112.2 37.4
112.25 37.4
112.3 37.4
112.35 37.4
112.4 37.4
112.45 37.4
112.5 37.4
112.55 37.4
112.6 37.4
112.65 38
112.7 38
112.75 38
112.8 38
112.85 38
112.9 38
112.95 38
113 38
113.05 38
113.1 38
113.15 38
113.2 38
113.25 38
113.3 38
113.35 38
113.4 38
113.45 38
113.5 38
113.55 38
113.6 38
113.65 38.6
113.7 38.6
113.75 38.6
113.8 38.6
113.85 38.6
113.9 38.6
113.95 38.6
114 38.6
114.05 38.6
114.1 38.6
114.15 38.6
114.2 38.6
114.25 38.6
114.3 38.6
114.35 38.6
114.4 38.6
114.45 38.6
114.5 38.6
114.55 38.6
114.6 38.6
114.65 38.2
114.7 38.2
114.75 38.2
114.8 38.2
114.85 38.2
114.9 38.2
114.95 38.2
115 38.2
115.05 38.2
115.1 38.2
115.15 38.2
115.2 38.2
115.25 38.2
115.3 38.2
115.35 38.2
115.4 38.2
115.45 38.2
115.5 38.2
115.55 38.2
115.6 38.2
115.65 38
115.7 38
115.75 38
115.8 38
115.85 38
115.9 38
115.95 38
116 38
116.05 38
116.1 38
116.15 38
116.2 38
116.25 38
116.3 38
116.35 38
116.4 38
116.45 38
116.5 38
116.55 38
116.6 38
116.65 38
116.7 38
116.75 38
116.8 38
116.85 38
116.9 38
116.95 38
117 38
117.05 38
117.1 38
117.15 38
117.2 38
117.25 38
117.3 38
117.35 38
117.4 38
117.45 38
117.5 38
117.55 38
117.6 38
117.65 38.1
117.7 38.1
117.75 38.1
117.8 38.1
117.85 38.1
117.9 38.1
117.95 38.1
118 38.1
118.05 38.1
118.1 38.1
118.15 38.1
118.2 38.1
118.25 38.1
118.3 38.1
118.35 38.1
118.4 38.1
118.45 38.1
118.5 38.1
118.55 38.1
118.6 38.1
118.65 38.4
118.7 38.4
118.75 38.4
118.8 38.4
118.85 38.4
118.9 38.4
118.95 38.4
119 38.4
119.05 38.4
119.1 38.4
119.15 38.4
119.2 38.4
119.25 38.4
119.3 38.4
119.35 38.4
119.4 38.4
119.45 38.4
119.5 38.4
119.55 38.4
119.6 38.4
119.65 37.8
119.7 37.8
119.75 37.8
119.8 37.8
119.85 37.8
119.9 37.8
119.95 37.8
120 37.8
120.05 37.8
120.1 37.8
120.15 37.8
120.2 37.8
120.25 37.8
120.3 37.8
120.35 37.8
120.4 37.8
120.45 37.8
120.5 37.8
120.55 37.8
120.6 37.8
120.65 37.4
120.7 37.4
120.75 37.4
120.8 37.4
120.85 37.4
120.9 37.4
120.95 37.4
121 37.4
121.05 37.4
121.1 37.4
121.15 37.4
121.2 37.4
121.25 37.4
121.3 37.4
121.35 37.4
121.4 37.4
121.45 37.4
121.5 37.4
121.55 37.4
121.6 37.4
121.65 37.2
121.7 37.2
121.75 37.2
121.8 37.2
121.85 37.2
121.9 37.2
121.95 37.2
122 37.2
122.05 37.2
122.1 37.2
122.15 37.2
122.2 37.2
122.25 37.2
122.3 37.2
122.35 37.2
122.4 37.2
122.45 37.2
122.5 37.2
122.55 37.2
122.6 37.2
122.65 37.2
122.7 37.2
122.75 37.2
122.8 37.2
122.85 37.2
122.9 37.2
122.95 37.2
123 37.2
123.05 37.2
123.1 37.2
123.15 37.2
123.2 37.2
123.25 37.2
123.3 37.2
123.35 37.2
123.4 37.2
123.45 37.2
123.5 37.2
123.55 37.2
123.6 37.2
123.65 37.3
123.7 37.3
123.75 37.3
123.8 37.3
123.85 37.3
123.9 37.3
123.95 37.3
124 37.3
124.05 37.3
124.1 37.3
124.15 37.3
124.2 37.3
124.25 37.3
124.3 37.3
124.35 37.3
124.4 37.3
124.45 37.3
124.5 37.3
124.55 37.3
124.6 37.3
124.65 37.4
124.7 37.4
124.75 37.4
124.8 37.4
124.85 37.4
124.9 37.4
124.95 37.4
125 37.4
125.05 37.4
125.1 37.4
125.15 37.4
125.2 37.4
125.25 37.4
125.3 37.4
125.35 37.4
125.4 37.4
125.45 37.4
125.5 37.4
125.55 37.4
125.6 37.4
125.65 37.7
125.7 37.7
125.75 37.7
125.8 37.7
125.85 37.7
125.9 37.7
125.95 37.7
126 37.7
126.05 37.7
126.1 37.7
126.15 37.7
126.2 37.7
126.25 37.7
126.3 37.7
126.35 37.7
126.4 37.7
126.45 37.7
126.5 37.7
126.55 37.7
126.6 37.7
126.65 36.9
126.7 36.9
126.75 36.9
126.8 36.9
126.85 36.9
126.9 36.9
126.95 36.9
127 36.9
127.05 36.9
127.1 36.9
127.15 36.9
127.2 36.9
127.25 36.9
127.3 36.9
127.35 36.9
127.4 36.9
127.45 36.9
127.5 36.9
127.55 36.9
127.6 36.9
127.65 36.3
127.7 36.3
127.75 36.3
127.8 36.3
127.85 36.3
127.9 36.3
127.95 36.3
128 36.3
128.05 36.3
128.1 36.3
128.15 36.3
128.2 36.3
128.25 36.3
128.3 36.3
128.35 36.3
128.4 36.3
128.45 36.3
128.5 36.3
128.55 36.3
128.6 36.3
128.65 35.9
128.7 35.9
128.75 35.9
128.8 35.9
128.85 35.9
128.9 35.9
128.95 35.9
129 35.9
129.05 35.9
129.1 35.9
129.15 35.9
129.2 35.9
129.25 35.9
129.3 35.9
129.35 35.9
129.4 35.9
129.45 35.9
129.5 35.9
129.55 35.9
129.6 35.9
129.65 35.6
129.7 35.6
129.75 35.6
129.8 35.6
129.85 35.6
129.9 35.6
129.95 35.6
130 35.6
130.05 35.6
130.1 35.6
130.15 35.6
130.2 35.6
130.25 35.6
130.3 35.6
130.35 35.6
130.4 35.6
130.45 35.6
130.5 35.6
130.55 35.6
130.6 35.6
130.65 35.5
130.7 35.5
130.75 35.5
130.8 35.5
130.85 35.5
130.9 35.5
130.95 35.5
131 35.5
131.05 35.5
131.1 35.5
131.15 35.5
131.2 35.5
131.25 35.5
131.3 35.5
131.35 35.5
131.4 35.5
131.45 35.5
131.5 35.5
131.55 35.5
131.6 35.5
131.65 35.4
131.7 35.4
131.75 35.4
131.8 35.4
131.85 35.4
131.9 35.4
131.95 35.4
132 35.4
132.05 35.4
132.1 35.4
132.15 35.4
132.2 35.4
132.25 35.4
132.3 35.4
132.35 35.4
132.4 35.4
132.45 35.4
132.5 35.4
132.55 35.4
132.6 35.4
132.65 35.4
132.7 35.4
132.75 35.4
132.8 35.4
132.85 35.4
132.9 35.4
132.95 35.4
133 35.4
133.05 35.4
133.1 35.4
133.15 35.4
133.2 35.4
133.25 35.4
133.3 35.4
133.35 35.4
133.4 35.4
133.45 35.4
133.5 35.4
133.55 35.4
133.6 35.4
133.65 35.5
133.7 35.5
133.75 35.5
133.8 35.5
133.85 35.5
133.9 35.5
133.95 35.5
134 35.5
134.05 35.5
134.1 35.5
134.15 35.5
134.2 35.5
134.25 35.5
134.3 35.5
134.35 35.5
134.4 35.5
134.45 35.5
134.5 35.5
134.55 35.5
134.6 35.5
134.65 35.5
134.7 35.5
134.75 35.5
134.8 35.5
134.85 35.5
134.9 35.5
134.95 35.5
135 35.5
135.05 35.5
135.1 35.5
135.15 35.5
135.2 35.5
135.25 35.5
135.3 35.5
135.35 35.5
135.4 35.5
135.45 35.5
135.5 35.5
135.55 35.5
135.6 35.5
135.65 35.6
135.7 35.6
135.75 35.6
135.8 35.6
135.85 35.6
135.9 35.6
135.95 35.6
136 35.6
136.05 35.6
136.1 35.6
136.15 35.6
136.2 35.6
136.25 35.6
136.3 35.6
136.35 35.6
136.4 35.6
136.45 35.6
136.5 35.6
136.55 35.6
136.6 35.6
136.65 35.6
136.7 35.6
136.75 35.6
136.8 35.6
136.85 35.6
136.9 35.6
136.95 35.6
137 35.6
137.05 35.6
137.1 35.6
137.15 35.6
137.2 35.6
137.25 35.6
137.3 35.6
137.35 35.6
137.4 35.6
137.45 35.6
137.5 35.6
137.55 35.6
137.6 35.6
137.65 35.7
137.7 35.7
137.75 35.7
137.8 35.7
137.85 35.7
137.9 35.7
137.95 35.7
138 35.7
138.05 35.7
138.1 35.7
138.15 35.7
138.2 35.7
138.25 35.7
138.3 35.7
138.35 35.7
138.4 35.7
138.45 35.7
138.5 35.7
138.55 35.7
138.6 35.7
138.65 34.8
138.7 34.8
138.75 34.8
138.8 34.8
138.85 34.8
138.9 34.8
138.95 34.8
139 34.8
139.05 34.8
139.1 34.8
139.15 34.8
139.2 34.8
139.25 34.8
139.3 34.8
139.35 34.8
139.4 34.8
139.45 34.8
139.5 34.8
139.55 34.8
139.6 34.8
139.65 34
139.7 34
139.75 34
139.8 34
139.85 34
139.9 34
139.95 34
140 34
140.05 34
140.1 34
140.15 34
140.2 34
140.25 34
140.3 34
140.35 34
140.4 34
140.45 34
140.5 34
140.55 34
140.6 34
140.65 33.4
140.7 33.4
140.75 33.4
140.8 33.4
140.85 33.4
140.9 33.4
140.95 33.4
141 33.4
141.05 33.4
141.1 33.4
141.15 33.4
141.2 33.4
141.25 33.4
141.3 33.4
141.35 33.4
141.4 33.4
141.45 33.4
141.5 33.4
141.55 33.4
141.6 33.4
141.65 32.9
141.7 32.9
141.75 32.9
141.8 32.9
141.85 32.9
141.9 32.9
141.95 32.9
142 32.9
142.05 32.9
142.1 32.9
142.15 32.9
142.2 32.9
142.25 32.9
142.3 32.9
142.35 32.9
142.4 32.9
142.45 32.9
142.5 32.9
142.55 32.9
142.6 32.9
142.65 32.6
142.7 32.6
142.75 32.6
142.8 32.6
142.85 32.6
142.9 32.6
142.95 32.6
143 32.6
143.05 32.6
143.1 32.6
143.15 32.6
143.2 32.6
143.25 32.6
143.3 32.6
143.35 32.6
143.4 32.6
143.45 32.6
143.5 32.6
143.55 32.6
143.6 32.6
143.65 32.3
143.7 32.3
143.75 32.3
143.8 32.3
143.85 32.3
143.9 32.3
143.95 32.3
144 32.3
144.05 32.3
144.1 32.3
144.15 32.3
144.2 32.3
144.25 32.3
144.3 32.3
144.35 32.3
144.4 32.3
144.45 32.3
144.5 32.3
144.55 32.3
144.6 32.3
144.65 32
144.7 32
144.75 32
144.8 32
144.85 32
144.9 32
144.95 32
145 32
145.05 32
145.1 32
145.15 32
145.2 32
145.25 32
145.3 32
145.35 32
145.4 32
145.45 32
145.5 32
145.55 32
145.6 32
145.65 31.8
145.7 31.8
145.75 31.8
145.8 31.8
145.85 31.8
145.9 31.8
145.95 31.8
146 31.8
146.05 31.8
146.1 31.8
146.15 31.8
146.2 31.8
146.25 31.8
146.3 31.8
146.35 31.8
146.4 31.8
146.45 31.8
146.5 31.8
146.55 31.8
146.6 31.8
146.65 31.5
146.7 31.5
146.75 31.5
146.8 31.5
146.85 31.5
146.9 31.5
146.95 31.5
147 31.5
147.05 31.5
147.1 31.5
147.15 31.5
147.2 31.5
147.25 31.5
147.3 31.5
147.35 31.5
147.4 31.5
147.45 31.5
147.5 31.5
147.55 31.5
147.6 31.5
147.65 31.3
147.7 31.3
147.75 31.3
147.8 31.3
147.85 31.3
147.9 31.3
147.95 31.3
148 31.3
148.05 31.3
148.1 31.3
148.15 31.3
148.2 31.3
148.25 31.3
148.3 31.3
148.35 31.3
148.4 31.3
148.45 31.3
148.5 31.3
148.55 31.3
148.6 31.3
148.65 31.1
148.7 31.1
148.75 31.1
148.8 31.1
148.85 31.1
148.9 31.1
148.95 31.1
149 31.1
149.05 31.1
149.1 31.1
149.15 31.1
149.2 31.1
149.25 31.1
149.3 31.1
149.35 31.1
149.4 31.1
149.45 31.1
149.5 31.1
149.55 31.1
149.6 31.1
149.65 30.8
149.7 30.8
149.75 30.8
149.8 30.8
149.85 30.8
149.9 30.8
149.95 30.8
150 30.8
150.05 30.8
150.1 30.8
150.15 30.8
150.2 30.8
150.25 30.8
150.3 30.8
150.35 30.8
150.4 30.8
150.45 30.8
150.5 30.8
150.55 30.8
150.6 30.8
150.65 30.6
150.7 30.6
150.75 30.6
150.8 30.6
150.85 30.6
150.9 30.6
150.95 30.6
151 30.6
151.05 30.6
151.1 30.6
151.15 30.6
151.2 30.6
151.25 30.6
151.3 30.6
151.35 30.6
151.4 30.6
151.45 30.6
151.5 30.6
151.55 30.6
151.6 30.6
151.65 30.3
151.7 30.3
151.75 30.3
151.8 30.3
151.85 30.3
151.9 30.3
151.95 30.3
152 30.3
152.05 30.3
152.1 30.3
152.15 30.3
152.2 30.3
152.25 30.3
152.3 30.3
152.35 30.3
152.4 30.3
152.45 30.3
152.5 30.3
152.55 30.3
152.6 30.3
152.65 30.1
152.7 30.1
152.75 30.1
152.8 30.1
152.85 30.1
152.9 30.1
152.95 30.1
153 30.1
153.05 30.1
153.1 30.1
153.15 30.1
153.2 30.1
153.25 30.1
153.3 30.1
153.35 30.1
153.4 30.1
153.45 30.1
153.5 30.1
153.55 30.1
153.6 30.1
153.65 29.8
153.7 29.8
153.75 29.8
153.8 29.8
153.85 29.8
153.9 29.8
153.95 29.8
154 29.8
154.05 29.8
154.1 29.8
154.15 29.8
154.2 29.8
154.25 29.8
154.3 29.8
154.35 29.8
154.4 29.8
154.45 29.8
154.5 29.8
154.55 29.8
154.6 29.8
154.65 29.6
154.7 29.6
154.75 29.6
154.8 29.6
154.85 29.6
154.9 29.6
154.95 29.6
155 29.6
155.05 29.6
155.1 29.6
155.15 29.6
155.2 29.6
155.25 29.6
155.3 29.6
155.35 29.6
155.4 29.6
155.45 29.6
155.5 29.6
155.55 29.6
155.6 29.6
155.65 29.3
155.7 29.3
155.75 29.3
155.8 29.3
155.85 29.3
155.9 29.3
155.95 29.3
156 29.3
156.05 29.3
156.1 29.3
156.15 29.3
156.2 29.3
156.25 29.3
156.3 29.3
156.35 29.3
156.4 29.3
156.45 29.3
156.5 29.3
156.55 29.3
156.6 29.3
156.65 29.1
156.7 29.1
156.75 29.1
156.8 29.1
156.85 29.1
156.9 29.1
156.95 29.1
157 29.1
157.05 29.1
157.1 29.1
157.15 29.1
157.2 29.1
157.25 29.1
157.3 29.1
157.35 29.1
157.4 29.1
157.45 29.1
157.5 29.1
157.55 29.1
157.6 29.1
157.65 28.8
157.7 28.8
157.75 28.8
157.8 28.8
157.85 28.8
157.9 28.8
157.95 28.8
158 28.8
158.05 28.8
158.1 28.8
158.15 28.8
158.2 28.8
158.25 28.8
158.3 28.8
158.35 28.8
158.4 28.8
158.45 28.8
158.5 28.8
158.55 28.8
158.6 28.8
158.65 28.6
158.7 28.6
158.75 28.6
158.8 28.6
158.85 28.6
158.9 28.6
158.95 28.6
159 28.6
159.05 28.6
159.1 28.6
159.15 28.6
159.2 28.6
159.25 28.6
159.3 28.6
159.35 28.6
159.4 28.6
159.45 28.6
159.5 28.6
159.55 28.6
159.6 28.6
159.65 28.3
159.7 28.3
159.75 28.3
159.8 28.3
159.85 28.3
159.9 28.3
159.95 28.3
160 28.3
160.05 28.3
160.1 28.3
160.15 28.3
160.2 28.3
160.25 28.3
160.3 28.3
160.35 28.3
160.4 28.3
160.45 28.3
160.5 28.3
160.55 28.3
160.6 28.3
160.65 28.1
160.7 28.1
160.75 28.1
160.8 28.1
160.85 28.1
160.9 28.1
160.95 28.1
161 28.1
161.05 28.1
161.1 28.1
161.15 28.1
161.2 28.1
161.25 28.1
161.3 28.1
161.35 28.1
161.4 28.1
161.45 28.1
161.5 28.1
161.55 28.1
161.6 28.1
161.65 28.9
161.7 28.9
161.75 28.9
161.8 28.9
161.85 28.9
161.9 28.9
161.95 28.9
162 28.9
162.05 28.9
162.1 28.9
162.15 28.9
162.2 28.9
162.25 28.9
162.3 28.9
162.35 28.9
162.4 28.9
162.45 28.9
162.5 28.9
162.55 28.9
162.6 28.9
162.65 29.5
162.7 29.5
162.75 29.5
162.8 29.5
162.85 29.5
162.9 29.5
162.95 29.5
163 29.5
163.05 29.5
163.1 29.5
163.15 29.5
163.2 29.5
163.25 29.5
163.3 29.5
163.35 29.5
163.4 29.5
163.45 29.5
163.5 29.5
163.55 29.5
163.6 29.5
163.65 29.9
163.7 29.9
163.75 29.9
163.8 29.9
163.85 29.9
163.9 29.9
163.95 29.9
164 29.9
164.05 29.9
164.1 29.9
164.15 29.9
164.2 29.9
164.25 29.9
164.3 29.9
164.35 29.9
164.4 29.9
164.45 29.9
164.5 29.9
164.55 29.9
164.6 29.9
164.65 30.2
164.7 30.2
164.75 30.2
164.8 30.2
164.85 30.2
164.9 30.2
164.95 30.2
165 30.2
165.05 30.2
165.1 30.2
165.15 30.2
165.2 30.2
165.25 30.2
165.3 30.2
165.35 30.2
165.4 30.2
165.45 30.2
165.5 30.2
165.55 30.2
165.6 30.2
165.65 30.3
165.7 30.3
165.75 30.3
165.8 30.3
165.85 30.3
165.9 30.3
165.95 30.3
166 30.3
166.05 30.3
166.1 30.3
166.15 30.3
166.2 30.3
166.25 30.3
166.3 30.3
166.35 30.3
166.4 30.3
166.45 30.3
166.5 30.3
166.55 30.3
166.6 30.3
166.65 30.4
166.7 30.4
166.75 30.4
166.8 30.4
166.85 30.4
166.9 30.4
166.95 30.4
167 30.4
167.05 30.4
167.1 30.4
167.15 30.4
167.2 30.4
167.25 30.4
167.3 30.4
167.35 30.4
167.4 30.4
167.45 30.4
167.5 30.4
167.55 30.4
167.6 30.4
167.65 30.5
167.7 30.5
167.75 30.5
167.8 30.5
167.85 30.5
167.9 30.5
167.95 30.5
168 30.5
168.05 30.5
168.1 30.5
168.15 30.5
168.2 30.5
168.25 30.5
168.3 30.5
168.35 30.5
168.4 30.5
168.45 30.5
168.5 30.5
168.55 30.5
168.6 30.5
168.65 30.7
168.7 30.7
168.75 30.7
168.8 30.7
168.85 30.7
168.9 30.7
168.95 30.7
169 30.7
169.05 30.7
169.1 30.7
169.15 30.7
169.2 30.7
169.25 30.7
169.3 30.7
169.35 30.7
169.4 30.7
169.45 30.7
169.5 30.7
169.55 30.7
169.6 30.7
169.65 30.9
169.7 30.9
169.75 30.9
169.8 30.9
169.85 30.9
169.9 30.9
169.95 30.9
170 30.9
170.05 30.9
170.1 30.9
170.15 30.9
170.2 30.9
170.25 30.9
170.3 30.9
170.35 30.9
170.4 30.9
170.45 30.9
170.5 30.9
170.55 30.9
170.6 30.9
170.65 31.1
170.7 31.1
170.75 31.1
