1 23
1.05 23
1.1 23
1.15 23
1.2 23
1.25 23
1.3 23
1.35 23
1.4 23
1.45 23
1.5 23
1.55 23
1.6 23
1.65 22.6
1.7 22.6
1.75 22.6
1.8 22.6
1.85 22.6
1.9 22.6
1.95 22.6
2 22.6
2.05 22.6
2.1 22.6
2.15 22.6
2.2 22.6
2.25 22.6
2.3 22.6
2.35 22.6
2.4 22.6
2.45 22.6
2.5 22.6
2.55 22.6
2.6 22.6
2.65 22.4
2.7 22.4
2.75 22.4
2.8 22.4
2.85 22.4
2.9 22.4
2.95 22.4
3 22.4
3.05 22.4
3.1 22.4
3.15 22.4
3.2 22.4
3.25 22.4
3.3 22.4
3.35 22.4
3.4 22.4
3.45 22.4
3.5 22.4
3.55 22.4
3.6 22.4
3.65 22.3
3.7 22.3
3.75 22.3
3.8 22.3
3.85 22.3
3.9 22.3
3.95 22.3
4 22.3
4.05 22.3
4.1 22.3
4.15 22.3
4.2 22.3
4.25 22.3
4.3 22.3
4.35 22.3
4.4 22.3
4.45 22.3
4.5 22.3
4.55 22.3
4.6 22.3
4.65 21.7
4.7 21.7
4.75 21.7
4.8 21.7
4.85 21.7
4.9 21.7
4.95 21.7
5 21.7
5.05 21.7
5.1 21.7
5.15 21.7
5.2 21.7
5.25 21.7
5.3 21.7
5.35 21.7
5.4 21.7
5.45 21.7
5.5 21.7
5.55 21.7
5.6 21.7
5.65 21.2
5.7 21.2
5.75 21.2
5.8 21.2
5.85 21.2
5.9 21.2
5.95 21.2
6 21.2
6.05 21.2
6.1 21.2
6.15 21.2
6.2 21.2
6.25 21.2
6.3 21.2
6.35 21.2
6.4 21.2
6.45 21.2
6.5 21.2
6.55 21.2
6.6 21.2
6.65 20.8
6.7 20.8
6.75 20.8
6.8 20.8
6.85 20.8
6.9 20.8
6.95 20.8
7 20.8
7.05 20.8
7.1 20.8
7.15 20.8
7.2 20.8
7.25 20.8
7.3 20.8
7.35 20.8
7.4 20.8
7.45 20.8
7.5 20.8
7.55 20.8
7.6 20.8
7.65 20.5
7.7 20.5
7.75 20.5
7.8 20.5
7.85 20.5
7.9 20.5
7.95 20.5
8 20.5
8.05 20.5
8.1 20.5
8.15 20.5
8.2 20.5
8.25 20.5
8.3 20.5
8.35 20.5
8.4 20.5
8.45 20.5
8.5 20.5
8.55 20.5
8.6 20.5
8.65 20.4
8.7 20.4
8.75 20.4
8.8 20.4
8.85 20.4
8.9 20.4
8.95 20.4
9 20.4
9.05 20.4
9.1 20.4
9.15 20.4
9.2 20.4
9.25 20.4
9.3 20.4
9.35 20.4
9.4 20.4
9.45 20.4
9.5 20.4
9.55 20.4
9.6 20.4
9.65 19.6
9.7 19.6
9.75 19.6
9.8 19.6
9.85 19.6
9.9 19.6
9.95 19.6
10 19.6
10.05 19.6
10.1 19.6
10.15 19.6
10.2 19.6
10.25 19.6
10.3 19.6
10.35 19.6
10.4 19.6
10.45 19.6
10.5 19.6
10.55 19.6
10.6 19.6
10.65 19
10.7 19
10.75 19
10.8 19
10.85 19
10.9 19
10.95 19
11 19
11.05 19
11.1 19
11.15 19
11.2 19
11.25 19
11.3 19
11.35 19
11.4 19
11.45 19
11.5 19
11.55 19
11.6 19
11.65 18.5
11.7 18.5
11.75 18.5
11.8 18.5
11.85 18.5
11.9 18.5
11.95 18.5
12 18.5
12.05 18.5
12.1 18.5
12.15 18.5
12.2 18.5
12.25 18.5
12.3 18.5
12.35 18.5
12.4 18.5
12.45 18.5
12.5 18.5
12.55 18.5
12.6 18.5
12.65 18
12.7 18
12.75 18
12.8 18
12.85 18
12.9 18
12.95 18
13 18
13.05 18
13.1 18
13.15 18
13.2 18
13.25 18
13.3 18
13.35 18
13.4 18
13.45 18
13.5 18
13.55 18
13.6 18
13.65 17.7
13.7 17.7
13.75 17.7
13.8 17.7
13.85 17.7
13.9 17.7
13.95 17.7
14 17.7
14.05 17.7
14.1 17.7
14.15 17.7
14.2 17.7
14.25 17.7
14.3 17.7
14.35 17.7
14.4 17.7
14.45 17.7
14.5 17.7
14.55 17.7
14.6 17.7
14.65 17.4
14.7 17.4
14.75 17.4
14.8 17.4
14.85 17.4
14.9 17.4
14.95 17.4
15 17.4
15.05 17.4
15.1 17.4
15.15 17.4
15.2 17.4
15.25 17.4
15.3 17.4
15.35 17.4
15.4 17.4
15.45 17.4
15.5 17.4
15.55 17.4
15.6 17.4
15.65 17.2
15.7 17.2
15.75 17.2
15.8 17.2
15.85 17.2
15.9 17.2
15.95 17.2
16 17.2
16.05 17.2
16.1 17.2
16.15 17.2
16.2 17.2
16.25 17.2
16.3 17.2
16.35 17.2
16.4 17.2
16.45 17.2
16.5 17.2
16.55 17.2
16.6 17.2
16.65 17
16.7 17
16.75 17
16.8 17
16.85 17
16.9 17
16.95 17
17 17
17.05 17
17.1 17
17.15 17
17.2 17
17.25 17
17.3 17
17.35 17
17.4 17
17.45 17
17.5 17
17.55 17
17.6 17
17.65 16.9
17.7 16.9
17.75 16.9
17.8 16.9
17.85 16.9
17.9 16.9
17.95 16.9
18 16.9
18.05 16.9
18.1 16.9
18.15 16.9
18.2 16.9
18.25 16.9
18.3 16.9
18.35 16.9
18.4 16.9
18.45 16.9
18.5 16.9
18.55 16.9
18.6 16.9
18.65 16.7
18.7 16.7
18.75 16.7
18.8 16.7
18.85 16.7
18.9 16.7
18.95 16.7
19 16.7
19.05 16.7
19.1 16.7
19.15 16.7
19.2 16.7
19.25 16.7
19.3 16.7
19.35 16.7
19.4 16.7
19.45 16.7
19.5 16.7
19.55 16.7
19.6 16.7
19.65 15.9
19.7 15.9
19.75 15.9
19.8 15.9
19.85 15.9
19.9 15.9
19.95 15.9
20 15.9
20.05 15.9
20.1 15.9
20.15 15.9
20.2 15.9
20.25 15.9
20.3 15.9
20.35 15.9
20.4 15.9
20.45 15.9
20.5 15.9
20.55 15.9
20.6 15.9
20.65 15.2
20.7 15.2
20.75 15.2
20.8 15.2
20.85 15.2
20.9 15.2
20.95 15.2
21 15.2
21.05 15.2
21.1 15.2
21.15 15.2
21.2 15.2
21.25 15.2
21.3 15.2
21.35 15.2
21.4 15.2
21.45 15.2
21.5 15.2
21.55 15.2
21.6 15.2
21.65 14.5
21.7 14.5
21.75 14.5
21.8 14.5
21.85 14.5
21.9 14.5
21.95 14.5
22 14.5
22.05 14.5
22.1 14.5
22.15 14.5
22.2 14.5
22.25 14.5
22.3 14.5
22.35 14.5
22.4 14.5
22.45 14.5
22.5 14.5
22.55 14.5
22.6 14.5
22.65 13.9
22.7 13.9
22.75 13.9
22.8 13.9
22.85 13.9
22.9 13.9
22.95 13.9
23 13.9
23.05 13.9
23.1 13.9
23.15 13.9
23.2 13.9
23.25 13.9
23.3 13.9
23.35 13.9
23.4 13.9
23.45 13.9
23.5 13.9
23.55 13.9
23.6 13.9
23.65 13.9
23.7 13.9
23.75 13.9
23.8 13.9
23.85 13.9
23.9 13.9
23.95 13.9
24 13.9
24.05 13.9
24.1 13.9
24.15 13.9
24.2 13.9
24.25 13.9
24.3 13.9
24.35 13.9
24.4 13.9
24.45 13.9
24.5 13.9
24.55 13.9
24.6 13.9
24.65 14
24.7 14
24.75 14
24.8 14
24.85 14
24.9 14
24.95 14
25 14
25.05 14
25.1 14
25.15 14
25.2 14
25.25 14
25.3 14
25.35 14
25.4 14
25.45 14
25.5 14
25.55 14
25.6 14
25.65 14
25.7 14
25.75 14
25.8 14
25.85 14
25.9 14
25.95 14
26 14
26.05 14
26.1 14
26.15 14
26.2 14
26.25 14
26.3 14
26.35 14
26.4 14
26.45 14
26.5 14
26.55 14
26.6 14
26.65 13.9
26.7 13.9
26.75 13.9
26.8 13.9
26.85 13.9
26.9 13.9
26.95 13.9
27 13.9
27.05 13.9
27.1 13.9
27.15 13.9
27.2 13.9
27.25 13.9
27.3 13.9
27.35 13.9
27.4 13.9
27.45 13.9
27.5 13.9
27.55 13.9
27.6 13.9
27.65 13.8
27.7 13.8
27.75 13.8
27.8 13.8
27.85 13.8
27.9 13.8
27.95 13.8
28 13.8
28.05 13.8
28.1 13.8
28.15 13.8
28.2 13.8
28.25 13.8
28.3 13.8
28.35 13.8
28.4 13.8
28.45 13.8
28.5 13.8
28.55 13.8
28.6 13.8
28.65 13.7
28.7 13.7
28.75 13.7
28.8 13.7
28.85 13.7
28.9 13.7
28.95 13.7
29 13.7
29.05 13.7
29.1 13.7
29.15 13.7
29.2 13.7
29.25 13.7
29.3 13.7
29.35 13.7
29.4 13.7
29.45 13.7
29.5 13.7
29.55 13.7
29.6 13.7
29.65 13.6
29.7 13.6
29.75 13.6
29.8 13.6
29.85 13.6
29.9 13.6
29.95 13.6
30 13.6
30.05 13.6
30.1 13.6
30.15 13.6
30.2 13.6
30.25 13.6
30.3 13.6
30.35 13.6
30.4 13.6
30.45 13.6
30.5 13.6
30.55 13.6
30.6 13.6
30.65 13.5
30.7 13.5
30.75 13.5
30.8 13.5
30.85 13.5
30.9 13.5
30.95 13.5
31 13.5
31.05 13.5
31.1 13.5
31.15 13.5
31.2 13.5
31.25 13.5
31.3 13.5
31.35 13.5
31.4 13.5
31.45 13.5
31.5 13.5
31.55 13.5
31.6 13.5
31.65 13.3
31.7 13.3
31.75 13.3
31.8 13.3
31.85 13.3
31.9 13.3
31.95 13.3
32 13.3
32.05 13.3
32.1 13.3
32.15 13.3
32.2 13.3
32.25 13.3
32.3 13.3
32.35 13.3
32.4 13.3
32.45 13.3
32.5 13.3
32.55 13.3
32.6 13.3
32.65 13.2
32.7 13.2
32.75 13.2
32.8 13.2
32.85 13.2
32.9 13.2
32.95 13.2
33 13.2
33.05 13.2
33.1 13.2
33.15 13.2
33.2 13.2
33.25 13.2
33.3 13.2
33.35 13.2
33.4 13.2
33.45 13.2
33.5 13.2
33.55 13.2
33.6 13.2
33.65 13.1
33.7 13.1
33.75 13.1
33.8 13.1
33.85 13.1
33.9 13.1
33.95 13.1
34 13.1
34.05 13.1
34.1 13.1
34.15 13.1
34.2 13.1
34.25 13.1
34.3 13.1
34.35 13.1
34.4 13.1
34.45 13.1
34.5 13.1
34.55 13.1
34.6 13.1
34.65 12.9
34.7 12.9
34.75 12.9
34.8 12.9
34.85 12.9
34.9 12.9
34.95 12.9
35 12.9
35.05 12.9
35.1 12.9
35.15 12.9
35.2 12.9
35.25 12.9
35.3 12.9
35.35 12.9
35.4 12.9
35.45 12.9
35.5 12.9
35.55 12.9
35.6 12.9
35.65 12.8
35.7 12.8
35.75 12.8
35.8 12.8
35.85 12.8
35.9 12.8
35.95 12.8
36 12.8
36.05 12.8
36.1 12.8
36.15 12.8
36.2 12.8
36.25 12.8
36.3 12.8
36.35 12.8
36.4 12.8
36.45 12.8
36.5 12.8
36.55 12.8
36.6 12.8
36.65 12.6
36.7 12.6
36.75 12.6
36.8 12.6
36.85 12.6
36.9 12.6
36.95 12.6
37 12.6
37.05 12.6
37.1 12.6
37.15 12.6
37.2 12.6
37.25 12.6
37.3 12.6
37.35 12.6
37.4 12.6
37.45 12.6
37.5 12.6
37.55 12.6
37.6 12.6
37.65 12.4
37.7 12.4
37.75 12.4
37.8 12.4
37.85 12.4
37.9 12.4
37.95 12.4
38 12.4
38.05 12.4
38.1 12.4
38.15 12.4
38.2 12.4
38.25 12.4
38.3 12.4
38.35 12.4
38.4 12.4
38.45 12.4
38.5 12.4
38.55 12.4
38.6 12.4
38.65 12.3
38.7 12.3
38.75 12.3
38.8 12.3
38.85 12.3
38.9 12.3
38.95 12.3
39 12.3
39.05 12.3
39.1 12.3
39.15 12.3
39.2 12.3
39.25 12.3
39.3 12.3
39.35 12.3
39.4 12.3
39.45 12.3
39.5 12.3
39.55 12.3
39.6 12.3
39.65 12.1
39.7 12.1
39.75 12.1
39.8 12.1
39.85 12.1
39.9 12.1
39.95 12.1
40 12.1
40.05 12.1
40.1 12.1
40.15 12.1
40.2 12.1
40.25 12.1
40.3 12.1
40.35 12.1
40.4 12.1
40.45 12.1
40.5 12.1
40.55 12.1
40.6 12.1
40.65 11.9
40.7 11.9
40.75 11.9
40.8 11.9
40.85 11.9
40.9 11.9
40.95 11.9
41 11.9
41.05 11.9
41.1 11.9
41.15 11.9
41.2 11.9
41.25 11.9
41.3 11.9
41.35 11.9
41.4 11.9
41.45 11.9
41.5 11.9
41.55 11.9
41.6 11.9
41.65 11.8
41.7 11.8
41.75 11.8
41.8 11.8
41.85 11.8
41.9 11.8
41.95 11.8
42 11.8
42.05 11.8
42.1 11.8
42.15 11.8
42.2 11.8
42.25 11.8
42.3 11.8
42.35 11.8
42.4 11.8
42.45 11.8
42.5 11.8
42.55 11.8
42.6 11.8
42.65 11.6
42.7 11.6
42.75 11.6
42.8 11.6
42.85 11.6
42.9 11.6
42.95 11.6
43 11.6
43.05 11.6
43.1 11.6
43.15 11.6
43.2 11.6
43.25 11.6
43.3 11.6
43.35 11.6
43.4 11.6
43.45 11.6
43.5 11.6
43.55 11.6
43.6 11.6
43.65 12.1
43.7 12.1
43.75 12.1
43.8 12.1
43.85 12.1
43.9 12.1
43.95 12.1
44 12.1
44.05 12.1
44.1 12.1
44.15 12.1
44.2 12.1
44.25 12.1
44.3 12.1
44.35 12.1
44.4 12.1
44.45 12.1
44.5 12.1
44.55 12.1
44.6 12.1
44.65 12.5
44.7 12.5
44.75 12.5
44.8 12.5
44.85 12.5
44.9 12.5
44.95 12.5
45 12.5
45.05 12.5
45.1 12.5
45.15 12.5
45.2 12.5
45.25 12.5
45.3 12.5
45.35 12.5
45.4 12.5
45.45 12.5
45.5 12.5
45.55 12.5
45.6 12.5
45.65 10
45.7 10
45.75 10
45.8 10
45.85 10
45.9 10
45.95 10
46 10
46.05 10
46.1 10
46.15 10
46.2 10
46.25 10
46.3 10
46.35 10
46.4 10
46.45 10
46.5 10
46.55 10
46.6 10
46.65 8.2
46.7 8.2
46.75 8.2
46.8 8.2
46.85 8.2
46.9 8.2
46.95 8.2
47 8.2
47.05 8.2
47.1 8.2
47.15 8.2
47.2 8.2
47.25 8.2
47.3 8.2
47.35 8.2
47.4 8.2
47.45 8.2
47.5 8.2
47.55 8.2
47.6 8.2
47.65 6.9
47.7 6.9
47.75 6.9
47.8 6.9
47.85 6.9
47.9 6.9
47.95 6.9
48 6.9
48.05 6.9
48.1 6.9
48.15 6.9
48.2 6.9
48.25 6.9
48.3 6.9
48.35 6.9
48.4 6.9
48.45 6.9
48.5 6.9
48.55 6.9
48.6 6.9
48.65 6
48.7 6
48.75 6
48.8 6
48.85 6
48.9 6
48.95 6
49 6
49.05 6
49.1 6
49.15 6
49.2 6
49.25 6
49.3 6
49.35 6
49.4 6
49.45 6
49.5 6
49.55 6
49.6 6
49.65 5.5
49.7 5.5
49.75 5.5
49.8 5.5
49.85 5.5
49.9 5.5
49.95 5.5
50 5.5
50.05 5.5
50.1 5.5
50.15 5.5
50.2 5.5
50.25 5.5
50.3 5.5
50.35 5.5
50.4 5.5
50.45 5.5
50.5 5.5
50.55 5.5
50.6 5.5
50.65 5.2
50.7 5.2
50.75 5.2
50.8 5.2
50.85 5.2
50.9 5.2
50.95 5.2
51 5.2
51.05 5.2
51.1 5.2
51.15 5.2
51.2 5.2
51.25 5.2
51.3 5.2
51.35 5.2
51.4 5.2
51.45 5.2
51.5 5.2
51.55 5.2
51.6 5.2
51.65 4.9
51.7 4.9
51.75 4.9
51.8 4.9
51.85 4.9
51.9 4.9
51.95 4.9
52 4.9
52.05 4.9
52.1 4.9
52.15 4.9
52.2 4.9
52.25 4.9
52.3 4.9
52.35 4.9
52.4 4.9
52.45 4.9
52.5 4.9
52.55 4.9
52.6 4.9
52.65 4.7
52.7 4.7
52.75 4.7
52.8 4.7
52.85 4.7
52.9 4.7
52.95 4.7
53 4.7
53.05 4.7
53.1 4.7
53.15 4.7
53.2 4.7
53.25 4.7
53.3 4.7
53.35 4.7
53.4 4.7
53.45 4.7
53.5 4.7
53.55 4.7
53.6 4.7
53.65 5.2
53.7 5.2
53.75 5.2
53.8 5.2
53.85 5.2
53.9 5.2
53.95 5.2
54 5.2
54.05 5.2
54.1 5.2
54.15 5.2
54.2 5.2
54.25 5.2
54.3 5.2
54.35 5.2
54.4 5.2
54.45 5.2
54.5 5.2
54.55 5.2
54.6 5.2
54.65 5.5
54.7 5.5
54.75 5.5
54.8 5.5
54.85 5.5
54.9 5.5
54.95 5.5
55 5.5
55.05 5.5
55.1 5.5
55.15 5.5
55.2 5.5
55.25 5.5
55.3 5.5
55.35 5.5
55.4 5.5
55.45 5.5
55.5 5.5
55.55 5.5
55.6 5.5
55.65 5.7
55.7 5.7
55.75 5.7
55.8 5.7
55.85 5.7
55.9 5.7
55.95 5.7
56 5.7
56.05 5.7
56.1 5.7
56.15 5.7
56.2 5.7
56.25 5.7
56.3 5.7
56.35 5.7
56.4 5.7
56.45 5.7
56.5 5.7
56.55 5.7
56.6 5.7
56.65 5.7
56.7 5.7
56.75 5.7
56.8 5.7
56.85 5.7
56.9 5.7
56.95 5.7
57 5.7
57.05 5.7
57.1 5.7
57.15 5.7
57.2 5.7
57.25 5.7
57.3 5.7
57.35 5.7
57.4 5.7
57.45 5.7
57.5 5.7
57.55 5.7
57.6 5.7
57.65 6.3
57.7 6.3
57.75 6.3
57.8 6.3
57.85 6.3
57.9 6.3
57.95 6.3
58 6.3
58.05 6.3
58.1 6.3
58.15 6.3
58.2 6.3
58.25 6.3
58.3 6.3
58.35 6.3
58.4 6.3
58.45 6.3
58.5 6.3
58.55 6.3
58.6 6.3
58.65 6.7
58.7 6.7
58.75 6.7
58.8 6.7
58.85 6.7
58.9 6.7
58.95 6.7
59 6.7
59.05 6.7
59.1 6.7
59.15 6.7
59.2 6.7
59.25 6.7
59.3 6.7
59.35 6.7
59.4 6.7
59.45 6.7
59.5 6.7
59.55 6.7
59.6 6.7
59.65 7
59.7 7
59.75 7
59.8 7
59.85 7
59.9 7
59.95 7
60 7
60.05 7
60.1 7
60.15 7
60.2 7
60.25 7
60.3 7
60.35 7
60.4 7
60.45 7
60.5 7
60.55 7
60.6 7
60.65 7.8
60.7 7.8
60.75 7.8
60.8 7.8
60.85 7.8
60.9 7.8
60.95 7.8
61 7.8
61.05 7.8
61.1 7.8
61.15 7.8
61.2 7.8
61.25 7.8
61.3 7.8
61.35 7.8
61.4 7.8
61.45 7.8
61.5 7.8
61.55 7.8
61.6 7.8
61.65 8.4
61.7 8.4
61.75 8.4
61.8 8.4
61.85 8.4
61.9 8.4
61.95 8.4
62 8.4
62.05 8.4
62.1 8.4
62.15 8.4
62.2 8.4
62.25 8.4
62.3 8.4
62.35 8.4
62.4 8.4
62.45 8.4
62.5 8.4
62.55 8.4
62.6 8.4
62.65 8.8
62.7 8.8
62.75 8.8
62.8 8.8
62.85 8.8
62.9 8.8
62.95 8.8
63 8.8
63.05 8.8
63.1 8.8
63.15 8.8
63.2 8.8
63.25 8.8
63.3 8.8
63.35 8.8
63.4 8.8
63.45 8.8
63.5 8.8
63.55 8.8
63.6 8.8
63.65 9.8
63.7 9.8
63.75 9.8
63.8 9.8
63.85 9.8
63.9 9.8
63.95 9.8
64 9.8
64.05 9.8
64.1 9.8
64.15 9.8
64.2 9.8
64.25 9.8
64.3 9.8
64.35 9.8
64.4 9.8
64.45 9.8
64.5 9.8
64.55 9.8
64.6 9.8
64.65 10.5
64.7 10.5
64.75 10.5
64.8 10.5
64.85 10.5
64.9 10.5
64.95 10.5
65 10.5
65.05 10.5
65.1 10.5
65.15 10.5
65.2 10.5
65.25 10.5
65.3 10.5
65.35 10.5
65.4 10.5
65.45 10.5
65.5 10.5
65.55 10.5
65.6 10.5
65.65 11.1
65.7 11.1
65.75 11.1
65.8 11.1
65.85 11.1
65.9 11.1
65.95 11.1
66 11.1
66.05 11.1
66.1 11.1
66.15 11.1
66.2 11.1
66.25 11.1
66.3 11.1
66.35 11.1
66.4 11.1
66.45 11.1
66.5 11.1
66.55 11.1
66.6 11.1
66.65 12.2
66.7 12.2
66.75 12.2
66.8 12.2
66.85 12.2
66.9 12.2
66.95 12.2
67 12.2
67.05 12.2
67.1 12.2
67.15 12.2
67.2 12.2
67.25 12.2
67.3 12.2
67.35 12.2
67.4 12.2
67.45 12.2
67.5 12.2
67.55 12.2
67.6 12.2
67.65 13
67.7 13
67.75 13
67.8 13
67.85 13
67.9 13
67.95 13
68 13
68.05 13
68.1 13
68.15 13
68.2 13
68.25 13
68.3 13
68.35 13
68.4 13
68.45 13
68.5 13
68.55 13
68.6 13
68.65 13.8
68.7 13.8
68.75 13.8
68.8 13.8
68.85 13.8
68.9 13.8
68.95 13.8
69 13.8
69.05 13.8
69.1 13.8
69.15 13.8
69.2 13.8
69.25 13.8
69.3 13.8
69.35 13.8
69.4 13.8
69.45 13.8
69.5 13.8
69.55 13.8
69.6 13.8
69.65 14.4
69.7 14.4
69.75 14.4
69.8 14.4
69.85 14.4
69.9 14.4
69.95 14.4
70 14.4
70.05 14.4
70.1 14.4
70.15 14.4
70.2 14.4
70.25 14.4
70.3 14.4
70.35 14.4
70.4 14.4
70.45 14.4
70.5 14.4
70.55 14.4
70.6 14.4
70.65 14.8
70.7 14.8
70.75 14.8
70.8 14.8
70.85 14.8
70.9 14.8
70.95 14.8
71 14.8
71.05 14.8
71.1 14.8
71.15 14.8
71.2 14.8
71.25 14.8
71.3 14.8
71.35 14.8
71.4 14.8
71.45 14.8
71.5 14.8
71.55 14.8
71.6 14.8
71.65 15.9
71.7 15.9
71.75 15.9
71.8 15.9
71.85 15.9
71.9 15.9
71.95 15.9
72 15.9
72.05 15.9
72.1 15.9
72.15 15.9
72.2 15.9
72.25 15.9
72.3 15.9
72.35 15.9
72.4 15.9
72.45 15.9
72.5 15.9
72.55 15.9
72.6 15.9
72.65 16.8
72.7 16.8
72.75 16.8
72.8 16.8
72.85 16.8
72.9 16.8
72.95 16.8
73 16.8
73.05 16.8
73.1 16.8
73.15 16.8
73.2 16.8
73.25 16.8
73.3 16.8
73.35 16.8
73.4 16.8
73.45 16.8
73.5 16.8
73.55 16.8
73.6 16.8
73.65 17.6
73.7 17.6
73.75 17.6
73.8 17.6
73.85 17.6
73.9 17.6
73.95 17.6
74 17.6
74.05 17.6
74.1 17.6
74.15 17.6
74.2 17.6
74.25 17.6
74.3 17.6
74.35 17.6
74.4 17.6
74.45 17.6
74.5 17.6
74.55 17.6
74.6 17.6
74.65 18.2
74.7 18.2
74.75 18.2
74.8 18.2
74.85 18.2
74.9 18.2
74.95 18.2
75 18.2
75.05 18.2
75.1 18.2
75.15 18.2
75.2 18.2
75.25 18.2
75.3 18.2
75.35 18.2
75.4 18.2
75.45 18.2
75.5 18.2
75.55 18.2
75.6 18.2
75.65 18.8
75.7 18.8
75.75 18.8
75.8 18.8
75.85 18.8
75.9 18.8
75.95 18.8
76 18.8
76.05 18.8
76.1 18.8
76.15 18.8
76.2 18.8
76.25 18.8
76.3 18.8
76.35 18.8
76.4 18.8
76.45 18.8
76.5 18.8
76.55 18.8
76.6 18.8
76.65 19.3
76.7 19.3
76.75 19.3
76.8 19.3
76.85 19.3
76.9 19.3
76.95 19.3
77 19.3
77.05 19.3
77.1 19.3
77.15 19.3
77.2 19.3
77.25 19.3
77.3 19.3
77.35 19.3
77.4 19.3
77.45 19.3
77.5 19.3
77.55 19.3
77.6 19.3
77.65 19.8
77.7 19.8
77.75 19.8
77.8 19.8
77.85 19.8
77.9 19.8
77.95 19.8
78 19.8
78.05 19.8
78.1 19.8
78.15 19.8
78.2 19.8
78.25 19.8
78.3 19.8
78.35 19.8
78.4 19.8
78.45 19.8
78.5 19.8
78.55 19.8
78.6 19.8
78.65 20.2
78.7 20.2
78.75 20.2
78.8 20.2
78.85 20.2
78.9 20.2
78.95 20.2
79 20.2
79.05 20.2
79.1 20.2
79.15 20.2
79.2 20.2
79.25 20.2
79.3 20.2
79.35 20.2
79.4 20.2
79.45 20.2
79.5 20.2
79.55 20.2
79.6 20.2
79.65 20.6
79.7 20.6
79.75 20.6
79.8 20.6
79.85 20.6
79.9 20.6
79.95 20.6
80 20.6
80.05 20.6
80.1 20.6
80.15 20.6
80.2 20.6
80.25 20.6
80.3 20.6
80.35 20.6
80.4 20.6
80.45 20.6
80.5 20.6
80.55 20.6
80.6 20.6
80.65 20.9
80.7 20.9
80.75 20.9
80.8 20.9
80.85 20.9
80.9 20.9
80.95 20.9
81 20.9
81.05 20.9
81.1 20.9
81.15 20.9
81.2 20.9
81.25 20.9
81.3 20.9
81.35 20.9
81.4 20.9
81.45 20.9
81.5 20.9
81.55 20.9
81.6 20.9
81.65 21.2
81.7 21.2
81.75 21.2
81.8 21.2
81.85 21.2
81.9 21.2
81.95 21.2
82 21.2
82.05 21.2
82.1 21.2
82.15 21.2
82.2 21.2
82.25 21.2
82.3 21.2
82.35 21.2
82.4 21.2
82.45 21.2
82.5 21.2
82.55 21.2
82.6 21.2
82.65 21.5
82.7 21.5
82.75 21.5
82.8 21.5
82.85 21.5
82.9 21.5
82.95 21.5
83 21.5
83.05 21.5
83.1 21.5
83.15 21.5
83.2 21.5
83.25 21.5
83.3 21.5
83.35 21.5
83.4 21.5
83.45 21.5
83.5 21.5
83.55 21.5
83.6 21.5
83.65 21.8
83.7 21.8
83.75 21.8
83.8 21.8
83.85 21.8
83.9 21.8
83.95 21.8
84 21.8
84.05 21.8
84.1 21.8
84.15 21.8
84.2 21.8
84.25 21.8
84.3 21.8
84.35 21.8
84.4 21.8
84.45 21.8
84.5 21.8
84.55 21.8
84.6 21.8
84.65 22.1
84.7 22.1
84.75 22.1
84.8 22.1
84.85 22.1
84.9 22.1
84.95 22.1
85 22.1
85.05 22.1
85.1 22.1
85.15 22.1
85.2 22.1
85.25 22.1
85.3 22.1
85.35 22.1
85.4 22.1
85.45 22.1
85.5 22.1
85.55 22.1
85.6 22.1
85.65 22.4
85.7 22.4
85.75 22.4
85.8 22.4
85.85 22.4
85.9 22.4
85.95 22.4
86 22.4
86.05 22.4
86.1 22.4
86.15 22.4
86.2 22.4
86.25 22.4
86.3 22.4
86.35 22.4
86.4 22.4
86.45 22.4
86.5 22.4
86.55 22.4
86.6 22.4
86.65 22.7
86.7 22.7
86.75 22.7
86.8 22.7
86.85 22.7
86.9 22.7
86.95 22.7
87 22.7
87.05 22.7
87.1 22.7
87.15 22.7
87.2 22.7
87.25 22.7
87.3 22.7
87.35 22.7
87.4 22.7
87.45 22.7
87.5 22.7
87.55 22.7
87.6 22.7
87.65 23
87.7 23
87.75 23
87.8 23
87.85 23
87.9 23
87.95 23
88 23
88.05 23
88.1 23
88.15 23
88.2 23
88.25 23
88.3 23
88.35 23
88.4 23
88.45 23
88.5 23
88.55 23
88.6 23
88.65 23.4
88.7 23.4
88.75 23.4
88.8 23.4
88.85 23.4
88.9 23.4
88.95 23.4
89 23.4
89.05 23.4
89.1 23.4
89.15 23.4
89.2 23.4
89.25 23.4
89.3 23.4
89.35 23.4
89.4 23.4
89.45 23.4
89.5 23.4
89.55 23.4
89.6 23.4
89.65 23.7
89.7 23.7
89.75 23.7
89.8 23.7
89.85 23.7
89.9 23.7
89.95 23.7
90 23.7
90.05 23.7
90.1 23.7
90.15 23.7
90.2 23.7
90.25 23.7
90.3 23.7
90.35 23.7
90.4 23.7
90.45 23.7
90.5 23.7
90.55 23.7
90.6 23.7
90.65 24
90.7 24
90.75 24
90.8 24
90.85 24
90.9 24
90.95 24
91 24
91.05 24
91.1 24
91.15 24
91.2 24
91.25 24
91.3 24
91.35 24
91.4 24
91.45 24
91.5 24
91.55 24
91.6 24
91.65 24.4
91.7 24.4
91.75 24.4
91.8 24.4
91.85 24.4
91.9 24.4
91.95 24.4
92 24.4
92.05 24.4
92.1 24.4
92.15 24.4
92.2 24.4
92.25 24.4
92.3 24.4
92.35 24.4
92.4 24.4
92.45 24.4
92.5 24.4
92.55 24.4
92.6 24.4
92.65 24.7
92.7 24.7
92.75 24.7
92.8 24.7
92.85 24.7
92.9 24.7
92.95 24.7
93 24.7
93.05 24.7
93.1 24.7
93.15 24.7
93.2 24.7
93.25 24.7
93.3 24.7
93.35 24.7
93.4 24.7
93.45 24.7
93.5 24.7
93.55 24.7
93.6 24.7
93.65 24.4
93.7 24.4
93.75 24.4
93.8 24.4
93.85 24.4
93.9 24.4
93.95 24.4
94 24.4
94.05 24.4
94.1 24.4
94.15 24.4
94.2 24.4
94.25 24.4
94.3 24.4
94.35 24.4
94.4 24.4
94.45 24.4
94.5 24.4
94.55 24.4
94.6 24.4
94.65 24.1
94.7 24.1
94.75 24.1
94.8 24.1
94.85 24.1
94.9 24.1
94.95 24.1
95 24.1
95.05 24.1
95.1 24.1
95.15 24.1
95.2 24.1
95.25 24.1
95.3 24.1
95.35 24.1
95.4 24.1
95.45 24.1
95.5 24.1
95.55 24.1
95.6 24.1
95.65 24.1
95.7 24.1
95.75 24.1
95.8 24.1
95.85 24.1
95.9 24.1
95.95 24.1
96 24.1
96.05 24.1
96.1 24.1
96.15 24.1
96.2 24.1
96.25 24.1
96.3 24.1
96.35 24.1
96.4 24.1
96.45 24.1
96.5 24.1
96.55 24.1
96.6 24.1
96.65 24.1
96.7 24.1
96.75 24.1
96.8 24.1
96.85 24.1
96.9 24.1
96.95 24.1
97 24.1
97.05 24.1
97.1 24.1
97.15 24.1
97.2 24.1
97.25 24.1
97.3 24.1
97.35 24.1
97.4 24.1
97.45 24.1
97.5 24.1
97.55 24.1
97.6 24.1
97.65 24.1
97.7 24.1
97.75 24.1
97.8 24.1
97.85 24.1
97.9 24.1
97.95 24.1
98 24.1
98.05 24.1
98.1 24.1
98.15 24.1
98.2 24.1
98.25 24.1
98.3 24.1
98.35 24.1
98.4 24.1
98.45 24.1
98.5 24.1
98.55 24.1
98.6 24.1
98.65 24.2
98.7 24.2
98.75 24.2
98.8 24.2
98.85 24.2
98.9 24.2
98.95 24.2
99 24.2
99.05 24.2
99.1 24.2
99.15 24.2
99.2 24.2
99.25 24.2
99.3 24.2
99.35 24.2
99.4 24.2
99.45 24.2
99.5 24.2
99.55 24.2
99.6 24.2
99.65 24.4
99.7 24.4
99.75 24.4
99.8 24.4
99.85 24.4
99.9 24.4
99.95 24.4
100 24.4
100.05 24.4
100.1 24.4
100.15 24.4
100.2 24.4
100.25 24.4
100.3 24.4
100.35 24.4
100.4 24.4
100.45 24.4
100.5 24.4
100.55 24.4
100.6 24.4
100.65 24.5
100.7 24.5
100.75 24.5
100.8 24.5
100.85 24.5
100.9 24.5
100.95 24.5
101 24.5
101.05 24.5
101.1 24.5
101.15 24.5
101.2 24.5
101.25 24.5
101.3 24.5
101.35 24.5
101.4 24.5
101.45 24.5
101.5 24.5
101.55 24.5
101.6 24.5
101.65 24.7
101.7 24.7
101.75 24.7
101.8 24.7
101.85 24.7
101.9 24.7
101.95 24.7
102 24.7
102.05 24.7
102.1 24.7
102.15 24.7
102.2 24.7
102.25 24.7
102.3 24.7
102.35 24.7
102.4 24.7
102.45 24.7
102.5 24.7
102.55 24.7
102.6 24.7
102.65 24.2
102.7 24.2
102.75 24.2
102.8 24.2
102.85 24.2
102.9 24.2
102.95 24.2
103 24.2
103.05 24.2
103.1 24.2
103.15 24.2
103.2 24.2
103.25 24.2
103.3 24.2
103.35 24.2
103.4 24.2
103.45 24.2
103.5 24.2
103.55 24.2
103.6 24.2
103.65 23.8
103.7 23.8
103.75 23.8
103.8 23.8
103.85 23.8
103.9 23.8
103.95 23.8
104 23.8
104.05 23.8
104.1 23.8
104.15 23.8
104.2 23.8
104.25 23.8
104.3 23.8
104.35 23.8
104.4 23.8
104.45 23.8
104.5 23.8
104.55 23.8
104.6 23.8
104.65 23.5
104.7 23.5
104.75 23.5
104.8 23.5
104.85 23.5
104.9 23.5
104.95 23.5
105 23.5
105.05 23.5
105.1 23.5
105.15 23.5
105.2 23.5
105.25 23.5
105.3 23.5
105.35 23.5
105.4 23.5
105.45 23.5
105.5 23.5
105.55 23.5
105.6 23.5
105.65 25.9
105.7 25.9
105.75 25.9
105.8 25.9
105.85 25.9
105.9 25.9
105.95 25.9
106 25.9
106.05 25.9
106.1 25.9
106.15 25.9
106.2 25.9
106.25 25.9
106.3 25.9
106.35 25.9
106.4 25.9
106.45 25.9
106.5 25.9
106.55 25.9
106.6 25.9
106.65 28
106.7 28
106.75 28
106.8 28
106.85 28
106.9 28
106.95 28
107 28
107.05 28
107.1 28
107.15 28
107.2 28
107.25 28
107.3 28
107.35 28
107.4 28
107.45 28
107.5 28
107.55 28
107.6 28
107.65 29.8
107.7 29.8
107.75 29.8
107.8 29.8
107.85 29.8
107.9 29.8
107.95 29.8
108 29.8
108.05 29.8
108.1 29.8
108.15 29.8
108.2 29.8
108.25 29.8
108.3 29.8
108.35 29.8
108.4 29.8
108.45 29.8
108.5 29.8
108.55 29.8
108.6 29.8
108.65 31.2
108.7 31.2
108.75 31.2
108.8 31.2
108.85 31.2
108.9 31.2
108.95 31.2
109 31.2
109.05 31.2
109.1 31.2
109.15 31.2
109.2 31.2
109.25 31.2
109.3 31.2
109.35 31.2
109.4 31.2
109.45 31.2
109.5 31.2
109.55 31.2
109.6 31.2
109.65 32.4
109.7 32.4
109.75 32.4
109.8 32.4
109.85 32.4
109.9 32.4
109.95 32.4
110 32.4
110.05 32.4
110.1 32.4
110.15 32.4
110.2 32.4
110.25 32.4
110.3 32.4
110.35 32.4
110.4 32.4
110.45 32.4
110.5 32.4
110.55 32.4
110.6 32.4
110.65 33.5
110.7 33.5
110.75 33.5
110.8 33.5
110.85 33.5
110.9 33.5
110.95 33.5
111 33.5
111.05 33.5
111.1 33.5
111.15 33.5
111.2 33.5
111.25 33.5
111.3 33.5
111.35 33.5
111.4 33.5
111.45 33.5
111.5 33.5
111.55 33.5
111.6 33.5
111.65 34.4
111.7 34.4
111.75 34.4
111.8 34.4
111.85 34.4
111.9 34.4
111.95 34.4
112 34.4
112.05 34.4
112.1 34.4
112.15 34.4
112.2 34.4
112.25 34.4
112.3 34.4
112.35 34.4
112.4 34.4
112.45 34.4
112.5 34.4
112.55 34.4
112.6 34.4
112.65 35.3
112.7 35.3
112.75 35.3
112.8 35.3
112.85 35.3
112.9 35.3
112.95 35.3
113 35.3
113.05 35.3
113.1 35.3
113.15 35.3
113.2 35.3
113.25 35.3
113.3 35.3
113.35 35.3
113.4 35.3
113.45 35.3
113.5 35.3
113.55 35.3
113.6 35.3
113.65 35.5
113.7 35.5
113.75 35.5
113.8 35.5
113.85 35.5
113.9 35.5
113.95 35.5
114 35.5
114.05 35.5
114.1 35.5
114.15 35.5
114.2 35.5
114.25 35.5
114.3 35.5
114.35 35.5
114.4 35.5
114.45 35.5
114.5 35.5
114.55 35.5
114.6 35.5
114.65 35.8
114.7 35.8
114.75 35.8
114.8 35.8
114.85 35.8
114.9 35.8
114.95 35.8
115 35.8
115.05 35.8
115.1 35.8
115.15 35.8
115.2 35.8
115.25 35.8
115.3 35.8
115.35 35.8
115.4 35.8
115.45 35.8
115.5 35.8
115.55 35.8
115.6 35.8
115.65 36.2
115.7 36.2
115.75 36.2
115.8 36.2
115.85 36.2
115.9 36.2
115.95 36.2
116 36.2
116.05 36.2
116.1 36.2
116.15 36.2
116.2 36.2
116.25 36.2
116.3 36.2
116.35 36.2
116.4 36.2
116.45 36.2
116.5 36.2
116.55 36.2
116.6 36.2
116.65 36.7
116.7 36.7
116.75 36.7
116.8 36.7
116.85 36.7
116.9 36.7
116.95 36.7
117 36.7
117.05 36.7
117.1 36.7
117.15 36.7
117.2 36.7
117.25 36.7
117.3 36.7
117.35 36.7
117.4 36.7
117.45 36.7
117.5 36.7
117.55 36.7
117.6 36.7
117.65 37.2
117.7 37.2
117.75 37.2
117.8 37.2
117.85 37.2
117.9 37.2
117.95 37.2
118 37.2
118.05 37.2
118.1 37.2
118.15 37.2
118.2 37.2
118.25 37.2
118.3 37.2
118.35 37.2
118.4 37.2
118.45 37.2
118.5 37.2
118.55 37.2
118.6 37.2
118.65 37.2
118.7 37.2
118.75 37.2
118.8 37.2
118.85 37.2
118.9 37.2
118.95 37.2
119 37.2
119.05 37.2
119.1 37.2
119.15 37.2
119.2 37.2
119.25 37.2
119.3 37.2
119.35 37.2
119.4 37.2
119.45 37.2
119.5 37.2
119.55 37.2
119.6 37.2
119.65 37.2
119.7 37.2
119.75 37.2
119.8 37.2
119.85 37.2
119.9 37.2
119.95 37.2
120 37.2
120.05 37.2
120.1 37.2
120.15 37.2
120.2 37.2
120.25 37.2
120.3 37.2
120.35 37.2
120.4 37.2
120.45 37.2
120.5 37.2
120.55 37.2
120.6 37.2
120.65 37.4
120.7 37.4
120.75 37.4
120.8 37.4
120.85 37.4
120.9 37.4
120.95 37.4
121 37.4
121.05 37.4
121.1 37.4
121.15 37.4
121.2 37.4
121.25 37.4
121.3 37.4
121.35 37.4
121.4 37.4
121.45 37.4
121.5 37.4
121.55 37.4
121.6 37.4
121.65 37.7
121.7 37.7
121.75 37.7
121.8 37.7
121.85 37.7
121.9 37.7
121.95 37.7
122 37.7
122.05 37.7
122.1 37.7
122.15 37.7
122.2 37.7
122.25 37.7
122.3 37.7
122.35 37.7
122.4 37.7
122.45 37.7
122.5 37.7
122.55 37.7
122.6 37.7
122.65 38.1
122.7 38.1
122.75 38.1
122.8 38.1
122.85 38.1
122.9 38.1
122.95 38.1
123 38.1
123.05 38.1
123.1 38.1
123.15 38.1
123.2 38.1
123.25 38.1
123.3 38.1
123.35 38.1
123.4 38.1
123.45 38.1
123.5 38.1
123.55 38.1
123.6 38.1
123.65 37.8
123.7 37.8
123.75 37.8
123.8 37.8
123.85 37.8
123.9 37.8
123.95 37.8
124 37.8
124.05 37.8
124.1 37.8
124.15 37.8
124.2 37.8
124.25 37.8
124.3 37.8
124.35 37.8
124.4 37.8
124.45 37.8
124.5 37.8
124.55 37.8
124.6 37.8
124.65 37.7
124.7 37.7
124.75 37.7
124.8 37.7
124.85 37.7
124.9 37.7
124.95 37.7
125 37.7
125.05 37.7
125.1 37.7
125.15 37.7
125.2 37.7
125.25 37.7
125.3 37.7
125.35 37.7
125.4 37.7
125.45 37.7
125.5 37.7
125.55 37.7
125.6 37.7
125.65 37.6
125.7 37.6
125.75 37.6
125.8 37.6
125.85 37.6
125.9 37.6
125.95 37.6
126 37.6
126.05 37.6
126.1 37.6
126.15 37.6
126.2 37.6
126.25 37.6
126.3 37.6
126.35 37.6
126.4 37.6
126.45 37.6
126.5 37.6
126.55 37.6
126.6 37.6
126.65 37.7
126.7 37.7
126.75 37.7
126.8 37.7
126.85 37.7
126.9 37.7
126.95 37.7
127 37.7
127.05 37.7
127.1 37.7
127.15 37.7
127.2 37.7
127.25 37.7
127.3 37.7
127.35 37.7
127.4 37.7
127.45 37.7
127.5 37.7
127.55 37.7
127.6 37.7
127.65 37.8
127.7 37.8
127.75 37.8
127.8 37.8
127.85 37.8
127.9 37.8
127.95 37.8
128 37.8
128.05 37.8
128.1 37.8
128.15 37.8
128.2 37.8
128.25 37.8
128.3 37.8
128.35 37.8
128.4 37.8
128.45 37.8
128.5 37.8
128.55 37.8
128.6 37.8
128.65 38
128.7 38
128.75 38
128.8 38
128.85 38
128.9 38
128.95 38
129 38
129.05 38
129.1 38
129.15 38
129.2 38
129.25 38
129.3 38
129.35 38
129.4 38
129.45 38
129.5 38
129.55 38
129.6 38
129.65 37.5
129.7 37.5
129.75 37.5
129.8 37.5
129.85 37.5
129.9 37.5
129.95 37.5
130 37.5
130.05 37.5
130.1 37.5
130.15 37.5
130.2 37.5
130.25 37.5
130.3 37.5
130.35 37.5
130.4 37.5
130.45 37.5
130.5 37.5
130.55 37.5
130.6 37.5
130.65 37.2
130.7 37.2
130.75 37.2
130.8 37.2
130.85 37.2
130.9 37.2
130.95 37.2
131 37.2
131.05 37.2
131.1 37.2
131.15 37.2
131.2 37.2
131.25 37.2
131.3 37.2
131.35 37.2
131.4 37.2
131.45 37.2
131.5 37.2
131.55 37.2
131.6 37.2
131.65 37
131.7 37
131.75 37
131.8 37
131.85 37
131.9 37
131.95 37
132 37
132.05 37
132.1 37
132.15 37
132.2 37
132.25 37
132.3 37
132.35 37
132.4 37
132.45 37
132.5 37
132.55 37
132.6 37
132.65 36.9
132.7 36.9
132.75 36.9
132.8 36.9
132.85 36.9
132.9 36.9
132.95 36.9
133 36.9
133.05 36.9
133.1 36.9
133.15 36.9
133.2 36.9
133.25 36.9
133.3 36.9
133.35 36.9
133.4 36.9
133.45 36.9
133.5 36.9
133.55 36.9
133.6 36.9
133.65 36.8
133.7 36.8
133.75 36.8
133.8 36.8
133.85 36.8
133.9 36.8
133.95 36.8
134 36.8
134.05 36.8
134.1 36.8
134.15 36.8
134.2 36.8
134.25 36.8
134.3 36.8
134.35 36.8
134.4 36.8
134.45 36.8
134.5 36.8
134.55 36.8
134.6 36.8
134.65 36.7
134.7 36.7
134.75 36.7
134.8 36.7
134.85 36.7
134.9 36.7
134.95 36.7
135 36.7
135.05 36.7
135.1 36.7
135.15 36.7
135.2 36.7
135.25 36.7
135.3 36.7
135.35 36.7
135.4 36.7
135.45 36.7
135.5 36.7
135.55 36.7
135.6 36.7
135.65 36
135.7 36
135.75 36
135.8 36
135.85 36
135.9 36
135.95 36
136 36
136.05 36
136.1 36
136.15 36
136.2 36
136.25 36
136.3 36
136.35 36
136.4 36
136.45 36
136.5 36
136.55 36
136.6 36
136.65 35.3
136.7 35.3
136.75 35.3
136.8 35.3
136.85 35.3
136.9 35.3
136.95 35.3
137 35.3
137.05 35.3
137.1 35.3
137.15 35.3
137.2 35.3
137.25 35.3
137.3 35.3
137.35 35.3
137.4 35.3
137.45 35.3
137.5 35.3
137.55 35.3
137.6 35.3
137.65 34.8
137.7 34.8
137.75 34.8
137.8 34.8
137.85 34.8
137.9 34.8
137.95 34.8
138 34.8
138.05 34.8
138.1 34.8
138.15 34.8
138.2 34.8
138.25 34.8
138.3 34.8
138.35 34.8
138.4 34.8
138.45 34.8
138.5 34.8
138.55 34.8
138.6 34.8
138.65 34.3
138.7 34.3
138.75 34.3
138.8 34.3
138.85 34.3
138.9 34.3
138.95 34.3
139 34.3
139.05 34.3
139.1 34.3
139.15 34.3
139.2 34.3
139.25 34.3
139.3 34.3
139.35 34.3
139.4 34.3
139.45 34.3
139.5 34.3
139.55 34.3
139.6 34.3
139.65 33.9
139.7 33.9
139.75 33.9
139.8 33.9
139.85 33.9
139.9 33.9
139.95 33.9
140 33.9
140.05 33.9
140.1 33.9
140.15 33.9
140.2 33.9
140.25 33.9
140.3 33.9
140.35 33.9
140.4 33.9
140.45 33.9
140.5 33.9
140.55 33.9
140.6 33.9
140.65 33.6
140.7 33.6
140.75 33.6
140.8 33.6
140.85 33.6
140.9 33.6
140.95 33.6
141 33.6
141.05 33.6
141.1 33.6
141.15 33.6
141.2 33.6
141.25 33.6
141.3 33.6
141.35 33.6
141.4 33.6
141.45 33.6
141.5 33.6
141.55 33.6
141.6 33.6
141.65 33.4
141.7 33.4
141.75 33.4
141.8 33.4
141.85 33.4
141.9 33.4
141.95 33.4
142 33.4
142.05 33.4
142.1 33.4
142.15 33.4
142.2 33.4
142.25 33.4
142.3 33.4
142.35 33.4
142.4 33.4
142.45 33.4
142.5 33.4
142.55 33.4
142.6 33.4
142.65 33.2
142.7 33.2
142.75 33.2
142.8 33.2
142.85 33.2
142.9 33.2
142.95 33.2
143 33.2
143.05 33.2
143.1 33.2
143.15 33.2
143.2 33.2
143.25 33.2
143.3 33.2
143.35 33.2
143.4 33.2
143.45 33.2
143.5 33.2
143.55 33.2
143.6 33.2
143.65 33
143.7 33
143.75 33
143.8 33
143.85 33
143.9 33
143.95 33
144 33
144.05 33
144.1 33
144.15 33
144.2 33
144.25 33
144.3 33
144.35 33
144.4 33
144.45 33
144.5 33
144.55 33
144.6 33
144.65 32.9
144.7 32.9
144.75 32.9
144.8 32.9
144.85 32.9
144.9 32.9
144.95 32.9
145 32.9
145.05 32.9
145.1 32.9
145.15 32.9
145.2 32.9
145.25 32.9
145.3 32.9
145.35 32.9
145.4 32.9
145.45 32.9
145.5 32.9
145.55 32.9
145.6 32.9
145.65 32.7
145.7 32.7
145.75 32.7
145.8 32.7
145.85 32.7
145.9 32.7
145.95 32.7
146 32.7
146.05 32.7
146.1 32.7
146.15 32.7
146.2 32.7
146.25 32.7
146.3 32.7
146.35 32.7
146.4 32.7
146.45 32.7
146.5 32.7
146.55 32.7
146.6 32.7
146.65 32.6
146.7 32.6
146.75 32.6
146.8 32.6
146.85 32.6
146.9 32.6
146.95 32.6
147 32.6
147.05 32.6
147.1 32.6
147.15 32.6
147.2 32.6
147.25 32.6
147.3 32.6
147.35 32.6
147.4 32.6
147.45 32.6
147.5 32.6
147.55 32.6
147.6 32.6
147.65 32.4
147.7 32.4
147.75 32.4
147.8 32.4
147.85 32.4
147.9 32.4
147.95 32.4
148 32.4
148.05 32.4
148.1 32.4
148.15 32.4
148.2 32.4
148.25 32.4
148.3 32.4
148.35 32.4
148.4 32.4
148.45 32.4
148.5 32.4
148.55 32.4
148.6 32.4
148.65 32.2
148.7 32.2
148.75 32.2
148.8 32.2
148.85 32.2
148.9 32.2
148.95 32.2
149 32.2
149.05 32.2
149.1 32.2
149.15 32.2
149.2 32.2
149.25 32.2
149.3 32.2
149.35 32.2
149.4 32.2
149.45 32.2
149.5 32.2
149.55 32.2
149.6 32.2
149.65 32.1
149.7 32.1
149.75 32.1
149.8 32.1
149.85 32.1
149.9 32.1
149.95 32.1
150 32.1
150.05 32.1
150.1 32.1
150.15 32.1
150.2 32.1
150.25 32.1
150.3 32.1
150.35 32.1
150.4 32.1
150.45 32.1
150.5 32.1
150.55 32.1
150.6 32.1
150.65 31.9
150.7 31.9
150.75 31.9
150.8 31.9
150.85 31.9
150.9 31.9
150.95 31.9
151 31.9
151.05 31.9
151.1 31.9
151.15 31.9
151.2 31.9
151.25 31.9
151.3 31.9
151.35 31.9
151.4 31.9
151.45 31.9
151.5 31.9
151.55 31.9
151.6 31.9
151.65 31.8
151.7 31.8
151.75 31.8
151.8 31.8
151.85 31.8
151.9 31.8
151.95 31.8
152 31.8
152.05 31.8
152.1 31.8
152.15 31.8
152.2 31.8
152.25 31.8
152.3 31.8
152.35 31.8
152.4 31.8
152.45 31.8
152.5 31.8
152.55 31.8
152.6 31.8
152.65 31.6
152.7 31.6
152.75 31.6
152.8 31.6
152.85 31.6
152.9 31.6
152.95 31.6
153 31.6
153.05 31.6
153.1 31.6
153.15 31.6
153.2 31.6
153.25 31.6
153.3 31.6
153.35 31.6
153.4 31.6
153.45 31.6
153.5 31.6
153.55 31.6
153.6 31.6
153.65 31.4
153.7 31.4
153.75 31.4
153.8 31.4
153.85 31.4
153.9 31.4
153.95 31.4
154 31.4
154.05 31.4
154.1 31.4
154.15 31.4
154.2 31.4
154.25 31.4
154.3 31.4
154.35 31.4
154.4 31.4
154.45 31.4
154.5 31.4
154.55 31.4
154.6 31.4
154.65 31.3
154.7 31.3
154.75 31.3
154.8 31.3
154.85 31.3
154.9 31.3
154.95 31.3
155 31.3
155.05 31.3
155.1 31.3
155.15 31.3
155.2 31.3
155.25 31.3
155.3 31.3
155.35 31.3
155.4 31.3
155.45 31.3
155.5 31.3
155.55 31.3
155.6 31.3
155.65 31.1
155.7 31.1
155.75 31.1
155.8 31.1
155.85 31.1
155.9 31.1
155.95 31.1
156 31.1
156.05 31.1
156.1 31.1
156.15 31.1
156.2 31.1
156.25 31.1
156.3 31.1
156.35 31.1
156.4 31.1
156.45 31.1
156.5 31.1
156.55 31.1
156.6 31.1
156.65 31
156.7 31
156.75 31
156.8 31
156.85 31
156.9 31
156.95 31
157 31
157.05 31
157.1 31
157.15 31
157.2 31
157.25 31
157.3 31
157.35 31
157.4 31
157.45 31
157.5 31
157.55 31
157.6 31
157.65 30.8
157.7 30.8
157.75 30.8
157.8 30.8
157.85 30.8
157.9 30.8
157.95 30.8
158 30.8
158.05 30.8
158.1 30.8
158.15 30.8
158.2 30.8
158.25 30.8
158.3 30.8
158.35 30.8
158.4 30.8
158.45 30.8
158.5 30.8
158.55 30.8
158.6 30.8
158.65 30.6
158.7 30.6
158.75 30.6
158.8 30.6
158.85 30.6
158.9 30.6
158.95 30.6
159 30.6
159.05 30.6
159.1 30.6
159.15 30.6
159.2 30.6
159.25 30.6
159.3 30.6
159.35 30.6
159.4 30.6
159.45 30.6
159.5 30.6
159.55 30.6
159.6 30.6
159.65 30.5
159.7 30.5
159.75 30.5
159.8 30.5
159.85 30.5
159.9 30.5
159.95 30.5
160 30.5
160.05 30.5
160.1 30.5
160.15 30.5
160.2 30.5
160.25 30.5
160.3 30.5
160.35 30.5
160.4 30.5
160.45 30.5
160.5 30.5
160.55 30.5
160.6 30.5
160.65 30.3
160.7 30.3
160.75 30.3
160.8 30.3
160.85 30.3
160.9 30.3
160.95 30.3
161 30.3
161.05 30.3
161.1 30.3
161.15 30.3
161.2 30.3
161.25 30.3
161.3 30.3
161.35 30.3
161.4 30.3
161.45 30.3
161.5 30.3
161.55 30.3
161.6 30.3
161.65 30.1
161.7 30.1
161.75 30.1
161.8 30.1
161.85 30.1
161.9 30.1
161.95 30.1
162 30.1
162.05 30.1
162.1 30.1
162.15 30.1
162.2 30.1
162.25 30.1
162.3 30.1
162.35 30.1
162.4 30.1
162.45 30.1
162.5 30.1
162.55 30.1
162.6 30.1
162.65 30.6
162.7 30.6
162.75 30.6
162.8 30.6
162.85 30.6
162.9 30.6
162.95 30.6
163 30.6
163.05 30.6
163.1 30.6
163.15 30.6
163.2 30.6
163.25 30.6
163.3 30.6
163.35 30.6
163.4 30.6
163.45 30.6
163.5 30.6
163.55 30.6
163.6 30.6
163.65 30.9
163.7 30.9
163.75 30.9
163.8 30.9
163.85 30.9
163.9 30.9
163.95 30.9
164 30.9
164.05 30.9
164.1 30.9
164.15 30.9
164.2 30.9
164.25 30.9
164.3 30.9
164.35 30.9
164.4 30.9
164.45 30.9
164.5 30.9
164.55 30.9
164.6 30.9
164.65 31.1
164.7 31.1
164.75 31.1
164.8 31.1
164.85 31.1
164.9 31.1
164.95 31.1
165 31.1
165.05 31.1
165.1 31.1
165.15 31.1
165.2 31.1
165.25 31.1
165.3 31.1
165.35 31.1
165.4 31.1
165.45 31.1
165.5 31.1
165.55 31.1
165.6 31.1
165.65 31.3
165.7 31.3
165.75 31.3
165.8 31.3
165.85 31.3
165.9 31.3
165.95 31.3
166 31.3
166.05 31.3
166.1 31.3
166.15 31.3
166.2 31.3
166.25 31.3
166.3 31.3
166.35 31.3
166.4 31.3
166.45 31.3
166.5 31.3
166.55 31.3
166.6 31.3
166.65 29.3
166.7 29.3
166.75 29.3
166.8 29.3
166.85 29.3
166.9 29.3
166.95 29.3
167 29.3
167.05 29.3
167.1 29.3
167.15 29.3
167.2 29.3
167.25 29.3
167.3 29.3
167.35 29.3
167.4 29.3
167.45 29.3
167.5 29.3
167.55 29.3
167.6 29.3
167.65 27.6
167.7 27.6
167.75 27.6
167.8 27.6
167.85 27.6
167.9 27.6
167.95 27.6
168 27.6
168.05 27.6
168.1 27.6
168.15 27.6
168.2 27.6
168.25 27.6
168.3 27.6
168.35 27.6
168.4 27.6
168.45 27.6
168.5 27.6
168.55 27.6
168.6 27.6
168.65 26
168.7 26
168.75 26
168.8 26
168.85 26
168.9 26
168.95 26
169 26
169.05 26
169.1 26
169.15 26
169.2 26
169.25 26
169.3 26
169.35 26
169.4 26
169.45 26
169.5 26
169.55 26
169.6 26
169.65 24.6
169.7 24.6
169.75 24.6
169.8 24.6
169.85 24.6
169.9 24.6
169.95 24.6
170 24.6
170.05 24.6
170.1 24.6
170.15 24.6
170.2 24.6
170.25 24.6
170.3 24.6
170.35 24.6
170.4 24.6
170.45 24.6
170.5 24.6
170.55 24.6
170.6 24.6
170.65 23.4
170.7 23.4
170.75 23.4
