1 38.18
1.05 38.18
1.1 38.18
1.15 38.18
1.2 38.18
1.25 38.18
1.3 38.18
1.35 38.18
1.4 38.31
1.45 38.31
1.5 38.31
1.55 38.31
1.6 38.31
1.65 38.31
1.7 38.31
1.75 38.31
1.8 38.31
1.85 38.31
1.9 38.37
1.95 38.37
2 38.37
2.05 38.37
2.1 38.37
2.15 38.37
2.2 38.37
2.25 38.37
2.3 38.37
2.35 38.37
2.4 38.56
2.45 38.56
2.5 38.56
2.55 38.56
2.6 38.56
2.65 38.56
2.7 38.56
2.75 38.56
2.8 38.56
2.85 38.56
2.9 38.68
2.95 38.68
3 38.68
3.05 38.68
3.1 38.68
3.15 38.68
3.2 38.68
3.25 38.68
3.3 38.68
3.35 38.68
3.4 38.81
3.45 38.81
3.5 38.81
3.55 38.81
3.6 38.81
3.65 38.81
3.7 38.81
3.75 38.81
3.8 38.81
3.85 38.81
3.9 38.81
3.95 38.93
4 38.93
4.05 38.93
4.1 38.93
4.15 38.93
4.2 38.93
4.25 38.93
4.3 38.93
4.35 38.93
4.4 39.06
4.45 39.06
4.5 39.06
4.55 39.06
4.6 39.06
4.65 39.06
4.7 39.06
4.75 39.06
4.8 39.06
4.85 39.06
4.9 39.12
4.95 39.12
5 39.12
5.05 39.12
5.1 39.12
5.15 39.12
5.2 39.12
5.25 39.12
5.3 39.12
5.35 39.12
5.4 39.25
5.45 39.25
5.5 39.25
5.55 39.25
5.6 39.25
5.65 39.25
5.7 39.25
5.75 39.25
5.8 39.25
5.85 39.25
5.9 39.37
5.95 39.37
6 39.37
6.05 39.37
6.1 39.37
6.15 39.37
6.2 39.37
6.25 39.37
6.3 39.37
6.35 39.37
6.4 39.43
6.45 39.43
6.5 39.43
6.55 39.43
6.6 39.43
6.65 39.43
6.7 39.43
6.75 39.43
6.8 39.43
6.85 39.43
6.9 39.56
6.95 39.56
7 39.56
7.05 39.56
7.1 39.56
7.15 39.56
7.2 39.56
7.25 39.56
7.3 39.56
7.35 39.56
7.4 39.56
7.45 39.68
7.5 39.68
7.55 39.68
7.6 39.68
7.65 39.68
7.7 39.68
7.75 39.68
7.8 39.68
7.85 39.68
7.9 39.81
7.95 39.81
8 39.81
8.05 39.81
8.1 39.81
8.15 39.81
8.2 39.81
8.25 39.81
8.3 39.81
8.35 39.81
8.4 39.81
8.45 39.81
8.5 39.81
8.55 39.81
8.6 39.81
8.65 39.81
8.7 39.81
8.75 39.81
8.8 39.81
8.85 39.81
8.9 39.93
8.95 39.93
9 39.93
9.05 39.93
9.1 39.93
9.15 39.93
9.2 39.93
9.25 39.93
9.3 39.93
9.35 39.93
9.4 40
9.45 40
9.5 40
9.55 40
9.6 40
9.65 40
9.7 40
9.75 40
9.8 40
9.85 40
9.9 40.06
9.95 40.06
10 40.06
10.05 40.06
10.1 40.06
10.15 40.06
10.2 40.06
10.25 40.06
10.3 40.06
10.35 40.06
10.4 40.18
10.45 40.18
10.5 40.18
10.55 40.18
10.6 40.18
10.65 40.18
10.7 40.18
10.75 40.18
10.8 40.18
10.85 40.18
10.9 40.18
10.95 40.25
11 40.25
11.05 40.25
11.1 40.25
11.15 40.25
11.2 40.25
11.25 40.25
11.3 40.25
11.35 40.25
11.4 40.37
11.45 40.37
11.5 40.37
11.55 40.37
11.6 40.37
11.65 40.37
11.7 40.37
11.75 40.37
11.8 40.37
11.85 40.37
11.9 40.37
11.95 40.37
12 40.37
12.05 40.37
12.1 40.37
12.15 40.37
12.2 40.37
12.25 40.37
12.3 40.37
12.35 40.37
12.4 40.43
12.45 40.43
12.5 40.43
12.55 40.43
12.6 40.43
12.65 40.43
12.7 40.43
12.75 40.43
12.8 40.43
12.85 40.43
12.9 40.5
12.95 40.5
13 40.5
13.05 40.5
13.1 40.5
13.15 40.5
13.2 40.5
13.25 40.5
13.3 40.5
13.35 40.5
13.4 40.56
13.45 40.56
13.5 40.56
13.55 40.56
13.6 40.56
13.65 40.56
13.7 40.56
13.75 40.56
13.8 40.56
13.85 40.56
13.9 40.62
13.95 40.62
14 40.62
14.05 40.62
14.1 40.62
14.15 40.62
14.2 40.62
14.25 40.62
14.3 40.62
14.35 40.62
14.4 40.62
14.45 40.68
14.5 40.68
14.55 40.68
14.6 40.68
14.65 40.68
14.7 40.68
14.75 40.68
14.8 40.68
14.85 40.68
14.9 40.75
14.95 40.75
15 40.75
15.05 40.75
15.1 40.75
15.15 40.75
15.2 40.75
15.25 40.75
15.3 40.75
15.35 40.75
15.4 40.75
15.45 40.75
15.5 40.75
15.55 40.75
15.6 40.75
15.65 40.75
15.7 40.75
15.75 40.75
15.8 40.75
15.85 40.75
15.9 40.81
15.95 40.81
16 40.81
16.05 40.81
16.1 40.81
16.15 40.81
16.2 40.81
16.25 40.81
16.3 40.81
16.35 40.81
16.4 40.87
16.45 40.87
16.5 40.87
16.55 40.87
16.6 40.87
16.65 40.87
16.7 40.87
16.75 40.87
16.8 40.87
16.85 40.87
16.9 40.87
16.95 40.87
17 40.87
17.05 40.87
17.1 40.87
17.15 40.87
17.2 40.87
17.25 40.87
17.3 40.87
17.35 40.87
17.4 40.93
17.45 40.93
17.5 40.93
17.55 40.93
17.6 40.93
17.65 40.93
17.7 40.93
17.75 40.93
17.8 40.93
17.85 40.93
17.9 40.93
17.95 40.93
18 40.93
18.05 40.93
18.1 40.93
18.15 40.93
18.2 40.93
18.25 40.93
18.3 40.93
18.35 40.93
18.4 40.93
18.45 40.93
18.5 40.93
18.55 40.93
18.6 40.93
18.65 40.93
18.7 40.93
18.75 40.93
18.8 40.93
18.85 40.93
18.9 40.93
18.95 40.93
19 40.93
19.05 40.93
19.1 40.93
19.15 40.93
19.2 40.93
19.25 40.93
19.3 40.93
19.35 40.93
19.4 41
19.45 41
19.5 41
19.55 41
19.6 41
19.65 41
19.7 41
19.75 41
19.8 41
19.85 41
19.9 41
19.95 41
20 41
20.05 41
20.1 41
20.15 41
20.2 41
20.25 41
20.3 41
20.35 41
20.4 41
20.45 41
20.5 41
20.55 41
20.6 41
20.65 41
20.7 41
20.75 41
20.8 41
20.85 41
20.9 41
20.95 41
21 41
21.05 41
21.1 41
21.15 41
21.2 41
21.25 41
21.3 41
21.35 41
21.4 41
21.45 41
21.5 41
21.55 41
21.6 41
21.65 41
21.7 41
21.75 41
21.8 41
21.85 41
21.9 41
21.95 41
22 41
22.05 41
22.1 41
22.15 41
22.2 41
22.25 41
22.3 41
22.35 41
22.4 41
22.45 41
22.5 41
22.55 41
22.6 41
22.65 41
22.7 41
22.75 41
22.8 41
22.85 41
22.9 41
22.95 41
23 41
23.05 41
23.1 41
23.15 41
23.2 41
23.25 41
23.3 41
23.35 41
23.4 40.93
23.45 40.93
23.5 40.93
23.55 40.93
23.6 40.93
23.65 40.93
23.7 40.93
23.75 40.93
23.8 40.93
23.85 40.93
23.9 40.93
23.95 40.93
24 40.93
24.05 40.93
24.1 40.93
24.15 40.93
24.2 40.93
24.25 40.93
24.3 40.93
24.35 40.93
24.4 40.93
24.45 40.93
24.5 40.93
24.55 40.93
24.6 40.93
24.65 40.93
24.7 40.93
24.75 40.93
24.8 40.93
24.85 40.93
24.9 40.93
24.95 40.93
25 40.93
25.05 40.93
25.1 40.93
25.15 40.93
25.2 40.93
25.25 40.93
25.3 40.93
25.35 40.93
25.4 40.93
25.45 40.93
25.5 40.93
25.55 40.93
25.6 40.93
25.65 40.93
25.7 40.93
25.75 40.93
25.8 40.93
25.85 40.93
25.9 40.87
25.95 40.87
26 40.87
26.05 40.87
26.1 40.87
26.15 40.87
26.2 40.87
26.25 40.87
26.3 40.87
26.35 40.87
26.4 40.87
26.45 40.87
26.5 40.87
26.55 40.87
26.6 40.87
26.65 40.87
26.7 40.87
26.75 40.87
26.8 40.87
26.85 40.87
26.9 40.87
26.95 40.87
27 40.87
27.05 40.87
27.1 40.87
27.15 40.87
27.2 40.87
27.25 40.87
27.3 40.87
27.35 40.87
27.4 40.87
27.45 40.87
27.5 40.87
27.55 40.87
27.6 40.87
27.65 40.87
27.7 40.87
27.75 40.87
27.8 40.87
27.85 40.87
27.9 40.81
27.95 40.81
28 40.81
28.05 40.81
28.1 40.81
28.15 40.81
28.2 40.81
28.25 40.81
28.3 40.81
28.35 40.81
28.4 40.81
28.45 40.81
28.5 40.81
28.55 40.81
28.6 40.81
28.65 40.81
28.7 40.81
28.75 40.81
28.8 40.81
28.85 40.81
28.9 40.81
28.95 40.81
29 40.81
29.05 40.81
29.1 40.81
29.15 40.81
29.2 40.81
29.25 40.81
29.3 40.81
29.35 40.81
29.4 40.75
29.45 40.75
29.5 40.75
29.55 40.75
29.6 40.75
29.65 40.75
29.7 40.75
29.75 40.75
29.8 40.75
29.85 40.75
29.9 40.75
29.95 40.75
30 40.75
30.05 40.75
30.1 40.75
30.15 40.75
30.2 40.75
30.25 40.75
30.3 40.75
30.35 40.75
30.4 40.75
30.45 40.75
30.5 40.75
30.55 40.75
30.6 40.75
30.65 40.75
30.7 40.75
30.75 40.75
30.8 40.75
30.85 40.75
30.9 40.68
30.95 40.68
31 40.68
31.05 40.68
31.1 40.68
31.15 40.68
31.2 40.68
31.25 40.68
31.3 40.68
31.35 40.68
31.4 40.68
31.45 40.68
31.5 40.68
31.55 40.68
31.6 40.68
31.65 40.68
31.7 40.68
31.75 40.68
31.8 40.68
31.85 40.68
31.9 40.68
31.95 40.62
32 40.62
32.05 40.62
32.1 40.62
32.15 40.62
32.2 40.62
32.25 40.62
32.3 40.62
32.35 40.62
32.4 40.62
32.45 40.62
32.5 40.62
32.55 40.62
32.6 40.62
32.65 40.62
32.7 40.62
32.75 40.62
32.8 40.62
32.85 40.62
32.9 40.56
32.95 40.56
33 40.56
33.05 40.56
33.1 40.56
33.15 40.56
33.2 40.56
33.25 40.56
33.3 40.56
33.35 40.56
33.4 40.56
33.45 40.56
33.5 40.56
33.55 40.56
33.6 40.56
33.65 40.56
33.7 40.56
33.75 40.56
33.8 40.56
33.85 40.56
33.9 40.5
33.95 40.5
34 40.5
34.05 40.5
34.1 40.5
34.15 40.5
34.2 40.5
34.25 40.5
34.3 40.5
34.35 40.5
34.4 40.5
34.45 40.5
34.5 40.5
34.55 40.5
34.6 40.5
34.65 40.5
34.7 40.5
34.75 40.5
34.8 40.5
34.85 40.5
34.9 40.43
34.95 40.43
35 40.43
35.05 40.43
35.1 40.43
35.15 40.43
35.2 40.43
35.25 40.43
35.3 40.43
35.35 40.43
35.4 40.43
35.45 40.43
35.5 40.43
35.55 40.43
35.6 40.43
35.65 40.43
35.7 40.43
35.75 40.43
35.8 40.43
35.85 40.43
35.9 40.37
35.95 40.37
36 40.37
36.05 40.37
36.1 40.37
36.15 40.37
36.2 40.37
36.25 40.37
36.3 40.37
36.35 40.37
36.4 40.37
36.45 40.37
36.5 40.37
36.55 40.37
36.6 40.37
36.65 40.37
36.7 40.37
36.75 40.37
36.8 40.37
36.85 40.37
36.9 40.37
36.95 40.37
37 40.37
37.05 40.37
37.1 40.37
37.15 40.37
37.2 40.37
37.25 40.37
37.3 40.37
37.35 40.37
37.4 40.31
37.45 40.31
37.5 40.31
37.55 40.31
37.6 40.31
37.65 40.31
37.7 40.31
37.75 40.31
37.8 40.31
37.85 40.31
37.9 40.31
37.95 40.31
38 40.31
38.05 40.31
38.1 40.31
38.15 40.31
38.2 40.31
38.25 40.31
38.3 40.31
38.35 40.31
38.4 40.25
38.45 40.25
38.5 40.25
38.55 40.25
38.6 40.25
38.65 40.25
38.7 40.25
38.75 40.25
38.8 40.25
38.85 40.25
38.9 40.25
38.95 40.18
39 40.18
39.05 40.18
39.1 40.18
39.15 40.18
39.2 40.18
39.25 40.18
39.3 40.18
39.35 40.18
39.4 40.18
39.45 40.18
39.5 40.18
39.55 40.18
39.6 40.18
39.65 40.18
39.7 40.18
39.75 40.18
39.8 40.18
39.85 40.18
39.9 40.18
39.95 40.18
40 40.18
40.05 40.18
40.1 40.18
40.15 40.18
40.2 40.18
40.25 40.18
40.3 40.18
40.35 40.18
40.4 40.12
40.45 40.12
40.5 40.12
40.55 40.12
40.6 40.12
40.65 40.12
40.7 40.12
40.75 40.12
40.8 40.12
40.85 40.12
40.9 40.06
40.95 40.06
41 40.06
41.05 40.06
41.1 40.06
41.15 40.06
41.2 40.06
41.25 40.06
41.3 40.06
41.35 40.06
41.4 40.06
41.45 40.06
41.5 40.06
41.55 40.06
41.6 40.06
41.65 40.06
41.7 40.06
41.75 40.06
41.8 40.06
41.85 40.06
41.9 40
41.95 40
42 40
42.05 40
42.1 40
42.15 40
42.2 40
42.25 40
42.3 40
42.35 40
42.4 40
42.45 40
42.5 40
42.55 40
42.6 40
42.65 40
42.7 40
42.75 40
42.8 40
42.85 40
42.9 39.93
42.95 39.93
43 39.93
43.05 39.93
43.1 39.93
43.15 39.93
43.2 39.93
43.25 39.93
43.3 39.93
43.35 39.93
43.4 39.93
43.45 39.93
43.5 39.93
43.55 39.93
43.6 39.93
43.65 39.93
43.7 39.93
43.75 39.93
43.8 39.93
43.85 39.93
43.9 39.93
43.95 39.93
44 39.93
44.05 39.93
44.1 39.93
44.15 39.93
44.2 39.93
44.25 39.93
44.3 39.93
44.35 39.93
44.4 39.87
44.45 39.87
44.5 39.87
44.55 39.87
44.6 39.87
44.65 39.87
44.7 39.87
44.75 39.87
44.8 39.87
44.85 39.87
44.9 39.81
44.95 39.81
45 39.81
45.05 39.81
45.1 39.81
45.15 39.81
45.2 39.81
45.25 39.81
45.3 39.81
45.35 39.81
45.4 39.81
45.45 39.81
45.5 39.81
45.55 39.81
45.6 39.81
45.65 39.81
45.7 39.81
45.75 39.81
45.8 39.81
45.85 39.81
45.9 39.81
45.95 39.81
46 39.81
46.05 39.81
46.1 39.81
46.15 39.81
46.2 39.81
46.25 39.81
46.3 39.81
46.35 39.81
46.4 39.75
46.45 39.75
46.5 39.75
46.55 39.75
46.6 39.75
46.65 39.75
46.7 39.75
46.75 39.75
46.8 39.75
46.85 39.75
46.9 39.68
46.95 39.68
47 39.68
47.05 39.68
47.1 39.68
47.15 39.68
47.2 39.68
47.25 39.68
47.3 39.68
47.35 39.68
47.4 39.68
47.45 39.68
47.5 39.68
47.55 39.68
47.6 39.68
47.65 39.68
47.7 39.68
47.75 39.68
47.8 39.68
47.85 39.68
47.9 39.62
47.95 39.62
48 39.62
48.05 39.62
48.1 39.62
48.15 39.62
48.2 39.62
48.25 39.62
48.3 39.62
48.35 39.62
48.4 39.62
48.45 39.62
48.5 39.62
48.55 39.62
48.6 39.62
48.65 39.62
48.7 39.62
48.75 39.62
48.8 39.62
48.85 39.62
48.9 39.56
48.95 39.56
49 39.56
49.05 39.56
49.1 39.56
49.15 39.56
49.2 39.56
49.25 39.56
49.3 39.56
49.35 39.56
49.4 39.56
49.45 39.5
49.5 39.5
49.55 39.5
49.6 39.5
49.65 39.5
49.7 39.5
49.75 39.5
49.8 39.5
49.85 39.5
49.9 39.5
49.95 39.5
50 39.5
50.05 39.5
50.1 39.5
50.15 39.5
50.2 39.5
50.25 39.5
50.3 39.5
50.35 39.5
50.4 39.43
50.45 39.43
50.5 39.43
50.55 39.43
50.6 39.43
50.65 39.43
50.7 39.43
50.75 39.43
50.8 39.43
50.85 39.43
50.9 39.43
50.95 39.43
51 39.43
51.05 39.43
51.1 39.43
51.15 39.43
51.2 39.43
51.25 39.43
51.3 39.43
51.35 39.43
51.4 39.31
51.45 39.31
51.5 39.31
51.55 39.31
51.6 39.31
51.65 39.31
51.7 39.31
51.75 39.31
51.8 39.31
51.85 39.31
51.9 39.25
51.95 39.25
52 39.25
52.05 39.25
52.1 39.25
52.15 39.25
52.2 39.25
52.25 39.25
52.3 39.25
52.35 39.25
52.4 39.12
52.45 39.12
52.5 39.12
52.55 39.12
52.6 39.12
52.65 39.12
52.7 39.12
52.75 39.12
52.8 39.12
52.85 39.12
52.9 39.12
52.95 39.06
53 39.06
53.05 39.06
53.1 39.06
53.15 39.06
53.2 39.06
53.25 39.06
53.3 39.06
53.35 39.06
53.4 38.93
53.45 38.93
53.5 38.93
53.55 38.93
53.6 38.93
53.65 38.93
53.7 38.93
53.75 38.93
53.8 38.93
53.85 38.93
53.9 38.81
53.95 38.81
54 38.81
54.05 38.81
54.1 38.81
54.15 38.81
54.2 38.81
54.25 38.81
54.3 38.81
54.35 38.81
54.4 38.68
54.45 38.68
54.5 38.68
54.55 38.68
54.6 38.68
54.65 38.68
54.7 38.68
54.75 38.68
54.8 38.68
54.85 38.68
54.9 38.5
54.95 38.5
55 38.5
55.05 38.5
55.1 38.5
55.15 38.5
55.2 38.5
55.25 38.5
55.3 38.5
55.35 38.5
55.4 38.37
55.45 38.37
55.5 38.37
55.55 38.37
55.6 38.37
55.65 38.37
55.7 38.37
55.75 38.37
55.8 38.37
55.85 38.37
55.9 38.18
55.95 38.18
56 38.18
56.05 38.18
56.1 38.18
56.15 38.18
56.2 38.18
56.25 38.18
56.3 38.18
56.35 38.18
56.4 38.18
56.45 38.06
56.5 38.06
56.55 38.06
56.6 38.06
56.65 38.06
56.7 38.06
56.75 38.06
56.8 38.06
56.85 38.06
56.9 37.87
56.95 37.87
57 37.87
57.05 37.87
57.1 37.87
57.15 37.87
57.2 37.87
57.25 37.87
57.3 37.87
57.35 37.87
57.4 37.81
57.45 37.81
57.5 37.81
57.55 37.81
57.6 37.81
57.65 37.81
57.7 37.81
57.75 37.81
57.8 37.81
57.85 37.81
57.9 37.62
57.95 37.62
58 37.62
58.05 37.62
58.1 37.62
58.15 37.62
58.2 37.62
58.25 37.62
58.3 37.62
58.35 37.62
58.4 37.43
58.45 37.43
58.5 37.43
58.55 37.43
58.6 37.43
58.65 37.43
58.7 37.43
58.75 37.43
58.8 37.43
58.85 37.43
58.9 37.25
58.95 37.25
59 37.25
59.05 37.25
59.1 37.25
59.15 37.25
59.2 37.25
59.25 37.25
59.3 37.25
59.35 37.25
59.4 37.12
59.45 37.12
59.5 37.12
59.55 37.12
59.6 37.12
59.65 37.12
59.7 37.12
59.75 37.12
59.8 37.12
59.85 37.12
59.9 37.12
59.95 36.93
60 36.93
60.05 36.93
60.1 36.93
60.15 36.93
60.2 36.93
60.25 36.93
60.3 36.93
60.35 36.93
60.4 36.75
60.45 36.75
60.5 36.75
60.55 36.75
60.6 36.75
60.65 36.75
60.7 36.75
60.75 36.75
60.8 36.75
60.85 36.75
60.9 36.62
60.95 36.62
61 36.62
61.05 36.62
61.1 36.62
61.15 36.62
61.2 36.62
61.25 36.62
61.3 36.62
61.35 36.62
61.4 36.43
61.45 36.43
61.5 36.43
61.55 36.43
61.6 36.43
61.65 36.43
61.7 36.43
61.75 36.43
61.8 36.43
61.85 36.43
61.9 36.31
61.95 36.31
62 36.31
62.05 36.31
62.1 36.31
62.15 36.31
62.2 36.31
62.25 36.31
62.3 36.31
62.35 36.31
62.4 36.12
62.45 36.12
62.5 36.12
62.55 36.12
62.6 36.12
62.65 36.12
62.7 36.12
62.75 36.12
62.8 36.12
62.85 36.12
62.9 35.93
62.95 35.93
63 35.93
63.05 35.93
63.1 35.93
63.15 35.93
63.2 35.93
63.25 35.93
63.3 35.93
63.35 35.93
63.4 35.93
63.45 35.75
63.5 35.75
63.55 35.75
63.6 35.75
63.65 35.75
63.7 35.75
63.75 35.75
63.8 35.75
63.85 35.75
63.9 35.56
63.95 35.56
64 35.56
64.05 35.56
64.1 35.56
64.15 35.56
64.2 35.56
64.25 35.56
64.3 35.56
64.35 35.56
64.4 35.5
64.45 35.5
64.5 35.5
64.55 35.5
64.6 35.5
64.65 35.5
64.7 35.5
64.75 35.5
64.8 35.5
64.85 35.5
64.9 35.31
64.95 35.31
65 35.31
65.05 35.31
65.1 35.31
65.15 35.31
65.2 35.31
65.25 35.31
65.3 35.31
65.35 35.31
65.4 35.18
65.45 35.18
65.5 35.18
65.55 35.18
65.6 35.18
65.65 35.18
65.7 35.18
65.75 35.18
65.8 35.18
65.85 35.18
65.9 35.06
65.95 35.06
66 35.06
66.05 35.06
66.1 35.06
66.15 35.06
66.2 35.06
66.25 35.06
66.3 35.06
66.35 35.06
66.4 34.93
66.45 34.93
66.5 34.93
66.55 34.93
66.6 34.93
66.65 34.93
66.7 34.93
66.75 34.93
66.8 34.93
66.85 34.93
66.9 34.93
66.95 34.75
67 34.75
67.05 34.75
67.1 34.75
67.15 34.75
67.2 34.75
67.25 34.75
67.3 34.75
67.35 34.75
67.4 34.62
67.45 34.62
67.5 34.62
67.55 34.62
67.6 34.62
67.65 34.62
67.7 34.62
67.75 34.62
67.8 34.62
67.85 34.62
67.9 34.56
67.95 34.56
68 34.56
68.05 34.56
68.1 34.56
68.15 34.56
68.2 34.56
68.25 34.56
68.3 34.56
68.35 34.56
68.4 34.43
68.45 34.43
68.5 34.43
68.55 34.43
68.6 34.43
68.65 34.43
68.7 34.43
68.75 34.43
68.8 34.43
68.85 34.43
68.9 34.31
68.95 34.31
69 34.31
69.05 34.31
69.1 34.31
69.15 34.31
69.2 34.31
69.25 34.31
69.3 34.31
69.35 34.31
69.4 34.25
69.45 34.25
69.5 34.25
69.55 34.25
69.6 34.25
69.65 34.25
69.7 34.25
69.75 34.25
69.8 34.25
69.85 34.25
69.9 34.12
69.95 34.12
70 34.12
70.05 34.12
70.1 34.12
70.15 34.12
70.2 34.12
70.25 34.12
70.3 34.12
70.35 34.12
70.4 34.12
70.45 34
70.5 34
70.55 34
70.6 34
70.65 34
70.7 34
70.75 34
70.8 34
70.85 34
70.9 33.87
70.95 33.87
71 33.87
71.05 33.87
71.1 33.87
71.15 33.87
71.2 33.87
71.25 33.87
71.3 33.87
71.35 33.87
71.4 33.81
71.45 33.81
71.5 33.81
71.55 33.81
71.6 33.81
71.65 33.81
71.7 33.81
71.75 33.81
71.8 33.81
71.85 33.81
71.9 33.75
71.95 33.75
72 33.75
72.05 33.75
72.1 33.75
72.15 33.75
72.2 33.75
72.25 33.75
72.3 33.75
72.35 33.75
72.4 33.62
72.45 33.62
72.5 33.62
72.55 33.62
72.6 33.62
72.65 33.62
72.7 33.62
72.75 33.62
72.8 33.62
72.85 33.62
72.9 33.56
72.95 33.56
73 33.56
73.05 33.56
73.1 33.56
73.15 33.56
73.2 33.56
73.25 33.56
73.3 33.56
73.35 33.56
73.4 33.5
73.45 33.5
73.5 33.5
73.55 33.5
73.6 33.5
73.65 33.5
73.7 33.5
73.75 33.5
73.8 33.5
73.85 33.5
73.9 33.5
73.95 33.43
74 33.43
74.05 33.43
74.1 33.43
74.15 33.43
74.2 33.43
74.25 33.43
74.3 33.43
74.35 33.43
74.4 33.37
74.45 33.37
74.5 33.37
74.55 33.37
74.6 33.37
74.65 33.37
74.7 33.37
74.75 33.37
74.8 33.37
74.85 33.37
74.9 33.37
74.95 33.37
75 33.37
75.05 33.37
75.1 33.37
75.15 33.37
75.2 33.37
75.25 33.37
75.3 33.37
75.35 33.37
75.4 33.31
75.45 33.31
75.5 33.31
75.55 33.31
75.6 33.31
75.65 33.31
75.7 33.31
75.75 33.31
75.8 33.31
75.85 33.31
75.9 33.25
75.95 33.25
76 33.25
76.05 33.25
76.1 33.25
76.15 33.25
76.2 33.25
76.25 33.25
76.3 33.25
76.35 33.25
76.4 33.18
76.45 33.18
76.5 33.18
76.55 33.18
76.6 33.18
76.65 33.18
76.7 33.18
76.75 33.18
76.8 33.18
76.85 33.18
76.9 33.18
76.95 33.18
77 33.18
77.05 33.18
77.1 33.18
77.15 33.18
77.2 33.18
77.25 33.18
77.3 33.18
77.35 33.18
77.4 33.18
77.45 33.12
77.5 33.12
77.55 33.12
77.6 33.12
77.65 33.12
77.7 33.12
77.75 33.12
77.8 33.12
77.85 33.12
77.9 33.12
77.95 33.12
78 33.12
78.05 33.12
78.1 33.12
78.15 33.12
78.2 33.12
78.25 33.12
78.3 33.12
78.35 33.12
78.4 33.12
78.45 33.12
78.5 33.12
78.55 33.12
78.6 33.12
78.65 33.12
78.7 33.12
78.75 33.12
78.8 33.12
78.85 33.12
78.9 33.12
78.95 33.12
79 33.12
79.05 33.12
79.1 33.12
79.15 33.12
79.2 33.12
79.25 33.12
79.3 33.12
79.35 33.12
79.4 33.12
79.45 33.12
79.5 33.12
79.55 33.12
79.6 33.12
79.65 33.12
79.7 33.12
79.75 33.12
79.8 33.12
79.85 33.12
79.9 33.18
79.95 33.18
80 33.18
80.05 33.18
80.1 33.18
80.15 33.18
80.2 33.18
80.25 33.18
80.3 33.18
80.35 33.18
80.4 33.18
80.45 33.18
80.5 33.18
80.55 33.18
80.6 33.18
80.65 33.18
80.7 33.18
80.75 33.18
80.8 33.18
80.85 33.18
80.9 33.18
80.95 33.18
81 33.18
81.05 33.18
81.1 33.18
81.15 33.18
81.2 33.18
81.25 33.18
81.3 33.18
81.35 33.18
81.4 33.18
81.45 33.18
81.5 33.18
81.55 33.18
81.6 33.18
81.65 33.18
81.7 33.18
81.75 33.18
81.8 33.18
81.85 33.18
81.9 33.18
81.95 33.18
82 33.18
82.05 33.18
82.1 33.18
82.15 33.18
82.2 33.18
82.25 33.18
82.3 33.18
82.35 33.18
82.4 33.18
82.45 33.18
82.5 33.18
82.55 33.18
82.6 33.18
82.65 33.18
82.7 33.18
82.75 33.18
82.8 33.18
82.85 33.18
82.9 33.18
82.95 33.18
83 33.18
83.05 33.18
83.1 33.18
83.15 33.18
83.2 33.18
83.25 33.18
83.3 33.18
83.35 33.18
83.4 33.18
83.45 33.18
83.5 33.18
83.55 33.18
83.6 33.18
83.65 33.18
83.7 33.18
83.75 33.18
83.8 33.18
83.85 33.18
83.9 33.25
83.95 33.25
84 33.25
84.05 33.25
84.1 33.25
84.15 33.25
84.2 33.25
84.25 33.25
84.3 33.25
84.35 33.25
84.4 33.25
84.45 33.25
84.5 33.25
84.55 33.25
84.6 33.25
84.65 33.25
84.7 33.25
84.75 33.25
84.8 33.25
84.85 33.25
84.9 33.25
84.95 33.25
85 33.25
85.05 33.25
85.1 33.25
85.15 33.25
85.2 33.25
85.25 33.25
85.3 33.25
85.35 33.25
85.4 33.31
85.45 33.31
85.5 33.31
85.55 33.31
85.6 33.31
85.65 33.31
85.7 33.31
85.75 33.31
85.8 33.31
85.85 33.31
85.9 33.31
85.95 33.31
86 33.31
86.05 33.31
86.1 33.31
86.15 33.31
86.2 33.31
86.25 33.31
86.3 33.31
86.35 33.31
86.4 33.37
86.45 33.37
86.5 33.37
86.55 33.37
86.6 33.37
86.65 33.37
86.7 33.37
86.75 33.37
86.8 33.37
86.85 33.37
86.9 33.37
86.95 33.37
87 33.37
87.05 33.37
87.1 33.37
87.15 33.37
87.2 33.37
87.25 33.37
87.3 33.37
87.35 33.37
87.4 33.43
87.45 33.43
87.5 33.43
87.55 33.43
87.6 33.43
87.65 33.43
87.7 33.43
87.75 33.43
87.8 33.43
87.85 33.43
87.9 33.43
87.95 33.5
88 33.5
88.05 33.5
88.1 33.5
88.15 33.5
88.2 33.5
88.25 33.5
88.3 33.5
88.35 33.5
88.4 33.56
88.45 33.56
88.5 33.56
88.55 33.56
88.6 33.56
88.65 33.56
88.7 33.56
88.75 33.56
88.8 33.56
88.85 33.56
88.9 33.56
88.95 33.56
89 33.56
89.05 33.56
89.1 33.56
89.15 33.56
89.2 33.56
89.25 33.56
89.3 33.56
89.35 33.56
89.4 33.62
89.45 33.62
89.5 33.62
89.55 33.62
89.6 33.62
89.65 33.62
89.7 33.62
89.75 33.62
89.8 33.62
89.85 33.62
89.9 33.68
89.95 33.68
90 33.68
90.05 33.68
90.1 33.68
90.15 33.68
90.2 33.68
90.25 33.68
90.3 33.68
90.35 33.68
90.4 33.75
90.45 33.75
90.5 33.75
90.55 33.75
90.6 33.75
90.65 33.75
90.7 33.75
90.75 33.75
90.8 33.75
90.85 33.75
90.9 33.81
90.95 33.81
91 33.81
91.05 33.81
91.1 33.81
91.15 33.81
91.2 33.81
91.25 33.81
91.3 33.81
91.35 33.81
91.4 33.81
91.45 33.87
91.5 33.87
91.55 33.87
91.6 33.87
91.65 33.87
91.7 33.87
91.75 33.87
91.8 33.87
91.85 33.87
91.9 33.87
91.95 33.87
92 33.87
92.05 33.87
92.1 33.87
92.15 33.87
92.2 33.87
92.25 33.87
92.3 33.87
92.35 33.87
92.4 33.93
92.45 33.93
92.5 33.93
92.55 33.93
92.6 33.93
92.65 33.93
92.7 33.93
92.75 33.93
92.8 33.93
92.85 33.93
92.9 34
92.95 34
93 34
93.05 34
93.1 34
93.15 34
93.2 34
93.25 34
93.3 34
93.35 34
93.4 34
93.45 34
93.5 34
93.55 34
93.6 34
93.65 34
93.7 34
93.75 34
93.8 34
93.85 34
93.9 34.06
93.95 34.06
94 34.06
94.05 34.06
94.1 34.06
94.15 34.06
94.2 34.06
94.25 34.06
94.3 34.06
94.35 34.06
94.4 34.12
94.45 34.12
94.5 34.12
94.55 34.12
94.6 34.12
94.65 34.12
94.7 34.12
94.75 34.12
94.8 34.12
94.85 34.12
94.9 34.12
94.95 34.18
95 34.18
95.05 34.18
95.1 34.18
95.15 34.18
95.2 34.18
95.25 34.18
95.3 34.18
95.35 34.18
95.4 34.25
95.45 34.25
95.5 34.25
95.55 34.25
95.6 34.25
95.65 34.25
95.7 34.25
95.75 34.25
95.8 34.25
95.85 34.25
95.9 34.31
95.95 34.31
96 34.31
96.05 34.31
96.1 34.31
96.15 34.31
96.2 34.31
96.25 34.31
96.3 34.31
96.35 34.31
96.4 34.37
96.45 34.37
96.5 34.37
96.55 34.37
96.6 34.37
96.65 34.37
96.7 34.37
96.75 34.37
96.8 34.37
96.85 34.37
96.9 34.43
96.95 34.43
97 34.43
97.05 34.43
97.1 34.43
97.15 34.43
97.2 34.43
97.25 34.43
97.3 34.43
97.35 34.43
97.4 34.5
97.45 34.5
97.5 34.5
97.55 34.5
97.6 34.5
97.65 34.5
97.7 34.5
97.75 34.5
97.8 34.5
97.85 34.5
97.9 34.56
97.95 34.56
98 34.56
98.05 34.56
98.1 34.56
98.15 34.56
98.2 34.56
98.25 34.56
98.3 34.56
98.35 34.56
98.4 34.56
98.45 34.62
98.5 34.62
98.55 34.62
98.6 34.62
98.65 34.62
98.7 34.62
98.75 34.62
98.8 34.62
98.85 34.62
98.9 34.62
98.95 34.62
99 34.62
99.05 34.62
99.1 34.62
99.15 34.62
99.2 34.62
99.25 34.62
99.3 34.62
99.35 34.62
99.4 34.68
99.45 34.68
99.5 34.68
99.55 34.68
99.6 34.68
99.65 34.68
99.7 34.68
99.75 34.68
99.8 34.68
99.85 34.68
99.9 34.75
99.95 34.75
100 34.75
100.05 34.75
100.1 34.75
100.15 34.75
100.2 34.75
100.25 34.75
100.3 34.75
100.35 34.75
100.4 34.81
100.45 34.81
100.5 34.81
100.55 34.81
100.6 34.81
100.65 34.81
100.7 34.81
100.75 34.81
100.8 34.81
100.85 34.81
100.9 34.87
100.95 34.87
101 34.87
101.05 34.87
101.1 34.87
101.15 34.87
101.2 34.87
101.25 34.87
101.3 34.87
101.35 34.87
101.4 34.93
101.45 34.93
101.5 34.93
101.55 34.93
101.6 34.93
101.65 34.93
101.7 34.93
101.75 34.93
101.8 34.93
101.85 34.93
101.9 34.93
101.95 35
102 35
102.05 35
102.1 35
102.15 35
102.2 35
102.25 35
102.3 35
102.35 35
102.4 35.06
102.45 35.06
102.5 35.06
102.55 35.06
102.6 35.06
102.65 35.06
102.7 35.06
102.75 35.06
102.8 35.06
102.85 35.06
102.9 35.06
102.95 35.06
103 35.06
103.05 35.06
103.1 35.06
103.15 35.06
103.2 35.06
103.25 35.06
103.3 35.06
103.35 35.06
103.4 35.12
103.45 35.12
103.5 35.12
103.55 35.12
103.6 35.12
103.65 35.12
103.7 35.12
103.75 35.12
103.8 35.12
103.85 35.12
103.9 35.18
103.95 35.18
104 35.18
104.05 35.18
104.1 35.18
104.15 35.18
104.2 35.18
104.25 35.18
104.3 35.18
104.35 35.18
104.4 35.25
104.45 35.25
104.5 35.25
104.55 35.25
104.6 35.25
104.65 35.25
104.7 35.25
104.75 35.25
104.8 35.25
104.85 35.25
104.9 35.25
104.95 35.25
105 35.25
105.05 35.25
105.1 35.25
105.15 35.25
105.2 35.25
105.25 35.25
105.3 35.25
105.35 35.25
105.4 35.25
105.45 35.31
105.5 35.31
105.55 35.31
105.6 35.31
105.65 35.31
105.7 35.31
105.75 35.31
105.8 35.31
105.85 35.31
105.9 35.43
105.95 35.43
106 35.43
106.05 35.43
106.1 35.43
106.15 35.43
106.2 35.43
106.25 35.43
106.3 35.43
106.35 35.43
106.4 35.43
106.45 35.43
106.5 35.43
106.55 35.43
106.6 35.43
106.65 35.43
106.7 35.43
106.75 35.43
106.8 35.43
106.85 35.43
106.9 35.5
106.95 35.5
107 35.5
107.05 35.5
107.1 35.5
107.15 35.5
107.2 35.5
107.25 35.5
107.3 35.5
107.35 35.5
107.4 35.5
107.45 35.5
107.5 35.5
107.55 35.5
107.6 35.5
107.65 35.5
107.7 35.5
107.75 35.5
107.8 35.5
107.85 35.5
107.9 35.56
107.95 35.56
108 35.56
108.05 35.56
108.1 35.56
108.15 35.56
108.2 35.56
108.25 35.56
108.3 35.56
108.35 35.56
108.4 35.56
108.45 35.56
108.5 35.56
108.55 35.56
108.6 35.56
108.65 35.56
108.7 35.56
108.75 35.56
108.8 35.56
108.85 35.56
108.9 35.56
108.95 35.62
109 35.62
109.05 35.62
109.1 35.62
109.15 35.62
109.2 35.62
109.25 35.62
109.3 35.62
109.35 35.62
109.4 35.62
109.45 35.62
109.5 35.62
109.55 35.62
109.6 35.62
109.65 35.62
109.7 35.62
109.75 35.62
109.8 35.62
109.85 35.62
109.9 35.62
109.95 35.62
110 35.62
110.05 35.62
110.1 35.62
110.15 35.62
110.2 35.62
110.25 35.62
110.3 35.62
110.35 35.62
110.4 35.68
110.45 35.68
110.5 35.68
110.55 35.68
110.6 35.68
110.65 35.68
110.7 35.68
110.75 35.68
110.8 35.68
110.85 35.68
110.9 35.75
110.95 35.75
111 35.75
111.05 35.75
111.1 35.75
111.15 35.75
111.2 35.75
111.25 35.75
111.3 35.75
111.35 35.75
111.4 35.81
111.45 35.81
111.5 35.81
111.55 35.81
111.6 35.81
111.65 35.81
111.7 35.81
111.75 35.81
111.8 35.81
111.85 35.81
111.9 35.87
111.95 35.87
112 35.87
112.05 35.87
112.1 35.87
112.15 35.87
112.2 35.87
112.25 35.87
112.3 35.87
112.35 35.87
112.4 35.87
112.45 35.93
112.5 35.93
112.55 35.93
112.6 35.93
112.65 35.93
112.7 35.93
112.75 35.93
112.8 35.93
112.85 35.93
112.9 36
112.95 36
113 36
113.05 36
113.1 36
113.15 36
113.2 36
113.25 36
113.3 36
113.35 36
113.4 36.06
113.45 36.06
113.5 36.06
113.55 36.06
113.6 36.06
113.65 36.06
113.7 36.06
113.75 36.06
113.8 36.06
113.85 36.06
113.9 36.12
113.95 36.12
114 36.12
114.05 36.12
114.1 36.12
114.15 36.12
114.2 36.12
114.25 36.12
114.3 36.12
114.35 36.12
114.4 36.25
114.45 36.25
114.5 36.25
114.55 36.25
114.6 36.25
114.65 36.25
114.7 36.25
114.75 36.25
114.8 36.25
114.85 36.25
114.9 36.37
114.95 36.37
115 36.37
115.05 36.37
115.1 36.37
115.15 36.37
115.2 36.37
115.25 36.37
115.3 36.37
115.35 36.37
115.4 36.43
115.45 36.43
115.5 36.43
115.55 36.43
115.6 36.43
115.65 36.43
115.7 36.43
115.75 36.43
115.8 36.43
115.85 36.43
115.9 36.43
115.95 36.56
116 36.56
116.05 36.56
116.1 36.56
116.15 36.56
116.2 36.56
116.25 36.56
116.3 36.56
116.35 36.56
116.4 36.68
116.45 36.68
116.5 36.68
116.55 36.68
116.6 36.68
116.65 36.68
116.7 36.68
116.75 36.68
116.8 36.68
116.85 36.68
116.9 36.75
116.95 36.75
117 36.75
117.05 36.75
117.1 36.75
117.15 36.75
117.2 36.75
117.25 36.75
117.3 36.75
117.35 36.75
117.4 36.87
117.45 36.87
117.5 36.87
117.55 36.87
117.6 36.87
117.65 36.87
117.7 36.87
117.75 36.87
117.8 36.87
117.85 36.87
117.9 37
117.95 37
118 37
118.05 37
118.1 37
118.15 37
118.2 37
118.25 37
118.3 37
118.35 37
118.4 37.06
118.45 37.06
118.5 37.06
118.55 37.06
118.6 37.06
118.65 37.06
118.7 37.06
118.75 37.06
118.8 37.06
118.85 37.06
118.9 37.18
118.95 37.18
119 37.18
119.05 37.18
119.1 37.18
119.15 37.18
119.2 37.18
119.25 37.18
119.3 37.18
119.35 37.18
119.4 37.18
119.45 37.31
119.5 37.31
119.55 37.31
119.6 37.31
119.65 37.31
119.7 37.31
119.75 37.31
119.8 37.31
119.85 37.31
119.9 37.43
119.95 37.43
120 37.43
120.05 37.43
120.1 37.43
120.15 37.43
120.2 37.43
120.25 37.43
120.3 37.43
120.35 37.43
120.4 37.5
120.45 37.5
120.5 37.5
120.55 37.5
120.6 37.5
120.65 37.5
120.7 37.5
120.75 37.5
120.8 37.5
120.85 37.5
120.9 37.62
120.95 37.62
121 37.62
121.05 37.62
121.1 37.62
121.15 37.62
121.2 37.62
121.25 37.62
121.3 37.62
121.35 37.62
121.4 37.75
121.45 37.75
121.5 37.75
121.55 37.75
121.6 37.75
121.65 37.75
121.7 37.75
121.75 37.75
121.8 37.75
121.85 37.75
121.9 37.81
121.95 37.81
122 37.81
122.05 37.81
122.1 37.81
122.15 37.81
122.2 37.81
122.25 37.81
122.3 37.81
122.35 37.81
122.4 37.93
122.45 37.93
122.5 37.93
122.55 37.93
122.6 37.93
122.65 37.93
122.7 37.93
122.75 37.93
122.8 37.93
122.85 37.93
122.9 37.93
122.95 38.06
123 38.06
123.05 38.06
123.1 38.06
123.15 38.06
123.2 38.06
123.25 38.06
123.3 38.06
123.35 38.06
123.4 38.18
123.45 38.18
123.5 38.18
123.55 38.18
123.6 38.18
123.65 38.18
123.7 38.18
123.75 38.18
123.8 38.18
123.85 38.18
123.9 38.18
123.95 38.18
124 38.18
124.05 38.18
124.1 38.18
124.15 38.18
124.2 38.18
124.25 38.18
124.3 38.18
124.35 38.18
124.4 38.31
124.45 38.31
124.5 38.31
124.55 38.31
124.6 38.31
124.65 38.31
124.7 38.31
124.75 38.31
124.8 38.31
124.85 38.31
124.9 38.43
124.95 38.43
125 38.43
125.05 38.43
125.1 38.43
125.15 38.43
125.2 38.43
125.25 38.43
125.3 38.43
125.35 38.43
125.4 38.56
125.45 38.56
125.5 38.56
125.55 38.56
125.6 38.56
125.65 38.56
125.7 38.56
125.75 38.56
125.8 38.56
125.85 38.56
125.9 38.62
125.95 38.62
126 38.62
126.05 38.62
126.1 38.62
126.15 38.62
126.2 38.62
126.25 38.62
126.3 38.62
126.35 38.62
126.4 38.62
126.45 38.68
126.5 38.68
126.55 38.68
126.6 38.68
126.65 38.68
126.7 38.68
126.75 38.68
126.8 38.68
126.85 38.68
126.9 38.75
126.95 38.75
127 38.75
127.05 38.75
127.1 38.75
127.15 38.75
127.2 38.75
127.25 38.75
127.3 38.75
127.35 38.75
127.4 38.81
127.45 38.81
127.5 38.81
127.55 38.81
127.6 38.81
127.65 38.81
127.7 38.81
127.75 38.81
127.8 38.81
127.85 38.81
127.9 38.87
127.95 38.87
128 38.87
128.05 38.87
128.1 38.87
128.15 38.87
128.2 38.87
128.25 38.87
128.3 38.87
128.35 38.87
128.4 38.93
128.45 38.93
128.5 38.93
128.55 38.93
128.6 38.93
128.65 38.93
128.7 38.93
128.75 38.93
128.8 38.93
128.85 38.93
128.9 39.06
128.95 39.06
129 39.06
129.05 39.06
129.1 39.06
129.15 39.06
129.2 39.06
129.25 39.06
129.3 39.06
129.35 39.06
129.4 39.12
129.45 39.12
129.5 39.12
129.55 39.12
129.6 39.12
129.65 39.12
129.7 39.12
129.75 39.12
129.8 39.12
129.85 39.12
129.9 39.12
129.95 39.25
130 39.25
130.05 39.25
130.1 39.25
130.15 39.25
130.2 39.25
130.25 39.25
130.3 39.25
130.35 39.25
130.4 39.31
130.45 39.31
130.5 39.31
130.55 39.31
130.6 39.31
130.65 39.31
130.7 39.31
130.75 39.31
130.8 39.31
130.85 39.31
130.9 39.37
130.95 39.37
131 39.37
131.05 39.37
131.1 39.37
131.15 39.37
131.2 39.37
131.25 39.37
131.3 39.37
131.35 39.37
131.4 39.43
131.45 39.43
131.5 39.43
131.55 39.43
131.6 39.43
131.65 39.43
131.7 39.43
131.75 39.43
131.8 39.43
131.85 39.43
131.9 39.5
131.95 39.5
132 39.5
132.05 39.5
132.1 39.5
132.15 39.5
132.2 39.5
132.25 39.5
132.3 39.5
132.35 39.5
132.4 39.62
132.45 39.62
132.5 39.62
132.55 39.62
132.6 39.62
132.65 39.62
132.7 39.62
132.75 39.62
132.8 39.62
132.85 39.62
132.9 39.68
132.95 39.68
133 39.68
133.05 39.68
133.1 39.68
133.15 39.68
133.2 39.68
133.25 39.68
133.3 39.68
133.35 39.68
133.4 39.68
133.45 39.75
133.5 39.75
133.55 39.75
133.6 39.75
133.65 39.75
133.7 39.75
133.75 39.75
133.8 39.75
133.85 39.75
133.9 39.81
133.95 39.81
134 39.81
134.05 39.81
134.1 39.81
134.15 39.81
134.2 39.81
134.25 39.81
134.3 39.81
134.35 39.81
134.4 39.87
134.45 39.87
134.5 39.87
134.55 39.87
134.6 39.87
134.65 39.87
134.7 39.87
134.75 39.87
134.8 39.87
134.85 39.87
134.9 39.93
134.95 39.93
135 39.93
135.05 39.93
135.1 39.93
135.15 39.93
135.2 39.93
135.25 39.93
135.3 39.93
135.35 39.93
135.4 40
135.45 40
135.5 40
135.55 40
135.6 40
135.65 40
135.7 40
135.75 40
135.8 40
135.85 40
135.9 40.12
135.95 40.12
136 40.12
136.05 40.12
136.1 40.12
136.15 40.12
136.2 40.12
136.25 40.12
136.3 40.12
136.35 40.12
136.4 40.18
136.45 40.18
136.5 40.18
136.55 40.18
136.6 40.18
136.65 40.18
136.7 40.18
136.75 40.18
136.8 40.18
136.85 40.18
136.9 40.18
136.95 40.25
137 40.25
137.05 40.25
137.1 40.25
137.15 40.25
137.2 40.25
137.25 40.25
137.3 40.25
137.35 40.25
137.4 40.31
137.45 40.31
137.5 40.31
137.55 40.31
137.6 40.31
137.65 40.31
137.7 40.31
137.75 40.31
137.8 40.31
137.85 40.31
137.9 40.31
137.95 40.31
138 40.31
138.05 40.31
138.1 40.31
138.15 40.31
138.2 40.31
138.25 40.31
138.3 40.31
138.35 40.31
138.4 40.31
138.45 40.31
138.5 40.31
138.55 40.31
138.6 40.31
138.65 40.31
138.7 40.31
138.75 40.31
138.8 40.31
138.85 40.31
138.9 40.37
138.95 40.37
139 40.37
139.05 40.37
139.1 40.37
139.15 40.37
139.2 40.37
139.25 40.37
139.3 40.37
139.35 40.37
139.4 40.37
139.45 40.37
139.5 40.37
139.55 40.37
139.6 40.37
139.65 40.37
139.7 40.37
139.75 40.37
139.8 40.37
139.85 40.37
139.9 40.43
139.95 40.43
140 40.43
140.05 40.43
140.1 40.43
140.15 40.43
140.2 40.43
140.25 40.43
140.3 40.43
140.35 40.43
140.4 40.43
140.45 40.43
140.5 40.43
140.55 40.43
140.6 40.43
140.65 40.43
140.7 40.43
140.75 40.43
140.8 40.43
140.85 40.43
140.9 40.43
140.95 40.43
141 40.43
141.05 40.43
141.1 40.43
141.15 40.43
141.2 40.43
141.25 40.43
141.3 40.43
141.35 40.43
141.4 40.5
141.45 40.5
141.5 40.5
141.55 40.5
141.6 40.5
141.65 40.5
141.7 40.5
141.75 40.5
141.8 40.5
141.85 40.5
141.9 40.5
141.95 40.5
142 40.5
142.05 40.5
142.1 40.5
142.15 40.5
142.2 40.5
142.25 40.5
142.3 40.5
142.35 40.5
142.4 40.5
142.45 40.5
142.5 40.5
142.55 40.5
142.6 40.5
142.65 40.5
142.7 40.5
142.75 40.5
142.8 40.5
142.85 40.5
142.9 40.5
142.95 40.5
143 40.5
143.05 40.5
143.1 40.5
143.15 40.5
143.2 40.5
143.25 40.5
143.3 40.5
143.35 40.5
143.4 40.56
143.45 40.56
143.5 40.56
143.55 40.56
143.6 40.56
143.65 40.56
143.7 40.56
143.75 40.56
143.8 40.56
143.85 40.56
143.9 40.56
143.95 40.56
144 40.56
144.05 40.56
144.1 40.56
144.15 40.56
144.2 40.56
144.25 40.56
144.3 40.56
144.35 40.56
144.4 40.56
144.45 40.56
144.5 40.56
144.55 40.56
144.6 40.56
144.65 40.56
144.7 40.56
144.75 40.56
144.8 40.56
144.85 40.56
144.9 40.56
144.95 40.56
145 40.56
145.05 40.56
145.1 40.56
145.15 40.56
145.2 40.56
145.25 40.56
145.3 40.56
145.35 40.56
145.4 40.56
145.45 40.56
145.5 40.56
145.55 40.56
145.6 40.56
145.65 40.56
145.7 40.56
145.75 40.56
145.8 40.56
145.85 40.56
145.9 40.56
145.95 40.56
146 40.56
146.05 40.56
146.1 40.56
146.15 40.56
146.2 40.56
146.25 40.56
146.3 40.56
146.35 40.56
146.4 40.56
146.45 40.56
146.5 40.56
146.55 40.56
146.6 40.56
146.65 40.56
146.7 40.56
146.75 40.56
146.8 40.56
146.85 40.56
146.9 40.56
146.95 40.56
147 40.56
147.05 40.56
147.1 40.56
147.15 40.56
147.2 40.56
147.25 40.56
147.3 40.56
147.35 40.56
147.4 40.56
147.45 40.56
147.5 40.56
147.55 40.56
147.6 40.56
147.65 40.56
147.7 40.56
147.75 40.56
147.8 40.56
147.85 40.56
147.9 40.56
147.95 40.56
148 40.56
148.05 40.56
148.1 40.56
148.15 40.56
148.2 40.56
148.25 40.56
148.3 40.56
148.35 40.56
148.4 40.56
148.45 40.56
148.5 40.56
148.55 40.56
148.6 40.56
148.65 40.56
148.7 40.56
148.75 40.56
148.8 40.56
148.85 40.56
148.9 40.56
148.95 40.56
149 40.56
149.05 40.56
149.1 40.56
149.15 40.56
149.2 40.56
149.25 40.56
149.3 40.56
149.35 40.56
149.4 40.56
149.45 40.56
149.5 40.56
149.55 40.56
149.6 40.56
149.65 40.56
149.7 40.56
149.75 40.56
149.8 40.56
149.85 40.56
149.9 40.56
149.95 40.56
150 40.56
150.05 40.56
150.1 40.56
150.15 40.56
150.2 40.56
150.25 40.56
150.3 40.56
150.35 40.56
150.4 40.56
150.45 40.56
150.5 40.56
150.55 40.56
150.6 40.56
150.65 40.56
150.7 40.56
150.75 40.56
150.8 40.56
150.85 40.56
150.9 40.56
150.95 40.56
151 40.56
151.05 40.56
151.1 40.56
151.15 40.56
151.2 40.56
151.25 40.56
151.3 40.56
151.35 40.56
151.4 40.56
151.45 40.56
151.5 40.56
151.55 40.56
151.6 40.56
151.65 40.56
151.7 40.56
151.75 40.56
151.8 40.56
151.85 40.56
151.9 40.56
151.95 40.56
152 40.56
152.05 40.56
152.1 40.56
152.15 40.56
152.2 40.56
152.25 40.56
152.3 40.56
152.35 40.56
152.4 40.5
152.45 40.5
152.5 40.5
152.55 40.5
152.6 40.5
152.65 40.5
152.7 40.5
152.75 40.5
152.8 40.5
152.85 40.5
152.9 40.5
152.95 40.5
153 40.5
153.05 40.5
153.1 40.5
153.15 40.5
153.2 40.5
153.25 40.5
153.3 40.5
153.35 40.5
153.4 40.43
153.45 40.43
153.5 40.43
153.55 40.43
153.6 40.43
153.65 40.43
153.7 40.43
153.75 40.43
153.8 40.43
153.85 40.43
153.9 40.43
153.95 40.43
154 40.43
154.05 40.43
154.1 40.43
154.15 40.43
154.2 40.43
154.25 40.43
154.3 40.43
154.35 40.43
154.4 40.43
154.45 40.43
154.5 40.43
154.55 40.43
154.6 40.43
154.65 40.43
154.7 40.43
154.75 40.43
154.8 40.43
154.85 40.43
154.9 40.37
154.95 40.37
155 40.37
155.05 40.37
155.1 40.37
155.15 40.37
155.2 40.37
155.25 40.37
155.3 40.37
155.35 40.37
155.4 40.37
155.45 40.37
155.5 40.37
155.55 40.37
155.6 40.37
155.65 40.37
155.7 40.37
155.75 40.37
155.8 40.37
155.85 40.37
155.9 40.37
155.95 40.37
156 40.37
156.05 40.37
156.1 40.37
156.15 40.37
156.2 40.37
156.25 40.37
156.3 40.37
156.35 40.37
156.4 40.31
156.45 40.31
156.5 40.31
156.55 40.31
156.6 40.31
156.65 40.31
156.7 40.31
156.75 40.31
156.8 40.31
156.85 40.31
156.9 40.31
156.95 40.31
157 40.31
157.05 40.31
157.1 40.31
157.15 40.31
157.2 40.31
157.25 40.31
157.3 40.31
157.35 40.31
157.4 40.25
157.45 40.25
157.5 40.25
157.55 40.25
157.6 40.25
157.65 40.25
157.7 40.25
157.75 40.25
157.8 40.25
157.85 40.25
157.9 40.25
157.95 40.25
158 40.25
158.05 40.25
158.1 40.25
158.15 40.25
158.2 40.25
158.25 40.25
158.3 40.25
158.35 40.25
158.4 40.18
158.45 40.18
158.5 40.18
158.55 40.18
158.6 40.18
158.65 40.18
158.7 40.18
158.75 40.18
158.8 40.18
158.85 40.18
158.9 40.18
158.95 40.18
159 40.18
159.05 40.18
159.1 40.18
159.15 40.18
159.2 40.18
159.25 40.18
159.3 40.18
159.35 40.18
159.4 40.12
159.45 40.12
159.5 40.12
159.55 40.12
159.6 40.12
159.65 40.12
159.7 40.12
159.75 40.12
159.8 40.12
159.85 40.12
159.9 40.12
159.95 40.12
160 40.12
160.05 40.12
160.1 40.12
160.15 40.12
160.2 40.12
160.25 40.12
160.3 40.12
160.35 40.12
160.4 40.06
160.45 40.06
160.5 40.06
160.55 40.06
160.6 40.06
160.65 40.06
160.7 40.06
160.75 40.06
160.8 40.06
160.85 40.06
160.9 40
160.95 40
161 40
161.05 40
161.1 40
161.15 40
161.2 40
161.25 40
161.3 40
161.35 40
161.4 40
161.45 40
161.5 40
161.55 40
161.6 40
161.65 40
161.7 40
161.75 40
161.8 40
161.85 40
161.9 39.93
161.95 39.93
162 39.93
162.05 39.93
162.1 39.93
162.15 39.93
162.2 39.93
162.25 39.93
162.3 39.93
162.35 39.93
162.4 39.93
162.45 39.93
162.5 39.93
162.55 39.93
162.6 39.93
162.65 39.93
162.7 39.93
162.75 39.93
162.8 39.93
162.85 39.93
162.9 39.87
162.95 39.87
163 39.87
163.05 39.87
163.1 39.87
163.15 39.87
163.2 39.87
163.25 39.87
163.3 39.87
163.35 39.87
163.4 39.87
163.45 39.87
163.5 39.87
163.55 39.87
163.6 39.87
163.65 39.87
163.7 39.87
163.75 39.87
163.8 39.87
163.85 39.87
163.9 39.81
163.95 39.81
164 39.81
164.05 39.81
164.1 39.81
164.15 39.81
164.2 39.81
164.25 39.81
164.3 39.81
164.35 39.81
164.4 39.81
164.45 39.81
164.5 39.81
164.55 39.81
164.6 39.81
164.65 39.81
164.7 39.81
164.75 39.81
164.8 39.81
164.85 39.81
164.9 39.81
164.95 39.81
165 39.81
165.05 39.81
165.1 39.81
165.15 39.81
165.2 39.81
165.25 39.81
165.3 39.81
165.35 39.81
165.4 39.75
165.45 39.75
165.5 39.75
165.55 39.75
165.6 39.75
165.65 39.75
165.7 39.75
165.75 39.75
165.8 39.75
165.85 39.75
165.9 39.75
165.95 39.75
166 39.75
166.05 39.75
166.1 39.75
166.15 39.75
166.2 39.75
166.25 39.75
166.3 39.75
166.35 39.75
166.4 39.75
166.45 39.75
166.5 39.75
166.55 39.75
166.6 39.75
166.65 39.75
166.7 39.75
166.75 39.75
166.8 39.75
166.85 39.75
166.9 39.68
166.95 39.68
167 39.68
167.05 39.68
167.1 39.68
167.15 39.68
167.2 39.68
167.25 39.68
167.3 39.68
167.35 39.68
167.4 39.68
167.45 39.68
167.5 39.68
167.55 39.68
167.6 39.68
167.65 39.68
167.7 39.68
167.75 39.68
167.8 39.68
167.85 39.68
167.9 39.62
167.95 39.62
168 39.62
168.05 39.62
168.1 39.62
168.15 39.62
168.2 39.62
168.25 39.62
168.3 39.62
168.35 39.62
168.4 39.62
168.45 39.62
168.5 39.62
168.55 39.62
168.6 39.62
168.65 39.62
168.7 39.62
168.75 39.62
168.8 39.62
168.85 39.62
168.9 39.56
168.95 39.56
169 39.56
169.05 39.56
169.1 39.56
169.15 39.56
169.2 39.56
169.25 39.56
169.3 39.56
169.35 39.56
169.4 39.56
169.45 39.56
169.5 39.56
169.55 39.56
169.6 39.56
169.65 39.56
169.7 39.56
169.75 39.56
169.8 39.56
169.85 39.56
169.9 39.56
169.95 39.56
170 39.56
170.05 39.56
170.1 39.56
170.15 39.56
170.2 39.56
170.25 39.56
170.3 39.56
170.35 39.56
170.4 39.56
170.45 39.56
170.5 39.56
170.55 39.56
170.6 39.56
170.65 39.56
170.7 39.56
170.75 39.56
