1 39
1.05 39
1.1 39
1.15 39
1.2 39
1.25 39
1.3 39
1.35 39
1.4 39
1.45 39
1.5 39
1.55 39
1.6 39
1.65 39
1.7 39
1.75 39
1.8 39
1.85 39
1.9 39
1.95 39
2 39
2.05 39
2.1 39
2.15 39
2.2 39
2.25 39
2.3 39
2.35 39
2.4 39
2.45 39
2.5 39
2.55 39
2.6 39
2.65 39
2.7 39
2.75 39
2.8 39
2.85 39
2.9 39
2.95 39
3 39
3.05 39
3.1 39
3.15 39
3.2 39
3.25 39
3.3 39
3.35 39
3.4 39
3.45 39
3.5 39
3.55 39
3.6 39
3.65 39
3.7 39
3.75 39
3.8 39
3.85 39
3.9 39
3.95 39
4 39
4.05 39
4.1 39
4.15 39
4.2 39
4.25 39
4.3 39
4.35 39
4.4 39
4.45 39
4.5 39
4.55 39
4.6 39
4.65 39
4.7 39
4.75 39
4.8 39
4.85 39
4.9 39
4.95 39
5 39
5.05 39
5.1 39
5.15 39
5.2 39
5.25 39
5.3 39
5.35 39
5.4 39
5.45 39
5.5 39
5.55 39
5.6 39
5.65 39
5.7 39
5.75 39
5.8 39
5.85 39
5.9 39
5.95 39
6 39
6.05 39
6.1 39
6.15 39
6.2 39
6.25 39
6.3 39
6.35 39
6.4 39
6.45 39
6.5 39
6.55 39
6.6 39
6.65 39
6.7 39
6.75 39
6.8 39
6.85 39
6.9 39
6.95 39
7 39
7.05 39
7.1 39
7.15 39
7.2 39
7.25 39
7.3 39
7.35 39
7.4 39
7.45 39
7.5 39
7.55 39
7.6 39
7.65 39
7.7 39
7.75 39
7.8 39
7.85 39
7.9 39
7.95 39
8 39
8.05 39
8.1 39
8.15 39
8.2 39
8.25 39
8.3 39
8.35 39
8.4 39
8.45 39
8.5 39
8.55 39
8.6 39
8.65 39
8.7 39
8.75 39
8.8 39
8.85 39
8.9 39
8.95 39
9 39
9.05 39
9.1 39
9.15 39
9.2 39
9.25 39
9.3 39
9.35 39
9.4 39
9.45 39
9.5 39
9.55 39
9.6 39
9.65 39
9.7 39
9.75 39
9.8 39
9.85 39
9.9 39
9.95 39
10 39
10.05 39
10.1 39
10.15 39
10.2 39
10.25 39
10.3 39
10.35 39
10.4 39
10.45 39
10.5 39
10.55 39
10.6 39
10.65 39
10.7 39
10.75 39
10.8 39
10.85 39
10.9 39
10.95 39
11 39
11.05 39
11.1 39
11.15 39
11.2 39
11.25 39
11.3 39
11.35 39
11.4 39
11.45 39
11.5 39
11.55 39
11.6 39
11.65 39
11.7 39
11.75 39
11.8 39
11.85 39
11.9 39
11.95 39
12 39
12.05 39
12.1 39
12.15 39
12.2 39
12.25 39
12.3 39
12.35 39
12.4 39
12.45 39
12.5 39
12.55 39
12.6 39
12.65 39
12.7 39
12.75 39
12.8 39
12.85 39
12.9 39
12.95 39
13 39
13.05 39
13.1 39
13.15 39
13.2 39
13.25 39
13.3 39
13.35 39
13.4 39
13.45 39
13.5 39
13.55 39
13.6 39
13.65 39
13.7 39
13.75 39
13.8 39
13.85 39
13.9 39
13.95 39
14 39
14.05 39
14.1 39
14.15 39
14.2 39
14.25 39
14.3 39
14.35 39
14.4 39
14.45 39
14.5 39
14.55 39
14.6 39
14.65 39
14.7 39
14.75 39
14.8 39
14.85 39
14.9 39
14.95 39
15 39
15.05 39
15.1 39
15.15 39
15.2 39
15.25 39
15.3 39
15.35 39
15.4 39
15.45 39
15.5 39
15.55 39
15.6 39
15.65 39
15.7 39
15.75 39
15.8 39
15.85 39
15.9 39
15.95 39
16 39
16.05 39
16.1 39
16.15 39
16.2 39
16.25 39
16.3 39
16.35 39
16.4 39
16.45 39
16.5 39
16.55 39
16.6 39
16.65 39
16.7 39
16.75 39
16.8 39
16.85 39
16.9 39
16.95 39
17 39
17.05 39
17.1 39
17.15 39
17.2 39
17.25 39
17.3 39
17.35 39
17.4 39
17.45 39
17.5 39
17.55 39
17.6 39
17.65 39
17.7 39
17.75 39
17.8 39
17.85 39
17.9 39
17.95 39
18 39
18.05 39
18.1 39
18.15 39
18.2 39
18.25 39
18.3 39
18.35 39
18.4 39
18.45 39
18.5 39
18.55 39
18.6 39
18.65 39
18.7 39
18.75 39
18.8 39
18.85 39
18.9 39
18.95 39
19 39
19.05 39
19.1 39
19.15 39
19.2 39
19.25 39
19.3 39
19.35 39
19.4 39
19.45 39
19.5 39
19.55 39
19.6 39
19.65 39
19.7 39
19.75 39
19.8 39
19.85 39
19.9 39
19.95 39
20 39
20.05 39
20.1 39
20.15 39
20.2 39
20.25 39
20.3 39
20.35 39
20.4 39
20.45 39
20.5 39
20.55 39
20.6 39
20.65 39
20.7 39
20.75 39
20.8 39
20.85 39
20.9 39
20.95 39
21 39
21.05 39
21.1 39
21.15 39
21.2 39
21.25 39
21.3 39
21.35 39
21.4 39
21.45 39
21.5 39
21.55 39
21.6 39
21.65 39
21.7 39
21.75 39
21.8 39
21.85 39
21.9 39
21.95 39
22 39
22.05 39
22.1 39
22.15 39
22.2 39
22.25 39
22.3 39
22.35 39
22.4 39
22.45 39
22.5 39
22.55 39
22.6 39
22.65 39
22.7 39
22.75 39
22.8 39
22.85 39
22.9 39
22.95 39
23 39
23.05 39
23.1 39
23.15 39
23.2 39
23.25 39
23.3 39
23.35 39
23.4 39
23.45 39
23.5 39
23.55 39
23.6 39
23.65 39
23.7 39
23.75 39
23.8 39
23.85 39
23.9 39
23.95 39
24 39
24.05 39
24.1 39
24.15 39
24.2 39
24.25 39
24.3 39
24.35 39
24.4 39
24.45 39
24.5 39
24.55 39
24.6 39
24.65 39
24.7 39
24.75 39
24.8 39
24.85 39
24.9 39
24.95 39
25 39
25.05 39
25.1 39
25.15 39
25.2 39
25.25 39
25.3 39
25.35 39
25.4 39
25.45 39
25.5 39
25.55 39
25.6 39
25.65 39
25.7 39
25.75 39
25.8 39
25.85 39
25.9 39
25.95 39
26 39
26.05 39
26.1 39
26.15 39
26.2 39
26.25 39
26.3 39
26.35 39
26.4 39
26.45 39
26.5 39
26.55 39
26.6 39
26.65 39
26.7 39
26.75 39
26.8 39
26.85 39
26.9 39
26.95 39
27 39
27.05 39
27.1 39
27.15 39
27.2 39
27.25 39
27.3 39
27.35 39
27.4 39
27.45 39
27.5 39
27.55 39
27.6 39
27.65 39
27.7 39
27.75 39
27.8 39
27.85 39
27.9 39
27.95 39
28 39
28.05 39
28.1 39
28.15 39
28.2 39
28.25 39
28.3 39
28.35 39
28.4 39
28.45 39
28.5 39
28.55 39
28.6 39
28.65 39
28.7 39
28.75 39
28.8 39
28.85 39
28.9 39
28.95 39
29 39
29.05 39
29.1 39
29.15 39
29.2 39
29.25 39
29.3 39
29.35 39
29.4 39
29.45 39
29.5 39
29.55 39
29.6 39
29.65 39
29.7 39
29.75 39
29.8 39
29.85 39
29.9 39
29.95 39
30 39
30.05 39
30.1 39
30.15 39
30.2 39
30.25 39
30.3 39
30.35 39
30.4 39
30.45 39
30.5 39
30.55 39
30.6 39
30.65 39
30.7 39
30.75 39
30.8 39
30.85 39
30.9 39
30.95 39
31 39
31.05 39
31.1 39
31.15 39
31.2 39
31.25 39
31.3 39
31.35 39
31.4 39
31.45 39
31.5 39
31.55 39
31.6 39
31.65 39
31.7 39
31.75 39
31.8 39
31.85 39
31.9 39
31.95 39
32 39
32.05 39
32.1 39
32.15 39
32.2 39
32.25 39
32.3 39
32.35 39
32.4 39
32.45 39
32.5 39
32.55 39
32.6 39
32.65 39
32.7 39
32.75 39
32.8 39
32.85 39
32.9 39
32.95 39
33 39
33.05 39
33.1 39
33.15 39
33.2 39
33.25 39
33.3 39
33.35 39
33.4 39
33.45 39
33.5 39
33.55 39
33.6 39
33.65 39
33.7 39
33.75 39
33.8 39
33.85 39
33.9 39
33.95 39
34 39
34.05 39
34.1 39
34.15 39
34.2 39
34.25 39
34.3 39
34.35 39
34.4 39
34.45 39
34.5 39
34.55 39
34.6 39
34.65 39
34.7 39
34.75 39
34.8 39
34.85 39
34.9 39
34.95 39
35 39
35.05 39
35.1 39
35.15 39
35.2 39
35.25 39
35.3 39
35.35 39
35.4 39
35.45 39
35.5 39
35.55 39
35.6 39
35.65 39
35.7 39
35.75 39
35.8 39
35.85 39
35.9 39
35.95 39
36 39
36.05 39
36.1 39
36.15 39
36.2 39
36.25 39
36.3 39
36.35 39
36.4 39
36.45 39
36.5 39
36.55 39
36.6 39
36.65 39
36.7 39
36.75 39
36.8 39
36.85 39
36.9 39
36.95 39
37 39
37.05 39
37.1 39
37.15 39
37.2 39
37.25 39
37.3 39
37.35 39
37.4 39
37.45 39
37.5 39
37.55 39
37.6 39
37.65 39
37.7 39
37.75 39
37.8 39
37.85 39
37.9 39
37.95 39
38 39
38.05 39
38.1 39
38.15 39
38.2 39
38.25 39
38.3 39
38.35 39
38.4 39
38.45 39
38.5 39
38.55 39
38.6 39
38.65 39
38.7 39
38.75 39
38.8 39
38.85 39
38.9 39
38.95 39
39 39
39.05 39
39.1 39
39.15 39
39.2 39
39.25 39
39.3 39
39.35 39
39.4 39
39.45 39
39.5 39
39.55 39
39.6 39
39.65 39
39.7 39
39.75 39
39.8 39
39.85 39
39.9 39
39.95 39
40 39
40.05 39
40.1 39
40.15 39
40.2 39
40.25 39
40.3 39
40.35 39
40.4 39
40.45 39
40.5 39
40.55 39
40.6 39
40.65 39
40.7 39
40.75 39
40.8 39
40.85 39
40.9 39
40.95 39
41 39
41.05 39
41.1 39
41.15 39
41.2 39
41.25 39
41.3 39
41.35 39
41.4 39
41.45 39
41.5 39
41.55 39
41.6 39
41.65 39
41.7 39
41.75 39
41.8 39
41.85 39
41.9 39
41.95 39
42 39
42.05 39
42.1 39
42.15 39
42.2 39
42.25 39
42.3 39
42.35 39
42.4 39
42.45 39
42.5 39
42.55 39
42.6 39
42.65 39
42.7 39
42.75 39
42.8 39
42.85 39
42.9 39
42.95 39
43 39
43.05 39
43.1 39
43.15 39
43.2 39
43.25 39
43.3 39
43.35 39
43.4 39
43.45 39
43.5 39
43.55 39
43.6 39
43.65 39
43.7 39
43.75 39
43.8 39
43.85 39
43.9 39
43.95 39
44 39
44.05 39
44.1 39
44.15 39
44.2 39
44.25 39
44.3 39
44.35 39
44.4 39
44.45 39
44.5 39
44.55 39
44.6 39
44.65 39
44.7 39
44.75 39
44.8 39
44.85 39
44.9 39
44.95 39
45 39
45.05 39
45.1 39
45.15 39
45.2 39
45.25 39
45.3 39
45.35 39
45.4 39
45.45 39
45.5 39
45.55 39
45.6 39
45.65 35
45.7 35
45.75 35
45.8 35
45.85 35
45.9 35
45.95 35
46 35
46.05 35
46.1 35
46.15 35
46.2 35
46.25 35
46.3 35
46.35 35
46.4 35
46.45 35
46.5 35
46.55 35
46.6 35
46.65 35
46.7 35
46.75 35
46.8 35
46.85 35
46.9 35
46.95 35
47 35
47.05 35
47.1 35
47.15 35
47.2 35
47.25 35
47.3 35
47.35 35
47.4 35
47.45 35
47.5 35
47.55 35
47.6 35
47.65 35
47.7 35
47.75 35
47.8 35
47.85 35
47.9 35
47.95 35
48 35
48.05 35
48.1 35
48.15 35
48.2 35
48.25 35
48.3 35
48.35 35
48.4 35
48.45 35
48.5 35
48.55 35
48.6 35
48.65 35
48.7 35
48.75 35
48.8 35
48.85 35
48.9 35
48.95 35
49 35
49.05 35
49.1 35
49.15 35
49.2 35
49.25 35
49.3 35
49.35 35
49.4 35
49.45 35
49.5 35
49.55 35
49.6 35
49.65 35
49.7 35
49.75 35
49.8 35
49.85 35
49.9 35
49.95 35
50 35
50.05 35
50.1 35
50.15 35
50.2 35
50.25 35
50.3 35
50.35 35
50.4 35
50.45 35
50.5 35
50.55 35
50.6 35
50.65 35
50.7 35
50.75 35
50.8 35
50.85 35
50.9 35
50.95 35
51 35
51.05 35
51.1 35
51.15 35
51.2 35
51.25 35
51.3 35
51.35 35
51.4 35
51.45 35
51.5 35
51.55 35
51.6 35
51.65 35
51.7 35
51.75 35
51.8 35
51.85 35
51.9 35
51.95 35
52 35
52.05 35
52.1 35
52.15 35
52.2 35
52.25 35
52.3 35
52.35 35
52.4 35
52.45 35
52.5 35
52.55 35
52.6 35
52.65 35
52.7 35
52.75 35
52.8 35
52.85 35
52.9 35
52.95 35
53 35
53.05 35
53.1 35
53.15 35
53.2 35
53.25 35
53.3 35
53.35 35
53.4 35
53.45 35
53.5 35
53.55 35
53.6 35
53.65 35
53.7 35
53.75 35
53.8 35
53.85 35
53.9 35
53.95 35
54 35
54.05 35
54.1 35
54.15 35
54.2 35
54.25 35
54.3 35
54.35 35
54.4 35
54.45 35
54.5 35
54.55 35
54.6 35
54.65 35
54.7 35
54.75 35
54.8 35
54.85 35
54.9 35
54.95 35
55 35
55.05 35
55.1 35
55.15 35
55.2 35
55.25 35
55.3 35
55.35 35
55.4 35
55.45 35
55.5 35
55.55 35
55.6 35
55.65 35
55.7 35
55.75 35
55.8 35
55.85 35
55.9 35
55.95 35
56 35
56.05 35
56.1 35
56.15 35
56.2 35
56.25 35
56.3 35
56.35 35
56.4 35
56.45 35
56.5 35
56.55 35
56.6 35
56.65 35
56.7 35
56.75 35
56.8 35
56.85 35
56.9 35
56.95 35
57 35
57.05 35
57.1 35
57.15 35
57.2 35
57.25 35
57.3 35
57.35 35
57.4 35
57.45 35
57.5 35
57.55 35
57.6 35
57.65 35
57.7 35
57.75 35
57.8 35
57.85 35
57.9 35
57.95 35
58 35
58.05 35
58.1 35
58.15 35
58.2 35
58.25 35
58.3 35
58.35 35
58.4 35
58.45 35
58.5 35
58.55 35
58.6 35
58.65 35
58.7 35
58.75 35
58.8 35
58.85 35
58.9 35
58.95 35
59 35
59.05 35
59.1 35
59.15 35
59.2 35
59.25 35
59.3 35
59.35 35
59.4 35
59.45 35
59.5 35
59.55 35
59.6 35
59.65 35
59.7 35
59.75 35
59.8 35
59.85 35
59.9 35
59.95 35
60 35
60.05 35
60.1 35
60.15 35
60.2 35
60.25 35
60.3 35
60.35 35
60.4 35
60.45 35
60.5 35
60.55 35
60.6 35
60.65 35
60.7 35
60.75 35
60.8 35
60.85 35
60.9 35
60.95 35
61 35
61.05 35
61.1 35
61.15 35
61.2 35
61.25 35
61.3 35
61.35 35
61.4 35
61.45 35
61.5 35
61.55 35
61.6 35
61.65 35
61.7 35
61.75 35
61.8 35
61.85 35
61.9 35
61.95 35
62 35
62.05 35
62.1 35
62.15 35
62.2 35
62.25 35
62.3 35
62.35 35
62.4 35
62.45 35
62.5 35
62.55 35
62.6 35
62.65 35
62.7 35
62.75 35
62.8 35
62.85 35
62.9 35
62.95 35
63 35
63.05 35
63.1 35
63.15 35
63.2 35
63.25 35
63.3 35
63.35 35
63.4 35
63.45 35
63.5 35
63.55 35
63.6 35
63.65 35
63.7 35
63.75 35
63.8 35
63.85 35
63.9 35
63.95 35
64 35
64.05 35
64.1 35
64.15 35
64.2 35
64.25 35
64.3 35
64.35 35
64.4 35
64.45 35
64.5 35
64.55 35
64.6 35
64.65 35
64.7 35
64.75 35
64.8 35
64.85 35
64.9 35
64.95 35
65 35
65.05 35
65.1 35
65.15 35
65.2 35
65.25 35
65.3 35
65.35 35
65.4 35
65.45 35
65.5 35
65.55 35
65.6 35
65.65 35
65.7 35
65.75 35
65.8 35
65.85 35
65.9 35
65.95 35
66 35
66.05 35
66.1 35
66.15 35
66.2 35
66.25 35
66.3 35
66.35 35
66.4 35
66.45 35
66.5 35
66.55 35
66.6 35
66.65 35
66.7 35
66.75 35
66.8 35
66.85 35
66.9 35
66.95 35
67 35
67.05 35
67.1 35
67.15 35
67.2 35
67.25 35
67.3 35
67.35 35
67.4 35
67.45 35
67.5 35
67.55 35
67.6 35
67.65 35
67.7 35
67.75 35
67.8 35
67.85 35
67.9 35
67.95 35
68 35
68.05 35
68.1 35
68.15 35
68.2 35
68.25 35
68.3 35
68.35 35
68.4 35
68.45 35
68.5 35
68.55 35
68.6 35
68.65 35
68.7 35
68.75 35
68.8 35
68.85 35
68.9 35
68.95 35
69 35
69.05 35
69.1 35
69.15 35
69.2 35
69.25 35
69.3 35
69.35 35
69.4 35
69.45 35
69.5 35
69.55 35
69.6 35
69.65 35
69.7 35
69.75 35
69.8 35
69.85 35
69.9 35
69.95 35
70 35
70.05 35
70.1 35
70.15 35
70.2 35
70.25 35
70.3 35
70.35 35
70.4 35
70.45 35
70.5 35
70.55 35
70.6 35
70.65 35
70.7 35
70.75 35
70.8 35
70.85 35
70.9 35
70.95 35
71 35
71.05 35
71.1 35
71.15 35
71.2 35
71.25 35
71.3 35
71.35 35
71.4 35
71.45 35
71.5 35
71.55 35
71.6 35
71.65 35
71.7 35
71.75 35
71.8 35
71.85 35
71.9 35
71.95 35
72 35
72.05 35
72.1 35
72.15 35
72.2 35
72.25 35
72.3 35
72.35 35
72.4 35
72.45 35
72.5 35
72.55 35
72.6 35
72.65 35
72.7 35
72.75 35
72.8 35
72.85 35
72.9 35
72.95 35
73 35
73.05 35
73.1 35
73.15 35
73.2 35
73.25 35
73.3 35
73.35 35
73.4 35
73.45 35
73.5 35
73.55 35
73.6 35
73.65 35
73.7 35
73.75 35
73.8 35
73.85 35
73.9 35
73.95 35
74 35
74.05 35
74.1 35
74.15 35
74.2 35
74.25 35
74.3 35
74.35 35
74.4 35
74.45 35
74.5 35
74.55 35
74.6 35
74.65 35
74.7 35
74.75 35
74.8 35
74.85 35
74.9 35
74.95 35
75 35
75.05 35
75.1 35
75.15 35
75.2 35
75.25 35
75.3 35
75.35 35
75.4 35
75.45 35
75.5 35
75.55 35
75.6 35
75.65 35
75.7 35
75.75 35
75.8 35
75.85 35
75.9 35
75.95 35
76 35
76.05 35
76.1 35
76.15 35
76.2 35
76.25 35
76.3 35
76.35 35
76.4 35
76.45 35
76.5 35
76.55 35
76.6 35
76.65 35
76.7 35
76.75 35
76.8 35
76.85 35
76.9 35
76.95 35
77 35
77.05 35
77.1 35
77.15 35
77.2 35
77.25 35
77.3 35
77.35 35
77.4 35
77.45 35
77.5 35
77.55 35
77.6 35
77.65 35
77.7 35
77.75 35
77.8 35
77.85 35
77.9 35
77.95 35
78 35
78.05 35
78.1 35
78.15 35
78.2 35
78.25 35
78.3 35
78.35 35
78.4 35
78.45 35
78.5 35
78.55 35
78.6 35
78.65 35
78.7 35
78.75 35
78.8 35
78.85 35
78.9 35
78.95 35
79 35
79.05 35
79.1 35
79.15 35
79.2 35
79.25 35
79.3 35
79.35 35
79.4 35
79.45 35
79.5 35
79.55 35
79.6 35
79.65 35
79.7 35
79.75 35
79.8 35
79.85 35
79.9 35
79.95 35
80 35
80.05 35
80.1 35
80.15 35
80.2 35
80.25 35
80.3 35
80.35 35
80.4 35
80.45 35
80.5 35
80.55 35
80.6 35
80.65 35
80.7 35
80.75 35
80.8 35
80.85 35
80.9 35
80.95 35
81 35
81.05 35
81.1 35
81.15 35
81.2 35
81.25 35
81.3 35
81.35 35
81.4 35
81.45 35
81.5 35
81.55 35
81.6 35
81.65 35
81.7 35
81.75 35
81.8 35
81.85 35
81.9 35
81.95 35
82 35
82.05 35
82.1 35
82.15 35
82.2 35
82.25 35
82.3 35
82.35 35
82.4 35
82.45 35
82.5 35
82.55 35
82.6 35
82.65 35
82.7 35
82.75 35
82.8 35
82.85 35
82.9 35
82.95 35
83 35
83.05 35
83.1 35
83.15 35
83.2 35
83.25 35
83.3 35
83.35 35
83.4 35
83.45 35
83.5 35
83.55 35
83.6 35
83.65 35
83.7 35
83.75 35
83.8 35
83.85 35
83.9 35
83.95 35
84 35
84.05 35
84.1 35
84.15 35
84.2 35
84.25 35
84.3 35
84.35 35
84.4 35
84.45 35
84.5 35
84.55 35
84.6 35
84.65 35
84.7 35
84.75 35
84.8 35
84.85 35
84.9 35
84.95 35
85 35
85.05 35
85.1 35
85.15 35
85.2 35
85.25 35
85.3 35
85.35 35
85.4 35
85.45 35
85.5 35
85.55 35
85.6 35
85.65 35
85.7 35
85.75 35
85.8 35
85.85 35
85.9 35
85.95 35
86 35
86.05 35
86.1 35
86.15 35
86.2 35
86.25 35
86.3 35
86.35 35
86.4 35
86.45 35
86.5 35
86.55 35
86.6 35
86.65 35
86.7 35
86.75 35
86.8 35
86.85 35
86.9 35
86.95 35
87 35
87.05 35
87.1 35
87.15 35
87.2 35
87.25 35
87.3 35
87.35 35
87.4 35
87.45 35
87.5 35
87.55 35
87.6 35
87.65 35
87.7 35
87.75 35
87.8 35
87.85 35
87.9 35
87.95 35
88 35
88.05 35
88.1 35
88.15 35
88.2 35
88.25 35
88.3 35
88.35 35
88.4 35
88.45 35
88.5 35
88.55 35
88.6 35
88.65 35
88.7 35
88.75 35
88.8 35
88.85 35
88.9 35
88.95 35
89 35
89.05 35
89.1 35
89.15 35
89.2 35
89.25 35
89.3 35
89.35 35
89.4 35
89.45 35
89.5 35
89.55 35
89.6 35
89.65 35
89.7 35
89.75 35
89.8 35
89.85 35
89.9 35
89.95 35
90 35
90.05 35
90.1 35
90.15 35
90.2 35
90.25 35
90.3 35
90.35 35
90.4 35
90.45 35
90.5 35
90.55 35
90.6 35
90.65 35
90.7 35
90.75 35
90.8 35
90.85 35
90.9 35
90.95 35
91 35
91.05 35
91.1 35
91.15 35
91.2 35
91.25 35
91.3 35
91.35 35
91.4 35
91.45 35
91.5 35
91.55 35
91.6 35
91.65 35
91.7 35
91.75 35
91.8 35
91.85 35
91.9 35
91.95 35
92 35
92.05 35
92.1 35
92.15 35
92.2 35
92.25 35
92.3 35
92.35 35
92.4 35
92.45 35
92.5 35
92.55 35
92.6 35
92.65 35
92.7 35
92.75 35
92.8 35
92.85 35
92.9 35
92.95 35
93 35
93.05 35
93.1 35
93.15 35
93.2 35
93.25 35
93.3 35
93.35 35
93.4 35
93.45 35
93.5 35
93.55 35
93.6 35
93.65 35
93.7 35
93.75 35
93.8 35
93.85 35
93.9 35
93.95 35
94 35
94.05 35
94.1 35
94.15 35
94.2 35
94.25 35
94.3 35
94.35 35
94.4 35
94.45 35
94.5 35
94.55 35
94.6 35
94.65 35
94.7 35
94.75 35
94.8 35
94.85 35
94.9 35
94.95 35
95 35
95.05 35
95.1 35
95.15 35
95.2 35
95.25 35
95.3 35
95.35 35
95.4 35
95.45 35
95.5 35
95.55 35
95.6 35
95.65 35
95.7 35
95.75 35
95.8 35
95.85 35
95.9 35
95.95 35
96 35
96.05 35
96.1 35
96.15 35
96.2 35
96.25 35
96.3 35
96.35 35
96.4 35
96.45 35
96.5 35
96.55 35
96.6 35
96.65 35
96.7 35
96.75 35
96.8 35
96.85 35
96.9 35
96.95 35
97 35
97.05 35
97.1 35
97.15 35
97.2 35
97.25 35
97.3 35
97.35 35
97.4 35
97.45 35
97.5 35
97.55 35
97.6 35
97.65 35
97.7 35
97.75 35
97.8 35
97.85 35
97.9 35
97.95 35
98 35
98.05 35
98.1 35
98.15 35
98.2 35
98.25 35
98.3 35
98.35 35
98.4 35
98.45 35
98.5 35
98.55 35
98.6 35
98.65 35
98.7 35
98.75 35
98.8 35
98.85 35
98.9 35
98.95 35
99 35
99.05 35
99.1 35
99.15 35
99.2 35
99.25 35
99.3 35
99.35 35
99.4 35
99.45 35
99.5 35
99.55 35
99.6 35
99.65 35
99.7 35
99.75 35
99.8 35
99.85 35
99.9 35
99.95 35
100 35
100.05 35
100.1 35
100.15 35
100.2 35
100.25 35
100.3 35
100.35 35
100.4 35
100.45 35
100.5 35
100.55 35
100.6 35
100.65 35
100.7 35
100.75 35
100.8 35
100.85 35
100.9 35
100.95 35
101 35
101.05 35
101.1 35
101.15 35
101.2 35
101.25 35
101.3 35
101.35 35
101.4 35
101.45 35
101.5 35
101.55 35
101.6 35
101.65 35
101.7 35
101.75 35
101.8 35
101.85 35
101.9 35
101.95 35
102 35
102.05 35
102.1 35
102.15 35
102.2 35
102.25 35
102.3 35
102.35 35
102.4 35
102.45 35
102.5 35
102.55 35
102.6 35
102.65 35
102.7 35
102.75 35
102.8 35
102.85 35
102.9 35
102.95 35
103 35
103.05 35
103.1 35
103.15 35
103.2 35
103.25 35
103.3 35
103.35 35
103.4 35
103.45 35
103.5 35
103.55 35
103.6 35
103.65 35
103.7 35
103.75 35
103.8 35
103.85 35
103.9 35
103.95 35
104 35
104.05 35
104.1 35
104.15 35
104.2 35
104.25 35
104.3 35
104.35 35
104.4 35
104.45 35
104.5 35
104.55 35
104.6 35
104.65 35
104.7 35
104.75 35
104.8 35
104.85 35
104.9 35
104.95 35
105 35
105.05 35
105.1 35
105.15 35
105.2 35
105.25 35
105.3 35
105.35 35
105.4 35
105.45 35
105.5 35
105.55 35
105.6 35
105.65 39
105.7 39
105.75 39
105.8 39
105.85 39
105.9 39
105.95 39
106 39
106.05 39
106.1 39
106.15 39
106.2 39
106.25 39
106.3 39
106.35 39
106.4 39
106.45 39
106.5 39
106.55 39
106.6 39
106.65 39
106.7 39
106.75 39
106.8 39
106.85 39
106.9 39
106.95 39
107 39
107.05 39
107.1 39
107.15 39
107.2 39
107.25 39
107.3 39
107.35 39
107.4 39
107.45 39
107.5 39
107.55 39
107.6 39
107.65 39
107.7 39
107.75 39
107.8 39
107.85 39
107.9 39
107.95 39
108 39
108.05 39
108.1 39
108.15 39
108.2 39
108.25 39
108.3 39
108.35 39
108.4 39
108.45 39
108.5 39
108.55 39
108.6 39
108.65 39
108.7 39
108.75 39
108.8 39
108.85 39
108.9 39
108.95 39
109 39
109.05 39
109.1 39
109.15 39
109.2 39
109.25 39
109.3 39
109.35 39
109.4 39
109.45 39
109.5 39
109.55 39
109.6 39
109.65 39
109.7 39
109.75 39
109.8 39
109.85 39
109.9 39
109.95 39
110 39
110.05 39
110.1 39
110.15 39
110.2 39
110.25 39
110.3 39
110.35 39
110.4 39
110.45 39
110.5 39
110.55 39
110.6 39
110.65 39
110.7 39
110.75 39
110.8 39
110.85 39
110.9 39
110.95 39
111 39
111.05 39
111.1 39
111.15 39
111.2 39
111.25 39
111.3 39
111.35 39
111.4 39
111.45 39
111.5 39
111.55 39
111.6 39
111.65 39
111.7 39
111.75 39
111.8 39
111.85 39
111.9 39
111.95 39
112 39
112.05 39
112.1 39
112.15 39
112.2 39
112.25 39
112.3 39
112.35 39
112.4 39
112.45 39
112.5 39
112.55 39
112.6 39
112.65 39
112.7 39
112.75 39
112.8 39
112.85 39
112.9 39
112.95 39
113 39
113.05 39
113.1 39
113.15 39
113.2 39
113.25 39
113.3 39
113.35 39
113.4 39
113.45 39
113.5 39
113.55 39
113.6 39
113.65 39
113.7 39
113.75 39
113.8 39
113.85 39
113.9 39
113.95 39
114 39
114.05 39
114.1 39
114.15 39
114.2 39
114.25 39
114.3 39
114.35 39
114.4 39
114.45 39
114.5 39
114.55 39
114.6 39
114.65 39
114.7 39
114.75 39
114.8 39
114.85 39
114.9 39
114.95 39
115 39
115.05 39
115.1 39
115.15 39
115.2 39
115.25 39
115.3 39
115.35 39
115.4 39
115.45 39
115.5 39
115.55 39
115.6 39
115.65 39
115.7 39
115.75 39
115.8 39
115.85 39
115.9 39
115.95 39
116 39
116.05 39
116.1 39
116.15 39
116.2 39
116.25 39
116.3 39
116.35 39
116.4 39
116.45 39
116.5 39
116.55 39
116.6 39
116.65 39
116.7 39
116.75 39
116.8 39
116.85 39
116.9 39
116.95 39
117 39
117.05 39
117.1 39
117.15 39
117.2 39
117.25 39
117.3 39
117.35 39
117.4 39
117.45 39
117.5 39
117.55 39
117.6 39
117.65 39
117.7 39
117.75 39
117.8 39
117.85 39
117.9 39
117.95 39
118 39
118.05 39
118.1 39
118.15 39
118.2 39
118.25 39
118.3 39
118.35 39
118.4 39
118.45 39
118.5 39
118.55 39
118.6 39
118.65 39
118.7 39
118.75 39
118.8 39
118.85 39
118.9 39
118.95 39
119 39
119.05 39
119.1 39
119.15 39
119.2 39
119.25 39
119.3 39
119.35 39
119.4 39
119.45 39
119.5 39
119.55 39
119.6 39
119.65 39
119.7 39
119.75 39
119.8 39
119.85 39
119.9 39
119.95 39
120 39
120.05 39
120.1 39
120.15 39
120.2 39
120.25 39
120.3 39
120.35 39
120.4 39
120.45 39
120.5 39
120.55 39
120.6 39
120.65 39
120.7 39
120.75 39
120.8 39
120.85 39
120.9 39
120.95 39
121 39
121.05 39
121.1 39
121.15 39
121.2 39
121.25 39
121.3 39
121.35 39
121.4 39
121.45 39
121.5 39
121.55 39
121.6 39
121.65 39
121.7 39
121.75 39
121.8 39
121.85 39
121.9 39
121.95 39
122 39
122.05 39
122.1 39
122.15 39
122.2 39
122.25 39
122.3 39
122.35 39
122.4 39
122.45 39
122.5 39
122.55 39
122.6 39
122.65 39
122.7 39
122.75 39
122.8 39
122.85 39
122.9 39
122.95 39
123 39
123.05 39
123.1 39
123.15 39
123.2 39
123.25 39
123.3 39
123.35 39
123.4 39
123.45 39
123.5 39
123.55 39
123.6 39
123.65 39
123.7 39
123.75 39
123.8 39
123.85 39
123.9 39
123.95 39
124 39
124.05 39
124.1 39
124.15 39
124.2 39
124.25 39
124.3 39
124.35 39
124.4 39
124.45 39
124.5 39
124.55 39
124.6 39
124.65 39
124.7 39
124.75 39
124.8 39
124.85 39
124.9 39
124.95 39
125 39
125.05 39
125.1 39
125.15 39
125.2 39
125.25 39
125.3 39
125.35 39
125.4 39
125.45 39
125.5 39
125.55 39
125.6 39
125.65 39
125.7 39
125.75 39
125.8 39
125.85 39
125.9 39
125.95 39
126 39
126.05 39
126.1 39
126.15 39
126.2 39
126.25 39
126.3 39
126.35 39
126.4 39
126.45 39
126.5 39
126.55 39
126.6 39
126.65 39
126.7 39
126.75 39
126.8 39
126.85 39
126.9 39
126.95 39
127 39
127.05 39
127.1 39
127.15 39
127.2 39
127.25 39
127.3 39
127.35 39
127.4 39
127.45 39
127.5 39
127.55 39
127.6 39
127.65 39
127.7 39
127.75 39
127.8 39
127.85 39
127.9 39
127.95 39
128 39
128.05 39
128.1 39
128.15 39
128.2 39
128.25 39
128.3 39
128.35 39
128.4 39
128.45 39
128.5 39
128.55 39
128.6 39
128.65 39
128.7 39
128.75 39
128.8 39
128.85 39
128.9 39
128.95 39
129 39
129.05 39
129.1 39
129.15 39
129.2 39
129.25 39
129.3 39
129.35 39
129.4 39
129.45 39
129.5 39
129.55 39
129.6 39
129.65 39
129.7 39
129.75 39
129.8 39
129.85 39
129.9 39
129.95 39
130 39
130.05 39
130.1 39
130.15 39
130.2 39
130.25 39
130.3 39
130.35 39
130.4 39
130.45 39
130.5 39
130.55 39
130.6 39
130.65 39
130.7 39
130.75 39
130.8 39
130.85 39
130.9 39
130.95 39
131 39
131.05 39
131.1 39
131.15 39
131.2 39
131.25 39
131.3 39
131.35 39
131.4 39
131.45 39
131.5 39
131.55 39
131.6 39
131.65 39
131.7 39
131.75 39
131.8 39
131.85 39
131.9 39
131.95 39
132 39
132.05 39
132.1 39
132.15 39
132.2 39
132.25 39
132.3 39
132.35 39
132.4 39
132.45 39
132.5 39
132.55 39
132.6 39
132.65 39
132.7 39
132.75 39
132.8 39
132.85 39
132.9 39
132.95 39
133 39
133.05 39
133.1 39
133.15 39
133.2 39
133.25 39
133.3 39
133.35 39
133.4 39
133.45 39
133.5 39
133.55 39
133.6 39
133.65 39
133.7 39
133.75 39
133.8 39
133.85 39
133.9 39
133.95 39
134 39
134.05 39
134.1 39
134.15 39
134.2 39
134.25 39
134.3 39
134.35 39
134.4 39
134.45 39
134.5 39
134.55 39
134.6 39
134.65 39
134.7 39
134.75 39
134.8 39
134.85 39
134.9 39
134.95 39
135 39
135.05 39
135.1 39
135.15 39
135.2 39
135.25 39
135.3 39
135.35 39
135.4 39
135.45 39
135.5 39
135.55 39
135.6 39
135.65 39
135.7 39
135.75 39
135.8 39
135.85 39
135.9 39
135.95 39
136 39
136.05 39
136.1 39
136.15 39
136.2 39
136.25 39
136.3 39
136.35 39
136.4 39
136.45 39
136.5 39
136.55 39
136.6 39
136.65 39
136.7 39
136.75 39
136.8 39
136.85 39
136.9 39
136.95 39
137 39
137.05 39
137.1 39
137.15 39
137.2 39
137.25 39
137.3 39
137.35 39
137.4 39
137.45 39
137.5 39
137.55 39
137.6 39
137.65 39
137.7 39
137.75 39
137.8 39
137.85 39
137.9 39
137.95 39
138 39
138.05 39
138.1 39
138.15 39
138.2 39
138.25 39
138.3 39
138.35 39
138.4 39
138.45 39
138.5 39
138.55 39
138.6 39
138.65 39
138.7 39
138.75 39
138.8 39
138.85 39
138.9 39
138.95 39
139 39
139.05 39
139.1 39
139.15 39
139.2 39
139.25 39
139.3 39
139.35 39
139.4 39
139.45 39
139.5 39
139.55 39
139.6 39
139.65 39
139.7 39
139.75 39
139.8 39
139.85 39
139.9 39
139.95 39
140 39
140.05 39
140.1 39
140.15 39
140.2 39
140.25 39
140.3 39
140.35 39
140.4 39
140.45 39
140.5 39
140.55 39
140.6 39
140.65 39
140.7 39
140.75 39
140.8 39
140.85 39
140.9 39
140.95 39
141 39
141.05 39
141.1 39
141.15 39
141.2 39
141.25 39
141.3 39
141.35 39
141.4 39
141.45 39
141.5 39
141.55 39
141.6 39
141.65 39
141.7 39
141.75 39
141.8 39
141.85 39
141.9 39
141.95 39
142 39
142.05 39
142.1 39
142.15 39
142.2 39
142.25 39
142.3 39
142.35 39
142.4 39
142.45 39
142.5 39
142.55 39
142.6 39
142.65 39
142.7 39
142.75 39
142.8 39
142.85 39
142.9 39
142.95 39
143 39
143.05 39
143.1 39
143.15 39
143.2 39
143.25 39
143.3 39
143.35 39
143.4 39
143.45 39
143.5 39
143.55 39
143.6 39
143.65 39
143.7 39
143.75 39
143.8 39
143.85 39
143.9 39
143.95 39
144 39
144.05 39
144.1 39
144.15 39
144.2 39
144.25 39
144.3 39
144.35 39
144.4 39
144.45 39
144.5 39
144.55 39
144.6 39
144.65 39
144.7 39
144.75 39
144.8 39
144.85 39
144.9 39
144.95 39
145 39
145.05 39
145.1 39
145.15 39
145.2 39
145.25 39
145.3 39
145.35 39
145.4 39
145.45 39
145.5 39
145.55 39
145.6 39
145.65 39
145.7 39
145.75 39
145.8 39
145.85 39
145.9 39
145.95 39
146 39
146.05 39
146.1 39
146.15 39
146.2 39
146.25 39
146.3 39
146.35 39
146.4 39
146.45 39
146.5 39
146.55 39
146.6 39
146.65 39
146.7 39
146.75 39
146.8 39
146.85 39
146.9 39
146.95 39
147 39
147.05 39
147.1 39
147.15 39
147.2 39
147.25 39
147.3 39
147.35 39
147.4 39
147.45 39
147.5 39
147.55 39
147.6 39
147.65 39
147.7 39
147.75 39
147.8 39
147.85 39
147.9 39
147.95 39
148 39
148.05 39
148.1 39
148.15 39
148.2 39
148.25 39
148.3 39
148.35 39
148.4 39
148.45 39
148.5 39
148.55 39
148.6 39
148.65 39
148.7 39
148.75 39
148.8 39
148.85 39
148.9 39
148.95 39
149 39
149.05 39
149.1 39
149.15 39
149.2 39
149.25 39
149.3 39
149.35 39
149.4 39
149.45 39
149.5 39
149.55 39
149.6 39
149.65 39
149.7 39
149.75 39
149.8 39
149.85 39
149.9 39
149.95 39
150 39
150.05 39
150.1 39
150.15 39
150.2 39
150.25 39
150.3 39
150.35 39
150.4 39
150.45 39
150.5 39
150.55 39
150.6 39
150.65 39
150.7 39
150.75 39
150.8 39
150.85 39
150.9 39
150.95 39
151 39
151.05 39
151.1 39
151.15 39
151.2 39
151.25 39
151.3 39
151.35 39
151.4 39
151.45 39
151.5 39
151.55 39
151.6 39
151.65 39
151.7 39
151.75 39
151.8 39
151.85 39
151.9 39
151.95 39
152 39
152.05 39
152.1 39
152.15 39
152.2 39
152.25 39
152.3 39
152.35 39
152.4 39
152.45 39
152.5 39
152.55 39
152.6 39
152.65 39
152.7 39
152.75 39
152.8 39
152.85 39
152.9 39
152.95 39
153 39
153.05 39
153.1 39
153.15 39
153.2 39
153.25 39
153.3 39
153.35 39
153.4 39
153.45 39
153.5 39
153.55 39
153.6 39
153.65 39
153.7 39
153.75 39
153.8 39
153.85 39
153.9 39
153.95 39
154 39
154.05 39
154.1 39
154.15 39
154.2 39
154.25 39
154.3 39
154.35 39
154.4 39
154.45 39
154.5 39
154.55 39
154.6 39
154.65 39
154.7 39
154.75 39
154.8 39
154.85 39
154.9 39
154.95 39
155 39
155.05 39
155.1 39
155.15 39
155.2 39
155.25 39
155.3 39
155.35 39
155.4 39
155.45 39
155.5 39
155.55 39
155.6 39
155.65 39
155.7 39
155.75 39
155.8 39
155.85 39
155.9 39
155.95 39
156 39
156.05 39
156.1 39
156.15 39
156.2 39
156.25 39
156.3 39
156.35 39
156.4 39
156.45 39
156.5 39
156.55 39
156.6 39
156.65 39
156.7 39
156.75 39
156.8 39
156.85 39
156.9 39
156.95 39
157 39
157.05 39
157.1 39
157.15 39
157.2 39
157.25 39
157.3 39
157.35 39
157.4 39
157.45 39
157.5 39
157.55 39
157.6 39
157.65 39
157.7 39
157.75 39
157.8 39
157.85 39
157.9 39
157.95 39
158 39
158.05 39
158.1 39
158.15 39
158.2 39
158.25 39
158.3 39
158.35 39
158.4 39
158.45 39
158.5 39
158.55 39
158.6 39
158.65 39
158.7 39
158.75 39
158.8 39
158.85 39
158.9 39
158.95 39
159 39
159.05 39
159.1 39
159.15 39
159.2 39
159.25 39
159.3 39
159.35 39
159.4 39
159.45 39
159.5 39
159.55 39
159.6 39
159.65 39
159.7 39
159.75 39
159.8 39
159.85 39
159.9 39
159.95 39
160 39
160.05 39
160.1 39
160.15 39
160.2 39
160.25 39
160.3 39
160.35 39
160.4 39
160.45 39
160.5 39
160.55 39
160.6 39
160.65 39
160.7 39
160.75 39
160.8 39
160.85 39
160.9 39
160.95 39
161 39
161.05 39
161.1 39
161.15 39
161.2 39
161.25 39
161.3 39
161.35 39
161.4 39
161.45 39
161.5 39
161.55 39
161.6 39
161.65 39
161.7 39
161.75 39
161.8 39
161.85 39
161.9 39
161.95 39
162 39
162.05 39
162.1 39
162.15 39
162.2 39
162.25 39
162.3 39
162.35 39
162.4 39
162.45 39
162.5 39
162.55 39
162.6 39
162.65 39
162.7 39
162.75 39
162.8 39
162.85 39
162.9 39
162.95 39
163 39
163.05 39
163.1 39
163.15 39
163.2 39
163.25 39
163.3 39
163.35 39
163.4 39
163.45 39
163.5 39
163.55 39
163.6 39
163.65 39
163.7 39
163.75 39
163.8 39
163.85 39
163.9 39
163.95 39
164 39
164.05 39
164.1 39
164.15 39
164.2 39
164.25 39
164.3 39
164.35 39
164.4 39
164.45 39
164.5 39
164.55 39
164.6 39
164.65 39
164.7 39
164.75 39
164.8 39
164.85 39
164.9 39
164.95 39
165 39
165.05 39
165.1 39
165.15 39
165.2 39
165.25 39
165.3 39
165.35 39
165.4 39
165.45 39
165.5 39
165.55 39
165.6 39
165.65 39
165.7 39
165.75 39
165.8 39
165.85 39
165.9 39
165.95 39
166 39
166.05 39
166.1 39
166.15 39
166.2 39
166.25 39
166.3 39
166.35 39
166.4 39
166.45 39
166.5 39
166.55 39
166.6 39
166.65 36
166.7 36
166.75 36
166.8 36
166.85 36
166.9 36
166.95 36
167 36
167.05 36
167.1 36
167.15 36
167.2 36
167.25 36
167.3 36
167.35 36
167.4 36
167.45 36
167.5 36
167.55 36
167.6 36
167.65 36
167.7 36
167.75 36
167.8 36
167.85 36
167.9 36
167.95 36
168 36
168.05 36
168.1 36
168.15 36
168.2 36
168.25 36
168.3 36
168.35 36
168.4 36
168.45 36
168.5 36
168.55 36
168.6 36
168.65 36
168.7 36
168.75 36
168.8 36
168.85 36
168.9 36
168.95 36
169 36
169.05 36
169.1 36
169.15 36
169.2 36
169.25 36
169.3 36
169.35 36
169.4 36
169.45 36
169.5 36
169.55 36
169.6 36
169.65 36
169.7 36
169.75 36
169.8 36
169.85 36
169.9 36
169.95 36
170 36
170.05 36
170.1 36
170.15 36
170.2 36
170.25 36
170.3 36
170.35 36
170.4 36
170.45 36
170.5 36
170.55 36
170.6 36
170.65 36
170.7 36
170.75 36
