1 41
1.05 41
1.1 41
1.15 41
1.2 41
1.25 41
1.3 41
1.35 41
1.4 41
1.45 41
1.5 41
1.55 41
1.6 41
1.65 41
1.7 41
1.75 41
1.8 41
1.85 41
1.9 41
1.95 41
2 41
2.05 41
2.1 41
2.15 41
2.2 41
2.25 41
2.3 41
2.35 41
2.4 41
2.45 41
2.5 41
2.55 41
2.6 41
2.65 41
2.7 41
2.75 41
2.8 41
2.85 41
2.9 41
2.95 41
3 41
3.05 41
3.1 41
3.15 41
3.2 41
3.25 41
3.3 41
3.35 41
3.4 41
3.45 41
3.5 41
3.55 41
3.6 41
3.65 41
3.7 41
3.75 41
3.8 41
3.85 41
3.9 41
3.95 41
4 41
4.05 41
4.1 41
4.15 41
4.2 41
4.25 41
4.3 41
4.35 41
4.4 41
4.45 41
4.5 41
4.55 41
4.6 41
4.65 41
4.7 41
4.75 41
4.8 41
4.85 41
4.9 41
4.95 41
5 41
5.05 41
5.1 41
5.15 41
5.2 41
5.25 41
5.3 41
5.35 41
5.4 41
5.45 41
5.5 41
5.55 41
5.6 41
5.65 41
5.7 41
5.75 41
5.8 41
5.85 41
5.9 41
5.95 41
6 41
6.05 41
6.1 41
6.15 41
6.2 41
6.25 41
6.3 41
6.35 41
6.4 41
6.45 41
6.5 41
6.55 41
6.6 41
6.65 41
6.7 41
6.75 41
6.8 41
6.85 41
6.9 41
6.95 41
7 41
7.05 41
7.1 41
7.15 41
7.2 41
7.25 41
7.3 41
7.35 41
7.4 41
7.45 41
7.5 41
7.55 41
7.6 41
7.65 41
7.7 41
7.75 41
7.8 41
7.85 41
7.9 41
7.95 41
8 41
8.05 41
8.1 41
8.15 41
8.2 41
8.25 41
8.3 41
8.35 41
8.4 41
8.45 41
8.5 41
8.55 41
8.6 41
8.65 41
8.7 41
8.75 41
8.8 41
8.85 41
8.9 41
8.95 41
9 41
9.05 41
9.1 41
9.15 41
9.2 41
9.25 41
9.3 41
9.35 41
9.4 41
9.45 41
9.5 41
9.55 41
9.6 41
9.65 41
9.7 41
9.75 41
9.8 41
9.85 41
9.9 41
9.95 41
10 41
10.05 41
10.1 41
10.15 41
10.2 41
10.25 41
10.3 41
10.35 41
10.4 41
10.45 41
10.5 41
10.55 41
10.6 41
10.65 41
10.7 41
10.75 41
10.8 41
10.85 41
10.9 41
10.95 41
11 41
11.05 41
11.1 41
11.15 41
11.2 41
11.25 41
11.3 41
11.35 41
11.4 41
11.45 41
11.5 41
11.55 41
11.6 41
11.65 41
11.7 41
11.75 41
11.8 41
11.85 41
11.9 41
11.95 41
12 41
12.05 41
12.1 41
12.15 41
12.2 41
12.25 41
12.3 41
12.35 41
12.4 41
12.45 41
12.5 41
12.55 41
12.6 41
12.65 41
12.7 41
12.75 41
12.8 41
12.85 41
12.9 41
12.95 41
13 41
13.05 41
13.1 41
13.15 41
13.2 41
13.25 41
13.3 41
13.35 41
13.4 41
13.45 41
13.5 41
13.55 41
13.6 41
13.65 41
13.7 41
13.75 41
13.8 41
13.85 41
13.9 41
13.95 41
14 41
14.05 41
14.1 41
14.15 41
14.2 41
14.25 41
14.3 41
14.35 41
14.4 41
14.45 41
14.5 41
14.55 41
14.6 41
14.65 41
14.7 41
14.75 41
14.8 41
14.85 41
14.9 41
14.95 41
15 41
15.05 41
15.1 41
15.15 41
15.2 41
15.25 41
15.3 41
15.35 41
15.4 41
15.45 41
15.5 41
15.55 41
15.6 41
15.65 41
15.7 41
15.75 41
15.8 41
15.85 41
15.9 41
15.95 41
16 41
16.05 41
16.1 41
16.15 41
16.2 41
16.25 41
16.3 41
16.35 41
16.4 41
16.45 41
16.5 41
16.55 41
16.6 41
16.65 41
16.7 41
16.75 41
16.8 41
16.85 41
16.9 41
16.95 41
17 41
17.05 41
17.1 41
17.15 41
17.2 41
17.25 41
17.3 41
17.35 41
17.4 41
17.45 41
17.5 41
17.55 41
17.6 41
17.65 41
17.7 41
17.75 41
17.8 41
17.85 41
17.9 41
17.95 41
18 41
18.05 41
18.1 41
18.15 41
18.2 41
18.25 41
18.3 41
18.35 41
18.4 41
18.45 41
18.5 41
18.55 41
18.6 41
18.65 41
18.7 41
18.75 41
18.8 41
18.85 41
18.9 41
18.95 41
19 41
19.05 41
19.1 41
19.15 41
19.2 41
19.25 41
19.3 41
19.35 41
19.4 41
19.45 41
19.5 41
19.55 41
19.6 41
19.65 41
19.7 41
19.75 41
19.8 41
19.85 41
19.9 41
19.95 41
20 41
20.05 41
20.1 41
20.15 41
20.2 41
20.25 41
20.3 41
20.35 41
20.4 41
20.45 41
20.5 41
20.55 41
20.6 41
20.65 41
20.7 41
20.75 41
20.8 41
20.85 41
20.9 41
20.95 41
21 41
21.05 41
21.1 41
21.15 41
21.2 41
21.25 41
21.3 41
21.35 41
21.4 41
21.45 41
21.5 41
21.55 41
21.6 41
21.65 41
21.7 41
21.75 41
21.8 41
21.85 41
21.9 41
21.95 41
22 41
22.05 41
22.1 41
22.15 41
22.2 41
22.25 41
22.3 41
22.35 41
22.4 41
22.45 41
22.5 41
22.55 41
22.6 41
22.65 41
22.7 41
22.75 41
22.8 41
22.85 41
22.9 41
22.95 41
23 41
23.05 41
23.1 41
23.15 41
23.2 41
23.25 41
23.3 41
23.35 41
23.4 41
23.45 41
23.5 41
23.55 41
23.6 41
23.65 41
23.7 41
23.75 41
23.8 41
23.85 41
23.9 41
23.95 41
24 41
24.05 41
24.1 41
24.15 41
24.2 41
24.25 41
24.3 41
24.35 41
24.4 41
24.45 41
24.5 41
24.55 41
24.6 41
24.65 41
24.7 41
24.75 41
24.8 41
24.85 41
24.9 41
24.95 41
25 41
25.05 41
25.1 41
25.15 41
25.2 41
25.25 41
25.3 41
25.35 41
25.4 41
25.45 41
25.5 41
25.55 41
25.6 41
25.65 41
25.7 41
25.75 41
25.8 41
25.85 41
25.9 41
25.95 41
26 41
26.05 41
26.1 41
26.15 41
26.2 41
26.25 41
26.3 41
26.35 41
26.4 41
26.45 41
26.5 41
26.55 41
26.6 41
26.65 41
26.7 41
26.75 41
26.8 41
26.85 41
26.9 41
26.95 41
27 41
27.05 41
27.1 41
27.15 41
27.2 41
27.25 41
27.3 41
27.35 41
27.4 41
27.45 41
27.5 41
27.55 41
27.6 41
27.65 41
27.7 41
27.75 41
27.8 41
27.85 41
27.9 41
27.95 41
28 41
28.05 41
28.1 41
28.15 41
28.2 41
28.25 41
28.3 41
28.35 41
28.4 41
28.45 41
28.5 41
28.55 41
28.6 41
28.65 41
28.7 41
28.75 41
28.8 41
28.85 41
28.9 41
28.95 41
29 41
29.05 41
29.1 41
29.15 41
29.2 41
29.25 41
29.3 41
29.35 41
29.4 41
29.45 41
29.5 41
29.55 41
29.6 41
29.65 41
29.7 41
29.75 41
29.8 41
29.85 41
29.9 41
29.95 41
30 41
30.05 41
30.1 41
30.15 41
30.2 41
30.25 41
30.3 41
30.35 41
30.4 41
30.45 41
30.5 41
30.55 41
30.6 41
30.65 41
30.7 41
30.75 41
30.8 41
30.85 41
30.9 41
30.95 41
31 41
31.05 41
31.1 41
31.15 41
31.2 41
31.25 41
31.3 41
31.35 41
31.4 41
31.45 41
31.5 41
31.55 41
31.6 41
31.65 41
31.7 41
31.75 41
31.8 41
31.85 41
31.9 41
31.95 41
32 41
32.05 41
32.1 41
32.15 41
32.2 41
32.25 41
32.3 41
32.35 41
32.4 41
32.45 41
32.5 41
32.55 41
32.6 41
32.65 41
32.7 41
32.75 41
32.8 41
32.85 41
32.9 41
32.95 41
33 41
33.05 41
33.1 41
33.15 41
33.2 41
33.25 41
33.3 41
33.35 41
33.4 41
33.45 41
33.5 41
33.55 41
33.6 41
33.65 41
33.7 41
33.75 41
33.8 41
33.85 41
33.9 41
33.95 41
34 41
34.05 41
34.1 41
34.15 41
34.2 41
34.25 41
34.3 41
34.35 41
34.4 41
34.45 41
34.5 41
34.55 41
34.6 41
34.65 41
34.7 41
34.75 41
34.8 41
34.85 41
34.9 41
34.95 41
35 41
35.05 41
35.1 41
35.15 41
35.2 41
35.25 41
35.3 41
35.35 41
35.4 41
35.45 41
35.5 41
35.55 41
35.6 41
35.65 41
35.7 41
35.75 41
35.8 41
35.85 41
35.9 41
35.95 41
36 41
36.05 41
36.1 41
36.15 41
36.2 41
36.25 41
36.3 41
36.35 41
36.4 41
36.45 41
36.5 41
36.55 41
36.6 41
36.65 41
36.7 41
36.75 41
36.8 41
36.85 41
36.9 41
36.95 41
37 41
37.05 41
37.1 41
37.15 41
37.2 41
37.25 41
37.3 41
37.35 41
37.4 41
37.45 41
37.5 41
37.55 41
37.6 41
37.65 41
37.7 41
37.75 41
37.8 41
37.85 41
37.9 41
37.95 41
38 41
38.05 41
38.1 41
38.15 41
38.2 41
38.25 41
38.3 41
38.35 41
38.4 41
38.45 41
38.5 41
38.55 41
38.6 41
38.65 41
38.7 41
38.75 41
38.8 41
38.85 41
38.9 41
38.95 41
39 41
39.05 41
39.1 41
39.15 41
39.2 41
39.25 41
39.3 41
39.35 41
39.4 41
39.45 41
39.5 41
39.55 41
39.6 41
39.65 41
39.7 41
39.75 41
39.8 41
39.85 41
39.9 41
39.95 41
40 41
40.05 41
40.1 41
40.15 41
40.2 41
40.25 41
40.3 41
40.35 41
40.4 41
40.45 41
40.5 41
40.55 41
40.6 41
40.65 41
40.7 41
40.75 41
40.8 41
40.85 41
40.9 41
40.95 41
41 41
41.05 41
41.1 41
41.15 41
41.2 41
41.25 41
41.3 41
41.35 41
41.4 41
41.45 41
41.5 41
41.55 41
41.6 41
41.65 41
41.7 41
41.75 41
41.8 41
41.85 41
41.9 41
41.95 41
42 41
42.05 41
42.1 41
42.15 41
42.2 41
42.25 41
42.3 41
42.35 41
42.4 41
42.45 41
42.5 41
42.55 41
42.6 41
42.65 41
42.7 41
42.75 41
42.8 41
42.85 41
42.9 41
42.95 41
43 41
43.05 41
43.1 41
43.15 41
43.2 41
43.25 41
43.3 41
43.35 41
43.4 41
43.45 41
43.5 41
43.55 41
43.6 41
43.65 41
43.7 41
43.75 41
43.8 41
43.85 41
43.9 41
43.95 41
44 41
44.05 41
44.1 41
44.15 41
44.2 41
44.25 41
44.3 41
44.35 41
44.4 41
44.45 41
44.5 41
44.55 41
44.6 41
44.65 41
44.7 41
44.75 41
44.8 41
44.85 41
44.9 41
44.95 41
45 41
45.05 41
45.1 41
45.15 41
45.2 41
45.25 41
45.3 41
45.35 41
45.4 41
45.45 41
45.5 41
45.55 41
45.6 41
45.65 34
45.7 34
45.75 34
45.8 34
45.85 34
45.9 34
45.95 34
46 34
46.05 34
46.1 34
46.15 34
46.2 34
46.25 34
46.3 34
46.35 34
46.4 34
46.45 34
46.5 34
46.55 34
46.6 34
46.65 34
46.7 34
46.75 34
46.8 34
46.85 34
46.9 34
46.95 34
47 34
47.05 34
47.1 34
47.15 34
47.2 34
47.25 34
47.3 34
47.35 34
47.4 34
47.45 34
47.5 34
47.55 34
47.6 34
47.65 34
47.7 34
47.75 34
47.8 34
47.85 34
47.9 34
47.95 34
48 34
48.05 34
48.1 34
48.15 34
48.2 34
48.25 34
48.3 34
48.35 34
48.4 34
48.45 34
48.5 34
48.55 34
48.6 34
48.65 34
48.7 34
48.75 34
48.8 34
48.85 34
48.9 34
48.95 34
49 34
49.05 34
49.1 34
49.15 34
49.2 34
49.25 34
49.3 34
49.35 34
49.4 34
49.45 34
49.5 34
49.55 34
49.6 34
49.65 34
49.7 34
49.75 34
49.8 34
49.85 34
49.9 34
49.95 34
50 34
50.05 34
50.1 34
50.15 34
50.2 34
50.25 34
50.3 34
50.35 34
50.4 34
50.45 34
50.5 34
50.55 34
50.6 34
50.65 34
50.7 34
50.75 34
50.8 34
50.85 34
50.9 34
50.95 34
51 34
51.05 34
51.1 34
51.15 34
51.2 34
51.25 34
51.3 34
51.35 34
51.4 34
51.45 34
51.5 34
51.55 34
51.6 34
51.65 34
51.7 34
51.75 34
51.8 34
51.85 34
51.9 34
51.95 34
52 34
52.05 34
52.1 34
52.15 34
52.2 34
52.25 34
52.3 34
52.35 34
52.4 34
52.45 34
52.5 34
52.55 34
52.6 34
52.65 34
52.7 34
52.75 34
52.8 34
52.85 34
52.9 34
52.95 34
53 34
53.05 34
53.1 34
53.15 34
53.2 34
53.25 34
53.3 34
53.35 34
53.4 34
53.45 34
53.5 34
53.55 34
53.6 34
53.65 34
53.7 34
53.75 34
53.8 34
53.85 34
53.9 34
53.95 34
54 34
54.05 34
54.1 34
54.15 34
54.2 34
54.25 34
54.3 34
54.35 34
54.4 34
54.45 34
54.5 34
54.55 34
54.6 34
54.65 34
54.7 34
54.75 34
54.8 34
54.85 34
54.9 34
54.95 34
55 34
55.05 34
55.1 34
55.15 34
55.2 34
55.25 34
55.3 34
55.35 34
55.4 34
55.45 34
55.5 34
55.55 34
55.6 34
55.65 34
55.7 34
55.75 34
55.8 34
55.85 34
55.9 34
55.95 34
56 34
56.05 34
56.1 34
56.15 34
56.2 34
56.25 34
56.3 34
56.35 34
56.4 34
56.45 34
56.5 34
56.55 34
56.6 34
56.65 34
56.7 34
56.75 34
56.8 34
56.85 34
56.9 34
56.95 34
57 34
57.05 34
57.1 34
57.15 34
57.2 34
57.25 34
57.3 34
57.35 34
57.4 34
57.45 34
57.5 34
57.55 34
57.6 34
57.65 34
57.7 34
57.75 34
57.8 34
57.85 34
57.9 34
57.95 34
58 34
58.05 34
58.1 34
58.15 34
58.2 34
58.25 34
58.3 34
58.35 34
58.4 34
58.45 34
58.5 34
58.55 34
58.6 34
58.65 34
58.7 34
58.75 34
58.8 34
58.85 34
58.9 34
58.95 34
59 34
59.05 34
59.1 34
59.15 34
59.2 34
59.25 34
59.3 34
59.35 34
59.4 34
59.45 34
59.5 34
59.55 34
59.6 34
59.65 34
59.7 34
59.75 34
59.8 34
59.85 34
59.9 34
59.95 34
60 34
60.05 34
60.1 34
60.15 34
60.2 34
60.25 34
60.3 34
60.35 34
60.4 34
60.45 34
60.5 34
60.55 34
60.6 34
60.65 34
60.7 34
60.75 34
60.8 34
60.85 34
60.9 34
60.95 34
61 34
61.05 34
61.1 34
61.15 34
61.2 34
61.25 34
61.3 34
61.35 34
61.4 34
61.45 34
61.5 34
61.55 34
61.6 34
61.65 34
61.7 34
61.75 34
61.8 34
61.85 34
61.9 34
61.95 34
62 34
62.05 34
62.1 34
62.15 34
62.2 34
62.25 34
62.3 34
62.35 34
62.4 34
62.45 34
62.5 34
62.55 34
62.6 34
62.65 34
62.7 34
62.75 34
62.8 34
62.85 34
62.9 34
62.95 34
63 34
63.05 34
63.1 34
63.15 34
63.2 34
63.25 34
63.3 34
63.35 34
63.4 34
63.45 34
63.5 34
63.55 34
63.6 34
63.65 34
63.7 34
63.75 34
63.8 34
63.85 34
63.9 34
63.95 34
64 34
64.05 34
64.1 34
64.15 34
64.2 34
64.25 34
64.3 34
64.35 34
64.4 34
64.45 34
64.5 34
64.55 34
64.6 34
64.65 34
64.7 34
64.75 34
64.8 34
64.85 34
64.9 34
64.95 34
65 34
65.05 34
65.1 34
65.15 34
65.2 34
65.25 34
65.3 34
65.35 34
65.4 34
65.45 34
65.5 34
65.55 34
65.6 34
65.65 34
65.7 34
65.75 34
65.8 34
65.85 34
65.9 34
65.95 34
66 34
66.05 34
66.1 34
66.15 34
66.2 34
66.25 34
66.3 34
66.35 34
66.4 34
66.45 34
66.5 34
66.55 34
66.6 34
66.65 34
66.7 34
66.75 34
66.8 34
66.85 34
66.9 34
66.95 34
67 34
67.05 34
67.1 34
67.15 34
67.2 34
67.25 34
67.3 34
67.35 34
67.4 34
67.45 34
67.5 34
67.55 34
67.6 34
67.65 34
67.7 34
67.75 34
67.8 34
67.85 34
67.9 34
67.95 34
68 34
68.05 34
68.1 34
68.15 34
68.2 34
68.25 34
68.3 34
68.35 34
68.4 34
68.45 34
68.5 34
68.55 34
68.6 34
68.65 34
68.7 34
68.75 34
68.8 34
68.85 34
68.9 34
68.95 34
69 34
69.05 34
69.1 34
69.15 34
69.2 34
69.25 34
69.3 34
69.35 34
69.4 34
69.45 34
69.5 34
69.55 34
69.6 34
69.65 34
69.7 34
69.75 34
69.8 34
69.85 34
69.9 34
69.95 34
70 34
70.05 34
70.1 34
70.15 34
70.2 34
70.25 34
70.3 34
70.35 34
70.4 34
70.45 34
70.5 34
70.55 34
70.6 34
70.65 34
70.7 34
70.75 34
70.8 34
70.85 34
70.9 34
70.95 34
71 34
71.05 34
71.1 34
71.15 34
71.2 34
71.25 34
71.3 34
71.35 34
71.4 34
71.45 34
71.5 34
71.55 34
71.6 34
71.65 34
71.7 34
71.75 34
71.8 34
71.85 34
71.9 34
71.95 34
72 34
72.05 34
72.1 34
72.15 34
72.2 34
72.25 34
72.3 34
72.35 34
72.4 34
72.45 34
72.5 34
72.55 34
72.6 34
72.65 34
72.7 34
72.75 34
72.8 34
72.85 34
72.9 34
72.95 34
73 34
73.05 34
73.1 34
73.15 34
73.2 34
73.25 34
73.3 34
73.35 34
73.4 34
73.45 34
73.5 34
73.55 34
73.6 34
73.65 34
73.7 34
73.75 34
73.8 34
73.85 34
73.9 34
73.95 34
74 34
74.05 34
74.1 34
74.15 34
74.2 34
74.25 34
74.3 34
74.35 34
74.4 34
74.45 34
74.5 34
74.55 34
74.6 34
74.65 34
74.7 34
74.75 34
74.8 34
74.85 34
74.9 34
74.95 34
75 34
75.05 34
75.1 34
75.15 34
75.2 34
75.25 34
75.3 34
75.35 34
75.4 34
75.45 34
75.5 34
75.55 34
75.6 34
75.65 34
75.7 34
75.75 34
75.8 34
75.85 34
75.9 34
75.95 34
76 34
76.05 34
76.1 34
76.15 34
76.2 34
76.25 34
76.3 34
76.35 34
76.4 34
76.45 34
76.5 34
76.55 34
76.6 34
76.65 34
76.7 34
76.75 34
76.8 34
76.85 34
76.9 34
76.95 34
77 34
77.05 34
77.1 34
77.15 34
77.2 34
77.25 34
77.3 34
77.35 34
77.4 34
77.45 34
77.5 34
77.55 34
77.6 34
77.65 34
77.7 34
77.75 34
77.8 34
77.85 34
77.9 34
77.95 34
78 34
78.05 34
78.1 34
78.15 34
78.2 34
78.25 34
78.3 34
78.35 34
78.4 34
78.45 34
78.5 34
78.55 34
78.6 34
78.65 34
78.7 34
78.75 34
78.8 34
78.85 34
78.9 34
78.95 34
79 34
79.05 34
79.1 34
79.15 34
79.2 34
79.25 34
79.3 34
79.35 34
79.4 34
79.45 34
79.5 34
79.55 34
79.6 34
79.65 34
79.7 34
79.75 34
79.8 34
79.85 34
79.9 34
79.95 34
80 34
80.05 34
80.1 34
80.15 34
80.2 34
80.25 34
80.3 34
80.35 34
80.4 34
80.45 34
80.5 34
80.55 34
80.6 34
80.65 34
80.7 34
80.75 34
80.8 34
80.85 34
80.9 34
80.95 34
81 34
81.05 34
81.1 34
81.15 34
81.2 34
81.25 34
81.3 34
81.35 34
81.4 34
81.45 34
81.5 34
81.55 34
81.6 34
81.65 34
81.7 34
81.75 34
81.8 34
81.85 34
81.9 34
81.95 34
82 34
82.05 34
82.1 34
82.15 34
82.2 34
82.25 34
82.3 34
82.35 34
82.4 34
82.45 34
82.5 34
82.55 34
82.6 34
82.65 34
82.7 34
82.75 34
82.8 34
82.85 34
82.9 34
82.95 34
83 34
83.05 34
83.1 34
83.15 34
83.2 34
83.25 34
83.3 34
83.35 34
83.4 34
83.45 34
83.5 34
83.55 34
83.6 34
83.65 34
83.7 34
83.75 34
83.8 34
83.85 34
83.9 34
83.95 34
84 34
84.05 34
84.1 34
84.15 34
84.2 34
84.25 34
84.3 34
84.35 34
84.4 34
84.45 34
84.5 34
84.55 34
84.6 34
84.65 34
84.7 34
84.75 34
84.8 34
84.85 34
84.9 34
84.95 34
85 34
85.05 34
85.1 34
85.15 34
85.2 34
85.25 34
85.3 34
85.35 34
85.4 34
85.45 34
85.5 34
85.55 34
85.6 34
85.65 34
85.7 34
85.75 34
85.8 34
85.85 34
85.9 34
85.95 34
86 34
86.05 34
86.1 34
86.15 34
86.2 34
86.25 34
86.3 34
86.35 34
86.4 34
86.45 34
86.5 34
86.55 34
86.6 34
86.65 34
86.7 34
86.75 34
86.8 34
86.85 34
86.9 34
86.95 34
87 34
87.05 34
87.1 34
87.15 34
87.2 34
87.25 34
87.3 34
87.35 34
87.4 34
87.45 34
87.5 34
87.55 34
87.6 34
87.65 34
87.7 34
87.75 34
87.8 34
87.85 34
87.9 34
87.95 34
88 34
88.05 34
88.1 34
88.15 34
88.2 34
88.25 34
88.3 34
88.35 34
88.4 34
88.45 34
88.5 34
88.55 34
88.6 34
88.65 34
88.7 34
88.75 34
88.8 34
88.85 34
88.9 34
88.95 34
89 34
89.05 34
89.1 34
89.15 34
89.2 34
89.25 34
89.3 34
89.35 34
89.4 34
89.45 34
89.5 34
89.55 34
89.6 34
89.65 34
89.7 34
89.75 34
89.8 34
89.85 34
89.9 34
89.95 34
90 34
90.05 34
90.1 34
90.15 34
90.2 34
90.25 34
90.3 34
90.35 34
90.4 34
90.45 34
90.5 34
90.55 34
90.6 34
90.65 34
90.7 34
90.75 34
90.8 34
90.85 34
90.9 34
90.95 34
91 34
91.05 34
91.1 34
91.15 34
91.2 34
91.25 34
91.3 34
91.35 34
91.4 34
91.45 34
91.5 34
91.55 34
91.6 34
91.65 34
91.7 34
91.75 34
91.8 34
91.85 34
91.9 34
91.95 34
92 34
92.05 34
92.1 34
92.15 34
92.2 34
92.25 34
92.3 34
92.35 34
92.4 34
92.45 34
92.5 34
92.55 34
92.6 34
92.65 34
92.7 34
92.75 34
92.8 34
92.85 34
92.9 34
92.95 34
93 34
93.05 34
93.1 34
93.15 34
93.2 34
93.25 34
93.3 34
93.35 34
93.4 34
93.45 34
93.5 34
93.55 34
93.6 34
93.65 34
93.7 34
93.75 34
93.8 34
93.85 34
93.9 34
93.95 34
94 34
94.05 34
94.1 34
94.15 34
94.2 34
94.25 34
94.3 34
94.35 34
94.4 34
94.45 34
94.5 34
94.55 34
94.6 34
94.65 34
94.7 34
94.75 34
94.8 34
94.85 34
94.9 34
94.95 34
95 34
95.05 34
95.1 34
95.15 34
95.2 34
95.25 34
95.3 34
95.35 34
95.4 34
95.45 34
95.5 34
95.55 34
95.6 34
95.65 34
95.7 34
95.75 34
95.8 34
95.85 34
95.9 34
95.95 34
96 34
96.05 34
96.1 34
96.15 34
96.2 34
96.25 34
96.3 34
96.35 34
96.4 34
96.45 34
96.5 34
96.55 34
96.6 34
96.65 34
96.7 34
96.75 34
96.8 34
96.85 34
96.9 34
96.95 34
97 34
97.05 34
97.1 34
97.15 34
97.2 34
97.25 34
97.3 34
97.35 34
97.4 34
97.45 34
97.5 34
97.55 34
97.6 34
97.65 34
97.7 34
97.75 34
97.8 34
97.85 34
97.9 34
97.95 34
98 34
98.05 34
98.1 34
98.15 34
98.2 34
98.25 34
98.3 34
98.35 34
98.4 34
98.45 34
98.5 34
98.55 34
98.6 34
98.65 34
98.7 34
98.75 34
98.8 34
98.85 34
98.9 34
98.95 34
99 34
99.05 34
99.1 34
99.15 34
99.2 34
99.25 34
99.3 34
99.35 34
99.4 34
99.45 34
99.5 34
99.55 34
99.6 34
99.65 34
99.7 34
99.75 34
99.8 34
99.85 34
99.9 34
99.95 34
100 34
100.05 34
100.1 34
100.15 34
100.2 34
100.25 34
100.3 34
100.35 34
100.4 34
100.45 34
100.5 34
100.55 34
100.6 34
100.65 34
100.7 34
100.75 34
100.8 34
100.85 34
100.9 34
100.95 34
101 34
101.05 34
101.1 34
101.15 34
101.2 34
101.25 34
101.3 34
101.35 34
101.4 34
101.45 34
101.5 34
101.55 34
101.6 34
101.65 34
101.7 34
101.75 34
101.8 34
101.85 34
101.9 34
101.95 34
102 34
102.05 34
102.1 34
102.15 34
102.2 34
102.25 34
102.3 34
102.35 34
102.4 34
102.45 34
102.5 34
102.55 34
102.6 34
102.65 34
102.7 34
102.75 34
102.8 34
102.85 34
102.9 34
102.95 34
103 34
103.05 34
103.1 34
103.15 34
103.2 34
103.25 34
103.3 34
103.35 34
103.4 34
103.45 34
103.5 34
103.55 34
103.6 34
103.65 34
103.7 34
103.75 34
103.8 34
103.85 34
103.9 34
103.95 34
104 34
104.05 34
104.1 34
104.15 34
104.2 34
104.25 34
104.3 34
104.35 34
104.4 34
104.45 34
104.5 34
104.55 34
104.6 34
104.65 34
104.7 34
104.75 34
104.8 34
104.85 34
104.9 34
104.95 34
105 34
105.05 34
105.1 34
105.15 34
105.2 34
105.25 34
105.3 34
105.35 34
105.4 34
105.45 34
105.5 34
105.55 34
105.6 34
105.65 37
105.7 37
105.75 37
105.8 37
105.85 37
105.9 37
105.95 37
106 37
106.05 37
106.1 37
106.15 37
106.2 37
106.25 37
106.3 37
106.35 37
106.4 37
106.45 37
106.5 37
106.55 37
106.6 37
106.65 37
106.7 37
106.75 37
106.8 37
106.85 37
106.9 37
106.95 37
107 37
107.05 37
107.1 37
107.15 37
107.2 37
107.25 37
107.3 37
107.35 37
107.4 37
107.45 37
107.5 37
107.55 37
107.6 37
107.65 37
107.7 37
107.75 37
107.8 37
107.85 37
107.9 37
107.95 37
108 37
108.05 37
108.1 37
108.15 37
108.2 37
108.25 37
108.3 37
108.35 37
108.4 37
108.45 37
108.5 37
108.55 37
108.6 37
108.65 37
108.7 37
108.75 37
108.8 37
108.85 37
108.9 37
108.95 37
109 37
109.05 37
109.1 37
109.15 37
109.2 37
109.25 37
109.3 37
109.35 37
109.4 37
109.45 37
109.5 37
109.55 37
109.6 37
109.65 37
109.7 37
109.75 37
109.8 37
109.85 37
109.9 37
109.95 37
110 37
110.05 37
110.1 37
110.15 37
110.2 37
110.25 37
110.3 37
110.35 37
110.4 37
110.45 37
110.5 37
110.55 37
110.6 37
110.65 37
110.7 37
110.75 37
110.8 37
110.85 37
110.9 37
110.95 37
111 37
111.05 37
111.1 37
111.15 37
111.2 37
111.25 37
111.3 37
111.35 37
111.4 37
111.45 37
111.5 37
111.55 37
111.6 37
111.65 37
111.7 37
111.75 37
111.8 37
111.85 37
111.9 37
111.95 37
112 37
112.05 37
112.1 37
112.15 37
112.2 37
112.25 37
112.3 37
112.35 37
112.4 37
112.45 37
112.5 37
112.55 37
112.6 37
112.65 37
112.7 37
112.75 37
112.8 37
112.85 37
112.9 37
112.95 37
113 37
113.05 37
113.1 37
113.15 37
113.2 37
113.25 37
113.3 37
113.35 37
113.4 37
113.45 37
113.5 37
113.55 37
113.6 37
113.65 37
113.7 37
113.75 37
113.8 37
113.85 37
113.9 37
113.95 37
114 37
114.05 37
114.1 37
114.15 37
114.2 37
114.25 37
114.3 37
114.35 37
114.4 37
114.45 37
114.5 37
114.55 37
114.6 37
114.65 37
114.7 37
114.75 37
114.8 37
114.85 37
114.9 37
114.95 37
115 37
115.05 37
115.1 37
115.15 37
115.2 37
115.25 37
115.3 37
115.35 37
115.4 37
115.45 37
115.5 37
115.55 37
115.6 37
115.65 37
115.7 37
115.75 37
115.8 37
115.85 37
115.9 37
115.95 37
116 37
116.05 37
116.1 37
116.15 37
116.2 37
116.25 37
116.3 37
116.35 37
116.4 37
116.45 37
116.5 37
116.55 37
116.6 37
116.65 37
116.7 37
116.75 37
116.8 37
116.85 37
116.9 37
116.95 37
117 37
117.05 37
117.1 37
117.15 37
117.2 37
117.25 37
117.3 37
117.35 37
117.4 37
117.45 37
117.5 37
117.55 37
117.6 37
117.65 37
117.7 37
117.75 37
117.8 37
117.85 37
117.9 37
117.95 37
118 37
118.05 37
118.1 37
118.15 37
118.2 37
118.25 37
118.3 37
118.35 37
118.4 37
118.45 37
118.5 37
118.55 37
118.6 37
118.65 37
118.7 37
118.75 37
118.8 37
118.85 37
118.9 37
118.95 37
119 37
119.05 37
119.1 37
119.15 37
119.2 37
119.25 37
119.3 37
119.35 37
119.4 37
119.45 37
119.5 37
119.55 37
119.6 37
119.65 37
119.7 37
119.75 37
119.8 37
119.85 37
119.9 37
119.95 37
120 37
120.05 37
120.1 37
120.15 37
120.2 37
120.25 37
120.3 37
120.35 37
120.4 37
120.45 37
120.5 37
120.55 37
120.6 37
120.65 37
120.7 37
120.75 37
120.8 37
120.85 37
120.9 37
120.95 37
121 37
121.05 37
121.1 37
121.15 37
121.2 37
121.25 37
121.3 37
121.35 37
121.4 37
121.45 37
121.5 37
121.55 37
121.6 37
121.65 37
121.7 37
121.75 37
121.8 37
121.85 37
121.9 37
121.95 37
122 37
122.05 37
122.1 37
122.15 37
122.2 37
122.25 37
122.3 37
122.35 37
122.4 37
122.45 37
122.5 37
122.55 37
122.6 37
122.65 37
122.7 37
122.75 37
122.8 37
122.85 37
122.9 37
122.95 37
123 37
123.05 37
123.1 37
123.15 37
123.2 37
123.25 37
123.3 37
123.35 37
123.4 37
123.45 37
123.5 37
123.55 37
123.6 37
123.65 37
123.7 37
123.75 37
123.8 37
123.85 37
123.9 37
123.95 37
124 37
124.05 37
124.1 37
124.15 37
124.2 37
124.25 37
124.3 37
124.35 37
124.4 37
124.45 37
124.5 37
124.55 37
124.6 37
124.65 37
124.7 37
124.75 37
124.8 37
124.85 37
124.9 37
124.95 37
125 37
125.05 37
125.1 37
125.15 37
125.2 37
125.25 37
125.3 37
125.35 37
125.4 37
125.45 37
125.5 37
125.55 37
125.6 37
125.65 37
125.7 37
125.75 37
125.8 37
125.85 37
125.9 37
125.95 37
126 37
126.05 37
126.1 37
126.15 37
126.2 37
126.25 37
126.3 37
126.35 37
126.4 37
126.45 37
126.5 37
126.55 37
126.6 37
126.65 37
126.7 37
126.75 37
126.8 37
126.85 37
126.9 37
126.95 37
127 37
127.05 37
127.1 37
127.15 37
127.2 37
127.25 37
127.3 37
127.35 37
127.4 37
127.45 37
127.5 37
127.55 37
127.6 37
127.65 37
127.7 37
127.75 37
127.8 37
127.85 37
127.9 37
127.95 37
128 37
128.05 37
128.1 37
128.15 37
128.2 37
128.25 37
128.3 37
128.35 37
128.4 37
128.45 37
128.5 37
128.55 37
128.6 37
128.65 37
128.7 37
128.75 37
128.8 37
128.85 37
128.9 37
128.95 37
129 37
129.05 37
129.1 37
129.15 37
129.2 37
129.25 37
129.3 37
129.35 37
129.4 37
129.45 37
129.5 37
129.55 37
129.6 37
129.65 37
129.7 37
129.75 37
129.8 37
129.85 37
129.9 37
129.95 37
130 37
130.05 37
130.1 37
130.15 37
130.2 37
130.25 37
130.3 37
130.35 37
130.4 37
130.45 37
130.5 37
130.55 37
130.6 37
130.65 37
130.7 37
130.75 37
130.8 37
130.85 37
130.9 37
130.95 37
131 37
131.05 37
131.1 37
131.15 37
131.2 37
131.25 37
131.3 37
131.35 37
131.4 37
131.45 37
131.5 37
131.55 37
131.6 37
131.65 37
131.7 37
131.75 37
131.8 37
131.85 37
131.9 37
131.95 37
132 37
132.05 37
132.1 37
132.15 37
132.2 37
132.25 37
132.3 37
132.35 37
132.4 37
132.45 37
132.5 37
132.55 37
132.6 37
132.65 37
132.7 37
132.75 37
132.8 37
132.85 37
132.9 37
132.95 37
133 37
133.05 37
133.1 37
133.15 37
133.2 37
133.25 37
133.3 37
133.35 37
133.4 37
133.45 37
133.5 37
133.55 37
133.6 37
133.65 37
133.7 37
133.75 37
133.8 37
133.85 37
133.9 37
133.95 37
134 37
134.05 37
134.1 37
134.15 37
134.2 37
134.25 37
134.3 37
134.35 37
134.4 37
134.45 37
134.5 37
134.55 37
134.6 37
134.65 37
134.7 37
134.75 37
134.8 37
134.85 37
134.9 37
134.95 37
135 37
135.05 37
135.1 37
135.15 37
135.2 37
135.25 37
135.3 37
135.35 37
135.4 37
135.45 37
135.5 37
135.55 37
135.6 37
135.65 37
135.7 37
135.75 37
135.8 37
135.85 37
135.9 37
135.95 37
136 37
136.05 37
136.1 37
136.15 37
136.2 37
136.25 37
136.3 37
136.35 37
136.4 37
136.45 37
136.5 37
136.55 37
136.6 37
136.65 37
136.7 37
136.75 37
136.8 37
136.85 37
136.9 37
136.95 37
137 37
137.05 37
137.1 37
137.15 37
137.2 37
137.25 37
137.3 37
137.35 37
137.4 37
137.45 37
137.5 37
137.55 37
137.6 37
137.65 37
137.7 37
137.75 37
137.8 37
137.85 37
137.9 37
137.95 37
138 37
138.05 37
138.1 37
138.15 37
138.2 37
138.25 37
138.3 37
138.35 37
138.4 37
138.45 37
138.5 37
138.55 37
138.6 37
138.65 37
138.7 37
138.75 37
138.8 37
138.85 37
138.9 37
138.95 37
139 37
139.05 37
139.1 37
139.15 37
139.2 37
139.25 37
139.3 37
139.35 37
139.4 37
139.45 37
139.5 37
139.55 37
139.6 37
139.65 37
139.7 37
139.75 37
139.8 37
139.85 37
139.9 37
139.95 37
140 37
140.05 37
140.1 37
140.15 37
140.2 37
140.25 37
140.3 37
140.35 37
140.4 37
140.45 37
140.5 37
140.55 37
140.6 37
140.65 37
140.7 37
140.75 37
140.8 37
140.85 37
140.9 37
140.95 37
141 37
141.05 37
141.1 37
141.15 37
141.2 37
141.25 37
141.3 37
141.35 37
141.4 37
141.45 37
141.5 37
141.55 37
141.6 37
141.65 37
141.7 37
141.75 37
141.8 37
141.85 37
141.9 37
141.95 37
142 37
142.05 37
142.1 37
142.15 37
142.2 37
142.25 37
142.3 37
142.35 37
142.4 37
142.45 37
142.5 37
142.55 37
142.6 37
142.65 37
142.7 37
142.75 37
142.8 37
142.85 37
142.9 37
142.95 37
143 37
143.05 37
143.1 37
143.15 37
143.2 37
143.25 37
143.3 37
143.35 37
143.4 37
143.45 37
143.5 37
143.55 37
143.6 37
143.65 37
143.7 37
143.75 37
143.8 37
143.85 37
143.9 37
143.95 37
144 37
144.05 37
144.1 37
144.15 37
144.2 37
144.25 37
144.3 37
144.35 37
144.4 37
144.45 37
144.5 37
144.55 37
144.6 37
144.65 37
144.7 37
144.75 37
144.8 37
144.85 37
144.9 37
144.95 37
145 37
145.05 37
145.1 37
145.15 37
145.2 37
145.25 37
145.3 37
145.35 37
145.4 37
145.45 37
145.5 37
145.55 37
145.6 37
145.65 37
145.7 37
145.75 37
145.8 37
145.85 37
145.9 37
145.95 37
146 37
146.05 37
146.1 37
146.15 37
146.2 37
146.25 37
146.3 37
146.35 37
146.4 37
146.45 37
146.5 37
146.55 37
146.6 37
146.65 37
146.7 37
146.75 37
146.8 37
146.85 37
146.9 37
146.95 37
147 37
147.05 37
147.1 37
147.15 37
147.2 37
147.25 37
147.3 37
147.35 37
147.4 37
147.45 37
147.5 37
147.55 37
147.6 37
147.65 37
147.7 37
147.75 37
147.8 37
147.85 37
147.9 37
147.95 37
148 37
148.05 37
148.1 37
148.15 37
148.2 37
148.25 37
148.3 37
148.35 37
148.4 37
148.45 37
148.5 37
148.55 37
148.6 37
148.65 37
148.7 37
148.75 37
148.8 37
148.85 37
148.9 37
148.95 37
149 37
149.05 37
149.1 37
149.15 37
149.2 37
149.25 37
149.3 37
149.35 37
149.4 37
149.45 37
149.5 37
149.55 37
149.6 37
149.65 37
149.7 37
149.75 37
149.8 37
149.85 37
149.9 37
149.95 37
150 37
150.05 37
150.1 37
150.15 37
150.2 37
150.25 37
150.3 37
150.35 37
150.4 37
150.45 37
150.5 37
150.55 37
150.6 37
150.65 37
150.7 37
150.75 37
150.8 37
150.85 37
150.9 37
150.95 37
151 37
151.05 37
151.1 37
151.15 37
151.2 37
151.25 37
151.3 37
151.35 37
151.4 37
151.45 37
151.5 37
151.55 37
151.6 37
151.65 37
151.7 37
151.75 37
151.8 37
151.85 37
151.9 37
151.95 37
152 37
152.05 37
152.1 37
152.15 37
152.2 37
152.25 37
152.3 37
152.35 37
152.4 37
152.45 37
152.5 37
152.55 37
152.6 37
152.65 37
152.7 37
152.75 37
152.8 37
152.85 37
152.9 37
152.95 37
153 37
153.05 37
153.1 37
153.15 37
153.2 37
153.25 37
153.3 37
153.35 37
153.4 37
153.45 37
153.5 37
153.55 37
153.6 37
153.65 37
153.7 37
153.75 37
153.8 37
153.85 37
153.9 37
153.95 37
154 37
154.05 37
154.1 37
154.15 37
154.2 37
154.25 37
154.3 37
154.35 37
154.4 37
154.45 37
154.5 37
154.55 37
154.6 37
154.65 37
154.7 37
154.75 37
154.8 37
154.85 37
154.9 37
154.95 37
155 37
155.05 37
155.1 37
155.15 37
155.2 37
155.25 37
155.3 37
155.35 37
155.4 37
155.45 37
155.5 37
155.55 37
155.6 37
155.65 37
155.7 37
155.75 37
155.8 37
155.85 37
155.9 37
155.95 37
156 37
156.05 37
156.1 37
156.15 37
156.2 37
156.25 37
156.3 37
156.35 37
156.4 37
156.45 37
156.5 37
156.55 37
156.6 37
156.65 37
156.7 37
156.75 37
156.8 37
156.85 37
156.9 37
156.95 37
157 37
157.05 37
157.1 37
157.15 37
157.2 37
157.25 37
157.3 37
157.35 37
157.4 37
157.45 37
157.5 37
157.55 37
157.6 37
157.65 37
157.7 37
157.75 37
157.8 37
157.85 37
157.9 37
157.95 37
158 37
158.05 37
158.1 37
158.15 37
158.2 37
158.25 37
158.3 37
158.35 37
158.4 37
158.45 37
158.5 37
158.55 37
158.6 37
158.65 37
158.7 37
158.75 37
158.8 37
158.85 37
158.9 37
158.95 37
159 37
159.05 37
159.1 37
159.15 37
159.2 37
159.25 37
159.3 37
159.35 37
159.4 37
159.45 37
159.5 37
159.55 37
159.6 37
159.65 37
159.7 37
159.75 37
159.8 37
159.85 37
159.9 37
159.95 37
160 37
160.05 37
160.1 37
160.15 37
160.2 37
160.25 37
160.3 37
160.35 37
160.4 37
160.45 37
160.5 37
160.55 37
160.6 37
160.65 37
160.7 37
160.75 37
160.8 37
160.85 37
160.9 37
160.95 37
161 37
161.05 37
161.1 37
161.15 37
161.2 37
161.25 37
161.3 37
161.35 37
161.4 37
161.45 37
161.5 37
161.55 37
161.6 37
161.65 37
161.7 37
161.75 37
161.8 37
161.85 37
161.9 37
161.95 37
162 37
162.05 37
162.1 37
162.15 37
162.2 37
162.25 37
162.3 37
162.35 37
162.4 37
162.45 37
162.5 37
162.55 37
162.6 37
162.65 37
162.7 37
162.75 37
162.8 37
162.85 37
162.9 37
162.95 37
163 37
163.05 37
163.1 37
163.15 37
163.2 37
163.25 37
163.3 37
163.35 37
163.4 37
163.45 37
163.5 37
163.55 37
163.6 37
163.65 37
163.7 37
163.75 37
163.8 37
163.85 37
163.9 37
163.95 37
164 37
164.05 37
164.1 37
164.15 37
164.2 37
164.25 37
164.3 37
164.35 37
164.4 37
164.45 37
164.5 37
164.55 37
164.6 37
164.65 37
164.7 37
164.75 37
164.8 37
164.85 37
164.9 37
164.95 37
165 37
165.05 37
165.1 37
165.15 37
165.2 37
165.25 37
165.3 37
165.35 37
165.4 37
165.45 37
165.5 37
165.55 37
165.6 37
165.65 37
165.7 37
165.75 37
165.8 37
165.85 37
165.9 37
165.95 37
166 37
166.05 37
166.1 37
166.15 37
166.2 37
166.25 37
166.3 37
166.35 37
166.4 37
166.45 37
166.5 37
166.55 37
166.6 37
166.65 37
166.7 37
166.75 37
166.8 37
166.85 37
166.9 37
166.95 37
167 37
167.05 37
167.1 37
167.15 37
167.2 37
167.25 37
167.3 37
167.35 37
167.4 37
167.45 37
167.5 37
167.55 37
167.6 37
167.65 37
167.7 37
167.75 37
167.8 37
167.85 37
167.9 37
167.95 37
168 37
168.05 37
168.1 37
168.15 37
168.2 37
168.25 37
168.3 37
168.35 37
168.4 37
168.45 37
168.5 37
168.55 37
168.6 37
168.65 37
168.7 37
168.75 37
168.8 37
168.85 37
168.9 37
168.95 37
169 37
169.05 37
169.1 37
169.15 37
169.2 37
169.25 37
169.3 37
169.35 37
169.4 37
169.45 37
169.5 37
169.55 37
169.6 37
169.65 37
169.7 37
169.75 37
169.8 37
169.85 37
169.9 37
169.95 37
170 37
170.05 37
170.1 37
170.15 37
170.2 37
170.25 37
170.3 37
170.35 37
170.4 37
170.45 37
170.5 37
170.55 37
170.6 37
170.65 37
170.7 37
170.75 37
