1 0
1.0255 0
1.051 0
1.0765 0
1.102 0
1.1275 0
1.153 0
1.1785 0
1.204 0
1.2295 0
1.255 0
1.2805 0
1.306 0
1.3315 0
1.357 0
1.3825 0
1.408 0
1.4335 0
1.459 0
1.4845 0
1.51 0
1.5355 0
1.561 0
1.5865 0
1.612 0
1.6375 0
1.663 0
1.6885 0
1.714 0
1.7395 0
1.765 0
1.7905 0
1.816 0
1.8415 0
1.867 0
1.8925 0
1.918 0
1.9435 0
1.969 0
1.9945 0
2.02 0
2.0455 0
2.071 0
2.0965 0
2.122 0
2.1475 0
2.173 0
2.1985 0
2.224 0
2.2495 0
2.275 0
2.3005 0
2.326 0.0030435
2.3515 0.0030435
2.377 0.0030435
2.4025 0.0030435
2.428 0.0030435
2.4535 0.0030435
2.479 0.0030435
2.5045 0.0030435
2.53 0.0030435
2.5555 0.0030435
2.581 0.0030435
2.6065 0.0030435
2.632 0.0030435
2.6575 0.0030435
2.683 0.0030435
2.7085 0.0030435
2.734 0.0030435
2.7595 0.0030435
2.785 0.0030435
2.8105 0.0056522
2.836 0.0056522
2.8615 0.0056522
2.887 0.0056522
2.9125 0.0056522
2.938 0.0056522
2.9635 0.0056522
2.989 0.0056522
3.0145 0.0056522
3.04 0.0056522
3.0655 0.0056522
3.091 0.01087
3.1165 0.01087
3.142 0.01087
3.1675 0.01087
3.193 0.01087
3.2185 0.01087
3.244 0.01087
3.2695 0.01087
3.295 0.01087
3.3205 0.01087
3.346 0.013913
3.3715 0.013913
3.397 0.013913
3.4225 0.013913
3.448 0.013913
3.4735 0.013913
3.499 0.013913
3.5245 0.013913
3.55 0.013913
3.5755 0.013913
3.601 0.01913
3.6265 0.01913
3.652 0.01913
3.6775 0.01913
3.703 0.01913
3.7285 0.01913
3.754 0.01913
3.7795 0.01913
3.805 0.01913
3.8305 0.01913
3.856 0.024783
3.8815 0.024783
3.907 0.024783
3.9325 0.024783
3.958 0.024783
3.9835 0.024783
4.009 0.024783
4.0345 0.024783
4.06 0.024783
4.0855 0.024783
4.111 0.03
4.1365 0.03
4.162 0.03
4.1875 0.03
4.213 0.03
4.2385 0.03
4.264 0.03
4.2895 0.03
4.315 0.03
4.3405 0.03
4.366 0.03
4.3915 0.03
4.417 0.03
4.4425 0.03
4.468 0.03
4.4935 0.03
4.519 0.03
4.5445 0.03
4.57 0.03
4.5955 0.035652
4.621 0.038261
4.6465 0.038261
4.672 0.038261
4.6975 0.038261
4.723 0.038261
4.7485 0.038261
4.774 0.038261
4.7995 0.038261
4.825 0.038261
4.8505 0.038261
4.876 0.043478
4.9015 0.043478
4.927 0.043478
4.9525 0.043478
4.978 0.043478
5.0035 0.043478
5.029 0.043478
5.0545 0.043478
5.08 0.043478
5.1055 0.043478
5.131 0.04913
5.1565 0.04913
5.182 0.04913
5.2075 0.04913
5.233 0.04913
5.2585 0.04913
5.284 0.04913
5.3095 0.04913
5.335 0.04913
5.3605 0.04913
5.386 0.057391
5.4115 0.057391
5.437 0.057391
5.4625 0.057391
5.488 0.057391
5.5135 0.057391
5.539 0.057391
5.5645 0.057391
5.59 0.057391
5.6155 0.057391
5.641 0.062609
5.6665 0.062609
5.692 0.062609
5.7175 0.062609
5.743 0.062609
5.7685 0.062609
5.794 0.062609
5.8195 0.062609
5.845 0.062609
5.8705 0.062609
5.896 0.068261
5.9215 0.068261
5.947 0.068261
5.9725 0.068261
5.998 0.068261
6.0235 0.068261
6.049 0.068261
6.0745 0.068261
6.1 0.068261
6.1255 0.068261
6.151 0.068261
6.1765 0.068261
6.202 0.068261
6.2275 0.068261
6.253 0.068261
6.2785 0.068261
6.304 0.068261
6.3295 0.068261
6.355 0.068261
6.3805 0.073478
6.406 0.07913
6.4315 0.07913
6.457 0.07913
6.4825 0.07913
6.508 0.07913
6.5335 0.07913
6.559 0.07913
6.5845 0.07913
6.61 0.07913
6.6355 0.07913
6.661 0.084348
6.6865 0.084348
6.712 0.084348
6.7375 0.084348
6.763 0.084348
6.7885 0.084348
6.814 0.084348
6.8395 0.084348
6.865 0.084348
6.8905 0.084348
6.916 0.09
6.9415 0.09
6.967 0.09
6.9925 0.09
7.018 0.09
7.0435 0.09
7.069 0.09
7.0945 0.09
7.12 0.09
7.1455 0.09
7.171 0.097826
7.1965 0.097826
7.222 0.097826
7.2475 0.097826
7.273 0.097826
7.2985 0.097826
7.324 0.097826
7.3495 0.097826
7.375 0.097826
7.4005 0.097826
7.426 0.10348
7.4515 0.10348
7.477 0.10348
7.5025 0.10348
7.528 0.10348
7.5535 0.10348
7.579 0.10348
7.6045 0.10348
7.63 0.10348
7.6555 0.10348
7.681 0.1087
7.7065 0.1087
7.732 0.1087
7.7575 0.1087
7.783 0.1087
7.8085 0.1087
7.834 0.1087
7.8595 0.1087
7.885 0.1087
7.9105 0.1087
7.936 0.1087
7.9615 0.1087
7.987 0.1087
8.0125 0.1087
8.038 0.1087
8.0635 0.1087
8.089 0.1087
8.1145 0.1087
8.14 0.1087
8.1655 0.11435
8.191 0.11696
8.2165 0.11696
8.242 0.11696
8.2675 0.11696
8.293 0.11696
8.3185 0.11696
8.344 0.11696
8.3695 0.11696
8.395 0.11696
8.4205 0.11696
8.446 0.12522
8.4715 0.12522
8.497 0.12522
8.5225 0.12522
8.548 0.12522
8.5735 0.12522
8.599 0.12522
8.6245 0.12522
8.65 0.12522
8.6755 0.12522
8.701 0.13348
8.7265 0.13348
8.752 0.13348
8.7775 0.13348
8.803 0.13348
8.8285 0.13348
8.854 0.13348
8.8795 0.13348
8.905 0.13348
8.9305 0.13348
8.956 0.1413
8.9815 0.1413
9.007 0.1413
9.0325 0.1413
9.058 0.1413
9.0835 0.1413
9.109 0.1413
9.1345 0.1413
9.16 0.1413
9.1855 0.1413
9.211 0.14696
9.2365 0.14696
9.262 0.14696
9.2875 0.14696
9.313 0.14696
9.3385 0.14696
9.364 0.14696
9.3895 0.14696
9.415 0.14696
9.4405 0.14696
9.466 0.15217
9.4915 0.15217
9.517 0.15217
9.5425 0.15217
9.568 0.15217
9.5935 0.15217
9.619 0.15217
9.6445 0.15217
9.67 0.15217
9.6955 0.15217
9.721 0.15217
9.7465 0.15217
9.772 0.15217
9.7975 0.15217
9.823 0.15217
9.8485 0.15217
9.874 0.15217
9.8995 0.15217
9.925 0.15217
9.9505 0.15522
9.976 0.15783
10.002 0.15783
10.027 0.15783
10.053 0.15783
10.078 0.15783
10.103 0.15783
10.129 0.15783
10.154 0.15783
10.18 0.15783
10.205 0.15783
10.231 0.16304
10.256 0.16304
10.282 0.16304
10.307 0.16304
10.333 0.16304
10.358 0.16304
10.384 0.16304
10.409 0.16304
10.435 0.16304
10.46 0.16304
10.486 0.16609
10.511 0.16609
10.537 0.16609
10.562 0.16609
10.588 0.16609
10.614 0.16609
10.639 0.16609
10.664 0.16609
10.69 0.16609
10.715 0.16609
10.741 0.1687
10.766 0.1687
10.792 0.1687
10.817 0.1687
10.843 0.1687
10.868 0.1687
10.894 0.1687
10.919 0.1687
10.945 0.1687
10.97 0.1687
10.996 0.17391
11.021 0.17391
11.047 0.17391
11.072 0.17391
11.098 0.17391
11.123 0.17391
11.149 0.17391
11.175 0.17391
11.2 0.17391
11.225 0.17391
11.251 0.17696
11.276 0.17696
11.302 0.17696
11.327 0.17696
11.353 0.17696
11.378 0.17696
11.404 0.17696
11.429 0.17696
11.455 0.17696
11.48 0.17696
11.506 0.17696
11.531 0.17696
11.557 0.17696
11.582 0.17696
11.608 0.17696
11.633 0.17696
11.659 0.17696
11.684 0.17696
11.71 0.17696
11.736 0.17957
11.761 0.18217
11.786 0.18217
11.812 0.18217
11.837 0.18217
11.863 0.18217
11.888 0.18217
11.914 0.18217
11.939 0.18217
11.965 0.18217
11.99 0.18217
12.016 0.18478
12.041 0.18478
12.067 0.18478
12.092 0.18478
12.118 0.18478
12.143 0.18478
12.169 0.18478
12.194 0.18478
12.22 0.18478
12.245 0.18478
12.271 0.19043
12.296 0.19043
12.322 0.19043
12.348 0.19043
12.373 0.19043
12.398 0.19043
12.424 0.19043
12.449 0.19043
12.475 0.19043
12.5 0.19043
12.526 0.19304
12.551 0.19304
12.577 0.19304
12.602 0.19304
12.628 0.19304
12.653 0.19304
12.679 0.19304
12.704 0.19304
12.73 0.19304
12.755 0.19304
12.781 0.19565
12.806 0.19565
12.832 0.19565
12.857 0.19565
12.883 0.19565
12.909 0.19565
12.934 0.19565
12.959 0.19565
12.985 0.19565
13.01 0.19565
13.036 0.2013
13.061 0.2013
13.087 0.2013
13.112 0.2013
13.138 0.2013
13.163 0.2013
13.189 0.2013
13.214 0.2013
13.24 0.2013
13.265 0.2013
13.291 0.2013
13.316 0.2013
13.342 0.2013
13.367 0.2013
13.393 0.2013
13.418 0.2013
13.444 0.2013
13.47 0.2013
13.495 0.2013
13.52 0.20391
13.546 0.20391
13.571 0.20391
13.597 0.20391
13.622 0.20391
13.648 0.20391
13.673 0.20391
13.699 0.20391
13.724 0.20391
13.75 0.20391
13.775 0.20391
13.801 0.20957
13.826 0.20957
13.852 0.20957
13.877 0.20957
13.903 0.20957
13.928 0.20957
13.954 0.20957
13.979 0.20957
14.005 0.20957
14.03 0.20957
14.056 0.21217
14.081 0.21217
14.107 0.21217
14.132 0.21217
14.158 0.21217
14.183 0.21217
14.209 0.21217
14.234 0.21217
14.26 0.21217
14.285 0.21217
14.311 0.21478
14.336 0.21478
14.362 0.21478
14.387 0.21478
14.413 0.21478
14.438 0.21478
14.464 0.21478
14.489 0.21478
14.515 0.21478
14.54 0.21478
14.566 0.21739
14.591 0.21739
14.617 0.21739
14.642 0.21739
14.668 0.21739
14.693 0.21739
14.719 0.21739
14.744 0.21739
14.77 0.21739
14.795 0.21739
14.821 0.22043
14.846 0.22043
14.872 0.22043
14.897 0.22043
14.923 0.22043
14.948 0.22043
14.974 0.22043
14.999 0.22043
15.025 0.22043
15.05 0.22043
15.076 0.22043
15.101 0.22043
15.127 0.22043
15.152 0.22043
15.178 0.22043
15.203 0.22043
15.229 0.22043
15.254 0.22043
15.28 0.22043
15.305 0.22304
15.331 0.22304
15.356 0.22304
15.382 0.22304
15.407 0.22304
15.433 0.22304
15.458 0.22304
15.484 0.22304
15.509 0.22304
15.535 0.22304
15.56 0.22304
15.586 0.22565
15.611 0.22565
15.637 0.22565
15.662 0.22565
15.688 0.22565
15.713 0.22565
15.739 0.22565
15.764 0.22565
15.79 0.22565
15.815 0.22565
15.841 0.22826
15.866 0.22826
15.892 0.22826
15.917 0.22826
15.943 0.22826
15.968 0.22826
15.994 0.22826
16.02 0.22826
16.045 0.22826
16.07 0.22826
16.096 0.2313
16.121 0.2313
16.147 0.2313
16.172 0.2313
16.198 0.2313
16.224 0.2313
16.249 0.2313
16.274 0.2313
16.3 0.2313
16.325 0.2313
16.351 0.23391
16.377 0.23391
16.402 0.23391
16.427 0.23391
16.453 0.23391
16.478 0.23391
16.504 0.23391
16.529 0.23391
16.555 0.23391
16.581 0.23391
16.606 0.23652
16.631 0.23652
16.657 0.23652
16.682 0.23652
16.708 0.23652
16.733 0.23652
16.759 0.23652
16.785 0.23652
16.81 0.23652
16.835 0.23652
16.861 0.23652
16.886 0.23652
16.912 0.23652
16.938 0.23652
16.963 0.23652
16.988 0.23652
17.014 0.23652
17.04 0.23652
17.065 0.23652
17.09 0.23913
17.116 0.23913
17.142 0.23913
17.167 0.23913
17.192 0.23913
17.218 0.23913
17.243 0.23913
17.269 0.23913
17.294 0.23913
17.32 0.23913
17.345 0.23913
17.371 0.23913
17.396 0.23913
17.422 0.23913
17.447 0.23913
17.473 0.23913
17.498 0.23913
17.524 0.23913
17.549 0.23913
17.575 0.23913
17.601 0.23913
17.626 0.24217
17.651 0.24217
17.677 0.24217
17.703 0.24217
17.728 0.24217
17.753 0.24217
17.779 0.24217
17.804 0.24217
17.83 0.24217
17.855 0.24217
17.881 0.24217
17.906 0.24217
17.932 0.24217
17.957 0.24217
17.983 0.24217
18.008 0.24217
18.034 0.24217
18.059 0.24217
18.085 0.24217
18.11 0.24217
18.136 0.24478
18.162 0.24478
18.187 0.24478
18.212 0.24478
18.238 0.24478
18.264 0.24478
18.289 0.24478
18.314 0.24478
18.34 0.24478
18.365 0.24478
18.391 0.24739
18.416 0.24739
18.442 0.24739
18.467 0.24739
18.493 0.24739
18.518 0.24739
18.544 0.24739
18.569 0.24739
18.595 0.24739
18.62 0.24739
18.646 0.24739
18.671 0.24739
18.697 0.24739
18.723 0.24739
18.748 0.24739
18.773 0.24739
18.799 0.24739
18.825 0.24739
18.85 0.24739
18.875 0.24739
18.901 0.25
18.926 0.25
18.952 0.25
18.977 0.25
19.003 0.25
19.028 0.25
19.054 0.25
19.079 0.25
19.105 0.25
19.13 0.25
19.156 0.25
19.181 0.25
19.207 0.25
19.232 0.25
19.258 0.25
19.284 0.25
19.309 0.25
19.334 0.25
19.36 0.25
19.386 0.25
19.411 0.25304
19.436 0.25304
19.462 0.25304
19.487 0.25304
19.513 0.25304
19.538 0.25304
19.564 0.25304
19.589 0.25304
19.615 0.25304
19.64 0.25304
19.666 0.25565
19.691 0.25565
19.717 0.25565
19.742 0.25565
19.768 0.25565
19.793 0.25565
19.819 0.25565
19.845 0.25565
19.87 0.25565
19.895 0.25565
19.921 0.25565
19.947 0.25565
19.972 0.25565
19.997 0.25565
20.023 0.25565
20.048 0.25565
20.074 0.25565
20.099 0.25565
20.125 0.25565
20.15 0.25565
20.176 0.25826
20.201 0.25826
20.227 0.25826
20.252 0.25826
20.278 0.25826
20.303 0.25826
20.329 0.25826
20.354 0.25826
20.38 0.25826
20.405 0.25826
20.431 0.25826
20.456 0.25826
20.482 0.25826
20.508 0.25826
20.533 0.25826
20.558 0.25826
20.584 0.25826
20.609 0.25826
20.635 0.25826
20.66 0.25826
20.686 0.25826
20.711 0.25826
20.737 0.25826
20.762 0.25826
20.788 0.25826
20.813 0.25826
20.839 0.25826
20.864 0.25826
20.89 0.25826
20.915 0.25826
20.941 0.25826
20.966 0.25826
20.992 0.25826
21.017 0.25826
21.043 0.25826
21.069 0.25826
21.094 0.25826
21.119 0.25826
21.145 0.25826
21.17 0.25826
21.196 0.25826
21.221 0.25826
21.247 0.25826
21.272 0.25826
21.298 0.25826
21.323 0.25826
21.349 0.25826
21.374 0.25826
21.4 0.25826
21.425 0.25826
21.451 0.26087
21.476 0.26087
21.502 0.26087
21.527 0.26087
21.553 0.26087
21.578 0.26087
21.604 0.26087
21.63 0.26087
21.655 0.26087
21.68 0.26087
21.706 0.26087
21.731 0.26087
21.757 0.26087
21.782 0.26087
21.808 0.26087
21.833 0.26087
21.859 0.26087
21.884 0.26087
21.91 0.26087
21.935 0.26087
21.961 0.26087
21.986 0.26087
22.012 0.26087
22.037 0.26087
22.063 0.26087
22.088 0.26087
22.114 0.26087
22.139 0.26087
22.165 0.26087
22.191 0.26087
22.216 0.26087
22.241 0.26087
22.267 0.26087
22.292 0.26087
22.318 0.26087
22.343 0.26087
22.369 0.26087
22.394 0.26087
22.42 0.26087
22.445 0.26087
22.471 0.26087
22.496 0.26087
22.522 0.26087
22.547 0.26087
22.573 0.26087
22.598 0.26087
22.624 0.26087
22.649 0.26087
22.675 0.26087
22.7 0.26087
22.726 0.26391
22.752 0.26391
22.777 0.26391
22.802 0.26391
22.828 0.26391
22.854 0.26391
22.879 0.26391
22.904 0.26391
22.93 0.26391
22.955 0.26391
22.981 0.26391
23.006 0.26391
23.032 0.26391
23.057 0.26391
23.083 0.26391
23.108 0.26391
23.134 0.26391
23.159 0.26391
23.185 0.26391
23.21 0.26391
23.236 0.26391
23.261 0.26391
23.287 0.26391
23.312 0.26391
23.338 0.26391
23.363 0.26391
23.389 0.26391
23.415 0.26391
23.44 0.26391
23.465 0.26391
23.491 0.26391
23.516 0.26391
23.542 0.26391
23.567 0.26391
23.593 0.26391
23.618 0.26391
23.644 0.26391
23.669 0.26391
23.695 0.26391
23.72 0.26391
23.746 0.26652
23.771 0.26652
23.797 0.26652
23.822 0.26652
23.848 0.26652
23.873 0.26652
23.899 0.26652
23.924 0.26652
23.95 0.26652
23.976 0.26652
24.001 0.26652
24.026 0.26652
24.052 0.26652
24.077 0.26652
24.103 0.26652
24.128 0.26652
24.154 0.26652
24.179 0.26652
24.205 0.26652
24.23 0.26652
24.256 0.26652
24.281 0.26652
24.307 0.26652
24.332 0.26652
24.358 0.26652
24.383 0.26652
24.409 0.26652
24.434 0.26652
24.46 0.26652
24.485 0.26652
24.511 0.26913
24.537 0.26913
24.562 0.26913
24.587 0.26913
24.613 0.26913
24.638 0.26913
24.664 0.26913
24.689 0.26913
24.715 0.26913
24.74 0.26913
24.766 0.27174
24.791 0.27174
24.817 0.27174
24.842 0.27174
24.868 0.27174
24.893 0.27174
24.919 0.27174
24.944 0.27174
24.97 0.27174
24.995 0.27174
25.021 0.27478
25.046 0.27478
25.072 0.27478
25.098 0.27478
25.123 0.27478
25.148 0.27478
25.174 0.27478
25.199 0.27478
25.225 0.27478
25.25 0.27478
25.276 0.27478
25.301 0.27478
25.327 0.27478
25.352 0.27478
25.378 0.27478
25.403 0.27478
25.429 0.27478
25.454 0.27478
25.48 0.27478
25.505 0.27478
25.531 0.27739
25.556 0.27739
25.582 0.27739
25.607 0.27739
25.633 0.27739
25.659 0.27739
25.684 0.27739
25.709 0.27739
25.735 0.27739
25.76 0.27739
25.786 0.27739
25.811 0.27739
25.837 0.27739
25.862 0.27739
25.888 0.27739
25.913 0.27739
25.939 0.27739
25.964 0.27739
25.99 0.27739
26.015 0.27739
26.041 0.28
26.066 0.28
26.092 0.28
26.117 0.28
26.143 0.28
26.168 0.28
26.194 0.28
26.22 0.28
26.245 0.28
26.27 0.28
26.296 0.28
26.321 0.28
26.347 0.28
26.372 0.28
26.398 0.28
26.423 0.28
26.449 0.28
26.474 0.28
26.5 0.28
26.525 0.28
26.551 0.28565
26.576 0.28565
26.602 0.28565
26.627 0.28565
26.653 0.28565
26.678 0.28565
26.704 0.28565
26.729 0.28565
26.755 0.28565
26.78 0.28565
26.806 0.28826
26.831 0.28826
26.857 0.28826
26.882 0.28826
26.908 0.28826
26.933 0.28826
26.959 0.28826
26.984 0.28826
27.01 0.28826
27.035 0.28826
27.061 0.28826
27.086 0.28826
27.112 0.28826
27.137 0.28826
27.163 0.28826
27.188 0.28826
27.214 0.28826
27.239 0.28826
27.265 0.28826
27.29 0.28826
27.316 0.28565
27.341 0.28565
27.367 0.28565
27.392 0.28565
27.418 0.28565
27.443 0.28565
27.469 0.28565
27.494 0.28565
27.52 0.28565
27.545 0.28565
27.571 0.28565
27.596 0.28565
27.622 0.28565
27.647 0.28565
27.673 0.28565
27.698 0.28565
27.724 0.28565
27.749 0.28565
27.775 0.28565
27.8 0.28565
27.826 0.28261
27.851 0.28261
27.877 0.28261
27.902 0.28261
27.928 0.28261
27.953 0.28261
27.979 0.28261
28.004 0.28261
28.03 0.28261
28.055 0.28261
28.081 0.28261
28.106 0.28261
28.132 0.28261
28.157 0.28261
28.183 0.28261
28.208 0.28261
28.234 0.28261
28.259 0.28261
28.285 0.28261
28.31 0.28261
28.336 0.28261
28.361 0.28261
28.387 0.28261
28.412 0.28261
28.438 0.28261
28.463 0.28261
28.489 0.28261
28.514 0.28261
28.54 0.28261
28.565 0.28261
28.591 0.28261
28.616 0.28261
28.642 0.28261
28.667 0.28261
28.693 0.28261
28.718 0.28261
28.744 0.28261
28.769 0.28261
28.795 0.28261
28.82 0.28261
28.846 0.28261
28.871 0.28261
28.897 0.28261
28.922 0.28261
28.948 0.28261
28.973 0.28261
28.999 0.28261
29.024 0.28261
29.05 0.28261
29.075 0.28261
29.101 0.28261
29.126 0.28261
29.152 0.28261
29.177 0.28261
29.203 0.28261
29.228 0.28261
29.254 0.28261
29.279 0.28261
29.305 0.28261
29.33 0.28261
29.356 0.28261
29.381 0.28261
29.407 0.28261
29.432 0.28261
29.458 0.28261
29.483 0.28261
29.509 0.28261
29.534 0.28261
29.56 0.28261
29.585 0.28261
29.611 0.28565
29.636 0.28565
29.662 0.28565
29.687 0.28565
29.713 0.28565
29.738 0.28565
29.764 0.28565
29.789 0.28565
29.815 0.28565
29.84 0.28565
29.866 0.28565
29.891 0.28565
29.917 0.28565
29.942 0.28565
29.968 0.28565
29.993 0.28565
30.019 0.28565
30.044 0.28565
30.07 0.28565
30.095 0.28565
30.121 0.28826
30.146 0.28826
30.172 0.28826
30.197 0.28826
30.223 0.28826
30.248 0.28826
30.274 0.28826
30.299 0.28826
30.325 0.28826
30.35 0.28826
30.376 0.28826
30.401 0.28826
30.427 0.28826
30.452 0.28826
30.478 0.28826
30.503 0.28826
30.529 0.28826
30.554 0.28826
30.58 0.28826
30.605 0.28826
30.631 0.29087
30.656 0.29087
30.682 0.29087
30.707 0.29087
30.733 0.29087
30.758 0.29087
30.784 0.29087
30.809 0.29087
30.835 0.29087
30.86 0.29087
30.886 0.29348
30.911 0.29348
30.937 0.29348
30.962 0.29348
30.988 0.29348
31.013 0.29348
31.039 0.29348
31.064 0.29348
31.09 0.29348
31.115 0.29348
31.141 0.29348
31.166 0.29348
31.192 0.29348
31.217 0.29348
31.243 0.29348
31.268 0.29348
31.294 0.29348
31.319 0.29348
31.345 0.29348
31.37 0.29348
31.396 0.29652
31.421 0.29652
31.447 0.29652
31.472 0.29652
31.498 0.29652
31.523 0.29652
31.549 0.29652
31.574 0.29652
31.6 0.29652
31.625 0.29652
31.651 0.29652
31.676 0.29652
31.702 0.29652
31.727 0.29652
31.753 0.29652
31.778 0.29652
31.804 0.29652
31.829 0.29652
31.855 0.29652
31.88 0.29652
31.906 0.29652
31.931 0.29652
31.957 0.29652
31.982 0.29652
32.008 0.29652
32.033 0.29652
32.059 0.29652
32.084 0.29652
32.11 0.29652
32.135 0.29652
32.161 0.29652
32.186 0.29652
32.212 0.29652
32.237 0.29652
32.263 0.29652
32.288 0.29652
32.314 0.29652
32.34 0.29652
32.365 0.29652
32.391 0.29652
32.416 0.29652
32.441 0.29652
32.467 0.29652
32.492 0.29652
32.518 0.29652
32.543 0.29652
32.569 0.29652
32.594 0.29652
32.62 0.29652
32.645 0.29652
32.671 0.29652
32.697 0.29652
32.722 0.29652
32.748 0.29652
32.773 0.29652
32.798 0.29652
32.824 0.29652
32.849 0.29652
32.875 0.29652
32.9 0.29652
32.926 0.29652
32.951 0.29652
32.977 0.29652
33.002 0.29652
33.028 0.29652
33.053 0.29652
33.079 0.29652
33.104 0.29652
33.13 0.29652
33.155 0.29652
33.181 0.29652
33.206 0.29652
33.232 0.29652
33.258 0.29652
33.283 0.29652
33.308 0.29652
33.334 0.29652
33.359 0.29652
33.385 0.29652
33.41 0.29652
33.436 0.29913
33.462 0.29913
33.487 0.29913
33.512 0.29913
33.538 0.29913
33.563 0.29913
33.589 0.29913
33.614 0.29913
33.64 0.29913
33.665 0.29913
33.691 0.29913
33.716 0.29913
33.742 0.29913
33.767 0.29913
33.793 0.29913
33.819 0.29913
33.844 0.29913
33.869 0.29913
33.895 0.29913
33.92 0.29913
33.946 0.29913
33.971 0.29913
33.997 0.29913
34.023 0.29913
34.048 0.29913
34.073 0.29913
34.099 0.29913
34.124 0.29913
34.15 0.29913
34.175 0.29913
34.201 0.29913
34.226 0.29913
34.252 0.29913
34.277 0.29913
34.303 0.29913
34.328 0.29913
34.354 0.29913
34.38 0.29913
34.405 0.29913
34.43 0.29913
34.456 0.30174
34.481 0.30174
34.507 0.30174
34.532 0.30174
34.558 0.30174
34.584 0.30174
34.609 0.30174
34.634 0.30174
34.66 0.30174
34.685 0.30174
34.711 0.30174
34.736 0.30174
34.762 0.30174
34.787 0.30174
34.813 0.30174
34.838 0.30174
34.864 0.30174
34.889 0.30174
34.915 0.30174
34.941 0.30174
34.966 0.30174
34.991 0.30174
35.017 0.30174
35.042 0.30174
35.068 0.30174
35.093 0.30174
35.119 0.30174
35.145 0.30174
35.17 0.30174
35.195 0.30174
35.221 0.30174
35.246 0.30174
35.272 0.30174
35.297 0.30174
35.323 0.30174
35.348 0.30174
35.374 0.30174
35.399 0.30174
35.425 0.30174
35.45 0.30174
35.476 0.30174
35.502 0.30174
35.527 0.30174
35.552 0.30174
35.578 0.30174
35.603 0.30174
35.629 0.30174
35.654 0.30174
35.68 0.30174
35.706 0.30174
35.731 0.30435
35.756 0.30435
35.782 0.30435
35.807 0.30435
35.833 0.30435
35.858 0.30435
35.884 0.30435
35.91 0.30435
35.935 0.30435
35.96 0.30435
35.986 0.30435
36.011 0.30435
36.037 0.30435
36.062 0.30435
36.088 0.30435
36.113 0.30435
36.139 0.30435
36.164 0.30435
36.19 0.30435
36.215 0.30435
36.241 0.30435
36.267 0.30435
36.292 0.30435
36.317 0.30435
36.343 0.30435
36.368 0.30435
36.394 0.30435
36.419 0.30435
36.445 0.30435
36.471 0.30435
36.496 0.30435
36.521 0.30435
36.547 0.30435
36.572 0.30435
36.598 0.30435
36.623 0.30435
36.649 0.30435
36.674 0.30435
36.7 0.30435
36.725 0.30739
36.751 0.30739
36.776 0.30739
36.802 0.30739
36.828 0.30739
36.853 0.30739
36.878 0.30739
36.904 0.30739
36.929 0.30739
36.955 0.30739
36.98 0.30739
37.006 0.31
37.032 0.31
37.057 0.31
37.082 0.31
37.108 0.31
37.133 0.31
37.159 0.31
37.184 0.31
37.21 0.31
37.235 0.31
37.261 0.31
37.286 0.31
37.312 0.31
37.337 0.31
37.363 0.31
37.389 0.31
37.414 0.31
37.439 0.31
37.465 0.31
37.49 0.31
37.516 0.31261
37.541 0.31261
37.567 0.31261
37.593 0.31261
37.618 0.31261
37.643 0.31261
37.669 0.31261
37.694 0.31261
37.72 0.31261
37.745 0.31261
37.771 0.31261
37.796 0.31261
37.822 0.31261
37.847 0.31261
37.873 0.31261
37.898 0.31261
37.924 0.31261
37.95 0.31261
37.975 0.31261
38 0.31261
38.026 0.31261
38.051 0.31261
38.077 0.31261
38.102 0.31261
38.128 0.31261
38.154 0.31261
38.179 0.31261
38.204 0.31261
38.23 0.31261
38.255 0.31261
38.281 0.31261
38.306 0.31261
38.332 0.31261
38.357 0.31261
38.383 0.31261
38.408 0.31261
38.434 0.31261
38.459 0.31261
38.485 0.31261
38.511 0.31261
38.536 0.31261
38.561 0.31261
38.587 0.31261
38.612 0.31261
38.638 0.31261
38.663 0.31261
38.689 0.31261
38.715 0.31261
38.74 0.31261
38.765 0.31261
38.791 0.31261
38.816 0.31261
38.842 0.31261
38.867 0.31261
38.893 0.31261
38.918 0.31261
38.944 0.31261
38.969 0.31261
38.995 0.31261
39.02 0.31261
39.046 0.31261
39.072 0.31261
39.097 0.31261
39.122 0.31261
39.148 0.31261
39.173 0.31261
39.199 0.31261
39.224 0.31261
39.25 0.31261
39.276 0.31261
39.301 0.31261
39.326 0.31261
39.352 0.31261
39.377 0.31261
39.403 0.31261
39.428 0.31261
39.454 0.31261
39.479 0.31261
39.505 0.31261
39.53 0.31261
39.556 0.31
39.581 0.31
39.607 0.31
39.633 0.31
39.658 0.31
39.683 0.31
39.709 0.31
39.734 0.31
39.76 0.31
39.785 0.31
39.811 0.31261
39.837 0.31261
39.862 0.31261
39.887 0.31261
39.913 0.31261
39.938 0.31261
39.964 0.31261
39.989 0.31261
40.015 0.31261
40.04 0.31261
40.066 0.31261
40.091 0.31261
40.117 0.31261
40.142 0.31261
40.168 0.31261
40.194 0.31261
40.219 0.31261
40.244 0.31261
40.27 0.31261
40.295 0.31261
40.321 0.31261
40.346 0.31261
40.372 0.31261
40.398 0.31261
40.423 0.31261
40.448 0.31261
40.474 0.31261
40.499 0.31261
40.525 0.31261
40.55 0.31261
40.576 0.31261
40.601 0.31261
40.627 0.31261
40.652 0.31261
40.678 0.31261
40.703 0.31261
40.729 0.31261
40.755 0.31261
40.78 0.31261
40.805 0.31261
40.831 0.31261
40.856 0.31261
40.882 0.31261
40.907 0.31261
40.933 0.31261
40.959 0.31261
40.984 0.31261
41.009 0.31261
41.035 0.31261
41.06 0.31261
41.086 0.31261
41.111 0.31261
41.137 0.31261
41.162 0.31261
41.188 0.31261
41.213 0.31261
41.239 0.31261
41.264 0.31261
41.29 0.31261
41.316 0.31261
41.341 0.31261
41.366 0.31261
41.392 0.31261
41.417 0.31261
41.443 0.31261
41.468 0.31261
41.494 0.31261
41.52 0.31261
41.545 0.31261
41.57 0.31261
41.596 0.31261
41.621 0.31261
41.647 0.31261
41.672 0.31261
41.698 0.31261
41.723 0.31261
41.749 0.31261
41.774 0.31261
41.8 0.31261
41.825 0.31261
41.851 0.31261
41.877 0.31261
41.902 0.31261
41.927 0.31261
41.953 0.31261
41.978 0.31261
42.004 0.31261
42.029 0.31261
42.055 0.31261
42.081 0.31
42.106 0.31
42.131 0.31
42.157 0.31
42.182 0.31
42.208 0.31
42.233 0.31
42.259 0.31
42.284 0.31
42.31 0.31
42.335 0.31
42.361 0.30435
42.386 0.30435
42.412 0.30435
42.438 0.30435
42.463 0.30435
42.488 0.30435
42.514 0.30435
42.539 0.30435
42.565 0.30435
42.59 0.30435
42.616 0.30435
42.642 0.30435
42.667 0.30435
42.692 0.30435
42.718 0.30435
42.743 0.30435
42.769 0.30435
42.794 0.30435
42.82 0.30435
42.845 0.30435
42.871 0.30435
42.896 0.30435
42.922 0.30435
42.947 0.30435
42.973 0.30435
42.998 0.30435
43.024 0.30435
43.049 0.30435
43.075 0.30435
43.1 0.30435
43.126 0.30739
43.151 0.30739
43.177 0.30739
43.203 0.30739
43.228 0.30739
43.253 0.30739
43.279 0.30739
43.304 0.30739
43.33 0.30739
43.355 0.30739
43.381 0.30739
43.406 0.30739
43.432 0.30739
43.457 0.30739
43.483 0.30739
43.508 0.30739
43.534 0.30739
43.559 0.30739
43.585 0.30739
43.61 0.30739
43.636 0.30739
43.661 0.30739
43.687 0.30739
43.712 0.30739
43.738 0.30739
43.764 0.30739
43.789 0.30739
43.814 0.30739
43.84 0.30739
43.865 0.31
43.891 0.31
43.916 0.31
43.942 0.31
43.967 0.31
43.993 0.31
44.018 0.31
44.044 0.31
44.069 0.31
44.095 0.31
44.12 0.31
44.146 0.31
44.171 0.31
44.197 0.31
44.222 0.31
44.248 0.31
44.273 0.31
44.299 0.31
44.325 0.31
44.35 0.31
44.375 0.31
44.401 0.30739
44.426 0.30739
44.452 0.30739
44.477 0.30739
44.503 0.30739
44.528 0.30739
44.554 0.30739
44.579 0.30739
44.605 0.30739
44.63 0.30739
44.656 0.30739
44.681 0.30739
44.707 0.30739
44.732 0.30739
44.758 0.30739
44.783 0.30739
44.809 0.30739
44.834 0.30739
44.86 0.30739
44.886 0.30739
44.911 0.30739
44.936 0.30739
44.962 0.30739
44.987 0.30739
45.013 0.30739
45.038 0.30739
45.064 0.30739
45.089 0.30739
45.115 0.30739
45.14 0.30739
45.166 0.30739
45.191 0.30739
45.217 0.30739
45.242 0.30739
45.268 0.30739
45.293 0.30739
45.319 0.30739
45.344 0.30739
45.37 0.30739
45.395 0.30739
45.421 0.30739
45.447 0.30739
45.472 0.30739
45.497 0.30739
45.523 0.30739
45.548 0.30739
45.574 0.30739
45.599 0.30739
45.625 0.30739
45.65 0.30739
45.676 0.30739
45.701 0.30739
45.727 0.30739
45.752 0.30739
45.778 0.30739
45.803 0.30739
45.829 0.30739
45.854 0.30739
45.88 0.30739
45.905 0.30739
45.931 0.30435
45.956 0.30435
45.982 0.30435
46.008 0.30435
46.033 0.30435
46.058 0.30435
46.084 0.30435
46.109 0.30435
46.135 0.30435
46.16 0.30435
46.186 0.30435
46.211 0.30435
46.237 0.30435
46.262 0.30435
46.288 0.30435
46.313 0.30435
46.339 0.30435
46.364 0.30435
46.39 0.30435
46.415 0.30435
46.441 0.30435
46.466 0.30435
46.492 0.30435
46.517 0.30435
46.543 0.30435
46.569 0.30435
46.594 0.30435
46.619 0.30435
46.645 0.30435
46.67 0.30435
46.696 0.30174
46.721 0.30174
46.747 0.30174
46.772 0.30174
46.798 0.30174
46.823 0.30174
46.849 0.30174
46.874 0.30174
46.9 0.30174
46.925 0.30174
46.951 0.30174
46.976 0.30174
47.002 0.30174
47.027 0.30174
47.053 0.30174
47.078 0.30174
47.104 0.30174
47.13 0.30174
47.155 0.30174
47.18 0.30174
47.206 0.30174
47.231 0.30174
47.257 0.30174
47.282 0.30174
47.308 0.30174
47.333 0.30174
47.359 0.30174
47.384 0.30174
47.41 0.30174
47.435 0.30174
47.461 0.29913
47.486 0.29913
47.512 0.29913
47.537 0.29913
47.563 0.29913
47.588 0.29913
47.614 0.29913
47.639 0.29913
47.665 0.29913
47.691 0.29913
47.716 0.29913
47.741 0.29913
47.767 0.29913
47.792 0.29913
47.818 0.29913
47.843 0.29913
47.869 0.29913
47.894 0.29913
47.92 0.29913
47.945 0.29913
47.971 0.29913
47.996 0.29913
48.022 0.29913
48.047 0.29913
48.073 0.29913
48.098 0.29913
48.124 0.29913
48.149 0.29913
48.175 0.29913
48.2 0.29913
48.226 0.29913
48.252 0.29913
48.277 0.29913
48.302 0.29913
48.328 0.29913
48.353 0.29913
48.379 0.29913
48.404 0.29913
48.43 0.29913
48.455 0.29913
48.481 0.29913
48.506 0.29913
48.532 0.29913
48.557 0.29913
48.583 0.29913
48.608 0.29913
48.634 0.29913
48.659 0.29913
48.685 0.29913
48.71 0.29913
48.736 0.30174
48.761 0.30174
48.787 0.30174
48.812 0.30174
48.838 0.30174
48.863 0.30174
48.889 0.30174
48.914 0.30174
48.94 0.30174
48.965 0.30174
48.991 0.30174
49.016 0.30174
49.042 0.30174
49.067 0.30174
49.093 0.30174
49.118 0.30174
49.144 0.30174
49.169 0.30174
49.195 0.30174
49.22 0.30174
49.246 0.30174
49.271 0.30174
49.297 0.30174
49.322 0.30174
49.348 0.30174
49.373 0.30174
49.399 0.30174
49.424 0.30174
49.45 0.30174
49.475 0.30174
49.501 0.30174
49.526 0.30174
49.552 0.30174
49.577 0.30174
49.603 0.30174
49.628 0.30174
49.654 0.30174
49.679 0.30174
49.705 0.30174
49.73 0.30174
49.756 0.30174
49.781 0.30174
49.807 0.30174
49.832 0.30174
49.858 0.30174
49.883 0.30174
49.909 0.30174
49.934 0.30174
49.96 0.30174
49.985 0.30174
50.011 0.30174
50.036 0.30174
50.062 0.30174
50.087 0.30174
50.113 0.30174
50.138 0.30174
50.164 0.30174
50.189 0.30174
50.215 0.30174
50.24 0.30174
50.266 0.30435
50.291 0.30435
50.317 0.30435
50.342 0.30435
50.368 0.30435
50.393 0.30435
50.419 0.30435
50.444 0.30435
50.47 0.30435
50.495 0.30435
50.521 0.30174
50.546 0.30174
50.572 0.30174
50.597 0.30174
50.623 0.30174
50.648 0.30174
50.674 0.30174
50.699 0.30174
50.725 0.30174
50.75 0.30174
50.776 0.30174
50.801 0.30174
50.827 0.30174
50.852 0.30174
50.878 0.30174
50.903 0.30174
50.929 0.30174
50.954 0.30174
50.98 0.30174
51.005 0.30174
51.031 0.30174
51.056 0.30174
51.082 0.30174
51.107 0.30174
51.133 0.30174
51.158 0.30174
51.184 0.30174
51.209 0.30174
51.235 0.30174
51.26 0.30174
51.286 0.30174
51.311 0.30174
51.337 0.30174
51.362 0.30174
51.388 0.30174
51.413 0.30174
51.439 0.30174
51.464 0.30174
51.49 0.30174
51.515 0.30174
51.541 0.30174
51.566 0.30174
51.592 0.30174
51.617 0.30174
51.643 0.30174
51.668 0.30174
51.694 0.30174
51.719 0.30174
51.745 0.30174
51.77 0.30174
51.796 0.30174
51.821 0.30174
51.847 0.30174
51.872 0.30174
51.898 0.30174
51.923 0.30174
51.949 0.30174
51.974 0.30174
52 0.30174
52.025 0.30174
52.051 0.30174
52.076 0.30174
52.102 0.30174
52.127 0.30174
52.153 0.30174
52.178 0.30174
52.204 0.30174
52.229 0.30174
52.255 0.30174
52.28 0.30174
52.306 0.30174
52.331 0.30174
52.357 0.30174
52.382 0.30174
52.408 0.30174
52.433 0.30174
52.459 0.30174
52.484 0.30174
52.51 0.30174
52.535 0.30174
52.561 0.30174
52.586 0.30174
52.612 0.30174
52.637 0.30174
52.663 0.30174
52.688 0.30174
52.714 0.30174
52.739 0.30174
52.765 0.30174
52.79 0.30174
52.816 0.30174
52.841 0.30174
52.867 0.30174
52.892 0.30174
52.918 0.30174
52.943 0.30174
52.969 0.30174
52.994 0.30174
53.02 0.30174
