1 0
2 0.0005378
3 0.010376
4 0.027978
5 0.049249
6 0.071731
7 0.093985
8 0.11521
9 0.13499
10 0.15315
11 0.16967
12 0.18458
13 0.19799
14 0.21
15 0.22074
16 0.23033
17 0.23887
18 0.24648
19 0.25325
20 0.25928
21 0.26464
22 0.26941
23 0.27365
24 0.27742
25 0.28077
26 0.28375
27 0.2864
28 0.28876
29 0.29085
30 0.29271
31 0.29437
32 0.29584
33 0.29714
34 0.29831
35 0.29934
36 0.30026
37 0.30107
38 0.3018
39 0.30244
40 0.30302
41 0.30353
42 0.30398
43 0.30438
44 0.30474
45 0.30506
46 0.30534
47 0.30559
48 0.30582
49 0.30601
50 0.30619
51 0.30635
52 0.30649
