1 0
1.0255 0
1.051 0
1.0765 0
1.102 0
1.1275 0
1.153 0
1.1785 0
1.204 0
1.2295 0
1.255 0
1.2805 0
1.306 0
1.3315 0
1.357 0
1.3825 0
1.408 0
1.4335 0
1.459 0
1.4845 0
1.51 0
1.5355 0
1.561 0
1.5865 0
1.612 0
1.6375 0
1.663 0
1.6885 0
1.714 0
1.7395 0
1.765 0
1.7905 0
1.816 0
1.8415 0
1.867 0
1.8925 0
1.918 0
1.9435 0
1.969 0
1.9945 0
2.02 0
2.0455 0
2.071 0
2.0965 0
2.122 0
2.1475 0
2.173 0
2.1985 0
2.224 0
2.2495 0
2.275 0
2.3005 0
2.326 0
2.3515 0
2.377 0
2.4025 0
2.428 0
2.4535 0
2.479 0
2.5045 0
2.53 0
2.5555 0
2.581 0
2.6065 0
2.632 0
2.6575 0
2.683 0
2.7085 0.0033333
2.734 0.0033333
2.7595 0.0033333
2.785 0.0033333
2.8105 0.0033333
2.836 0.0033333
2.8615 0.0033333
2.887 0.0033333
2.9125 0.0033333
2.938 0.0033333
2.9635 0.0033333
2.989 0.0033333
3.0145 0.0033333
3.04 0.0033333
3.0655 0.0033333
3.091 0.0033333
3.1165 0.0033333
3.142 0.0033333
3.1675 0.0033333
3.193 0.0033333
3.2185 0.0033333
3.244 0.0033333
3.2695 0.0033333
3.295 0.0033333
3.3205 0.0033333
3.346 0.0033333
3.3715 0.0033333
3.397 0.0033333
3.4225 0.0033333
3.448 0.0033333
3.4735 0.0033333
3.499 0.0033333
3.5245 0.0033333
3.55 0.0033333
3.5755 0.0033333
3.601 0.0033333
3.6265 0.0033333
3.652 0.0033333
3.6775 0.0033333
3.703 0.0033333
3.7285 0.0033333
3.754 0.0033333
3.7795 0.0033333
3.805 0.0033333
3.8305 0.0033333
3.856 0.0033333
3.8815 0.0033333
3.907 0.0033333
3.9325 0.0033333
3.958 0.0033333
3.9835 0.0033333
4.009 0.0033333
4.0345 0.0033333
4.06 0.0033333
4.0855 0.0033333
4.111 0.0033333
4.1365 0.0033333
4.162 0.0033333
4.1875 0.0033333
4.213 0.0033333
4.2385 0.0033333
4.264 0.0033333
4.2895 0.0033333
4.315 0.0033333
4.3405 0.0033333
4.366 0.0033333
4.3915 0.0033333
4.417 0.0033333
4.4425 0.0033333
4.468 0.0033333
4.4935 0.0033333
4.519 0.0033333
4.5445 0.0033333
4.57 0.0033333
4.5955 0.0033333
4.621 0.0033333
4.6465 0.0033333
4.672 0.0033333
4.6975 0.0033333
4.723 0.0033333
4.7485 0.0033333
4.774 0.0033333
4.7995 0.0033333
4.825 0.0033333
4.8505 0.0033333
4.876 0.0033333
4.9015 0.0033333
4.927 0.0033333
4.9525 0.0033333
4.978 0.0033333
5.0035 0.0033333
5.029 0.0033333
5.0545 0.0033333
5.08 0.0033333
5.1055 0.0033333
5.131 0.0033333
5.1565 0.0033333
5.182 0.0033333
5.2075 0.0033333
5.233 0.0033333
5.2585 0.0033333
5.284 0.0033333
5.3095 0.0033333
5.335 0.0033333
5.3605 0.0033333
5.386 0.0033333
5.4115 0.0033333
5.437 0.0033333
5.4625 0.0033333
5.488 0.0033333
5.5135 0.0033333
5.539 0.0033333
5.5645 0.0033333
5.59 0.0033333
5.6155 0.0033333
5.641 0.0033333
5.6665 0.0033333
5.692 0.0033333
5.7175 0.0033333
5.743 0.0033333
5.7685 0.0066667
5.794 0.0066667
5.8195 0.0066667
5.845 0.0066667
5.8705 0.0066667
5.896 0.0066667
5.9215 0.0066667
5.947 0.0066667
5.9725 0.0066667
5.998 0.0066667
6.0235 0.0066667
6.049 0.0066667
6.0745 0.0066667
6.1 0.0066667
6.1255 0.0066667
6.151 0.0066667
6.1765 0.0066667
6.202 0.0066667
6.2275 0.0066667
6.253 0.0066667
6.2785 0.0066667
6.304 0.0066667
6.3295 0.0066667
6.355 0.0066667
6.3805 0.0066667
6.406 0.0066667
6.4315 0.0066667
6.457 0.0066667
6.4825 0.0066667
6.508 0.0066667
6.5335 0.0066667
6.559 0.0066667
6.5845 0.0066667
6.61 0.0066667
6.6355 0.0066667
6.661 0.0066667
6.6865 0.0066667
6.712 0.0066667
6.7375 0.0066667
6.763 0.010556
6.7885 0.010556
6.814 0.010556
6.8395 0.010556
6.865 0.010556
6.8905 0.010556
6.916 0.010556
6.9415 0.010556
6.967 0.010556
6.9925 0.010556
7.018 0.010556
7.0435 0.010556
7.069 0.010556
7.0945 0.010556
7.12 0.010556
7.1455 0.010556
7.171 0.010556
7.1965 0.010556
7.222 0.010556
7.2475 0.010556
7.273 0.010556
7.2985 0.010556
7.324 0.010556
7.3495 0.010556
7.375 0.010556
7.4005 0.010556
7.426 0.010556
7.4515 0.010556
7.477 0.010556
7.5025 0.010556
7.528 0.010556
7.5535 0.013889
7.579 0.013889
7.6045 0.013889
7.63 0.013889
7.6555 0.013889
7.681 0.013889
7.7065 0.013889
7.732 0.013889
7.7575 0.013889
7.783 0.013889
7.8085 0.013889
7.834 0.013889
7.8595 0.013889
7.885 0.013889
7.9105 0.013889
7.936 0.013889
7.9615 0.013889
7.987 0.013889
8.0125 0.013889
8.038 0.013889
8.0635 0.013889
8.089 0.013889
8.1145 0.013889
8.14 0.013889
8.1655 0.013889
8.191 0.013889
8.2165 0.013889
8.242 0.013889
8.2675 0.013889
8.293 0.013889
8.3185 0.013889
8.344 0.013889
8.3695 0.013889
8.395 0.013889
8.4205 0.013889
8.446 0.013889
8.4715 0.013889
8.497 0.013889
8.5225 0.013889
8.548 0.017222
8.5735 0.020556
8.599 0.020556
8.6245 0.020556
8.65 0.020556
8.6755 0.020556
8.701 0.020556
8.7265 0.020556
8.752 0.020556
8.7775 0.020556
8.803 0.020556
8.8285 0.024444
8.854 0.024444
8.8795 0.024444
8.905 0.024444
8.9305 0.024444
8.956 0.024444
8.9815 0.024444
9.007 0.024444
9.0325 0.024444
9.058 0.024444
9.0835 0.024444
9.109 0.024444
9.1345 0.024444
9.16 0.024444
9.1855 0.024444
9.211 0.024444
9.2365 0.024444
9.262 0.024444
9.2875 0.024444
9.313 0.024444
9.3385 0.027778
9.364 0.027778
9.3895 0.027778
9.415 0.027778
9.4405 0.027778
9.466 0.027778
9.4915 0.027778
9.517 0.027778
9.5425 0.027778
9.568 0.027778
9.5935 0.031111
9.619 0.031111
9.6445 0.031111
9.67 0.031111
9.6955 0.031111
9.721 0.031111
9.7465 0.031111
9.772 0.031111
9.7975 0.031111
9.823 0.031111
9.8485 0.034444
9.874 0.034444
9.8995 0.034444
9.925 0.034444
9.9505 0.034444
9.976 0.034444
10.002 0.034444
10.027 0.034444
10.053 0.034444
10.078 0.034444
10.103 0.034444
10.129 0.034444
10.154 0.034444
10.18 0.034444
10.205 0.034444
10.231 0.034444
10.256 0.034444
10.282 0.034444
10.307 0.034444
10.333 0.034444
10.358 0.038333
10.384 0.038333
10.409 0.038333
10.435 0.038333
10.46 0.038333
10.486 0.038333
10.511 0.038333
10.537 0.038333
10.562 0.038333
10.588 0.038333
10.614 0.038333
10.639 0.038333
10.664 0.038333
10.69 0.038333
10.715 0.038333
10.741 0.038333
10.766 0.038333
10.792 0.038333
10.817 0.038333
10.843 0.038333
10.868 0.038333
10.894 0.038333
10.919 0.038333
10.945 0.038333
10.97 0.038333
10.996 0.038333
11.021 0.038333
11.047 0.038333
11.072 0.038333
11.098 0.038333
11.123 0.038333
11.149 0.038333
11.175 0.038333
11.2 0.038333
11.225 0.038333
11.251 0.038333
11.276 0.038333
11.302 0.038333
11.327 0.038333
11.353 0.038333
11.378 0.038333
11.404 0.038333
11.429 0.038333
11.455 0.038333
11.48 0.038333
11.506 0.038333
11.531 0.038333
11.557 0.038333
11.582 0.038333
11.608 0.038333
11.633 0.038333
11.659 0.038333
11.684 0.038333
11.71 0.038333
11.736 0.038333
11.761 0.038333
11.786 0.038333
11.812 0.038333
11.837 0.038333
11.863 0.038333
11.888 0.038333
11.914 0.038333
11.939 0.038333
11.965 0.038333
11.99 0.038333
12.016 0.038333
12.041 0.038333
12.067 0.038333
12.092 0.038333
12.118 0.038333
12.143 0.038333
12.169 0.038333
12.194 0.038333
12.22 0.038333
12.245 0.038333
12.271 0.038333
12.296 0.038333
12.322 0.038333
12.348 0.038333
12.373 0.038333
12.398 0.038333
12.424 0.038333
12.449 0.038333
12.475 0.038333
12.5 0.038333
12.526 0.038333
12.551 0.038333
12.577 0.038333
12.602 0.038333
12.628 0.038333
12.653 0.038333
12.679 0.038333
12.704 0.038333
12.73 0.038333
12.755 0.038333
12.781 0.038333
12.806 0.038333
12.832 0.038333
12.857 0.038333
12.883 0.038333
12.909 0.038333
12.934 0.038333
12.959 0.038333
12.985 0.038333
13.01 0.038333
13.036 0.038333
13.061 0.038333
13.087 0.038333
13.112 0.038333
13.138 0.038333
13.163 0.041667
13.189 0.041667
13.214 0.041667
13.24 0.041667
13.265 0.041667
13.291 0.041667
13.316 0.041667
13.342 0.041667
13.367 0.041667
13.393 0.041667
13.418 0.045
13.444 0.045
13.47 0.045
13.495 0.045
13.52 0.045
13.546 0.045
13.571 0.045
13.597 0.045
13.622 0.045
13.648 0.045
13.673 0.045
13.699 0.045
13.724 0.045
13.75 0.045
13.775 0.045
13.801 0.045
13.826 0.045
13.852 0.045
13.877 0.045
13.903 0.045
13.928 0.048333
13.954 0.048333
13.979 0.048333
14.005 0.048333
14.03 0.048333
14.056 0.048333
14.081 0.048333
14.107 0.048333
14.132 0.048333
14.158 0.048333
14.183 0.048333
14.209 0.048333
14.234 0.048333
14.26 0.048333
14.285 0.048333
14.311 0.048333
14.336 0.048333
14.362 0.048333
14.387 0.048333
14.413 0.048333
14.438 0.052222
14.464 0.052222
14.489 0.052222
14.515 0.052222
14.54 0.052222
14.566 0.052222
14.591 0.052222
14.617 0.052222
14.642 0.052222
14.668 0.052222
14.693 0.052222
14.719 0.052222
14.744 0.052222
14.77 0.052222
14.795 0.052222
14.821 0.052222
14.846 0.052222
14.872 0.052222
14.897 0.052222
14.923 0.052222
14.948 0.052222
14.974 0.052222
14.999 0.052222
15.025 0.052222
15.05 0.052222
15.076 0.052222
15.101 0.052222
15.127 0.052222
15.152 0.052222
15.178 0.052222
15.203 0.055556
15.229 0.055556
15.254 0.055556
15.28 0.055556
15.305 0.055556
15.331 0.055556
15.356 0.055556
15.382 0.055556
15.407 0.055556
15.433 0.055556
15.458 0.055556
15.484 0.055556
15.509 0.055556
15.535 0.055556
15.56 0.055556
15.586 0.055556
15.611 0.055556
15.637 0.055556
15.662 0.055556
15.688 0.055556
15.713 0.052222
15.739 0.052222
15.764 0.052222
15.79 0.052222
15.815 0.052222
15.841 0.052222
15.866 0.052222
15.892 0.052222
15.917 0.052222
15.943 0.052222
15.968 0.052222
15.994 0.052222
16.02 0.052222
16.045 0.052222
16.07 0.052222
16.096 0.052222
16.121 0.052222
16.147 0.052222
16.172 0.052222
16.198 0.052222
16.224 0.055556
16.249 0.055556
16.274 0.055556
16.3 0.055556
16.325 0.055556
16.351 0.055556
16.377 0.055556
16.402 0.055556
16.427 0.055556
16.453 0.055556
16.478 0.055556
16.504 0.055556
16.529 0.055556
16.555 0.055556
16.581 0.055556
16.606 0.055556
16.631 0.055556
16.657 0.055556
16.682 0.055556
16.708 0.055556
16.733 0.055556
16.759 0.055556
16.785 0.055556
16.81 0.055556
16.835 0.055556
16.861 0.055556
16.886 0.055556
16.912 0.055556
16.938 0.055556
16.963 0.055556
16.988 0.055556
17.014 0.055556
17.04 0.055556
17.065 0.055556
17.09 0.055556
17.116 0.055556
17.142 0.055556
17.167 0.055556
17.192 0.055556
17.218 0.055556
17.243 0.055556
17.269 0.055556
17.294 0.055556
17.32 0.055556
17.345 0.055556
17.371 0.055556
17.396 0.055556
17.422 0.055556
17.447 0.055556
17.473 0.055556
17.498 0.055556
17.524 0.055556
17.549 0.055556
17.575 0.055556
17.601 0.055556
17.626 0.055556
17.651 0.055556
17.677 0.055556
17.703 0.055556
17.728 0.055556
17.753 0.055556
17.779 0.055556
17.804 0.055556
17.83 0.055556
17.855 0.055556
17.881 0.055556
17.906 0.055556
17.932 0.055556
17.957 0.055556
17.983 0.055556
18.008 0.058889
18.034 0.058889
18.059 0.058889
18.085 0.058889
18.11 0.058889
18.136 0.058889
18.162 0.058889
18.187 0.058889
18.212 0.058889
18.238 0.058889
18.264 0.055556
18.289 0.055556
18.314 0.055556
18.34 0.055556
18.365 0.055556
18.391 0.055556
18.416 0.055556
18.442 0.055556
18.467 0.055556
18.493 0.055556
18.518 0.058889
18.544 0.058889
18.569 0.058889
18.595 0.058889
18.62 0.058889
18.646 0.058889
18.671 0.058889
18.697 0.058889
18.723 0.058889
18.748 0.058889
18.773 0.058889
18.799 0.058889
18.825 0.058889
18.85 0.058889
18.875 0.058889
18.901 0.058889
18.926 0.058889
18.952 0.058889
18.977 0.058889
19.003 0.058889
19.028 0.058889
19.054 0.058889
19.079 0.058889
19.105 0.058889
19.13 0.058889
19.156 0.058889
19.181 0.058889
19.207 0.058889
19.232 0.058889
19.258 0.058889
19.284 0.058889
19.309 0.058889
19.334 0.058889
19.36 0.058889
19.386 0.058889
19.411 0.058889
19.436 0.058889
19.462 0.058889
19.487 0.058889
19.513 0.058889
19.538 0.058889
19.564 0.058889
19.589 0.058889
19.615 0.058889
19.64 0.058889
19.666 0.058889
19.691 0.058889
19.717 0.058889
19.742 0.058889
19.768 0.058889
19.793 0.058889
19.819 0.058889
19.845 0.058889
19.87 0.058889
19.895 0.058889
19.921 0.058889
19.947 0.058889
19.972 0.058889
19.997 0.058889
20.023 0.058889
20.048 0.058889
20.074 0.058889
20.099 0.058889
20.125 0.058889
20.15 0.058889
20.176 0.058889
20.201 0.058889
20.227 0.058889
20.252 0.058889
20.278 0.058889
20.303 0.058889
20.329 0.058889
20.354 0.058889
20.38 0.058889
20.405 0.058889
20.431 0.058889
20.456 0.058889
20.482 0.058889
20.508 0.058889
20.533 0.058889
20.558 0.062222
20.584 0.062222
20.609 0.062222
20.635 0.062222
20.66 0.062222
20.686 0.062222
20.711 0.062222
20.737 0.062222
20.762 0.062222
20.788 0.062222
20.813 0.062222
20.839 0.062222
20.864 0.062222
20.89 0.062222
20.915 0.062222
20.941 0.062222
20.966 0.062222
20.992 0.062222
21.017 0.062222
21.043 0.062222
21.069 0.062222
21.094 0.062222
21.119 0.062222
21.145 0.062222
21.17 0.062222
21.196 0.062222
21.221 0.062222
21.247 0.062222
21.272 0.062222
21.298 0.062222
21.323 0.062222
21.349 0.062222
21.374 0.062222
21.4 0.062222
21.425 0.062222
21.451 0.062222
21.476 0.062222
21.502 0.062222
21.527 0.062222
21.553 0.062222
21.578 0.062222
21.604 0.062222
21.63 0.062222
21.655 0.062222
21.68 0.062222
21.706 0.062222
21.731 0.062222
21.757 0.062222
21.782 0.062222
21.808 0.062222
21.833 0.062222
21.859 0.062222
21.884 0.062222
21.91 0.062222
21.935 0.062222
21.961 0.062222
21.986 0.062222
22.012 0.062222
22.037 0.062222
22.063 0.062222
22.088 0.066111
22.114 0.066111
22.139 0.066111
22.165 0.066111
22.191 0.066111
22.216 0.066111
22.241 0.066111
22.267 0.066111
22.292 0.066111
22.318 0.066111
22.343 0.066111
22.369 0.066111
22.394 0.066111
22.42 0.066111
22.445 0.066111
22.471 0.066111
22.496 0.066111
22.522 0.066111
22.547 0.066111
22.573 0.066111
22.598 0.066111
22.624 0.066111
22.649 0.066111
22.675 0.066111
22.7 0.066111
22.726 0.066111
22.752 0.066111
22.777 0.066111
22.802 0.066111
22.828 0.066111
22.854 0.069444
22.879 0.069444
22.904 0.069444
22.93 0.069444
22.955 0.069444
22.981 0.069444
23.006 0.069444
23.032 0.069444
23.057 0.069444
23.083 0.069444
23.108 0.072778
23.134 0.072778
23.159 0.072778
23.185 0.072778
23.21 0.072778
23.236 0.072778
23.261 0.072778
23.287 0.072778
23.312 0.072778
23.338 0.072778
23.363 0.072778
23.389 0.072778
23.415 0.072778
23.44 0.072778
23.465 0.072778
23.491 0.072778
23.516 0.072778
23.542 0.072778
23.567 0.072778
23.593 0.072778
23.618 0.076111
23.644 0.076111
23.669 0.076111
23.695 0.076111
23.72 0.076111
23.746 0.076111
23.771 0.076111
23.797 0.076111
23.822 0.076111
23.848 0.076111
23.873 0.076111
23.899 0.076111
23.924 0.076111
23.95 0.076111
23.976 0.076111
24.001 0.076111
24.026 0.076111
24.052 0.076111
24.077 0.076111
24.103 0.076111
24.128 0.076111
24.154 0.076111
24.179 0.076111
24.205 0.076111
24.23 0.076111
24.256 0.076111
24.281 0.076111
24.307 0.076111
24.332 0.076111
24.358 0.076111
24.383 0.076111
24.409 0.076111
24.434 0.076111
24.46 0.076111
24.485 0.076111
24.511 0.076111
24.537 0.076111
24.562 0.076111
24.587 0.076111
24.613 0.076111
24.638 0.072778
24.664 0.072778
24.689 0.072778
24.715 0.072778
24.74 0.072778
24.766 0.072778
24.791 0.072778
24.817 0.072778
24.842 0.072778
24.868 0.072778
24.893 0.072778
24.919 0.072778
24.944 0.072778
24.97 0.072778
24.995 0.072778
25.021 0.072778
25.046 0.072778
25.072 0.072778
25.098 0.072778
25.123 0.072778
25.148 0.072778
25.174 0.072778
25.199 0.072778
25.225 0.072778
25.25 0.072778
25.276 0.072778
25.301 0.072778
25.327 0.072778
25.352 0.072778
25.378 0.072778
25.403 0.072778
25.429 0.072778
25.454 0.072778
25.48 0.072778
25.505 0.072778
25.531 0.072778
25.556 0.072778
25.582 0.072778
25.607 0.072778
25.633 0.072778
25.659 0.072778
25.684 0.072778
25.709 0.072778
25.735 0.072778
25.76 0.072778
25.786 0.072778
25.811 0.072778
25.837 0.072778
25.862 0.072778
25.888 0.072778
25.913 0.072778
25.939 0.072778
25.964 0.072778
25.99 0.072778
26.015 0.072778
26.041 0.072778
26.066 0.072778
26.092 0.072778
26.117 0.072778
26.143 0.072778
26.168 0.072778
26.194 0.072778
26.22 0.072778
26.245 0.072778
26.27 0.072778
26.296 0.072778
26.321 0.072778
26.347 0.072778
26.372 0.072778
26.398 0.072778
26.423 0.076111
26.449 0.076111
26.474 0.076111
26.5 0.076111
26.525 0.076111
26.551 0.076111
26.576 0.076111
26.602 0.076111
26.627 0.076111
26.653 0.076111
26.678 0.076111
26.704 0.076111
26.729 0.076111
26.755 0.076111
26.78 0.076111
26.806 0.076111
26.831 0.076111
26.857 0.076111
26.882 0.076111
26.908 0.076111
26.933 0.076111
26.959 0.076111
26.984 0.076111
27.01 0.076111
27.035 0.076111
27.061 0.076111
27.086 0.076111
27.112 0.076111
27.137 0.076111
27.163 0.076111
27.188 0.08
27.214 0.08
27.239 0.08
27.265 0.08
27.29 0.08
27.316 0.08
27.341 0.08
27.367 0.08
27.392 0.08
27.418 0.08
27.443 0.08
27.469 0.08
27.494 0.08
27.52 0.08
27.545 0.08
27.571 0.08
27.596 0.08
27.622 0.08
27.647 0.08
27.673 0.08
27.698 0.08
27.724 0.08
27.749 0.08
27.775 0.08
27.8 0.08
27.826 0.08
27.851 0.08
27.877 0.08
27.902 0.08
27.928 0.08
27.953 0.08
27.979 0.08
28.004 0.08
28.03 0.08
28.055 0.08
28.081 0.08
28.106 0.08
28.132 0.08
28.157 0.08
28.183 0.08
28.208 0.083333
28.234 0.083333
28.259 0.083333
28.285 0.083333
28.31 0.083333
28.336 0.083333
28.361 0.083333
28.387 0.083333
28.412 0.083333
28.438 0.083333
28.463 0.083333
28.489 0.083333
28.514 0.083333
28.54 0.083333
28.565 0.083333
28.591 0.083333
28.616 0.083333
28.642 0.083333
28.667 0.083333
28.693 0.083333
28.718 0.083333
28.744 0.083333
28.769 0.083333
28.795 0.083333
28.82 0.083333
28.846 0.083333
28.871 0.083333
28.897 0.083333
28.922 0.083333
28.948 0.083333
28.973 0.083333
28.999 0.083333
29.024 0.083333
29.05 0.083333
29.075 0.083333
29.101 0.083333
29.126 0.083333
29.152 0.083333
29.177 0.083333
29.203 0.083333
29.228 0.083333
29.254 0.083333
29.279 0.083333
29.305 0.083333
29.33 0.083333
29.356 0.083333
29.381 0.083333
29.407 0.083333
29.432 0.083333
29.458 0.083333
29.483 0.083333
29.509 0.083333
29.534 0.083333
29.56 0.083333
29.585 0.083333
29.611 0.083333
29.636 0.083333
29.662 0.083333
29.687 0.083333
29.713 0.083333
29.738 0.083333
29.764 0.083333
29.789 0.083333
29.815 0.083333
29.84 0.083333
29.866 0.083333
29.891 0.083333
29.917 0.083333
29.942 0.083333
29.968 0.083333
29.993 0.08
30.019 0.08
30.044 0.08
30.07 0.08
30.095 0.08
30.121 0.08
30.146 0.08
30.172 0.08
30.197 0.08
30.223 0.08
30.248 0.08
30.274 0.08
30.299 0.08
30.325 0.08
30.35 0.08
30.376 0.08
30.401 0.08
30.427 0.08
30.452 0.08
30.478 0.08
30.503 0.08
30.529 0.08
30.554 0.08
30.58 0.08
30.605 0.08
30.631 0.08
30.656 0.08
30.682 0.08
30.707 0.08
30.733 0.08
30.758 0.08
30.784 0.08
30.809 0.08
30.835 0.08
30.86 0.08
30.886 0.08
30.911 0.08
30.937 0.08
30.962 0.08
30.988 0.08
31.013 0.08
31.039 0.08
31.064 0.08
31.09 0.08
31.115 0.08
31.141 0.08
31.166 0.08
31.192 0.08
31.217 0.08
31.243 0.08
31.268 0.08
31.294 0.08
31.319 0.08
31.345 0.08
31.37 0.08
31.396 0.08
31.421 0.08
31.447 0.08
31.472 0.08
31.498 0.08
31.523 0.08
31.549 0.08
31.574 0.08
31.6 0.08
31.625 0.08
31.651 0.08
31.676 0.08
31.702 0.08
31.727 0.08
31.753 0.08
31.778 0.08
31.804 0.08
31.829 0.08
31.855 0.08
31.88 0.08
31.906 0.08
31.931 0.08
31.957 0.08
31.982 0.08
32.008 0.08
32.033 0.08
32.059 0.08
32.084 0.08
32.11 0.08
32.135 0.08
32.161 0.08
32.186 0.08
32.212 0.08
32.237 0.08
32.263 0.08
32.288 0.08
32.314 0.08
32.34 0.08
32.365 0.08
32.391 0.08
32.416 0.08
32.441 0.08
32.467 0.08
32.492 0.08
32.518 0.08
32.543 0.08
32.569 0.08
32.594 0.08
32.62 0.08
32.645 0.08
32.671 0.08
32.697 0.08
32.722 0.08
32.748 0.08
32.773 0.08
32.798 0.08
32.824 0.08
32.849 0.08
32.875 0.08
32.9 0.08
32.926 0.08
32.951 0.08
32.977 0.08
33.002 0.08
33.028 0.08
33.053 0.08
33.079 0.08
33.104 0.08
33.13 0.08
33.155 0.08
33.181 0.08
33.206 0.08
33.232 0.08
33.258 0.08
33.283 0.08
33.308 0.08
33.334 0.08
33.359 0.08
33.385 0.08
33.41 0.08
33.436 0.08
33.462 0.08
33.487 0.08
33.512 0.08
33.538 0.08
33.563 0.08
33.589 0.08
33.614 0.08
33.64 0.08
33.665 0.08
33.691 0.08
33.716 0.08
33.742 0.08
33.767 0.08
33.793 0.08
33.819 0.083333
33.844 0.083333
33.869 0.083333
33.895 0.083333
33.92 0.083333
33.946 0.083333
33.971 0.083333
33.997 0.083333
34.023 0.083333
34.048 0.083333
34.073 0.083333
34.099 0.083333
34.124 0.083333
34.15 0.083333
34.175 0.083333
34.201 0.083333
34.226 0.083333
34.252 0.083333
34.277 0.083333
34.303 0.083333
34.328 0.083333
34.354 0.083333
34.38 0.083333
34.405 0.083333
34.43 0.083333
34.456 0.083333
34.481 0.083333
34.507 0.083333
34.532 0.083333
34.558 0.083333
34.584 0.083333
34.609 0.083333
34.634 0.083333
34.66 0.083333
34.685 0.083333
34.711 0.083333
34.736 0.083333
34.762 0.083333
34.787 0.083333
34.813 0.083333
34.838 0.083333
34.864 0.083333
34.889 0.083333
34.915 0.083333
34.941 0.083333
34.966 0.083333
34.991 0.083333
35.017 0.083333
35.042 0.083333
35.068 0.083333
35.093 0.083333
35.119 0.083333
35.145 0.083333
35.17 0.083333
35.195 0.083333
35.221 0.083333
35.246 0.083333
35.272 0.083333
35.297 0.083333
35.323 0.083333
35.348 0.083333
35.374 0.083333
35.399 0.083333
35.425 0.083333
35.45 0.083333
35.476 0.083333
35.502 0.083333
35.527 0.083333
35.552 0.083333
35.578 0.083333
35.603 0.086667
35.629 0.086667
35.654 0.086667
35.68 0.086667
35.706 0.086667
35.731 0.086667
35.756 0.086667
35.782 0.086667
35.807 0.086667
35.833 0.086667
35.858 0.086667
35.884 0.086667
35.91 0.086667
35.935 0.086667
35.96 0.086667
35.986 0.086667
36.011 0.086667
36.037 0.086667
36.062 0.086667
36.088 0.086667
36.113 0.086667
36.139 0.086667
36.164 0.086667
36.19 0.086667
36.215 0.086667
36.241 0.086667
36.267 0.086667
36.292 0.086667
36.317 0.086667
36.343 0.086667
36.368 0.09
36.394 0.09
36.419 0.09
36.445 0.09
36.471 0.09
36.496 0.09
36.521 0.09
36.547 0.09
36.572 0.09
36.598 0.09
36.623 0.09
36.649 0.09
36.674 0.09
36.7 0.09
36.725 0.09
36.751 0.09
36.776 0.09
36.802 0.09
36.828 0.09
36.853 0.09
36.878 0.09
36.904 0.09
36.929 0.09
36.955 0.09
36.98 0.09
37.006 0.09
37.032 0.09
37.057 0.09
37.082 0.09
37.108 0.09
37.133 0.093889
37.159 0.093889
37.184 0.093889
37.21 0.093889
37.235 0.093889
37.261 0.093889
37.286 0.093889
37.312 0.093889
37.337 0.093889
37.363 0.093889
37.389 0.093889
37.414 0.093889
37.439 0.093889
37.465 0.093889
37.49 0.093889
37.516 0.093889
37.541 0.093889
37.567 0.093889
37.593 0.093889
37.618 0.093889
37.643 0.093889
37.669 0.093889
37.694 0.093889
37.72 0.093889
37.745 0.093889
37.771 0.093889
37.796 0.093889
37.822 0.093889
37.847 0.093889
37.873 0.093889
37.898 0.097222
37.924 0.097222
37.95 0.097222
37.975 0.097222
38 0.097222
38.026 0.097222
38.051 0.097222
38.077 0.097222
38.102 0.097222
38.128 0.097222
38.154 0.097222
38.179 0.097222
38.204 0.097222
38.23 0.097222
38.255 0.097222
38.281 0.097222
38.306 0.097222
38.332 0.097222
38.357 0.097222
38.383 0.097222
38.408 0.097222
38.434 0.097222
38.459 0.097222
38.485 0.097222
38.511 0.097222
38.536 0.097222
38.561 0.097222
38.587 0.097222
38.612 0.097222
38.638 0.097222
38.663 0.097222
38.689 0.097222
38.715 0.097222
38.74 0.097222
38.765 0.097222
38.791 0.097222
38.816 0.097222
38.842 0.097222
38.867 0.097222
38.893 0.097222
38.918 0.10056
38.944 0.10056
38.969 0.10056
38.995 0.10056
39.02 0.10056
39.046 0.10056
39.072 0.10056
39.097 0.10056
39.122 0.10056
39.148 0.10056
39.173 0.097222
39.199 0.097222
39.224 0.097222
39.25 0.097222
39.276 0.097222
39.301 0.097222
39.326 0.097222
39.352 0.097222
39.377 0.097222
39.403 0.097222
39.428 0.097222
39.454 0.097222
39.479 0.097222
39.505 0.097222
39.53 0.097222
39.556 0.097222
39.581 0.097222
39.607 0.097222
39.633 0.097222
39.658 0.097222
39.683 0.097222
39.709 0.097222
39.734 0.097222
39.76 0.097222
39.785 0.097222
39.811 0.097222
39.837 0.097222
39.862 0.097222
39.887 0.097222
39.913 0.097222
39.938 0.097222
39.964 0.097222
39.989 0.097222
40.015 0.097222
40.04 0.097222
40.066 0.097222
40.091 0.097222
40.117 0.097222
40.142 0.097222
40.168 0.097222
40.194 0.097222
40.219 0.097222
40.244 0.097222
40.27 0.097222
40.295 0.097222
40.321 0.097222
40.346 0.097222
40.372 0.097222
40.398 0.097222
40.423 0.097222
40.448 0.097222
40.474 0.097222
40.499 0.097222
40.525 0.097222
40.55 0.097222
40.576 0.097222
40.601 0.097222
40.627 0.097222
40.652 0.097222
40.678 0.097222
40.703 0.093889
40.729 0.093889
40.755 0.093889
40.78 0.093889
40.805 0.093889
40.831 0.093889
40.856 0.093889
40.882 0.093889
40.907 0.093889
40.933 0.093889
40.959 0.09
40.984 0.09
41.009 0.09
41.035 0.09
41.06 0.09
41.086 0.09
41.111 0.09
41.137 0.09
41.162 0.09
41.188 0.09
41.213 0.09
41.239 0.09
41.264 0.09
41.29 0.09
41.316 0.09
41.341 0.09
41.366 0.09
41.392 0.09
41.417 0.09
41.443 0.09
41.468 0.09
41.494 0.09
41.52 0.09
41.545 0.09
41.57 0.09
41.596 0.09
41.621 0.09
41.647 0.09
41.672 0.09
41.698 0.09
41.723 0.086667
41.749 0.086667
41.774 0.086667
41.8 0.086667
41.825 0.086667
41.851 0.086667
41.877 0.086667
41.902 0.086667
41.927 0.086667
41.953 0.086667
41.978 0.086667
42.004 0.086667
42.029 0.086667
42.055 0.086667
42.081 0.086667
42.106 0.086667
42.131 0.086667
42.157 0.086667
42.182 0.086667
42.208 0.086667
42.233 0.086667
42.259 0.086667
42.284 0.086667
42.31 0.086667
42.335 0.086667
42.361 0.086667
42.386 0.086667
42.412 0.086667
42.438 0.086667
42.463 0.086667
42.488 0.083333
42.514 0.083333
42.539 0.083333
42.565 0.083333
42.59 0.083333
42.616 0.083333
42.642 0.083333
42.667 0.083333
42.692 0.083333
42.718 0.083333
42.743 0.083333
42.769 0.083333
42.794 0.083333
42.82 0.083333
42.845 0.083333
42.871 0.083333
42.896 0.083333
42.922 0.083333
42.947 0.083333
42.973 0.083333
42.998 0.083333
43.024 0.083333
43.049 0.083333
43.075 0.083333
43.1 0.083333
43.126 0.083333
43.151 0.083333
43.177 0.083333
43.203 0.083333
43.228 0.083333
43.253 0.083333
43.279 0.083333
43.304 0.083333
43.33 0.083333
43.355 0.083333
43.381 0.083333
43.406 0.083333
43.432 0.083333
43.457 0.083333
43.483 0.083333
43.508 0.083333
43.534 0.083333
43.559 0.083333
43.585 0.083333
43.61 0.083333
43.636 0.083333
43.661 0.083333
43.687 0.083333
43.712 0.083333
43.738 0.083333
43.764 0.083333
43.789 0.083333
43.814 0.083333
43.84 0.083333
43.865 0.083333
43.891 0.083333
43.916 0.083333
43.942 0.083333
43.967 0.083333
43.993 0.083333
44.018 0.083333
44.044 0.083333
44.069 0.083333
44.095 0.083333
44.12 0.083333
44.146 0.083333
44.171 0.083333
44.197 0.083333
44.222 0.083333
44.248 0.083333
44.273 0.083333
44.299 0.083333
44.325 0.083333
44.35 0.083333
44.375 0.083333
44.401 0.083333
44.426 0.083333
44.452 0.083333
44.477 0.083333
44.503 0.083333
44.528 0.083333
44.554 0.083333
44.579 0.083333
44.605 0.083333
44.63 0.083333
44.656 0.083333
44.681 0.083333
44.707 0.083333
44.732 0.083333
44.758 0.083333
44.783 0.083333
44.809 0.083333
44.834 0.083333
44.86 0.083333
44.886 0.083333
44.911 0.083333
44.936 0.083333
44.962 0.083333
44.987 0.083333
45.013 0.083333
45.038 0.083333
45.064 0.083333
45.089 0.083333
45.115 0.083333
45.14 0.083333
45.166 0.083333
45.191 0.083333
45.217 0.083333
45.242 0.083333
45.268 0.083333
45.293 0.083333
45.319 0.083333
45.344 0.083333
45.37 0.083333
45.395 0.083333
45.421 0.083333
45.447 0.083333
45.472 0.083333
45.497 0.083333
45.523 0.083333
45.548 0.083333
45.574 0.083333
45.599 0.083333
45.625 0.083333
45.65 0.083333
45.676 0.083333
45.701 0.083333
45.727 0.083333
45.752 0.083333
45.778 0.083333
45.803 0.083333
45.829 0.083333
45.854 0.083333
45.88 0.083333
45.905 0.083333
45.931 0.083333
45.956 0.083333
45.982 0.083333
46.008 0.083333
46.033 0.083333
46.058 0.083333
46.084 0.083333
46.109 0.083333
46.135 0.083333
46.16 0.083333
46.186 0.083333
46.211 0.083333
46.237 0.083333
46.262 0.083333
46.288 0.083333
46.313 0.083333
46.339 0.083333
46.364 0.083333
46.39 0.083333
46.415 0.083333
46.441 0.083333
46.466 0.083333
46.492 0.083333
46.517 0.083333
46.543 0.083333
46.569 0.083333
46.594 0.083333
46.619 0.083333
46.645 0.083333
46.67 0.083333
46.696 0.083333
46.721 0.083333
46.747 0.083333
46.772 0.083333
46.798 0.083333
46.823 0.083333
46.849 0.083333
46.874 0.083333
46.9 0.083333
46.925 0.083333
46.951 0.083333
46.976 0.083333
47.002 0.083333
47.027 0.083333
47.053 0.083333
47.078 0.083333
47.104 0.083333
47.13 0.083333
47.155 0.083333
47.18 0.083333
47.206 0.083333
47.231 0.083333
47.257 0.083333
47.282 0.083333
47.308 0.083333
47.333 0.08
47.359 0.08
47.384 0.08
47.41 0.08
47.435 0.08
47.461 0.08
47.486 0.08
47.512 0.08
47.537 0.08
47.563 0.08
47.588 0.08
47.614 0.08
47.639 0.08
47.665 0.08
47.691 0.08
47.716 0.08
47.741 0.08
47.767 0.08
47.792 0.08
47.818 0.08
47.843 0.08
47.869 0.08
47.894 0.08
47.92 0.08
47.945 0.08
47.971 0.08
47.996 0.08
48.022 0.08
48.047 0.08
48.073 0.08
48.098 0.08
48.124 0.08
48.149 0.08
48.175 0.08
48.2 0.08
48.226 0.08
48.252 0.08
48.277 0.08
48.302 0.08
48.328 0.08
48.353 0.08
48.379 0.08
48.404 0.08
48.43 0.08
48.455 0.08
48.481 0.08
48.506 0.08
48.532 0.08
48.557 0.08
48.583 0.08
48.608 0.08
48.634 0.08
48.659 0.08
48.685 0.08
48.71 0.08
48.736 0.08
48.761 0.08
48.787 0.08
48.812 0.08
48.838 0.08
48.863 0.08
48.889 0.08
48.914 0.08
48.94 0.08
48.965 0.08
48.991 0.08
49.016 0.08
49.042 0.08
49.067 0.08
49.093 0.08
49.118 0.08
49.144 0.08
49.169 0.08
49.195 0.08
49.22 0.08
49.246 0.08
49.271 0.08
49.297 0.08
49.322 0.08
49.348 0.08
49.373 0.08
49.399 0.08
49.424 0.08
49.45 0.08
49.475 0.08
49.501 0.08
49.526 0.08
49.552 0.08
49.577 0.08
49.603 0.08
49.628 0.08
49.654 0.08
49.679 0.08
49.705 0.08
49.73 0.08
49.756 0.08
49.781 0.08
49.807 0.08
49.832 0.08
49.858 0.08
49.883 0.083333
49.909 0.083333
49.934 0.083333
49.96 0.083333
49.985 0.083333
50.011 0.083333
50.036 0.083333
50.062 0.083333
50.087 0.083333
50.113 0.083333
50.138 0.083333
50.164 0.083333
50.189 0.083333
50.215 0.083333
50.24 0.083333
50.266 0.083333
50.291 0.083333
50.317 0.083333
50.342 0.083333
50.368 0.083333
50.393 0.083333
50.419 0.083333
50.444 0.083333
50.47 0.083333
50.495 0.083333
50.521 0.083333
50.546 0.083333
50.572 0.083333
50.597 0.083333
50.623 0.083333
50.648 0.083333
50.674 0.083333
50.699 0.083333
50.725 0.083333
50.75 0.083333
50.776 0.083333
50.801 0.083333
