1 0
2 0
3 0
4 0
5 0
6 0.0048863
7 0.011885
8 0.018475
9 0.024523
10 0.030063
11 0.035137
12 0.039784
13 0.04404
14 0.047938
15 0.051508
16 0.054777
17 0.057771
18 0.060513
19 0.063025
20 0.065325
21 0.067432
22 0.069361
23 0.071128
24 0.072746
25 0.074228
26 0.075586
27 0.076829
28 0.077967
29 0.07901
30 0.079965
31 0.08084
32 0.081641
33 0.082374
34 0.083046
35 0.083661
36 0.084225
37 0.084741
38 0.085214
39 0.085647
40 0.086043
41 0.086406
42 0.086739
43 0.087043
44 0.087322
45 0.087578
46 0.087812
47 0.088026
48 0.088222
49 0.088402
