1 0
1.0255 0
1.051 0
1.0765 0
1.102 0
1.1275 0
1.153 0
1.1785 0
1.204 0
1.2295 0
1.255 0
1.2805 0
1.306 0
1.3315 0
1.357 0
1.3825 0
1.408 0
1.4335 0
1.459 0
1.4845 0
1.51 0
1.5355 0
1.561 0
1.5865 0
1.612 0
1.6375 0
1.663 0
1.6885 0
1.714 0
1.7395 0
1.765 0
1.7905 0
1.816 0
1.8415 0
1.867 0
1.8925 0
1.918 0
1.9435 0
1.969 0
1.9945 0
2.02 0
2.0455 0
2.071 0
2.0965 0
2.122 0
2.1475 0
2.173 0
2.1985 0
2.224 0
2.2495 0
2.275 0
2.3005 0
2.326 0
2.3515 0
2.377 0
2.4025 0
2.428 0
2.4535 0
2.479 0
2.5045 0
2.53 0
2.5555 0
2.581 0
2.6065 0
2.632 0
2.6575 0
2.683 0
2.7085 0
2.734 0
2.7595 0
2.785 0
2.8105 0
2.836 0
2.8615 0
2.887 0
2.9125 0
2.938 0
2.9635 0
2.989 0
3.0145 0
3.04 0
3.0655 0
3.091 0.0030435
3.1165 0.0030435
3.142 0.0030435
3.1675 0.0030435
3.193 0.0030435
3.2185 0.0030435
3.244 0.0030435
3.2695 0.0030435
3.295 0.0030435
3.3205 0.0030435
3.346 0.0030435
3.3715 0.0030435
3.397 0.0030435
3.4225 0.0030435
3.448 0.0030435
3.4735 0.0030435
3.499 0.0030435
3.5245 0.0030435
3.55 0.0030435
3.5755 0.0030435
3.601 0.0082609
3.6265 0.0082609
3.652 0.0082609
3.6775 0.0082609
3.703 0.0082609
3.7285 0.0082609
3.754 0.0082609
3.7795 0.0082609
3.805 0.0082609
3.8305 0.0082609
3.856 0.01087
3.8815 0.01087
3.907 0.01087
3.9325 0.01087
3.958 0.01087
3.9835 0.01087
4.009 0.01087
4.0345 0.01087
4.06 0.01087
4.0855 0.01087
4.111 0.013913
4.1365 0.013913
4.162 0.013913
4.1875 0.013913
4.213 0.013913
4.2385 0.013913
4.264 0.013913
4.2895 0.013913
4.315 0.013913
4.3405 0.013913
4.366 0.013913
4.3915 0.013913
4.417 0.013913
4.4425 0.013913
4.468 0.013913
4.4935 0.013913
4.519 0.013913
4.5445 0.013913
4.57 0.013913
4.5955 0.016522
4.621 0.01913
4.6465 0.01913
4.672 0.01913
4.6975 0.01913
4.723 0.01913
4.7485 0.01913
4.774 0.01913
4.7995 0.01913
4.825 0.01913
4.8505 0.01913
4.876 0.021739
4.9015 0.021739
4.927 0.021739
4.9525 0.021739
4.978 0.021739
5.0035 0.021739
5.029 0.021739
5.0545 0.021739
5.08 0.021739
5.1055 0.021739
5.131 0.027391
5.1565 0.027391
5.182 0.027391
5.2075 0.027391
5.233 0.027391
5.2585 0.027391
5.284 0.027391
5.3095 0.027391
5.335 0.027391
5.3605 0.027391
5.386 0.03
5.4115 0.03
5.437 0.03
5.4625 0.03
5.488 0.03
5.5135 0.03
5.539 0.03
5.5645 0.03
5.59 0.03
5.6155 0.03
5.641 0.035652
5.6665 0.035652
5.692 0.035652
5.7175 0.035652
5.743 0.035652
5.7685 0.035652
5.794 0.035652
5.8195 0.035652
5.845 0.035652
5.8705 0.035652
5.896 0.038261
5.9215 0.038261
5.947 0.038261
5.9725 0.038261
5.998 0.038261
6.0235 0.038261
6.049 0.038261
6.0745 0.038261
6.1 0.038261
6.1255 0.038261
6.151 0.038261
6.1765 0.038261
6.202 0.038261
6.2275 0.038261
6.253 0.038261
6.2785 0.038261
6.304 0.038261
6.3295 0.038261
6.355 0.038261
6.3805 0.043478
6.406 0.046522
6.4315 0.046522
6.457 0.046522
6.4825 0.046522
6.508 0.046522
6.5335 0.046522
6.559 0.046522
6.5845 0.046522
6.61 0.046522
6.6355 0.046522
6.661 0.04913
6.6865 0.04913
6.712 0.04913
6.7375 0.04913
6.763 0.04913
6.7885 0.04913
6.814 0.04913
6.8395 0.04913
6.865 0.04913
6.8905 0.04913
6.916 0.054348
6.9415 0.054348
6.967 0.054348
6.9925 0.054348
7.018 0.054348
7.0435 0.054348
7.069 0.054348
7.0945 0.054348
7.12 0.054348
7.1455 0.054348
7.171 0.057391
7.1965 0.057391
7.222 0.057391
7.2475 0.057391
7.273 0.057391
7.2985 0.057391
7.324 0.057391
7.3495 0.057391
7.375 0.057391
7.4005 0.057391
7.426 0.062609
7.4515 0.062609
7.477 0.062609
7.5025 0.062609
7.528 0.062609
7.5535 0.062609
7.579 0.062609
7.6045 0.062609
7.63 0.062609
7.6555 0.062609
7.681 0.065217
7.7065 0.065217
7.732 0.065217
7.7575 0.065217
7.783 0.065217
7.8085 0.065217
7.834 0.065217
7.8595 0.065217
7.885 0.065217
7.9105 0.065217
7.936 0.065217
7.9615 0.065217
7.987 0.065217
8.0125 0.065217
8.038 0.065217
8.0635 0.065217
8.089 0.065217
8.1145 0.065217
8.14 0.065217
8.1655 0.07087
8.191 0.07087
8.2165 0.07087
8.242 0.07087
8.2675 0.07087
8.293 0.07087
8.3185 0.07087
8.344 0.07087
8.3695 0.07087
8.395 0.07087
8.4205 0.07087
8.446 0.076087
8.4715 0.076087
8.497 0.076087
8.5225 0.076087
8.548 0.076087
8.5735 0.076087
8.599 0.076087
8.6245 0.076087
8.65 0.076087
8.6755 0.076087
8.701 0.07913
8.7265 0.07913
8.752 0.07913
8.7775 0.07913
8.803 0.07913
8.8285 0.07913
8.854 0.07913
8.8795 0.07913
8.905 0.07913
8.9305 0.07913
8.956 0.081739
8.9815 0.081739
9.007 0.081739
9.0325 0.081739
9.058 0.081739
9.0835 0.081739
9.109 0.081739
9.1345 0.081739
9.16 0.081739
9.1855 0.081739
9.211 0.084348
9.2365 0.084348
9.262 0.084348
9.2875 0.084348
9.313 0.084348
9.3385 0.084348
9.364 0.084348
9.3895 0.084348
9.415 0.084348
9.4405 0.084348
9.466 0.086957
9.4915 0.086957
9.517 0.086957
9.5425 0.086957
9.568 0.086957
9.5935 0.086957
9.619 0.086957
9.6445 0.086957
9.67 0.086957
9.6955 0.086957
9.721 0.086957
9.7465 0.086957
9.772 0.086957
9.7975 0.086957
9.823 0.086957
9.8485 0.086957
9.874 0.086957
9.8995 0.086957
9.925 0.086957
9.9505 0.092609
9.976 0.092609
10.002 0.092609
10.027 0.092609
10.053 0.092609
10.078 0.092609
10.103 0.092609
10.129 0.092609
10.154 0.092609
10.18 0.092609
10.205 0.092609
10.231 0.095217
10.256 0.095217
10.282 0.095217
10.307 0.095217
10.333 0.095217
10.358 0.095217
10.384 0.095217
10.409 0.095217
10.435 0.095217
10.46 0.095217
10.486 0.097826
10.511 0.097826
10.537 0.097826
10.562 0.097826
10.588 0.097826
10.614 0.097826
10.639 0.097826
10.664 0.097826
10.69 0.097826
10.715 0.097826
10.741 0.10087
10.766 0.10087
10.792 0.10087
10.817 0.10087
10.843 0.10087
10.868 0.10087
10.894 0.10087
10.919 0.10087
10.945 0.10087
10.97 0.10087
10.996 0.10609
11.021 0.10609
11.047 0.10609
11.072 0.10609
11.098 0.10609
11.123 0.10609
11.149 0.10609
11.175 0.10609
11.2 0.10609
11.225 0.10609
11.251 0.10609
11.276 0.10609
11.302 0.10609
11.327 0.10609
11.353 0.10609
11.378 0.10609
11.404 0.10609
11.429 0.10609
11.455 0.10609
11.48 0.10609
11.506 0.10609
11.531 0.10609
11.557 0.10609
11.582 0.10609
11.608 0.10609
11.633 0.10609
11.659 0.10609
11.684 0.10609
11.71 0.10609
11.736 0.11174
11.761 0.11174
11.786 0.11174
11.812 0.11174
11.837 0.11174
11.863 0.11174
11.888 0.11174
11.914 0.11174
11.939 0.11174
11.965 0.11174
11.99 0.11174
12.016 0.11435
12.041 0.11435
12.067 0.11435
12.092 0.11435
12.118 0.11435
12.143 0.11435
12.169 0.11435
12.194 0.11435
12.22 0.11435
12.245 0.11435
12.271 0.11696
12.296 0.11696
12.322 0.11696
12.348 0.11696
12.373 0.11696
12.398 0.11696
12.424 0.11696
12.449 0.11696
12.475 0.11696
12.5 0.11696
12.526 0.11957
12.551 0.11957
12.577 0.11957
12.602 0.11957
12.628 0.11957
12.653 0.11957
12.679 0.11957
12.704 0.11957
12.73 0.11957
12.755 0.11957
12.781 0.12261
12.806 0.12261
12.832 0.12261
12.857 0.12261
12.883 0.12261
12.909 0.12261
12.934 0.12261
12.959 0.12261
12.985 0.12261
13.01 0.12261
13.036 0.12522
13.061 0.12522
13.087 0.12522
13.112 0.12522
13.138 0.12522
13.163 0.12522
13.189 0.12522
13.214 0.12522
13.24 0.12522
13.265 0.12522
13.291 0.12522
13.316 0.12522
13.342 0.12522
13.367 0.12522
13.393 0.12522
13.418 0.12522
13.444 0.12522
13.47 0.12522
13.495 0.12522
13.52 0.12783
13.546 0.12783
13.571 0.12783
13.597 0.12783
13.622 0.12783
13.648 0.12783
13.673 0.12783
13.699 0.12783
13.724 0.12783
13.75 0.12783
13.775 0.12783
13.801 0.13043
13.826 0.13043
13.852 0.13043
13.877 0.13043
13.903 0.13043
13.928 0.13043
13.954 0.13043
13.979 0.13043
14.005 0.13043
14.03 0.13043
14.056 0.13043
14.081 0.13043
14.107 0.13043
14.132 0.13043
14.158 0.13043
14.183 0.13043
14.209 0.13043
14.234 0.13043
14.26 0.13043
14.285 0.13043
14.311 0.13348
14.336 0.13348
14.362 0.13348
14.387 0.13348
14.413 0.13348
14.438 0.13348
14.464 0.13348
14.489 0.13348
14.515 0.13348
14.54 0.13348
14.566 0.13609
14.591 0.13609
14.617 0.13609
14.642 0.13609
14.668 0.13609
14.693 0.13609
14.719 0.13609
14.744 0.13609
14.77 0.13609
14.795 0.13609
14.821 0.1387
14.846 0.1387
14.872 0.1387
14.897 0.1387
14.923 0.1387
14.948 0.1387
14.974 0.1387
14.999 0.1387
15.025 0.1387
15.05 0.1387
15.076 0.1387
15.101 0.1387
15.127 0.1387
15.152 0.1387
15.178 0.1387
15.203 0.1387
15.229 0.1387
15.254 0.1387
15.28 0.1387
15.305 0.1413
15.331 0.1413
15.356 0.1413
15.382 0.1413
15.407 0.1413
15.433 0.1413
15.458 0.1413
15.484 0.1413
15.509 0.1413
15.535 0.1413
15.56 0.1413
15.586 0.14435
15.611 0.14435
15.637 0.14435
15.662 0.14435
15.688 0.14435
15.713 0.14435
15.739 0.14435
15.764 0.14435
15.79 0.14435
15.815 0.14435
15.841 0.14435
15.866 0.14435
15.892 0.14435
15.917 0.14435
15.943 0.14435
15.968 0.14435
15.994 0.14435
16.02 0.14435
16.045 0.14435
16.07 0.14435
16.096 0.14696
16.121 0.14696
16.147 0.14696
16.172 0.14696
16.198 0.14696
16.224 0.14696
16.249 0.14696
16.274 0.14696
16.3 0.14696
16.325 0.14696
16.351 0.14957
16.377 0.14957
16.402 0.14957
16.427 0.14957
16.453 0.14957
16.478 0.14957
16.504 0.14957
16.529 0.14957
16.555 0.14957
16.581 0.14957
16.606 0.14957
16.631 0.14957
16.657 0.14957
16.682 0.14957
16.708 0.14957
16.733 0.14957
16.759 0.14957
16.785 0.14957
16.81 0.14957
16.835 0.14957
16.861 0.14957
16.886 0.14957
16.912 0.14957
16.938 0.14957
16.963 0.14957
16.988 0.14957
17.014 0.14957
17.04 0.14957
17.065 0.14957
17.09 0.15217
17.116 0.15217
17.142 0.15217
17.167 0.15217
17.192 0.15217
17.218 0.15217
17.243 0.15217
17.269 0.15217
17.294 0.15217
17.32 0.15217
17.345 0.15217
17.371 0.15522
17.396 0.15522
17.422 0.15522
17.447 0.15522
17.473 0.15522
17.498 0.15522
17.524 0.15522
17.549 0.15522
17.575 0.15522
17.601 0.15522
17.626 0.15783
17.651 0.15783
17.677 0.15783
17.703 0.15783
17.728 0.15783
17.753 0.15783
17.779 0.15783
17.804 0.15783
17.83 0.15783
17.855 0.15783
17.881 0.15783
17.906 0.15783
17.932 0.15783
17.957 0.15783
17.983 0.15783
18.008 0.15783
18.034 0.15783
18.059 0.15783
18.085 0.15783
18.11 0.15783
18.136 0.15783
18.162 0.15783
18.187 0.15783
18.212 0.15783
18.238 0.15783
18.264 0.15783
18.289 0.15783
18.314 0.15783
18.34 0.15783
18.365 0.15783
18.391 0.16043
18.416 0.16043
18.442 0.16043
18.467 0.16043
18.493 0.16043
18.518 0.16043
18.544 0.16043
18.569 0.16043
18.595 0.16043
18.62 0.16043
18.646 0.16043
18.671 0.16043
18.697 0.16043
18.723 0.16043
18.748 0.16043
18.773 0.16043
18.799 0.16043
18.825 0.16043
18.85 0.16043
18.875 0.16043
18.901 0.16043
18.926 0.16043
18.952 0.16043
18.977 0.16043
19.003 0.16043
19.028 0.16043
19.054 0.16043
19.079 0.16043
19.105 0.16043
19.13 0.16043
19.156 0.16304
19.181 0.16304
19.207 0.16304
19.232 0.16304
19.258 0.16304
19.284 0.16304
19.309 0.16304
19.334 0.16304
19.36 0.16304
19.386 0.16304
19.411 0.16304
19.436 0.16304
19.462 0.16304
19.487 0.16304
19.513 0.16304
19.538 0.16304
19.564 0.16304
19.589 0.16304
19.615 0.16304
19.64 0.16304
19.666 0.16609
19.691 0.16609
19.717 0.16609
19.742 0.16609
19.768 0.16609
19.793 0.16609
19.819 0.16609
19.845 0.16609
19.87 0.16609
19.895 0.16609
19.921 0.16609
19.947 0.16609
19.972 0.16609
19.997 0.16609
20.023 0.16609
20.048 0.16609
20.074 0.16609
20.099 0.16609
20.125 0.16609
20.15 0.16609
20.176 0.1687
20.201 0.1687
20.227 0.1687
20.252 0.1687
20.278 0.1687
20.303 0.1687
20.329 0.1687
20.354 0.1687
20.38 0.1687
20.405 0.1687
20.431 0.1687
20.456 0.1687
20.482 0.1687
20.508 0.1687
20.533 0.1687
20.558 0.1687
20.584 0.1687
20.609 0.1687
20.635 0.1687
20.66 0.1687
20.686 0.1687
20.711 0.1687
20.737 0.1687
20.762 0.1687
20.788 0.1687
20.813 0.1687
20.839 0.1687
20.864 0.1687
20.89 0.1687
20.915 0.1687
20.941 0.1687
20.966 0.1687
20.992 0.1687
21.017 0.1687
21.043 0.1687
21.069 0.1687
21.094 0.1687
21.119 0.1687
21.145 0.1687
21.17 0.1687
21.196 0.1713
21.221 0.1713
21.247 0.1713
21.272 0.1713
21.298 0.1713
21.323 0.1713
21.349 0.1713
21.374 0.1713
21.4 0.1713
21.425 0.1713
21.451 0.1713
21.476 0.1713
21.502 0.1713
21.527 0.1713
21.553 0.1713
21.578 0.1713
21.604 0.1713
21.63 0.1713
21.655 0.1713
21.68 0.1713
21.706 0.1713
21.731 0.1713
21.757 0.1713
21.782 0.1713
21.808 0.1713
21.833 0.1713
21.859 0.1713
21.884 0.1713
21.91 0.1713
21.935 0.1713
21.961 0.17391
21.986 0.17391
22.012 0.17391
22.037 0.17391
22.063 0.17391
22.088 0.17391
22.114 0.17391
22.139 0.17391
22.165 0.17391
22.191 0.17391
22.216 0.17391
22.241 0.17391
22.267 0.17391
22.292 0.17391
22.318 0.17391
22.343 0.17391
22.369 0.17391
22.394 0.17391
22.42 0.17391
22.445 0.17391
22.471 0.17391
22.496 0.17391
22.522 0.17391
22.547 0.17391
22.573 0.17391
22.598 0.17391
22.624 0.17391
22.649 0.17391
22.675 0.17391
22.7 0.17391
22.726 0.17391
22.752 0.17391
22.777 0.17391
22.802 0.17391
22.828 0.17391
22.854 0.17391
22.879 0.17391
22.904 0.17391
22.93 0.17391
22.955 0.17391
22.981 0.17696
23.006 0.17696
23.032 0.17696
23.057 0.17696
23.083 0.17696
23.108 0.17696
23.134 0.17696
23.159 0.17696
23.185 0.17696
23.21 0.17696
23.236 0.17696
23.261 0.17696
23.287 0.17696
23.312 0.17696
23.338 0.17696
23.363 0.17696
23.389 0.17696
23.415 0.17696
23.44 0.17696
23.465 0.17696
23.491 0.17696
23.516 0.17696
23.542 0.17696
23.567 0.17696
23.593 0.17696
23.618 0.17696
23.644 0.17696
23.669 0.17696
23.695 0.17696
23.72 0.17696
23.746 0.17957
23.771 0.17957
23.797 0.17957
23.822 0.17957
23.848 0.17957
23.873 0.17957
23.899 0.17957
23.924 0.17957
23.95 0.17957
23.976 0.17957
24.001 0.17957
24.026 0.17957
24.052 0.17957
24.077 0.17957
24.103 0.17957
24.128 0.17957
24.154 0.17957
24.179 0.17957
24.205 0.17957
24.23 0.17957
24.256 0.17957
24.281 0.17957
24.307 0.17957
24.332 0.17957
24.358 0.17957
24.383 0.17957
24.409 0.17957
24.434 0.17957
24.46 0.17957
24.485 0.17957
24.511 0.17957
24.537 0.17957
24.562 0.17957
24.587 0.17957
24.613 0.17957
24.638 0.17957
24.664 0.17957
24.689 0.17957
24.715 0.17957
24.74 0.17957
24.766 0.17957
24.791 0.17957
24.817 0.17957
24.842 0.17957
24.868 0.17957
24.893 0.17957
24.919 0.17957
24.944 0.17957
24.97 0.17957
24.995 0.17957
25.021 0.17957
25.046 0.17957
25.072 0.17957
25.098 0.17957
25.123 0.17957
25.148 0.17957
25.174 0.17957
25.199 0.17957
25.225 0.17957
25.25 0.17957
25.276 0.18217
25.301 0.18217
25.327 0.18217
25.352 0.18217
25.378 0.18217
25.403 0.18217
25.429 0.18217
25.454 0.18217
25.48 0.18217
25.505 0.18217
25.531 0.18217
25.556 0.18217
25.582 0.18217
25.607 0.18217
25.633 0.18217
25.659 0.18217
25.684 0.18217
25.709 0.18217
25.735 0.18217
25.76 0.18217
25.786 0.18217
25.811 0.18217
25.837 0.18217
25.862 0.18217
25.888 0.18217
25.913 0.18217
25.939 0.18217
25.964 0.18217
25.99 0.18217
26.015 0.18217
26.041 0.18217
26.066 0.18217
26.092 0.18217
26.117 0.18217
26.143 0.18217
26.168 0.18217
26.194 0.18217
26.22 0.18217
26.245 0.18217
26.27 0.18217
26.296 0.18217
26.321 0.18217
26.347 0.18217
26.372 0.18217
26.398 0.18217
26.423 0.18217
26.449 0.18217
26.474 0.18217
26.5 0.18217
26.525 0.18217
26.551 0.18217
26.576 0.18217
26.602 0.18217
26.627 0.18217
26.653 0.18217
26.678 0.18217
26.704 0.18217
26.729 0.18217
26.755 0.18217
26.78 0.18217
26.806 0.18478
26.831 0.18478
26.857 0.18478
26.882 0.18478
26.908 0.18478
26.933 0.18478
26.959 0.18478
26.984 0.18478
27.01 0.18478
27.035 0.18478
27.061 0.18783
27.086 0.18783
27.112 0.18783
27.137 0.18783
27.163 0.18783
27.188 0.18783
27.214 0.18783
27.239 0.18783
27.265 0.18783
27.29 0.18783
27.316 0.18783
27.341 0.18783
27.367 0.18783
27.392 0.18783
27.418 0.18783
27.443 0.18783
27.469 0.18783
27.494 0.18783
27.52 0.18783
27.545 0.18783
27.571 0.18783
27.596 0.18783
27.622 0.18783
27.647 0.18783
27.673 0.18783
27.698 0.18783
27.724 0.18783
27.749 0.18783
27.775 0.18783
27.8 0.18783
27.826 0.19043
27.851 0.19043
27.877 0.19043
27.902 0.19043
27.928 0.19043
27.953 0.19043
27.979 0.19043
28.004 0.19043
28.03 0.19043
28.055 0.19043
28.081 0.19043
28.106 0.19043
28.132 0.19043
28.157 0.19043
28.183 0.19043
28.208 0.19043
28.234 0.19043
28.259 0.19043
28.285 0.19043
28.31 0.19043
28.336 0.19043
28.361 0.19043
28.387 0.19043
28.412 0.19043
28.438 0.19043
28.463 0.19043
28.489 0.19043
28.514 0.19043
28.54 0.19043
28.565 0.19043
28.591 0.19304
28.616 0.19304
28.642 0.19304
28.667 0.19304
28.693 0.19304
28.718 0.19304
28.744 0.19304
28.769 0.19304
28.795 0.19304
28.82 0.19304
28.846 0.19304
28.871 0.19304
28.897 0.19304
28.922 0.19304
28.948 0.19304
28.973 0.19304
28.999 0.19304
29.024 0.19304
29.05 0.19304
29.075 0.19304
29.101 0.19304
29.126 0.19304
29.152 0.19304
29.177 0.19304
29.203 0.19304
29.228 0.19304
29.254 0.19304
29.279 0.19304
29.305 0.19304
29.33 0.19304
29.356 0.19304
29.381 0.19304
29.407 0.19304
29.432 0.19304
29.458 0.19304
29.483 0.19304
29.509 0.19304
29.534 0.19304
29.56 0.19304
29.585 0.19304
29.611 0.19304
29.636 0.19304
29.662 0.19304
29.687 0.19304
29.713 0.19304
29.738 0.19304
29.764 0.19304
29.789 0.19304
29.815 0.19304
29.84 0.19304
29.866 0.19304
29.891 0.19304
29.917 0.19304
29.942 0.19304
29.968 0.19304
29.993 0.19304
30.019 0.19304
30.044 0.19304
30.07 0.19304
30.095 0.19304
30.121 0.19304
30.146 0.19304
30.172 0.19304
30.197 0.19304
30.223 0.19304
30.248 0.19304
30.274 0.19304
30.299 0.19304
30.325 0.19304
30.35 0.19304
30.376 0.19304
30.401 0.19304
30.427 0.19304
30.452 0.19304
30.478 0.19304
30.503 0.19304
30.529 0.19304
30.554 0.19304
30.58 0.19304
30.605 0.19304
30.631 0.19304
30.656 0.19304
30.682 0.19304
30.707 0.19304
30.733 0.19304
30.758 0.19304
30.784 0.19304
30.809 0.19304
30.835 0.19304
30.86 0.19304
30.886 0.19304
30.911 0.19304
30.937 0.19304
30.962 0.19304
30.988 0.19304
31.013 0.19304
31.039 0.19304
31.064 0.19304
31.09 0.19304
31.115 0.19304
31.141 0.19304
31.166 0.19304
31.192 0.19304
31.217 0.19304
31.243 0.19304
31.268 0.19304
31.294 0.19304
31.319 0.19304
31.345 0.19304
31.37 0.19304
31.396 0.19304
31.421 0.19304
31.447 0.19304
31.472 0.19304
31.498 0.19304
31.523 0.19304
31.549 0.19304
31.574 0.19304
31.6 0.19304
31.625 0.19304
31.651 0.19565
31.676 0.19565
31.702 0.19565
31.727 0.19565
31.753 0.19565
31.778 0.19565
31.804 0.19565
31.829 0.19565
31.855 0.19565
31.88 0.19565
31.906 0.19304
31.931 0.19304
31.957 0.19304
31.982 0.19304
32.008 0.19304
32.033 0.19304
32.059 0.19304
32.084 0.19304
32.11 0.19304
32.135 0.19304
32.161 0.19304
32.186 0.19304
32.212 0.19304
32.237 0.19304
32.263 0.19304
32.288 0.19304
32.314 0.19304
32.34 0.19304
32.365 0.19304
32.391 0.19304
32.416 0.19565
32.441 0.19565
32.467 0.19565
32.492 0.19565
32.518 0.19565
32.543 0.19565
32.569 0.19565
32.594 0.19565
32.62 0.19565
32.645 0.19565
32.671 0.19565
32.697 0.19565
32.722 0.19565
32.748 0.19565
32.773 0.19565
32.798 0.19565
32.824 0.19565
32.849 0.19565
32.875 0.19565
32.9 0.19565
32.926 0.19565
32.951 0.19565
32.977 0.19565
33.002 0.19565
33.028 0.19565
33.053 0.19565
33.079 0.19565
33.104 0.19565
33.13 0.19565
33.155 0.19565
33.181 0.19565
33.206 0.19565
33.232 0.19565
33.258 0.19565
33.283 0.19565
33.308 0.19565
33.334 0.19565
33.359 0.19565
33.385 0.19565
33.41 0.19565
33.436 0.19565
33.462 0.19565
33.487 0.19565
33.512 0.19565
33.538 0.19565
33.563 0.19565
33.589 0.19565
33.614 0.19565
33.64 0.19565
33.665 0.19565
33.691 0.19565
33.716 0.19565
33.742 0.19565
33.767 0.19565
33.793 0.19565
33.819 0.19565
33.844 0.19565
33.869 0.19565
33.895 0.19565
33.92 0.19565
33.946 0.1987
33.971 0.1987
33.997 0.1987
34.023 0.1987
34.048 0.1987
34.073 0.1987
34.099 0.1987
34.124 0.1987
34.15 0.1987
34.175 0.1987
34.201 0.1987
34.226 0.1987
34.252 0.1987
34.277 0.1987
34.303 0.1987
34.328 0.1987
34.354 0.1987
34.38 0.1987
34.405 0.1987
34.43 0.1987
34.456 0.1987
34.481 0.1987
34.507 0.1987
34.532 0.1987
34.558 0.1987
34.584 0.1987
34.609 0.1987
34.634 0.1987
34.66 0.1987
34.685 0.1987
34.711 0.1987
34.736 0.1987
34.762 0.1987
34.787 0.1987
34.813 0.1987
34.838 0.1987
34.864 0.1987
34.889 0.1987
34.915 0.1987
34.941 0.1987
34.966 0.1987
34.991 0.1987
35.017 0.1987
35.042 0.1987
35.068 0.1987
35.093 0.1987
35.119 0.1987
35.145 0.1987
35.17 0.1987
35.195 0.1987
35.221 0.1987
35.246 0.1987
35.272 0.1987
35.297 0.1987
35.323 0.1987
35.348 0.1987
35.374 0.1987
35.399 0.1987
35.425 0.1987
35.45 0.1987
35.476 0.1987
35.502 0.1987
35.527 0.1987
35.552 0.1987
35.578 0.1987
35.603 0.1987
35.629 0.1987
35.654 0.1987
35.68 0.1987
35.706 0.1987
35.731 0.1987
35.756 0.1987
35.782 0.1987
35.807 0.1987
35.833 0.1987
35.858 0.1987
35.884 0.1987
35.91 0.1987
35.935 0.1987
35.96 0.1987
35.986 0.1987
36.011 0.1987
36.037 0.1987
36.062 0.1987
36.088 0.1987
36.113 0.1987
36.139 0.1987
36.164 0.1987
36.19 0.1987
36.215 0.1987
36.241 0.1987
36.267 0.1987
36.292 0.1987
36.317 0.1987
36.343 0.1987
36.368 0.1987
36.394 0.1987
36.419 0.1987
36.445 0.1987
36.471 0.1987
36.496 0.1987
36.521 0.1987
36.547 0.1987
36.572 0.1987
36.598 0.1987
36.623 0.1987
36.649 0.1987
36.674 0.1987
36.7 0.1987
36.725 0.1987
36.751 0.2013
36.776 0.2013
36.802 0.2013
36.828 0.2013
36.853 0.2013
36.878 0.2013
36.904 0.2013
36.929 0.2013
36.955 0.2013
36.98 0.2013
37.006 0.2013
37.032 0.2013
37.057 0.2013
37.082 0.2013
37.108 0.2013
37.133 0.2013
37.159 0.2013
37.184 0.2013
37.21 0.2013
37.235 0.2013
37.261 0.2013
37.286 0.2013
37.312 0.2013
37.337 0.2013
37.363 0.2013
37.389 0.2013
37.414 0.2013
37.439 0.2013
37.465 0.2013
37.49 0.2013
37.516 0.2013
37.541 0.2013
37.567 0.2013
37.593 0.2013
37.618 0.2013
37.643 0.2013
37.669 0.2013
37.694 0.2013
37.72 0.2013
37.745 0.2013
37.771 0.2013
37.796 0.2013
37.822 0.2013
37.847 0.2013
37.873 0.2013
37.898 0.2013
37.924 0.2013
37.95 0.2013
37.975 0.2013
38 0.2013
38.026 0.2013
38.051 0.2013
38.077 0.2013
38.102 0.2013
38.128 0.2013
38.154 0.2013
38.179 0.2013
38.204 0.2013
38.23 0.2013
38.255 0.2013
38.281 0.2013
38.306 0.2013
38.332 0.2013
38.357 0.2013
38.383 0.2013
38.408 0.2013
38.434 0.2013
38.459 0.2013
38.485 0.2013
38.511 0.2013
38.536 0.2013
38.561 0.2013
38.587 0.2013
38.612 0.2013
38.638 0.2013
38.663 0.2013
38.689 0.2013
38.715 0.2013
38.74 0.2013
38.765 0.2013
38.791 0.2013
38.816 0.2013
38.842 0.2013
38.867 0.2013
38.893 0.2013
38.918 0.2013
38.944 0.2013
38.969 0.2013
38.995 0.2013
39.02 0.2013
39.046 0.20391
39.072 0.20391
39.097 0.20391
39.122 0.20391
39.148 0.20391
39.173 0.20391
39.199 0.20391
39.224 0.20391
39.25 0.20391
39.276 0.20391
39.301 0.20391
39.326 0.20391
39.352 0.20391
39.377 0.20391
39.403 0.20391
39.428 0.20391
39.454 0.20391
39.479 0.20391
39.505 0.20391
39.53 0.20391
39.556 0.20391
39.581 0.20391
39.607 0.20391
39.633 0.20391
39.658 0.20391
39.683 0.20391
39.709 0.20391
39.734 0.20391
39.76 0.20391
39.785 0.20391
39.811 0.20391
39.837 0.20391
39.862 0.20391
39.887 0.20391
39.913 0.20391
39.938 0.20391
39.964 0.20391
39.989 0.20391
40.015 0.20391
40.04 0.20391
40.066 0.20391
40.091 0.20391
40.117 0.20391
40.142 0.20391
40.168 0.20391
40.194 0.20391
40.219 0.20391
40.244 0.20391
40.27 0.20391
40.295 0.20391
40.321 0.20391
40.346 0.20391
40.372 0.20391
40.398 0.20391
40.423 0.20391
40.448 0.20391
40.474 0.20391
40.499 0.20391
40.525 0.20391
40.55 0.20391
40.576 0.20391
40.601 0.20391
40.627 0.20391
40.652 0.20391
40.678 0.20391
40.703 0.20391
40.729 0.20391
40.755 0.20391
40.78 0.20391
40.805 0.20391
40.831 0.20652
40.856 0.20652
40.882 0.20652
40.907 0.20652
40.933 0.20652
40.959 0.20652
40.984 0.20652
41.009 0.20652
41.035 0.20652
41.06 0.20652
41.086 0.20391
41.111 0.20391
41.137 0.20391
41.162 0.20391
41.188 0.20391
41.213 0.20391
41.239 0.20391
41.264 0.20391
41.29 0.20391
41.316 0.20391
41.341 0.20391
41.366 0.20391
41.392 0.20391
41.417 0.20391
41.443 0.20391
41.468 0.20391
41.494 0.20391
41.52 0.20391
41.545 0.20391
41.57 0.20391
41.596 0.20391
41.621 0.20391
41.647 0.20391
41.672 0.20391
41.698 0.20391
41.723 0.20391
41.749 0.20391
41.774 0.20391
41.8 0.20391
41.825 0.20391
41.851 0.20391
41.877 0.20391
41.902 0.20391
41.927 0.20391
41.953 0.20391
41.978 0.20391
42.004 0.20391
42.029 0.20391
42.055 0.20391
42.081 0.20652
42.106 0.20652
42.131 0.20652
42.157 0.20652
42.182 0.20652
42.208 0.20652
42.233 0.20652
42.259 0.20652
42.284 0.20652
42.31 0.20652
42.335 0.20652
42.361 0.20652
42.386 0.20652
42.412 0.20652
42.438 0.20652
42.463 0.20652
42.488 0.20652
42.514 0.20652
42.539 0.20652
42.565 0.20652
42.59 0.20652
42.616 0.20652
42.642 0.20652
42.667 0.20652
42.692 0.20652
42.718 0.20652
42.743 0.20652
42.769 0.20652
42.794 0.20652
42.82 0.20652
42.845 0.20652
42.871 0.20652
42.896 0.20652
42.922 0.20652
42.947 0.20652
42.973 0.20652
42.998 0.20652
43.024 0.20652
43.049 0.20652
43.075 0.20652
43.1 0.20652
43.126 0.20652
43.151 0.20652
43.177 0.20652
43.203 0.20652
43.228 0.20652
43.253 0.20652
43.279 0.20652
43.304 0.20652
43.33 0.20652
43.355 0.20652
43.381 0.20652
43.406 0.20652
43.432 0.20652
43.457 0.20652
43.483 0.20652
43.508 0.20652
43.534 0.20652
43.559 0.20652
43.585 0.20652
43.61 0.20652
43.636 0.20652
43.661 0.20652
43.687 0.20652
43.712 0.20652
43.738 0.20652
43.764 0.20652
43.789 0.20652
43.814 0.20652
43.84 0.20652
43.865 0.20391
43.891 0.20391
43.916 0.20391
43.942 0.20391
43.967 0.20391
43.993 0.20391
44.018 0.20391
44.044 0.20391
44.069 0.20391
44.095 0.20391
44.12 0.20391
44.146 0.20652
44.171 0.20652
44.197 0.20652
44.222 0.20652
44.248 0.20652
44.273 0.20652
44.299 0.20652
44.325 0.20652
44.35 0.20652
44.375 0.20652
44.401 0.20652
44.426 0.20652
44.452 0.20652
44.477 0.20652
44.503 0.20652
44.528 0.20652
44.554 0.20652
44.579 0.20652
44.605 0.20652
44.63 0.20652
44.656 0.20652
44.681 0.20652
44.707 0.20652
44.732 0.20652
44.758 0.20652
44.783 0.20652
44.809 0.20652
44.834 0.20652
44.86 0.20652
44.886 0.20652
44.911 0.20391
44.936 0.20391
44.962 0.20391
44.987 0.20391
45.013 0.20391
45.038 0.20391
45.064 0.20391
45.089 0.20391
45.115 0.20391
45.14 0.20391
45.166 0.20391
45.191 0.20391
45.217 0.20391
45.242 0.20391
45.268 0.20391
45.293 0.20391
45.319 0.20391
45.344 0.20391
45.37 0.20391
45.395 0.20391
45.421 0.20391
45.447 0.20391
45.472 0.20391
45.497 0.20391
45.523 0.20391
45.548 0.20391
45.574 0.20391
45.599 0.20391
45.625 0.20391
45.65 0.20391
45.676 0.20391
45.701 0.20391
45.727 0.20391
45.752 0.20391
45.778 0.20391
45.803 0.20391
45.829 0.20391
45.854 0.20391
45.88 0.20391
45.905 0.20391
45.931 0.20391
45.956 0.20391
45.982 0.20391
46.008 0.20391
46.033 0.20391
46.058 0.20391
46.084 0.20391
46.109 0.20391
46.135 0.20391
46.16 0.20391
46.186 0.20391
46.211 0.20391
46.237 0.20391
46.262 0.20391
46.288 0.20391
46.313 0.20391
46.339 0.20391
46.364 0.20391
46.39 0.20391
46.415 0.20391
46.441 0.20391
46.466 0.20391
46.492 0.20391
46.517 0.20391
46.543 0.20391
46.569 0.20391
46.594 0.20391
46.619 0.20391
46.645 0.20391
46.67 0.20391
46.696 0.20391
46.721 0.20391
46.747 0.20391
46.772 0.20391
46.798 0.20391
46.823 0.20391
46.849 0.20391
46.874 0.20391
46.9 0.20391
46.925 0.20391
46.951 0.20391
46.976 0.20391
47.002 0.20391
47.027 0.20391
47.053 0.20391
47.078 0.20391
47.104 0.20391
47.13 0.20391
47.155 0.20391
47.18 0.20391
47.206 0.20391
47.231 0.20391
47.257 0.20391
47.282 0.20391
47.308 0.20391
47.333 0.20391
47.359 0.20391
47.384 0.20391
47.41 0.20391
47.435 0.20391
47.461 0.20391
47.486 0.20391
47.512 0.20391
47.537 0.20391
47.563 0.20391
47.588 0.20391
47.614 0.20391
47.639 0.20391
47.665 0.20391
47.691 0.20391
47.716 0.20652
47.741 0.20652
47.767 0.20652
47.792 0.20652
47.818 0.20652
47.843 0.20652
47.869 0.20652
47.894 0.20652
47.92 0.20652
47.945 0.20652
47.971 0.20652
47.996 0.20652
48.022 0.20652
48.047 0.20652
48.073 0.20652
48.098 0.20652
48.124 0.20652
48.149 0.20652
48.175 0.20652
48.2 0.20652
48.226 0.20652
48.252 0.20652
48.277 0.20652
48.302 0.20652
48.328 0.20652
48.353 0.20652
48.379 0.20652
48.404 0.20652
48.43 0.20652
48.455 0.20652
48.481 0.20652
48.506 0.20652
48.532 0.20652
48.557 0.20652
48.583 0.20652
48.608 0.20652
48.634 0.20652
48.659 0.20652
48.685 0.20652
48.71 0.20652
48.736 0.20652
48.761 0.20652
48.787 0.20652
48.812 0.20652
48.838 0.20652
48.863 0.20652
48.889 0.20652
48.914 0.20652
48.94 0.20652
48.965 0.20652
48.991 0.20652
49.016 0.20652
49.042 0.20652
49.067 0.20652
49.093 0.20652
49.118 0.20652
49.144 0.20652
49.169 0.20652
49.195 0.20652
49.22 0.20652
49.246 0.20652
49.271 0.20652
49.297 0.20652
49.322 0.20652
49.348 0.20652
49.373 0.20652
49.399 0.20652
49.424 0.20652
49.45 0.20652
49.475 0.20652
49.501 0.20652
49.526 0.20652
49.552 0.20652
49.577 0.20652
49.603 0.20652
49.628 0.20652
49.654 0.20652
49.679 0.20652
49.705 0.20652
49.73 0.20652
49.756 0.20652
49.781 0.20652
49.807 0.20652
49.832 0.20652
49.858 0.20652
49.883 0.20652
49.909 0.20652
49.934 0.20652
49.96 0.20652
49.985 0.20652
50.011 0.20652
50.036 0.20652
50.062 0.20652
50.087 0.20652
50.113 0.20652
50.138 0.20652
50.164 0.20652
50.189 0.20652
50.215 0.20652
50.24 0.20652
50.266 0.20652
50.291 0.20652
50.317 0.20652
50.342 0.20652
50.368 0.20652
50.393 0.20652
50.419 0.20652
50.444 0.20652
50.47 0.20652
50.495 0.20652
50.521 0.20652
50.546 0.20652
50.572 0.20652
50.597 0.20652
50.623 0.20652
50.648 0.20652
50.674 0.20652
50.699 0.20652
50.725 0.20652
50.75 0.20652
50.776 0.20652
50.801 0.20652
50.827 0.20652
50.852 0.20652
50.878 0.20652
50.903 0.20652
50.929 0.20652
50.954 0.20652
50.98 0.20652
51.005 0.20652
51.031 0.20652
51.056 0.20652
51.082 0.20652
51.107 0.20652
51.133 0.20652
51.158 0.20652
51.184 0.20652
51.209 0.20652
51.235 0.20652
51.26 0.20652
51.286 0.20652
51.311 0.20652
51.337 0.20652
51.362 0.20652
51.388 0.20652
51.413 0.20652
51.439 0.20652
51.464 0.20652
51.49 0.20652
51.515 0.20652
51.541 0.20652
51.566 0.20652
51.592 0.20652
51.617 0.20652
51.643 0.20652
51.668 0.20652
51.694 0.20652
51.719 0.20652
51.745 0.20652
51.77 0.20652
51.796 0.20652
51.821 0.20652
51.847 0.20652
51.872 0.20652
51.898 0.20652
51.923 0.20652
51.949 0.20652
51.974 0.20652
52 0.20652
52.025 0.20652
52.051 0.20652
52.076 0.20652
52.102 0.20652
52.127 0.20652
52.153 0.20652
52.178 0.20652
52.204 0.20652
52.229 0.20652
52.255 0.20652
52.28 0.20652
52.306 0.20652
52.331 0.20652
52.357 0.20652
52.382 0.20652
52.408 0.20652
52.433 0.20652
52.459 0.20652
52.484 0.20652
52.51 0.20652
52.535 0.20652
52.561 0.20652
52.586 0.20652
52.612 0.20652
52.637 0.20652
52.663 0.20652
52.688 0.20652
52.714 0.20652
52.739 0.20652
52.765 0.20652
52.79 0.20652
52.816 0.20652
52.841 0.20652
52.867 0.20652
52.892 0.20652
52.918 0.20652
52.943 0.20652
52.969 0.20652
52.994 0.20652
53.02 0.20652
