1 0
2 0
3 0
4 0.0080612
5 0.023649
6 0.040131
7 0.055734
8 0.070062
9 0.083099
10 0.094928
11 0.10565
12 0.11537
13 0.12418
14 0.13215
15 0.13939
16 0.14594
17 0.15187
18 0.15725
19 0.16213
20 0.16655
21 0.17055
22 0.17418
23 0.17746
24 0.18044
25 0.18314
26 0.18558
27 0.1878
28 0.18981
29 0.19163
30 0.19327
31 0.19477
32 0.19612
33 0.19735
34 0.19846
35 0.19947
36 0.20038
37 0.20121
38 0.20195
39 0.20263
40 0.20325
41 0.20381
42 0.20431
43 0.20477
44 0.20518
45 0.20556
46 0.2059
47 0.20621
48 0.20649
49 0.20674
50 0.20697
51 0.20718
52 0.20737
