1 0
2 0.0041701
3 0.014304
4 0.027574
5 0.042216
6 0.057146
7 0.071722
8 0.08558
9 0.098531
10 0.1105
11 0.12147
12 0.13147
13 0.14055
14 0.14878
15 0.15622
16 0.16294
17 0.169
18 0.17446
19 0.17937
20 0.1838
21 0.18779
22 0.19138
23 0.19461
24 0.19751
25 0.20012
26 0.20248
27 0.20459
28 0.2065
29 0.20821
30 0.20975
31 0.21113
32 0.21238
33 0.2135
34 0.21451
35 0.21542
36 0.21624
37 0.21697
38 0.21763
39 0.21823
40 0.21876
41 0.21924
42 0.21967
43 0.22006
44 0.22041
45 0.22073
46 0.22101
47 0.22127
48 0.2215
49 0.2217
