1 0
1.0255 0
1.051 0
1.0765 0
1.102 0
1.1275 0
1.153 0
1.1785 0
1.204 0
1.2295 0
1.255 0
1.2805 0
1.306 0
1.3315 0
1.357 0
1.3825 0
1.408 0
1.4335 0
1.459 0
1.4845 0
1.51 0
1.5355 0
1.561 0
1.5865 0
1.612 0
1.6375 0
1.663 0
1.6885 0
1.714 0
1.7395 0
1.765 0
1.7905 0
1.816 0
1.8415 0
1.867 0
1.8925 0
1.918 0
1.9435 0
1.969 0
1.9945 0
2.02 0
2.0455 0
2.071 0
2.0965 0
2.122 0
2.1475 0
2.173 0
2.1985 0
2.224 0
2.2495 0
2.275 0
2.3005 0
2.326 0
2.3515 0
2.377 0
2.4025 0
2.428 0
2.4535 0.0033333
2.479 0.0033333
2.5045 0.0033333
2.53 0.0033333
2.5555 0.0033333
2.581 0.0033333
2.6065 0.0033333
2.632 0.0033333
2.6575 0.0033333
2.683 0.0033333
2.7085 0.0033333
2.734 0.0033333
2.7595 0.0033333
2.785 0.0033333
2.8105 0.0033333
2.836 0.0033333
2.8615 0.0033333
2.887 0.0033333
2.9125 0.0033333
2.938 0.0033333
2.9635 0.0033333
2.989 0.0033333
3.0145 0.0033333
3.04 0.0033333
3.0655 0.0033333
3.091 0.0033333
3.1165 0.0033333
3.142 0.0033333
3.1675 0.0033333
3.193 0.0033333
3.2185 0.0066667
3.244 0.0066667
3.2695 0.0066667
3.295 0.0066667
3.3205 0.0066667
3.346 0.0066667
3.3715 0.0066667
3.397 0.0066667
3.4225 0.0066667
3.448 0.0066667
3.4735 0.010556
3.499 0.010556
3.5245 0.010556
3.55 0.010556
3.5755 0.010556
3.601 0.010556
3.6265 0.010556
3.652 0.010556
3.6775 0.010556
3.703 0.010556
3.7285 0.013889
3.754 0.013889
3.7795 0.013889
3.805 0.013889
3.8305 0.013889
3.856 0.013889
3.8815 0.013889
3.907 0.013889
3.9325 0.013889
3.958 0.013889
3.9835 0.017222
4.009 0.017222
4.0345 0.017222
4.06 0.017222
4.0855 0.017222
4.111 0.017222
4.1365 0.017222
4.162 0.017222
4.1875 0.017222
4.213 0.017222
4.2385 0.020556
4.264 0.020556
4.2895 0.020556
4.315 0.020556
4.3405 0.020556
4.366 0.020556
4.3915 0.020556
4.417 0.020556
4.4425 0.020556
4.468 0.020556
4.4935 0.024444
4.519 0.024444
4.5445 0.024444
4.57 0.024444
4.5955 0.024444
4.621 0.024444
4.6465 0.024444
4.672 0.024444
4.6975 0.024444
4.723 0.024444
4.7485 0.024444
4.774 0.024444
4.7995 0.024444
4.825 0.024444
4.8505 0.024444
4.876 0.024444
4.9015 0.024444
4.927 0.024444
4.9525 0.024444
4.978 0.027778
5.0035 0.031111
5.029 0.031111
5.0545 0.031111
5.08 0.031111
5.1055 0.031111
5.131 0.031111
5.1565 0.031111
5.182 0.031111
5.2075 0.031111
5.233 0.031111
5.2585 0.034444
5.284 0.034444
5.3095 0.034444
5.335 0.034444
5.3605 0.034444
5.386 0.034444
5.4115 0.034444
5.437 0.034444
5.4625 0.034444
5.488 0.034444
5.5135 0.041667
5.539 0.041667
5.5645 0.041667
5.59 0.041667
5.6155 0.041667
5.641 0.041667
5.6665 0.041667
5.692 0.041667
5.7175 0.041667
5.743 0.041667
5.7685 0.045
5.794 0.045
5.8195 0.045
5.845 0.045
5.8705 0.045
5.896 0.045
5.9215 0.045
5.947 0.045
5.9725 0.045
5.998 0.045
6.0235 0.048333
6.049 0.048333
6.0745 0.048333
6.1 0.048333
6.1255 0.048333
6.151 0.048333
6.1765 0.048333
6.202 0.048333
6.2275 0.048333
6.253 0.048333
6.2785 0.052222
6.304 0.052222
6.3295 0.052222
6.355 0.052222
6.3805 0.052222
6.406 0.052222
6.4315 0.052222
6.457 0.052222
6.4825 0.052222
6.508 0.052222
6.5335 0.052222
6.559 0.052222
6.5845 0.052222
6.61 0.052222
6.6355 0.052222
6.661 0.052222
6.6865 0.052222
6.712 0.052222
6.7375 0.052222
6.763 0.055556
6.7885 0.058889
6.814 0.058889
6.8395 0.058889
6.865 0.058889
6.8905 0.058889
6.916 0.058889
6.9415 0.058889
6.967 0.058889
6.9925 0.058889
7.018 0.058889
7.0435 0.066111
7.069 0.066111
7.0945 0.066111
7.12 0.066111
7.1455 0.066111
7.171 0.066111
7.1965 0.066111
7.222 0.066111
7.2475 0.066111
7.273 0.066111
7.2985 0.069444
7.324 0.069444
7.3495 0.069444
7.375 0.069444
7.4005 0.069444
7.426 0.069444
7.4515 0.069444
7.477 0.069444
7.5025 0.069444
7.528 0.069444
7.5535 0.076111
7.579 0.076111
7.6045 0.076111
7.63 0.076111
7.6555 0.076111
7.681 0.076111
7.7065 0.076111
7.732 0.076111
7.7575 0.076111
7.783 0.076111
7.8085 0.08
7.834 0.08
7.8595 0.08
7.885 0.08
7.9105 0.08
7.936 0.08
7.9615 0.08
7.987 0.08
8.0125 0.08
8.038 0.08
8.0635 0.086667
8.089 0.086667
8.1145 0.086667
8.14 0.086667
8.1655 0.086667
8.191 0.086667
8.2165 0.086667
8.242 0.086667
8.2675 0.086667
8.293 0.086667
8.3185 0.086667
8.344 0.086667
8.3695 0.086667
8.395 0.086667
8.4205 0.086667
8.446 0.086667
8.4715 0.086667
8.497 0.086667
8.5225 0.086667
8.548 0.086667
8.5735 0.09
8.599 0.09
8.6245 0.09
8.65 0.09
8.6755 0.09
8.701 0.09
8.7265 0.09
8.752 0.09
8.7775 0.09
8.803 0.09
8.8285 0.093889
8.854 0.093889
8.8795 0.093889
8.905 0.093889
8.9305 0.093889
8.956 0.093889
8.9815 0.093889
9.007 0.093889
9.0325 0.093889
9.058 0.093889
9.0835 0.10056
9.109 0.10056
9.1345 0.10056
9.16 0.10056
9.1855 0.10056
9.211 0.10056
9.2365 0.10056
9.262 0.10056
9.2875 0.10056
9.313 0.10056
9.3385 0.10389
9.364 0.10389
9.3895 0.10389
9.415 0.10389
9.4405 0.10389
9.466 0.10389
9.4915 0.10389
9.517 0.10389
9.5425 0.10389
9.568 0.10389
9.5935 0.10778
9.619 0.10778
9.6445 0.10778
9.67 0.10778
9.6955 0.10778
9.721 0.10778
9.7465 0.10778
9.772 0.10778
9.7975 0.10778
9.823 0.10778
9.8485 0.11111
9.874 0.11111
9.8995 0.11111
9.925 0.11111
9.9505 0.11111
9.976 0.11111
10.002 0.11111
10.027 0.11111
10.053 0.11111
10.078 0.11111
10.103 0.11111
10.129 0.11111
10.154 0.11111
10.18 0.11111
10.205 0.11111
10.231 0.11111
10.256 0.11111
10.282 0.11111
10.307 0.11111
10.333 0.11444
10.358 0.11778
10.384 0.11778
10.409 0.11778
10.435 0.11778
10.46 0.11778
10.486 0.11778
10.511 0.11778
10.537 0.11778
10.562 0.11778
10.588 0.11778
10.614 0.12167
10.639 0.12167
10.664 0.12167
10.69 0.12167
10.715 0.12167
10.741 0.12167
10.766 0.12167
10.792 0.12167
10.817 0.12167
10.843 0.12167
10.868 0.125
10.894 0.125
10.919 0.125
10.945 0.125
10.97 0.125
10.996 0.125
11.021 0.125
11.047 0.125
11.072 0.125
11.098 0.125
11.123 0.12833
11.149 0.12833
11.175 0.12833
11.2 0.12833
11.225 0.12833
11.251 0.12833
11.276 0.12833
11.302 0.12833
11.327 0.12833
11.353 0.12833
11.378 0.12833
11.404 0.12833
11.429 0.12833
11.455 0.12833
11.48 0.12833
11.506 0.12833
11.531 0.12833
11.557 0.12833
11.582 0.12833
11.608 0.12833
11.633 0.13167
11.659 0.13167
11.684 0.13167
11.71 0.13167
11.736 0.13167
11.761 0.13167
11.786 0.13167
11.812 0.13167
11.837 0.13167
11.863 0.13167
11.888 0.13167
11.914 0.13167
11.939 0.13167
11.965 0.13167
11.99 0.13167
12.016 0.13167
12.041 0.13167
12.067 0.13167
12.092 0.13167
12.118 0.13556
12.143 0.13889
12.169 0.13889
12.194 0.13889
12.22 0.13889
12.245 0.13889
12.271 0.13889
12.296 0.13889
12.322 0.13889
12.348 0.13889
12.373 0.13889
12.398 0.14222
12.424 0.14222
12.449 0.14222
12.475 0.14222
12.5 0.14222
12.526 0.14222
12.551 0.14222
12.577 0.14222
12.602 0.14222
12.628 0.14222
12.653 0.14222
12.679 0.14222
12.704 0.14222
12.73 0.14222
12.755 0.14222
12.781 0.14222
12.806 0.14222
12.832 0.14222
12.857 0.14222
12.883 0.14222
12.909 0.14556
12.934 0.14556
12.959 0.14556
12.985 0.14556
13.01 0.14556
13.036 0.14556
13.061 0.14556
13.087 0.14556
13.112 0.14556
13.138 0.14556
13.163 0.14556
13.189 0.14556
13.214 0.14556
13.24 0.14556
13.265 0.14556
13.291 0.14556
13.316 0.14556
13.342 0.14556
13.367 0.14556
13.393 0.14556
13.418 0.14944
13.444 0.14944
13.47 0.14944
13.495 0.14944
13.52 0.14944
13.546 0.14944
13.571 0.14944
13.597 0.14944
13.622 0.14944
13.648 0.14944
13.673 0.14944
13.699 0.14944
13.724 0.14944
13.75 0.14944
13.775 0.14944
13.801 0.14944
13.826 0.14944
13.852 0.14944
13.877 0.14944
13.903 0.14944
13.928 0.15278
13.954 0.15278
13.979 0.15278
14.005 0.15278
14.03 0.15278
14.056 0.15278
14.081 0.15278
14.107 0.15278
14.132 0.15278
14.158 0.15278
14.183 0.15278
14.209 0.15278
14.234 0.15278
14.26 0.15278
14.285 0.15278
14.311 0.15278
14.336 0.15278
14.362 0.15278
14.387 0.15278
14.413 0.15278
14.438 0.15611
14.464 0.15611
14.489 0.15611
14.515 0.15611
14.54 0.15611
14.566 0.15611
14.591 0.15611
14.617 0.15611
14.642 0.15611
14.668 0.15611
14.693 0.15611
14.719 0.15611
14.744 0.15611
14.77 0.15611
14.795 0.15611
14.821 0.15611
14.846 0.15611
14.872 0.15611
14.897 0.15611
14.923 0.15611
14.948 0.15944
14.974 0.15944
14.999 0.15944
15.025 0.15944
15.05 0.15944
15.076 0.15944
15.101 0.15944
15.127 0.15944
15.152 0.15944
15.178 0.15944
15.203 0.16333
15.229 0.16333
15.254 0.16333
15.28 0.16333
15.305 0.16333
15.331 0.16333
15.356 0.16333
15.382 0.16333
15.407 0.16333
15.433 0.16333
15.458 0.16333
15.484 0.16333
15.509 0.16333
15.535 0.16333
15.56 0.16333
15.586 0.16333
15.611 0.16333
15.637 0.16333
15.662 0.16333
15.688 0.16333
15.713 0.16667
15.739 0.16667
15.764 0.16667
15.79 0.16667
15.815 0.16667
15.841 0.16667
15.866 0.16667
15.892 0.16667
15.917 0.16667
15.943 0.16667
15.968 0.16667
15.994 0.16667
16.02 0.16667
16.045 0.16667
16.07 0.16667
16.096 0.16667
16.121 0.16667
16.147 0.16667
16.172 0.16667
16.198 0.16667
16.224 0.16667
16.249 0.16667
16.274 0.16667
16.3 0.16667
16.325 0.16667
16.351 0.16667
16.377 0.16667
16.402 0.16667
16.427 0.16667
16.453 0.16667
16.478 0.17
16.504 0.17
16.529 0.17
16.555 0.17
16.581 0.17
16.606 0.17
16.631 0.17
16.657 0.17
16.682 0.17
16.708 0.17
16.733 0.17
16.759 0.17
16.785 0.17
16.81 0.17
16.835 0.17
16.861 0.17
16.886 0.17
16.912 0.17
16.938 0.17
16.963 0.17
16.988 0.17333
17.014 0.17333
17.04 0.17333
17.065 0.17333
17.09 0.17333
17.116 0.17333
17.142 0.17333
17.167 0.17333
17.192 0.17333
17.218 0.17333
17.243 0.17333
17.269 0.17333
17.294 0.17333
17.32 0.17333
17.345 0.17333
17.371 0.17333
17.396 0.17333
17.422 0.17333
17.447 0.17333
17.473 0.17333
17.498 0.17333
17.524 0.17333
17.549 0.17333
17.575 0.17333
17.601 0.17333
17.626 0.17333
17.651 0.17333
17.677 0.17333
17.703 0.17333
17.728 0.17333
17.753 0.17722
17.779 0.17722
17.804 0.17722
17.83 0.17722
17.855 0.17722
17.881 0.17722
17.906 0.17722
17.932 0.17722
17.957 0.17722
17.983 0.17722
18.008 0.17722
18.034 0.17722
18.059 0.17722
18.085 0.17722
18.11 0.17722
18.136 0.17722
18.162 0.17722
18.187 0.17722
18.212 0.17722
18.238 0.17722
18.264 0.17722
18.289 0.17722
18.314 0.17722
18.34 0.17722
18.365 0.17722
18.391 0.17722
18.416 0.17722
18.442 0.17722
18.467 0.17722
18.493 0.17722
18.518 0.18056
18.544 0.18056
18.569 0.18056
18.595 0.18056
18.62 0.18056
18.646 0.18056
18.671 0.18056
18.697 0.18056
18.723 0.18056
18.748 0.18056
18.773 0.18056
18.799 0.18056
18.825 0.18056
18.85 0.18056
18.875 0.18056
18.901 0.18056
18.926 0.18056
18.952 0.18056
18.977 0.18056
19.003 0.18056
19.028 0.18056
19.054 0.18056
19.079 0.18056
19.105 0.18056
19.13 0.18056
19.156 0.18056
19.181 0.18056
19.207 0.18056
19.232 0.18056
19.258 0.18056
19.284 0.18056
19.309 0.18056
19.334 0.18056
19.36 0.18056
19.386 0.18056
19.411 0.18056
19.436 0.18056
19.462 0.18056
19.487 0.18056
19.513 0.18056
19.538 0.18389
19.564 0.18389
19.589 0.18389
19.615 0.18389
19.64 0.18389
19.666 0.18389
19.691 0.18389
19.717 0.18389
19.742 0.18389
19.768 0.18389
19.793 0.18389
19.819 0.18389
19.845 0.18389
19.87 0.18389
19.895 0.18389
19.921 0.18389
19.947 0.18389
19.972 0.18389
19.997 0.18389
20.023 0.18389
20.048 0.18389
20.074 0.18389
20.099 0.18389
20.125 0.18389
20.15 0.18389
20.176 0.18389
20.201 0.18389
20.227 0.18389
20.252 0.18389
20.278 0.18389
20.303 0.18722
20.329 0.18722
20.354 0.18722
20.38 0.18722
20.405 0.18722
20.431 0.18722
20.456 0.18722
20.482 0.18722
20.508 0.18722
20.533 0.18722
20.558 0.18722
20.584 0.18722
20.609 0.18722
20.635 0.18722
20.66 0.18722
20.686 0.18722
20.711 0.18722
20.737 0.18722
20.762 0.18722
20.788 0.18722
20.813 0.18722
20.839 0.18722
20.864 0.18722
20.89 0.18722
20.915 0.18722
20.941 0.18722
20.966 0.18722
20.992 0.18722
21.017 0.18722
21.043 0.18722
21.069 0.18722
21.094 0.18722
21.119 0.18722
21.145 0.18722
21.17 0.18722
21.196 0.18722
21.221 0.18722
21.247 0.18722
21.272 0.18722
21.298 0.18722
21.323 0.18722
21.349 0.18722
21.374 0.18722
21.4 0.18722
21.425 0.18722
21.451 0.18722
21.476 0.18722
21.502 0.18722
21.527 0.18722
21.553 0.18722
21.578 0.18722
21.604 0.18722
21.63 0.18722
21.655 0.18722
21.68 0.18722
21.706 0.18722
21.731 0.18722
21.757 0.18722
21.782 0.18722
21.808 0.18722
21.833 0.19111
21.859 0.19111
21.884 0.19111
21.91 0.19111
21.935 0.19111
21.961 0.19111
21.986 0.19111
22.012 0.19111
22.037 0.19111
22.063 0.19111
22.088 0.19111
22.114 0.19111
22.139 0.19111
22.165 0.19111
22.191 0.19111
22.216 0.19111
22.241 0.19111
22.267 0.19111
22.292 0.19111
22.318 0.19111
22.343 0.19111
22.369 0.19111
22.394 0.19111
22.42 0.19111
22.445 0.19111
22.471 0.19111
22.496 0.19111
22.522 0.19111
22.547 0.19111
22.573 0.19111
22.598 0.19111
22.624 0.19111
22.649 0.19111
22.675 0.19111
22.7 0.19111
22.726 0.19111
22.752 0.19111
22.777 0.19111
22.802 0.19111
22.828 0.18722
22.854 0.19111
22.879 0.19111
22.904 0.19111
22.93 0.19111
22.955 0.19111
22.981 0.19111
23.006 0.19111
23.032 0.19111
23.057 0.19111
23.083 0.19111
23.108 0.19111
23.134 0.19111
23.159 0.19111
23.185 0.19111
23.21 0.19111
23.236 0.19111
23.261 0.19111
23.287 0.19111
23.312 0.19111
23.338 0.19111
23.363 0.19111
23.389 0.19111
23.415 0.19111
23.44 0.19111
23.465 0.19111
23.491 0.19111
23.516 0.19111
23.542 0.19111
23.567 0.19111
23.593 0.19111
23.618 0.19111
23.644 0.19111
23.669 0.19111
23.695 0.19111
23.72 0.19111
23.746 0.19111
23.771 0.19111
23.797 0.19111
23.822 0.19111
23.848 0.19111
23.873 0.19444
23.899 0.19444
23.924 0.19444
23.95 0.19444
23.976 0.19444
24.001 0.19444
24.026 0.19444
24.052 0.19444
24.077 0.19444
24.103 0.19444
24.128 0.19444
24.154 0.19444
24.179 0.19444
24.205 0.19444
24.23 0.19444
24.256 0.19444
24.281 0.19444
24.307 0.19444
24.332 0.19444
24.358 0.19444
24.383 0.19444
24.409 0.19444
24.434 0.19444
24.46 0.19444
24.485 0.19444
24.511 0.19444
24.537 0.19444
24.562 0.19444
24.587 0.19444
24.613 0.19444
24.638 0.19444
24.664 0.19444
24.689 0.19444
24.715 0.19444
24.74 0.19444
24.766 0.19444
24.791 0.19444
24.817 0.19444
24.842 0.19444
24.868 0.19444
24.893 0.19778
24.919 0.19778
24.944 0.19778
24.97 0.19778
24.995 0.19778
25.021 0.19778
25.046 0.19778
25.072 0.19778
25.098 0.19778
25.123 0.19778
25.148 0.19778
25.174 0.19778
25.199 0.19778
25.225 0.19778
25.25 0.19778
25.276 0.19778
25.301 0.19778
25.327 0.19778
25.352 0.19778
25.378 0.19778
25.403 0.19778
25.429 0.19778
25.454 0.19778
25.48 0.19778
25.505 0.19778
25.531 0.19778
25.556 0.19778
25.582 0.19778
25.607 0.19778
25.633 0.19778
25.659 0.20111
25.684 0.20111
25.709 0.20111
25.735 0.20111
25.76 0.20111
25.786 0.20111
25.811 0.20111
25.837 0.20111
25.862 0.20111
25.888 0.20111
25.913 0.20111
25.939 0.20111
25.964 0.20111
25.99 0.20111
26.015 0.20111
26.041 0.20111
26.066 0.20111
26.092 0.20111
26.117 0.20111
26.143 0.20111
26.168 0.20111
26.194 0.20111
26.22 0.20111
26.245 0.20111
26.27 0.20111
26.296 0.20111
26.321 0.20111
26.347 0.20111
26.372 0.20111
26.398 0.20111
26.423 0.20111
26.449 0.20111
26.474 0.20111
26.5 0.20111
26.525 0.20111
26.551 0.20111
26.576 0.20111
26.602 0.20111
26.627 0.20111
26.653 0.20111
26.678 0.205
26.704 0.205
26.729 0.205
26.755 0.205
26.78 0.205
26.806 0.205
26.831 0.205
26.857 0.205
26.882 0.205
26.908 0.205
26.933 0.205
26.959 0.205
26.984 0.205
27.01 0.205
27.035 0.205
27.061 0.205
27.086 0.205
27.112 0.205
27.137 0.205
27.163 0.205
27.188 0.205
27.214 0.205
27.239 0.205
27.265 0.205
27.29 0.205
27.316 0.205
27.341 0.205
27.367 0.205
27.392 0.205
27.418 0.205
27.443 0.20833
27.469 0.20833
27.494 0.20833
27.52 0.20833
27.545 0.20833
27.571 0.20833
27.596 0.20833
27.622 0.20833
27.647 0.20833
27.673 0.20833
27.698 0.20833
27.724 0.20833
27.749 0.20833
27.775 0.20833
27.8 0.20833
27.826 0.20833
27.851 0.20833
27.877 0.20833
27.902 0.20833
27.928 0.20833
27.953 0.20833
27.979 0.20833
28.004 0.20833
28.03 0.20833
28.055 0.20833
28.081 0.20833
28.106 0.20833
28.132 0.20833
28.157 0.20833
28.183 0.20833
28.208 0.20833
28.234 0.20833
28.259 0.20833
28.285 0.20833
28.31 0.20833
28.336 0.20833
28.361 0.20833
28.387 0.20833
28.412 0.20833
28.438 0.20833
28.463 0.20833
28.489 0.20833
28.514 0.20833
28.54 0.20833
28.565 0.20833
28.591 0.20833
28.616 0.20833
28.642 0.20833
28.667 0.20833
28.693 0.20833
28.718 0.20833
28.744 0.20833
28.769 0.20833
28.795 0.20833
28.82 0.20833
28.846 0.20833
28.871 0.20833
28.897 0.20833
28.922 0.20833
28.948 0.20833
28.973 0.21167
28.999 0.21167
29.024 0.21167
29.05 0.21167
29.075 0.21167
29.101 0.21167
29.126 0.21167
29.152 0.21167
29.177 0.21167
29.203 0.21167
29.228 0.21167
29.254 0.21167
29.279 0.21167
29.305 0.21167
29.33 0.21167
29.356 0.21167
29.381 0.21167
29.407 0.21167
29.432 0.21167
29.458 0.21167
29.483 0.21167
29.509 0.21167
29.534 0.21167
29.56 0.21167
29.585 0.21167
29.611 0.21167
29.636 0.21167
29.662 0.21167
29.687 0.21167
29.713 0.21167
29.738 0.21167
29.764 0.21167
29.789 0.21167
29.815 0.21167
29.84 0.21167
29.866 0.21167
29.891 0.21167
29.917 0.21167
29.942 0.21167
29.968 0.21167
29.993 0.21167
30.019 0.21167
30.044 0.21167
30.07 0.21167
30.095 0.21167
30.121 0.21167
30.146 0.21167
30.172 0.21167
30.197 0.21167
30.223 0.21167
30.248 0.21167
30.274 0.21167
30.299 0.21167
30.325 0.21167
30.35 0.21167
30.376 0.21167
30.401 0.21167
30.427 0.21167
30.452 0.21167
30.478 0.21167
30.503 0.215
30.529 0.215
30.554 0.215
30.58 0.215
30.605 0.215
30.631 0.215
30.656 0.215
30.682 0.215
30.707 0.215
30.733 0.215
30.758 0.215
30.784 0.215
30.809 0.215
30.835 0.215
30.86 0.215
30.886 0.215
30.911 0.215
30.937 0.215
30.962 0.215
30.988 0.215
31.013 0.215
31.039 0.215
31.064 0.215
31.09 0.215
31.115 0.215
31.141 0.215
31.166 0.215
31.192 0.215
31.217 0.215
31.243 0.215
31.268 0.21167
31.294 0.21167
31.319 0.21167
31.345 0.21167
31.37 0.21167
31.396 0.21167
31.421 0.21167
31.447 0.21167
31.472 0.21167
31.498 0.21167
31.523 0.21167
31.549 0.21167
31.574 0.21167
31.6 0.21167
31.625 0.21167
31.651 0.21167
31.676 0.21167
31.702 0.21167
31.727 0.21167
31.753 0.21167
31.778 0.21167
31.804 0.21167
31.829 0.21167
31.855 0.21167
31.88 0.21167
31.906 0.21167
31.931 0.21167
31.957 0.21167
31.982 0.21167
32.008 0.21167
32.033 0.21167
32.059 0.21167
32.084 0.21167
32.11 0.21167
32.135 0.21167
32.161 0.21167
32.186 0.21167
32.212 0.21167
32.237 0.21167
32.263 0.21167
32.288 0.21167
32.314 0.21167
32.34 0.21167
32.365 0.21167
32.391 0.21167
32.416 0.21167
32.441 0.21167
32.467 0.21167
32.492 0.21167
32.518 0.21167
32.543 0.215
32.569 0.215
32.594 0.215
32.62 0.215
32.645 0.215
32.671 0.215
32.697 0.215
32.722 0.215
32.748 0.215
32.773 0.215
32.798 0.215
32.824 0.215
32.849 0.215
32.875 0.215
32.9 0.215
32.926 0.215
32.951 0.215
32.977 0.215
33.002 0.215
33.028 0.215
33.053 0.21167
33.079 0.21167
33.104 0.21167
33.13 0.21167
33.155 0.21167
33.181 0.21167
33.206 0.21167
33.232 0.21167
33.258 0.21167
33.283 0.21167
33.308 0.21167
33.334 0.21167
33.359 0.21167
33.385 0.21167
33.41 0.21167
33.436 0.21167
33.462 0.21167
33.487 0.21167
33.512 0.21167
33.538 0.215
33.563 0.215
33.589 0.215
33.614 0.215
33.64 0.215
33.665 0.215
33.691 0.215
33.716 0.215
33.742 0.215
33.767 0.215
33.793 0.215
33.819 0.215
33.844 0.215
33.869 0.215
33.895 0.215
33.92 0.215
33.946 0.215
33.971 0.215
33.997 0.215
34.023 0.215
34.048 0.215
34.073 0.215
34.099 0.215
34.124 0.215
34.15 0.215
34.175 0.215
34.201 0.215
34.226 0.215
34.252 0.215
34.277 0.215
34.303 0.215
34.328 0.215
34.354 0.215
34.38 0.215
34.405 0.215
34.43 0.215
34.456 0.215
34.481 0.215
34.507 0.215
34.532 0.215
34.558 0.215
34.584 0.215
34.609 0.215
34.634 0.215
34.66 0.215
34.685 0.215
34.711 0.215
34.736 0.215
34.762 0.215
34.787 0.215
34.813 0.215
34.838 0.215
34.864 0.215
34.889 0.215
34.915 0.215
34.941 0.215
34.966 0.215
34.991 0.215
35.017 0.215
35.042 0.215
35.068 0.215
35.093 0.215
35.119 0.215
35.145 0.215
35.17 0.215
35.195 0.215
35.221 0.215
35.246 0.215
35.272 0.215
35.297 0.215
35.323 0.215
35.348 0.215
35.374 0.215
35.399 0.215
35.425 0.215
35.45 0.215
35.476 0.215
35.502 0.215
35.527 0.215
35.552 0.215
35.578 0.215
35.603 0.215
35.629 0.215
35.654 0.215
35.68 0.215
35.706 0.215
35.731 0.215
35.756 0.215
35.782 0.215
35.807 0.215
35.833 0.215
35.858 0.215
35.884 0.215
35.91 0.215
35.935 0.215
35.96 0.215
35.986 0.215
36.011 0.215
36.037 0.215
36.062 0.215
36.088 0.215
36.113 0.215
36.139 0.215
36.164 0.215
36.19 0.215
36.215 0.215
36.241 0.215
36.267 0.215
36.292 0.215
36.317 0.215
36.343 0.215
36.368 0.215
36.394 0.215
36.419 0.215
36.445 0.215
36.471 0.215
36.496 0.215
36.521 0.215
36.547 0.215
36.572 0.215
36.598 0.215
36.623 0.215
36.649 0.215
36.674 0.215
36.7 0.215
36.725 0.215
36.751 0.215
36.776 0.215
36.802 0.215
36.828 0.215
36.853 0.215
36.878 0.215
36.904 0.215
36.929 0.215
36.955 0.215
36.98 0.215
37.006 0.215
37.032 0.215
37.057 0.215
37.082 0.215
37.108 0.215
37.133 0.21889
37.159 0.21889
37.184 0.21889
37.21 0.21889
37.235 0.21889
37.261 0.21889
37.286 0.21889
37.312 0.21889
37.337 0.21889
37.363 0.21889
37.389 0.21889
37.414 0.21889
37.439 0.21889
37.465 0.21889
37.49 0.21889
37.516 0.21889
37.541 0.21889
37.567 0.21889
37.593 0.21889
37.618 0.21889
37.643 0.21889
37.669 0.21889
37.694 0.21889
37.72 0.21889
37.745 0.21889
37.771 0.21889
37.796 0.21889
37.822 0.21889
37.847 0.21889
37.873 0.21889
37.898 0.21889
37.924 0.21889
37.95 0.21889
37.975 0.21889
38 0.21889
38.026 0.21889
38.051 0.21889
38.077 0.21889
38.102 0.21889
38.128 0.21889
38.154 0.22222
38.179 0.22222
38.204 0.22222
38.23 0.22222
38.255 0.22222
38.281 0.22222
38.306 0.22222
38.332 0.22222
38.357 0.22222
38.383 0.22222
38.408 0.22222
38.434 0.22222
38.459 0.22222
38.485 0.22222
38.511 0.22222
38.536 0.22222
38.561 0.22222
38.587 0.22222
38.612 0.22222
38.638 0.22222
38.663 0.22222
38.689 0.22222
38.715 0.22222
38.74 0.22222
38.765 0.22222
38.791 0.22222
38.816 0.22222
38.842 0.22222
38.867 0.22222
38.893 0.22222
38.918 0.22222
38.944 0.22222
38.969 0.22222
38.995 0.22222
39.02 0.22222
39.046 0.22222
39.072 0.22222
39.097 0.22222
39.122 0.22222
39.148 0.22222
39.173 0.22222
39.199 0.22222
39.224 0.22222
39.25 0.22222
39.276 0.22222
39.301 0.22222
39.326 0.22222
39.352 0.22222
39.377 0.22222
39.403 0.22222
39.428 0.22222
39.454 0.22222
39.479 0.22222
39.505 0.22222
39.53 0.22222
39.556 0.22222
39.581 0.22222
39.607 0.22222
39.633 0.22222
39.658 0.22222
39.683 0.22222
39.709 0.22222
39.734 0.22222
39.76 0.22222
39.785 0.22222
39.811 0.22222
39.837 0.22222
39.862 0.22222
39.887 0.22222
39.913 0.22222
39.938 0.22222
39.964 0.22222
39.989 0.22222
40.015 0.22222
40.04 0.22222
40.066 0.22222
40.091 0.22222
40.117 0.22222
40.142 0.22222
40.168 0.22222
40.194 0.22222
40.219 0.22222
40.244 0.22222
40.27 0.22222
40.295 0.22222
40.321 0.22222
40.346 0.22222
40.372 0.22222
40.398 0.22222
40.423 0.22222
40.448 0.22222
40.474 0.22222
40.499 0.22222
40.525 0.22222
40.55 0.22222
40.576 0.22222
40.601 0.22222
40.627 0.22222
40.652 0.22222
40.678 0.22222
40.703 0.22222
40.729 0.22222
40.755 0.22222
40.78 0.22222
40.805 0.22222
40.831 0.22222
40.856 0.22222
40.882 0.22222
40.907 0.22222
40.933 0.22222
40.959 0.22222
40.984 0.22222
41.009 0.22222
41.035 0.22222
41.06 0.22222
41.086 0.22222
41.111 0.22222
41.137 0.22222
41.162 0.22222
41.188 0.22222
41.213 0.22222
41.239 0.22222
41.264 0.22222
41.29 0.22222
41.316 0.22222
41.341 0.22222
41.366 0.22222
41.392 0.22222
41.417 0.22222
41.443 0.22222
41.468 0.22222
41.494 0.22222
41.52 0.22222
41.545 0.22222
41.57 0.22222
41.596 0.22222
41.621 0.22222
41.647 0.22222
41.672 0.22222
41.698 0.22222
41.723 0.22222
41.749 0.22222
41.774 0.22222
41.8 0.22222
41.825 0.22222
41.851 0.22222
41.877 0.22222
41.902 0.22222
41.927 0.22222
41.953 0.22222
41.978 0.22222
42.004 0.22222
42.029 0.22222
42.055 0.22222
42.081 0.22222
42.106 0.22222
42.131 0.22222
42.157 0.22222
42.182 0.22222
42.208 0.22222
42.233 0.22222
42.259 0.22222
42.284 0.22222
42.31 0.22222
42.335 0.22222
42.361 0.22222
42.386 0.22222
42.412 0.22222
42.438 0.22222
42.463 0.21889
42.488 0.22222
42.514 0.22222
42.539 0.22222
42.565 0.22222
42.59 0.22222
42.616 0.22222
42.642 0.22222
42.667 0.22222
42.692 0.22222
42.718 0.22222
42.743 0.21889
42.769 0.21889
42.794 0.21889
42.82 0.21889
42.845 0.21889
42.871 0.21889
42.896 0.21889
42.922 0.21889
42.947 0.21889
42.973 0.21889
42.998 0.21889
43.024 0.21889
43.049 0.21889
43.075 0.21889
43.1 0.21889
43.126 0.21889
43.151 0.21889
43.177 0.21889
43.203 0.21889
43.228 0.21889
43.253 0.21889
43.279 0.21889
43.304 0.21889
43.33 0.21889
43.355 0.21889
43.381 0.21889
43.406 0.21889
43.432 0.21889
43.457 0.21889
43.483 0.21889
43.508 0.21889
43.534 0.21889
43.559 0.21889
43.585 0.21889
43.61 0.21889
43.636 0.21889
43.661 0.21889
43.687 0.21889
43.712 0.21889
43.738 0.21889
43.764 0.21889
43.789 0.21889
43.814 0.21889
43.84 0.21889
43.865 0.21889
43.891 0.21889
43.916 0.21889
43.942 0.21889
43.967 0.21889
43.993 0.21889
44.018 0.21889
44.044 0.21889
44.069 0.21889
44.095 0.21889
44.12 0.21889
44.146 0.21889
44.171 0.21889
44.197 0.21889
44.222 0.21889
44.248 0.21889
44.273 0.21889
44.299 0.21889
44.325 0.21889
44.35 0.21889
44.375 0.21889
44.401 0.21889
44.426 0.21889
44.452 0.21889
44.477 0.21889
44.503 0.21889
44.528 0.21889
44.554 0.21889
44.579 0.21889
44.605 0.21889
44.63 0.21889
44.656 0.21889
44.681 0.21889
44.707 0.21889
44.732 0.21889
44.758 0.21889
44.783 0.21889
44.809 0.21889
44.834 0.21889
44.86 0.21889
44.886 0.21889
44.911 0.21889
44.936 0.21889
44.962 0.21889
44.987 0.21889
45.013 0.21889
45.038 0.21889
45.064 0.21889
45.089 0.21889
45.115 0.21889
45.14 0.21889
45.166 0.21889
45.191 0.21889
45.217 0.21889
45.242 0.21889
45.268 0.21889
45.293 0.21889
45.319 0.21889
45.344 0.21889
45.37 0.21889
45.395 0.21889
45.421 0.21889
45.447 0.21889
45.472 0.21889
45.497 0.21889
45.523 0.21889
45.548 0.21889
45.574 0.21889
45.599 0.21889
45.625 0.21889
45.65 0.21889
45.676 0.21889
45.701 0.21889
45.727 0.21889
45.752 0.21889
45.778 0.21889
45.803 0.21889
45.829 0.21889
45.854 0.21889
45.88 0.21889
45.905 0.21889
45.931 0.21889
45.956 0.21889
45.982 0.21889
46.008 0.21889
46.033 0.21889
46.058 0.21889
46.084 0.21889
46.109 0.21889
46.135 0.21889
46.16 0.21889
46.186 0.21889
46.211 0.21889
46.237 0.21889
46.262 0.21889
46.288 0.21889
46.313 0.21889
46.339 0.21889
46.364 0.21889
46.39 0.21889
46.415 0.21889
46.441 0.21889
46.466 0.21889
46.492 0.21889
46.517 0.21889
46.543 0.21889
46.569 0.21889
46.594 0.21889
46.619 0.21889
46.645 0.21889
46.67 0.21889
46.696 0.21889
46.721 0.21889
46.747 0.21889
46.772 0.21889
46.798 0.21889
46.823 0.21889
46.849 0.21889
46.874 0.21889
46.9 0.21889
46.925 0.21889
46.951 0.21889
46.976 0.21889
47.002 0.21889
47.027 0.21889
47.053 0.21889
47.078 0.21889
47.104 0.21889
47.13 0.21889
47.155 0.21889
47.18 0.21889
47.206 0.21889
47.231 0.21889
47.257 0.21889
47.282 0.21889
47.308 0.21889
47.333 0.21889
47.359 0.21889
47.384 0.21889
47.41 0.21889
47.435 0.21889
47.461 0.21889
47.486 0.21889
47.512 0.21889
47.537 0.21889
47.563 0.21889
47.588 0.21889
47.614 0.21889
47.639 0.21889
47.665 0.21889
47.691 0.21889
47.716 0.21889
47.741 0.21889
47.767 0.21889
47.792 0.21889
47.818 0.21889
47.843 0.21889
47.869 0.21889
47.894 0.21889
47.92 0.21889
47.945 0.21889
47.971 0.21889
47.996 0.21889
48.022 0.21889
48.047 0.21889
48.073 0.21889
48.098 0.21889
48.124 0.21889
48.149 0.21889
48.175 0.21889
48.2 0.21889
48.226 0.21889
48.252 0.21889
48.277 0.21889
48.302 0.21889
48.328 0.21889
48.353 0.215
48.379 0.215
48.404 0.215
48.43 0.215
48.455 0.215
48.481 0.215
48.506 0.215
48.532 0.215
48.557 0.215
48.583 0.215
48.608 0.215
48.634 0.215
48.659 0.215
48.685 0.215
48.71 0.215
48.736 0.215
48.761 0.215
48.787 0.215
48.812 0.215
48.838 0.215
48.863 0.21889
48.889 0.21889
48.914 0.21889
48.94 0.21889
48.965 0.21889
48.991 0.21889
49.016 0.21889
49.042 0.21889
49.067 0.21889
49.093 0.21889
49.118 0.215
49.144 0.215
49.169 0.215
49.195 0.215
49.22 0.215
49.246 0.215
49.271 0.215
49.297 0.215
49.322 0.215
49.348 0.215
49.373 0.215
49.399 0.215
49.424 0.215
49.45 0.215
49.475 0.215
49.501 0.215
49.526 0.215
49.552 0.215
49.577 0.215
49.603 0.21889
49.628 0.215
49.654 0.215
49.679 0.215
49.705 0.215
49.73 0.215
49.756 0.215
49.781 0.215
49.807 0.215
49.832 0.215
49.858 0.215
49.883 0.215
49.909 0.215
49.934 0.215
49.96 0.215
49.985 0.215
50.011 0.215
50.036 0.215
50.062 0.215
50.087 0.215
50.113 0.215
50.138 0.215
50.164 0.215
50.189 0.215
50.215 0.215
50.24 0.215
50.266 0.215
50.291 0.215
50.317 0.215
50.342 0.215
50.368 0.215
50.393 0.215
50.419 0.215
50.444 0.215
50.47 0.215
50.495 0.215
50.521 0.215
50.546 0.215
50.572 0.215
50.597 0.215
50.623 0.215
50.648 0.215
50.674 0.215
50.699 0.215
50.725 0.215
50.75 0.215
50.776 0.215
50.801 0.215
