1.0000 0.0000
2.0000 0.0000
3.0000 0.0000
4.0000 0.0000
5.0000 0.0000
6.0000 0.0000
7.0000 0.0000
8.0000 0.0000
9.0000 0.0000
10.0000 0.0000
11.0000 0.0000
12.0000 0.0185
13.0000 0.0697
14.0000 0.1437
15.0000 0.2282
16.0000 0.3132
17.0000 0.3922
18.0000 0.4604
19.0000 0.5135
20.0000 0.5493
21.0000 0.5685
22.0000 0.5750
23.0000 0.5735
24.0000 0.5687
25.0000 0.5642
26.0000 0.5627
27.0000 0.5662
28.0000 0.5755
29.0000 0.5907
30.0000 0.6115
31.0000 0.6368
32.0000 0.6655
33.0000 0.6962
34.0000 0.7276
35.0000 0.7583
36.0000 0.7873
37.0000 0.8139
38.0000 0.8375
39.0000 0.8578
40.0000 0.8749
41.0000 0.8889
42.0000 0.9002
43.0000 0.9091
44.0000 0.9162
45.0000 0.9218
46.0000 0.9265
47.0000 0.9306
48.0000 0.9344
49.0000 0.9382
50.0000 0.9420
51.0000 0.9460
52.0000 0.9501
53.0000 0.9544
54.0000 0.9587
55.0000 0.9629
56.0000 0.9671
57.0000 0.9710
58.0000 0.9747
59.0000 0.9780
60.0000 0.9809
61.0000 0.9834
62.0000 0.9855
63.0000 0.9872
64.0000 0.9887
65.0000 0.9898
66.0000 0.9908
67.0000 0.9915
68.0000 0.9921
69.0000 0.9927
70.0000 0.9932
71.0000 0.9936
72.0000 0.9940
73.0000 0.9945
74.0000 0.9949
75.0000 0.9954
76.0000 0.9958
77.0000 0.9962
78.0000 0.9966
79.0000 0.9970
80.0000 0.9974
81.0000 0.9977
82.0000 0.9980
83.0000 0.9982
84.0000 0.9984
85.0000 0.9986
86.0000 0.9988
87.0000 0.9989
88.0000 0.9990
89.0000 0.9991
90.0000 0.9992
91.0000 0.9993
92.0000 0.9993
93.0000 0.9994
94.0000 0.9994
95.0000 0.9995
96.0000 0.9995
97.0000 0.9995
98.0000 0.9996
99.0000 0.9996
100.0000 0.9997
101.0000 0.9997
102.0000 0.9997
103.0000 0.9998
104.0000 0.9998
105.0000 0.9998
106.0000 0.9998
107.0000 0.9999
108.0000 0.9999
109.0000 0.9999
110.0000 0.9999
111.0000 0.9999
112.0000 0.9999
113.0000 0.9999
114.0000 0.9999
115.0000 0.9999
116.0000 0.9999
117.0000 0.9999
118.0000 0.9999
119.0000 1.0000
120.0000 1.0000
121.0000 1.0000
122.0000 1.0000
123.0000 1.0000
124.0000 1.0000
125.0000 1.0000
126.0000 1.0000
127.0000 1.0000
128.0000 1.0000
129.0000 1.0000
130.0000 1.0000
131.0000 1.0000
132.0000 1.0000
133.0000 1.0000
134.0000 1.0000
135.0000 1.0000
136.0000 1.0000
137.0000 1.0000
138.0000 1.0000
139.0000 1.0000
140.0000 1.0000
141.0000 1.0000
142.0000 1.0000
143.0000 1.0000
144.0000 1.0000
145.0000 1.0000
146.0000 1.0000
147.0000 1.0000
148.0000 1.0000
149.0000 1.0000
150.0000 1.0000
151.0000 1.0000
152.0000 1.0000
153.0000 1.0000
154.0000 1.0000
155.0000 1.0000
156.0000 1.0000
157.0000 1.0000
158.0000 1.0000
159.0000 1.0000
160.0000 1.0000
161.0000 1.0000
162.0000 1.0000
163.0000 1.0000
164.0000 1.0000
165.0000 1.0000
166.0000 1.0000
167.0000 1.0000
168.0000 1.0000
169.0000 1.0000
170.0000 1.0000
171.0000 1.0000
172.0000 1.0000
173.0000 1.0000
174.0000 1.0000
175.0000 1.0000
176.0000 1.0000
177.0000 1.0000
178.0000 1.0000
179.0000 1.0000
180.0000 1.0000
181.0000 1.0000
182.0000 1.0000
183.0000 1.0000
184.0000 1.0000
185.0000 1.0000
186.0000 1.0000
187.0000 1.0000
188.0000 1.0000
189.0000 1.0000
190.0000 1.0000
191.0000 1.0000
192.0000 1.0000
193.0000 1.0000
194.0000 1.0000
195.0000 1.0000
196.0000 1.0000
197.0000 1.0000
198.0000 1.0000
199.0000 1.0000
200.0000 1.0000
201.0000 1.0000
202.0000 1.0000
203.0000 1.0000
204.0000 1.0000
205.0000 1.0000
206.0000 1.0000
207.0000 1.0000
208.0000 1.0000
209.0000 1.0000
210.0000 1.0000
211.0000 1.0000
212.0000 1.0000
213.0000 1.0000
214.0000 1.0000
215.0000 1.0000
216.0000 1.0000
217.0000 1.0000
218.0000 1.0000
219.0000 1.0000
220.0000 1.0000
221.0000 1.0000
222.0000 1.0000
223.0000 1.0000
224.0000 1.0000
225.0000 1.0000
226.0000 1.0000
227.0000 1.0000
228.0000 1.0000
229.0000 1.0000
230.0000 1.0000
231.0000 1.0000
232.0000 1.0000
233.0000 1.0000
234.0000 1.0000
235.0000 1.0000
236.0000 1.0000
237.0000 1.0000
238.0000 1.0000
239.0000 1.0000
240.0000 1.0000
241.0000 1.0000
242.0000 1.0000
243.0000 1.0000
244.0000 1.0000
245.0000 1.0000
246.0000 1.0000
247.0000 1.0000
248.0000 1.0000
249.0000 1.0000
250.0000 1.0000
251.0000 1.0000
252.0000 1.0000
253.0000 1.0000
254.0000 1.0000
255.0000 1.0000
256.0000 1.0000
257.0000 1.0524
258.0000 1.1679
259.0000 1.3241
260.0000 1.5015
261.0000 1.6854
262.0000 1.8652
263.0000 2.0333
264.0000 2.1846
265.0000 2.3163
266.0000 2.4275
267.0000 2.5187
268.0000 2.5916
269.0000 2.6482
270.0000 2.6910
271.0000 2.7227
272.0000 2.7460
273.0000 2.7632
274.0000 2.7767
275.0000 2.7882
276.0000 2.7993
277.0000 2.8109
278.0000 2.8238
279.0000 2.8383
280.0000 2.8546
281.0000 2.8723
282.0000 2.8911
283.0000 2.9106
284.0000 2.9302
285.0000 2.9493
286.0000 2.9674
287.0000 2.9838
288.0000 2.9983
289.0000 3.0105
290.0000 3.0202
291.0000 3.0274
292.0000 3.0320
293.0000 3.0343
294.0000 3.0344
295.0000 3.0327
296.0000 3.0294
297.0000 3.0250
298.0000 3.0199
299.0000 3.0143
300.0000 3.0087
301.0000 3.0033
302.0000 2.9984
303.0000 2.9942
304.0000 2.9908
305.0000 2.9882
306.0000 2.9865
307.0000 2.9857
308.0000 2.9857
309.0000 2.9864
310.0000 2.9877
311.0000 2.9894
312.0000 2.9915
313.0000 2.9937
314.0000 2.9959
315.0000 2.9981
316.0000 3.0001
317.0000 3.0019
318.0000 3.0033
319.0000 3.0044
320.0000 3.0051
321.0000 3.0054
322.0000 3.0055
323.0000 3.0052
324.0000 3.0047
325.0000 3.0040
326.0000 3.0032
327.0000 3.0023
328.0000 3.0015
329.0000 3.0006
330.0000 2.9998
331.0000 2.9991
332.0000 2.9986
333.0000 2.9982
334.0000 2.9979
335.0000 2.9978
336.0000 2.9978
337.0000 2.9979
338.0000 2.9981
339.0000 2.9984
340.0000 2.9987
341.0000 2.9991
342.0000 2.9994
343.0000 2.9998
344.0000 3.0001
345.0000 3.0004
346.0000 3.0006
347.0000 3.0008
348.0000 3.0009
349.0000 3.0009
350.0000 3.0009
351.0000 3.0009
352.0000 3.0008
353.0000 3.0006
354.0000 3.0005
355.0000 3.0004
356.0000 3.0002
357.0000 3.0001
358.0000 2.9999
359.0000 2.9998
360.0000 2.9997
361.0000 2.9997
362.0000 2.9996
363.0000 2.9996
364.0000 2.9996
365.0000 2.9997
366.0000 2.9997
367.0000 2.9997
368.0000 2.9998
369.0000 2.9999
370.0000 2.9999
371.0000 3.0000
372.0000 3.0000
373.0000 3.0001
374.0000 3.0001
375.0000 3.0001
376.0000 3.0001
377.0000 3.0002
378.0000 3.0002
379.0000 3.0001
380.0000 3.0001
381.0000 3.0001
382.0000 3.0001
383.0000 3.0001
384.0000 3.0000
385.0000 3.0000
386.0000 3.0000
387.0000 3.0000
388.0000 3.0000
389.0000 2.9999
390.0000 2.9999
391.0000 2.9999
392.0000 2.9999
393.0000 2.9999
394.0000 3.0000
395.0000 3.0000
396.0000 3.0000
397.0000 3.0000
398.0000 3.0000
399.0000 3.0000
400.0000 3.0000
401.0000 3.0000
402.0000 3.0000
403.0000 3.0000
404.0000 3.0000
405.0000 3.0000
406.0000 3.0000
407.0000 3.0000
408.0000 3.0000
409.0000 3.0000
410.0000 3.0000
411.0000 3.0000
412.0000 3.0000
413.0000 3.0000
414.0000 3.0000
415.0000 3.0000
416.0000 3.0000
417.0000 3.0000
418.0000 3.0000
419.0000 3.0000
420.0000 3.0000
421.0000 3.0000
422.0000 3.0000
423.0000 3.0000
424.0000 3.0000
425.0000 3.0000
426.0000 3.0000
427.0000 3.0000
428.0000 3.0000
429.0000 3.0000
430.0000 3.0000
431.0000 3.0000
432.0000 3.0000
433.0000 3.0000
434.0000 3.0000
435.0000 3.0000
436.0000 3.0000
437.0000 3.0000
438.0000 3.0000
439.0000 3.0000
440.0000 3.0000
441.0000 3.0000
442.0000 3.0000
443.0000 3.0000
444.0000 3.0000
445.0000 3.0000
446.0000 3.0000
447.0000 3.0000
448.0000 3.0000
449.0000 3.0000
450.0000 3.0000
451.0000 3.0000
452.0000 3.0000
453.0000 3.0000
454.0000 3.0000
455.0000 3.0000
456.0000 3.0000
457.0000 3.0000
458.0000 3.0000
459.0000 3.0000
460.0000 3.0000
461.0000 3.0000
462.0000 3.0000
463.0000 3.0000
464.0000 3.0000
465.0000 3.0000
466.0000 3.0000
467.0000 3.0000
468.0000 3.0000
469.0000 3.0000
470.0000 3.0000
471.0000 3.0000
472.0000 3.0000
473.0000 3.0000
474.0000 3.0000
475.0000 3.0000
476.0000 3.0000
477.0000 3.0000
478.0000 3.0000
479.0000 3.0000
480.0000 3.0000
481.0000 3.0000
482.0000 3.0000
483.0000 3.0000
484.0000 3.0000
485.0000 3.0000
486.0000 3.0000
487.0000 3.0000
488.0000 3.0000
489.0000 3.0000
490.0000 3.0000
491.0000 3.0000
492.0000 3.0000
493.0000 3.0000
494.0000 3.0000
495.0000 3.0000
496.0000 3.0000
497.0000 3.0000
498.0000 3.0000
499.0000 3.0000
500.0000 3.0000
501.0000 3.0000
502.0000 3.0000
503.0000 3.0000
504.0000 3.0000
505.0000 3.0000
506.0000 3.0000
507.0000 2.9269
508.0000 2.7884
509.0000 2.6164
510.0000 2.4338
511.0000 2.2553
512.0000 2.0896
513.0000 1.9443
514.0000 1.8256
515.0000 1.7370
516.0000 1.6794
517.0000 1.6514
518.0000 1.6502
519.0000 1.6717
520.0000 1.7113
521.0000 1.7639
522.0000 1.8244
523.0000 1.8882
524.0000 1.9509
525.0000 2.0090
526.0000 2.0596
527.0000 2.1008
528.0000 2.1314
529.0000 2.1509
530.0000 2.1597
531.0000 2.1586
532.0000 2.1492
533.0000 2.1330
534.0000 2.1120
535.0000 2.0881
536.0000 2.0630
537.0000 2.0385
538.0000 2.0158
539.0000 1.9961
540.0000 1.9799
541.0000 1.9678
542.0000 1.9598
543.0000 1.9557
544.0000 1.9551
545.0000 1.9576
546.0000 1.9626
547.0000 1.9692
548.0000 1.9769
549.0000 1.9850
550.0000 1.9930
551.0000 2.0003
552.0000 2.0067
553.0000 2.0118
554.0000 2.0155
555.0000 2.0179
556.0000 2.0189
557.0000 2.0187
558.0000 2.0174
559.0000 2.0154
560.0000 2.0127
561.0000 2.0097
562.0000 2.0066
563.0000 2.0036
564.0000 2.0008
565.0000 1.9983
566.0000 1.9964
567.0000 1.9949
568.0000 1.9940
569.0000 1.9936
570.0000 1.9936
571.0000 1.9940
572.0000 1.9947
573.0000 1.9956
574.0000 1.9967
575.0000 1.9978
576.0000 1.9989
577.0000 1.9999
578.0000 2.0007
579.0000 2.0014
580.0000 2.0019
581.0000 2.0023
582.0000 2.0024
583.0000 2.0024
584.0000 2.0022
585.0000 2.0020
586.0000 2.0016
587.0000 2.0012
588.0000 2.0008
589.0000 2.0004
590.0000 2.0001
591.0000 1.9998
592.0000 1.9995
593.0000 1.9993
594.0000 1.9992
595.0000 1.9991
596.0000 1.9991
597.0000 1.9992
598.0000 1.9993
599.0000 1.9994
600.0000 1.9996
601.0000 1.9997
602.0000 1.9998
603.0000 2.0000
604.0000 2.0001
605.0000 2.0002
606.0000 2.0003
607.0000 2.0003
608.0000 2.0003
609.0000 2.0003
610.0000 2.0003
611.0000 2.0003
612.0000 2.0002
613.0000 2.0002
614.0000 2.0001
615.0000 2.0001
616.0000 2.0000
617.0000 2.0000
618.0000 1.9999
619.0000 1.9999
620.0000 1.9999
621.0000 1.9999
622.0000 1.9999
623.0000 1.9999
624.0000 1.9999
625.0000 1.9999
626.0000 1.9999
627.0000 2.0000
628.0000 2.0000
629.0000 2.0000
630.0000 2.0000
631.0000 2.0000
632.0000 2.0000
633.0000 2.0000
634.0000 2.0000
635.0000 2.0000
636.0000 2.0000
637.0000 2.0000
638.0000 2.0000
639.0000 2.0000
640.0000 2.0000
641.0000 2.0000
642.0000 2.0000
643.0000 2.0000
644.0000 2.0000
645.0000 2.0000
646.0000 2.0000
647.0000 2.0000
648.0000 2.0000
649.0000 2.0000
650.0000 2.0000
651.0000 2.0000
652.0000 2.0000
653.0000 2.0000
654.0000 2.0000
655.0000 2.0000
656.0000 2.0000
657.0000 2.0000
658.0000 2.0000
659.0000 2.0000
660.0000 2.0000
661.0000 2.0000
662.0000 2.0000
663.0000 2.0000
664.0000 2.0000
665.0000 2.0000
666.0000 2.0000
667.0000 2.0000
668.0000 2.0000
669.0000 2.0000
670.0000 2.0000
671.0000 2.0000
672.0000 2.0000
673.0000 2.0000
674.0000 2.0000
675.0000 2.0000
676.0000 2.0000
677.0000 2.0000
678.0000 2.0000
679.0000 2.0000
680.0000 2.0000
681.0000 2.0000
682.0000 2.0000
683.0000 2.0000
684.0000 2.0000
685.0000 2.0000
686.0000 2.0000
687.0000 2.0000
688.0000 2.0000
689.0000 2.0000
690.0000 2.0000
691.0000 2.0000
692.0000 2.0000
693.0000 2.0000
694.0000 2.0000
695.0000 2.0000
696.0000 2.0000
697.0000 2.0000
698.0000 2.0000
699.0000 2.0000
700.0000 2.0000
701.0000 2.0000
702.0000 2.0000
703.0000 2.0000
704.0000 2.0000
705.0000 2.0000
706.0000 2.0000
707.0000 2.0000
708.0000 2.0000
709.0000 2.0000
710.0000 2.0000
711.0000 2.0000
712.0000 2.0000
713.0000 2.0000
714.0000 2.0000
715.0000 2.0000
716.0000 2.0000
717.0000 2.0000
718.0000 2.0000
719.0000 2.0000
720.0000 2.0000
721.0000 2.0000
722.0000 2.0000
723.0000 2.0000
724.0000 2.0000
725.0000 2.0000
726.0000 2.0000
727.0000 2.0000
728.0000 2.0000
729.0000 2.0000
730.0000 2.0000
731.0000 2.0000
732.0000 2.0000
733.0000 2.0000
734.0000 2.0000
735.0000 2.0000
736.0000 2.0000
737.0000 2.0000
738.0000 2.0000
739.0000 2.0000
740.0000 2.0000
741.0000 2.0000
742.0000 2.0000
743.0000 2.0000
744.0000 2.0000
745.0000 2.0000
746.0000 2.0000
747.0000 2.0000
748.0000 2.0000
749.0000 2.0000
750.0000 2.0000
751.0000 2.0000
752.0000 2.0000
753.0000 2.0000
754.0000 2.0000
755.0000 2.0000
756.0000 2.0000
757.0000 1.7661
758.0000 1.4515
759.0000 1.1523
760.0000 0.8978
761.0000 0.6919
762.0000 0.5301
763.0000 0.4071
764.0000 0.3208
765.0000 0.2683
766.0000 0.2437
767.0000 0.2393
768.0000 0.2467
769.0000 0.2579
770.0000 0.2671
771.0000 0.2708
772.0000 0.2677
773.0000 0.2581
774.0000 0.2436
775.0000 0.2260
776.0000 0.2072
777.0000 0.1888
778.0000 0.1718
779.0000 0.1568
780.0000 0.1442
781.0000 0.1338
782.0000 0.1254
783.0000 0.1186
784.0000 0.1128
785.0000 0.1079
786.0000 0.1033
787.0000 0.0990
788.0000 0.0947
789.0000 0.0904
790.0000 0.0861
791.0000 0.0818
792.0000 0.0776
793.0000 0.0735
794.0000 0.0696
795.0000 0.0658
796.0000 0.0623
797.0000 0.0589
798.0000 0.0558
799.0000 0.0528
800.0000 0.0499
801.0000 0.0472
802.0000 0.0446
803.0000 0.0421
804.0000 0.0396
805.0000 0.0373
806.0000 0.0350
807.0000 0.0328
808.0000 0.0307
809.0000 0.0286
810.0000 0.0266
811.0000 0.0247
812.0000 0.0228
813.0000 0.0210
814.0000 0.0193
815.0000 0.0176
816.0000 0.0159
817.0000 0.0143
818.0000 0.0128
819.0000 0.0113
820.0000 0.0098
821.0000 0.0084
822.0000 0.0071
823.0000 0.0058
824.0000 0.0045
825.0000 0.0032
826.0000 0.0020
827.0000 0.0008
828.0000 -0.0003
829.0000 -0.0015
830.0000 -0.0026
831.0000 -0.0036
832.0000 -0.0047
833.0000 -0.0057
834.0000 -0.0067
835.0000 -0.0076
836.0000 -0.0086
837.0000 -0.0095
838.0000 -0.0104
839.0000 -0.0113
840.0000 -0.0121
841.0000 -0.0129
842.0000 -0.0138
843.0000 -0.0146
844.0000 -0.0153
845.0000 -0.0161
846.0000 -0.0168
847.0000 -0.0176
848.0000 -0.0183
849.0000 -0.0190
850.0000 -0.0197
851.0000 -0.0203
852.0000 -0.0210
853.0000 -0.0216
854.0000 -0.0222
855.0000 -0.0229
856.0000 -0.0235
857.0000 -0.0240
858.0000 -0.0246
859.0000 -0.0252
860.0000 -0.0257
861.0000 -0.0263
862.0000 -0.0268
863.0000 -0.0273
864.0000 -0.0279
865.0000 -0.0284
866.0000 -0.0289
867.0000 -0.0293
868.0000 -0.0298
869.0000 -0.0303
870.0000 -0.0307
871.0000 -0.0312
872.0000 -0.0316
873.0000 -0.0321
874.0000 -0.0325
875.0000 -0.0329
876.0000 -0.0333
877.0000 -0.0338
878.0000 -0.0342
879.0000 -0.0345
880.0000 -0.0349
881.0000 -0.0353
882.0000 -0.0357
883.0000 -0.0361
884.0000 -0.0364
885.0000 -0.0368
886.0000 -0.0371
887.0000 -0.0375
888.0000 -0.0378
889.0000 -0.0381
890.0000 -0.0385
891.0000 -0.0388
892.0000 -0.0391
893.0000 -0.0394
894.0000 -0.0397
895.0000 -0.0400
896.0000 -0.0403
897.0000 -0.0406
898.0000 -0.0409
899.0000 -0.0412
900.0000 -0.0415
901.0000 -0.0418
902.0000 -0.0421
903.0000 -0.0423
904.0000 -0.0426
905.0000 -0.0429
906.0000 -0.0431
907.0000 -0.0434
908.0000 -0.0436
909.0000 -0.0439
910.0000 -0.0441
911.0000 -0.0444
912.0000 -0.0446
913.0000 -0.0449
914.0000 -0.0451
915.0000 -0.0453
916.0000 -0.0455
917.0000 -0.0458
918.0000 -0.0460
919.0000 -0.0462
920.0000 -0.0464
921.0000 -0.0466
922.0000 -0.0468
923.0000 -0.0470
924.0000 -0.0473
925.0000 -0.0475
926.0000 -0.0477
927.0000 -0.0479
928.0000 -0.0480
929.0000 -0.0482
930.0000 -0.0484
931.0000 -0.0486
932.0000 -0.0488
933.0000 -0.0490
934.0000 -0.0492
935.0000 -0.0493
936.0000 -0.0495
937.0000 -0.0497
938.0000 -0.0499
939.0000 -0.0500
940.0000 -0.0502
941.0000 -0.0504
942.0000 -0.0505
943.0000 -0.0507
944.0000 -0.0509
945.0000 -0.0510
946.0000 -0.0512
947.0000 -0.0513
948.0000 -0.0515
949.0000 -0.0516
950.0000 -0.0518
951.0000 -0.0519
952.0000 -0.0521
953.0000 -0.0522
954.0000 -0.0524
955.0000 -0.0525
956.0000 -0.0527
957.0000 -0.0528
958.0000 -0.0529
959.0000 -0.0531
960.0000 -0.0532
961.0000 -0.0533
962.0000 -0.0535
963.0000 -0.0536
964.0000 -0.0537
965.0000 -0.0539
966.0000 -0.0540
967.0000 -0.0541
968.0000 -0.0542
969.0000 -0.0544
970.0000 -0.0545
971.0000 -0.0546
972.0000 -0.0547
973.0000 -0.0548
974.0000 -0.0549
975.0000 -0.0551
976.0000 -0.0552
977.0000 -0.0553
978.0000 -0.0554
979.0000 -0.0555
980.0000 -0.0556
981.0000 -0.0557
982.0000 -0.0558
983.0000 -0.0559
984.0000 -0.0561
985.0000 -0.0562
986.0000 -0.0563
987.0000 -0.0564
988.0000 -0.0565
989.0000 -0.0566
990.0000 -0.0567
991.0000 -0.0568
992.0000 -0.0569
993.0000 -0.0570
994.0000 -0.0571
995.0000 -0.0571
996.0000 -0.0572
997.0000 -0.0573
998.0000 -0.0574
999.0000 -0.0575
1000.0000 -0.0576
1001.0000 -0.0577
1002.0000 -0.0578
1003.0000 -0.0579
1004.0000 -0.0580
1005.0000 -0.0580
1006.0000 -0.0581
1007.0000 -0.0582
1008.0000 -0.0583
1009.0000 -0.0584
1010.0000 -0.0585
1011.0000 -0.0586
1012.0000 -0.0586
1013.0000 -0.0587
1014.0000 -0.0588
1015.0000 -0.0589
1016.0000 -0.0589
1017.0000 -0.0590
1018.0000 -0.0591
1019.0000 -0.0592
1020.0000 -0.0593
1021.0000 -0.0593
1022.0000 -0.0594
1023.0000 -0.0595
1024.0000 -0.0596
1025.0000 -0.0596
1026.0000 -0.0597
1027.0000 -0.0598
1028.0000 -0.0598
1029.0000 -0.0599
1030.0000 -0.0600
1031.0000 -0.0600
1032.0000 -0.0601
1033.0000 -0.0602
1034.0000 -0.0602
1035.0000 -0.0603
1036.0000 -0.0604
1037.0000 -0.0604
1038.0000 -0.0605
1039.0000 -0.0606
1040.0000 -0.0606
1041.0000 -0.0607
1042.0000 -0.0608
1043.0000 -0.0608
1044.0000 -0.0609
1045.0000 -0.0610
1046.0000 -0.0610
1047.0000 -0.0611
1048.0000 -0.0611
1049.0000 -0.0612
1050.0000 -0.0613
1051.0000 -0.0613
1052.0000 -0.0614
1053.0000 -0.0614
1054.0000 -0.0615
1055.0000 -0.0615
1056.0000 -0.0616
1057.0000 -0.0616
1058.0000 -0.0617
1059.0000 -0.0618
1060.0000 -0.0618
1061.0000 -0.0619
1062.0000 -0.0619
1063.0000 -0.0620
1064.0000 -0.0620
1065.0000 -0.0621
1066.0000 -0.0621
1067.0000 -0.0622
1068.0000 -0.0622
1069.0000 -0.0623
1070.0000 -0.0623
1071.0000 -0.0624
1072.0000 -0.0624
1073.0000 -0.0625
1074.0000 -0.0625
1075.0000 -0.0626
1076.0000 -0.0626
1077.0000 -0.0627
1078.0000 -0.0627
1079.0000 -0.0628
1080.0000 -0.0628
1081.0000 -0.0629
1082.0000 -0.0629
1083.0000 -0.0630
1084.0000 -0.0630
1085.0000 -0.0630
1086.0000 -0.0631
1087.0000 -0.0631
1088.0000 -0.0632
1089.0000 -0.0632
1090.0000 -0.0633
1091.0000 -0.0633
1092.0000 -0.0633
1093.0000 -0.0634
1094.0000 -0.0634
1095.0000 -0.0635
1096.0000 -0.0635
1097.0000 -0.0636
1098.0000 -0.0636
1099.0000 -0.0636
1100.0000 -0.0637
1101.0000 -0.0637
1102.0000 -0.0638
1103.0000 -0.0638
1104.0000 -0.0638
1105.0000 -0.0639
1106.0000 -0.0639
1107.0000 -0.0639
1108.0000 -0.0640
1109.0000 -0.0640
1110.0000 -0.0641
1111.0000 -0.0641
1112.0000 -0.0641
1113.0000 -0.0642
1114.0000 -0.0642
1115.0000 -0.0642
1116.0000 -0.0643
1117.0000 -0.0643
1118.0000 -0.0644
1119.0000 -0.0644
1120.0000 -0.0644
1121.0000 -0.0645
1122.0000 -0.0645
1123.0000 -0.0645
1124.0000 -0.0646
1125.0000 -0.0646
1126.0000 -0.0646
1127.0000 -0.0647
1128.0000 -0.0647
1129.0000 -0.0647
1130.0000 -0.0648
1131.0000 -0.0648
1132.0000 -0.0648
1133.0000 -0.0649
1134.0000 -0.0649
1135.0000 -0.0649
1136.0000 -0.0649
1137.0000 -0.0650
1138.0000 -0.0650
1139.0000 -0.0650
1140.0000 -0.0651
1141.0000 -0.0651
1142.0000 -0.0651
1143.0000 -0.0652
1144.0000 -0.0652
1145.0000 -0.0652
1146.0000 -0.0652
1147.0000 -0.0653
1148.0000 -0.0653
1149.0000 -0.0653
1150.0000 -0.0654
1151.0000 -0.0654
1152.0000 -0.0654
1153.0000 -0.0654
1154.0000 -0.0655
1155.0000 -0.0655
1156.0000 -0.0655
1157.0000 -0.0656
1158.0000 -0.0656
1159.0000 -0.0656
1160.0000 -0.0656
1161.0000 -0.0657
1162.0000 -0.0657
1163.0000 -0.0657
1164.0000 -0.0657
1165.0000 -0.0658
1166.0000 -0.0658
1167.0000 -0.0658
1168.0000 -0.0658
1169.0000 -0.0659
1170.0000 -0.0659
1171.0000 -0.0659
1172.0000 -0.0659
1173.0000 -0.0660
1174.0000 -0.0660
1175.0000 -0.0660
1176.0000 -0.0660
1177.0000 -0.0661
1178.0000 -0.0661
1179.0000 -0.0661
1180.0000 -0.0661
1181.0000 -0.0661
1182.0000 -0.0662
1183.0000 -0.0662
1184.0000 -0.0662
1185.0000 -0.0662
1186.0000 -0.0663
1187.0000 -0.0663
1188.0000 -0.0663
1189.0000 -0.0663
1190.0000 -0.0663
1191.0000 -0.0664
1192.0000 -0.0664
1193.0000 -0.0664
1194.0000 -0.0664
1195.0000 -0.0665
1196.0000 -0.0665
1197.0000 -0.0665
1198.0000 -0.0665
1199.0000 -0.0665
1200.0000 -0.0666
