1.0000 0.0000
2.0000 0.0000
3.0000 0.0000
4.0000 0.0000
5.0000 0.0000
6.0000 0.0000
7.0000 0.9080
8.0000 0.9124
9.0000 0.8743
10.0000 0.8401
11.0000 0.8115
12.0000 0.7881
13.0000 0.6568
14.0000 0.4284
15.0000 0.2728
16.0000 0.2151
17.0000 0.2068
18.0000 0.2146
19.0000 0.2294
20.0000 0.2571
21.0000 0.3021
22.0000 0.3568
23.0000 0.4101
24.0000 0.4555
25.0000 0.4904
26.0000 0.5149
27.0000 0.5302
28.0000 0.5376
29.0000 0.5376
30.0000 0.5311
31.0000 0.5196
32.0000 0.5052
33.0000 0.4902
34.0000 0.4762
35.0000 0.4642
36.0000 0.4546
37.0000 0.4477
38.0000 0.4435
39.0000 0.4417
40.0000 0.4422
41.0000 0.4445
42.0000 0.4482
43.0000 0.4527
44.0000 0.4574
45.0000 0.4620
46.0000 0.4662
47.0000 0.4697
48.0000 0.4722
49.0000 0.4740
50.0000 0.4748
51.0000 0.4750
52.0000 0.4744
53.0000 0.4735
54.0000 0.4723
55.0000 0.4709
56.0000 0.4695
57.0000 0.4683
58.0000 0.4673
59.0000 0.4665
60.0000 0.4660
61.0000 0.4658
62.0000 0.4658
63.0000 0.4660
64.0000 0.4663
65.0000 0.4667
66.0000 0.4671
67.0000 0.4675
68.0000 0.4679
69.0000 0.4682
70.0000 0.4684
71.0000 0.4686
72.0000 0.4687
73.0000 0.4688
74.0000 0.4687
75.0000 0.4687
76.0000 0.4686
77.0000 0.4685
78.0000 0.4684
79.0000 0.4683
80.0000 0.4682
81.0000 0.4681
82.0000 0.4681
83.0000 0.4680
84.0000 0.4680
85.0000 0.4680
86.0000 0.4680
87.0000 0.4681
88.0000 0.4681
89.0000 0.4681
90.0000 0.4682
91.0000 0.4682
92.0000 0.4682
93.0000 0.4682
94.0000 0.4682
95.0000 0.4682
96.0000 0.4683
97.0000 0.4683
98.0000 0.4682
99.0000 0.4682
100.0000 0.4682
101.0000 0.4682
102.0000 0.4682
103.0000 0.4682
104.0000 0.4682
105.0000 0.4682
106.0000 0.4682
107.0000 0.4682
108.0000 0.4682
109.0000 0.4682
110.0000 0.4682
111.0000 0.4682
112.0000 0.4682
113.0000 0.4682
114.0000 0.4682
115.0000 0.4682
116.0000 0.4682
117.0000 0.4682
118.0000 0.4682
119.0000 0.4682
120.0000 0.4682
121.0000 0.4682
122.0000 0.4682
123.0000 0.4682
124.0000 0.4682
125.0000 0.4682
126.0000 0.4682
127.0000 0.4682
128.0000 0.4682
129.0000 0.4682
130.0000 0.4682
131.0000 0.4682
132.0000 0.4682
133.0000 0.4682
134.0000 0.4682
135.0000 0.4682
136.0000 0.4682
137.0000 0.4682
138.0000 0.4682
139.0000 0.4682
140.0000 0.4682
141.0000 0.4682
142.0000 0.4682
143.0000 0.4682
144.0000 0.4682
145.0000 0.4682
146.0000 0.4682
147.0000 0.4682
148.0000 0.4682
149.0000 0.4682
150.0000 0.4682
151.0000 0.4682
152.0000 0.4682
153.0000 0.4682
154.0000 0.4682
155.0000 0.4682
156.0000 0.4682
157.0000 0.4682
158.0000 0.4682
159.0000 0.4682
160.0000 0.4682
161.0000 0.4682
162.0000 0.4682
163.0000 0.4682
164.0000 0.4682
165.0000 0.4682
166.0000 0.4682
167.0000 0.4682
168.0000 0.4682
169.0000 0.4682
170.0000 0.4682
171.0000 0.4682
172.0000 0.4682
173.0000 0.4682
174.0000 0.4682
175.0000 0.4682
176.0000 0.4682
177.0000 0.4682
178.0000 0.4682
179.0000 0.4682
180.0000 0.4682
181.0000 0.4682
182.0000 0.4682
183.0000 0.4682
184.0000 0.4682
185.0000 0.4682
186.0000 0.4682
187.0000 0.4682
188.0000 0.4682
189.0000 0.4682
190.0000 0.4682
191.0000 0.4682
192.0000 0.4682
193.0000 0.4682
194.0000 0.4682
195.0000 0.4682
196.0000 0.4682
197.0000 0.4682
198.0000 0.4682
199.0000 0.4682
200.0000 0.4682
201.0000 0.4682
202.0000 0.4682
203.0000 0.4682
204.0000 0.4682
205.0000 0.4682
206.0000 0.4682
207.0000 0.4682
208.0000 0.4682
209.0000 0.4682
210.0000 0.4682
211.0000 0.4682
212.0000 0.4682
213.0000 0.4682
214.0000 0.4682
215.0000 0.4682
216.0000 0.4682
217.0000 0.4682
218.0000 0.4682
219.0000 0.4682
220.0000 0.4682
221.0000 0.4682
222.0000 0.4682
223.0000 0.4682
224.0000 0.4682
225.0000 0.4682
226.0000 0.4682
227.0000 0.4682
228.0000 0.4682
229.0000 0.4682
230.0000 0.4682
231.0000 0.4682
232.0000 0.4682
233.0000 0.4682
234.0000 0.4682
235.0000 0.4682
236.0000 0.4682
237.0000 0.4682
238.0000 0.4682
239.0000 0.4682
240.0000 0.4682
241.0000 0.4682
242.0000 0.4682
243.0000 0.4682
244.0000 0.4682
245.0000 0.4682
246.0000 0.4682
247.0000 0.4682
248.0000 0.4682
249.0000 0.4682
250.0000 0.4682
251.0000 0.4682
252.0000 1.0000
253.0000 1.0000
254.0000 0.9642
255.0000 0.9320
256.0000 0.9049
257.0000 0.8826
258.0000 0.8578
259.0000 0.8363
260.0000 0.8195
261.0000 0.8070
262.0000 0.7980
263.0000 0.7920
264.0000 0.7886
265.0000 0.7878
266.0000 0.7892
267.0000 0.7925
268.0000 0.7973
269.0000 0.8032
270.0000 0.8097
271.0000 0.8163
272.0000 0.8227
273.0000 0.8286
274.0000 0.8338
275.0000 0.8380
276.0000 0.8411
277.0000 0.8432
278.0000 0.8443
279.0000 0.8444
280.0000 0.8436
281.0000 0.8422
282.0000 0.8402
283.0000 0.8379
284.0000 0.8353
285.0000 0.8327
286.0000 0.8301
287.0000 0.8278
288.0000 0.8258
289.0000 0.8241
290.0000 0.8229
291.0000 0.8220
292.0000 0.8216
293.0000 0.8215
294.0000 0.8218
295.0000 0.8224
296.0000 0.8232
297.0000 0.8241
298.0000 0.8251
299.0000 0.8262
300.0000 0.8271
301.0000 0.8281
302.0000 0.8289
303.0000 0.8296
304.0000 0.8301
305.0000 0.8305
306.0000 0.8307
307.0000 0.8308
308.0000 0.8307
309.0000 0.8305
310.0000 0.8302
311.0000 0.8298
312.0000 0.8294
313.0000 0.8290
314.0000 0.8286
315.0000 0.8282
316.0000 0.8279
317.0000 0.8276
318.0000 0.8274
319.0000 0.8273
320.0000 0.8272
321.0000 0.8272
322.0000 0.8272
323.0000 0.8273
324.0000 0.8274
325.0000 0.8276
326.0000 0.8277
327.0000 0.8279
328.0000 0.8281
329.0000 0.8282
330.0000 0.8283
331.0000 0.8285
332.0000 0.8285
333.0000 0.8286
334.0000 0.8286
335.0000 0.8286
336.0000 0.8286
337.0000 0.8286
338.0000 0.8285
339.0000 0.8285
340.0000 0.8284
341.0000 0.8283
342.0000 0.8283
343.0000 0.8282
344.0000 0.8281
345.0000 0.8281
346.0000 0.8281
347.0000 0.8280
348.0000 0.8280
349.0000 0.8280
350.0000 0.8280
351.0000 0.8281
352.0000 0.8281
353.0000 0.8281
354.0000 0.8281
355.0000 0.8282
356.0000 0.8282
357.0000 0.8282
358.0000 0.8282
359.0000 0.8282
360.0000 0.8283
361.0000 0.8283
362.0000 0.8283
363.0000 0.8283
364.0000 0.8283
365.0000 0.8283
366.0000 0.8283
367.0000 0.8282
368.0000 0.8282
369.0000 0.8282
370.0000 0.8282
371.0000 0.8282
372.0000 0.8282
373.0000 0.8282
374.0000 0.8282
375.0000 0.8282
376.0000 0.8282
377.0000 0.8282
378.0000 0.8282
379.0000 0.8282
380.0000 0.8282
381.0000 0.8282
382.0000 0.8282
383.0000 0.8282
384.0000 0.8282
385.0000 0.8282
386.0000 0.8282
387.0000 0.8282
388.0000 0.8282
389.0000 0.8282
390.0000 0.8282
391.0000 0.8282
392.0000 0.8282
393.0000 0.8282
394.0000 0.8282
395.0000 0.8282
396.0000 0.8282
397.0000 0.8282
398.0000 0.8282
399.0000 0.8282
400.0000 0.8282
401.0000 0.8282
402.0000 0.8282
403.0000 0.8282
404.0000 0.8282
405.0000 0.8282
406.0000 0.8282
407.0000 0.8282
408.0000 0.8282
409.0000 0.8282
410.0000 0.8282
411.0000 0.8282
412.0000 0.8282
413.0000 0.8282
414.0000 0.8282
415.0000 0.8282
416.0000 0.8282
417.0000 0.8282
418.0000 0.8282
419.0000 0.8282
420.0000 0.8282
421.0000 0.8282
422.0000 0.8282
423.0000 0.8282
424.0000 0.8282
425.0000 0.8282
426.0000 0.8282
427.0000 0.8282
428.0000 0.8282
429.0000 0.8282
430.0000 0.8282
431.0000 0.8282
432.0000 0.8282
433.0000 0.8282
434.0000 0.8282
435.0000 0.8282
436.0000 0.8282
437.0000 0.8282
438.0000 0.8282
439.0000 0.8282
440.0000 0.8282
441.0000 0.8282
442.0000 0.8282
443.0000 0.8282
444.0000 0.8282
445.0000 0.8282
446.0000 0.8282
447.0000 0.8282
448.0000 0.8282
449.0000 0.8282
450.0000 0.8282
451.0000 0.8282
452.0000 0.8282
453.0000 0.8282
454.0000 0.8282
455.0000 0.8282
456.0000 0.8282
457.0000 0.8282
458.0000 0.8282
459.0000 0.8282
460.0000 0.8282
461.0000 0.8282
462.0000 0.8282
463.0000 0.8282
464.0000 0.8282
465.0000 0.8282
466.0000 0.8282
467.0000 0.8282
468.0000 0.8282
469.0000 0.8282
470.0000 0.8282
471.0000 0.8282
472.0000 0.8282
473.0000 0.8282
474.0000 0.8282
475.0000 0.8282
476.0000 0.8282
477.0000 0.8282
478.0000 0.8282
479.0000 0.8282
480.0000 0.8282
481.0000 0.8282
482.0000 0.8282
483.0000 0.8282
484.0000 0.8282
485.0000 0.8282
486.0000 0.8282
487.0000 0.8282
488.0000 0.8282
489.0000 0.8282
490.0000 0.8282
491.0000 0.8282
492.0000 0.8282
493.0000 0.8282
494.0000 0.8282
495.0000 0.8282
496.0000 0.8282
497.0000 0.8282
498.0000 0.8282
499.0000 0.8282
500.0000 0.8282
501.0000 0.8282
502.0000 0.4453
503.0000 0.4454
504.0000 0.4631
505.0000 0.4790
506.0000 0.4924
507.0000 0.5035
508.0000 0.5349
509.0000 0.5770
510.0000 0.6207
511.0000 0.6609
512.0000 0.6951
513.0000 0.7225
514.0000 0.7424
515.0000 0.7546
516.0000 0.7598
517.0000 0.7589
518.0000 0.7531
519.0000 0.7437
520.0000 0.7317
521.0000 0.7183
522.0000 0.7043
523.0000 0.6906
524.0000 0.6778
525.0000 0.6665
526.0000 0.6571
527.0000 0.6499
528.0000 0.6450
529.0000 0.6423
530.0000 0.6418
531.0000 0.6431
532.0000 0.6459
533.0000 0.6499
534.0000 0.6546
535.0000 0.6596
536.0000 0.6645
537.0000 0.6691
538.0000 0.6731
539.0000 0.6763
540.0000 0.6787
541.0000 0.6802
542.0000 0.6809
543.0000 0.6809
544.0000 0.6802
545.0000 0.6791
546.0000 0.6776
547.0000 0.6759
548.0000 0.6741
549.0000 0.6724
550.0000 0.6708
551.0000 0.6694
552.0000 0.6683
553.0000 0.6674
554.0000 0.6669
555.0000 0.6666
556.0000 0.6666
557.0000 0.6668
558.0000 0.6672
559.0000 0.6677
560.0000 0.6683
561.0000 0.6689
562.0000 0.6696
563.0000 0.6701
564.0000 0.6706
565.0000 0.6710
566.0000 0.6714
567.0000 0.6715
568.0000 0.6716
569.0000 0.6716
570.0000 0.6716
571.0000 0.6714
572.0000 0.6712
573.0000 0.6710
574.0000 0.6708
575.0000 0.6706
576.0000 0.6703
577.0000 0.6702
578.0000 0.6700
579.0000 0.6699
580.0000 0.6698
581.0000 0.6698
582.0000 0.6698
583.0000 0.6698
584.0000 0.6699
585.0000 0.6700
586.0000 0.6700
587.0000 0.6701
588.0000 0.6702
589.0000 0.6703
590.0000 0.6703
591.0000 0.6704
592.0000 0.6704
593.0000 0.6705
594.0000 0.6705
595.0000 0.6705
596.0000 0.6705
597.0000 0.6704
598.0000 0.6704
599.0000 0.6704
600.0000 0.6704
601.0000 0.6703
602.0000 0.6703
603.0000 0.6703
604.0000 0.6703
605.0000 0.6702
606.0000 0.6702
607.0000 0.6702
608.0000 0.6702
609.0000 0.6702
610.0000 0.6702
611.0000 0.6703
612.0000 0.6703
613.0000 0.6703
614.0000 0.6703
615.0000 0.6703
616.0000 0.6703
617.0000 0.6703
618.0000 0.6703
619.0000 0.6703
620.0000 0.6703
621.0000 0.6703
622.0000 0.6703
623.0000 0.6703
624.0000 0.6703
625.0000 0.6703
626.0000 0.6703
627.0000 0.6703
628.0000 0.6703
629.0000 0.6703
630.0000 0.6703
631.0000 0.6703
632.0000 0.6703
633.0000 0.6703
634.0000 0.6703
635.0000 0.6703
636.0000 0.6703
637.0000 0.6703
638.0000 0.6703
639.0000 0.6703
640.0000 0.6703
641.0000 0.6703
642.0000 0.6703
643.0000 0.6703
644.0000 0.6703
645.0000 0.6703
646.0000 0.6703
647.0000 0.6703
648.0000 0.6703
649.0000 0.6703
650.0000 0.6703
651.0000 0.6703
652.0000 0.6703
653.0000 0.6703
654.0000 0.6703
655.0000 0.6703
656.0000 0.6703
657.0000 0.6703
658.0000 0.6703
659.0000 0.6703
660.0000 0.6703
661.0000 0.6703
662.0000 0.6703
663.0000 0.6703
664.0000 0.6703
665.0000 0.6703
666.0000 0.6703
667.0000 0.6703
668.0000 0.6703
669.0000 0.6703
670.0000 0.6703
671.0000 0.6703
672.0000 0.6703
673.0000 0.6703
674.0000 0.6703
675.0000 0.6703
676.0000 0.6703
677.0000 0.6703
678.0000 0.6703
679.0000 0.6703
680.0000 0.6703
681.0000 0.6703
682.0000 0.6703
683.0000 0.6703
684.0000 0.6703
685.0000 0.6703
686.0000 0.6703
687.0000 0.6703
688.0000 0.6703
689.0000 0.6703
690.0000 0.6703
691.0000 0.6703
692.0000 0.6703
693.0000 0.6703
694.0000 0.6703
695.0000 0.6703
696.0000 0.6703
697.0000 0.6703
698.0000 0.6703
699.0000 0.6703
700.0000 0.6703
701.0000 0.6703
702.0000 0.6703
703.0000 0.6703
704.0000 0.6703
705.0000 0.6703
706.0000 0.6703
707.0000 0.6703
708.0000 0.6703
709.0000 0.6703
710.0000 0.6703
711.0000 0.6703
712.0000 0.6703
713.0000 0.6703
714.0000 0.6703
715.0000 0.6703
716.0000 0.6703
717.0000 0.6703
718.0000 0.6703
719.0000 0.6703
720.0000 0.6703
721.0000 0.6703
722.0000 0.6703
723.0000 0.6703
724.0000 0.6703
725.0000 0.6703
726.0000 0.6703
727.0000 0.6703
728.0000 0.6703
729.0000 0.6703
730.0000 0.6703
731.0000 0.6703
732.0000 0.6703
733.0000 0.6703
734.0000 0.6703
735.0000 0.6703
736.0000 0.6703
737.0000 0.6703
738.0000 0.6703
739.0000 0.6703
740.0000 0.6703
741.0000 0.6703
742.0000 0.6703
743.0000 0.6703
744.0000 0.6703
745.0000 0.6703
746.0000 0.6703
747.0000 0.6703
748.0000 0.6703
749.0000 0.6703
750.0000 0.6703
751.0000 0.6703
752.0000 -0.1223
753.0000 -0.1223
754.0000 -0.0855
755.0000 -0.0525
756.0000 -0.0248
757.0000 -0.0018
758.0000 0.0964
759.0000 0.1919
760.0000 0.2551
761.0000 0.2829
762.0000 0.2801
763.0000 0.2551
764.0000 0.2187
765.0000 0.1823
766.0000 0.1524
767.0000 0.1299
768.0000 0.1132
769.0000 0.1008
770.0000 0.0917
771.0000 0.0852
772.0000 0.0804
773.0000 0.0765
774.0000 0.0727
775.0000 0.0686
776.0000 0.0642
777.0000 0.0594
778.0000 0.0542
779.0000 0.0489
780.0000 0.0436
781.0000 0.0383
782.0000 0.0331
783.0000 0.0281
784.0000 0.0232
785.0000 0.0185
786.0000 0.0140
787.0000 0.0097
788.0000 0.0055
789.0000 0.0016
790.0000 -0.0023
791.0000 -0.0061
792.0000 -0.0097
793.0000 -0.0133
794.0000 -0.0168
795.0000 -0.0201
796.0000 -0.0235
797.0000 -0.0267
798.0000 -0.0298
799.0000 -0.0329
800.0000 -0.0359
801.0000 -0.0388
802.0000 -0.0417
803.0000 -0.0445
804.0000 -0.0472
805.0000 -0.0499
806.0000 -0.0526
807.0000 -0.0551
808.0000 -0.0576
809.0000 -0.0601
810.0000 -0.0624
811.0000 -0.0647
812.0000 -0.0670
813.0000 -0.0692
814.0000 -0.0713
815.0000 -0.0734
816.0000 -0.0755
817.0000 -0.0775
818.0000 -0.0795
819.0000 -0.0815
820.0000 -0.0834
821.0000 -0.0853
822.0000 -0.0871
823.0000 -0.0889
824.0000 -0.0907
825.0000 -0.0924
826.0000 -0.0941
827.0000 -0.0957
828.0000 -0.0973
829.0000 -0.0989
830.0000 -0.1005
831.0000 -0.1020
832.0000 -0.1035
833.0000 -0.1050
834.0000 -0.1065
835.0000 -0.1079
836.0000 -0.1093
837.0000 -0.1106
838.0000 -0.1120
839.0000 -0.1133
840.0000 -0.1146
841.0000 -0.1159
842.0000 -0.1171
843.0000 -0.1183
844.0000 -0.1195
845.0000 -0.1207
846.0000 -0.1219
847.0000 -0.1230
848.0000 -0.1242
849.0000 -0.1253
850.0000 -0.1263
851.0000 -0.1274
852.0000 -0.1285
853.0000 -0.1295
854.0000 -0.1305
855.0000 -0.1315
856.0000 -0.1325
857.0000 -0.1334
858.0000 -0.1344
859.0000 -0.1353
860.0000 -0.1362
861.0000 -0.1371
862.0000 -0.1380
863.0000 -0.1389
864.0000 -0.1397
865.0000 -0.1406
866.0000 -0.1414
867.0000 -0.1422
868.0000 -0.1430
869.0000 -0.1438
870.0000 -0.1446
871.0000 -0.1454
872.0000 -0.1461
873.0000 -0.1469
874.0000 -0.1476
875.0000 -0.1483
876.0000 -0.1490
877.0000 -0.1497
878.0000 -0.1504
879.0000 -0.1511
880.0000 -0.1518
881.0000 -0.1524
882.0000 -0.1531
883.0000 -0.1537
884.0000 -0.1543
885.0000 -0.1549
886.0000 -0.1555
887.0000 -0.1561
888.0000 -0.1567
889.0000 -0.1573
890.0000 -0.1579
891.0000 -0.1585
892.0000 -0.1590
893.0000 -0.1596
894.0000 -0.1601
895.0000 -0.1606
896.0000 -0.1612
897.0000 -0.1617
898.0000 -0.1622
899.0000 -0.1627
900.0000 -0.1632
901.0000 -0.1637
902.0000 -0.1641
903.0000 -0.1646
904.0000 -0.1651
905.0000 -0.1655
906.0000 -0.1660
907.0000 -0.1664
908.0000 -0.1669
909.0000 -0.1673
910.0000 -0.1677
911.0000 -0.1682
912.0000 -0.1686
913.0000 -0.1690
914.0000 -0.1694
915.0000 -0.1698
916.0000 -0.1702
917.0000 -0.1706
918.0000 -0.1709
919.0000 -0.1713
920.0000 -0.1717
921.0000 -0.1720
922.0000 -0.1724
923.0000 -0.1728
924.0000 -0.1731
925.0000 -0.1735
926.0000 -0.1738
927.0000 -0.1741
928.0000 -0.1745
929.0000 -0.1748
930.0000 -0.1751
931.0000 -0.1754
932.0000 -0.1757
933.0000 -0.1761
934.0000 -0.1764
935.0000 -0.1767
936.0000 -0.1770
937.0000 -0.1773
938.0000 -0.1775
939.0000 -0.1778
940.0000 -0.1781
941.0000 -0.1784
942.0000 -0.1787
943.0000 -0.1789
944.0000 -0.1792
945.0000 -0.1795
946.0000 -0.1797
947.0000 -0.1800
948.0000 -0.1802
949.0000 -0.1805
950.0000 -0.1807
951.0000 -0.1810
952.0000 -0.1812
953.0000 -0.1814
954.0000 -0.1817
955.0000 -0.1819
956.0000 -0.1821
957.0000 -0.1823
958.0000 -0.1826
959.0000 -0.1828
960.0000 -0.1830
961.0000 -0.1832
962.0000 -0.1834
963.0000 -0.1836
964.0000 -0.1838
965.0000 -0.1840
966.0000 -0.1842
967.0000 -0.1844
968.0000 -0.1846
969.0000 -0.1848
970.0000 -0.1850
971.0000 -0.1852
972.0000 -0.1853
973.0000 -0.1855
974.0000 -0.1857
975.0000 -0.1859
976.0000 -0.1861
977.0000 -0.1862
978.0000 -0.1864
979.0000 -0.1866
980.0000 -0.1867
981.0000 -0.1869
982.0000 -0.1870
983.0000 -0.1872
984.0000 -0.1874
985.0000 -0.1875
986.0000 -0.1877
987.0000 -0.1878
988.0000 -0.1880
989.0000 -0.1881
990.0000 -0.1883
991.0000 -0.1884
992.0000 -0.1885
993.0000 -0.1887
994.0000 -0.1888
995.0000 -0.1889
996.0000 -0.1891
997.0000 -0.1892
998.0000 -0.1893
999.0000 -0.1895
1000.0000 -0.1896
1001.0000 -0.1897
1002.0000 -0.1898
1003.0000 -0.1900
1004.0000 -0.1901
1005.0000 -0.1902
1006.0000 -0.1903
1007.0000 -0.1904
1008.0000 -0.1905
1009.0000 -0.1907
1010.0000 -0.1908
1011.0000 -0.1909
1012.0000 -0.1910
1013.0000 -0.1911
1014.0000 -0.1912
1015.0000 -0.1913
1016.0000 -0.1914
1017.0000 -0.1915
1018.0000 -0.1916
1019.0000 -0.1917
1020.0000 -0.1918
1021.0000 -0.1919
1022.0000 -0.1920
1023.0000 -0.1921
1024.0000 -0.1922
1025.0000 -0.1923
1026.0000 -0.1924
1027.0000 -0.1925
1028.0000 -0.1925
1029.0000 -0.1926
1030.0000 -0.1927
1031.0000 -0.1928
1032.0000 -0.1929
1033.0000 -0.1930
1034.0000 -0.1930
1035.0000 -0.1931
1036.0000 -0.1932
1037.0000 -0.1933
1038.0000 -0.1934
1039.0000 -0.1934
1040.0000 -0.1935
1041.0000 -0.1936
1042.0000 -0.1937
1043.0000 -0.1937
1044.0000 -0.1938
1045.0000 -0.1939
1046.0000 -0.1939
1047.0000 -0.1940
1048.0000 -0.1941
1049.0000 -0.1941
1050.0000 -0.1942
1051.0000 -0.1943
1052.0000 -0.1943
1053.0000 -0.1944
1054.0000 -0.1945
1055.0000 -0.1945
1056.0000 -0.1946
1057.0000 -0.1947
1058.0000 -0.1947
1059.0000 -0.1948
1060.0000 -0.1948
1061.0000 -0.1949
1062.0000 -0.1949
1063.0000 -0.1950
1064.0000 -0.1951
1065.0000 -0.1951
1066.0000 -0.1952
1067.0000 -0.1952
1068.0000 -0.1953
1069.0000 -0.1953
1070.0000 -0.1954
1071.0000 -0.1954
1072.0000 -0.1955
1073.0000 -0.1955
1074.0000 -0.1956
1075.0000 -0.1956
1076.0000 -0.1957
1077.0000 -0.1957
1078.0000 -0.1958
1079.0000 -0.1958
1080.0000 -0.1959
1081.0000 -0.1959
1082.0000 -0.1959
1083.0000 -0.1960
1084.0000 -0.1960
1085.0000 -0.1961
1086.0000 -0.1961
1087.0000 -0.1962
1088.0000 -0.1962
1089.0000 -0.1962
1090.0000 -0.1963
1091.0000 -0.1963
1092.0000 -0.1964
1093.0000 -0.1964
1094.0000 -0.1964
1095.0000 -0.1965
1096.0000 -0.1965
1097.0000 -0.1965
1098.0000 -0.1966
1099.0000 -0.1966
1100.0000 -0.1967
1101.0000 -0.1967
1102.0000 -0.1967
1103.0000 -0.1968
1104.0000 -0.1968
1105.0000 -0.1968
1106.0000 -0.1969
1107.0000 -0.1969
1108.0000 -0.1969
1109.0000 -0.1970
1110.0000 -0.1970
1111.0000 -0.1970
1112.0000 -0.1970
1113.0000 -0.1971
1114.0000 -0.1971
1115.0000 -0.1971
1116.0000 -0.1972
1117.0000 -0.1972
1118.0000 -0.1972
1119.0000 -0.1972
1120.0000 -0.1973
1121.0000 -0.1973
1122.0000 -0.1973
1123.0000 -0.1974
1124.0000 -0.1974
1125.0000 -0.1974
1126.0000 -0.1974
1127.0000 -0.1975
1128.0000 -0.1975
1129.0000 -0.1975
1130.0000 -0.1975
1131.0000 -0.1976
1132.0000 -0.1976
1133.0000 -0.1976
1134.0000 -0.1976
1135.0000 -0.1976
1136.0000 -0.1977
1137.0000 -0.1977
1138.0000 -0.1977
1139.0000 -0.1977
1140.0000 -0.1978
1141.0000 -0.1978
1142.0000 -0.1978
1143.0000 -0.1978
1144.0000 -0.1978
1145.0000 -0.1979
1146.0000 -0.1979
1147.0000 -0.1979
1148.0000 -0.1979
1149.0000 -0.1979
1150.0000 -0.1979
1151.0000 -0.1980
1152.0000 -0.1980
1153.0000 -0.1980
1154.0000 -0.1980
1155.0000 -0.1980
1156.0000 -0.1981
1157.0000 -0.1981
1158.0000 -0.1981
1159.0000 -0.1981
1160.0000 -0.1981
1161.0000 -0.1981
1162.0000 -0.1982
1163.0000 -0.1982
1164.0000 -0.1982
1165.0000 -0.1982
1166.0000 -0.1982
1167.0000 -0.1982
1168.0000 -0.1982
1169.0000 -0.1983
1170.0000 -0.1983
1171.0000 -0.1983
1172.0000 -0.1983
1173.0000 -0.1983
1174.0000 -0.1983
1175.0000 -0.1983
1176.0000 -0.1984
1177.0000 -0.1984
1178.0000 -0.1984
1179.0000 -0.1984
1180.0000 -0.1984
1181.0000 -0.1984
1182.0000 -0.1984
1183.0000 -0.1985
1184.0000 -0.1985
1185.0000 -0.1985
1186.0000 -0.1985
1187.0000 -0.1985
1188.0000 -0.1985
1189.0000 -0.1985
1190.0000 -0.1985
1191.0000 -0.1985
1192.0000 -0.1986
1193.0000 -0.1986
1194.0000 -0.1986
1195.0000 -0.1986
1196.0000 -0.1986
1197.0000 -0.1986
1198.0000 -0.1986
1199.0000 -0.1986
1200.0000 -0.1986
