-0.1500 0.2315
-0.1400 0.2423
-0.1300 0.2535
-0.1200 0.2650
-0.1100 0.2769
-0.1000 0.2891
-0.0900 0.3015
-0.0800 0.3143
-0.0700 0.3274
-0.0600 0.3407
-0.0500 0.3543
-0.0400 0.3682
-0.0300 0.3823
-0.0200 0.3965
-0.0100 0.4110
0.0000 0.4256
0.0100 0.4403
0.0200 0.4551
0.0300 0.4700
0.0400 0.4850
0.0500 0.5000
0.0600 0.5150
0.0700 0.5300
0.0800 0.5449
0.0900 0.5597
0.1000 0.5744
0.1100 0.5890
0.1200 0.6035
0.1300 0.6177
0.1400 0.6318
0.1500 0.6457
0.1600 0.6593
0.1700 0.6726
0.1800 0.6857
0.1900 0.6985
0.2000 0.7109
0.2100 0.7231
0.2200 0.7350
0.2300 0.7465
0.2400 0.7577
0.2500 0.7685
0.2600 0.7790
0.2700 0.7892
0.2800 0.7990
0.2900 0.8085
0.3000 0.8176
0.3100 0.8264
0.3200 0.8348
0.3300 0.8429
0.3400 0.8507
0.3500 0.8581
0.3600 0.8653
0.3700 0.8721
0.3800 0.8787
0.3900 0.8849
0.4000 0.8909
0.4100 0.8966
0.4200 0.9020
0.4300 0.9072
0.4400 0.9121
0.4500 0.9168
0.4600 0.9213
0.4700 0.9255
0.4800 0.9296
0.4900 0.9334
0.5000 0.9370
0.5100 0.9405
0.5200 0.9437
0.5300 0.9468
0.5400 0.9498
0.5500 0.9526
0.5600 0.9552
0.5700 0.9577
0.5800 0.9601
0.5900 0.9623
0.6000 0.9644
0.6100 0.9664
0.6200 0.9683
0.6300 0.9701
0.6400 0.9718
0.6500 0.9734
0.6600 0.9749
0.6700 0.9763
0.6800 0.9777
0.6900 0.9790
0.7000 0.9802
0.7100 0.9813
0.7200 0.9824
0.7300 0.9834
0.7400 0.9843
0.7500 0.9852
0.7600 0.9861
0.7700 0.9869
0.7800 0.9876
0.7900 0.9883
0.8000 0.9890
0.8100 0.9896
0.8200 0.9902
0.8300 0.9908
0.8400 0.9913
0.8500 0.9918
0.8600 0.9923
0.8700 0.9928
0.8800 0.9932
0.8900 0.9936
0.9000 0.9939
0.9100 0.9943
0.9200 0.9946
0.9300 0.9949
0.9400 0.9952
0.9500 0.9955
0.9600 0.9958
0.9700 0.9960
0.9800 0.9962
0.9900 0.9965
1.0000 0.9967
1.0100 0.9969
1.0200 0.9970
1.0300 0.9972
1.0400 0.9974
1.0500 0.9975
1.0600 0.9977
1.0700 0.9978
1.0800 0.9979
1.0900 0.9981
1.1000 0.9982
1.1100 0.9983
1.1200 0.9984
1.1300 0.9985
1.1400 0.9986
1.1500 0.9986
1.1600 0.9987
1.1700 0.9988
1.1800 0.9989
1.1900 0.9989
1.2000 0.9990
1.2100 0.9991
1.2200 0.9991
1.2300 0.9992
1.2400 0.9992
1.2500 0.9993
1.2600 0.9993
1.2700 0.9993
1.2800 0.9994
1.2900 0.9994
1.3000 0.9994
1.3100 0.9995
1.3200 0.9995
1.3300 0.9995
1.3400 0.9996
1.3500 0.9996
1.3600 0.9996
1.3700 0.9996
1.3800 0.9997
1.3900 0.9997
1.4000 0.9997
1.4100 0.9997
1.4200 0.9997
1.4300 0.9997
1.4400 0.9998
1.4500 0.9998
1.4600 0.9998
1.4700 0.9998
1.4800 0.9998
1.4900 0.9998
1.5000 0.9998
1.5100 0.9998
1.5200 0.9999
1.5300 0.9999
1.5400 0.9999
1.5500 0.9999
1.5600 0.9999
1.5700 0.9999
1.5800 0.9999
1.5900 0.9999
1.6000 0.9999
1.6100 0.9999
1.6200 0.9999
1.6300 0.9999
1.6400 0.9999
1.6500 0.9999
1.6600 0.9999
1.6700 0.9999
1.6800 0.9999
1.6900 0.9999
1.7000 0.9999
1.7100 1.0000
1.7200 1.0000
1.7300 1.0000
1.7400 1.0000
1.7500 1.0000
1.7600 1.0000
1.7700 1.0000
1.7800 1.0000
1.7900 1.0000
1.8000 1.0000
1.8100 1.0000
1.8200 1.0000
1.8300 1.0000
1.8400 1.0000
1.8500 1.0000
1.8600 1.0000
1.8700 1.0000
1.8800 1.0000
1.8900 1.0000
1.9000 1.0000
1.9100 1.0000
1.9200 1.0000
1.9300 1.0000
1.9400 1.0000
1.9500 1.0000
1.9600 1.0000
1.9700 1.0000
1.9800 1.0000
1.9900 1.0000
2.0000 1.0000
2.0100 1.0000
2.0200 1.0000
2.0300 1.0000
2.0400 1.0000
2.0500 1.0000
2.0600 1.0000
2.0700 1.0000
2.0800 1.0000
2.0900 1.0000
2.1000 1.0000
2.1100 1.0000
2.1200 1.0000
2.1300 1.0000
2.1400 1.0000
2.1500 1.0000
2.1600 1.0000
2.1700 1.0000
2.1800 1.0000
2.1900 1.0000
2.2000 1.0000
2.2100 1.0000
2.2200 1.0000
2.2300 1.0000
2.2400 1.0000
2.2500 1.0000
2.2600 1.0000
2.2700 1.0000
2.2800 1.0000
2.2900 1.0000
2.3000 1.0000
2.3100 1.0000
2.3200 1.0000
2.3300 1.0000
2.3400 1.0000
2.3500 1.0000
2.3600 1.0000
2.3700 1.0000
2.3800 1.0000
2.3900 1.0000
2.4000 1.0000
2.4100 1.0000
2.4200 1.0000
2.4300 1.0000
2.4400 1.0000
2.4500 1.0000
2.4600 1.0000
2.4700 1.0000
2.4800 1.0000
2.4900 1.0000
2.5000 1.0000
2.5100 1.0000
2.5200 1.0000
2.5300 1.0000
2.5400 1.0000
2.5500 1.0000
2.5600 1.0000
2.5700 1.0000
2.5800 1.0000
2.5900 1.0000
2.6000 1.0000
2.6100 1.0000
2.6200 1.0000
2.6300 1.0000
2.6400 1.0000
2.6500 1.0000
2.6600 1.0000
2.6700 1.0000
2.6800 1.0000
2.6900 1.0000
2.7000 1.0000
2.7100 1.0000
2.7200 1.0000
2.7300 1.0000
2.7400 1.0000
2.7500 1.0000
2.7600 1.0000
2.7700 1.0000
2.7800 1.0000
2.7900 1.0000
2.8000 1.0000
2.8100 1.0000
2.8200 1.0000
2.8300 1.0000
2.8400 1.0000
2.8500 1.0000
2.8600 1.0000
2.8700 1.0000
2.8800 1.0000
2.8900 1.0000
2.9000 1.0000
2.9100 1.0000
2.9200 1.0000
2.9300 1.0000
2.9400 1.0000
2.9500 1.0000
2.9600 1.0000
2.9700 1.0000
2.9800 1.0000
2.9900 1.0000
3.0000 1.0000
3.0100 1.0000
3.0200 1.0000
3.0300 1.0000
3.0400 1.0000
3.0500 1.0000
3.0600 1.0000
3.0700 1.0000
3.0800 1.0000
3.0900 1.0000
3.1000 1.0000
3.1100 1.0000
3.1200 1.0000
3.1300 1.0000
3.1400 1.0000
3.1500 1.0000
3.1600 1.0000
3.1700 1.0000
3.1800 1.0000
3.1900 1.0000
3.2000 1.0000
3.2100 1.0000
3.2200 1.0000
3.2300 1.0000
3.2400 1.0000
3.2500 1.0000
3.2600 1.0000
3.2700 1.0000
3.2800 1.0000
3.2900 1.0000
3.3000 1.0000
3.3100 1.0000
3.3200 1.0000
3.3300 1.0000
3.3400 1.0000
3.3500 1.0000
3.3600 1.0000
3.3700 1.0000
3.3800 1.0000
3.3900 1.0000
3.4000 1.0000
3.4100 1.0000
3.4200 1.0000
3.4300 1.0000
3.4400 1.0000
3.4500 1.0000
3.4600 1.0000
3.4700 1.0000
3.4800 1.0000
3.4900 1.0000
3.5000 1.0000
3.5100 1.0000
3.5200 1.0000
3.5300 1.0000
3.5400 1.0000
3.5500 1.0000
3.5600 1.0000
3.5700 1.0000
3.5800 1.0000
3.5900 1.0000
3.6000 1.0000
3.6100 1.0000
3.6200 1.0000
3.6300 1.0000
3.6400 1.0000
3.6500 1.0000
3.6600 1.0000
3.6700 1.0000
3.6800 1.0000
3.6900 1.0000
3.7000 1.0000
3.7100 1.0000
3.7200 1.0000
3.7300 1.0000
3.7400 1.0000
3.7500 1.0000
3.7600 1.0000
3.7700 1.0000
3.7800 1.0000
3.7900 1.0000
3.8000 1.0000
3.8100 1.0000
3.8200 1.0000
3.8300 1.0000
3.8400 1.0000
3.8500 1.0000
3.8600 1.0000
3.8700 1.0000
3.8800 1.0000
3.8900 1.0000
3.9000 1.0000
3.9100 1.0000
3.9200 1.0000
3.9300 1.0000
3.9400 1.0000
3.9500 1.0000
3.9600 1.0000
3.9700 1.0000
3.9800 1.0000
3.9900 1.0000
4.0000 1.0000
4.0100 1.0000
4.0200 1.0000
4.0300 1.0000
4.0400 1.0000
4.0500 1.0000
4.0600 1.0000
4.0700 1.0000
4.0800 1.0000
4.0900 1.0000
4.1000 1.0000
4.1100 1.0000
4.1200 1.0000
4.1300 1.0000
4.1400 1.0000
4.1500 1.0000
4.1600 1.0000
4.1700 1.0000
4.1800 1.0000
4.1900 1.0000
4.2000 1.0000
4.2100 1.0000
4.2200 1.0000
4.2300 1.0000
4.2400 1.0000
4.2500 1.0000
4.2600 1.0000
4.2700 1.0000
4.2800 1.0000
