1.0000 0.0000
2.0000 0.0000
3.0000 0.0000
4.0000 0.0000
5.0000 0.0000
6.0000 0.0000
7.0000 0.0000
8.0000 0.0000
9.0000 0.0000
10.0000 0.0000
11.0000 0.0000
12.0000 0.0535
13.0000 0.1510
14.0000 0.2529
15.0000 0.3604
16.0000 0.4745
17.0000 0.5959
18.0000 0.7150
19.0000 0.8168
20.0000 0.8944
21.0000 0.9443
22.0000 0.9636
23.0000 0.9516
24.0000 0.9119
25.0000 0.8537
26.0000 0.7868
27.0000 0.7199
28.0000 0.6594
29.0000 0.6105
30.0000 0.5763
31.0000 0.5588
32.0000 0.5586
33.0000 0.5755
34.0000 0.6084
35.0000 0.6554
36.0000 0.7139
37.0000 0.7801
38.0000 0.8496
39.0000 0.9173
40.0000 0.9782
41.0000 1.0275
42.0000 1.0611
43.0000 1.0769
44.0000 1.0745
45.0000 1.0558
46.0000 1.0241
47.0000 0.9839
48.0000 0.9400
49.0000 0.8969
50.0000 0.8583
51.0000 0.8270
52.0000 0.8050
53.0000 0.7932
54.0000 0.7921
55.0000 0.8012
56.0000 0.8195
57.0000 0.8455
58.0000 0.8774
59.0000 0.9127
60.0000 0.9488
61.0000 0.9832
62.0000 1.0133
63.0000 1.0370
64.0000 1.0527
65.0000 1.0597
66.0000 1.0582
67.0000 1.0489
68.0000 1.0335
69.0000 1.0138
70.0000 0.9919
71.0000 0.9700
72.0000 0.9499
73.0000 0.9331
74.0000 0.9207
75.0000 0.9132
76.0000 0.9111
77.0000 0.9140
78.0000 0.9216
79.0000 0.9331
80.0000 0.9474
81.0000 0.9634
82.0000 0.9799
83.0000 0.9956
84.0000 1.0094
85.0000 1.0204
86.0000 1.0280
87.0000 1.0318
88.0000 1.0318
89.0000 1.0285
90.0000 1.0222
91.0000 1.0139
92.0000 1.0043
93.0000 0.9945
94.0000 0.9851
95.0000 0.9769
96.0000 0.9706
97.0000 0.9663
98.0000 0.9645
99.0000 0.9649
100.0000 0.9675
101.0000 0.9719
102.0000 0.9776
103.0000 0.9843
104.0000 0.9913
105.0000 0.9981
106.0000 1.0042
107.0000 1.0092
108.0000 1.0128
109.0000 1.0149
110.0000 1.0153
111.0000 1.0143
112.0000 1.0120
113.0000 1.0087
114.0000 1.0048
115.0000 1.0005
116.0000 0.9964
117.0000 0.9927
118.0000 0.9896
119.0000 0.9874
120.0000 0.9862
121.0000 0.9859
122.0000 0.9867
123.0000 0.9882
124.0000 0.9904
125.0000 0.9931
126.0000 0.9960
127.0000 0.9989
128.0000 1.0015
129.0000 1.0038
130.0000 1.0055
131.0000 1.0065
132.0000 1.0069
133.0000 1.0067
134.0000 1.0059
135.0000 1.0046
136.0000 1.0030
137.0000 1.0013
138.0000 0.9995
139.0000 0.9979
140.0000 0.9964
141.0000 0.9954
142.0000 0.9947
143.0000 0.9944
144.0000 0.9945
145.0000 0.9951
146.0000 0.9959
147.0000 0.9969
148.0000 0.9981
149.0000 0.9993
150.0000 1.0004
151.0000 1.0014
152.0000 1.0022
153.0000 1.0027
154.0000 1.0030
155.0000 1.0030
156.0000 1.0027
157.0000 1.0023
158.0000 1.0016
159.0000 1.0009
160.0000 1.0002
161.0000 0.9995
162.0000 0.9988
163.0000 0.9983
164.0000 0.9980
165.0000 0.9978
166.0000 0.9978
167.0000 0.9979
168.0000 0.9982
169.0000 0.9986
170.0000 0.9991
171.0000 0.9996
172.0000 1.0001
173.0000 1.0005
174.0000 1.0009
175.0000 1.0011
176.0000 1.0013
177.0000 1.0013
178.0000 1.0012
179.0000 1.0011
180.0000 1.0008
181.0000 1.0005
182.0000 1.0002
183.0000 0.9999
184.0000 0.9996
185.0000 0.9994
186.0000 0.9992
187.0000 0.9991
188.0000 0.9991
189.0000 0.9991
190.0000 0.9992
191.0000 0.9994
192.0000 0.9996
193.0000 0.9998
194.0000 1.0000
195.0000 1.0002
196.0000 1.0003
197.0000 1.0004
198.0000 1.0005
199.0000 1.0005
200.0000 1.0005
201.0000 1.0005
202.0000 1.0004
203.0000 1.0003
204.0000 1.0001
205.0000 1.0000
206.0000 0.9999
207.0000 0.9998
208.0000 0.9997
209.0000 0.9997
210.0000 0.9996
211.0000 0.9996
212.0000 0.9997
213.0000 0.9997
214.0000 0.9998
215.0000 0.9999
216.0000 1.0000
217.0000 1.0000
218.0000 1.0001
219.0000 1.0002
220.0000 1.0002
221.0000 1.0002
222.0000 1.0002
223.0000 1.0002
224.0000 1.0002
225.0000 1.0001
226.0000 1.0001
227.0000 1.0000
228.0000 1.0000
229.0000 0.9999
230.0000 0.9999
231.0000 0.9999
232.0000 0.9998
233.0000 0.9998
234.0000 0.9999
235.0000 0.9999
236.0000 0.9999
237.0000 0.9999
238.0000 1.0000
239.0000 1.0000
240.0000 1.0000
241.0000 1.0001
242.0000 1.0001
243.0000 1.0001
244.0000 1.0001
245.0000 1.0001
246.0000 1.0001
247.0000 1.0001
248.0000 1.0000
249.0000 1.0000
250.0000 1.0000
251.0000 1.0000
252.0000 1.0000
253.0000 0.9999
254.0000 0.9999
255.0000 0.9999
256.0000 0.9999
257.0000 1.0524
258.0000 1.1634
259.0000 1.3167
260.0000 1.4999
261.0000 1.7006
262.0000 1.9094
263.0000 2.1192
264.0000 2.3247
265.0000 2.5221
266.0000 2.7082
267.0000 2.8771
268.0000 3.0247
269.0000 3.1492
270.0000 3.2502
271.0000 3.3284
272.0000 3.3847
273.0000 3.4210
274.0000 3.4396
275.0000 3.4433
276.0000 3.4346
277.0000 3.4163
278.0000 3.3908
279.0000 3.3603
280.0000 3.3267
281.0000 3.2917
282.0000 3.2564
283.0000 3.2219
284.0000 3.1889
285.0000 3.1579
286.0000 3.1291
287.0000 3.1027
288.0000 3.0788
289.0000 3.0572
290.0000 3.0380
291.0000 3.0209
292.0000 3.0059
293.0000 2.9930
294.0000 2.9818
295.0000 2.9724
296.0000 2.9646
297.0000 2.9584
298.0000 2.9537
299.0000 2.9502
300.0000 2.9481
301.0000 2.9470
302.0000 2.9470
303.0000 2.9480
304.0000 2.9497
305.0000 2.9522
306.0000 2.9552
307.0000 2.9587
308.0000 2.9625
309.0000 2.9665
310.0000 2.9706
311.0000 2.9747
312.0000 2.9788
313.0000 2.9828
314.0000 2.9865
315.0000 2.9901
316.0000 2.9933
317.0000 2.9962
318.0000 2.9988
319.0000 3.0010
320.0000 3.0030
321.0000 3.0046
322.0000 3.0058
323.0000 3.0068
324.0000 3.0075
325.0000 3.0080
326.0000 3.0083
327.0000 3.0083
328.0000 3.0082
329.0000 3.0080
330.0000 3.0076
331.0000 3.0071
332.0000 3.0066
333.0000 3.0060
334.0000 3.0054
335.0000 3.0048
336.0000 3.0041
337.0000 3.0035
338.0000 3.0029
339.0000 3.0023
340.0000 3.0018
341.0000 3.0013
342.0000 3.0009
343.0000 3.0004
344.0000 3.0001
345.0000 2.9998
346.0000 2.9995
347.0000 2.9993
348.0000 2.9991
349.0000 2.9990
350.0000 2.9989
351.0000 2.9988
352.0000 2.9988
353.0000 2.9988
354.0000 2.9988
355.0000 2.9988
356.0000 2.9989
357.0000 2.9990
358.0000 2.9990
359.0000 2.9991
360.0000 2.9992
361.0000 2.9993
362.0000 2.9994
363.0000 2.9995
364.0000 2.9996
365.0000 2.9997
366.0000 2.9997
367.0000 2.9998
368.0000 2.9999
369.0000 2.9999
370.0000 3.0000
371.0000 3.0000
372.0000 3.0001
373.0000 3.0001
374.0000 3.0001
375.0000 3.0002
376.0000 3.0002
377.0000 3.0002
378.0000 3.0002
379.0000 3.0002
380.0000 3.0002
381.0000 3.0002
382.0000 3.0002
383.0000 3.0002
384.0000 3.0001
385.0000 3.0001
386.0000 3.0001
387.0000 3.0001
388.0000 3.0001
389.0000 3.0001
390.0000 3.0001
391.0000 3.0000
392.0000 3.0000
393.0000 3.0000
394.0000 3.0000
395.0000 3.0000
396.0000 3.0000
397.0000 3.0000
398.0000 3.0000
399.0000 3.0000
400.0000 3.0000
401.0000 3.0000
402.0000 3.0000
403.0000 3.0000
404.0000 3.0000
405.0000 3.0000
406.0000 3.0000
407.0000 3.0000
408.0000 3.0000
409.0000 3.0000
410.0000 3.0000
411.0000 3.0000
412.0000 3.0000
413.0000 3.0000
414.0000 3.0000
415.0000 3.0000
416.0000 3.0000
417.0000 3.0000
418.0000 3.0000
419.0000 3.0000
420.0000 3.0000
421.0000 3.0000
422.0000 3.0000
423.0000 3.0000
424.0000 3.0000
425.0000 3.0000
426.0000 3.0000
427.0000 3.0000
428.0000 3.0000
429.0000 3.0000
430.0000 3.0000
431.0000 3.0000
432.0000 3.0000
433.0000 3.0000
434.0000 3.0000
435.0000 3.0000
436.0000 3.0000
437.0000 3.0000
438.0000 3.0000
439.0000 3.0000
440.0000 3.0000
441.0000 3.0000
442.0000 3.0000
443.0000 3.0000
444.0000 3.0000
445.0000 3.0000
446.0000 3.0000
447.0000 3.0000
448.0000 3.0000
449.0000 3.0000
450.0000 3.0000
451.0000 3.0000
452.0000 3.0000
453.0000 3.0000
454.0000 3.0000
455.0000 3.0000
456.0000 3.0000
457.0000 3.0000
458.0000 3.0000
459.0000 3.0000
460.0000 3.0000
461.0000 3.0000
462.0000 3.0000
463.0000 3.0000
464.0000 3.0000
465.0000 3.0000
466.0000 3.0000
467.0000 3.0000
468.0000 3.0000
469.0000 3.0000
470.0000 3.0000
471.0000 3.0000
472.0000 3.0000
473.0000 3.0000
474.0000 3.0000
475.0000 3.0000
476.0000 3.0000
477.0000 3.0000
478.0000 3.0000
479.0000 3.0000
480.0000 3.0000
481.0000 3.0000
482.0000 3.0000
483.0000 3.0000
484.0000 3.0000
485.0000 3.0000
486.0000 3.0000
487.0000 3.0000
488.0000 3.0000
489.0000 3.0000
490.0000 3.0000
491.0000 3.0000
492.0000 3.0000
493.0000 3.0000
494.0000 3.0000
495.0000 3.0000
496.0000 3.0000
497.0000 3.0000
498.0000 3.0000
499.0000 3.0000
500.0000 3.0000
501.0000 3.0000
502.0000 3.0000
503.0000 3.0000
504.0000 3.0000
505.0000 3.0000
506.0000 3.0000
507.0000 2.6960
508.0000 2.4233
509.0000 2.2078
510.0000 2.0353
511.0000 1.8945
512.0000 1.7763
513.0000 1.7048
514.0000 1.6810
515.0000 1.6919
516.0000 1.7271
517.0000 1.7795
518.0000 1.8445
519.0000 1.9162
520.0000 1.9876
521.0000 2.0534
522.0000 2.1100
523.0000 2.1551
524.0000 2.1874
525.0000 2.2064
526.0000 2.2128
527.0000 2.2081
528.0000 2.1946
529.0000 2.1744
530.0000 2.1499
531.0000 2.1233
532.0000 2.0965
533.0000 2.0710
534.0000 2.0480
535.0000 2.0282
536.0000 2.0120
537.0000 1.9994
538.0000 1.9903
539.0000 1.9843
540.0000 1.9810
541.0000 1.9797
542.0000 1.9801
543.0000 1.9815
544.0000 1.9836
545.0000 1.9860
546.0000 1.9884
547.0000 1.9905
548.0000 1.9923
549.0000 1.9937
550.0000 1.9947
551.0000 1.9953
552.0000 1.9955
553.0000 1.9955
554.0000 1.9954
555.0000 1.9952
556.0000 1.9949
557.0000 1.9948
558.0000 1.9947
559.0000 1.9947
560.0000 1.9948
561.0000 1.9951
562.0000 1.9955
563.0000 1.9960
564.0000 1.9965
565.0000 1.9971
566.0000 1.9977
567.0000 1.9982
568.0000 1.9988
569.0000 1.9993
570.0000 1.9997
571.0000 2.0000
572.0000 2.0003
573.0000 2.0005
574.0000 2.0007
575.0000 2.0008
576.0000 2.0008
577.0000 2.0008
578.0000 2.0008
579.0000 2.0008
580.0000 2.0007
581.0000 2.0006
582.0000 2.0006
583.0000 2.0005
584.0000 2.0004
585.0000 2.0004
586.0000 2.0003
587.0000 2.0003
588.0000 2.0003
589.0000 2.0002
590.0000 2.0002
591.0000 2.0002
592.0000 2.0002
593.0000 2.0001
594.0000 2.0001
595.0000 2.0001
596.0000 2.0001
597.0000 2.0001
598.0000 2.0001
599.0000 2.0000
600.0000 2.0000
601.0000 2.0000
602.0000 2.0000
603.0000 2.0000
604.0000 2.0000
605.0000 2.0000
606.0000 2.0000
607.0000 2.0000
608.0000 2.0000
609.0000 2.0000
610.0000 2.0000
611.0000 2.0000
612.0000 2.0000
613.0000 2.0000
614.0000 2.0000
615.0000 2.0000
616.0000 2.0000
617.0000 2.0000
618.0000 2.0000
619.0000 2.0000
620.0000 2.0000
621.0000 2.0000
622.0000 2.0000
623.0000 2.0000
624.0000 2.0000
625.0000 2.0000
626.0000 2.0000
627.0000 2.0000
628.0000 2.0000
629.0000 2.0000
630.0000 2.0000
631.0000 2.0000
632.0000 2.0000
633.0000 2.0000
634.0000 2.0000
635.0000 2.0000
636.0000 2.0000
637.0000 2.0000
638.0000 2.0000
639.0000 2.0000
640.0000 2.0000
641.0000 2.0000
642.0000 2.0000
643.0000 2.0000
644.0000 2.0000
645.0000 2.0000
646.0000 2.0000
647.0000 2.0000
648.0000 2.0000
649.0000 2.0000
650.0000 2.0000
651.0000 2.0000
652.0000 2.0000
653.0000 2.0000
654.0000 2.0000
655.0000 2.0000
656.0000 2.0000
657.0000 2.0000
658.0000 2.0000
659.0000 2.0000
660.0000 2.0000
661.0000 2.0000
662.0000 2.0000
663.0000 2.0000
664.0000 2.0000
665.0000 2.0000
666.0000 2.0000
667.0000 2.0000
668.0000 2.0000
669.0000 2.0000
670.0000 2.0000
671.0000 2.0000
672.0000 2.0000
673.0000 2.0000
674.0000 2.0000
675.0000 2.0000
676.0000 2.0000
677.0000 2.0000
678.0000 2.0000
679.0000 2.0000
680.0000 2.0000
681.0000 2.0000
682.0000 2.0000
683.0000 2.0000
684.0000 2.0000
685.0000 2.0000
686.0000 2.0000
687.0000 2.0000
688.0000 2.0000
689.0000 2.0000
690.0000 2.0000
691.0000 2.0000
692.0000 2.0000
693.0000 2.0000
694.0000 2.0000
695.0000 2.0000
696.0000 2.0000
697.0000 2.0000
698.0000 2.0000
699.0000 2.0000
700.0000 2.0000
701.0000 2.0000
702.0000 2.0000
703.0000 2.0000
704.0000 2.0000
705.0000 2.0000
706.0000 2.0000
707.0000 2.0000
708.0000 2.0000
709.0000 2.0000
710.0000 2.0000
711.0000 2.0000
712.0000 2.0000
713.0000 2.0000
714.0000 2.0000
715.0000 2.0000
716.0000 2.0000
717.0000 2.0000
718.0000 2.0000
719.0000 2.0000
720.0000 2.0000
721.0000 2.0000
722.0000 2.0000
723.0000 2.0000
724.0000 2.0000
725.0000 2.0000
726.0000 2.0000
727.0000 2.0000
728.0000 2.0000
729.0000 2.0000
730.0000 2.0000
731.0000 2.0000
732.0000 2.0000
733.0000 2.0000
734.0000 2.0000
735.0000 2.0000
736.0000 2.0000
737.0000 2.0000
738.0000 2.0000
739.0000 2.0000
740.0000 2.0000
741.0000 2.0000
742.0000 2.0000
743.0000 2.0000
744.0000 2.0000
745.0000 2.0000
746.0000 2.0000
747.0000 2.0000
748.0000 2.0000
749.0000 2.0000
750.0000 2.0000
751.0000 2.0000
752.0000 2.0000
753.0000 2.0000
754.0000 2.0000
755.0000 2.0000
756.0000 2.0000
757.0000 1.6020
758.0000 1.2392
759.0000 0.9669
760.0000 0.7601
761.0000 0.6002
762.0000 0.4736
763.0000 0.3879
764.0000 0.3455
765.0000 0.3314
766.0000 0.3343
767.0000 0.3476
768.0000 0.3677
769.0000 0.3899
770.0000 0.4073
771.0000 0.4150
772.0000 0.4112
773.0000 0.3962
774.0000 0.3716
775.0000 0.3399
776.0000 0.3044
777.0000 0.2686
778.0000 0.2348
779.0000 0.2048
780.0000 0.1792
781.0000 0.1582
782.0000 0.1414
783.0000 0.1281
784.0000 0.1176
785.0000 0.1090
786.0000 0.1016
787.0000 0.0949
788.0000 0.0883
789.0000 0.0819
790.0000 0.0754
791.0000 0.0690
792.0000 0.0626
793.0000 0.0565
794.0000 0.0506
795.0000 0.0451
796.0000 0.0400
797.0000 0.0353
798.0000 0.0309
799.0000 0.0269
800.0000 0.0231
801.0000 0.0197
802.0000 0.0164
803.0000 0.0134
804.0000 0.0105
805.0000 0.0078
806.0000 0.0052
807.0000 0.0028
808.0000 0.0004
809.0000 -0.0018
810.0000 -0.0038
811.0000 -0.0058
812.0000 -0.0077
813.0000 -0.0095
814.0000 -0.0112
815.0000 -0.0128
816.0000 -0.0144
817.0000 -0.0159
818.0000 -0.0173
819.0000 -0.0186
820.0000 -0.0199
821.0000 -0.0212
822.0000 -0.0224
823.0000 -0.0235
824.0000 -0.0246
825.0000 -0.0257
826.0000 -0.0267
827.0000 -0.0277
828.0000 -0.0286
829.0000 -0.0295
830.0000 -0.0304
831.0000 -0.0313
832.0000 -0.0321
833.0000 -0.0329
834.0000 -0.0336
835.0000 -0.0344
836.0000 -0.0351
837.0000 -0.0358
838.0000 -0.0365
839.0000 -0.0371
840.0000 -0.0377
841.0000 -0.0384
842.0000 -0.0390
843.0000 -0.0395
844.0000 -0.0401
845.0000 -0.0406
846.0000 -0.0412
847.0000 -0.0417
848.0000 -0.0422
849.0000 -0.0427
850.0000 -0.0432
851.0000 -0.0436
852.0000 -0.0441
853.0000 -0.0445
854.0000 -0.0450
855.0000 -0.0454
856.0000 -0.0458
857.0000 -0.0462
858.0000 -0.0466
859.0000 -0.0470
860.0000 -0.0473
861.0000 -0.0477
862.0000 -0.0480
863.0000 -0.0484
864.0000 -0.0487
865.0000 -0.0491
866.0000 -0.0494
867.0000 -0.0497
868.0000 -0.0500
869.0000 -0.0503
870.0000 -0.0506
871.0000 -0.0509
872.0000 -0.0512
873.0000 -0.0515
874.0000 -0.0517
875.0000 -0.0520
876.0000 -0.0523
877.0000 -0.0525
878.0000 -0.0528
879.0000 -0.0530
880.0000 -0.0533
881.0000 -0.0535
882.0000 -0.0537
883.0000 -0.0540
884.0000 -0.0542
885.0000 -0.0544
886.0000 -0.0546
887.0000 -0.0548
888.0000 -0.0550
889.0000 -0.0552
890.0000 -0.0554
891.0000 -0.0556
892.0000 -0.0558
893.0000 -0.0560
894.0000 -0.0562
895.0000 -0.0564
896.0000 -0.0566
897.0000 -0.0567
898.0000 -0.0569
899.0000 -0.0571
900.0000 -0.0572
901.0000 -0.0574
902.0000 -0.0576
903.0000 -0.0577
904.0000 -0.0579
905.0000 -0.0580
906.0000 -0.0582
907.0000 -0.0583
908.0000 -0.0585
909.0000 -0.0586
910.0000 -0.0588
911.0000 -0.0589
912.0000 -0.0591
913.0000 -0.0592
914.0000 -0.0593
915.0000 -0.0595
916.0000 -0.0596
917.0000 -0.0597
918.0000 -0.0598
919.0000 -0.0600
920.0000 -0.0601
921.0000 -0.0602
922.0000 -0.0603
923.0000 -0.0604
924.0000 -0.0606
925.0000 -0.0607
926.0000 -0.0608
927.0000 -0.0609
928.0000 -0.0610
929.0000 -0.0611
930.0000 -0.0612
931.0000 -0.0613
932.0000 -0.0614
933.0000 -0.0615
934.0000 -0.0616
935.0000 -0.0617
936.0000 -0.0618
937.0000 -0.0619
938.0000 -0.0620
939.0000 -0.0621
940.0000 -0.0622
941.0000 -0.0623
942.0000 -0.0624
943.0000 -0.0624
944.0000 -0.0625
945.0000 -0.0626
946.0000 -0.0627
947.0000 -0.0628
948.0000 -0.0629
949.0000 -0.0629
950.0000 -0.0630
951.0000 -0.0631
952.0000 -0.0632
953.0000 -0.0633
954.0000 -0.0633
955.0000 -0.0634
956.0000 -0.0635
957.0000 -0.0635
958.0000 -0.0636
959.0000 -0.0637
960.0000 -0.0638
961.0000 -0.0638
962.0000 -0.0639
963.0000 -0.0640
964.0000 -0.0640
965.0000 -0.0641
966.0000 -0.0642
967.0000 -0.0642
968.0000 -0.0643
969.0000 -0.0643
970.0000 -0.0644
971.0000 -0.0645
972.0000 -0.0645
973.0000 -0.0646
974.0000 -0.0646
975.0000 -0.0647
976.0000 -0.0648
977.0000 -0.0648
978.0000 -0.0649
979.0000 -0.0649
980.0000 -0.0650
981.0000 -0.0650
982.0000 -0.0651
983.0000 -0.0651
984.0000 -0.0652
985.0000 -0.0652
986.0000 -0.0653
987.0000 -0.0653
988.0000 -0.0654
989.0000 -0.0654
990.0000 -0.0655
991.0000 -0.0655
992.0000 -0.0656
993.0000 -0.0656
994.0000 -0.0657
995.0000 -0.0657
996.0000 -0.0658
997.0000 -0.0658
998.0000 -0.0659
999.0000 -0.0659
1000.0000 -0.0659
1001.0000 -0.0660
1002.0000 -0.0660
1003.0000 -0.0661
1004.0000 -0.0661
1005.0000 -0.0661
1006.0000 -0.0662
1007.0000 -0.0662
1008.0000 -0.0663
1009.0000 -0.0663
1010.0000 -0.0663
1011.0000 -0.0664
1012.0000 -0.0664
1013.0000 -0.0665
1014.0000 -0.0665
1015.0000 -0.0665
1016.0000 -0.0666
1017.0000 -0.0666
1018.0000 -0.0666
1019.0000 -0.0667
1020.0000 -0.0667
1021.0000 -0.0667
1022.0000 -0.0668
1023.0000 -0.0668
1024.0000 -0.0668
1025.0000 -0.0669
1026.0000 -0.0669
1027.0000 -0.0669
1028.0000 -0.0670
1029.0000 -0.0670
1030.0000 -0.0670
1031.0000 -0.0671
1032.0000 -0.0671
1033.0000 -0.0671
1034.0000 -0.0671
1035.0000 -0.0672
1036.0000 -0.0672
1037.0000 -0.0672
1038.0000 -0.0673
1039.0000 -0.0673
1040.0000 -0.0673
1041.0000 -0.0673
1042.0000 -0.0674
1043.0000 -0.0674
1044.0000 -0.0674
1045.0000 -0.0674
1046.0000 -0.0675
1047.0000 -0.0675
1048.0000 -0.0675
1049.0000 -0.0675
1050.0000 -0.0676
1051.0000 -0.0676
1052.0000 -0.0676
1053.0000 -0.0676
1054.0000 -0.0677
1055.0000 -0.0677
1056.0000 -0.0677
1057.0000 -0.0677
1058.0000 -0.0678
1059.0000 -0.0678
1060.0000 -0.0678
1061.0000 -0.0678
1062.0000 -0.0678
1063.0000 -0.0679
1064.0000 -0.0679
1065.0000 -0.0679
1066.0000 -0.0679
1067.0000 -0.0679
1068.0000 -0.0680
1069.0000 -0.0680
1070.0000 -0.0680
1071.0000 -0.0680
1072.0000 -0.0680
1073.0000 -0.0681
1074.0000 -0.0681
1075.0000 -0.0681
1076.0000 -0.0681
1077.0000 -0.0681
1078.0000 -0.0682
1079.0000 -0.0682
1080.0000 -0.0682
1081.0000 -0.0682
1082.0000 -0.0682
1083.0000 -0.0682
1084.0000 -0.0683
1085.0000 -0.0683
1086.0000 -0.0683
1087.0000 -0.0683
1088.0000 -0.0683
1089.0000 -0.0683
1090.0000 -0.0684
1091.0000 -0.0684
1092.0000 -0.0684
1093.0000 -0.0684
1094.0000 -0.0684
1095.0000 -0.0684
1096.0000 -0.0685
1097.0000 -0.0685
1098.0000 -0.0685
1099.0000 -0.0685
1100.0000 -0.0685
1101.0000 -0.0685
1102.0000 -0.0685
1103.0000 -0.0686
1104.0000 -0.0686
1105.0000 -0.0686
1106.0000 -0.0686
1107.0000 -0.0686
1108.0000 -0.0686
1109.0000 -0.0686
1110.0000 -0.0687
1111.0000 -0.0687
1112.0000 -0.0687
1113.0000 -0.0687
1114.0000 -0.0687
1115.0000 -0.0687
1116.0000 -0.0687
1117.0000 -0.0687
1118.0000 -0.0688
1119.0000 -0.0688
1120.0000 -0.0688
1121.0000 -0.0688
1122.0000 -0.0688
1123.0000 -0.0688
1124.0000 -0.0688
1125.0000 -0.0688
1126.0000 -0.0688
1127.0000 -0.0689
1128.0000 -0.0689
1129.0000 -0.0689
1130.0000 -0.0689
1131.0000 -0.0689
1132.0000 -0.0689
1133.0000 -0.0689
1134.0000 -0.0689
1135.0000 -0.0689
1136.0000 -0.0690
1137.0000 -0.0690
1138.0000 -0.0690
1139.0000 -0.0690
1140.0000 -0.0690
1141.0000 -0.0690
1142.0000 -0.0690
1143.0000 -0.0690
1144.0000 -0.0690
1145.0000 -0.0690
1146.0000 -0.0690
1147.0000 -0.0691
1148.0000 -0.0691
1149.0000 -0.0691
1150.0000 -0.0691
1151.0000 -0.0691
1152.0000 -0.0691
1153.0000 -0.0691
1154.0000 -0.0691
1155.0000 -0.0691
1156.0000 -0.0691
1157.0000 -0.0691
1158.0000 -0.0692
1159.0000 -0.0692
1160.0000 -0.0692
1161.0000 -0.0692
1162.0000 -0.0692
1163.0000 -0.0692
1164.0000 -0.0692
1165.0000 -0.0692
1166.0000 -0.0692
1167.0000 -0.0692
1168.0000 -0.0692
1169.0000 -0.0692
1170.0000 -0.0692
1171.0000 -0.0693
1172.0000 -0.0693
1173.0000 -0.0693
1174.0000 -0.0693
1175.0000 -0.0693
1176.0000 -0.0693
1177.0000 -0.0693
1178.0000 -0.0693
1179.0000 -0.0693
1180.0000 -0.0693
1181.0000 -0.0693
1182.0000 -0.0693
1183.0000 -0.0693
1184.0000 -0.0693
1185.0000 -0.0693
1186.0000 -0.0694
1187.0000 -0.0694
1188.0000 -0.0694
1189.0000 -0.0694
1190.0000 -0.0694
1191.0000 -0.0694
1192.0000 -0.0694
1193.0000 -0.0694
1194.0000 -0.0694
1195.0000 -0.0694
1196.0000 -0.0694
1197.0000 -0.0694
1198.0000 -0.0694
1199.0000 -0.0694
1200.0000 -0.0694
