1.0000 0.0000
2.0000 0.0000
3.0000 0.0000
4.0000 0.0000
5.0000 0.0000
6.0000 0.0000
7.0000 0.5245
8.0000 0.6194
9.0000 0.6214
10.0000 0.6061
11.0000 0.5902
12.0000 0.5768
13.0000 0.5658
14.0000 0.5546
15.0000 0.5415
16.0000 0.5260
17.0000 0.5087
18.0000 0.4897
19.0000 0.4390
20.0000 0.2912
21.0000 0.2756
22.0000 0.2949
23.0000 0.3179
24.0000 0.3407
25.0000 0.3639
26.0000 0.3931
27.0000 0.4240
28.0000 0.4516
29.0000 0.4738
30.0000 0.4939
31.0000 0.5195
32.0000 0.5429
33.0000 0.5542
34.0000 0.5547
35.0000 0.5463
36.0000 0.5283
37.0000 0.4993
38.0000 0.4703
39.0000 0.4540
40.0000 0.4457
41.0000 0.4404
42.0000 0.4371
43.0000 0.4363
44.0000 0.4381
45.0000 0.4421
46.0000 0.4475
47.0000 0.4536
48.0000 0.4596
49.0000 0.4652
50.0000 0.4699
51.0000 0.4736
52.0000 0.4761
53.0000 0.4775
54.0000 0.4778
55.0000 0.4773
56.0000 0.4762
57.0000 0.4746
58.0000 0.4729
59.0000 0.4711
60.0000 0.4694
61.0000 0.4680
62.0000 0.4668
63.0000 0.4659
64.0000 0.4654
65.0000 0.4652
66.0000 0.4653
67.0000 0.4656
68.0000 0.4660
69.0000 0.4665
70.0000 0.4671
71.0000 0.4676
72.0000 0.4681
73.0000 0.4685
74.0000 0.4688
75.0000 0.4689
76.0000 0.4690
77.0000 0.4690
78.0000 0.4690
79.0000 0.4689
80.0000 0.4687
81.0000 0.4686
82.0000 0.4684
83.0000 0.4683
84.0000 0.4682
85.0000 0.4681
86.0000 0.4680
87.0000 0.4680
88.0000 0.4680
89.0000 0.4680
90.0000 0.4680
91.0000 0.4680
92.0000 0.4681
93.0000 0.4681
94.0000 0.4682
95.0000 0.4682
96.0000 0.4682
97.0000 0.4683
98.0000 0.4683
99.0000 0.4683
100.0000 0.4683
101.0000 0.4683
102.0000 0.4683
103.0000 0.4683
104.0000 0.4682
105.0000 0.4682
106.0000 0.4682
107.0000 0.4682
108.0000 0.4682
109.0000 0.4682
110.0000 0.4682
111.0000 0.4682
112.0000 0.4682
113.0000 0.4682
114.0000 0.4682
115.0000 0.4682
116.0000 0.4682
117.0000 0.4682
118.0000 0.4682
119.0000 0.4682
120.0000 0.4682
121.0000 0.4682
122.0000 0.4682
123.0000 0.4682
124.0000 0.4682
125.0000 0.4682
126.0000 0.4682
127.0000 0.4682
128.0000 0.4682
129.0000 0.4682
130.0000 0.4682
131.0000 0.4682
132.0000 0.4682
133.0000 0.4682
134.0000 0.4682
135.0000 0.4682
136.0000 0.4682
137.0000 0.4682
138.0000 0.4682
139.0000 0.4682
140.0000 0.4682
141.0000 0.4682
142.0000 0.4682
143.0000 0.4682
144.0000 0.4682
145.0000 0.4682
146.0000 0.4682
147.0000 0.4682
148.0000 0.4682
149.0000 0.4682
150.0000 0.4682
151.0000 0.4682
152.0000 0.4682
153.0000 0.4682
154.0000 0.4682
155.0000 0.4682
156.0000 0.4682
157.0000 0.4682
158.0000 0.4682
159.0000 0.4682
160.0000 0.4682
161.0000 0.4682
162.0000 0.4682
163.0000 0.4682
164.0000 0.4682
165.0000 0.4682
166.0000 0.4682
167.0000 0.4682
168.0000 0.4682
169.0000 0.4682
170.0000 0.4682
171.0000 0.4682
172.0000 0.4682
173.0000 0.4682
174.0000 0.4682
175.0000 0.4682
176.0000 0.4682
177.0000 0.4682
178.0000 0.4682
179.0000 0.4682
180.0000 0.4682
181.0000 0.4682
182.0000 0.4682
183.0000 0.4682
184.0000 0.4682
185.0000 0.4682
186.0000 0.4682
187.0000 0.4682
188.0000 0.4682
189.0000 0.4682
190.0000 0.4682
191.0000 0.4682
192.0000 0.4682
193.0000 0.4682
194.0000 0.4682
195.0000 0.4682
196.0000 0.4682
197.0000 0.4682
198.0000 0.4682
199.0000 0.4682
200.0000 0.4682
201.0000 0.4682
202.0000 0.4682
203.0000 0.4682
204.0000 0.4682
205.0000 0.4682
206.0000 0.4682
207.0000 0.4682
208.0000 0.4682
209.0000 0.4682
210.0000 0.4682
211.0000 0.4682
212.0000 0.4682
213.0000 0.4682
214.0000 0.4682
215.0000 0.4682
216.0000 0.4682
217.0000 0.4682
218.0000 0.4682
219.0000 0.4682
220.0000 0.4682
221.0000 0.4682
222.0000 0.4682
223.0000 0.4682
224.0000 0.4682
225.0000 0.4682
226.0000 0.4682
227.0000 0.4682
228.0000 0.4682
229.0000 0.4682
230.0000 0.4682
231.0000 0.4682
232.0000 0.4682
233.0000 0.4682
234.0000 0.4682
235.0000 0.4682
236.0000 0.4682
237.0000 0.4682
238.0000 0.4682
239.0000 0.4682
240.0000 0.4682
241.0000 0.4682
242.0000 0.4682
243.0000 0.4682
244.0000 0.4682
245.0000 0.4682
246.0000 0.4682
247.0000 0.4682
248.0000 0.4682
249.0000 0.4682
250.0000 0.4682
251.0000 0.4682
252.0000 1.0000
253.0000 1.0000
254.0000 0.9694
255.0000 0.9375
256.0000 0.9101
257.0000 0.8874
258.0000 0.8635
259.0000 0.8429
260.0000 0.8261
261.0000 0.8127
262.0000 0.8025
263.0000 0.7950
264.0000 0.7904
265.0000 0.7884
266.0000 0.7887
267.0000 0.7911
268.0000 0.7951
269.0000 0.8005
270.0000 0.8066
271.0000 0.8131
272.0000 0.8196
273.0000 0.8257
274.0000 0.8312
275.0000 0.8359
276.0000 0.8396
277.0000 0.8422
278.0000 0.8438
279.0000 0.8444
280.0000 0.8441
281.0000 0.8430
282.0000 0.8413
283.0000 0.8391
284.0000 0.8367
285.0000 0.8341
286.0000 0.8315
287.0000 0.8290
288.0000 0.8268
289.0000 0.8250
290.0000 0.8235
291.0000 0.8224
292.0000 0.8217
293.0000 0.8214
294.0000 0.8215
295.0000 0.8220
296.0000 0.8227
297.0000 0.8235
298.0000 0.8245
299.0000 0.8256
300.0000 0.8266
301.0000 0.8276
302.0000 0.8285
303.0000 0.8293
304.0000 0.8299
305.0000 0.8304
306.0000 0.8307
307.0000 0.8309
308.0000 0.8308
309.0000 0.8307
310.0000 0.8304
311.0000 0.8301
312.0000 0.8297
313.0000 0.8293
314.0000 0.8289
315.0000 0.8284
316.0000 0.8281
317.0000 0.8277
318.0000 0.8275
319.0000 0.8273
320.0000 0.8272
321.0000 0.8271
322.0000 0.8271
323.0000 0.8272
324.0000 0.8273
325.0000 0.8274
326.0000 0.8276
327.0000 0.8278
328.0000 0.8280
329.0000 0.8281
330.0000 0.8283
331.0000 0.8284
332.0000 0.8285
333.0000 0.8286
334.0000 0.8286
335.0000 0.8286
336.0000 0.8286
337.0000 0.8286
338.0000 0.8286
339.0000 0.8285
340.0000 0.8284
341.0000 0.8284
342.0000 0.8283
343.0000 0.8282
344.0000 0.8282
345.0000 0.8281
346.0000 0.8281
347.0000 0.8280
348.0000 0.8280
349.0000 0.8280
350.0000 0.8280
351.0000 0.8280
352.0000 0.8281
353.0000 0.8281
354.0000 0.8281
355.0000 0.8281
356.0000 0.8282
357.0000 0.8282
358.0000 0.8282
359.0000 0.8282
360.0000 0.8283
361.0000 0.8283
362.0000 0.8283
363.0000 0.8283
364.0000 0.8283
365.0000 0.8283
366.0000 0.8283
367.0000 0.8283
368.0000 0.8282
369.0000 0.8282
370.0000 0.8282
371.0000 0.8282
372.0000 0.8282
373.0000 0.8282
374.0000 0.8282
375.0000 0.8282
376.0000 0.8282
377.0000 0.8282
378.0000 0.8282
379.0000 0.8282
380.0000 0.8282
381.0000 0.8282
382.0000 0.8282
383.0000 0.8282
384.0000 0.8282
385.0000 0.8282
386.0000 0.8282
387.0000 0.8282
388.0000 0.8282
389.0000 0.8282
390.0000 0.8282
391.0000 0.8282
392.0000 0.8282
393.0000 0.8282
394.0000 0.8282
395.0000 0.8282
396.0000 0.8282
397.0000 0.8282
398.0000 0.8282
399.0000 0.8282
400.0000 0.8282
401.0000 0.8282
402.0000 0.8282
403.0000 0.8282
404.0000 0.8282
405.0000 0.8282
406.0000 0.8282
407.0000 0.8282
408.0000 0.8282
409.0000 0.8282
410.0000 0.8282
411.0000 0.8282
412.0000 0.8282
413.0000 0.8282
414.0000 0.8282
415.0000 0.8282
416.0000 0.8282
417.0000 0.8282
418.0000 0.8282
419.0000 0.8282
420.0000 0.8282
421.0000 0.8282
422.0000 0.8282
423.0000 0.8282
424.0000 0.8282
425.0000 0.8282
426.0000 0.8282
427.0000 0.8282
428.0000 0.8282
429.0000 0.8282
430.0000 0.8282
431.0000 0.8282
432.0000 0.8282
433.0000 0.8282
434.0000 0.8282
435.0000 0.8282
436.0000 0.8282
437.0000 0.8282
438.0000 0.8282
439.0000 0.8282
440.0000 0.8282
441.0000 0.8282
442.0000 0.8282
443.0000 0.8282
444.0000 0.8282
445.0000 0.8282
446.0000 0.8282
447.0000 0.8282
448.0000 0.8282
449.0000 0.8282
450.0000 0.8282
451.0000 0.8282
452.0000 0.8282
453.0000 0.8282
454.0000 0.8282
455.0000 0.8282
456.0000 0.8282
457.0000 0.8282
458.0000 0.8282
459.0000 0.8282
460.0000 0.8282
461.0000 0.8282
462.0000 0.8282
463.0000 0.8282
464.0000 0.8282
465.0000 0.8282
466.0000 0.8282
467.0000 0.8282
468.0000 0.8282
469.0000 0.8282
470.0000 0.8282
471.0000 0.8282
472.0000 0.8282
473.0000 0.8282
474.0000 0.8282
475.0000 0.8282
476.0000 0.8282
477.0000 0.8282
478.0000 0.8282
479.0000 0.8282
480.0000 0.8282
481.0000 0.8282
482.0000 0.8282
483.0000 0.8282
484.0000 0.8282
485.0000 0.8282
486.0000 0.8282
487.0000 0.8282
488.0000 0.8282
489.0000 0.8282
490.0000 0.8282
491.0000 0.8282
492.0000 0.8282
493.0000 0.8282
494.0000 0.8282
495.0000 0.8282
496.0000 0.8282
497.0000 0.8282
498.0000 0.8282
499.0000 0.8282
500.0000 0.8282
501.0000 0.8282
502.0000 0.4634
503.0000 0.4462
504.0000 0.4615
505.0000 0.4775
506.0000 0.4911
507.0000 0.5025
508.0000 0.5315
509.0000 0.5720
510.0000 0.6154
511.0000 0.6560
512.0000 0.6909
513.0000 0.7192
514.0000 0.7400
515.0000 0.7533
516.0000 0.7594
517.0000 0.7593
518.0000 0.7542
519.0000 0.7453
520.0000 0.7337
521.0000 0.7204
522.0000 0.7065
523.0000 0.6926
524.0000 0.6797
525.0000 0.6681
526.0000 0.6584
527.0000 0.6508
528.0000 0.6454
529.0000 0.6424
530.0000 0.6415
531.0000 0.6425
532.0000 0.6451
533.0000 0.6489
534.0000 0.6535
535.0000 0.6585
536.0000 0.6635
537.0000 0.6683
538.0000 0.6724
539.0000 0.6758
540.0000 0.6784
541.0000 0.6801
542.0000 0.6810
543.0000 0.6811
544.0000 0.6806
545.0000 0.6795
546.0000 0.6781
547.0000 0.6764
548.0000 0.6746
549.0000 0.6728
550.0000 0.6711
551.0000 0.6697
552.0000 0.6685
553.0000 0.6675
554.0000 0.6669
555.0000 0.6665
556.0000 0.6665
557.0000 0.6666
558.0000 0.6670
559.0000 0.6675
560.0000 0.6681
561.0000 0.6688
562.0000 0.6694
563.0000 0.6700
564.0000 0.6705
565.0000 0.6710
566.0000 0.6713
567.0000 0.6716
568.0000 0.6717
569.0000 0.6717
570.0000 0.6716
571.0000 0.6715
572.0000 0.6713
573.0000 0.6711
574.0000 0.6709
575.0000 0.6706
576.0000 0.6704
577.0000 0.6702
578.0000 0.6700
579.0000 0.6699
580.0000 0.6698
581.0000 0.6698
582.0000 0.6698
583.0000 0.6698
584.0000 0.6699
585.0000 0.6699
586.0000 0.6700
587.0000 0.6701
588.0000 0.6702
589.0000 0.6703
590.0000 0.6703
591.0000 0.6704
592.0000 0.6704
593.0000 0.6705
594.0000 0.6705
595.0000 0.6705
596.0000 0.6705
597.0000 0.6705
598.0000 0.6704
599.0000 0.6704
600.0000 0.6704
601.0000 0.6703
602.0000 0.6703
603.0000 0.6703
604.0000 0.6703
605.0000 0.6702
606.0000 0.6702
607.0000 0.6702
608.0000 0.6702
609.0000 0.6702
610.0000 0.6702
611.0000 0.6702
612.0000 0.6703
613.0000 0.6703
614.0000 0.6703
615.0000 0.6703
616.0000 0.6703
617.0000 0.6703
618.0000 0.6703
619.0000 0.6703
620.0000 0.6703
621.0000 0.6703
622.0000 0.6703
623.0000 0.6703
624.0000 0.6703
625.0000 0.6703
626.0000 0.6703
627.0000 0.6703
628.0000 0.6703
629.0000 0.6703
630.0000 0.6703
631.0000 0.6703
632.0000 0.6703
633.0000 0.6703
634.0000 0.6703
635.0000 0.6703
636.0000 0.6703
637.0000 0.6703
638.0000 0.6703
639.0000 0.6703
640.0000 0.6703
641.0000 0.6703
642.0000 0.6703
643.0000 0.6703
644.0000 0.6703
645.0000 0.6703
646.0000 0.6703
647.0000 0.6703
648.0000 0.6703
649.0000 0.6703
650.0000 0.6703
651.0000 0.6703
652.0000 0.6703
653.0000 0.6703
654.0000 0.6703
655.0000 0.6703
656.0000 0.6703
657.0000 0.6703
658.0000 0.6703
659.0000 0.6703
660.0000 0.6703
661.0000 0.6703
662.0000 0.6703
663.0000 0.6703
664.0000 0.6703
665.0000 0.6703
666.0000 0.6703
667.0000 0.6703
668.0000 0.6703
669.0000 0.6703
670.0000 0.6703
671.0000 0.6703
672.0000 0.6703
673.0000 0.6703
674.0000 0.6703
675.0000 0.6703
676.0000 0.6703
677.0000 0.6703
678.0000 0.6703
679.0000 0.6703
680.0000 0.6703
681.0000 0.6703
682.0000 0.6703
683.0000 0.6703
684.0000 0.6703
685.0000 0.6703
686.0000 0.6703
687.0000 0.6703
688.0000 0.6703
689.0000 0.6703
690.0000 0.6703
691.0000 0.6703
692.0000 0.6703
693.0000 0.6703
694.0000 0.6703
695.0000 0.6703
696.0000 0.6703
697.0000 0.6703
698.0000 0.6703
699.0000 0.6703
700.0000 0.6703
701.0000 0.6703
702.0000 0.6703
703.0000 0.6703
704.0000 0.6703
705.0000 0.6703
706.0000 0.6703
707.0000 0.6703
708.0000 0.6703
709.0000 0.6703
710.0000 0.6703
711.0000 0.6703
712.0000 0.6703
713.0000 0.6703
714.0000 0.6703
715.0000 0.6703
716.0000 0.6703
717.0000 0.6703
718.0000 0.6703
719.0000 0.6703
720.0000 0.6703
721.0000 0.6703
722.0000 0.6703
723.0000 0.6703
724.0000 0.6703
725.0000 0.6703
726.0000 0.6703
727.0000 0.6703
728.0000 0.6703
729.0000 0.6703
730.0000 0.6703
731.0000 0.6703
732.0000 0.6703
733.0000 0.6703
734.0000 0.6703
735.0000 0.6703
736.0000 0.6703
737.0000 0.6703
738.0000 0.6703
739.0000 0.6703
740.0000 0.6703
741.0000 0.6703
742.0000 0.6703
743.0000 0.6703
744.0000 0.6703
745.0000 0.6703
746.0000 0.6703
747.0000 0.6703
748.0000 0.6703
749.0000 0.6703
750.0000 0.6703
751.0000 0.6703
752.0000 -0.0849
753.0000 -0.1204
754.0000 -0.0888
755.0000 -0.0557
756.0000 -0.0275
757.0000 -0.0040
758.0000 0.0862
759.0000 0.1817
760.0000 0.2499
761.0000 0.2825
762.0000 0.0338
763.0000 -0.0159
764.0000 -0.0107
765.0000 -0.0008
766.0000 0.0056
767.0000 0.0087
768.0000 0.0142
769.0000 0.0199
770.0000 0.0227
771.0000 0.0217
772.0000 0.0177
773.0000 0.0119
774.0000 0.0054
775.0000 -0.0010
776.0000 -0.0068
777.0000 -0.0117
778.0000 -0.0157
779.0000 -0.0188
780.0000 -0.0213
781.0000 -0.0235
782.0000 -0.0256
783.0000 -0.0278
784.0000 -0.0300
785.0000 -0.0324
786.0000 -0.0348
787.0000 -0.0374
788.0000 -0.0399
789.0000 -0.0423
790.0000 -0.0447
791.0000 -0.0469
792.0000 -0.0491
793.0000 -0.0512
794.0000 -0.0532
795.0000 -0.0552
796.0000 -0.0571
797.0000 -0.0590
798.0000 -0.0609
799.0000 -0.0627
800.0000 -0.0645
801.0000 -0.0663
802.0000 -0.0680
803.0000 -0.0697
804.0000 -0.0714
805.0000 -0.0730
806.0000 -0.0747
807.0000 -0.0762
808.0000 -0.0778
809.0000 -0.0793
810.0000 -0.0808
811.0000 -0.0822
812.0000 -0.0837
813.0000 -0.0851
814.0000 -0.0865
815.0000 -0.0878
816.0000 -0.0892
817.0000 -0.0905
818.0000 -0.0918
819.0000 -0.0931
820.0000 -0.0943
821.0000 -0.0956
822.0000 -0.0968
823.0000 -0.0980
824.0000 -0.0992
825.0000 -0.1003
826.0000 -0.1015
827.0000 -0.1026
828.0000 -0.1037
829.0000 -0.1048
830.0000 -0.1058
831.0000 -0.1069
832.0000 -0.1079
833.0000 -0.1090
834.0000 -0.1100
835.0000 -0.1110
836.0000 -0.1119
837.0000 -0.1129
838.0000 -0.1139
839.0000 -0.1148
840.0000 -0.1157
841.0000 -0.1166
842.0000 -0.1175
843.0000 -0.1184
844.0000 -0.1193
845.0000 -0.1202
846.0000 -0.1210
847.0000 -0.1219
848.0000 -0.1227
849.0000 -0.1235
850.0000 -0.1243
851.0000 -0.1251
852.0000 -0.1259
853.0000 -0.1267
854.0000 -0.1274
855.0000 -0.1282
856.0000 -0.1289
857.0000 -0.1297
858.0000 -0.1304
859.0000 -0.1311
860.0000 -0.1318
861.0000 -0.1325
862.0000 -0.1332
863.0000 -0.1339
864.0000 -0.1346
865.0000 -0.1352
866.0000 -0.1359
867.0000 -0.1365
868.0000 -0.1372
869.0000 -0.1378
870.0000 -0.1384
871.0000 -0.1391
872.0000 -0.1397
873.0000 -0.1403
874.0000 -0.1409
875.0000 -0.1415
876.0000 -0.1420
877.0000 -0.1426
878.0000 -0.1432
879.0000 -0.1437
880.0000 -0.1443
881.0000 -0.1448
882.0000 -0.1454
883.0000 -0.1459
884.0000 -0.1464
885.0000 -0.1470
886.0000 -0.1475
887.0000 -0.1480
888.0000 -0.1485
889.0000 -0.1490
890.0000 -0.1495
891.0000 -0.1500
892.0000 -0.1505
893.0000 -0.1509
894.0000 -0.1514
895.0000 -0.1519
896.0000 -0.1523
897.0000 -0.1528
898.0000 -0.1532
899.0000 -0.1537
900.0000 -0.1541
901.0000 -0.1546
902.0000 -0.1550
903.0000 -0.1554
904.0000 -0.1559
905.0000 -0.1563
906.0000 -0.1567
907.0000 -0.1571
908.0000 -0.1575
909.0000 -0.1579
910.0000 -0.1583
911.0000 -0.1587
912.0000 -0.1591
913.0000 -0.1595
914.0000 -0.1598
915.0000 -0.1602
916.0000 -0.1606
917.0000 -0.1609
918.0000 -0.1613
919.0000 -0.1617
920.0000 -0.1620
921.0000 -0.1624
922.0000 -0.1627
923.0000 -0.1631
924.0000 -0.1634
925.0000 -0.1637
926.0000 -0.1641
927.0000 -0.1644
928.0000 -0.1647
929.0000 -0.1651
930.0000 -0.1654
931.0000 -0.1657
932.0000 -0.1660
933.0000 -0.1663
934.0000 -0.1666
935.0000 -0.1669
936.0000 -0.1672
937.0000 -0.1675
938.0000 -0.1678
939.0000 -0.1681
940.0000 -0.1684
941.0000 -0.1687
942.0000 -0.1690
943.0000 -0.1693
944.0000 -0.1695
945.0000 -0.1698
946.0000 -0.1701
947.0000 -0.1704
948.0000 -0.1706
949.0000 -0.1709
950.0000 -0.1711
951.0000 -0.1714
952.0000 -0.1717
953.0000 -0.1719
954.0000 -0.1722
955.0000 -0.1724
956.0000 -0.1727
957.0000 -0.1729
958.0000 -0.1731
959.0000 -0.1734
960.0000 -0.1736
961.0000 -0.1739
962.0000 -0.1741
963.0000 -0.1743
964.0000 -0.1745
965.0000 -0.1748
966.0000 -0.1750
967.0000 -0.1752
968.0000 -0.1754
969.0000 -0.1757
970.0000 -0.1759
971.0000 -0.1761
972.0000 -0.1763
973.0000 -0.1765
974.0000 -0.1767
975.0000 -0.1769
976.0000 -0.1771
977.0000 -0.1773
978.0000 -0.1775
979.0000 -0.1777
980.0000 -0.1779
981.0000 -0.1781
982.0000 -0.1783
983.0000 -0.1785
984.0000 -0.1787
985.0000 -0.1789
986.0000 -0.1790
987.0000 -0.1792
988.0000 -0.1794
989.0000 -0.1796
990.0000 -0.1798
991.0000 -0.1799
992.0000 -0.1801
993.0000 -0.1803
994.0000 -0.1804
995.0000 -0.1806
996.0000 -0.1808
997.0000 -0.1810
998.0000 -0.1811
999.0000 -0.1813
1000.0000 -0.1814
1001.0000 -0.1816
1002.0000 -0.1818
1003.0000 -0.1819
1004.0000 -0.1821
1005.0000 -0.1822
1006.0000 -0.1824
1007.0000 -0.1825
1008.0000 -0.1827
1009.0000 -0.1828
1010.0000 -0.1830
1011.0000 -0.1831
1012.0000 -0.1833
1013.0000 -0.1834
1014.0000 -0.1835
1015.0000 -0.1837
1016.0000 -0.1838
1017.0000 -0.1840
1018.0000 -0.1841
1019.0000 -0.1842
1020.0000 -0.1844
1021.0000 -0.1845
1022.0000 -0.1846
1023.0000 -0.1848
1024.0000 -0.1849
1025.0000 -0.1850
1026.0000 -0.1851
1027.0000 -0.1853
1028.0000 -0.1854
1029.0000 -0.1855
1030.0000 -0.1856
1031.0000 -0.1858
1032.0000 -0.1859
1033.0000 -0.1860
1034.0000 -0.1861
1035.0000 -0.1862
1036.0000 -0.1864
1037.0000 -0.1865
1038.0000 -0.1866
1039.0000 -0.1867
1040.0000 -0.1868
1041.0000 -0.1869
1042.0000 -0.1870
1043.0000 -0.1871
1044.0000 -0.1872
1045.0000 -0.1873
1046.0000 -0.1875
1047.0000 -0.1876
1048.0000 -0.1877
1049.0000 -0.1878
1050.0000 -0.1879
1051.0000 -0.1880
1052.0000 -0.1881
1053.0000 -0.1882
1054.0000 -0.1883
1055.0000 -0.1884
1056.0000 -0.1885
1057.0000 -0.1886
1058.0000 -0.1886
1059.0000 -0.1887
1060.0000 -0.1888
1061.0000 -0.1889
1062.0000 -0.1890
1063.0000 -0.1891
1064.0000 -0.1892
1065.0000 -0.1893
1066.0000 -0.1894
1067.0000 -0.1895
1068.0000 -0.1896
1069.0000 -0.1896
1070.0000 -0.1897
1071.0000 -0.1898
1072.0000 -0.1899
1073.0000 -0.1900
1074.0000 -0.1901
1075.0000 -0.1901
1076.0000 -0.1902
1077.0000 -0.1903
1078.0000 -0.1904
1079.0000 -0.1905
1080.0000 -0.1905
1081.0000 -0.1906
1082.0000 -0.1907
1083.0000 -0.1908
1084.0000 -0.1908
1085.0000 -0.1909
1086.0000 -0.1910
1087.0000 -0.1911
1088.0000 -0.1911
1089.0000 -0.1912
1090.0000 -0.1913
1091.0000 -0.1913
1092.0000 -0.1914
1093.0000 -0.1915
1094.0000 -0.1916
1095.0000 -0.1916
1096.0000 -0.1917
1097.0000 -0.1918
1098.0000 -0.1918
1099.0000 -0.1919
1100.0000 -0.1920
1101.0000 -0.1920
1102.0000 -0.1921
1103.0000 -0.1921
1104.0000 -0.1922
1105.0000 -0.1923
1106.0000 -0.1923
1107.0000 -0.1924
1108.0000 -0.1925
1109.0000 -0.1925
1110.0000 -0.1926
1111.0000 -0.1926
1112.0000 -0.1927
1113.0000 -0.1927
1114.0000 -0.1928
1115.0000 -0.1929
1116.0000 -0.1929
1117.0000 -0.1930
1118.0000 -0.1930
1119.0000 -0.1931
1120.0000 -0.1931
1121.0000 -0.1932
1122.0000 -0.1932
1123.0000 -0.1933
1124.0000 -0.1934
1125.0000 -0.1934
1126.0000 -0.1935
1127.0000 -0.1935
1128.0000 -0.1936
1129.0000 -0.1936
1130.0000 -0.1937
1131.0000 -0.1937
1132.0000 -0.1938
1133.0000 -0.1938
1134.0000 -0.1939
1135.0000 -0.1939
1136.0000 -0.1940
1137.0000 -0.1940
1138.0000 -0.1940
1139.0000 -0.1941
1140.0000 -0.1941
1141.0000 -0.1942
1142.0000 -0.1942
1143.0000 -0.1943
1144.0000 -0.1943
1145.0000 -0.1944
1146.0000 -0.1944
1147.0000 -0.1944
1148.0000 -0.1945
1149.0000 -0.1945
1150.0000 -0.1946
1151.0000 -0.1946
1152.0000 -0.1947
1153.0000 -0.1947
1154.0000 -0.1947
1155.0000 -0.1948
1156.0000 -0.1948
1157.0000 -0.1949
1158.0000 -0.1949
1159.0000 -0.1949
1160.0000 -0.1950
1161.0000 -0.1950
1162.0000 -0.1951
1163.0000 -0.1951
1164.0000 -0.1951
1165.0000 -0.1952
1166.0000 -0.1952
1167.0000 -0.1952
1168.0000 -0.1953
1169.0000 -0.1953
1170.0000 -0.1953
1171.0000 -0.1954
1172.0000 -0.1954
1173.0000 -0.1954
1174.0000 -0.1955
1175.0000 -0.1955
1176.0000 -0.1955
1177.0000 -0.1956
1178.0000 -0.1956
1179.0000 -0.1956
1180.0000 -0.1957
1181.0000 -0.1957
1182.0000 -0.1957
1183.0000 -0.1958
1184.0000 -0.1958
1185.0000 -0.1958
1186.0000 -0.1959
1187.0000 -0.1959
1188.0000 -0.1959
1189.0000 -0.1960
1190.0000 -0.1960
1191.0000 -0.1960
1192.0000 -0.1960
1193.0000 -0.1961
1194.0000 -0.1961
1195.0000 -0.1961
1196.0000 -0.1962
1197.0000 -0.1962
1198.0000 -0.1962
1199.0000 -0.1962
1200.0000 -0.1963
