1.0000 0.0000
2.0000 0.0000
3.0000 0.0000
4.0000 0.0000
5.0000 0.0000
6.0000 0.0000
7.0000 0.0000
8.0000 0.0000
9.0000 0.0000
10.0000 0.0000
11.0000 0.0000
12.0000 0.0263
13.0000 0.0995
14.0000 0.2071
15.0000 0.3333
16.0000 0.4655
17.0000 0.5949
18.0000 0.7155
19.0000 0.8237
20.0000 0.9171
21.0000 0.9940
22.0000 1.0536
23.0000 1.0956
24.0000 1.1154
25.0000 1.0908
26.0000 1.0322
27.0000 0.9599
28.0000 0.8877
29.0000 0.8236
30.0000 0.7719
31.0000 0.7349
32.0000 0.7141
33.0000 0.7091
34.0000 0.7184
35.0000 0.7401
36.0000 0.7730
37.0000 0.8159
38.0000 0.8664
39.0000 0.9206
40.0000 0.9743
41.0000 1.0227
42.0000 1.0609
43.0000 1.0850
44.0000 1.0951
45.0000 1.0937
46.0000 1.0836
47.0000 1.0677
48.0000 1.0484
49.0000 1.0280
50.0000 1.0085
51.0000 0.9914
52.0000 0.9776
53.0000 0.9678
54.0000 0.9619
55.0000 0.9598
56.0000 0.9610
57.0000 0.9647
58.0000 0.9703
59.0000 0.9770
60.0000 0.9841
61.0000 0.9909
62.0000 0.9970
63.0000 1.0021
64.0000 1.0060
65.0000 1.0086
66.0000 1.0099
67.0000 1.0102
68.0000 1.0095
69.0000 1.0082
70.0000 1.0064
71.0000 1.0045
72.0000 1.0025
73.0000 1.0007
74.0000 0.9991
75.0000 0.9979
76.0000 0.9971
77.0000 0.9966
78.0000 0.9965
79.0000 0.9966
80.0000 0.9970
81.0000 0.9975
82.0000 0.9981
83.0000 0.9988
84.0000 0.9993
85.0000 0.9998
86.0000 1.0003
87.0000 1.0006
88.0000 1.0008
89.0000 1.0008
90.0000 1.0009
91.0000 1.0008
92.0000 1.0007
93.0000 1.0005
94.0000 1.0003
95.0000 1.0002
96.0000 1.0000
97.0000 0.9999
98.0000 0.9998
99.0000 0.9998
100.0000 0.9997
101.0000 0.9997
102.0000 0.9997
103.0000 0.9998
104.0000 0.9998
105.0000 0.9999
106.0000 0.9999
107.0000 0.9999
108.0000 1.0000
109.0000 1.0000
110.0000 1.0000
111.0000 1.0001
112.0000 1.0001
113.0000 1.0001
114.0000 1.0001
115.0000 1.0001
116.0000 1.0000
117.0000 1.0000
118.0000 1.0000
119.0000 1.0000
120.0000 1.0000
121.0000 1.0000
122.0000 1.0000
123.0000 1.0000
124.0000 1.0000
125.0000 1.0000
126.0000 1.0000
127.0000 1.0000
128.0000 1.0000
129.0000 1.0000
130.0000 1.0000
131.0000 1.0000
132.0000 1.0000
133.0000 1.0000
134.0000 1.0000
135.0000 1.0000
136.0000 1.0000
137.0000 1.0000
138.0000 1.0000
139.0000 1.0000
140.0000 1.0000
141.0000 1.0000
142.0000 1.0000
143.0000 1.0000
144.0000 1.0000
145.0000 1.0000
146.0000 1.0000
147.0000 1.0000
148.0000 1.0000
149.0000 1.0000
150.0000 1.0000
151.0000 1.0000
152.0000 1.0000
153.0000 1.0000
154.0000 1.0000
155.0000 1.0000
156.0000 1.0000
157.0000 1.0000
158.0000 1.0000
159.0000 1.0000
160.0000 1.0000
161.0000 1.0000
162.0000 1.0000
163.0000 1.0000
164.0000 1.0000
165.0000 1.0000
166.0000 1.0000
167.0000 1.0000
168.0000 1.0000
169.0000 1.0000
170.0000 1.0000
171.0000 1.0000
172.0000 1.0000
173.0000 1.0000
174.0000 1.0000
175.0000 1.0000
176.0000 1.0000
177.0000 1.0000
178.0000 1.0000
179.0000 1.0000
180.0000 1.0000
181.0000 1.0000
182.0000 1.0000
183.0000 1.0000
184.0000 1.0000
185.0000 1.0000
186.0000 1.0000
187.0000 1.0000
188.0000 1.0000
189.0000 1.0000
190.0000 1.0000
191.0000 1.0000
192.0000 1.0000
193.0000 1.0000
194.0000 1.0000
195.0000 1.0000
196.0000 1.0000
197.0000 1.0000
198.0000 1.0000
199.0000 1.0000
200.0000 1.0000
201.0000 1.0000
202.0000 1.0000
203.0000 1.0000
204.0000 1.0000
205.0000 1.0000
206.0000 1.0000
207.0000 1.0000
208.0000 1.0000
209.0000 1.0000
210.0000 1.0000
211.0000 1.0000
212.0000 1.0000
213.0000 1.0000
214.0000 1.0000
215.0000 1.0000
216.0000 1.0000
217.0000 1.0000
218.0000 1.0000
219.0000 1.0000
220.0000 1.0000
221.0000 1.0000
222.0000 1.0000
223.0000 1.0000
224.0000 1.0000
225.0000 1.0000
226.0000 1.0000
227.0000 1.0000
228.0000 1.0000
229.0000 1.0000
230.0000 1.0000
231.0000 1.0000
232.0000 1.0000
233.0000 1.0000
234.0000 1.0000
235.0000 1.0000
236.0000 1.0000
237.0000 1.0000
238.0000 1.0000
239.0000 1.0000
240.0000 1.0000
241.0000 1.0000
242.0000 1.0000
243.0000 1.0000
244.0000 1.0000
245.0000 1.0000
246.0000 1.0000
247.0000 1.0000
248.0000 1.0000
249.0000 1.0000
250.0000 1.0000
251.0000 1.0000
252.0000 1.0000
253.0000 1.0000
254.0000 1.0000
255.0000 1.0000
256.0000 1.0000
257.0000 1.0524
258.0000 1.1679
259.0000 1.3241
260.0000 1.5015
261.0000 1.6853
262.0000 1.8651
263.0000 2.0333
264.0000 2.1847
265.0000 2.3165
266.0000 2.4281
267.0000 2.5197
268.0000 2.5930
269.0000 2.6500
270.0000 2.6931
271.0000 2.7251
272.0000 2.7485
273.0000 2.7659
274.0000 2.7794
275.0000 2.7908
276.0000 2.8017
277.0000 2.8131
278.0000 2.8257
279.0000 2.8399
280.0000 2.8558
281.0000 2.8732
282.0000 2.8917
283.0000 2.9109
284.0000 2.9302
285.0000 2.9491
286.0000 2.9669
287.0000 2.9833
288.0000 2.9977
289.0000 3.0099
290.0000 3.0196
291.0000 3.0268
292.0000 3.0315
293.0000 3.0338
294.0000 3.0341
295.0000 3.0324
296.0000 3.0293
297.0000 3.0250
298.0000 3.0199
299.0000 3.0145
300.0000 3.0089
301.0000 3.0036
302.0000 2.9987
303.0000 2.9945
304.0000 2.9910
305.0000 2.9885
306.0000 2.9868
307.0000 2.9859
308.0000 2.9858
309.0000 2.9865
310.0000 2.9877
311.0000 2.9894
312.0000 2.9914
313.0000 2.9936
314.0000 2.9959
315.0000 2.9980
316.0000 3.0000
317.0000 3.0018
318.0000 3.0032
319.0000 3.0043
320.0000 3.0050
321.0000 3.0054
322.0000 3.0054
323.0000 3.0052
324.0000 3.0047
325.0000 3.0040
326.0000 3.0032
327.0000 3.0024
328.0000 3.0015
329.0000 3.0006
330.0000 2.9998
331.0000 2.9992
332.0000 2.9986
333.0000 2.9982
334.0000 2.9979
335.0000 2.9978
336.0000 2.9978
337.0000 2.9979
338.0000 2.9981
339.0000 2.9984
340.0000 2.9987
341.0000 2.9991
342.0000 2.9994
343.0000 2.9998
344.0000 3.0001
345.0000 3.0004
346.0000 3.0006
347.0000 3.0008
348.0000 3.0009
349.0000 3.0009
350.0000 3.0009
351.0000 3.0009
352.0000 3.0008
353.0000 3.0006
354.0000 3.0005
355.0000 3.0004
356.0000 3.0002
357.0000 3.0001
358.0000 3.0000
359.0000 2.9998
360.0000 2.9998
361.0000 2.9997
362.0000 2.9996
363.0000 2.9996
364.0000 2.9996
365.0000 2.9997
366.0000 2.9997
367.0000 2.9997
368.0000 2.9998
369.0000 2.9999
370.0000 2.9999
371.0000 3.0000
372.0000 3.0000
373.0000 3.0001
374.0000 3.0001
375.0000 3.0001
376.0000 3.0001
377.0000 3.0002
378.0000 3.0001
379.0000 3.0001
380.0000 3.0001
381.0000 3.0001
382.0000 3.0001
383.0000 3.0001
384.0000 3.0000
385.0000 3.0000
386.0000 3.0000
387.0000 3.0000
388.0000 3.0000
389.0000 2.9999
390.0000 2.9999
391.0000 2.9999
392.0000 2.9999
393.0000 2.9999
394.0000 3.0000
395.0000 3.0000
396.0000 3.0000
397.0000 3.0000
398.0000 3.0000
399.0000 3.0000
400.0000 3.0000
401.0000 3.0000
402.0000 3.0000
403.0000 3.0000
404.0000 3.0000
405.0000 3.0000
406.0000 3.0000
407.0000 3.0000
408.0000 3.0000
409.0000 3.0000
410.0000 3.0000
411.0000 3.0000
412.0000 3.0000
413.0000 3.0000
414.0000 3.0000
415.0000 3.0000
416.0000 3.0000
417.0000 3.0000
418.0000 3.0000
419.0000 3.0000
420.0000 3.0000
421.0000 3.0000
422.0000 3.0000
423.0000 3.0000
424.0000 3.0000
425.0000 3.0000
426.0000 3.0000
427.0000 3.0000
428.0000 3.0000
429.0000 3.0000
430.0000 3.0000
431.0000 3.0000
432.0000 3.0000
433.0000 3.0000
434.0000 3.0000
435.0000 3.0000
436.0000 3.0000
437.0000 3.0000
438.0000 3.0000
439.0000 3.0000
440.0000 3.0000
441.0000 3.0000
442.0000 3.0000
443.0000 3.0000
444.0000 3.0000
445.0000 3.0000
446.0000 3.0000
447.0000 3.0000
448.0000 3.0000
449.0000 3.0000
450.0000 3.0000
451.0000 3.0000
452.0000 3.0000
453.0000 3.0000
454.0000 3.0000
455.0000 3.0000
456.0000 3.0000
457.0000 3.0000
458.0000 3.0000
459.0000 3.0000
460.0000 3.0000
461.0000 3.0000
462.0000 3.0000
463.0000 3.0000
464.0000 3.0000
465.0000 3.0000
466.0000 3.0000
467.0000 3.0000
468.0000 3.0000
469.0000 3.0000
470.0000 3.0000
471.0000 3.0000
472.0000 3.0000
473.0000 3.0000
474.0000 3.0000
475.0000 3.0000
476.0000 3.0000
477.0000 3.0000
478.0000 3.0000
479.0000 3.0000
480.0000 3.0000
481.0000 3.0000
482.0000 3.0000
483.0000 3.0000
484.0000 3.0000
485.0000 3.0000
486.0000 3.0000
487.0000 3.0000
488.0000 3.0000
489.0000 3.0000
490.0000 3.0000
491.0000 3.0000
492.0000 3.0000
493.0000 3.0000
494.0000 3.0000
495.0000 3.0000
496.0000 3.0000
497.0000 3.0000
498.0000 3.0000
499.0000 3.0000
500.0000 3.0000
501.0000 3.0000
502.0000 3.0000
503.0000 3.0000
504.0000 3.0000
505.0000 3.0000
506.0000 3.0000
507.0000 2.9269
508.0000 2.7884
509.0000 2.6164
510.0000 2.4338
511.0000 2.2553
512.0000 2.0896
513.0000 1.9443
514.0000 1.8256
515.0000 1.7370
516.0000 1.6794
517.0000 1.6514
518.0000 1.6502
519.0000 1.6717
520.0000 1.7113
521.0000 1.7639
522.0000 1.8244
523.0000 1.8882
524.0000 1.9509
525.0000 2.0090
526.0000 2.0596
527.0000 2.1008
528.0000 2.1314
529.0000 2.1509
530.0000 2.1596
531.0000 2.1586
532.0000 2.1492
533.0000 2.1330
534.0000 2.1120
535.0000 2.0880
536.0000 2.0630
537.0000 2.0385
538.0000 2.0158
539.0000 1.9961
540.0000 1.9799
541.0000 1.9678
542.0000 1.9598
543.0000 1.9557
544.0000 1.9552
545.0000 1.9577
546.0000 1.9626
547.0000 1.9692
548.0000 1.9769
549.0000 1.9850
550.0000 1.9930
551.0000 2.0003
552.0000 2.0067
553.0000 2.0118
554.0000 2.0155
555.0000 2.0179
556.0000 2.0189
557.0000 2.0187
558.0000 2.0174
559.0000 2.0154
560.0000 2.0127
561.0000 2.0097
562.0000 2.0066
563.0000 2.0036
564.0000 2.0008
565.0000 1.9983
566.0000 1.9964
567.0000 1.9949
568.0000 1.9940
569.0000 1.9936
570.0000 1.9936
571.0000 1.9940
572.0000 1.9947
573.0000 1.9956
574.0000 1.9967
575.0000 1.9978
576.0000 1.9989
577.0000 1.9999
578.0000 2.0007
579.0000 2.0014
580.0000 2.0019
581.0000 2.0023
582.0000 2.0024
583.0000 2.0024
584.0000 2.0022
585.0000 2.0020
586.0000 2.0016
587.0000 2.0012
588.0000 2.0008
589.0000 2.0004
590.0000 2.0001
591.0000 1.9998
592.0000 1.9995
593.0000 1.9993
594.0000 1.9992
595.0000 1.9991
596.0000 1.9991
597.0000 1.9992
598.0000 1.9993
599.0000 1.9994
600.0000 1.9996
601.0000 1.9997
602.0000 1.9998
603.0000 2.0000
604.0000 2.0001
605.0000 2.0002
606.0000 2.0003
607.0000 2.0003
608.0000 2.0003
609.0000 2.0003
610.0000 2.0003
611.0000 2.0003
612.0000 2.0002
613.0000 2.0002
614.0000 2.0001
615.0000 2.0001
616.0000 2.0000
617.0000 2.0000
618.0000 1.9999
619.0000 1.9999
620.0000 1.9999
621.0000 1.9999
622.0000 1.9999
623.0000 1.9999
624.0000 1.9999
625.0000 1.9999
626.0000 1.9999
627.0000 2.0000
628.0000 2.0000
629.0000 2.0000
630.0000 2.0000
631.0000 2.0000
632.0000 2.0000
633.0000 2.0000
634.0000 2.0000
635.0000 2.0000
636.0000 2.0000
637.0000 2.0000
638.0000 2.0000
639.0000 2.0000
640.0000 2.0000
641.0000 2.0000
642.0000 2.0000
643.0000 2.0000
644.0000 2.0000
645.0000 2.0000
646.0000 2.0000
647.0000 2.0000
648.0000 2.0000
649.0000 2.0000
650.0000 2.0000
651.0000 2.0000
652.0000 2.0000
653.0000 2.0000
654.0000 2.0000
655.0000 2.0000
656.0000 2.0000
657.0000 2.0000
658.0000 2.0000
659.0000 2.0000
660.0000 2.0000
661.0000 2.0000
662.0000 2.0000
663.0000 2.0000
664.0000 2.0000
665.0000 2.0000
666.0000 2.0000
667.0000 2.0000
668.0000 2.0000
669.0000 2.0000
670.0000 2.0000
671.0000 2.0000
672.0000 2.0000
673.0000 2.0000
674.0000 2.0000
675.0000 2.0000
676.0000 2.0000
677.0000 2.0000
678.0000 2.0000
679.0000 2.0000
680.0000 2.0000
681.0000 2.0000
682.0000 2.0000
683.0000 2.0000
684.0000 2.0000
685.0000 2.0000
686.0000 2.0000
687.0000 2.0000
688.0000 2.0000
689.0000 2.0000
690.0000 2.0000
691.0000 2.0000
692.0000 2.0000
693.0000 2.0000
694.0000 2.0000
695.0000 2.0000
696.0000 2.0000
697.0000 2.0000
698.0000 2.0000
699.0000 2.0000
700.0000 2.0000
701.0000 2.0000
702.0000 2.0000
703.0000 2.0000
704.0000 2.0000
705.0000 2.0000
706.0000 2.0000
707.0000 2.0000
708.0000 2.0000
709.0000 2.0000
710.0000 2.0000
711.0000 2.0000
712.0000 2.0000
713.0000 2.0000
714.0000 2.0000
715.0000 2.0000
716.0000 2.0000
717.0000 2.0000
718.0000 2.0000
719.0000 2.0000
720.0000 2.0000
721.0000 2.0000
722.0000 2.0000
723.0000 2.0000
724.0000 2.0000
725.0000 2.0000
726.0000 2.0000
727.0000 2.0000
728.0000 2.0000
729.0000 2.0000
730.0000 2.0000
731.0000 2.0000
732.0000 2.0000
733.0000 2.0000
734.0000 2.0000
735.0000 2.0000
736.0000 2.0000
737.0000 2.0000
738.0000 2.0000
739.0000 2.0000
740.0000 2.0000
741.0000 2.0000
742.0000 2.0000
743.0000 2.0000
744.0000 2.0000
745.0000 2.0000
746.0000 2.0000
747.0000 2.0000
748.0000 2.0000
749.0000 2.0000
750.0000 2.0000
751.0000 2.0000
752.0000 2.0000
753.0000 2.0000
754.0000 2.0000
755.0000 2.0000
756.0000 2.0000
757.0000 1.7661
758.0000 1.4515
759.0000 1.1523
760.0000 0.8978
761.0000 0.6919
762.0000 0.5301
763.0000 0.4071
764.0000 0.3208
765.0000 0.2683
766.0000 0.2436
767.0000 0.2178
768.0000 0.1834
769.0000 0.1483
770.0000 0.1172
771.0000 0.0917
772.0000 0.0716
773.0000 0.0562
774.0000 0.0448
775.0000 0.0367
776.0000 0.0308
777.0000 0.0264
778.0000 0.0226
779.0000 0.0192
780.0000 0.0158
781.0000 0.0124
782.0000 0.0090
783.0000 0.0057
784.0000 0.0026
785.0000 -0.0002
786.0000 -0.0027
787.0000 -0.0050
788.0000 -0.0071
789.0000 -0.0089
790.0000 -0.0106
791.0000 -0.0121
792.0000 -0.0136
793.0000 -0.0150
794.0000 -0.0164
795.0000 -0.0177
796.0000 -0.0190
797.0000 -0.0202
798.0000 -0.0214
799.0000 -0.0225
800.0000 -0.0236
801.0000 -0.0246
802.0000 -0.0256
803.0000 -0.0265
804.0000 -0.0274
805.0000 -0.0283
806.0000 -0.0292
807.0000 -0.0300
808.0000 -0.0308
809.0000 -0.0316
810.0000 -0.0323
811.0000 -0.0330
812.0000 -0.0337
813.0000 -0.0344
814.0000 -0.0351
815.0000 -0.0357
816.0000 -0.0363
817.0000 -0.0369
818.0000 -0.0375
819.0000 -0.0381
820.0000 -0.0386
821.0000 -0.0392
822.0000 -0.0397
823.0000 -0.0402
824.0000 -0.0407
825.0000 -0.0412
826.0000 -0.0417
827.0000 -0.0421
828.0000 -0.0426
829.0000 -0.0430
830.0000 -0.0435
831.0000 -0.0439
832.0000 -0.0443
833.0000 -0.0447
834.0000 -0.0451
835.0000 -0.0455
836.0000 -0.0458
837.0000 -0.0462
838.0000 -0.0466
839.0000 -0.0469
840.0000 -0.0472
841.0000 -0.0476
842.0000 -0.0479
843.0000 -0.0482
844.0000 -0.0485
845.0000 -0.0488
846.0000 -0.0491
847.0000 -0.0494
848.0000 -0.0497
849.0000 -0.0500
850.0000 -0.0503
851.0000 -0.0506
852.0000 -0.0508
853.0000 -0.0511
854.0000 -0.0513
855.0000 -0.0516
856.0000 -0.0518
857.0000 -0.0521
858.0000 -0.0523
859.0000 -0.0525
860.0000 -0.0528
861.0000 -0.0530
862.0000 -0.0532
863.0000 -0.0534
864.0000 -0.0536
865.0000 -0.0539
866.0000 -0.0541
867.0000 -0.0543
868.0000 -0.0545
869.0000 -0.0547
870.0000 -0.0549
871.0000 -0.0550
872.0000 -0.0552
873.0000 -0.0554
874.0000 -0.0556
875.0000 -0.0558
876.0000 -0.0559
877.0000 -0.0561
878.0000 -0.0563
879.0000 -0.0564
880.0000 -0.0566
881.0000 -0.0568
882.0000 -0.0569
883.0000 -0.0571
884.0000 -0.0572
885.0000 -0.0574
886.0000 -0.0575
887.0000 -0.0577
888.0000 -0.0578
889.0000 -0.0580
890.0000 -0.0581
891.0000 -0.0582
892.0000 -0.0584
893.0000 -0.0585
894.0000 -0.0586
895.0000 -0.0588
896.0000 -0.0589
897.0000 -0.0590
898.0000 -0.0591
899.0000 -0.0593
900.0000 -0.0594
901.0000 -0.0595
902.0000 -0.0596
903.0000 -0.0597
904.0000 -0.0599
905.0000 -0.0600
906.0000 -0.0601
907.0000 -0.0602
908.0000 -0.0603
909.0000 -0.0604
910.0000 -0.0605
911.0000 -0.0606
912.0000 -0.0607
913.0000 -0.0608
914.0000 -0.0609
915.0000 -0.0610
916.0000 -0.0611
917.0000 -0.0612
918.0000 -0.0613
919.0000 -0.0614
920.0000 -0.0615
921.0000 -0.0616
922.0000 -0.0617
923.0000 -0.0617
924.0000 -0.0618
925.0000 -0.0619
926.0000 -0.0620
927.0000 -0.0621
928.0000 -0.0622
929.0000 -0.0623
930.0000 -0.0623
931.0000 -0.0624
932.0000 -0.0625
933.0000 -0.0626
934.0000 -0.0626
935.0000 -0.0627
936.0000 -0.0628
937.0000 -0.0629
938.0000 -0.0629
939.0000 -0.0630
940.0000 -0.0631
941.0000 -0.0632
942.0000 -0.0632
943.0000 -0.0633
944.0000 -0.0634
945.0000 -0.0634
946.0000 -0.0635
947.0000 -0.0636
948.0000 -0.0636
949.0000 -0.0637
950.0000 -0.0638
951.0000 -0.0638
952.0000 -0.0639
953.0000 -0.0639
954.0000 -0.0640
955.0000 -0.0641
956.0000 -0.0641
957.0000 -0.0642
958.0000 -0.0642
959.0000 -0.0643
960.0000 -0.0643
961.0000 -0.0644
962.0000 -0.0645
963.0000 -0.0645
964.0000 -0.0646
965.0000 -0.0646
966.0000 -0.0647
967.0000 -0.0647
968.0000 -0.0648
969.0000 -0.0648
970.0000 -0.0649
971.0000 -0.0649
972.0000 -0.0650
973.0000 -0.0650
974.0000 -0.0651
975.0000 -0.0651
976.0000 -0.0652
977.0000 -0.0652
978.0000 -0.0653
979.0000 -0.0653
980.0000 -0.0654
981.0000 -0.0654
982.0000 -0.0654
983.0000 -0.0655
984.0000 -0.0655
985.0000 -0.0656
986.0000 -0.0656
987.0000 -0.0657
988.0000 -0.0657
989.0000 -0.0657
990.0000 -0.0658
991.0000 -0.0658
992.0000 -0.0659
993.0000 -0.0659
994.0000 -0.0659
995.0000 -0.0660
996.0000 -0.0660
997.0000 -0.0661
998.0000 -0.0661
999.0000 -0.0661
1000.0000 -0.0662
1001.0000 -0.0662
1002.0000 -0.0662
1003.0000 -0.0663
1004.0000 -0.0663
1005.0000 -0.0663
1006.0000 -0.0664
1007.0000 -0.0664
1008.0000 -0.0664
1009.0000 -0.0665
1010.0000 -0.0665
1011.0000 -0.0665
1012.0000 -0.0666
1013.0000 -0.0666
1014.0000 -0.0666
1015.0000 -0.0667
1016.0000 -0.0667
1017.0000 -0.0667
1018.0000 -0.0668
1019.0000 -0.0668
1020.0000 -0.0668
1021.0000 -0.0668
1022.0000 -0.0669
1023.0000 -0.0669
1024.0000 -0.0669
1025.0000 -0.0670
1026.0000 -0.0670
1027.0000 -0.0670
1028.0000 -0.0670
1029.0000 -0.0671
1030.0000 -0.0671
1031.0000 -0.0671
1032.0000 -0.0672
1033.0000 -0.0672
1034.0000 -0.0672
1035.0000 -0.0672
1036.0000 -0.0673
1037.0000 -0.0673
1038.0000 -0.0673
1039.0000 -0.0673
1040.0000 -0.0674
1041.0000 -0.0674
1042.0000 -0.0674
1043.0000 -0.0674
1044.0000 -0.0674
1045.0000 -0.0675
1046.0000 -0.0675
1047.0000 -0.0675
1048.0000 -0.0675
1049.0000 -0.0676
1050.0000 -0.0676
1051.0000 -0.0676
1052.0000 -0.0676
1053.0000 -0.0676
1054.0000 -0.0677
1055.0000 -0.0677
1056.0000 -0.0677
1057.0000 -0.0677
1058.0000 -0.0678
1059.0000 -0.0678
1060.0000 -0.0678
1061.0000 -0.0678
1062.0000 -0.0678
1063.0000 -0.0679
1064.0000 -0.0679
1065.0000 -0.0679
1066.0000 -0.0679
1067.0000 -0.0679
1068.0000 -0.0679
1069.0000 -0.0680
1070.0000 -0.0680
1071.0000 -0.0680
1072.0000 -0.0680
1073.0000 -0.0680
1074.0000 -0.0681
1075.0000 -0.0681
1076.0000 -0.0681
1077.0000 -0.0681
1078.0000 -0.0681
1079.0000 -0.0681
1080.0000 -0.0682
1081.0000 -0.0682
1082.0000 -0.0682
1083.0000 -0.0682
1084.0000 -0.0682
1085.0000 -0.0682
1086.0000 -0.0683
1087.0000 -0.0683
1088.0000 -0.0683
1089.0000 -0.0683
1090.0000 -0.0683
1091.0000 -0.0683
1092.0000 -0.0683
1093.0000 -0.0684
1094.0000 -0.0684
1095.0000 -0.0684
1096.0000 -0.0684
1097.0000 -0.0684
1098.0000 -0.0684
1099.0000 -0.0684
1100.0000 -0.0685
1101.0000 -0.0685
1102.0000 -0.0685
1103.0000 -0.0685
1104.0000 -0.0685
1105.0000 -0.0685
1106.0000 -0.0685
1107.0000 -0.0685
1108.0000 -0.0686
1109.0000 -0.0686
1110.0000 -0.0686
1111.0000 -0.0686
1112.0000 -0.0686
1113.0000 -0.0686
1114.0000 -0.0686
1115.0000 -0.0686
1116.0000 -0.0687
1117.0000 -0.0687
1118.0000 -0.0687
1119.0000 -0.0687
1120.0000 -0.0687
1121.0000 -0.0687
1122.0000 -0.0687
1123.0000 -0.0687
1124.0000 -0.0688
1125.0000 -0.0688
1126.0000 -0.0688
1127.0000 -0.0688
1128.0000 -0.0688
1129.0000 -0.0688
1130.0000 -0.0688
1131.0000 -0.0688
1132.0000 -0.0688
1133.0000 -0.0688
1134.0000 -0.0689
1135.0000 -0.0689
1136.0000 -0.0689
1137.0000 -0.0689
1138.0000 -0.0689
1139.0000 -0.0689
1140.0000 -0.0689
1141.0000 -0.0689
1142.0000 -0.0689
1143.0000 -0.0689
1144.0000 -0.0690
1145.0000 -0.0690
1146.0000 -0.0690
1147.0000 -0.0690
1148.0000 -0.0690
1149.0000 -0.0690
1150.0000 -0.0690
1151.0000 -0.0690
1152.0000 -0.0690
1153.0000 -0.0690
1154.0000 -0.0690
1155.0000 -0.0690
1156.0000 -0.0691
1157.0000 -0.0691
1158.0000 -0.0691
1159.0000 -0.0691
1160.0000 -0.0691
1161.0000 -0.0691
1162.0000 -0.0691
1163.0000 -0.0691
1164.0000 -0.0691
1165.0000 -0.0691
1166.0000 -0.0691
1167.0000 -0.0691
1168.0000 -0.0691
1169.0000 -0.0692
1170.0000 -0.0692
1171.0000 -0.0692
1172.0000 -0.0692
1173.0000 -0.0692
1174.0000 -0.0692
1175.0000 -0.0692
1176.0000 -0.0692
1177.0000 -0.0692
1178.0000 -0.0692
1179.0000 -0.0692
1180.0000 -0.0692
1181.0000 -0.0692
1182.0000 -0.0692
1183.0000 -0.0693
1184.0000 -0.0693
1185.0000 -0.0693
1186.0000 -0.0693
1187.0000 -0.0693
1188.0000 -0.0693
1189.0000 -0.0693
1190.0000 -0.0693
1191.0000 -0.0693
1192.0000 -0.0693
1193.0000 -0.0693
1194.0000 -0.0693
1195.0000 -0.0693
1196.0000 -0.0693
1197.0000 -0.0693
1198.0000 -0.0693
1199.0000 -0.0694
1200.0000 -0.0694
