-0.1500 0.5744
-0.1400 0.5671
-0.1300 0.5597
-0.1200 0.5523
-0.1100 0.5449
-0.1000 0.5374
-0.0900 0.5300
-0.0800 0.5225
-0.0700 0.5150
-0.0600 0.5075
-0.0500 0.5000
-0.0400 0.4925
-0.0300 0.4850
-0.0200 0.4775
-0.0100 0.4700
0.0000 0.4626
0.0100 0.4551
0.0200 0.4477
0.0300 0.4403
0.0400 0.4329
0.0500 0.4256
0.0600 0.4182
0.0700 0.4110
0.0800 0.4037
0.0900 0.3965
0.1000 0.3894
0.1100 0.3823
0.1200 0.3752
0.1300 0.3682
0.1400 0.3612
0.1500 0.3543
0.1600 0.3475
0.1700 0.3407
0.1800 0.3340
0.1900 0.3274
0.2000 0.3208
0.2100 0.3143
0.2200 0.3079
0.2300 0.3015
0.2400 0.2953
0.2500 0.2891
0.2600 0.2829
0.2700 0.2769
0.2800 0.2709
0.2900 0.2650
0.3000 0.2592
0.3100 0.2535
0.3200 0.2479
0.3300 0.2423
0.3400 0.2369
0.3500 0.2315
0.3600 0.2262
0.3700 0.2210
0.3800 0.2159
0.3900 0.2108
0.4000 0.2059
0.4100 0.2010
0.4200 0.1962
0.4300 0.1915
0.4400 0.1869
0.4500 0.1824
0.4600 0.1780
0.4700 0.1736
0.4800 0.1694
0.4900 0.1652
0.5000 0.1611
0.5100 0.1571
0.5200 0.1532
0.5300 0.1493
0.5400 0.1455
0.5500 0.1419
0.5600 0.1382
0.5700 0.1347
0.5800 0.1312
0.5900 0.1279
0.6000 0.1246
0.6100 0.1213
0.6200 0.1182
0.6300 0.1151
0.6400 0.1120
0.6500 0.1091
0.6600 0.1062
0.6700 0.1034
0.6800 0.1007
0.6900 0.0980
0.7000 0.0953
0.7100 0.0928
0.7200 0.0903
0.7300 0.0879
0.7400 0.0855
0.7500 0.0832
0.7600 0.0809
0.7700 0.0787
0.7800 0.0766
0.7900 0.0745
0.8000 0.0724
0.8100 0.0704
0.8200 0.0685
0.8300 0.0666
0.8400 0.0648
0.8500 0.0630
0.8600 0.0612
0.8700 0.0595
0.8800 0.0579
0.8900 0.0563
0.9000 0.0547
0.9100 0.0532
0.9200 0.0517
0.9300 0.0502
0.9400 0.0488
0.9500 0.0474
0.9600 0.0461
0.9700 0.0448
0.9800 0.0435
0.9900 0.0423
1.0000 0.0411
1.0100 0.0399
1.0200 0.0388
1.0300 0.0377
1.0400 0.0366
1.0500 0.0356
1.0600 0.0346
1.0700 0.0336
1.0800 0.0326
1.0900 0.0317
1.1000 0.0308
1.1100 0.0299
1.1200 0.0290
1.1300 0.0282
1.1400 0.0274
1.1500 0.0266
1.1600 0.0258
1.1700 0.0251
1.1800 0.0244
1.1900 0.0237
1.2000 0.0230
1.2100 0.0223
1.2200 0.0217
1.2300 0.0210
1.2400 0.0204
1.2500 0.0198
1.2600 0.0193
1.2700 0.0187
1.2800 0.0182
1.2900 0.0176
1.3000 0.0171
1.3100 0.0166
1.3200 0.0161
1.3300 0.0157
1.3400 0.0152
1.3500 0.0148
1.3600 0.0143
1.3700 0.0139
1.3800 0.0135
1.3900 0.0131
1.4000 0.0127
1.4100 0.0124
1.4200 0.0120
1.4300 0.0117
1.4400 0.0113
1.4500 0.0110
1.4600 0.0107
1.4700 0.0104
1.4800 0.0101
1.4900 0.0098
1.5000 0.0095
1.5100 0.0092
1.5200 0.0089
1.5300 0.0087
1.5400 0.0084
1.5500 0.0082
1.5600 0.0079
1.5700 0.0077
1.5800 0.0075
1.5900 0.0072
1.6000 0.0070
1.6100 0.0068
1.6200 0.0066
1.6300 0.0064
1.6400 0.0062
1.6500 0.0061
1.6600 0.0059
1.6700 0.0057
1.6800 0.0055
1.6900 0.0054
1.7000 0.0052
1.7100 0.0051
1.7200 0.0049
1.7300 0.0048
1.7400 0.0046
1.7500 0.0045
1.7600 0.0044
1.7700 0.0042
1.7800 0.0041
1.7900 0.0040
1.8000 0.0039
1.8100 0.0038
1.8200 0.0036
1.8300 0.0035
1.8400 0.0034
1.8500 0.0033
1.8600 0.0032
1.8700 0.0031
1.8800 0.0030
1.8900 0.0030
1.9000 0.0029
1.9100 0.0028
1.9200 0.0027
1.9300 0.0026
1.9400 0.0025
1.9500 0.0025
1.9600 0.0024
1.9700 0.0023
1.9800 0.0023
1.9900 0.0022
2.0000 0.0021
2.0100 0.0021
2.0200 0.0020
2.0300 0.0019
2.0400 0.0019
2.0500 0.0018
2.0600 0.0018
2.0700 0.0017
2.0800 0.0017
2.0900 0.0016
2.1000 0.0016
2.1100 0.0015
2.1200 0.0015
2.1300 0.0014
2.1400 0.0014
2.1500 0.0014
2.1600 0.0013
2.1700 0.0013
2.1800 0.0012
2.1900 0.0012
2.2000 0.0012
2.2100 0.0011
2.2200 0.0011
2.2300 0.0011
2.2400 0.0010
2.2500 0.0010
2.2600 0.0010
2.2700 0.0009
2.2800 0.0009
2.2900 0.0009
2.3000 0.0009
2.3100 0.0008
2.3200 0.0008
2.3300 0.0008
2.3400 0.0008
2.3500 0.0007
2.3600 0.0007
2.3700 0.0007
2.3800 0.0007
2.3900 0.0007
2.4000 0.0006
2.4100 0.0006
2.4200 0.0006
2.4300 0.0006
2.4400 0.0006
2.4500 0.0006
2.4600 0.0005
2.4700 0.0005
2.4800 0.0005
2.4900 0.0005
2.5000 0.0005
2.5100 0.0005
2.5200 0.0004
2.5300 0.0004
2.5400 0.0004
2.5500 0.0004
2.5600 0.0004
2.5700 0.0004
2.5800 0.0004
2.5900 0.0004
2.6000 0.0004
2.6100 0.0003
2.6200 0.0003
2.6300 0.0003
2.6400 0.0003
2.6500 0.0003
2.6600 0.0003
2.6700 0.0003
2.6800 0.0003
2.6900 0.0003
2.7000 0.0003
2.7100 0.0003
2.7200 0.0002
2.7300 0.0002
2.7400 0.0002
2.7500 0.0002
2.7600 0.0002
2.7700 0.0002
2.7800 0.0002
2.7900 0.0002
2.8000 0.0002
2.8100 0.0002
2.8200 0.0002
2.8300 0.0002
2.8400 0.0002
2.8500 0.0002
2.8600 0.0002
2.8700 0.0002
2.8800 0.0002
2.8900 0.0001
2.9000 0.0001
2.9100 0.0001
2.9200 0.0001
2.9300 0.0001
2.9400 0.0001
2.9500 0.0001
2.9600 0.0001
2.9700 0.0001
2.9800 0.0001
2.9900 0.0001
3.0000 0.0001
3.0100 0.0001
3.0200 0.0001
3.0300 0.0001
3.0400 0.0001
3.0500 0.0001
3.0600 0.0001
3.0700 0.0001
3.0800 0.0001
3.0900 0.0001
3.1000 0.0001
3.1100 0.0001
3.1200 0.0001
3.1300 0.0001
3.1400 0.0001
3.1500 0.0001
3.1600 0.0001
3.1700 0.0001
3.1800 0.0001
3.1900 0.0001
3.2000 0.0001
3.2100 0.0001
3.2200 0.0001
3.2300 0.0001
3.2400 0.0001
3.2500 0.0001
3.2600 0.0000
3.2700 0.0000
3.2800 0.0000
3.2900 0.0000
3.3000 0.0000
3.3100 0.0000
3.3200 0.0000
3.3300 0.0000
3.3400 0.0000
3.3500 0.0000
3.3600 0.0000
3.3700 0.0000
3.3800 0.0000
3.3900 0.0000
3.4000 0.0000
3.4100 0.0000
3.4200 0.0000
3.4300 0.0000
3.4400 0.0000
3.4500 0.0000
3.4600 0.0000
3.4700 0.0000
3.4800 0.0000
3.4900 0.0000
3.5000 0.0000
3.5100 0.0000
3.5200 0.0000
3.5300 0.0000
3.5400 0.0000
3.5500 0.0000
3.5600 0.0000
3.5700 0.0000
3.5800 0.0000
3.5900 0.0000
3.6000 0.0000
3.6100 0.0000
3.6200 0.0000
3.6300 0.0000
3.6400 0.0000
3.6500 0.0000
3.6600 0.0000
3.6700 0.0000
3.6800 0.0000
3.6900 0.0000
3.7000 0.0000
3.7100 0.0000
3.7200 0.0000
3.7300 0.0000
3.7400 0.0000
3.7500 0.0000
3.7600 0.0000
3.7700 0.0000
3.7800 0.0000
3.7900 0.0000
3.8000 0.0000
3.8100 0.0000
3.8200 0.0000
3.8300 0.0000
3.8400 0.0000
3.8500 0.0000
3.8600 0.0000
3.8700 0.0000
3.8800 0.0000
3.8900 0.0000
3.9000 0.0000
3.9100 0.0000
3.9200 0.0000
3.9300 0.0000
3.9400 0.0000
3.9500 0.0000
3.9600 0.0000
3.9700 0.0000
3.9800 0.0000
3.9900 0.0000
4.0000 0.0000
4.0100 0.0000
4.0200 0.0000
4.0300 0.0000
4.0400 0.0000
4.0500 0.0000
4.0600 0.0000
4.0700 0.0000
4.0800 0.0000
4.0900 0.0000
4.1000 0.0000
4.1100 0.0000
4.1200 0.0000
4.1300 0.0000
4.1400 0.0000
4.1500 0.0000
4.1600 0.0000
4.1700 0.0000
4.1800 0.0000
4.1900 0.0000
4.2000 0.0000
4.2100 0.0000
4.2200 0.0000
4.2300 0.0000
4.2400 0.0000
4.2500 0.0000
4.2600 0.0000
4.2700 0.0000
4.2800 0.0000
