1.0000 0.0000
2.0000 0.0000
3.0000 0.0000
4.0000 0.0000
5.0000 0.0000
6.0000 0.0000
7.0000 0.0000
8.0000 0.0000
9.0000 0.0000
10.0000 0.0000
11.0000 0.0000
12.0000 0.0267
13.0000 0.1048
14.0000 0.2257
15.0000 0.3735
16.0000 0.5334
17.0000 0.6934
18.0000 0.8387
19.0000 0.9545
20.0000 1.0355
21.0000 1.0823
22.0000 1.0969
23.0000 1.0824
24.0000 1.0335
25.0000 0.9611
26.0000 0.8824
27.0000 0.8094
28.0000 0.7490
29.0000 0.7045
30.0000 0.6773
31.0000 0.6675
32.0000 0.6737
33.0000 0.6944
34.0000 0.7287
35.0000 0.7750
36.0000 0.8304
37.0000 0.8913
38.0000 0.9537
39.0000 1.0137
40.0000 1.0674
41.0000 1.1106
42.0000 1.1371
43.0000 1.1446
44.0000 1.1367
45.0000 1.1179
46.0000 1.0925
47.0000 1.0639
48.0000 1.0351
49.0000 1.0084
50.0000 0.9857
51.0000 0.9681
52.0000 0.9561
53.0000 0.9496
54.0000 0.9481
55.0000 0.9509
56.0000 0.9569
57.0000 0.9652
58.0000 0.9746
59.0000 0.9842
60.0000 0.9932
61.0000 1.0011
62.0000 1.0074
63.0000 1.0120
64.0000 1.0147
65.0000 1.0158
66.0000 1.0155
67.0000 1.0140
68.0000 1.0117
69.0000 1.0090
70.0000 1.0061
71.0000 1.0032
72.0000 1.0007
73.0000 0.9986
74.0000 0.9971
75.0000 0.9960
76.0000 0.9955
77.0000 0.9955
78.0000 0.9958
79.0000 0.9964
80.0000 0.9971
81.0000 0.9980
82.0000 0.9988
83.0000 0.9996
84.0000 1.0003
85.0000 1.0008
86.0000 1.0011
87.0000 1.0013
88.0000 1.0014
89.0000 1.0013
90.0000 1.0012
91.0000 1.0010
92.0000 1.0007
93.0000 1.0005
94.0000 1.0003
95.0000 1.0001
96.0000 0.9999
97.0000 0.9998
98.0000 0.9997
99.0000 0.9996
100.0000 0.9996
101.0000 0.9997
102.0000 0.9997
103.0000 0.9998
104.0000 0.9998
105.0000 0.9999
106.0000 1.0000
107.0000 1.0000
108.0000 1.0001
109.0000 1.0001
110.0000 1.0001
111.0000 1.0001
112.0000 1.0001
113.0000 1.0001
114.0000 1.0001
115.0000 1.0001
116.0000 1.0000
117.0000 1.0000
118.0000 1.0000
119.0000 1.0000
120.0000 1.0000
121.0000 1.0000
122.0000 1.0000
123.0000 1.0000
124.0000 1.0000
125.0000 1.0000
126.0000 1.0000
127.0000 1.0000
128.0000 1.0000
129.0000 1.0000
130.0000 1.0000
131.0000 1.0000
132.0000 1.0000
133.0000 1.0000
134.0000 1.0000
135.0000 1.0000
136.0000 1.0000
137.0000 1.0000
138.0000 1.0000
139.0000 1.0000
140.0000 1.0000
141.0000 1.0000
142.0000 1.0000
143.0000 1.0000
144.0000 1.0000
145.0000 1.0000
146.0000 1.0000
147.0000 1.0000
148.0000 1.0000
149.0000 1.0000
150.0000 1.0000
151.0000 1.0000
152.0000 1.0000
153.0000 1.0000
154.0000 1.0000
155.0000 1.0000
156.0000 1.0000
157.0000 1.0000
158.0000 1.0000
159.0000 1.0000
160.0000 1.0000
161.0000 1.0000
162.0000 1.0000
163.0000 1.0000
164.0000 1.0000
165.0000 1.0000
166.0000 1.0000
167.0000 1.0000
168.0000 1.0000
169.0000 1.0000
170.0000 1.0000
171.0000 1.0000
172.0000 1.0000
173.0000 1.0000
174.0000 1.0000
175.0000 1.0000
176.0000 1.0000
177.0000 1.0000
178.0000 1.0000
179.0000 1.0000
180.0000 1.0000
181.0000 1.0000
182.0000 1.0000
183.0000 1.0000
184.0000 1.0000
185.0000 1.0000
186.0000 1.0000
187.0000 1.0000
188.0000 1.0000
189.0000 1.0000
190.0000 1.0000
191.0000 1.0000
192.0000 1.0000
193.0000 1.0000
194.0000 1.0000
195.0000 1.0000
196.0000 1.0000
197.0000 1.0000
198.0000 1.0000
199.0000 1.0000
200.0000 1.0000
201.0000 1.0000
202.0000 1.0000
203.0000 1.0000
204.0000 1.0000
205.0000 1.0000
206.0000 1.0000
207.0000 1.0000
208.0000 1.0000
209.0000 1.0000
210.0000 1.0000
211.0000 1.0000
212.0000 1.0000
213.0000 1.0000
214.0000 1.0000
215.0000 1.0000
216.0000 1.0000
217.0000 1.0000
218.0000 1.0000
219.0000 1.0000
220.0000 1.0000
221.0000 1.0000
222.0000 1.0000
223.0000 1.0000
224.0000 1.0000
225.0000 1.0000
226.0000 1.0000
227.0000 1.0000
228.0000 1.0000
229.0000 1.0000
230.0000 1.0000
231.0000 1.0000
232.0000 1.0000
233.0000 1.0000
234.0000 1.0000
235.0000 1.0000
236.0000 1.0000
237.0000 1.0000
238.0000 1.0000
239.0000 1.0000
240.0000 1.0000
241.0000 1.0000
242.0000 1.0000
243.0000 1.0000
244.0000 1.0000
245.0000 1.0000
246.0000 1.0000
247.0000 1.0000
248.0000 1.0000
249.0000 1.0000
250.0000 1.0000
251.0000 1.0000
252.0000 1.0000
253.0000 1.0000
254.0000 1.0000
255.0000 1.0000
256.0000 1.0000
257.0000 1.0524
258.0000 1.1679
259.0000 1.3241
260.0000 1.5015
261.0000 1.6853
262.0000 1.8651
263.0000 2.0332
264.0000 2.1845
265.0000 2.3163
266.0000 2.4277
267.0000 2.5192
268.0000 2.5924
269.0000 2.6493
270.0000 2.6923
271.0000 2.7243
272.0000 2.7477
273.0000 2.7651
274.0000 2.7786
275.0000 2.7901
276.0000 2.8010
277.0000 2.8125
278.0000 2.8252
279.0000 2.8395
280.0000 2.8555
281.0000 2.8730
282.0000 2.8916
283.0000 2.9109
284.0000 2.9303
285.0000 2.9492
286.0000 2.9671
287.0000 2.9835
288.0000 2.9979
289.0000 3.0100
290.0000 3.0198
291.0000 3.0269
292.0000 3.0316
293.0000 3.0339
294.0000 3.0341
295.0000 3.0325
296.0000 3.0293
297.0000 3.0250
298.0000 3.0199
299.0000 3.0144
300.0000 3.0088
301.0000 3.0035
302.0000 2.9986
303.0000 2.9944
304.0000 2.9910
305.0000 2.9884
306.0000 2.9867
307.0000 2.9859
308.0000 2.9858
309.0000 2.9865
310.0000 2.9877
311.0000 2.9894
312.0000 2.9915
313.0000 2.9937
314.0000 2.9959
315.0000 2.9981
316.0000 3.0000
317.0000 3.0018
318.0000 3.0032
319.0000 3.0043
320.0000 3.0050
321.0000 3.0054
322.0000 3.0054
323.0000 3.0052
324.0000 3.0047
325.0000 3.0040
326.0000 3.0032
327.0000 3.0024
328.0000 3.0015
329.0000 3.0006
330.0000 2.9998
331.0000 2.9992
332.0000 2.9986
333.0000 2.9982
334.0000 2.9979
335.0000 2.9978
336.0000 2.9978
337.0000 2.9979
338.0000 2.9981
339.0000 2.9984
340.0000 2.9987
341.0000 2.9991
342.0000 2.9994
343.0000 2.9998
344.0000 3.0001
345.0000 3.0004
346.0000 3.0006
347.0000 3.0008
348.0000 3.0009
349.0000 3.0009
350.0000 3.0009
351.0000 3.0009
352.0000 3.0008
353.0000 3.0006
354.0000 3.0005
355.0000 3.0004
356.0000 3.0002
357.0000 3.0001
358.0000 2.9999
359.0000 2.9998
360.0000 2.9998
361.0000 2.9997
362.0000 2.9996
363.0000 2.9996
364.0000 2.9996
365.0000 2.9997
366.0000 2.9997
367.0000 2.9997
368.0000 2.9998
369.0000 2.9999
370.0000 2.9999
371.0000 3.0000
372.0000 3.0000
373.0000 3.0001
374.0000 3.0001
375.0000 3.0001
376.0000 3.0001
377.0000 3.0002
378.0000 3.0001
379.0000 3.0001
380.0000 3.0001
381.0000 3.0001
382.0000 3.0001
383.0000 3.0001
384.0000 3.0000
385.0000 3.0000
386.0000 3.0000
387.0000 3.0000
388.0000 3.0000
389.0000 2.9999
390.0000 2.9999
391.0000 2.9999
392.0000 2.9999
393.0000 2.9999
394.0000 3.0000
395.0000 3.0000
396.0000 3.0000
397.0000 3.0000
398.0000 3.0000
399.0000 3.0000
400.0000 3.0000
401.0000 3.0000
402.0000 3.0000
403.0000 3.0000
404.0000 3.0000
405.0000 3.0000
406.0000 3.0000
407.0000 3.0000
408.0000 3.0000
409.0000 3.0000
410.0000 3.0000
411.0000 3.0000
412.0000 3.0000
413.0000 3.0000
414.0000 3.0000
415.0000 3.0000
416.0000 3.0000
417.0000 3.0000
418.0000 3.0000
419.0000 3.0000
420.0000 3.0000
421.0000 3.0000
422.0000 3.0000
423.0000 3.0000
424.0000 3.0000
425.0000 3.0000
426.0000 3.0000
427.0000 3.0000
428.0000 3.0000
429.0000 3.0000
430.0000 3.0000
431.0000 3.0000
432.0000 3.0000
433.0000 3.0000
434.0000 3.0000
435.0000 3.0000
436.0000 3.0000
437.0000 3.0000
438.0000 3.0000
439.0000 3.0000
440.0000 3.0000
441.0000 3.0000
442.0000 3.0000
443.0000 3.0000
444.0000 3.0000
445.0000 3.0000
446.0000 3.0000
447.0000 3.0000
448.0000 3.0000
449.0000 3.0000
450.0000 3.0000
451.0000 3.0000
452.0000 3.0000
453.0000 3.0000
454.0000 3.0000
455.0000 3.0000
456.0000 3.0000
457.0000 3.0000
458.0000 3.0000
459.0000 3.0000
460.0000 3.0000
461.0000 3.0000
462.0000 3.0000
463.0000 3.0000
464.0000 3.0000
465.0000 3.0000
466.0000 3.0000
467.0000 3.0000
468.0000 3.0000
469.0000 3.0000
470.0000 3.0000
471.0000 3.0000
472.0000 3.0000
473.0000 3.0000
474.0000 3.0000
475.0000 3.0000
476.0000 3.0000
477.0000 3.0000
478.0000 3.0000
479.0000 3.0000
480.0000 3.0000
481.0000 3.0000
482.0000 3.0000
483.0000 3.0000
484.0000 3.0000
485.0000 3.0000
486.0000 3.0000
487.0000 3.0000
488.0000 3.0000
489.0000 3.0000
490.0000 3.0000
491.0000 3.0000
492.0000 3.0000
493.0000 3.0000
494.0000 3.0000
495.0000 3.0000
496.0000 3.0000
497.0000 3.0000
498.0000 3.0000
499.0000 3.0000
500.0000 3.0000
501.0000 3.0000
502.0000 3.0000
503.0000 3.0000
504.0000 3.0000
505.0000 3.0000
506.0000 3.0000
507.0000 2.9269
508.0000 2.7884
509.0000 2.6164
510.0000 2.4338
511.0000 2.2553
512.0000 2.0896
513.0000 1.9443
514.0000 1.8256
515.0000 1.7370
516.0000 1.6794
517.0000 1.6514
518.0000 1.6502
519.0000 1.6717
520.0000 1.7113
521.0000 1.7639
522.0000 1.8244
523.0000 1.8882
524.0000 1.9509
525.0000 2.0090
526.0000 2.0596
527.0000 2.1008
528.0000 2.1314
529.0000 2.1509
530.0000 2.1596
531.0000 2.1586
532.0000 2.1492
533.0000 2.1330
534.0000 2.1120
535.0000 2.0880
536.0000 2.0630
537.0000 2.0385
538.0000 2.0158
539.0000 1.9961
540.0000 1.9799
541.0000 1.9678
542.0000 1.9598
543.0000 1.9557
544.0000 1.9552
545.0000 1.9577
546.0000 1.9626
547.0000 1.9692
548.0000 1.9769
549.0000 1.9850
550.0000 1.9930
551.0000 2.0003
552.0000 2.0067
553.0000 2.0118
554.0000 2.0155
555.0000 2.0179
556.0000 2.0189
557.0000 2.0187
558.0000 2.0174
559.0000 2.0154
560.0000 2.0127
561.0000 2.0097
562.0000 2.0066
563.0000 2.0036
564.0000 2.0008
565.0000 1.9983
566.0000 1.9964
567.0000 1.9949
568.0000 1.9940
569.0000 1.9936
570.0000 1.9936
571.0000 1.9940
572.0000 1.9947
573.0000 1.9956
574.0000 1.9967
575.0000 1.9978
576.0000 1.9989
577.0000 1.9999
578.0000 2.0007
579.0000 2.0014
580.0000 2.0019
581.0000 2.0023
582.0000 2.0024
583.0000 2.0024
584.0000 2.0022
585.0000 2.0020
586.0000 2.0016
587.0000 2.0012
588.0000 2.0008
589.0000 2.0004
590.0000 2.0001
591.0000 1.9998
592.0000 1.9995
593.0000 1.9993
594.0000 1.9992
595.0000 1.9991
596.0000 1.9991
597.0000 1.9992
598.0000 1.9993
599.0000 1.9994
600.0000 1.9996
601.0000 1.9997
602.0000 1.9998
603.0000 2.0000
604.0000 2.0001
605.0000 2.0002
606.0000 2.0003
607.0000 2.0003
608.0000 2.0003
609.0000 2.0003
610.0000 2.0003
611.0000 2.0003
612.0000 2.0002
613.0000 2.0002
614.0000 2.0001
615.0000 2.0001
616.0000 2.0000
617.0000 2.0000
618.0000 1.9999
619.0000 1.9999
620.0000 1.9999
621.0000 1.9999
622.0000 1.9999
623.0000 1.9999
624.0000 1.9999
625.0000 1.9999
626.0000 1.9999
627.0000 2.0000
628.0000 2.0000
629.0000 2.0000
630.0000 2.0000
631.0000 2.0000
632.0000 2.0000
633.0000 2.0000
634.0000 2.0000
635.0000 2.0000
636.0000 2.0000
637.0000 2.0000
638.0000 2.0000
639.0000 2.0000
640.0000 2.0000
641.0000 2.0000
642.0000 2.0000
643.0000 2.0000
644.0000 2.0000
645.0000 2.0000
646.0000 2.0000
647.0000 2.0000
648.0000 2.0000
649.0000 2.0000
650.0000 2.0000
651.0000 2.0000
652.0000 2.0000
653.0000 2.0000
654.0000 2.0000
655.0000 2.0000
656.0000 2.0000
657.0000 2.0000
658.0000 2.0000
659.0000 2.0000
660.0000 2.0000
661.0000 2.0000
662.0000 2.0000
663.0000 2.0000
664.0000 2.0000
665.0000 2.0000
666.0000 2.0000
667.0000 2.0000
668.0000 2.0000
669.0000 2.0000
670.0000 2.0000
671.0000 2.0000
672.0000 2.0000
673.0000 2.0000
674.0000 2.0000
675.0000 2.0000
676.0000 2.0000
677.0000 2.0000
678.0000 2.0000
679.0000 2.0000
680.0000 2.0000
681.0000 2.0000
682.0000 2.0000
683.0000 2.0000
684.0000 2.0000
685.0000 2.0000
686.0000 2.0000
687.0000 2.0000
688.0000 2.0000
689.0000 2.0000
690.0000 2.0000
691.0000 2.0000
692.0000 2.0000
693.0000 2.0000
694.0000 2.0000
695.0000 2.0000
696.0000 2.0000
697.0000 2.0000
698.0000 2.0000
699.0000 2.0000
700.0000 2.0000
701.0000 2.0000
702.0000 2.0000
703.0000 2.0000
704.0000 2.0000
705.0000 2.0000
706.0000 2.0000
707.0000 2.0000
708.0000 2.0000
709.0000 2.0000
710.0000 2.0000
711.0000 2.0000
712.0000 2.0000
713.0000 2.0000
714.0000 2.0000
715.0000 2.0000
716.0000 2.0000
717.0000 2.0000
718.0000 2.0000
719.0000 2.0000
720.0000 2.0000
721.0000 2.0000
722.0000 2.0000
723.0000 2.0000
724.0000 2.0000
725.0000 2.0000
726.0000 2.0000
727.0000 2.0000
728.0000 2.0000
729.0000 2.0000
730.0000 2.0000
731.0000 2.0000
732.0000 2.0000
733.0000 2.0000
734.0000 2.0000
735.0000 2.0000
736.0000 2.0000
737.0000 2.0000
738.0000 2.0000
739.0000 2.0000
740.0000 2.0000
741.0000 2.0000
742.0000 2.0000
743.0000 2.0000
744.0000 2.0000
745.0000 2.0000
746.0000 2.0000
747.0000 2.0000
748.0000 2.0000
749.0000 2.0000
750.0000 2.0000
751.0000 2.0000
752.0000 2.0000
753.0000 2.0000
754.0000 2.0000
755.0000 2.0000
756.0000 2.0000
757.0000 1.7661
758.0000 1.4515
759.0000 1.1523
760.0000 0.8978
761.0000 0.6919
762.0000 0.5301
763.0000 0.4071
764.0000 0.3208
765.0000 0.2683
766.0000 0.2430
767.0000 0.2232
768.0000 0.2013
769.0000 0.1809
770.0000 0.1646
771.0000 0.1525
772.0000 0.1436
773.0000 0.1368
774.0000 0.1309
775.0000 0.1253
776.0000 0.1195
777.0000 0.1132
778.0000 0.1064
779.0000 0.0991
780.0000 0.0917
781.0000 0.0842
782.0000 0.0770
783.0000 0.0701
784.0000 0.0638
785.0000 0.0580
786.0000 0.0528
787.0000 0.0482
788.0000 0.0440
789.0000 0.0401
790.0000 0.0366
791.0000 0.0334
792.0000 0.0303
793.0000 0.0273
794.0000 0.0245
795.0000 0.0217
796.0000 0.0191
797.0000 0.0165
798.0000 0.0141
799.0000 0.0117
800.0000 0.0094
801.0000 0.0072
802.0000 0.0050
803.0000 0.0030
804.0000 0.0010
805.0000 -0.0010
806.0000 -0.0028
807.0000 -0.0046
808.0000 -0.0064
809.0000 -0.0081
810.0000 -0.0097
811.0000 -0.0113
812.0000 -0.0128
813.0000 -0.0143
814.0000 -0.0158
815.0000 -0.0172
816.0000 -0.0186
817.0000 -0.0199
818.0000 -0.0212
819.0000 -0.0224
820.0000 -0.0236
821.0000 -0.0247
822.0000 -0.0259
823.0000 -0.0270
824.0000 -0.0280
825.0000 -0.0290
826.0000 -0.0300
827.0000 -0.0310
828.0000 -0.0319
829.0000 -0.0328
830.0000 -0.0337
831.0000 -0.0346
832.0000 -0.0354
833.0000 -0.0362
834.0000 -0.0370
835.0000 -0.0377
836.0000 -0.0385
837.0000 -0.0392
838.0000 -0.0399
839.0000 -0.0405
840.0000 -0.0412
841.0000 -0.0418
842.0000 -0.0424
843.0000 -0.0430
844.0000 -0.0436
845.0000 -0.0442
846.0000 -0.0447
847.0000 -0.0453
848.0000 -0.0458
849.0000 -0.0463
850.0000 -0.0468
851.0000 -0.0473
852.0000 -0.0477
853.0000 -0.0482
854.0000 -0.0486
855.0000 -0.0491
856.0000 -0.0495
857.0000 -0.0499
858.0000 -0.0503
859.0000 -0.0507
860.0000 -0.0510
861.0000 -0.0514
862.0000 -0.0518
863.0000 -0.0521
864.0000 -0.0525
865.0000 -0.0528
866.0000 -0.0531
867.0000 -0.0535
868.0000 -0.0538
869.0000 -0.0541
870.0000 -0.0544
871.0000 -0.0547
872.0000 -0.0549
873.0000 -0.0552
874.0000 -0.0555
875.0000 -0.0557
876.0000 -0.0560
877.0000 -0.0563
878.0000 -0.0565
879.0000 -0.0567
880.0000 -0.0570
881.0000 -0.0572
882.0000 -0.0574
883.0000 -0.0577
884.0000 -0.0579
885.0000 -0.0581
886.0000 -0.0583
887.0000 -0.0585
888.0000 -0.0587
889.0000 -0.0589
890.0000 -0.0591
891.0000 -0.0593
892.0000 -0.0594
893.0000 -0.0596
894.0000 -0.0598
895.0000 -0.0600
896.0000 -0.0601
897.0000 -0.0603
898.0000 -0.0605
899.0000 -0.0606
900.0000 -0.0608
901.0000 -0.0609
902.0000 -0.0611
903.0000 -0.0612
904.0000 -0.0614
905.0000 -0.0615
906.0000 -0.0617
907.0000 -0.0618
908.0000 -0.0619
909.0000 -0.0621
910.0000 -0.0622
911.0000 -0.0623
912.0000 -0.0624
913.0000 -0.0626
914.0000 -0.0627
915.0000 -0.0628
916.0000 -0.0629
917.0000 -0.0630
918.0000 -0.0631
919.0000 -0.0632
920.0000 -0.0633
921.0000 -0.0634
922.0000 -0.0635
923.0000 -0.0636
924.0000 -0.0637
925.0000 -0.0638
926.0000 -0.0639
927.0000 -0.0640
928.0000 -0.0641
929.0000 -0.0642
930.0000 -0.0643
931.0000 -0.0644
932.0000 -0.0645
933.0000 -0.0646
934.0000 -0.0646
935.0000 -0.0647
936.0000 -0.0648
937.0000 -0.0649
938.0000 -0.0650
939.0000 -0.0650
940.0000 -0.0651
941.0000 -0.0652
942.0000 -0.0653
943.0000 -0.0653
944.0000 -0.0654
945.0000 -0.0655
946.0000 -0.0655
947.0000 -0.0656
948.0000 -0.0657
949.0000 -0.0657
950.0000 -0.0658
951.0000 -0.0659
952.0000 -0.0659
953.0000 -0.0660
954.0000 -0.0660
955.0000 -0.0661
956.0000 -0.0662
957.0000 -0.0662
958.0000 -0.0663
959.0000 -0.0663
960.0000 -0.0664
961.0000 -0.0664
962.0000 -0.0665
963.0000 -0.0665
964.0000 -0.0666
965.0000 -0.0666
966.0000 -0.0667
967.0000 -0.0667
968.0000 -0.0668
969.0000 -0.0668
970.0000 -0.0669
971.0000 -0.0669
972.0000 -0.0670
973.0000 -0.0670
974.0000 -0.0671
975.0000 -0.0671
976.0000 -0.0671
977.0000 -0.0672
978.0000 -0.0672
979.0000 -0.0673
980.0000 -0.0673
981.0000 -0.0673
982.0000 -0.0674
983.0000 -0.0674
984.0000 -0.0675
985.0000 -0.0675
986.0000 -0.0675
987.0000 -0.0676
988.0000 -0.0676
989.0000 -0.0676
990.0000 -0.0677
991.0000 -0.0677
992.0000 -0.0677
993.0000 -0.0678
994.0000 -0.0678
995.0000 -0.0678
996.0000 -0.0679
997.0000 -0.0679
998.0000 -0.0679
999.0000 -0.0679
1000.0000 -0.0680
1001.0000 -0.0680
1002.0000 -0.0680
1003.0000 -0.0681
1004.0000 -0.0681
1005.0000 -0.0681
1006.0000 -0.0681
1007.0000 -0.0682
1008.0000 -0.0682
1009.0000 -0.0682
1010.0000 -0.0682
1011.0000 -0.0683
1012.0000 -0.0683
1013.0000 -0.0683
1014.0000 -0.0683
1015.0000 -0.0684
1016.0000 -0.0684
1017.0000 -0.0684
1018.0000 -0.0684
1019.0000 -0.0685
1020.0000 -0.0685
1021.0000 -0.0685
1022.0000 -0.0685
1023.0000 -0.0685
1024.0000 -0.0686
1025.0000 -0.0686
1026.0000 -0.0686
1027.0000 -0.0686
1028.0000 -0.0686
1029.0000 -0.0687
1030.0000 -0.0687
1031.0000 -0.0687
1032.0000 -0.0687
1033.0000 -0.0687
1034.0000 -0.0687
1035.0000 -0.0688
1036.0000 -0.0688
1037.0000 -0.0688
1038.0000 -0.0688
1039.0000 -0.0688
1040.0000 -0.0688
1041.0000 -0.0689
1042.0000 -0.0689
1043.0000 -0.0689
1044.0000 -0.0689
1045.0000 -0.0689
1046.0000 -0.0689
1047.0000 -0.0690
1048.0000 -0.0690
1049.0000 -0.0690
1050.0000 -0.0690
1051.0000 -0.0690
1052.0000 -0.0690
1053.0000 -0.0690
1054.0000 -0.0691
1055.0000 -0.0691
1056.0000 -0.0691
1057.0000 -0.0691
1058.0000 -0.0691
1059.0000 -0.0691
1060.0000 -0.0691
1061.0000 -0.0691
1062.0000 -0.0692
1063.0000 -0.0692
1064.0000 -0.0692
1065.0000 -0.0692
1066.0000 -0.0692
1067.0000 -0.0692
1068.0000 -0.0692
1069.0000 -0.0692
1070.0000 -0.0692
1071.0000 -0.0692
1072.0000 -0.0693
1073.0000 -0.0693
1074.0000 -0.0693
1075.0000 -0.0693
1076.0000 -0.0693
1077.0000 -0.0693
1078.0000 -0.0693
1079.0000 -0.0693
1080.0000 -0.0693
1081.0000 -0.0693
1082.0000 -0.0694
1083.0000 -0.0694
1084.0000 -0.0694
1085.0000 -0.0694
1086.0000 -0.0694
1087.0000 -0.0694
1088.0000 -0.0694
1089.0000 -0.0694
1090.0000 -0.0694
1091.0000 -0.0694
1092.0000 -0.0694
1093.0000 -0.0694
1094.0000 -0.0695
1095.0000 -0.0695
1096.0000 -0.0695
1097.0000 -0.0695
1098.0000 -0.0695
1099.0000 -0.0695
1100.0000 -0.0695
1101.0000 -0.0695
1102.0000 -0.0695
1103.0000 -0.0695
1104.0000 -0.0695
1105.0000 -0.0695
1106.0000 -0.0695
1107.0000 -0.0695
1108.0000 -0.0695
1109.0000 -0.0696
1110.0000 -0.0696
1111.0000 -0.0696
1112.0000 -0.0696
1113.0000 -0.0696
1114.0000 -0.0696
1115.0000 -0.0696
1116.0000 -0.0696
1117.0000 -0.0696
1118.0000 -0.0696
1119.0000 -0.0696
1120.0000 -0.0696
1121.0000 -0.0696
1122.0000 -0.0696
1123.0000 -0.0696
1124.0000 -0.0696
1125.0000 -0.0696
1126.0000 -0.0696
1127.0000 -0.0697
1128.0000 -0.0697
1129.0000 -0.0697
1130.0000 -0.0697
1131.0000 -0.0697
1132.0000 -0.0697
1133.0000 -0.0697
1134.0000 -0.0697
1135.0000 -0.0697
1136.0000 -0.0697
1137.0000 -0.0697
1138.0000 -0.0697
1139.0000 -0.0697
1140.0000 -0.0697
1141.0000 -0.0697
1142.0000 -0.0697
1143.0000 -0.0697
1144.0000 -0.0697
1145.0000 -0.0697
1146.0000 -0.0697
1147.0000 -0.0697
1148.0000 -0.0697
1149.0000 -0.0697
1150.0000 -0.0697
1151.0000 -0.0697
1152.0000 -0.0698
1153.0000 -0.0698
1154.0000 -0.0698
1155.0000 -0.0698
1156.0000 -0.0698
1157.0000 -0.0698
1158.0000 -0.0698
1159.0000 -0.0698
1160.0000 -0.0698
1161.0000 -0.0698
1162.0000 -0.0698
1163.0000 -0.0698
1164.0000 -0.0698
1165.0000 -0.0698
1166.0000 -0.0698
1167.0000 -0.0698
1168.0000 -0.0698
1169.0000 -0.0698
1170.0000 -0.0698
1171.0000 -0.0698
1172.0000 -0.0698
1173.0000 -0.0698
1174.0000 -0.0698
1175.0000 -0.0698
1176.0000 -0.0698
1177.0000 -0.0698
1178.0000 -0.0698
1179.0000 -0.0698
1180.0000 -0.0698
1181.0000 -0.0698
1182.0000 -0.0698
1183.0000 -0.0698
1184.0000 -0.0698
1185.0000 -0.0698
1186.0000 -0.0698
1187.0000 -0.0698
1188.0000 -0.0698
1189.0000 -0.0699
1190.0000 -0.0699
1191.0000 -0.0699
1192.0000 -0.0699
1193.0000 -0.0699
1194.0000 -0.0699
1195.0000 -0.0699
1196.0000 -0.0699
1197.0000 -0.0699
1198.0000 -0.0699
1199.0000 -0.0699
1200.0000 -0.0699
