1.0000 0.0000
2.0000 0.0000
3.0000 0.0000
4.0000 0.0000
5.0000 0.0000
6.0000 0.0000
7.0000 1.0000
8.0000 0.6553
9.0000 0.7236
10.0000 0.6738
11.0000 0.6651
12.0000 0.6487
13.0000 0.5297
14.0000 0.5409
15.0000 0.4896
16.0000 0.4651
17.0000 0.4210
18.0000 0.3511
19.0000 0.2467
20.0000 0.2620
21.0000 0.2887
22.0000 0.3168
23.0000 0.3458
24.0000 0.3770
25.0000 0.4122
26.0000 0.4450
27.0000 0.4733
28.0000 0.5224
29.0000 0.5679
30.0000 0.5733
31.0000 0.5832
32.0000 0.5788
33.0000 0.5725
34.0000 0.5570
35.0000 0.5339
36.0000 0.4930
37.0000 0.4492
38.0000 0.4337
39.0000 0.4277
40.0000 0.4244
41.0000 0.4233
42.0000 0.4253
43.0000 0.4309
44.0000 0.4389
45.0000 0.4480
46.0000 0.4570
47.0000 0.4653
48.0000 0.4723
49.0000 0.4776
50.0000 0.4812
51.0000 0.4831
52.0000 0.4834
53.0000 0.4826
54.0000 0.4808
55.0000 0.4783
56.0000 0.4756
57.0000 0.4727
58.0000 0.4702
59.0000 0.4680
60.0000 0.4662
61.0000 0.4650
62.0000 0.4642
63.0000 0.4639
64.0000 0.4641
65.0000 0.4645
66.0000 0.4652
67.0000 0.4659
68.0000 0.4668
69.0000 0.4675
70.0000 0.4682
71.0000 0.4688
72.0000 0.4692
73.0000 0.4694
74.0000 0.4695
75.0000 0.4695
76.0000 0.4694
77.0000 0.4692
78.0000 0.4690
79.0000 0.4688
80.0000 0.4685
81.0000 0.4683
82.0000 0.4681
83.0000 0.4680
84.0000 0.4679
85.0000 0.4679
86.0000 0.4679
87.0000 0.4679
88.0000 0.4679
89.0000 0.4680
90.0000 0.4681
91.0000 0.4681
92.0000 0.4682
93.0000 0.4682
94.0000 0.4683
95.0000 0.4683
96.0000 0.4683
97.0000 0.4683
98.0000 0.4683
99.0000 0.4683
100.0000 0.4683
101.0000 0.4683
102.0000 0.4683
103.0000 0.4682
104.0000 0.4682
105.0000 0.4682
106.0000 0.4682
107.0000 0.4682
108.0000 0.4682
109.0000 0.4682
110.0000 0.4682
111.0000 0.4682
112.0000 0.4682
113.0000 0.4682
114.0000 0.4682
115.0000 0.4682
116.0000 0.4682
117.0000 0.4682
118.0000 0.4682
119.0000 0.4682
120.0000 0.4682
121.0000 0.4682
122.0000 0.4682
123.0000 0.4682
124.0000 0.4682
125.0000 0.4682
126.0000 0.4682
127.0000 0.4682
128.0000 0.4682
129.0000 0.4682
130.0000 0.4682
131.0000 0.4682
132.0000 0.4682
133.0000 0.4682
134.0000 0.4682
135.0000 0.4682
136.0000 0.4682
137.0000 0.4682
138.0000 0.4682
139.0000 0.4682
140.0000 0.4682
141.0000 0.4682
142.0000 0.4682
143.0000 0.4682
144.0000 0.4682
145.0000 0.4682
146.0000 0.4682
147.0000 0.4682
148.0000 0.4682
149.0000 0.4682
150.0000 0.4682
151.0000 0.4682
152.0000 0.4682
153.0000 0.4682
154.0000 0.4682
155.0000 0.4682
156.0000 0.4682
157.0000 0.4682
158.0000 0.4682
159.0000 0.4682
160.0000 0.4682
161.0000 0.4682
162.0000 0.4682
163.0000 0.4682
164.0000 0.4682
165.0000 0.4682
166.0000 0.4682
167.0000 0.4682
168.0000 0.4682
169.0000 0.4682
170.0000 0.4682
171.0000 0.4682
172.0000 0.4682
173.0000 0.4682
174.0000 0.4682
175.0000 0.4682
176.0000 0.4682
177.0000 0.4682
178.0000 0.4682
179.0000 0.4682
180.0000 0.4682
181.0000 0.4682
182.0000 0.4682
183.0000 0.4682
184.0000 0.4682
185.0000 0.4682
186.0000 0.4682
187.0000 0.4682
188.0000 0.4682
189.0000 0.4682
190.0000 0.4682
191.0000 0.4682
192.0000 0.4682
193.0000 0.4682
194.0000 0.4682
195.0000 0.4682
196.0000 0.4682
197.0000 0.4682
198.0000 0.4682
199.0000 0.4682
200.0000 0.4682
201.0000 0.4682
202.0000 0.4682
203.0000 0.4682
204.0000 0.4682
205.0000 0.4682
206.0000 0.4682
207.0000 0.4682
208.0000 0.4682
209.0000 0.4682
210.0000 0.4682
211.0000 0.4682
212.0000 0.4682
213.0000 0.4682
214.0000 0.4682
215.0000 0.4682
216.0000 0.4682
217.0000 0.4682
218.0000 0.4682
219.0000 0.4682
220.0000 0.4682
221.0000 0.4682
222.0000 0.4682
223.0000 0.4682
224.0000 0.4682
225.0000 0.4682
226.0000 0.4682
227.0000 0.4682
228.0000 0.4682
229.0000 0.4682
230.0000 0.4682
231.0000 0.4682
232.0000 0.4682
233.0000 0.4682
234.0000 0.4682
235.0000 0.4682
236.0000 0.4682
237.0000 0.4682
238.0000 0.4682
239.0000 0.4682
240.0000 0.4682
241.0000 0.4682
242.0000 0.4682
243.0000 0.4682
244.0000 0.4682
245.0000 0.4682
246.0000 0.4682
247.0000 0.4682
248.0000 0.4682
249.0000 0.4682
250.0000 0.4682
251.0000 0.4682
252.0000 1.0000
253.0000 1.0000
254.0000 0.9645
255.0000 0.9326
256.0000 0.9057
257.0000 0.8835
258.0000 0.8597
259.0000 0.8406
260.0000 0.8251
261.0000 0.8128
262.0000 0.8034
263.0000 0.7966
264.0000 0.7925
265.0000 0.7909
266.0000 0.7914
267.0000 0.7939
268.0000 0.7978
269.0000 0.8029
270.0000 0.8087
271.0000 0.8148
272.0000 0.8208
273.0000 0.8266
274.0000 0.8316
275.0000 0.8358
276.0000 0.8392
277.0000 0.8415
278.0000 0.8428
279.0000 0.8433
280.0000 0.8428
281.0000 0.8417
282.0000 0.8401
283.0000 0.8380
284.0000 0.8357
285.0000 0.8333
286.0000 0.8308
287.0000 0.8286
288.0000 0.8266
289.0000 0.8249
290.0000 0.8236
291.0000 0.8227
292.0000 0.8221
293.0000 0.8220
294.0000 0.8221
295.0000 0.8225
296.0000 0.8232
297.0000 0.8240
298.0000 0.8250
299.0000 0.8259
300.0000 0.8269
301.0000 0.8278
302.0000 0.8285
303.0000 0.8293
304.0000 0.8298
305.0000 0.8303
306.0000 0.8305
307.0000 0.8306
308.0000 0.8306
309.0000 0.8304
310.0000 0.8302
311.0000 0.8299
312.0000 0.8295
313.0000 0.8291
314.0000 0.8287
315.0000 0.8284
316.0000 0.8280
317.0000 0.8277
318.0000 0.8275
319.0000 0.8274
320.0000 0.8273
321.0000 0.8272
322.0000 0.8272
323.0000 0.8273
324.0000 0.8274
325.0000 0.8275
326.0000 0.8277
327.0000 0.8279
328.0000 0.8280
329.0000 0.8282
330.0000 0.8283
331.0000 0.8284
332.0000 0.8285
333.0000 0.8286
334.0000 0.8286
335.0000 0.8286
336.0000 0.8286
337.0000 0.8286
338.0000 0.8285
339.0000 0.8285
340.0000 0.8284
341.0000 0.8283
342.0000 0.8283
343.0000 0.8282
344.0000 0.8282
345.0000 0.8281
346.0000 0.8281
347.0000 0.8281
348.0000 0.8280
349.0000 0.8280
350.0000 0.8280
351.0000 0.8281
352.0000 0.8281
353.0000 0.8281
354.0000 0.8281
355.0000 0.8282
356.0000 0.8282
357.0000 0.8282
358.0000 0.8282
359.0000 0.8282
360.0000 0.8283
361.0000 0.8283
362.0000 0.8283
363.0000 0.8283
364.0000 0.8283
365.0000 0.8283
366.0000 0.8283
367.0000 0.8282
368.0000 0.8282
369.0000 0.8282
370.0000 0.8282
371.0000 0.8282
372.0000 0.8282
373.0000 0.8282
374.0000 0.8282
375.0000 0.8282
376.0000 0.8282
377.0000 0.8282
378.0000 0.8282
379.0000 0.8282
380.0000 0.8282
381.0000 0.8282
382.0000 0.8282
383.0000 0.8282
384.0000 0.8282
385.0000 0.8282
386.0000 0.8282
387.0000 0.8282
388.0000 0.8282
389.0000 0.8282
390.0000 0.8282
391.0000 0.8282
392.0000 0.8282
393.0000 0.8282
394.0000 0.8282
395.0000 0.8282
396.0000 0.8282
397.0000 0.8282
398.0000 0.8282
399.0000 0.8282
400.0000 0.8282
401.0000 0.8282
402.0000 0.8282
403.0000 0.8282
404.0000 0.8282
405.0000 0.8282
406.0000 0.8282
407.0000 0.8282
408.0000 0.8282
409.0000 0.8282
410.0000 0.8282
411.0000 0.8282
412.0000 0.8282
413.0000 0.8282
414.0000 0.8282
415.0000 0.8282
416.0000 0.8282
417.0000 0.8282
418.0000 0.8282
419.0000 0.8282
420.0000 0.8282
421.0000 0.8282
422.0000 0.8282
423.0000 0.8282
424.0000 0.8282
425.0000 0.8282
426.0000 0.8282
427.0000 0.8282
428.0000 0.8282
429.0000 0.8282
430.0000 0.8282
431.0000 0.8282
432.0000 0.8282
433.0000 0.8282
434.0000 0.8282
435.0000 0.8282
436.0000 0.8282
437.0000 0.8282
438.0000 0.8282
439.0000 0.8282
440.0000 0.8282
441.0000 0.8282
442.0000 0.8282
443.0000 0.8282
444.0000 0.8282
445.0000 0.8282
446.0000 0.8282
447.0000 0.8282
448.0000 0.8282
449.0000 0.8282
450.0000 0.8282
451.0000 0.8282
452.0000 0.8282
453.0000 0.8282
454.0000 0.8282
455.0000 0.8282
456.0000 0.8282
457.0000 0.8282
458.0000 0.8282
459.0000 0.8282
460.0000 0.8282
461.0000 0.8282
462.0000 0.8282
463.0000 0.8282
464.0000 0.8282
465.0000 0.8282
466.0000 0.8282
467.0000 0.8282
468.0000 0.8282
469.0000 0.8282
470.0000 0.8282
471.0000 0.8282
472.0000 0.8282
473.0000 0.8282
474.0000 0.8282
475.0000 0.8282
476.0000 0.8282
477.0000 0.8282
478.0000 0.8282
479.0000 0.8282
480.0000 0.8282
481.0000 0.8282
482.0000 0.8282
483.0000 0.8282
484.0000 0.8282
485.0000 0.8282
486.0000 0.8282
487.0000 0.8282
488.0000 0.8282
489.0000 0.8282
490.0000 0.8282
491.0000 0.8282
492.0000 0.8282
493.0000 0.8282
494.0000 0.8282
495.0000 0.8282
496.0000 0.8282
497.0000 0.8282
498.0000 0.8282
499.0000 0.8282
500.0000 0.8282
501.0000 0.8282
502.0000 0.4457
503.0000 0.4454
504.0000 0.4631
505.0000 0.4790
506.0000 0.4924
507.0000 0.5035
508.0000 0.5349
509.0000 0.5769
510.0000 0.6206
511.0000 0.6608
512.0000 0.6951
513.0000 0.7225
514.0000 0.7424
515.0000 0.7546
516.0000 0.7598
517.0000 0.7589
518.0000 0.7531
519.0000 0.7437
520.0000 0.7317
521.0000 0.7183
522.0000 0.7043
523.0000 0.6906
524.0000 0.6778
525.0000 0.6665
526.0000 0.6572
527.0000 0.6499
528.0000 0.6450
529.0000 0.6423
530.0000 0.6418
531.0000 0.6431
532.0000 0.6459
533.0000 0.6499
534.0000 0.6546
535.0000 0.6596
536.0000 0.6645
537.0000 0.6691
538.0000 0.6731
539.0000 0.6763
540.0000 0.6787
541.0000 0.6802
542.0000 0.6809
543.0000 0.6809
544.0000 0.6802
545.0000 0.6791
546.0000 0.6776
547.0000 0.6759
548.0000 0.6741
549.0000 0.6724
550.0000 0.6708
551.0000 0.6694
552.0000 0.6683
553.0000 0.6674
554.0000 0.6669
555.0000 0.6666
556.0000 0.6666
557.0000 0.6668
558.0000 0.6672
559.0000 0.6677
560.0000 0.6683
561.0000 0.6689
562.0000 0.6696
563.0000 0.6701
564.0000 0.6706
565.0000 0.6710
566.0000 0.6714
567.0000 0.6715
568.0000 0.6716
569.0000 0.6716
570.0000 0.6716
571.0000 0.6714
572.0000 0.6712
573.0000 0.6710
574.0000 0.6708
575.0000 0.6706
576.0000 0.6703
577.0000 0.6702
578.0000 0.6700
579.0000 0.6699
580.0000 0.6698
581.0000 0.6698
582.0000 0.6698
583.0000 0.6698
584.0000 0.6699
585.0000 0.6700
586.0000 0.6700
587.0000 0.6701
588.0000 0.6702
589.0000 0.6703
590.0000 0.6703
591.0000 0.6704
592.0000 0.6704
593.0000 0.6705
594.0000 0.6705
595.0000 0.6705
596.0000 0.6705
597.0000 0.6704
598.0000 0.6704
599.0000 0.6704
600.0000 0.6704
601.0000 0.6703
602.0000 0.6703
603.0000 0.6703
604.0000 0.6703
605.0000 0.6702
606.0000 0.6702
607.0000 0.6702
608.0000 0.6702
609.0000 0.6702
610.0000 0.6702
611.0000 0.6703
612.0000 0.6703
613.0000 0.6703
614.0000 0.6703
615.0000 0.6703
616.0000 0.6703
617.0000 0.6703
618.0000 0.6703
619.0000 0.6703
620.0000 0.6703
621.0000 0.6703
622.0000 0.6703
623.0000 0.6703
624.0000 0.6703
625.0000 0.6703
626.0000 0.6703
627.0000 0.6703
628.0000 0.6703
629.0000 0.6703
630.0000 0.6703
631.0000 0.6703
632.0000 0.6703
633.0000 0.6703
634.0000 0.6703
635.0000 0.6703
636.0000 0.6703
637.0000 0.6703
638.0000 0.6703
639.0000 0.6703
640.0000 0.6703
641.0000 0.6703
642.0000 0.6703
643.0000 0.6703
644.0000 0.6703
645.0000 0.6703
646.0000 0.6703
647.0000 0.6703
648.0000 0.6703
649.0000 0.6703
650.0000 0.6703
651.0000 0.6703
652.0000 0.6703
653.0000 0.6703
654.0000 0.6703
655.0000 0.6703
656.0000 0.6703
657.0000 0.6703
658.0000 0.6703
659.0000 0.6703
660.0000 0.6703
661.0000 0.6703
662.0000 0.6703
663.0000 0.6703
664.0000 0.6703
665.0000 0.6703
666.0000 0.6703
667.0000 0.6703
668.0000 0.6703
669.0000 0.6703
670.0000 0.6703
671.0000 0.6703
672.0000 0.6703
673.0000 0.6703
674.0000 0.6703
675.0000 0.6703
676.0000 0.6703
677.0000 0.6703
678.0000 0.6703
679.0000 0.6703
680.0000 0.6703
681.0000 0.6703
682.0000 0.6703
683.0000 0.6703
684.0000 0.6703
685.0000 0.6703
686.0000 0.6703
687.0000 0.6703
688.0000 0.6703
689.0000 0.6703
690.0000 0.6703
691.0000 0.6703
692.0000 0.6703
693.0000 0.6703
694.0000 0.6703
695.0000 0.6703
696.0000 0.6703
697.0000 0.6703
698.0000 0.6703
699.0000 0.6703
700.0000 0.6703
701.0000 0.6703
702.0000 0.6703
703.0000 0.6703
704.0000 0.6703
705.0000 0.6703
706.0000 0.6703
707.0000 0.6703
708.0000 0.6703
709.0000 0.6703
710.0000 0.6703
711.0000 0.6703
712.0000 0.6703
713.0000 0.6703
714.0000 0.6703
715.0000 0.6703
716.0000 0.6703
717.0000 0.6703
718.0000 0.6703
719.0000 0.6703
720.0000 0.6703
721.0000 0.6703
722.0000 0.6703
723.0000 0.6703
724.0000 0.6703
725.0000 0.6703
726.0000 0.6703
727.0000 0.6703
728.0000 0.6703
729.0000 0.6703
730.0000 0.6703
731.0000 0.6703
732.0000 0.6703
733.0000 0.6703
734.0000 0.6703
735.0000 0.6703
736.0000 0.6703
737.0000 0.6703
738.0000 0.6703
739.0000 0.6703
740.0000 0.6703
741.0000 0.6703
742.0000 0.6703
743.0000 0.6703
744.0000 0.6703
745.0000 0.6703
746.0000 0.6703
747.0000 0.6703
748.0000 0.6703
749.0000 0.6703
750.0000 0.6703
751.0000 0.6703
752.0000 -0.1216
753.0000 -0.1222
754.0000 -0.0856
755.0000 -0.0525
756.0000 -0.0248
757.0000 -0.0018
758.0000 0.0963
759.0000 0.1924
760.0000 0.2575
761.0000 0.2366
762.0000 -0.1870
763.0000 0.1206
764.0000 -0.0071
765.0000 0.0883
766.0000 0.0456
767.0000 0.0714
768.0000 0.0662
769.0000 0.0675
770.0000 0.0599
771.0000 0.0531
772.0000 0.0447
773.0000 0.0370
774.0000 0.0300
775.0000 0.0240
776.0000 0.0189
777.0000 0.0146
778.0000 0.0108
779.0000 0.0073
780.0000 0.0040
781.0000 0.0006
782.0000 -0.0028
783.0000 -0.0063
784.0000 -0.0097
785.0000 -0.0132
786.0000 -0.0166
787.0000 -0.0199
788.0000 -0.0231
789.0000 -0.0262
790.0000 -0.0293
791.0000 -0.0323
792.0000 -0.0352
793.0000 -0.0380
794.0000 -0.0408
795.0000 -0.0435
796.0000 -0.0462
797.0000 -0.0489
798.0000 -0.0515
799.0000 -0.0540
800.0000 -0.0565
801.0000 -0.0589
802.0000 -0.0613
803.0000 -0.0637
804.0000 -0.0660
805.0000 -0.0683
806.0000 -0.0706
807.0000 -0.0727
808.0000 -0.0749
809.0000 -0.0770
810.0000 -0.0790
811.0000 -0.0811
812.0000 -0.0830
813.0000 -0.0850
814.0000 -0.0869
815.0000 -0.0888
816.0000 -0.0906
817.0000 -0.0924
818.0000 -0.0942
819.0000 -0.0959
820.0000 -0.0976
821.0000 -0.0993
822.0000 -0.1010
823.0000 -0.1026
824.0000 -0.1041
825.0000 -0.1057
826.0000 -0.1072
827.0000 -0.1087
828.0000 -0.1102
829.0000 -0.1116
830.0000 -0.1130
831.0000 -0.1144
832.0000 -0.1158
833.0000 -0.1171
834.0000 -0.1184
835.0000 -0.1197
836.0000 -0.1210
837.0000 -0.1222
838.0000 -0.1235
839.0000 -0.1247
840.0000 -0.1258
841.0000 -0.1270
842.0000 -0.1281
843.0000 -0.1293
844.0000 -0.1304
845.0000 -0.1314
846.0000 -0.1325
847.0000 -0.1335
848.0000 -0.1346
849.0000 -0.1356
850.0000 -0.1366
851.0000 -0.1375
852.0000 -0.1385
853.0000 -0.1394
854.0000 -0.1403
855.0000 -0.1413
856.0000 -0.1421
857.0000 -0.1430
858.0000 -0.1439
859.0000 -0.1447
860.0000 -0.1456
861.0000 -0.1464
862.0000 -0.1472
863.0000 -0.1480
864.0000 -0.1488
865.0000 -0.1495
866.0000 -0.1503
867.0000 -0.1510
868.0000 -0.1518
869.0000 -0.1525
870.0000 -0.1532
871.0000 -0.1539
872.0000 -0.1546
873.0000 -0.1552
874.0000 -0.1559
875.0000 -0.1565
876.0000 -0.1572
877.0000 -0.1578
878.0000 -0.1584
879.0000 -0.1590
880.0000 -0.1596
881.0000 -0.1602
882.0000 -0.1608
883.0000 -0.1614
884.0000 -0.1619
885.0000 -0.1625
886.0000 -0.1630
887.0000 -0.1636
888.0000 -0.1641
889.0000 -0.1646
890.0000 -0.1651
891.0000 -0.1656
892.0000 -0.1661
893.0000 -0.1666
894.0000 -0.1671
895.0000 -0.1676
896.0000 -0.1680
897.0000 -0.1685
898.0000 -0.1689
899.0000 -0.1694
900.0000 -0.1698
901.0000 -0.1702
902.0000 -0.1707
903.0000 -0.1711
904.0000 -0.1715
905.0000 -0.1719
906.0000 -0.1723
907.0000 -0.1727
908.0000 -0.1731
909.0000 -0.1735
910.0000 -0.1738
911.0000 -0.1742
912.0000 -0.1746
913.0000 -0.1749
914.0000 -0.1753
915.0000 -0.1756
916.0000 -0.1760
917.0000 -0.1763
918.0000 -0.1766
919.0000 -0.1770
920.0000 -0.1773
921.0000 -0.1776
922.0000 -0.1779
923.0000 -0.1782
924.0000 -0.1785
925.0000 -0.1788
926.0000 -0.1791
927.0000 -0.1794
928.0000 -0.1797
929.0000 -0.1800
930.0000 -0.1803
931.0000 -0.1805
932.0000 -0.1808
933.0000 -0.1811
934.0000 -0.1813
935.0000 -0.1816
936.0000 -0.1818
937.0000 -0.1821
938.0000 -0.1823
939.0000 -0.1826
940.0000 -0.1828
941.0000 -0.1830
942.0000 -0.1833
943.0000 -0.1835
944.0000 -0.1837
945.0000 -0.1840
946.0000 -0.1842
947.0000 -0.1844
948.0000 -0.1846
949.0000 -0.1848
950.0000 -0.1850
951.0000 -0.1852
952.0000 -0.1854
953.0000 -0.1856
954.0000 -0.1858
955.0000 -0.1860
956.0000 -0.1862
957.0000 -0.1864
958.0000 -0.1866
959.0000 -0.1867
960.0000 -0.1869
961.0000 -0.1871
962.0000 -0.1873
963.0000 -0.1874
964.0000 -0.1876
965.0000 -0.1878
966.0000 -0.1879
967.0000 -0.1881
968.0000 -0.1883
969.0000 -0.1884
970.0000 -0.1886
971.0000 -0.1887
972.0000 -0.1889
973.0000 -0.1890
974.0000 -0.1892
975.0000 -0.1893
976.0000 -0.1895
977.0000 -0.1896
978.0000 -0.1897
979.0000 -0.1899
980.0000 -0.1900
981.0000 -0.1901
982.0000 -0.1903
983.0000 -0.1904
984.0000 -0.1905
985.0000 -0.1906
986.0000 -0.1908
987.0000 -0.1909
988.0000 -0.1910
989.0000 -0.1911
990.0000 -0.1912
991.0000 -0.1913
992.0000 -0.1915
993.0000 -0.1916
994.0000 -0.1917
995.0000 -0.1918
996.0000 -0.1919
997.0000 -0.1920
998.0000 -0.1921
999.0000 -0.1922
1000.0000 -0.1923
1001.0000 -0.1924
1002.0000 -0.1925
1003.0000 -0.1926
1004.0000 -0.1927
1005.0000 -0.1928
1006.0000 -0.1929
1007.0000 -0.1930
1008.0000 -0.1931
1009.0000 -0.1932
1010.0000 -0.1932
1011.0000 -0.1933
1012.0000 -0.1934
1013.0000 -0.1935
1014.0000 -0.1936
1015.0000 -0.1937
1016.0000 -0.1937
1017.0000 -0.1938
1018.0000 -0.1939
1019.0000 -0.1940
1020.0000 -0.1940
1021.0000 -0.1941
1022.0000 -0.1942
1023.0000 -0.1943
1024.0000 -0.1943
1025.0000 -0.1944
1026.0000 -0.1945
1027.0000 -0.1945
1028.0000 -0.1946
1029.0000 -0.1947
1030.0000 -0.1947
1031.0000 -0.1948
1032.0000 -0.1949
1033.0000 -0.1949
1034.0000 -0.1950
1035.0000 -0.1951
1036.0000 -0.1951
1037.0000 -0.1952
1038.0000 -0.1952
1039.0000 -0.1953
1040.0000 -0.1954
1041.0000 -0.1954
1042.0000 -0.1955
1043.0000 -0.1955
1044.0000 -0.1956
1045.0000 -0.1956
1046.0000 -0.1957
1047.0000 -0.1957
1048.0000 -0.1958
1049.0000 -0.1958
1050.0000 -0.1959
1051.0000 -0.1959
1052.0000 -0.1960
1053.0000 -0.1960
1054.0000 -0.1961
1055.0000 -0.1961
1056.0000 -0.1962
1057.0000 -0.1962
1058.0000 -0.1963
1059.0000 -0.1963
1060.0000 -0.1963
1061.0000 -0.1964
1062.0000 -0.1964
1063.0000 -0.1965
1064.0000 -0.1965
1065.0000 -0.1966
1066.0000 -0.1966
1067.0000 -0.1966
1068.0000 -0.1967
1069.0000 -0.1967
1070.0000 -0.1967
1071.0000 -0.1968
1072.0000 -0.1968
1073.0000 -0.1969
1074.0000 -0.1969
1075.0000 -0.1969
1076.0000 -0.1970
1077.0000 -0.1970
1078.0000 -0.1970
1079.0000 -0.1971
1080.0000 -0.1971
1081.0000 -0.1971
1082.0000 -0.1972
1083.0000 -0.1972
1084.0000 -0.1972
1085.0000 -0.1973
1086.0000 -0.1973
1087.0000 -0.1973
1088.0000 -0.1973
1089.0000 -0.1974
1090.0000 -0.1974
1091.0000 -0.1974
1092.0000 -0.1975
1093.0000 -0.1975
1094.0000 -0.1975
1095.0000 -0.1975
1096.0000 -0.1976
1097.0000 -0.1976
1098.0000 -0.1976
1099.0000 -0.1976
1100.0000 -0.1977
1101.0000 -0.1977
1102.0000 -0.1977
1103.0000 -0.1977
1104.0000 -0.1978
1105.0000 -0.1978
1106.0000 -0.1978
1107.0000 -0.1978
1108.0000 -0.1978
1109.0000 -0.1979
1110.0000 -0.1979
1111.0000 -0.1979
1112.0000 -0.1979
1113.0000 -0.1980
1114.0000 -0.1980
1115.0000 -0.1980
1116.0000 -0.1980
1117.0000 -0.1980
1118.0000 -0.1981
1119.0000 -0.1981
1120.0000 -0.1981
1121.0000 -0.1981
1122.0000 -0.1981
1123.0000 -0.1981
1124.0000 -0.1982
1125.0000 -0.1982
1126.0000 -0.1982
1127.0000 -0.1982
1128.0000 -0.1982
1129.0000 -0.1982
1130.0000 -0.1983
1131.0000 -0.1983
1132.0000 -0.1983
1133.0000 -0.1983
1134.0000 -0.1983
1135.0000 -0.1983
1136.0000 -0.1984
1137.0000 -0.1984
1138.0000 -0.1984
1139.0000 -0.1984
1140.0000 -0.1984
1141.0000 -0.1984
1142.0000 -0.1984
1143.0000 -0.1985
1144.0000 -0.1985
1145.0000 -0.1985
1146.0000 -0.1985
1147.0000 -0.1985
1148.0000 -0.1985
1149.0000 -0.1985
1150.0000 -0.1985
1151.0000 -0.1986
1152.0000 -0.1986
1153.0000 -0.1986
1154.0000 -0.1986
1155.0000 -0.1986
1156.0000 -0.1986
1157.0000 -0.1986
1158.0000 -0.1986
1159.0000 -0.1987
1160.0000 -0.1987
1161.0000 -0.1987
1162.0000 -0.1987
1163.0000 -0.1987
1164.0000 -0.1987
1165.0000 -0.1987
1166.0000 -0.1987
1167.0000 -0.1987
1168.0000 -0.1987
1169.0000 -0.1988
1170.0000 -0.1988
1171.0000 -0.1988
1172.0000 -0.1988
1173.0000 -0.1988
1174.0000 -0.1988
1175.0000 -0.1988
1176.0000 -0.1988
1177.0000 -0.1988
1178.0000 -0.1988
1179.0000 -0.1988
1180.0000 -0.1988
1181.0000 -0.1989
1182.0000 -0.1989
1183.0000 -0.1989
1184.0000 -0.1989
1185.0000 -0.1989
1186.0000 -0.1989
1187.0000 -0.1989
1188.0000 -0.1989
1189.0000 -0.1989
1190.0000 -0.1989
1191.0000 -0.1989
1192.0000 -0.1989
1193.0000 -0.1989
1194.0000 -0.1990
1195.0000 -0.1990
1196.0000 -0.1990
1197.0000 -0.1990
1198.0000 -0.1990
1199.0000 -0.1990
1200.0000 -0.1990
