1.0000 0.0000
2.0000 0.0000
3.0000 0.0000
4.0000 0.0000
5.0000 0.0000
6.0000 0.0000
7.0000 0.0000
8.0000 0.0000
9.0000 0.0000
10.0000 0.0000
11.0000 0.0000
12.0000 0.0535
13.0000 0.1692
14.0000 0.3143
15.0000 0.4741
16.0000 0.6357
17.0000 0.7911
18.0000 0.9201
19.0000 1.0225
20.0000 1.0958
21.0000 1.1403
22.0000 1.1555
23.0000 1.1370
24.0000 1.0757
25.0000 0.9925
26.0000 0.9064
27.0000 0.8285
28.0000 0.7647
29.0000 0.7179
30.0000 0.6895
31.0000 0.6794
32.0000 0.6864
33.0000 0.7109
34.0000 0.7534
35.0000 0.8093
36.0000 0.8736
37.0000 0.9413
38.0000 1.0077
39.0000 1.0685
40.0000 1.1192
41.0000 1.1542
42.0000 1.1685
43.0000 1.1644
44.0000 1.1468
45.0000 1.1206
46.0000 1.0898
47.0000 1.0576
48.0000 1.0270
49.0000 1.0001
50.0000 0.9784
51.0000 0.9628
52.0000 0.9532
53.0000 0.9494
54.0000 0.9505
55.0000 0.9555
56.0000 0.9632
57.0000 0.9726
58.0000 0.9826
59.0000 0.9923
60.0000 1.0010
61.0000 1.0081
62.0000 1.0134
63.0000 1.0168
64.0000 1.0183
65.0000 1.0182
66.0000 1.0169
67.0000 1.0145
68.0000 1.0116
69.0000 1.0084
70.0000 1.0052
71.0000 1.0024
72.0000 0.9999
73.0000 0.9980
74.0000 0.9967
75.0000 0.9959
76.0000 0.9957
77.0000 0.9959
78.0000 0.9964
79.0000 0.9971
80.0000 0.9980
81.0000 0.9988
82.0000 0.9996
83.0000 1.0003
84.0000 1.0009
85.0000 1.0013
86.0000 1.0015
87.0000 1.0016
88.0000 1.0016
89.0000 1.0014
90.0000 1.0012
91.0000 1.0009
92.0000 1.0007
93.0000 1.0004
94.0000 1.0002
95.0000 1.0000
96.0000 0.9998
97.0000 0.9997
98.0000 0.9997
99.0000 0.9997
100.0000 0.9997
101.0000 0.9997
102.0000 0.9998
103.0000 0.9999
104.0000 0.9999
105.0000 1.0000
106.0000 1.0000
107.0000 1.0001
108.0000 1.0001
109.0000 1.0001
110.0000 1.0001
111.0000 1.0001
112.0000 1.0001
113.0000 1.0001
114.0000 1.0001
115.0000 1.0001
116.0000 1.0000
117.0000 1.0000
118.0000 1.0000
119.0000 1.0000
120.0000 1.0000
121.0000 1.0000
122.0000 1.0000
123.0000 1.0000
124.0000 1.0000
125.0000 1.0000
126.0000 1.0000
127.0000 1.0000
128.0000 1.0000
129.0000 1.0000
130.0000 1.0000
131.0000 1.0000
132.0000 1.0000
133.0000 1.0000
134.0000 1.0000
135.0000 1.0000
136.0000 1.0000
137.0000 1.0000
138.0000 1.0000
139.0000 1.0000
140.0000 1.0000
141.0000 1.0000
142.0000 1.0000
143.0000 1.0000
144.0000 1.0000
145.0000 1.0000
146.0000 1.0000
147.0000 1.0000
148.0000 1.0000
149.0000 1.0000
150.0000 1.0000
151.0000 1.0000
152.0000 1.0000
153.0000 1.0000
154.0000 1.0000
155.0000 1.0000
156.0000 1.0000
157.0000 1.0000
158.0000 1.0000
159.0000 1.0000
160.0000 1.0000
161.0000 1.0000
162.0000 1.0000
163.0000 1.0000
164.0000 1.0000
165.0000 1.0000
166.0000 1.0000
167.0000 1.0000
168.0000 1.0000
169.0000 1.0000
170.0000 1.0000
171.0000 1.0000
172.0000 1.0000
173.0000 1.0000
174.0000 1.0000
175.0000 1.0000
176.0000 1.0000
177.0000 1.0000
178.0000 1.0000
179.0000 1.0000
180.0000 1.0000
181.0000 1.0000
182.0000 1.0000
183.0000 1.0000
184.0000 1.0000
185.0000 1.0000
186.0000 1.0000
187.0000 1.0000
188.0000 1.0000
189.0000 1.0000
190.0000 1.0000
191.0000 1.0000
192.0000 1.0000
193.0000 1.0000
194.0000 1.0000
195.0000 1.0000
196.0000 1.0000
197.0000 1.0000
198.0000 1.0000
199.0000 1.0000
200.0000 1.0000
201.0000 1.0000
202.0000 1.0000
203.0000 1.0000
204.0000 1.0000
205.0000 1.0000
206.0000 1.0000
207.0000 1.0000
208.0000 1.0000
209.0000 1.0000
210.0000 1.0000
211.0000 1.0000
212.0000 1.0000
213.0000 1.0000
214.0000 1.0000
215.0000 1.0000
216.0000 1.0000
217.0000 1.0000
218.0000 1.0000
219.0000 1.0000
220.0000 1.0000
221.0000 1.0000
222.0000 1.0000
223.0000 1.0000
224.0000 1.0000
225.0000 1.0000
226.0000 1.0000
227.0000 1.0000
228.0000 1.0000
229.0000 1.0000
230.0000 1.0000
231.0000 1.0000
232.0000 1.0000
233.0000 1.0000
234.0000 1.0000
235.0000 1.0000
236.0000 1.0000
237.0000 1.0000
238.0000 1.0000
239.0000 1.0000
240.0000 1.0000
241.0000 1.0000
242.0000 1.0000
243.0000 1.0000
244.0000 1.0000
245.0000 1.0000
246.0000 1.0000
247.0000 1.0000
248.0000 1.0000
249.0000 1.0000
250.0000 1.0000
251.0000 1.0000
252.0000 1.0000
253.0000 1.0000
254.0000 1.0000
255.0000 1.0000
256.0000 1.0000
257.0000 1.0524
258.0000 1.1679
259.0000 1.3236
260.0000 1.4999
261.0000 1.6823
262.0000 1.8605
263.0000 2.0269
264.0000 2.1767
265.0000 2.3074
266.0000 2.4183
267.0000 2.5100
268.0000 2.5838
269.0000 2.6418
270.0000 2.6864
271.0000 2.7201
272.0000 2.7455
273.0000 2.7648
274.0000 2.7803
275.0000 2.7935
276.0000 2.8059
277.0000 2.8186
278.0000 2.8321
279.0000 2.8469
280.0000 2.8630
281.0000 2.8803
282.0000 2.8984
283.0000 2.9170
284.0000 2.9355
285.0000 2.9534
286.0000 2.9702
287.0000 2.9854
288.0000 2.9987
289.0000 3.0099
290.0000 3.0188
291.0000 3.0252
292.0000 3.0294
293.0000 3.0313
294.0000 3.0313
295.0000 3.0296
296.0000 3.0265
297.0000 3.0225
298.0000 3.0177
299.0000 3.0126
300.0000 3.0075
301.0000 3.0026
302.0000 2.9982
303.0000 2.9944
304.0000 2.9914
305.0000 2.9891
306.0000 2.9877
307.0000 2.9870
308.0000 2.9871
309.0000 2.9877
310.0000 2.9889
311.0000 2.9905
312.0000 2.9924
313.0000 2.9944
314.0000 2.9965
315.0000 2.9984
316.0000 3.0002
317.0000 3.0018
318.0000 3.0030
319.0000 3.0040
320.0000 3.0046
321.0000 3.0049
322.0000 3.0049
323.0000 3.0046
324.0000 3.0042
325.0000 3.0035
326.0000 3.0028
327.0000 3.0020
328.0000 3.0012
329.0000 3.0004
330.0000 2.9998
331.0000 2.9992
332.0000 2.9987
333.0000 2.9983
334.0000 2.9981
335.0000 2.9980
336.0000 2.9980
337.0000 2.9981
338.0000 2.9983
339.0000 2.9986
340.0000 2.9989
341.0000 2.9992
342.0000 2.9996
343.0000 2.9999
344.0000 3.0001
345.0000 3.0004
346.0000 3.0006
347.0000 3.0007
348.0000 3.0008
349.0000 3.0008
350.0000 3.0008
351.0000 3.0007
352.0000 3.0007
353.0000 3.0005
354.0000 3.0004
355.0000 3.0003
356.0000 3.0002
357.0000 3.0000
358.0000 2.9999
359.0000 2.9998
360.0000 2.9998
361.0000 2.9997
362.0000 2.9997
363.0000 2.9997
364.0000 2.9997
365.0000 2.9997
366.0000 2.9997
367.0000 2.9998
368.0000 2.9998
369.0000 2.9999
370.0000 2.9999
371.0000 3.0000
372.0000 3.0000
373.0000 3.0001
374.0000 3.0001
375.0000 3.0001
376.0000 3.0001
377.0000 3.0001
378.0000 3.0001
379.0000 3.0001
380.0000 3.0001
381.0000 3.0001
382.0000 3.0001
383.0000 3.0000
384.0000 3.0000
385.0000 3.0000
386.0000 3.0000
387.0000 3.0000
388.0000 3.0000
389.0000 3.0000
390.0000 2.9999
391.0000 2.9999
392.0000 2.9999
393.0000 3.0000
394.0000 3.0000
395.0000 3.0000
396.0000 3.0000
397.0000 3.0000
398.0000 3.0000
399.0000 3.0000
400.0000 3.0000
401.0000 3.0000
402.0000 3.0000
403.0000 3.0000
404.0000 3.0000
405.0000 3.0000
406.0000 3.0000
407.0000 3.0000
408.0000 3.0000
409.0000 3.0000
410.0000 3.0000
411.0000 3.0000
412.0000 3.0000
413.0000 3.0000
414.0000 3.0000
415.0000 3.0000
416.0000 3.0000
417.0000 3.0000
418.0000 3.0000
419.0000 3.0000
420.0000 3.0000
421.0000 3.0000
422.0000 3.0000
423.0000 3.0000
424.0000 3.0000
425.0000 3.0000
426.0000 3.0000
427.0000 3.0000
428.0000 3.0000
429.0000 3.0000
430.0000 3.0000
431.0000 3.0000
432.0000 3.0000
433.0000 3.0000
434.0000 3.0000
435.0000 3.0000
436.0000 3.0000
437.0000 3.0000
438.0000 3.0000
439.0000 3.0000
440.0000 3.0000
441.0000 3.0000
442.0000 3.0000
443.0000 3.0000
444.0000 3.0000
445.0000 3.0000
446.0000 3.0000
447.0000 3.0000
448.0000 3.0000
449.0000 3.0000
450.0000 3.0000
451.0000 3.0000
452.0000 3.0000
453.0000 3.0000
454.0000 3.0000
455.0000 3.0000
456.0000 3.0000
457.0000 3.0000
458.0000 3.0000
459.0000 3.0000
460.0000 3.0000
461.0000 3.0000
462.0000 3.0000
463.0000 3.0000
464.0000 3.0000
465.0000 3.0000
466.0000 3.0000
467.0000 3.0000
468.0000 3.0000
469.0000 3.0000
470.0000 3.0000
471.0000 3.0000
472.0000 3.0000
473.0000 3.0000
474.0000 3.0000
475.0000 3.0000
476.0000 3.0000
477.0000 3.0000
478.0000 3.0000
479.0000 3.0000
480.0000 3.0000
481.0000 3.0000
482.0000 3.0000
483.0000 3.0000
484.0000 3.0000
485.0000 3.0000
486.0000 3.0000
487.0000 3.0000
488.0000 3.0000
489.0000 3.0000
490.0000 3.0000
491.0000 3.0000
492.0000 3.0000
493.0000 3.0000
494.0000 3.0000
495.0000 3.0000
496.0000 3.0000
497.0000 3.0000
498.0000 3.0000
499.0000 3.0000
500.0000 3.0000
501.0000 3.0000
502.0000 3.0000
503.0000 3.0000
504.0000 3.0000
505.0000 3.0000
506.0000 3.0000
507.0000 2.9217
508.0000 2.7790
509.0000 2.6050
510.0000 2.4219
511.0000 2.2439
512.0000 2.0793
513.0000 1.9357
514.0000 1.8192
515.0000 1.7333
516.0000 1.6785
517.0000 1.6533
518.0000 1.6545
519.0000 1.6781
520.0000 1.7192
521.0000 1.7727
522.0000 1.8336
523.0000 1.8972
524.0000 1.9593
525.0000 2.0163
526.0000 2.0656
527.0000 2.1052
528.0000 2.1341
529.0000 2.1520
530.0000 2.1593
531.0000 2.1570
532.0000 2.1466
533.0000 2.1297
534.0000 2.1083
535.0000 2.0842
536.0000 2.0593
537.0000 2.0352
538.0000 2.0131
539.0000 1.9940
540.0000 1.9787
541.0000 1.9673
542.0000 1.9600
543.0000 1.9565
544.0000 1.9565
545.0000 1.9593
546.0000 1.9644
547.0000 1.9712
548.0000 1.9788
549.0000 1.9868
550.0000 1.9945
551.0000 2.0015
552.0000 2.0075
553.0000 2.0123
554.0000 2.0157
555.0000 2.0177
556.0000 2.0184
557.0000 2.0180
558.0000 2.0166
559.0000 2.0145
560.0000 2.0118
561.0000 2.0089
562.0000 2.0058
563.0000 2.0029
564.0000 2.0003
565.0000 1.9980
566.0000 1.9962
567.0000 1.9949
568.0000 1.9941
569.0000 1.9938
570.0000 1.9939
571.0000 1.9943
572.0000 1.9951
573.0000 1.9960
574.0000 1.9970
575.0000 1.9981
576.0000 1.9991
577.0000 2.0001
578.0000 2.0009
579.0000 2.0015
580.0000 2.0019
581.0000 2.0022
582.0000 2.0023
583.0000 2.0023
584.0000 2.0021
585.0000 2.0018
586.0000 2.0015
587.0000 2.0011
588.0000 2.0007
589.0000 2.0003
590.0000 2.0000
591.0000 1.9997
592.0000 1.9995
593.0000 1.9993
594.0000 1.9992
595.0000 1.9992
596.0000 1.9992
597.0000 1.9993
598.0000 1.9994
599.0000 1.9995
600.0000 1.9996
601.0000 1.9998
602.0000 1.9999
603.0000 2.0000
604.0000 2.0001
605.0000 2.0002
606.0000 2.0003
607.0000 2.0003
608.0000 2.0003
609.0000 2.0003
610.0000 2.0003
611.0000 2.0002
612.0000 2.0002
613.0000 2.0001
614.0000 2.0001
615.0000 2.0000
616.0000 2.0000
617.0000 2.0000
618.0000 1.9999
619.0000 1.9999
620.0000 1.9999
621.0000 1.9999
622.0000 1.9999
623.0000 1.9999
624.0000 1.9999
625.0000 1.9999
626.0000 2.0000
627.0000 2.0000
628.0000 2.0000
629.0000 2.0000
630.0000 2.0000
631.0000 2.0000
632.0000 2.0000
633.0000 2.0000
634.0000 2.0000
635.0000 2.0000
636.0000 2.0000
637.0000 2.0000
638.0000 2.0000
639.0000 2.0000
640.0000 2.0000
641.0000 2.0000
642.0000 2.0000
643.0000 2.0000
644.0000 2.0000
645.0000 2.0000
646.0000 2.0000
647.0000 2.0000
648.0000 2.0000
649.0000 2.0000
650.0000 2.0000
651.0000 2.0000
652.0000 2.0000
653.0000 2.0000
654.0000 2.0000
655.0000 2.0000
656.0000 2.0000
657.0000 2.0000
658.0000 2.0000
659.0000 2.0000
660.0000 2.0000
661.0000 2.0000
662.0000 2.0000
663.0000 2.0000
664.0000 2.0000
665.0000 2.0000
666.0000 2.0000
667.0000 2.0000
668.0000 2.0000
669.0000 2.0000
670.0000 2.0000
671.0000 2.0000
672.0000 2.0000
673.0000 2.0000
674.0000 2.0000
675.0000 2.0000
676.0000 2.0000
677.0000 2.0000
678.0000 2.0000
679.0000 2.0000
680.0000 2.0000
681.0000 2.0000
682.0000 2.0000
683.0000 2.0000
684.0000 2.0000
685.0000 2.0000
686.0000 2.0000
687.0000 2.0000
688.0000 2.0000
689.0000 2.0000
690.0000 2.0000
691.0000 2.0000
692.0000 2.0000
693.0000 2.0000
694.0000 2.0000
695.0000 2.0000
696.0000 2.0000
697.0000 2.0000
698.0000 2.0000
699.0000 2.0000
700.0000 2.0000
701.0000 2.0000
702.0000 2.0000
703.0000 2.0000
704.0000 2.0000
705.0000 2.0000
706.0000 2.0000
707.0000 2.0000
708.0000 2.0000
709.0000 2.0000
710.0000 2.0000
711.0000 2.0000
712.0000 2.0000
713.0000 2.0000
714.0000 2.0000
715.0000 2.0000
716.0000 2.0000
717.0000 2.0000
718.0000 2.0000
719.0000 2.0000
720.0000 2.0000
721.0000 2.0000
722.0000 2.0000
723.0000 2.0000
724.0000 2.0000
725.0000 2.0000
726.0000 2.0000
727.0000 2.0000
728.0000 2.0000
729.0000 2.0000
730.0000 2.0000
731.0000 2.0000
732.0000 2.0000
733.0000 2.0000
734.0000 2.0000
735.0000 2.0000
736.0000 2.0000
737.0000 2.0000
738.0000 2.0000
739.0000 2.0000
740.0000 2.0000
741.0000 2.0000
742.0000 2.0000
743.0000 2.0000
744.0000 2.0000
745.0000 2.0000
746.0000 2.0000
747.0000 2.0000
748.0000 2.0000
749.0000 2.0000
750.0000 2.0000
751.0000 2.0000
752.0000 2.0000
753.0000 2.0000
754.0000 2.0000
755.0000 2.0000
756.0000 2.0000
757.0000 1.7510
758.0000 1.4321
759.0000 1.1339
760.0000 0.8822
761.0000 0.6794
762.0000 0.5202
763.0000 0.3999
764.0000 0.3164
765.0000 0.2667
766.0000 0.2407
767.0000 0.1986
768.0000 0.1589
769.0000 0.1283
770.0000 0.1051
771.0000 0.0887
772.0000 0.0769
773.0000 0.0689
774.0000 0.0633
775.0000 0.0591
776.0000 0.0553
777.0000 0.0514
778.0000 0.0473
779.0000 0.0429
780.0000 0.0383
781.0000 0.0337
782.0000 0.0293
783.0000 0.0252
784.0000 0.0213
785.0000 0.0177
786.0000 0.0145
787.0000 0.0115
788.0000 0.0086
789.0000 0.0060
790.0000 0.0035
791.0000 0.0011
792.0000 -0.0011
793.0000 -0.0033
794.0000 -0.0054
795.0000 -0.0073
796.0000 -0.0092
797.0000 -0.0110
798.0000 -0.0128
799.0000 -0.0144
800.0000 -0.0160
801.0000 -0.0175
802.0000 -0.0190
803.0000 -0.0204
804.0000 -0.0218
805.0000 -0.0231
806.0000 -0.0243
807.0000 -0.0255
808.0000 -0.0267
809.0000 -0.0278
810.0000 -0.0289
811.0000 -0.0300
812.0000 -0.0310
813.0000 -0.0320
814.0000 -0.0329
815.0000 -0.0338
816.0000 -0.0347
817.0000 -0.0356
818.0000 -0.0364
819.0000 -0.0372
820.0000 -0.0380
821.0000 -0.0387
822.0000 -0.0395
823.0000 -0.0402
824.0000 -0.0409
825.0000 -0.0415
826.0000 -0.0422
827.0000 -0.0428
828.0000 -0.0434
829.0000 -0.0440
830.0000 -0.0446
831.0000 -0.0451
832.0000 -0.0457
833.0000 -0.0462
834.0000 -0.0467
835.0000 -0.0472
836.0000 -0.0477
837.0000 -0.0481
838.0000 -0.0486
839.0000 -0.0490
840.0000 -0.0495
841.0000 -0.0499
842.0000 -0.0503
843.0000 -0.0507
844.0000 -0.0511
845.0000 -0.0514
846.0000 -0.0518
847.0000 -0.0522
848.0000 -0.0525
849.0000 -0.0529
850.0000 -0.0532
851.0000 -0.0535
852.0000 -0.0538
853.0000 -0.0541
854.0000 -0.0544
855.0000 -0.0547
856.0000 -0.0550
857.0000 -0.0553
858.0000 -0.0556
859.0000 -0.0558
860.0000 -0.0561
861.0000 -0.0564
862.0000 -0.0566
863.0000 -0.0569
864.0000 -0.0571
865.0000 -0.0573
866.0000 -0.0576
867.0000 -0.0578
868.0000 -0.0580
869.0000 -0.0582
870.0000 -0.0584
871.0000 -0.0586
872.0000 -0.0588
873.0000 -0.0590
874.0000 -0.0592
875.0000 -0.0594
876.0000 -0.0596
877.0000 -0.0598
878.0000 -0.0599
879.0000 -0.0601
880.0000 -0.0603
881.0000 -0.0604
882.0000 -0.0606
883.0000 -0.0608
884.0000 -0.0609
885.0000 -0.0611
886.0000 -0.0612
887.0000 -0.0614
888.0000 -0.0615
889.0000 -0.0616
890.0000 -0.0618
891.0000 -0.0619
892.0000 -0.0621
893.0000 -0.0622
894.0000 -0.0623
895.0000 -0.0624
896.0000 -0.0626
897.0000 -0.0627
898.0000 -0.0628
899.0000 -0.0629
900.0000 -0.0630
901.0000 -0.0631
902.0000 -0.0633
903.0000 -0.0634
904.0000 -0.0635
905.0000 -0.0636
906.0000 -0.0637
907.0000 -0.0638
908.0000 -0.0639
909.0000 -0.0640
910.0000 -0.0641
911.0000 -0.0642
912.0000 -0.0642
913.0000 -0.0643
914.0000 -0.0644
915.0000 -0.0645
916.0000 -0.0646
917.0000 -0.0647
918.0000 -0.0648
919.0000 -0.0648
920.0000 -0.0649
921.0000 -0.0650
922.0000 -0.0651
923.0000 -0.0652
924.0000 -0.0652
925.0000 -0.0653
926.0000 -0.0654
927.0000 -0.0654
928.0000 -0.0655
929.0000 -0.0656
930.0000 -0.0657
931.0000 -0.0657
932.0000 -0.0658
933.0000 -0.0658
934.0000 -0.0659
935.0000 -0.0660
936.0000 -0.0660
937.0000 -0.0661
938.0000 -0.0661
939.0000 -0.0662
940.0000 -0.0663
941.0000 -0.0663
942.0000 -0.0664
943.0000 -0.0664
944.0000 -0.0665
945.0000 -0.0665
946.0000 -0.0666
947.0000 -0.0666
948.0000 -0.0667
949.0000 -0.0667
950.0000 -0.0668
951.0000 -0.0668
952.0000 -0.0669
953.0000 -0.0669
954.0000 -0.0670
955.0000 -0.0670
956.0000 -0.0671
957.0000 -0.0671
958.0000 -0.0671
959.0000 -0.0672
960.0000 -0.0672
961.0000 -0.0673
962.0000 -0.0673
963.0000 -0.0673
964.0000 -0.0674
965.0000 -0.0674
966.0000 -0.0675
967.0000 -0.0675
968.0000 -0.0675
969.0000 -0.0676
970.0000 -0.0676
971.0000 -0.0676
972.0000 -0.0677
973.0000 -0.0677
974.0000 -0.0677
975.0000 -0.0678
976.0000 -0.0678
977.0000 -0.0678
978.0000 -0.0679
979.0000 -0.0679
980.0000 -0.0679
981.0000 -0.0680
982.0000 -0.0680
983.0000 -0.0680
984.0000 -0.0680
985.0000 -0.0681
986.0000 -0.0681
987.0000 -0.0681
988.0000 -0.0682
989.0000 -0.0682
990.0000 -0.0682
991.0000 -0.0682
992.0000 -0.0683
993.0000 -0.0683
994.0000 -0.0683
995.0000 -0.0683
996.0000 -0.0684
997.0000 -0.0684
998.0000 -0.0684
999.0000 -0.0684
1000.0000 -0.0684
1001.0000 -0.0685
1002.0000 -0.0685
1003.0000 -0.0685
1004.0000 -0.0685
1005.0000 -0.0686
1006.0000 -0.0686
1007.0000 -0.0686
1008.0000 -0.0686
1009.0000 -0.0686
1010.0000 -0.0687
1011.0000 -0.0687
1012.0000 -0.0687
1013.0000 -0.0687
1014.0000 -0.0687
1015.0000 -0.0687
1016.0000 -0.0688
1017.0000 -0.0688
1018.0000 -0.0688
1019.0000 -0.0688
1020.0000 -0.0688
1021.0000 -0.0689
1022.0000 -0.0689
1023.0000 -0.0689
1024.0000 -0.0689
1025.0000 -0.0689
1026.0000 -0.0689
1027.0000 -0.0689
1028.0000 -0.0690
1029.0000 -0.0690
1030.0000 -0.0690
1031.0000 -0.0690
1032.0000 -0.0690
1033.0000 -0.0690
1034.0000 -0.0690
1035.0000 -0.0691
1036.0000 -0.0691
1037.0000 -0.0691
1038.0000 -0.0691
1039.0000 -0.0691
1040.0000 -0.0691
1041.0000 -0.0691
1042.0000 -0.0691
1043.0000 -0.0692
1044.0000 -0.0692
1045.0000 -0.0692
1046.0000 -0.0692
1047.0000 -0.0692
1048.0000 -0.0692
1049.0000 -0.0692
1050.0000 -0.0692
1051.0000 -0.0692
1052.0000 -0.0693
1053.0000 -0.0693
1054.0000 -0.0693
1055.0000 -0.0693
1056.0000 -0.0693
1057.0000 -0.0693
1058.0000 -0.0693
1059.0000 -0.0693
1060.0000 -0.0693
1061.0000 -0.0693
1062.0000 -0.0694
1063.0000 -0.0694
1064.0000 -0.0694
1065.0000 -0.0694
1066.0000 -0.0694
1067.0000 -0.0694
1068.0000 -0.0694
1069.0000 -0.0694
1070.0000 -0.0694
1071.0000 -0.0694
1072.0000 -0.0694
1073.0000 -0.0694
1074.0000 -0.0695
1075.0000 -0.0695
1076.0000 -0.0695
1077.0000 -0.0695
1078.0000 -0.0695
1079.0000 -0.0695
1080.0000 -0.0695
1081.0000 -0.0695
1082.0000 -0.0695
1083.0000 -0.0695
1084.0000 -0.0695
1085.0000 -0.0695
1086.0000 -0.0695
1087.0000 -0.0695
1088.0000 -0.0696
1089.0000 -0.0696
1090.0000 -0.0696
1091.0000 -0.0696
1092.0000 -0.0696
1093.0000 -0.0696
1094.0000 -0.0696
1095.0000 -0.0696
1096.0000 -0.0696
1097.0000 -0.0696
1098.0000 -0.0696
1099.0000 -0.0696
1100.0000 -0.0696
1101.0000 -0.0696
1102.0000 -0.0696
1103.0000 -0.0696
1104.0000 -0.0696
1105.0000 -0.0696
1106.0000 -0.0697
1107.0000 -0.0697
1108.0000 -0.0697
1109.0000 -0.0697
1110.0000 -0.0697
1111.0000 -0.0697
1112.0000 -0.0697
1113.0000 -0.0697
1114.0000 -0.0697
1115.0000 -0.0697
1116.0000 -0.0697
1117.0000 -0.0697
1118.0000 -0.0697
1119.0000 -0.0697
1120.0000 -0.0697
1121.0000 -0.0697
1122.0000 -0.0697
1123.0000 -0.0697
1124.0000 -0.0697
1125.0000 -0.0697
1126.0000 -0.0697
1127.0000 -0.0697
1128.0000 -0.0697
1129.0000 -0.0697
1130.0000 -0.0698
1131.0000 -0.0698
1132.0000 -0.0698
1133.0000 -0.0698
1134.0000 -0.0698
1135.0000 -0.0698
1136.0000 -0.0698
1137.0000 -0.0698
1138.0000 -0.0698
1139.0000 -0.0698
1140.0000 -0.0698
1141.0000 -0.0698
1142.0000 -0.0698
1143.0000 -0.0698
1144.0000 -0.0698
1145.0000 -0.0698
1146.0000 -0.0698
1147.0000 -0.0698
1148.0000 -0.0698
1149.0000 -0.0698
1150.0000 -0.0698
1151.0000 -0.0698
1152.0000 -0.0698
1153.0000 -0.0698
1154.0000 -0.0698
1155.0000 -0.0698
1156.0000 -0.0698
1157.0000 -0.0698
1158.0000 -0.0698
1159.0000 -0.0698
1160.0000 -0.0698
1161.0000 -0.0698
1162.0000 -0.0698
1163.0000 -0.0698
1164.0000 -0.0698
1165.0000 -0.0698
1166.0000 -0.0698
1167.0000 -0.0699
1168.0000 -0.0699
1169.0000 -0.0699
1170.0000 -0.0699
1171.0000 -0.0699
1172.0000 -0.0699
1173.0000 -0.0699
1174.0000 -0.0699
1175.0000 -0.0699
1176.0000 -0.0699
1177.0000 -0.0699
1178.0000 -0.0699
1179.0000 -0.0699
1180.0000 -0.0699
1181.0000 -0.0699
1182.0000 -0.0699
1183.0000 -0.0699
1184.0000 -0.0699
1185.0000 -0.0699
1186.0000 -0.0699
1187.0000 -0.0699
1188.0000 -0.0699
1189.0000 -0.0699
1190.0000 -0.0699
1191.0000 -0.0699
1192.0000 -0.0699
1193.0000 -0.0699
1194.0000 -0.0699
1195.0000 -0.0699
1196.0000 -0.0699
1197.0000 -0.0699
1198.0000 -0.0699
1199.0000 -0.0699
1200.0000 -0.0699
