1.0000 0.0000
2.0000 0.0000
3.0000 0.0000
4.0000 0.0000
5.0000 0.0000
6.0000 0.0000
7.0000 1.0000
8.0000 0.4636
9.0000 0.5003
10.0000 0.5370
11.0000 0.5737
12.0000 0.6105
13.0000 0.5555
14.0000 0.4828
15.0000 0.4515
16.0000 0.4191
17.0000 0.3852
18.0000 0.3494
19.0000 0.3246
20.0000 0.3188
21.0000 0.3236
22.0000 0.3358
23.0000 0.3554
24.0000 0.3823
25.0000 0.4137
26.0000 0.4447
27.0000 0.4725
28.0000 0.4957
29.0000 0.5134
30.0000 0.5246
31.0000 0.5288
32.0000 0.5266
33.0000 0.5189
34.0000 0.5070
35.0000 0.4923
36.0000 0.4761
37.0000 0.4599
38.0000 0.4452
39.0000 0.4329
40.0000 0.4240
41.0000 0.4190
42.0000 0.4180
43.0000 0.4209
44.0000 0.4272
45.0000 0.4361
46.0000 0.4468
47.0000 0.4581
48.0000 0.4692
49.0000 0.4792
50.0000 0.4872
51.0000 0.4928
52.0000 0.4958
53.0000 0.4962
54.0000 0.4941
55.0000 0.4899
56.0000 0.4841
57.0000 0.4774
58.0000 0.4703
59.0000 0.4635
60.0000 0.4575
61.0000 0.4528
62.0000 0.4496
63.0000 0.4480
64.0000 0.4482
65.0000 0.4500
66.0000 0.4531
67.0000 0.4571
68.0000 0.4617
69.0000 0.4665
70.0000 0.4711
71.0000 0.4750
72.0000 0.4780
73.0000 0.4800
74.0000 0.4808
75.0000 0.4805
76.0000 0.4792
77.0000 0.4771
78.0000 0.4744
79.0000 0.4714
80.0000 0.4683
81.0000 0.4654
82.0000 0.4630
83.0000 0.4611
84.0000 0.4600
85.0000 0.4596
86.0000 0.4599
87.0000 0.4609
88.0000 0.4624
89.0000 0.4642
90.0000 0.4663
91.0000 0.4683
92.0000 0.4702
93.0000 0.4718
94.0000 0.4729
95.0000 0.4736
96.0000 0.4738
97.0000 0.4735
98.0000 0.4728
99.0000 0.4717
100.0000 0.4705
101.0000 0.4692
102.0000 0.4678
103.0000 0.4666
104.0000 0.4656
105.0000 0.4649
106.0000 0.4646
107.0000 0.4645
108.0000 0.4647
109.0000 0.4653
110.0000 0.4660
111.0000 0.4668
112.0000 0.4677
113.0000 0.4686
114.0000 0.4694
115.0000 0.4700
116.0000 0.4704
117.0000 0.4706
118.0000 0.4706
119.0000 0.4704
120.0000 0.4701
121.0000 0.4696
122.0000 0.4690
123.0000 0.4684
124.0000 0.4679
125.0000 0.4674
126.0000 0.4670
127.0000 0.4667
128.0000 0.4666
129.0000 0.4666
130.0000 0.4668
131.0000 0.4670
132.0000 0.4674
133.0000 0.4678
134.0000 0.4681
135.0000 0.4685
136.0000 0.4688
137.0000 0.4691
138.0000 0.4692
139.0000 0.4693
140.0000 0.4692
141.0000 0.4691
142.0000 0.4690
143.0000 0.4687
144.0000 0.4685
145.0000 0.4682
146.0000 0.4680
147.0000 0.4678
148.0000 0.4676
149.0000 0.4675
150.0000 0.4675
151.0000 0.4675
152.0000 0.4676
153.0000 0.4677
154.0000 0.4679
155.0000 0.4681
156.0000 0.4682
157.0000 0.4684
158.0000 0.4685
159.0000 0.4686
160.0000 0.4687
161.0000 0.4687
162.0000 0.4686
163.0000 0.4686
164.0000 0.4685
165.0000 0.4684
166.0000 0.4683
167.0000 0.4682
168.0000 0.4681
169.0000 0.4680
170.0000 0.4679
171.0000 0.4679
172.0000 0.4679
173.0000 0.4679
174.0000 0.4680
175.0000 0.4680
176.0000 0.4681
177.0000 0.4682
178.0000 0.4682
179.0000 0.4683
180.0000 0.4684
181.0000 0.4684
182.0000 0.4684
183.0000 0.4684
184.0000 0.4684
185.0000 0.4684
186.0000 0.4683
187.0000 0.4683
188.0000 0.4682
189.0000 0.4682
190.0000 0.4681
191.0000 0.4681
192.0000 0.4681
193.0000 0.4681
194.0000 0.4681
195.0000 0.4681
196.0000 0.4681
197.0000 0.4681
198.0000 0.4682
199.0000 0.4682
200.0000 0.4682
201.0000 0.4683
202.0000 0.4683
203.0000 0.4683
204.0000 0.4683
205.0000 0.4683
206.0000 0.4683
207.0000 0.4683
208.0000 0.4683
209.0000 0.4682
210.0000 0.4682
211.0000 0.4682
212.0000 0.4682
213.0000 0.4682
214.0000 0.4682
215.0000 0.4682
216.0000 0.4682
217.0000 0.4682
218.0000 0.4682
219.0000 0.4682
220.0000 0.4682
221.0000 0.4682
222.0000 0.4682
223.0000 0.4682
224.0000 0.4682
225.0000 0.4683
226.0000 0.4683
227.0000 0.4682
228.0000 0.4682
229.0000 0.4682
230.0000 0.4682
231.0000 0.4682
232.0000 0.4682
233.0000 0.4682
234.0000 0.4682
235.0000 0.4682
236.0000 0.4682
237.0000 0.4682
238.0000 0.4682
239.0000 0.4682
240.0000 0.4682
241.0000 0.4682
242.0000 0.4682
243.0000 0.4682
244.0000 0.4682
245.0000 0.4682
246.0000 0.4682
247.0000 0.4682
248.0000 0.4682
249.0000 0.4682
250.0000 0.4682
251.0000 0.4682
252.0000 1.0000
253.0000 1.0000
254.0000 1.0000
255.0000 1.0000
256.0000 1.0000
257.0000 1.0000
258.0000 1.0000
259.0000 1.0000
260.0000 1.0000
261.0000 1.0000
262.0000 0.9661
263.0000 0.8997
264.0000 0.8581
265.0000 0.8327
266.0000 0.8159
267.0000 0.8028
268.0000 0.7940
269.0000 0.7926
270.0000 0.7963
271.0000 0.8021
272.0000 0.8082
273.0000 0.8142
274.0000 0.8198
275.0000 0.8244
276.0000 0.8275
277.0000 0.8290
278.0000 0.8294
279.0000 0.8289
280.0000 0.8276
281.0000 0.8260
282.0000 0.8242
283.0000 0.8224
284.0000 0.8209
285.0000 0.8197
286.0000 0.8188
287.0000 0.8183
288.0000 0.8182
289.0000 0.8185
290.0000 0.8190
291.0000 0.8198
292.0000 0.8207
293.0000 0.8217
294.0000 0.8227
295.0000 0.8238
296.0000 0.8248
297.0000 0.8258
298.0000 0.8267
299.0000 0.8275
300.0000 0.8282
301.0000 0.8289
302.0000 0.8295
303.0000 0.8299
304.0000 0.8303
305.0000 0.8307
306.0000 0.8309
307.0000 0.8311
308.0000 0.8312
309.0000 0.8313
310.0000 0.8314
311.0000 0.8313
312.0000 0.8313
313.0000 0.8312
314.0000 0.8310
315.0000 0.8309
316.0000 0.8307
317.0000 0.8304
318.0000 0.8302
319.0000 0.8300
320.0000 0.8297
321.0000 0.8295
322.0000 0.8292
323.0000 0.8290
324.0000 0.8287
325.0000 0.8285
326.0000 0.8283
327.0000 0.8281
328.0000 0.8279
329.0000 0.8277
330.0000 0.8276
331.0000 0.8275
332.0000 0.8274
333.0000 0.8273
334.0000 0.8273
335.0000 0.8272
336.0000 0.8272
337.0000 0.8272
338.0000 0.8272
339.0000 0.8273
340.0000 0.8273
341.0000 0.8273
342.0000 0.8274
343.0000 0.8275
344.0000 0.8276
345.0000 0.8276
346.0000 0.8277
347.0000 0.8278
348.0000 0.8279
349.0000 0.8280
350.0000 0.8280
351.0000 0.8281
352.0000 0.8282
353.0000 0.8282
354.0000 0.8283
355.0000 0.8283
356.0000 0.8284
357.0000 0.8284
358.0000 0.8285
359.0000 0.8285
360.0000 0.8285
361.0000 0.8285
362.0000 0.8285
363.0000 0.8285
364.0000 0.8285
365.0000 0.8285
366.0000 0.8285
367.0000 0.8285
368.0000 0.8285
369.0000 0.8284
370.0000 0.8284
371.0000 0.8284
372.0000 0.8284
373.0000 0.8283
374.0000 0.8283
375.0000 0.8283
376.0000 0.8283
377.0000 0.8282
378.0000 0.8282
379.0000 0.8282
380.0000 0.8282
381.0000 0.8282
382.0000 0.8281
383.0000 0.8281
384.0000 0.8281
385.0000 0.8281
386.0000 0.8281
387.0000 0.8281
388.0000 0.8281
389.0000 0.8281
390.0000 0.8281
391.0000 0.8281
392.0000 0.8281
393.0000 0.8281
394.0000 0.8281
395.0000 0.8281
396.0000 0.8281
397.0000 0.8281
398.0000 0.8282
399.0000 0.8282
400.0000 0.8282
401.0000 0.8282
402.0000 0.8282
403.0000 0.8282
404.0000 0.8282
405.0000 0.8282
406.0000 0.8282
407.0000 0.8282
408.0000 0.8282
409.0000 0.8282
410.0000 0.8282
411.0000 0.8282
412.0000 0.8282
413.0000 0.8282
414.0000 0.8282
415.0000 0.8282
416.0000 0.8282
417.0000 0.8282
418.0000 0.8282
419.0000 0.8282
420.0000 0.8282
421.0000 0.8282
422.0000 0.8282
423.0000 0.8282
424.0000 0.8282
425.0000 0.8282
426.0000 0.8282
427.0000 0.8282
428.0000 0.8282
429.0000 0.8282
430.0000 0.8282
431.0000 0.8282
432.0000 0.8282
433.0000 0.8282
434.0000 0.8282
435.0000 0.8282
436.0000 0.8282
437.0000 0.8282
438.0000 0.8282
439.0000 0.8282
440.0000 0.8282
441.0000 0.8282
442.0000 0.8282
443.0000 0.8282
444.0000 0.8282
445.0000 0.8282
446.0000 0.8282
447.0000 0.8282
448.0000 0.8282
449.0000 0.8282
450.0000 0.8282
451.0000 0.8282
452.0000 0.8282
453.0000 0.8282
454.0000 0.8282
455.0000 0.8282
456.0000 0.8282
457.0000 0.8282
458.0000 0.8282
459.0000 0.8282
460.0000 0.8282
461.0000 0.8282
462.0000 0.8282
463.0000 0.8282
464.0000 0.8282
465.0000 0.8282
466.0000 0.8282
467.0000 0.8282
468.0000 0.8282
469.0000 0.8282
470.0000 0.8282
471.0000 0.8282
472.0000 0.8282
473.0000 0.8282
474.0000 0.8282
475.0000 0.8282
476.0000 0.8282
477.0000 0.8282
478.0000 0.8282
479.0000 0.8282
480.0000 0.8282
481.0000 0.8282
482.0000 0.8282
483.0000 0.8282
484.0000 0.8282
485.0000 0.8282
486.0000 0.8282
487.0000 0.8282
488.0000 0.8282
489.0000 0.8282
490.0000 0.8282
491.0000 0.8282
492.0000 0.8282
493.0000 0.8282
494.0000 0.8282
495.0000 0.8282
496.0000 0.8282
497.0000 0.8282
498.0000 0.8282
499.0000 0.8282
500.0000 0.8282
501.0000 0.8282
502.0000 0.0932
503.0000 0.6722
504.0000 0.6490
505.0000 0.6258
506.0000 0.6027
507.0000 0.5795
508.0000 0.7357
509.0000 0.7391
510.0000 0.7283
511.0000 0.7265
512.0000 0.7325
513.0000 0.7457
514.0000 0.7430
515.0000 0.7328
516.0000 0.7226
517.0000 0.7124
518.0000 0.7012
519.0000 0.6883
520.0000 0.6755
521.0000 0.6647
522.0000 0.6562
523.0000 0.6499
524.0000 0.6456
525.0000 0.6433
526.0000 0.6431
527.0000 0.6445
528.0000 0.6471
529.0000 0.6506
530.0000 0.6547
531.0000 0.6591
532.0000 0.6635
533.0000 0.6678
534.0000 0.6717
535.0000 0.6750
536.0000 0.6778
537.0000 0.6798
538.0000 0.6810
539.0000 0.6814
540.0000 0.6811
541.0000 0.6801
542.0000 0.6787
543.0000 0.6768
544.0000 0.6748
545.0000 0.6728
546.0000 0.6708
547.0000 0.6690
548.0000 0.6675
549.0000 0.6664
550.0000 0.6656
551.0000 0.6652
552.0000 0.6652
553.0000 0.6655
554.0000 0.6660
555.0000 0.6667
556.0000 0.6675
557.0000 0.6684
558.0000 0.6693
559.0000 0.6701
560.0000 0.6709
561.0000 0.6715
562.0000 0.6720
563.0000 0.6723
564.0000 0.6725
565.0000 0.6725
566.0000 0.6723
567.0000 0.6721
568.0000 0.6718
569.0000 0.6714
570.0000 0.6710
571.0000 0.6706
572.0000 0.6703
573.0000 0.6699
574.0000 0.6697
575.0000 0.6695
576.0000 0.6694
577.0000 0.6693
578.0000 0.6693
579.0000 0.6694
580.0000 0.6695
581.0000 0.6697
582.0000 0.6698
583.0000 0.6700
584.0000 0.6702
585.0000 0.6703
586.0000 0.6705
587.0000 0.6706
588.0000 0.6707
589.0000 0.6707
590.0000 0.6707
591.0000 0.6707
592.0000 0.6707
593.0000 0.6706
594.0000 0.6706
595.0000 0.6705
596.0000 0.6704
597.0000 0.6703
598.0000 0.6703
599.0000 0.6702
600.0000 0.6702
601.0000 0.6701
602.0000 0.6701
603.0000 0.6701
604.0000 0.6701
605.0000 0.6701
606.0000 0.6702
607.0000 0.6702
608.0000 0.6702
609.0000 0.6703
610.0000 0.6703
611.0000 0.6703
612.0000 0.6703
613.0000 0.6704
614.0000 0.6704
615.0000 0.6704
616.0000 0.6704
617.0000 0.6704
618.0000 0.6704
619.0000 0.6704
620.0000 0.6703
621.0000 0.6703
622.0000 0.6703
623.0000 0.6703
624.0000 0.6703
625.0000 0.6703
626.0000 0.6703
627.0000 0.6703
628.0000 0.6703
629.0000 0.6703
630.0000 0.6703
631.0000 0.6703
632.0000 0.6703
633.0000 0.6703
634.0000 0.6703
635.0000 0.6703
636.0000 0.6703
637.0000 0.6703
638.0000 0.6703
639.0000 0.6703
640.0000 0.6703
641.0000 0.6703
642.0000 0.6703
643.0000 0.6703
644.0000 0.6703
645.0000 0.6703
646.0000 0.6703
647.0000 0.6703
648.0000 0.6703
649.0000 0.6703
650.0000 0.6703
651.0000 0.6703
652.0000 0.6703
653.0000 0.6703
654.0000 0.6703
655.0000 0.6703
656.0000 0.6703
657.0000 0.6703
658.0000 0.6703
659.0000 0.6703
660.0000 0.6703
661.0000 0.6703
662.0000 0.6703
663.0000 0.6703
664.0000 0.6703
665.0000 0.6703
666.0000 0.6703
667.0000 0.6703
668.0000 0.6703
669.0000 0.6703
670.0000 0.6703
671.0000 0.6703
672.0000 0.6703
673.0000 0.6703
674.0000 0.6703
675.0000 0.6703
676.0000 0.6703
677.0000 0.6703
678.0000 0.6703
679.0000 0.6703
680.0000 0.6703
681.0000 0.6703
682.0000 0.6703
683.0000 0.6703
684.0000 0.6703
685.0000 0.6703
686.0000 0.6703
687.0000 0.6703
688.0000 0.6703
689.0000 0.6703
690.0000 0.6703
691.0000 0.6703
692.0000 0.6703
693.0000 0.6703
694.0000 0.6703
695.0000 0.6703
696.0000 0.6703
697.0000 0.6703
698.0000 0.6703
699.0000 0.6703
700.0000 0.6703
701.0000 0.6703
702.0000 0.6703
703.0000 0.6703
704.0000 0.6703
705.0000 0.6703
706.0000 0.6703
707.0000 0.6703
708.0000 0.6703
709.0000 0.6703
710.0000 0.6703
711.0000 0.6703
712.0000 0.6703
713.0000 0.6703
714.0000 0.6703
715.0000 0.6703
716.0000 0.6703
717.0000 0.6703
718.0000 0.6703
719.0000 0.6703
720.0000 0.6703
721.0000 0.6703
722.0000 0.6703
723.0000 0.6703
724.0000 0.6703
725.0000 0.6703
726.0000 0.6703
727.0000 0.6703
728.0000 0.6703
729.0000 0.6703
730.0000 0.6703
731.0000 0.6703
732.0000 0.6703
733.0000 0.6703
734.0000 0.6703
735.0000 0.6703
736.0000 0.6703
737.0000 0.6703
738.0000 0.6703
739.0000 0.6703
740.0000 0.6703
741.0000 0.6703
742.0000 0.6703
743.0000 0.6703
744.0000 0.6703
745.0000 0.6703
746.0000 0.6703
747.0000 0.6703
748.0000 0.6703
749.0000 0.6703
750.0000 0.6703
751.0000 0.6703
752.0000 -0.9748
753.0000 0.2967
754.0000 0.2459
755.0000 0.1950
756.0000 0.1442
757.0000 0.0934
758.0000 0.3519
759.0000 0.3533
760.0000 0.3088
761.0000 0.2761
762.0000 0.2537
763.0000 0.2403
764.0000 0.2086
765.0000 0.1646
766.0000 0.1309
767.0000 0.1080
768.0000 0.0921
769.0000 0.0797
770.0000 0.0725
771.0000 0.0717
772.0000 0.0746
773.0000 0.0776
774.0000 0.0793
775.0000 0.0796
776.0000 0.0784
777.0000 0.0756
778.0000 0.0715
779.0000 0.0664
780.0000 0.0609
781.0000 0.0554
782.0000 0.0501
783.0000 0.0452
784.0000 0.0408
785.0000 0.0368
786.0000 0.0333
787.0000 0.0301
788.0000 0.0271
789.0000 0.0243
790.0000 0.0215
791.0000 0.0188
792.0000 0.0160
793.0000 0.0133
794.0000 0.0106
795.0000 0.0079
796.0000 0.0052
797.0000 0.0025
798.0000 -0.0000
799.0000 -0.0026
800.0000 -0.0050
801.0000 -0.0074
802.0000 -0.0098
803.0000 -0.0121
804.0000 -0.0143
805.0000 -0.0165
806.0000 -0.0187
807.0000 -0.0208
808.0000 -0.0228
809.0000 -0.0249
810.0000 -0.0269
811.0000 -0.0289
812.0000 -0.0308
813.0000 -0.0327
814.0000 -0.0346
815.0000 -0.0364
816.0000 -0.0382
817.0000 -0.0400
818.0000 -0.0418
819.0000 -0.0435
820.0000 -0.0452
821.0000 -0.0468
822.0000 -0.0485
823.0000 -0.0501
824.0000 -0.0517
825.0000 -0.0532
826.0000 -0.0548
827.0000 -0.0563
828.0000 -0.0578
829.0000 -0.0592
830.0000 -0.0607
831.0000 -0.0621
832.0000 -0.0635
833.0000 -0.0649
834.0000 -0.0662
835.0000 -0.0676
836.0000 -0.0689
837.0000 -0.0702
838.0000 -0.0715
839.0000 -0.0728
840.0000 -0.0740
841.0000 -0.0753
842.0000 -0.0765
843.0000 -0.0777
844.0000 -0.0789
845.0000 -0.0800
846.0000 -0.0812
847.0000 -0.0823
848.0000 -0.0835
849.0000 -0.0846
850.0000 -0.0857
851.0000 -0.0867
852.0000 -0.0878
853.0000 -0.0889
854.0000 -0.0899
855.0000 -0.0909
856.0000 -0.0919
857.0000 -0.0929
858.0000 -0.0939
859.0000 -0.0949
860.0000 -0.0959
861.0000 -0.0968
862.0000 -0.0978
863.0000 -0.0987
864.0000 -0.0996
865.0000 -0.1005
866.0000 -0.1014
867.0000 -0.1023
868.0000 -0.1032
869.0000 -0.1040
870.0000 -0.1049
871.0000 -0.1057
872.0000 -0.1066
873.0000 -0.1074
874.0000 -0.1082
875.0000 -0.1090
876.0000 -0.1098
877.0000 -0.1106
878.0000 -0.1114
879.0000 -0.1122
880.0000 -0.1129
881.0000 -0.1137
882.0000 -0.1145
883.0000 -0.1152
884.0000 -0.1159
885.0000 -0.1166
886.0000 -0.1174
887.0000 -0.1181
888.0000 -0.1188
889.0000 -0.1195
890.0000 -0.1201
891.0000 -0.1208
892.0000 -0.1215
893.0000 -0.1222
894.0000 -0.1228
895.0000 -0.1235
896.0000 -0.1241
897.0000 -0.1247
898.0000 -0.1254
899.0000 -0.1260
900.0000 -0.1266
901.0000 -0.1272
902.0000 -0.1278
903.0000 -0.1284
904.0000 -0.1290
905.0000 -0.1296
906.0000 -0.1302
907.0000 -0.1308
908.0000 -0.1313
909.0000 -0.1319
910.0000 -0.1325
911.0000 -0.1330
912.0000 -0.1336
913.0000 -0.1341
914.0000 -0.1346
915.0000 -0.1352
916.0000 -0.1357
917.0000 -0.1362
918.0000 -0.1367
919.0000 -0.1372
920.0000 -0.1378
921.0000 -0.1383
922.0000 -0.1387
923.0000 -0.1392
924.0000 -0.1397
925.0000 -0.1402
926.0000 -0.1407
927.0000 -0.1412
928.0000 -0.1416
929.0000 -0.1421
930.0000 -0.1426
931.0000 -0.1430
932.0000 -0.1435
933.0000 -0.1439
934.0000 -0.1444
935.0000 -0.1448
936.0000 -0.1452
937.0000 -0.1457
938.0000 -0.1461
939.0000 -0.1465
940.0000 -0.1469
941.0000 -0.1473
942.0000 -0.1478
943.0000 -0.1482
944.0000 -0.1486
945.0000 -0.1490
946.0000 -0.1494
947.0000 -0.1498
948.0000 -0.1502
949.0000 -0.1505
950.0000 -0.1509
951.0000 -0.1513
952.0000 -0.1517
953.0000 -0.1521
954.0000 -0.1524
955.0000 -0.1528
956.0000 -0.1532
957.0000 -0.1535
958.0000 -0.1539
959.0000 -0.1542
960.0000 -0.1546
961.0000 -0.1549
962.0000 -0.1553
963.0000 -0.1556
964.0000 -0.1559
965.0000 -0.1563
966.0000 -0.1566
967.0000 -0.1569
968.0000 -0.1573
969.0000 -0.1576
970.0000 -0.1579
971.0000 -0.1582
972.0000 -0.1586
973.0000 -0.1589
974.0000 -0.1592
975.0000 -0.1595
976.0000 -0.1598
977.0000 -0.1601
978.0000 -0.1604
979.0000 -0.1607
980.0000 -0.1610
981.0000 -0.1613
982.0000 -0.1616
983.0000 -0.1619
984.0000 -0.1621
985.0000 -0.1624
986.0000 -0.1627
987.0000 -0.1630
988.0000 -0.1633
989.0000 -0.1635
990.0000 -0.1638
991.0000 -0.1641
992.0000 -0.1643
993.0000 -0.1646
994.0000 -0.1649
995.0000 -0.1651
996.0000 -0.1654
997.0000 -0.1656
998.0000 -0.1659
999.0000 -0.1661
1000.0000 -0.1664
1001.0000 -0.1666
1002.0000 -0.1669
1003.0000 -0.1671
1004.0000 -0.1674
1005.0000 -0.1676
1006.0000 -0.1679
1007.0000 -0.1681
1008.0000 -0.1683
1009.0000 -0.1686
1010.0000 -0.1688
1011.0000 -0.1690
1012.0000 -0.1692
1013.0000 -0.1695
1014.0000 -0.1697
1015.0000 -0.1699
1016.0000 -0.1701
1017.0000 -0.1703
1018.0000 -0.1706
1019.0000 -0.1708
1020.0000 -0.1710
1021.0000 -0.1712
1022.0000 -0.1714
1023.0000 -0.1716
1024.0000 -0.1718
1025.0000 -0.1720
1026.0000 -0.1722
1027.0000 -0.1724
1028.0000 -0.1726
1029.0000 -0.1728
1030.0000 -0.1730
1031.0000 -0.1732
1032.0000 -0.1734
1033.0000 -0.1736
1034.0000 -0.1738
1035.0000 -0.1740
1036.0000 -0.1742
1037.0000 -0.1744
1038.0000 -0.1745
1039.0000 -0.1747
1040.0000 -0.1749
1041.0000 -0.1751
1042.0000 -0.1753
1043.0000 -0.1754
1044.0000 -0.1756
1045.0000 -0.1758
1046.0000 -0.1760
1047.0000 -0.1761
1048.0000 -0.1763
1049.0000 -0.1765
1050.0000 -0.1766
1051.0000 -0.1768
1052.0000 -0.1770
1053.0000 -0.1771
1054.0000 -0.1773
1055.0000 -0.1775
1056.0000 -0.1776
1057.0000 -0.1778
1058.0000 -0.1779
1059.0000 -0.1781
1060.0000 -0.1782
1061.0000 -0.1784
1062.0000 -0.1786
1063.0000 -0.1787
1064.0000 -0.1789
1065.0000 -0.1790
1066.0000 -0.1792
1067.0000 -0.1793
1068.0000 -0.1794
1069.0000 -0.1796
1070.0000 -0.1797
1071.0000 -0.1799
1072.0000 -0.1800
1073.0000 -0.1802
1074.0000 -0.1803
1075.0000 -0.1804
1076.0000 -0.1806
1077.0000 -0.1807
1078.0000 -0.1808
1079.0000 -0.1810
1080.0000 -0.1811
1081.0000 -0.1812
1082.0000 -0.1814
1083.0000 -0.1815
1084.0000 -0.1816
1085.0000 -0.1818
1086.0000 -0.1819
1087.0000 -0.1820
1088.0000 -0.1821
1089.0000 -0.1823
1090.0000 -0.1824
1091.0000 -0.1825
1092.0000 -0.1826
1093.0000 -0.1828
1094.0000 -0.1829
1095.0000 -0.1830
1096.0000 -0.1831
1097.0000 -0.1832
1098.0000 -0.1833
1099.0000 -0.1835
1100.0000 -0.1836
1101.0000 -0.1837
1102.0000 -0.1838
1103.0000 -0.1839
1104.0000 -0.1840
1105.0000 -0.1841
1106.0000 -0.1842
1107.0000 -0.1844
1108.0000 -0.1845
1109.0000 -0.1846
1110.0000 -0.1847
1111.0000 -0.1848
1112.0000 -0.1849
1113.0000 -0.1850
1114.0000 -0.1851
1115.0000 -0.1852
1116.0000 -0.1853
1117.0000 -0.1854
1118.0000 -0.1855
1119.0000 -0.1856
1120.0000 -0.1857
1121.0000 -0.1858
1122.0000 -0.1859
1123.0000 -0.1860
1124.0000 -0.1861
1125.0000 -0.1862
1126.0000 -0.1863
1127.0000 -0.1864
1128.0000 -0.1865
1129.0000 -0.1866
1130.0000 -0.1866
1131.0000 -0.1867
1132.0000 -0.1868
1133.0000 -0.1869
1134.0000 -0.1870
1135.0000 -0.1871
1136.0000 -0.1872
1137.0000 -0.1873
1138.0000 -0.1874
1139.0000 -0.1874
1140.0000 -0.1875
1141.0000 -0.1876
1142.0000 -0.1877
1143.0000 -0.1878
1144.0000 -0.1879
1145.0000 -0.1879
1146.0000 -0.1880
1147.0000 -0.1881
1148.0000 -0.1882
1149.0000 -0.1883
1150.0000 -0.1883
1151.0000 -0.1884
1152.0000 -0.1885
1153.0000 -0.1886
1154.0000 -0.1887
1155.0000 -0.1887
1156.0000 -0.1888
1157.0000 -0.1889
1158.0000 -0.1890
1159.0000 -0.1890
1160.0000 -0.1891
1161.0000 -0.1892
1162.0000 -0.1892
1163.0000 -0.1893
1164.0000 -0.1894
1165.0000 -0.1895
1166.0000 -0.1895
1167.0000 -0.1896
1168.0000 -0.1897
1169.0000 -0.1897
1170.0000 -0.1898
1171.0000 -0.1899
1172.0000 -0.1899
1173.0000 -0.1900
1174.0000 -0.1901
1175.0000 -0.1901
1176.0000 -0.1902
1177.0000 -0.1903
1178.0000 -0.1903
1179.0000 -0.1904
1180.0000 -0.1905
1181.0000 -0.1905
1182.0000 -0.1906
1183.0000 -0.1907
1184.0000 -0.1907
1185.0000 -0.1908
1186.0000 -0.1908
1187.0000 -0.1909
1188.0000 -0.1910
1189.0000 -0.1910
1190.0000 -0.1911
1191.0000 -0.1911
1192.0000 -0.1912
1193.0000 -0.1913
1194.0000 -0.1913
1195.0000 -0.1914
1196.0000 -0.1914
1197.0000 -0.1915
1198.0000 -0.1915
1199.0000 -0.1916
1200.0000 -0.1916
