1.0000 0.0000
2.0000 0.0000
3.0000 0.0000
4.0000 0.0000
5.0000 0.0000
6.0000 0.0000
7.0000 0.0000
8.0000 0.0000
9.0000 0.0000
10.0000 0.0000
11.0000 0.0000
12.0000 0.0535
13.0000 0.1532
14.0000 0.2590
15.0000 0.3699
16.0000 0.4854
17.0000 0.6055
18.0000 0.7196
19.0000 0.8131
20.0000 0.8811
21.0000 0.9228
22.0000 0.9390
23.0000 0.9309
24.0000 0.9028
25.0000 0.8621
26.0000 0.8165
27.0000 0.7724
28.0000 0.7345
29.0000 0.7067
30.0000 0.6914
31.0000 0.6899
32.0000 0.7019
33.0000 0.7262
34.0000 0.7608
35.0000 0.8030
36.0000 0.8496
37.0000 0.8973
38.0000 0.9426
39.0000 0.9827
40.0000 1.0150
41.0000 1.0379
42.0000 1.0504
43.0000 1.0527
44.0000 1.0459
45.0000 1.0315
46.0000 1.0119
47.0000 0.9894
48.0000 0.9665
49.0000 0.9455
50.0000 0.9281
51.0000 0.9156
52.0000 0.9088
53.0000 0.9081
54.0000 0.9130
55.0000 0.9230
56.0000 0.9370
57.0000 0.9537
58.0000 0.9717
59.0000 0.9896
60.0000 1.0059
61.0000 1.0196
62.0000 1.0297
63.0000 1.0358
64.0000 1.0377
65.0000 1.0356
66.0000 1.0300
67.0000 1.0218
68.0000 1.0118
69.0000 1.0011
70.0000 0.9907
71.0000 0.9814
72.0000 0.9739
73.0000 0.9688
74.0000 0.9663
75.0000 0.9664
76.0000 0.9690
77.0000 0.9737
78.0000 0.9799
79.0000 0.9871
80.0000 0.9946
81.0000 1.0019
82.0000 1.0082
83.0000 1.0133
84.0000 1.0168
85.0000 1.0185
86.0000 1.0185
87.0000 1.0168
88.0000 1.0137
89.0000 1.0097
90.0000 1.0051
91.0000 1.0003
92.0000 0.9958
93.0000 0.9919
94.0000 0.9889
95.0000 0.9869
96.0000 0.9862
97.0000 0.9866
98.0000 0.9880
99.0000 0.9902
100.0000 0.9930
101.0000 0.9962
102.0000 0.9994
103.0000 1.0024
104.0000 1.0050
105.0000 1.0069
106.0000 1.0081
107.0000 1.0085
108.0000 1.0082
109.0000 1.0072
110.0000 1.0057
111.0000 1.0038
112.0000 1.0017
113.0000 0.9996
114.0000 0.9977
115.0000 0.9961
116.0000 0.9950
117.0000 0.9943
118.0000 0.9941
119.0000 0.9945
120.0000 0.9952
121.0000 0.9963
122.0000 0.9976
123.0000 0.9990
124.0000 1.0003
125.0000 1.0016
126.0000 1.0026
127.0000 1.0033
128.0000 1.0037
129.0000 1.0038
130.0000 1.0035
131.0000 1.0030
132.0000 1.0022
133.0000 1.0014
134.0000 1.0005
135.0000 0.9996
136.0000 0.9988
137.0000 0.9981
138.0000 0.9977
139.0000 0.9975
140.0000 0.9975
141.0000 0.9977
142.0000 0.9981
143.0000 0.9986
144.0000 0.9992
145.0000 0.9998
146.0000 1.0004
147.0000 1.0009
148.0000 1.0013
149.0000 1.0015
150.0000 1.0017
151.0000 1.0016
152.0000 1.0015
153.0000 1.0012
154.0000 1.0009
155.0000 1.0005
156.0000 1.0001
157.0000 0.9997
158.0000 0.9994
159.0000 0.9991
160.0000 0.9990
161.0000 0.9989
162.0000 0.9989
163.0000 0.9991
164.0000 0.9992
165.0000 0.9995
166.0000 0.9997
167.0000 1.0000
168.0000 1.0002
169.0000 1.0005
170.0000 1.0006
171.0000 1.0007
172.0000 1.0007
173.0000 1.0007
174.0000 1.0006
175.0000 1.0005
176.0000 1.0003
177.0000 1.0001
178.0000 1.0000
179.0000 0.9998
180.0000 0.9997
181.0000 0.9996
182.0000 0.9995
183.0000 0.9995
184.0000 0.9996
185.0000 0.9996
186.0000 0.9997
187.0000 0.9998
188.0000 0.9999
189.0000 1.0000
190.0000 1.0001
191.0000 1.0002
192.0000 1.0003
193.0000 1.0003
194.0000 1.0003
195.0000 1.0003
196.0000 1.0002
197.0000 1.0002
198.0000 1.0001
199.0000 1.0000
200.0000 1.0000
201.0000 0.9999
202.0000 0.9998
203.0000 0.9998
204.0000 0.9998
205.0000 0.9998
206.0000 0.9998
207.0000 0.9998
208.0000 0.9999
209.0000 0.9999
210.0000 1.0000
211.0000 1.0000
212.0000 1.0001
213.0000 1.0001
214.0000 1.0001
215.0000 1.0001
216.0000 1.0001
217.0000 1.0001
218.0000 1.0001
219.0000 1.0001
220.0000 1.0000
221.0000 1.0000
222.0000 1.0000
223.0000 0.9999
224.0000 0.9999
225.0000 0.9999
226.0000 0.9999
227.0000 0.9999
228.0000 0.9999
229.0000 0.9999
230.0000 1.0000
231.0000 1.0000
232.0000 1.0000
233.0000 1.0000
234.0000 1.0000
235.0000 1.0001
236.0000 1.0001
237.0000 1.0001
238.0000 1.0001
239.0000 1.0000
240.0000 1.0000
241.0000 1.0000
242.0000 1.0000
243.0000 1.0000
244.0000 1.0000
245.0000 1.0000
246.0000 1.0000
247.0000 1.0000
248.0000 1.0000
249.0000 1.0000
250.0000 1.0000
251.0000 1.0000
252.0000 1.0000
253.0000 1.0000
254.0000 1.0000
255.0000 1.0000
256.0000 1.0000
257.0000 1.0525
258.0000 1.1680
259.0000 1.3270
260.0000 1.5141
261.0000 1.7174
262.0000 1.9277
263.0000 2.1381
264.0000 2.3435
265.0000 2.5405
266.0000 2.7265
267.0000 2.8957
268.0000 3.0376
269.0000 3.1467
270.0000 3.2232
271.0000 3.2702
272.0000 3.2920
273.0000 3.2929
274.0000 3.2783
275.0000 3.2535
276.0000 3.2232
277.0000 3.1910
278.0000 3.1595
279.0000 3.1306
280.0000 3.1052
281.0000 3.0838
282.0000 3.0661
283.0000 3.0518
284.0000 3.0402
285.0000 3.0307
286.0000 3.0227
287.0000 3.0156
288.0000 3.0091
289.0000 3.0028
290.0000 2.9966
291.0000 2.9905
292.0000 2.9845
293.0000 2.9788
294.0000 2.9733
295.0000 2.9684
296.0000 2.9641
297.0000 2.9605
298.0000 2.9577
299.0000 2.9558
300.0000 2.9547
301.0000 2.9545
302.0000 2.9551
303.0000 2.9565
304.0000 2.9585
305.0000 2.9610
306.0000 2.9641
307.0000 2.9674
308.0000 2.9711
309.0000 2.9749
310.0000 2.9788
311.0000 2.9827
312.0000 2.9865
313.0000 2.9902
314.0000 2.9937
315.0000 2.9970
316.0000 3.0001
317.0000 3.0029
318.0000 3.0054
319.0000 3.0076
320.0000 3.0094
321.0000 3.0110
322.0000 3.0123
323.0000 3.0132
324.0000 3.0139
325.0000 3.0143
326.0000 3.0145
327.0000 3.0144
328.0000 3.0141
329.0000 3.0136
330.0000 3.0129
331.0000 3.0121
332.0000 3.0112
333.0000 3.0101
334.0000 3.0090
335.0000 3.0079
336.0000 3.0067
337.0000 3.0055
338.0000 3.0043
339.0000 3.0032
340.0000 3.0021
341.0000 3.0011
342.0000 3.0001
343.0000 2.9992
344.0000 2.9984
345.0000 2.9977
346.0000 2.9971
347.0000 2.9966
348.0000 2.9962
349.0000 2.9959
350.0000 2.9956
351.0000 2.9955
352.0000 2.9954
353.0000 2.9954
354.0000 2.9955
355.0000 2.9957
356.0000 2.9959
357.0000 2.9962
358.0000 2.9964
359.0000 2.9968
360.0000 2.9971
361.0000 2.9975
362.0000 2.9978
363.0000 2.9982
364.0000 2.9986
365.0000 2.9990
366.0000 2.9993
367.0000 2.9996
368.0000 2.9999
369.0000 3.0002
370.0000 3.0005
371.0000 3.0007
372.0000 3.0009
373.0000 3.0011
374.0000 3.0012
375.0000 3.0013
376.0000 3.0014
377.0000 3.0014
378.0000 3.0014
379.0000 3.0014
380.0000 3.0014
381.0000 3.0014
382.0000 3.0013
383.0000 3.0012
384.0000 3.0011
385.0000 3.0010
386.0000 3.0009
387.0000 3.0008
388.0000 3.0007
389.0000 3.0006
390.0000 3.0005
391.0000 3.0003
392.0000 3.0002
393.0000 3.0001
394.0000 3.0000
395.0000 2.9999
396.0000 2.9999
397.0000 2.9998
398.0000 2.9997
399.0000 2.9997
400.0000 2.9996
401.0000 2.9996
402.0000 2.9996
403.0000 2.9996
404.0000 2.9995
405.0000 2.9995
406.0000 2.9996
407.0000 2.9996
408.0000 2.9996
409.0000 2.9996
410.0000 2.9996
411.0000 2.9997
412.0000 2.9997
413.0000 2.9997
414.0000 2.9998
415.0000 2.9998
416.0000 2.9999
417.0000 2.9999
418.0000 2.9999
419.0000 3.0000
420.0000 3.0000
421.0000 3.0000
422.0000 3.0000
423.0000 3.0001
424.0000 3.0001
425.0000 3.0001
426.0000 3.0001
427.0000 3.0001
428.0000 3.0001
429.0000 3.0001
430.0000 3.0001
431.0000 3.0001
432.0000 3.0001
433.0000 3.0001
434.0000 3.0001
435.0000 3.0001
436.0000 3.0001
437.0000 3.0001
438.0000 3.0001
439.0000 3.0001
440.0000 3.0001
441.0000 3.0001
442.0000 3.0000
443.0000 3.0000
444.0000 3.0000
445.0000 3.0000
446.0000 3.0000
447.0000 3.0000
448.0000 3.0000
449.0000 3.0000
450.0000 3.0000
451.0000 3.0000
452.0000 3.0000
453.0000 3.0000
454.0000 3.0000
455.0000 3.0000
456.0000 3.0000
457.0000 3.0000
458.0000 3.0000
459.0000 3.0000
460.0000 3.0000
461.0000 3.0000
462.0000 3.0000
463.0000 3.0000
464.0000 3.0000
465.0000 3.0000
466.0000 3.0000
467.0000 3.0000
468.0000 3.0000
469.0000 3.0000
470.0000 3.0000
471.0000 3.0000
472.0000 3.0000
473.0000 3.0000
474.0000 3.0000
475.0000 3.0000
476.0000 3.0000
477.0000 3.0000
478.0000 3.0000
479.0000 3.0000
480.0000 3.0000
481.0000 3.0000
482.0000 3.0000
483.0000 3.0000
484.0000 3.0000
485.0000 3.0000
486.0000 3.0000
487.0000 3.0000
488.0000 3.0000
489.0000 3.0000
490.0000 3.0000
491.0000 3.0000
492.0000 3.0000
493.0000 3.0000
494.0000 3.0000
495.0000 3.0000
496.0000 3.0000
497.0000 3.0000
498.0000 3.0000
499.0000 3.0000
500.0000 3.0000
501.0000 3.0000
502.0000 3.0000
503.0000 3.0000
504.0000 3.0000
505.0000 3.0000
506.0000 3.0000
507.0000 2.7587
508.0000 2.5384
509.0000 2.3637
510.0000 2.2224
511.0000 2.1050
512.0000 2.0036
513.0000 1.9362
514.0000 1.9029
515.0000 1.8934
516.0000 1.9004
517.0000 1.9195
518.0000 1.9486
519.0000 1.9842
520.0000 2.0219
521.0000 2.0579
522.0000 2.0898
523.0000 2.1157
524.0000 2.1341
525.0000 2.1442
526.0000 2.1460
527.0000 2.1400
528.0000 2.1275
529.0000 2.1099
530.0000 2.0889
531.0000 2.0660
532.0000 2.0428
533.0000 2.0207
534.0000 2.0006
535.0000 1.9834
536.0000 1.9697
537.0000 1.9595
538.0000 1.9531
539.0000 1.9503
540.0000 1.9506
541.0000 1.9537
542.0000 1.9591
543.0000 1.9662
544.0000 1.9743
545.0000 1.9829
546.0000 1.9914
547.0000 1.9992
548.0000 2.0061
549.0000 2.0116
550.0000 2.0157
551.0000 2.0182
552.0000 2.0192
553.0000 2.0188
554.0000 2.0172
555.0000 2.0147
556.0000 2.0115
557.0000 2.0079
558.0000 2.0042
559.0000 2.0007
560.0000 1.9974
561.0000 1.9947
562.0000 1.9926
563.0000 1.9911
564.0000 1.9903
565.0000 1.9901
566.0000 1.9905
567.0000 1.9914
568.0000 1.9927
569.0000 1.9942
570.0000 1.9959
571.0000 1.9976
572.0000 1.9992
573.0000 2.0007
574.0000 2.0019
575.0000 2.0029
576.0000 2.0035
577.0000 2.0039
578.0000 2.0039
579.0000 2.0038
580.0000 2.0034
581.0000 2.0028
582.0000 2.0021
583.0000 2.0014
584.0000 2.0007
585.0000 2.0000
586.0000 1.9994
587.0000 1.9989
588.0000 1.9985
589.0000 1.9983
590.0000 1.9982
591.0000 1.9982
592.0000 1.9983
593.0000 1.9985
594.0000 1.9988
595.0000 1.9991
596.0000 1.9994
597.0000 1.9997
598.0000 2.0000
599.0000 2.0003
600.0000 2.0005
601.0000 2.0006
602.0000 2.0007
603.0000 2.0008
604.0000 2.0008
605.0000 2.0007
606.0000 2.0006
607.0000 2.0005
608.0000 2.0004
609.0000 2.0002
610.0000 2.0001
611.0000 2.0000
612.0000 1.9999
613.0000 1.9998
614.0000 1.9997
615.0000 1.9997
616.0000 1.9997
617.0000 1.9997
618.0000 1.9997
619.0000 1.9997
620.0000 1.9998
621.0000 1.9998
622.0000 1.9999
623.0000 2.0000
624.0000 2.0000
625.0000 2.0001
626.0000 2.0001
627.0000 2.0001
628.0000 2.0001
629.0000 2.0002
630.0000 2.0001
631.0000 2.0001
632.0000 2.0001
633.0000 2.0001
634.0000 2.0001
635.0000 2.0000
636.0000 2.0000
637.0000 2.0000
638.0000 2.0000
639.0000 2.0000
640.0000 1.9999
641.0000 1.9999
642.0000 1.9999
643.0000 1.9999
644.0000 1.9999
645.0000 2.0000
646.0000 2.0000
647.0000 2.0000
648.0000 2.0000
649.0000 2.0000
650.0000 2.0000
651.0000 2.0000
652.0000 2.0000
653.0000 2.0000
654.0000 2.0000
655.0000 2.0000
656.0000 2.0000
657.0000 2.0000
658.0000 2.0000
659.0000 2.0000
660.0000 2.0000
661.0000 2.0000
662.0000 2.0000
663.0000 2.0000
664.0000 2.0000
665.0000 2.0000
666.0000 2.0000
667.0000 2.0000
668.0000 2.0000
669.0000 2.0000
670.0000 2.0000
671.0000 2.0000
672.0000 2.0000
673.0000 2.0000
674.0000 2.0000
675.0000 2.0000
676.0000 2.0000
677.0000 2.0000
678.0000 2.0000
679.0000 2.0000
680.0000 2.0000
681.0000 2.0000
682.0000 2.0000
683.0000 2.0000
684.0000 2.0000
685.0000 2.0000
686.0000 2.0000
687.0000 2.0000
688.0000 2.0000
689.0000 2.0000
690.0000 2.0000
691.0000 2.0000
692.0000 2.0000
693.0000 2.0000
694.0000 2.0000
695.0000 2.0000
696.0000 2.0000
697.0000 2.0000
698.0000 2.0000
699.0000 2.0000
700.0000 2.0000
701.0000 2.0000
702.0000 2.0000
703.0000 2.0000
704.0000 2.0000
705.0000 2.0000
706.0000 2.0000
707.0000 2.0000
708.0000 2.0000
709.0000 2.0000
710.0000 2.0000
711.0000 2.0000
712.0000 2.0000
713.0000 2.0000
714.0000 2.0000
715.0000 2.0000
716.0000 2.0000
717.0000 2.0000
718.0000 2.0000
719.0000 2.0000
720.0000 2.0000
721.0000 2.0000
722.0000 2.0000
723.0000 2.0000
724.0000 2.0000
725.0000 2.0000
726.0000 2.0000
727.0000 2.0000
728.0000 2.0000
729.0000 2.0000
730.0000 2.0000
731.0000 2.0000
732.0000 2.0000
733.0000 2.0000
734.0000 2.0000
735.0000 2.0000
736.0000 2.0000
737.0000 2.0000
738.0000 2.0000
739.0000 2.0000
740.0000 2.0000
741.0000 2.0000
742.0000 2.0000
743.0000 2.0000
744.0000 2.0000
745.0000 2.0000
746.0000 2.0000
747.0000 2.0000
748.0000 2.0000
749.0000 2.0000
750.0000 2.0000
751.0000 2.0000
752.0000 2.0000
753.0000 2.0000
754.0000 2.0000
755.0000 2.0000
756.0000 2.0000
757.0000 1.6035
758.0000 1.2444
759.0000 0.9780
760.0000 0.7777
761.0000 0.6234
762.0000 0.5008
763.0000 0.4182
764.0000 0.3758
765.0000 0.3570
766.0000 0.3484
767.0000 0.3430
768.0000 0.3374
769.0000 0.3282
770.0000 0.3121
771.0000 0.2888
772.0000 0.2606
773.0000 0.2305
774.0000 0.2009
775.0000 0.1734
776.0000 0.1493
777.0000 0.1291
778.0000 0.1129
779.0000 0.1004
780.0000 0.0908
781.0000 0.0835
782.0000 0.0777
783.0000 0.0728
784.0000 0.0685
785.0000 0.0643
786.0000 0.0602
787.0000 0.0560
788.0000 0.0519
789.0000 0.0477
790.0000 0.0437
791.0000 0.0399
792.0000 0.0362
793.0000 0.0328
794.0000 0.0297
795.0000 0.0268
796.0000 0.0240
797.0000 0.0215
798.0000 0.0191
799.0000 0.0168
800.0000 0.0147
801.0000 0.0126
802.0000 0.0106
803.0000 0.0087
804.0000 0.0069
805.0000 0.0051
806.0000 0.0034
807.0000 0.0018
808.0000 0.0002
809.0000 -0.0013
810.0000 -0.0028
811.0000 -0.0042
812.0000 -0.0056
813.0000 -0.0069
814.0000 -0.0082
815.0000 -0.0094
816.0000 -0.0106
817.0000 -0.0117
818.0000 -0.0129
819.0000 -0.0139
820.0000 -0.0150
821.0000 -0.0160
822.0000 -0.0170
823.0000 -0.0179
824.0000 -0.0189
825.0000 -0.0198
826.0000 -0.0207
827.0000 -0.0215
828.0000 -0.0223
829.0000 -0.0231
830.0000 -0.0239
831.0000 -0.0247
832.0000 -0.0254
833.0000 -0.0262
834.0000 -0.0269
835.0000 -0.0276
836.0000 -0.0282
837.0000 -0.0289
838.0000 -0.0295
839.0000 -0.0302
840.0000 -0.0308
841.0000 -0.0314
842.0000 -0.0319
843.0000 -0.0325
844.0000 -0.0331
845.0000 -0.0336
846.0000 -0.0341
847.0000 -0.0346
848.0000 -0.0351
849.0000 -0.0356
850.0000 -0.0361
851.0000 -0.0366
852.0000 -0.0371
853.0000 -0.0375
854.0000 -0.0380
855.0000 -0.0384
856.0000 -0.0388
857.0000 -0.0392
858.0000 -0.0397
859.0000 -0.0401
860.0000 -0.0404
861.0000 -0.0408
862.0000 -0.0412
863.0000 -0.0416
864.0000 -0.0419
865.0000 -0.0423
866.0000 -0.0427
867.0000 -0.0430
868.0000 -0.0433
869.0000 -0.0437
870.0000 -0.0440
871.0000 -0.0443
872.0000 -0.0446
873.0000 -0.0449
874.0000 -0.0452
875.0000 -0.0455
876.0000 -0.0458
877.0000 -0.0461
878.0000 -0.0464
879.0000 -0.0467
880.0000 -0.0469
881.0000 -0.0472
882.0000 -0.0475
883.0000 -0.0477
884.0000 -0.0480
885.0000 -0.0482
886.0000 -0.0485
887.0000 -0.0487
888.0000 -0.0490
889.0000 -0.0492
890.0000 -0.0494
891.0000 -0.0497
892.0000 -0.0499
893.0000 -0.0501
894.0000 -0.0503
895.0000 -0.0506
896.0000 -0.0508
897.0000 -0.0510
898.0000 -0.0512
899.0000 -0.0514
900.0000 -0.0516
901.0000 -0.0518
902.0000 -0.0520
903.0000 -0.0522
904.0000 -0.0523
905.0000 -0.0525
906.0000 -0.0527
907.0000 -0.0529
908.0000 -0.0531
909.0000 -0.0532
910.0000 -0.0534
911.0000 -0.0536
912.0000 -0.0538
913.0000 -0.0539
914.0000 -0.0541
915.0000 -0.0542
916.0000 -0.0544
917.0000 -0.0546
918.0000 -0.0547
919.0000 -0.0549
920.0000 -0.0550
921.0000 -0.0552
922.0000 -0.0553
923.0000 -0.0555
924.0000 -0.0556
925.0000 -0.0557
926.0000 -0.0559
927.0000 -0.0560
928.0000 -0.0562
929.0000 -0.0563
930.0000 -0.0564
931.0000 -0.0566
932.0000 -0.0567
933.0000 -0.0568
934.0000 -0.0569
935.0000 -0.0571
936.0000 -0.0572
937.0000 -0.0573
938.0000 -0.0574
939.0000 -0.0575
940.0000 -0.0577
941.0000 -0.0578
942.0000 -0.0579
943.0000 -0.0580
944.0000 -0.0581
945.0000 -0.0582
946.0000 -0.0583
947.0000 -0.0584
948.0000 -0.0585
949.0000 -0.0587
950.0000 -0.0588
951.0000 -0.0589
952.0000 -0.0590
953.0000 -0.0591
954.0000 -0.0592
955.0000 -0.0593
956.0000 -0.0594
957.0000 -0.0595
958.0000 -0.0595
959.0000 -0.0596
960.0000 -0.0597
961.0000 -0.0598
962.0000 -0.0599
963.0000 -0.0600
964.0000 -0.0601
965.0000 -0.0602
966.0000 -0.0603
967.0000 -0.0604
968.0000 -0.0604
969.0000 -0.0605
970.0000 -0.0606
971.0000 -0.0607
972.0000 -0.0608
973.0000 -0.0608
974.0000 -0.0609
975.0000 -0.0610
976.0000 -0.0611
977.0000 -0.0612
978.0000 -0.0612
979.0000 -0.0613
980.0000 -0.0614
981.0000 -0.0615
982.0000 -0.0615
983.0000 -0.0616
984.0000 -0.0617
985.0000 -0.0618
986.0000 -0.0618
987.0000 -0.0619
988.0000 -0.0620
989.0000 -0.0620
990.0000 -0.0621
991.0000 -0.0622
992.0000 -0.0622
993.0000 -0.0623
994.0000 -0.0624
995.0000 -0.0624
996.0000 -0.0625
997.0000 -0.0625
998.0000 -0.0626
999.0000 -0.0627
1000.0000 -0.0627
1001.0000 -0.0628
1002.0000 -0.0629
1003.0000 -0.0629
1004.0000 -0.0630
1005.0000 -0.0630
1006.0000 -0.0631
1007.0000 -0.0631
1008.0000 -0.0632
1009.0000 -0.0633
1010.0000 -0.0633
1011.0000 -0.0634
1012.0000 -0.0634
1013.0000 -0.0635
1014.0000 -0.0635
1015.0000 -0.0636
1016.0000 -0.0636
1017.0000 -0.0637
1018.0000 -0.0637
1019.0000 -0.0638
1020.0000 -0.0638
1021.0000 -0.0639
1022.0000 -0.0639
1023.0000 -0.0640
1024.0000 -0.0640
1025.0000 -0.0641
1026.0000 -0.0641
1027.0000 -0.0642
1028.0000 -0.0642
1029.0000 -0.0643
1030.0000 -0.0643
1031.0000 -0.0644
1032.0000 -0.0644
1033.0000 -0.0645
1034.0000 -0.0645
1035.0000 -0.0645
1036.0000 -0.0646
1037.0000 -0.0646
1038.0000 -0.0647
1039.0000 -0.0647
1040.0000 -0.0648
1041.0000 -0.0648
1042.0000 -0.0648
1043.0000 -0.0649
1044.0000 -0.0649
1045.0000 -0.0650
1046.0000 -0.0650
1047.0000 -0.0650
1048.0000 -0.0651
1049.0000 -0.0651
1050.0000 -0.0651
1051.0000 -0.0652
1052.0000 -0.0652
1053.0000 -0.0653
1054.0000 -0.0653
1055.0000 -0.0653
1056.0000 -0.0654
1057.0000 -0.0654
1058.0000 -0.0654
1059.0000 -0.0655
1060.0000 -0.0655
1061.0000 -0.0655
1062.0000 -0.0656
1063.0000 -0.0656
1064.0000 -0.0657
1065.0000 -0.0657
1066.0000 -0.0657
1067.0000 -0.0658
1068.0000 -0.0658
1069.0000 -0.0658
1070.0000 -0.0658
1071.0000 -0.0659
1072.0000 -0.0659
1073.0000 -0.0659
1074.0000 -0.0660
1075.0000 -0.0660
1076.0000 -0.0660
1077.0000 -0.0661
1078.0000 -0.0661
1079.0000 -0.0661
1080.0000 -0.0662
1081.0000 -0.0662
1082.0000 -0.0662
1083.0000 -0.0662
1084.0000 -0.0663
1085.0000 -0.0663
1086.0000 -0.0663
1087.0000 -0.0664
1088.0000 -0.0664
1089.0000 -0.0664
1090.0000 -0.0664
1091.0000 -0.0665
1092.0000 -0.0665
1093.0000 -0.0665
1094.0000 -0.0665
1095.0000 -0.0666
1096.0000 -0.0666
1097.0000 -0.0666
1098.0000 -0.0666
1099.0000 -0.0667
1100.0000 -0.0667
1101.0000 -0.0667
1102.0000 -0.0667
1103.0000 -0.0668
1104.0000 -0.0668
1105.0000 -0.0668
1106.0000 -0.0668
1107.0000 -0.0669
1108.0000 -0.0669
1109.0000 -0.0669
1110.0000 -0.0669
1111.0000 -0.0670
1112.0000 -0.0670
1113.0000 -0.0670
1114.0000 -0.0670
1115.0000 -0.0671
1116.0000 -0.0671
1117.0000 -0.0671
1118.0000 -0.0671
1119.0000 -0.0671
1120.0000 -0.0672
1121.0000 -0.0672
1122.0000 -0.0672
1123.0000 -0.0672
1124.0000 -0.0672
1125.0000 -0.0673
1126.0000 -0.0673
1127.0000 -0.0673
1128.0000 -0.0673
1129.0000 -0.0673
1130.0000 -0.0674
1131.0000 -0.0674
1132.0000 -0.0674
1133.0000 -0.0674
1134.0000 -0.0674
1135.0000 -0.0675
1136.0000 -0.0675
1137.0000 -0.0675
1138.0000 -0.0675
1139.0000 -0.0675
1140.0000 -0.0676
1141.0000 -0.0676
1142.0000 -0.0676
1143.0000 -0.0676
1144.0000 -0.0676
1145.0000 -0.0676
1146.0000 -0.0677
1147.0000 -0.0677
1148.0000 -0.0677
1149.0000 -0.0677
1150.0000 -0.0677
1151.0000 -0.0677
1152.0000 -0.0678
1153.0000 -0.0678
1154.0000 -0.0678
1155.0000 -0.0678
1156.0000 -0.0678
1157.0000 -0.0678
1158.0000 -0.0679
1159.0000 -0.0679
1160.0000 -0.0679
1161.0000 -0.0679
1162.0000 -0.0679
1163.0000 -0.0679
1164.0000 -0.0679
1165.0000 -0.0680
1166.0000 -0.0680
1167.0000 -0.0680
1168.0000 -0.0680
1169.0000 -0.0680
1170.0000 -0.0680
1171.0000 -0.0680
1172.0000 -0.0681
1173.0000 -0.0681
1174.0000 -0.0681
1175.0000 -0.0681
1176.0000 -0.0681
1177.0000 -0.0681
1178.0000 -0.0681
1179.0000 -0.0682
1180.0000 -0.0682
1181.0000 -0.0682
1182.0000 -0.0682
1183.0000 -0.0682
1184.0000 -0.0682
1185.0000 -0.0682
1186.0000 -0.0682
1187.0000 -0.0683
1188.0000 -0.0683
1189.0000 -0.0683
1190.0000 -0.0683
1191.0000 -0.0683
1192.0000 -0.0683
1193.0000 -0.0683
1194.0000 -0.0683
1195.0000 -0.0684
1196.0000 -0.0684
1197.0000 -0.0684
1198.0000 -0.0684
1199.0000 -0.0684
1200.0000 -0.0684
