-0.1500 0.3010
-0.1400 0.3050
-0.1300 0.3090
-0.1200 0.3130
-0.1100 0.3169
-0.1000 0.3207
-0.0900 0.3245
-0.0800 0.3282
-0.0700 0.3318
-0.0600 0.3354
-0.0500 0.3389
-0.0400 0.3423
-0.0300 0.3456
-0.0200 0.3488
-0.0100 0.3520
0.0000 0.3550
0.0100 0.3579
0.0200 0.3608
0.0300 0.3635
0.0400 0.3661
0.0500 0.3686
0.0600 0.3709
0.0700 0.3732
0.0800 0.3753
0.0900 0.3773
0.1000 0.3792
0.1100 0.3809
0.1200 0.3825
0.1300 0.3839
0.1400 0.3853
0.1500 0.3864
0.1600 0.3875
0.1700 0.3883
0.1800 0.3891
0.1900 0.3897
0.2000 0.3901
0.2100 0.3904
0.2200 0.3906
0.2300 0.3906
0.2400 0.3904
0.2500 0.3901
0.2600 0.3897
0.2700 0.3891
0.2800 0.3883
0.2900 0.3875
0.3000 0.3864
0.3100 0.3853
0.3200 0.3839
0.3300 0.3825
0.3400 0.3809
0.3500 0.3792
0.3600 0.3773
0.3700 0.3753
0.3800 0.3732
0.3900 0.3709
0.4000 0.3686
0.4100 0.3661
0.4200 0.3635
0.4300 0.3608
0.4400 0.3579
0.4500 0.3550
0.4600 0.3520
0.4700 0.3488
0.4800 0.3456
0.4900 0.3423
0.5000 0.3389
0.5100 0.3354
0.5200 0.3318
0.5300 0.3282
0.5400 0.3245
0.5500 0.3207
0.5600 0.3169
0.5700 0.3130
0.5800 0.3090
0.5900 0.3050
0.6000 0.3010
0.6100 0.2969
0.6200 0.2928
0.6300 0.2887
0.6400 0.2845
0.6500 0.2803
0.6600 0.2760
0.6700 0.2718
0.6800 0.2675
0.6900 0.2633
0.7000 0.2590
0.7100 0.2547
0.7200 0.2504
0.7300 0.2462
0.7400 0.2419
0.7500 0.2376
0.7600 0.2334
0.7700 0.2292
0.7800 0.2250
0.7900 0.2208
0.8000 0.2166
0.8100 0.2125
0.8200 0.2084
0.8300 0.2043
0.8400 0.2003
0.8500 0.1963
0.8600 0.1923
0.8700 0.1883
0.8800 0.1845
0.8900 0.1806
0.9000 0.1768
0.9100 0.1730
0.9200 0.1693
0.9300 0.1656
0.9400 0.1620
0.9500 0.1584
0.9600 0.1549
0.9700 0.1514
0.9800 0.1480
0.9900 0.1447
1.0000 0.1413
1.0100 0.1381
1.0200 0.1349
1.0300 0.1317
1.0400 0.1286
1.0500 0.1255
1.0600 0.1225
1.0700 0.1196
1.0800 0.1167
1.0900 0.1139
1.1000 0.1111
1.1100 0.1084
1.1200 0.1057
1.1300 0.1030
1.1400 0.1005
1.1500 0.0980
1.1600 0.0955
1.1700 0.0931
1.1800 0.0907
1.1900 0.0884
1.2000 0.0861
1.2100 0.0839
1.2200 0.0817
1.2300 0.0796
1.2400 0.0775
1.2500 0.0755
1.2600 0.0735
1.2700 0.0716
1.2800 0.0697
1.2900 0.0679
1.3000 0.0660
1.3100 0.0643
1.3200 0.0626
1.3300 0.0609
1.3400 0.0593
1.3500 0.0577
1.3600 0.0561
1.3700 0.0546
1.3800 0.0531
1.3900 0.0516
1.4000 0.0502
1.4100 0.0489
1.4200 0.0475
1.4300 0.0462
1.4400 0.0449
1.4500 0.0437
1.4600 0.0425
1.4700 0.0413
1.4800 0.0402
1.4900 0.0390
1.5000 0.0380
1.5100 0.0369
1.5200 0.0359
1.5300 0.0349
1.5400 0.0339
1.5500 0.0329
1.5600 0.0320
1.5700 0.0311
1.5800 0.0302
1.5900 0.0294
1.6000 0.0285
1.6100 0.0277
1.6200 0.0269
1.6300 0.0262
1.6400 0.0254
1.6500 0.0247
1.6600 0.0240
1.6700 0.0233
1.6800 0.0227
1.6900 0.0220
1.7000 0.0214
1.7100 0.0208
1.7200 0.0202
1.7300 0.0196
1.7400 0.0190
1.7500 0.0185
1.7600 0.0179
1.7700 0.0174
1.7800 0.0169
1.7900 0.0164
1.8000 0.0160
1.8100 0.0155
1.8200 0.0151
1.8300 0.0146
1.8400 0.0142
1.8500 0.0138
1.8600 0.0134
1.8700 0.0130
1.8800 0.0126
1.8900 0.0123
1.9000 0.0119
1.9100 0.0116
1.9200 0.0112
1.9300 0.0109
1.9400 0.0106
1.9500 0.0103
1.9600 0.0100
1.9700 0.0097
1.9800 0.0094
1.9900 0.0091
2.0000 0.0089
2.0100 0.0086
2.0200 0.0083
2.0300 0.0081
2.0400 0.0079
2.0500 0.0076
2.0600 0.0074
2.0700 0.0072
2.0800 0.0070
2.0900 0.0068
2.1000 0.0066
2.1100 0.0064
2.1200 0.0062
2.1300 0.0060
2.1400 0.0058
2.1500 0.0057
2.1600 0.0055
2.1700 0.0053
2.1800 0.0052
2.1900 0.0050
2.2000 0.0049
2.2100 0.0047
2.2200 0.0046
2.2300 0.0045
2.2400 0.0043
2.2500 0.0042
2.2600 0.0041
2.2700 0.0040
2.2800 0.0039
2.2900 0.0037
2.3000 0.0036
2.3100 0.0035
2.3200 0.0034
2.3300 0.0033
2.3400 0.0032
2.3500 0.0031
2.3600 0.0030
2.3700 0.0029
2.3800 0.0029
2.3900 0.0028
2.4000 0.0027
2.4100 0.0026
2.4200 0.0025
2.4300 0.0025
2.4400 0.0024
2.4500 0.0023
2.4600 0.0023
2.4700 0.0022
2.4800 0.0021
2.4900 0.0021
2.5000 0.0020
2.5100 0.0019
2.5200 0.0019
2.5300 0.0018
2.5400 0.0018
2.5500 0.0017
2.5600 0.0017
2.5700 0.0016
2.5800 0.0016
2.5900 0.0015
2.6000 0.0015
2.6100 0.0014
2.6200 0.0014
2.6300 0.0014
2.6400 0.0013
2.6500 0.0013
2.6600 0.0012
2.6700 0.0012
2.6800 0.0012
2.6900 0.0011
2.7000 0.0011
2.7100 0.0011
2.7200 0.0010
2.7300 0.0010
2.7400 0.0010
2.7500 0.0009
2.7600 0.0009
2.7700 0.0009
2.7800 0.0009
2.7900 0.0008
2.8000 0.0008
2.8100 0.0008
2.8200 0.0008
2.8300 0.0007
2.8400 0.0007
2.8500 0.0007
2.8600 0.0007
2.8700 0.0007
2.8800 0.0006
2.8900 0.0006
2.9000 0.0006
2.9100 0.0006
2.9200 0.0006
2.9300 0.0006
2.9400 0.0005
2.9500 0.0005
2.9600 0.0005
2.9700 0.0005
2.9800 0.0005
2.9900 0.0005
3.0000 0.0004
3.0100 0.0004
3.0200 0.0004
3.0300 0.0004
3.0400 0.0004
3.0500 0.0004
3.0600 0.0004
3.0700 0.0004
3.0800 0.0004
3.0900 0.0003
3.1000 0.0003
3.1100 0.0003
3.1200 0.0003
3.1300 0.0003
3.1400 0.0003
3.1500 0.0003
3.1600 0.0003
3.1700 0.0003
3.1800 0.0003
3.1900 0.0003
3.2000 0.0002
3.2100 0.0002
3.2200 0.0002
3.2300 0.0002
3.2400 0.0002
3.2500 0.0002
3.2600 0.0002
3.2700 0.0002
3.2800 0.0002
3.2900 0.0002
3.3000 0.0002
3.3100 0.0002
3.3200 0.0002
3.3300 0.0002
3.3400 0.0002
3.3500 0.0002
3.3600 0.0002
3.3700 0.0001
3.3800 0.0001
3.3900 0.0001
3.4000 0.0001
3.4100 0.0001
3.4200 0.0001
3.4300 0.0001
3.4400 0.0001
3.4500 0.0001
3.4600 0.0001
3.4700 0.0001
3.4800 0.0001
3.4900 0.0001
3.5000 0.0001
3.5100 0.0001
3.5200 0.0001
3.5300 0.0001
3.5400 0.0001
3.5500 0.0001
3.5600 0.0001
3.5700 0.0001
3.5800 0.0001
3.5900 0.0001
3.6000 0.0001
3.6100 0.0001
3.6200 0.0001
3.6300 0.0001
3.6400 0.0001
3.6500 0.0001
3.6600 0.0001
3.6700 0.0001
3.6800 0.0001
3.6900 0.0001
3.7000 0.0001
3.7100 0.0001
3.7200 0.0001
3.7300 0.0001
3.7400 0.0000
3.7500 0.0000
3.7600 0.0000
3.7700 0.0000
3.7800 0.0000
3.7900 0.0000
3.8000 0.0000
3.8100 0.0000
3.8200 0.0000
3.8300 0.0000
3.8400 0.0000
3.8500 0.0000
3.8600 0.0000
3.8700 0.0000
3.8800 0.0000
3.8900 0.0000
3.9000 0.0000
3.9100 0.0000
3.9200 0.0000
3.9300 0.0000
3.9400 0.0000
3.9500 0.0000
3.9600 0.0000
3.9700 0.0000
3.9800 0.0000
3.9900 0.0000
4.0000 0.0000
4.0100 0.0000
4.0200 0.0000
4.0300 0.0000
4.0400 0.0000
4.0500 0.0000
4.0600 0.0000
4.0700 0.0000
4.0800 0.0000
4.0900 0.0000
4.1000 0.0000
4.1100 0.0000
4.1200 0.0000
4.1300 0.0000
4.1400 0.0000
4.1500 0.0000
4.1600 0.0000
4.1700 0.0000
4.1800 0.0000
4.1900 0.0000
4.2000 0.0000
4.2100 0.0000
4.2200 0.0000
4.2300 0.0000
4.2400 0.0000
4.2500 0.0000
4.2600 0.0000
4.2700 0.0000
4.2800 0.0000
