-0.1500 0.1118
-0.1400 0.1147
-0.1300 0.1177
-0.1200 0.1208
-0.1100 0.1239
-0.1000 0.1271
-0.0900 0.1303
-0.0800 0.1336
-0.0700 0.1370
-0.0600 0.1405
-0.0500 0.1440
-0.0400 0.1476
-0.0300 0.1512
-0.0200 0.1549
-0.0100 0.1587
0.0000 0.1626
0.0100 0.1665
0.0200 0.1705
0.0300 0.1746
0.0400 0.1787
0.0500 0.1829
0.0600 0.1872
0.0700 0.1915
0.0800 0.1959
0.0900 0.2004
0.1000 0.2049
0.1100 0.2095
0.1200 0.2141
0.1300 0.2188
0.1400 0.2236
0.1500 0.2285
0.1600 0.2334
0.1700 0.2383
0.1800 0.2433
0.1900 0.2484
0.2000 0.2535
0.2100 0.2586
0.2200 0.2638
0.2300 0.2691
0.2400 0.2744
0.2500 0.2797
0.2600 0.2851
0.2700 0.2905
0.2800 0.2960
0.2900 0.3014
0.3000 0.3069
0.3100 0.3124
0.3200 0.3180
0.3300 0.3235
0.3400 0.3291
0.3500 0.3347
0.3600 0.3403
0.3700 0.3459
0.3800 0.3514
0.3900 0.3570
0.4000 0.3626
0.4100 0.3681
0.4200 0.3737
0.4300 0.3792
0.4400 0.3847
0.4500 0.3901
0.4600 0.3956
0.4700 0.4010
0.4800 0.4063
0.4900 0.4116
0.5000 0.4168
0.5100 0.4220
0.5200 0.4271
0.5300 0.4322
0.5400 0.4372
0.5500 0.4421
0.5600 0.4469
0.5700 0.4517
0.5800 0.4563
0.5900 0.4609
0.6000 0.4653
0.6100 0.4697
0.6200 0.4740
0.6300 0.4781
0.6400 0.4822
0.6500 0.4861
0.6600 0.4899
0.6700 0.4936
0.6800 0.4971
0.6900 0.5005
0.7000 0.5038
0.7100 0.5069
0.7200 0.5099
0.7300 0.5128
0.7400 0.5155
0.7500 0.5181
0.7600 0.5205
0.7700 0.5227
0.7800 0.5248
0.7900 0.5268
0.8000 0.5285
0.8100 0.5301
0.8200 0.5316
0.8300 0.5329
0.8400 0.5340
0.8500 0.5349
0.8600 0.5357
0.8700 0.5363
0.8800 0.5367
0.8900 0.5370
0.9000 0.5370
0.9100 0.5370
0.9200 0.5367
0.9300 0.5363
0.9400 0.5357
0.9500 0.5349
0.9600 0.5340
0.9700 0.5329
0.9800 0.5316
0.9900 0.5301
1.0000 0.5285
1.0100 0.5268
1.0200 0.5248
1.0300 0.5227
1.0400 0.5205
1.0500 0.5181
1.0600 0.5155
1.0700 0.5128
1.0800 0.5099
1.0900 0.5069
1.1000 0.5038
1.1100 0.5005
1.1200 0.4971
1.1300 0.4936
1.1400 0.4899
1.1500 0.4861
1.1600 0.4822
1.1700 0.4781
1.1800 0.4740
1.1900 0.4697
1.2000 0.4653
1.2100 0.4609
1.2200 0.4563
1.2300 0.4517
1.2400 0.4469
1.2500 0.4421
1.2600 0.4372
1.2700 0.4322
1.2800 0.4271
1.2900 0.4220
1.3000 0.4168
1.3100 0.4116
1.3200 0.4063
1.3300 0.4010
1.3400 0.3956
1.3500 0.3901
1.3600 0.3847
1.3700 0.3792
1.3800 0.3737
1.3900 0.3681
1.4000 0.3626
1.4100 0.3570
1.4200 0.3514
1.4300 0.3459
1.4400 0.3403
1.4500 0.3347
1.4600 0.3291
1.4700 0.3235
1.4800 0.3180
1.4900 0.3124
1.5000 0.3069
1.5100 0.3014
1.5200 0.2960
1.5300 0.2905
1.5400 0.2851
1.5500 0.2797
1.5600 0.2744
1.5700 0.2691
1.5800 0.2638
1.5900 0.2586
1.6000 0.2535
1.6100 0.2484
1.6200 0.2433
1.6300 0.2383
1.6400 0.2334
1.6500 0.2285
1.6600 0.2236
1.6700 0.2188
1.6800 0.2141
1.6900 0.2095
1.7000 0.2049
1.7100 0.2004
1.7200 0.1959
1.7300 0.1915
1.7400 0.1872
1.7500 0.1829
1.7600 0.1787
1.7700 0.1746
1.7800 0.1705
1.7900 0.1665
1.8000 0.1626
1.8100 0.1587
1.8200 0.1549
1.8300 0.1512
1.8400 0.1476
1.8500 0.1440
1.8600 0.1405
1.8700 0.1370
1.8800 0.1336
1.8900 0.1303
1.9000 0.1271
1.9100 0.1239
1.9200 0.1208
1.9300 0.1177
1.9400 0.1147
1.9500 0.1118
1.9600 0.1089
1.9700 0.1061
1.9800 0.1034
1.9900 0.1007
2.0000 0.0981
2.0100 0.0955
2.0200 0.0930
2.0300 0.0906
2.0400 0.0882
2.0500 0.0859
2.0600 0.0836
2.0700 0.0814
2.0800 0.0792
2.0900 0.0771
2.1000 0.0750
2.1100 0.0730
2.1200 0.0710
2.1300 0.0691
2.1400 0.0672
2.1500 0.0654
2.1600 0.0636
2.1700 0.0619
2.1800 0.0602
2.1900 0.0585
2.2000 0.0569
2.2100 0.0553
2.2200 0.0538
2.2300 0.0523
2.2400 0.0509
2.2500 0.0495
2.2600 0.0481
2.2700 0.0467
2.2800 0.0454
2.2900 0.0442
2.3000 0.0429
2.3100 0.0417
2.3200 0.0406
2.3300 0.0394
2.3400 0.0383
2.3500 0.0372
2.3600 0.0362
2.3700 0.0351
2.3800 0.0341
2.3900 0.0332
2.4000 0.0322
2.4100 0.0313
2.4200 0.0304
2.4300 0.0296
2.4400 0.0287
2.4500 0.0279
2.4600 0.0271
2.4700 0.0263
2.4800 0.0256
2.4900 0.0248
2.5000 0.0241
2.5100 0.0234
2.5200 0.0228
2.5300 0.0221
2.5400 0.0215
2.5500 0.0208
2.5600 0.0202
2.5700 0.0197
2.5800 0.0191
2.5900 0.0185
2.6000 0.0180
2.6100 0.0175
2.6200 0.0170
2.6300 0.0165
2.6400 0.0160
2.6500 0.0155
2.6600 0.0151
2.6700 0.0147
2.6800 0.0142
2.6900 0.0138
2.7000 0.0134
2.7100 0.0130
2.7200 0.0126
2.7300 0.0123
2.7400 0.0119
2.7500 0.0116
2.7600 0.0112
2.7700 0.0109
2.7800 0.0106
2.7900 0.0103
2.8000 0.0100
2.8100 0.0097
2.8200 0.0094
2.8300 0.0091
2.8400 0.0089
2.8500 0.0086
2.8600 0.0084
2.8700 0.0081
2.8800 0.0079
2.8900 0.0076
2.9000 0.0074
2.9100 0.0072
2.9200 0.0070
2.9300 0.0068
2.9400 0.0066
2.9500 0.0064
2.9600 0.0062
2.9700 0.0060
2.9800 0.0058
2.9900 0.0057
3.0000 0.0055
3.0100 0.0053
3.0200 0.0052
3.0300 0.0050
3.0400 0.0049
3.0500 0.0047
3.0600 0.0046
3.0700 0.0045
3.0800 0.0043
3.0900 0.0042
3.1000 0.0041
3.1100 0.0040
3.1200 0.0038
3.1300 0.0037
3.1400 0.0036
3.1500 0.0035
3.1600 0.0034
3.1700 0.0033
3.1800 0.0032
3.1900 0.0031
3.2000 0.0030
3.2100 0.0029
3.2200 0.0029
3.2300 0.0028
3.2400 0.0027
3.2500 0.0026
3.2600 0.0025
3.2700 0.0025
3.2800 0.0024
3.2900 0.0023
3.3000 0.0022
3.3100 0.0022
3.3200 0.0021
3.3300 0.0021
3.3400 0.0020
3.3500 0.0019
3.3600 0.0019
3.3700 0.0018
3.3800 0.0018
3.3900 0.0017
3.4000 0.0017
3.4100 0.0016
3.4200 0.0016
3.4300 0.0015
3.4400 0.0015
3.4500 0.0014
3.4600 0.0014
3.4700 0.0014
3.4800 0.0013
3.4900 0.0013
3.5000 0.0012
3.5100 0.0012
3.5200 0.0012
3.5300 0.0011
3.5400 0.0011
3.5500 0.0011
3.5600 0.0010
3.5700 0.0010
3.5800 0.0010
3.5900 0.0009
3.6000 0.0009
3.6100 0.0009
3.6200 0.0009
3.6300 0.0008
3.6400 0.0008
3.6500 0.0008
3.6600 0.0008
3.6700 0.0007
3.6800 0.0007
3.6900 0.0007
3.7000 0.0007
3.7100 0.0007
3.7200 0.0006
3.7300 0.0006
3.7400 0.0006
3.7500 0.0006
3.7600 0.0006
3.7700 0.0005
3.7800 0.0005
3.7900 0.0005
3.8000 0.0005
3.8100 0.0005
3.8200 0.0005
3.8300 0.0005
3.8400 0.0004
3.8500 0.0004
3.8600 0.0004
3.8700 0.0004
3.8800 0.0004
3.8900 0.0004
3.9000 0.0004
3.9100 0.0004
3.9200 0.0004
3.9300 0.0003
3.9400 0.0003
3.9500 0.0003
3.9600 0.0003
3.9700 0.0003
3.9800 0.0003
3.9900 0.0003
4.0000 0.0003
4.0100 0.0003
4.0200 0.0003
4.0300 0.0003
4.0400 0.0002
4.0500 0.0002
4.0600 0.0002
4.0700 0.0002
4.0800 0.0002
4.0900 0.0002
4.1000 0.0002
4.1100 0.0002
4.1200 0.0002
4.1300 0.0002
4.1400 0.0002
4.1500 0.0002
4.1600 0.0002
4.1700 0.0002
4.1800 0.0002
4.1900 0.0002
4.2000 0.0002
4.2100 0.0001
4.2200 0.0001
4.2300 0.0001
4.2400 0.0001
4.2500 0.0001
4.2600 0.0001
4.2700 0.0001
4.2800 0.0001
