1.0000 0.0000
2.0000 0.0000
3.0000 0.0000
4.0000 0.0000
5.0000 0.0000
6.0000 0.0000
7.0000 0.0000
8.0000 0.0000
9.0000 0.0000
10.0000 0.0000
11.0000 0.0000
12.0000 0.0177
13.0000 0.0713
14.0000 0.1574
15.0000 0.2657
16.0000 0.3851
17.0000 0.5064
18.0000 0.6224
19.0000 0.7271
20.0000 0.8152
21.0000 0.8829
22.0000 0.9290
23.0000 0.9551
24.0000 0.9652
25.0000 0.9640
26.0000 0.9561
27.0000 0.9454
28.0000 0.9347
29.0000 0.9261
30.0000 0.9208
31.0000 0.9193
32.0000 0.9214
33.0000 0.9269
34.0000 0.9350
35.0000 0.9449
36.0000 0.9559
37.0000 0.9671
38.0000 0.9780
39.0000 0.9879
40.0000 0.9967
41.0000 1.0039
42.0000 1.0095
43.0000 1.0136
44.0000 1.0161
45.0000 1.0174
46.0000 1.0174
47.0000 1.0166
48.0000 1.0151
49.0000 1.0131
50.0000 1.0108
51.0000 1.0085
52.0000 1.0062
53.0000 1.0040
54.0000 1.0021
55.0000 1.0005
56.0000 0.9991
57.0000 0.9981
58.0000 0.9974
59.0000 0.9970
60.0000 0.9968
61.0000 0.9968
62.0000 0.9970
63.0000 0.9973
64.0000 0.9976
65.0000 0.9980
66.0000 0.9985
67.0000 0.9989
68.0000 0.9993
69.0000 0.9996
70.0000 0.9999
71.0000 1.0002
72.0000 1.0004
73.0000 1.0005
74.0000 1.0006
75.0000 1.0006
76.0000 1.0006
77.0000 1.0005
78.0000 1.0005
79.0000 1.0004
80.0000 1.0003
81.0000 1.0003
82.0000 1.0002
83.0000 1.0001
84.0000 1.0000
85.0000 1.0000
86.0000 1.0000
87.0000 0.9999
88.0000 0.9999
89.0000 0.9999
90.0000 0.9999
91.0000 0.9999
92.0000 0.9999
93.0000 0.9999
94.0000 0.9999
95.0000 0.9999
96.0000 1.0000
97.0000 1.0000
98.0000 1.0000
99.0000 1.0000
100.0000 1.0000
101.0000 1.0000
102.0000 1.0000
103.0000 1.0000
104.0000 1.0000
105.0000 1.0000
106.0000 1.0000
107.0000 1.0000
108.0000 1.0000
109.0000 1.0000
110.0000 1.0000
111.0000 1.0000
112.0000 1.0000
113.0000 1.0000
114.0000 1.0000
115.0000 1.0000
116.0000 1.0000
117.0000 1.0000
118.0000 1.0000
119.0000 1.0000
120.0000 1.0000
121.0000 1.0000
122.0000 1.0000
123.0000 1.0000
124.0000 1.0000
125.0000 1.0000
126.0000 1.0000
127.0000 1.0000
128.0000 1.0000
129.0000 1.0000
130.0000 1.0000
131.0000 1.0000
132.0000 1.0000
133.0000 1.0000
134.0000 1.0000
135.0000 1.0000
136.0000 1.0000
137.0000 1.0000
138.0000 1.0000
139.0000 1.0000
140.0000 1.0000
141.0000 1.0000
142.0000 1.0000
143.0000 1.0000
144.0000 1.0000
145.0000 1.0000
146.0000 1.0000
147.0000 1.0000
148.0000 1.0000
149.0000 1.0000
150.0000 1.0000
151.0000 1.0000
152.0000 1.0000
153.0000 1.0000
154.0000 1.0000
155.0000 1.0000
156.0000 1.0000
157.0000 1.0000
158.0000 1.0000
159.0000 1.0000
160.0000 1.0000
161.0000 1.0000
162.0000 1.0000
163.0000 1.0000
164.0000 1.0000
165.0000 1.0000
166.0000 1.0000
167.0000 1.0000
168.0000 1.0000
169.0000 1.0000
170.0000 1.0000
171.0000 1.0000
172.0000 1.0000
173.0000 1.0000
174.0000 1.0000
175.0000 1.0000
176.0000 1.0000
177.0000 1.0000
178.0000 1.0000
179.0000 1.0000
180.0000 1.0000
181.0000 1.0000
182.0000 1.0000
183.0000 1.0000
184.0000 1.0000
185.0000 1.0000
186.0000 1.0000
187.0000 1.0000
188.0000 1.0000
189.0000 1.0000
190.0000 1.0000
191.0000 1.0000
192.0000 1.0000
193.0000 1.0000
194.0000 1.0000
195.0000 1.0000
196.0000 1.0000
197.0000 1.0000
198.0000 1.0000
199.0000 1.0000
200.0000 1.0000
201.0000 1.0000
202.0000 1.0000
203.0000 1.0000
204.0000 1.0000
205.0000 1.0000
206.0000 1.0000
207.0000 1.0000
208.0000 1.0000
209.0000 1.0000
210.0000 1.0000
211.0000 1.0000
212.0000 1.0000
213.0000 1.0000
214.0000 1.0000
215.0000 1.0000
216.0000 1.0000
217.0000 1.0000
218.0000 1.0000
219.0000 1.0000
220.0000 1.0000
221.0000 1.0000
222.0000 1.0000
223.0000 1.0000
224.0000 1.0000
225.0000 1.0000
226.0000 1.0000
227.0000 1.0000
228.0000 1.0000
229.0000 1.0000
230.0000 1.0000
231.0000 1.0000
232.0000 1.0000
233.0000 1.0000
234.0000 1.0000
235.0000 1.0000
236.0000 1.0000
237.0000 1.0000
238.0000 1.0000
239.0000 1.0000
240.0000 1.0000
241.0000 1.0000
242.0000 1.0000
243.0000 1.0000
244.0000 1.0000
245.0000 1.0000
246.0000 1.0000
247.0000 1.0000
248.0000 1.0000
249.0000 1.0000
250.0000 1.0000
251.0000 1.0000
252.0000 1.0000
253.0000 1.0000
254.0000 1.0000
255.0000 1.0000
256.0000 1.0000
257.0000 1.0524
258.0000 1.1679
259.0000 1.3269
260.0000 1.5134
261.0000 1.7132
262.0000 1.9148
263.0000 2.1088
264.0000 2.2881
265.0000 2.4486
266.0000 2.5890
267.0000 2.7099
268.0000 2.8122
269.0000 2.8962
270.0000 2.9613
271.0000 3.0062
272.0000 3.0302
273.0000 3.0340
274.0000 3.0203
275.0000 2.9936
276.0000 2.9590
277.0000 2.9215
278.0000 2.8854
279.0000 2.8539
280.0000 2.8291
281.0000 2.8119
282.0000 2.8026
283.0000 2.8008
284.0000 2.8056
285.0000 2.8161
286.0000 2.8310
287.0000 2.8492
288.0000 2.8697
289.0000 2.8913
290.0000 2.9131
291.0000 2.9343
292.0000 2.9542
293.0000 2.9723
294.0000 2.9881
295.0000 3.0015
296.0000 3.0123
297.0000 3.0206
298.0000 3.0267
299.0000 3.0306
300.0000 3.0326
301.0000 3.0332
302.0000 3.0325
303.0000 3.0309
304.0000 3.0286
305.0000 3.0259
306.0000 3.0229
307.0000 3.0198
308.0000 3.0166
309.0000 3.0136
310.0000 3.0107
311.0000 3.0081
312.0000 3.0058
313.0000 3.0037
314.0000 3.0019
315.0000 3.0004
316.0000 2.9992
317.0000 2.9982
318.0000 2.9975
319.0000 2.9970
320.0000 2.9967
321.0000 2.9965
322.0000 2.9965
323.0000 2.9966
324.0000 2.9968
325.0000 2.9970
326.0000 2.9973
327.0000 2.9976
328.0000 2.9979
329.0000 2.9983
330.0000 2.9986
331.0000 2.9989
332.0000 2.9991
333.0000 2.9994
334.0000 2.9996
335.0000 2.9997
336.0000 2.9999
337.0000 3.0000
338.0000 3.0001
339.0000 3.0002
340.0000 3.0003
341.0000 3.0003
342.0000 3.0003
343.0000 3.0003
344.0000 3.0003
345.0000 3.0003
346.0000 3.0003
347.0000 3.0003
348.0000 3.0002
349.0000 3.0002
350.0000 3.0002
351.0000 3.0002
352.0000 3.0001
353.0000 3.0001
354.0000 3.0001
355.0000 3.0001
356.0000 3.0000
357.0000 3.0000
358.0000 3.0000
359.0000 3.0000
360.0000 3.0000
361.0000 3.0000
362.0000 3.0000
363.0000 3.0000
364.0000 3.0000
365.0000 3.0000
366.0000 3.0000
367.0000 3.0000
368.0000 3.0000
369.0000 3.0000
370.0000 3.0000
371.0000 3.0000
372.0000 3.0000
373.0000 3.0000
374.0000 3.0000
375.0000 3.0000
376.0000 3.0000
377.0000 3.0000
378.0000 3.0000
379.0000 3.0000
380.0000 3.0000
381.0000 3.0000
382.0000 3.0000
383.0000 3.0000
384.0000 3.0000
385.0000 3.0000
386.0000 3.0000
387.0000 3.0000
388.0000 3.0000
389.0000 3.0000
390.0000 3.0000
391.0000 3.0000
392.0000 3.0000
393.0000 3.0000
394.0000 3.0000
395.0000 3.0000
396.0000 3.0000
397.0000 3.0000
398.0000 3.0000
399.0000 3.0000
400.0000 3.0000
401.0000 3.0000
402.0000 3.0000
403.0000 3.0000
404.0000 3.0000
405.0000 3.0000
406.0000 3.0000
407.0000 3.0000
408.0000 3.0000
409.0000 3.0000
410.0000 3.0000
411.0000 3.0000
412.0000 3.0000
413.0000 3.0000
414.0000 3.0000
415.0000 3.0000
416.0000 3.0000
417.0000 3.0000
418.0000 3.0000
419.0000 3.0000
420.0000 3.0000
421.0000 3.0000
422.0000 3.0000
423.0000 3.0000
424.0000 3.0000
425.0000 3.0000
426.0000 3.0000
427.0000 3.0000
428.0000 3.0000
429.0000 3.0000
430.0000 3.0000
431.0000 3.0000
432.0000 3.0000
433.0000 3.0000
434.0000 3.0000
435.0000 3.0000
436.0000 3.0000
437.0000 3.0000
438.0000 3.0000
439.0000 3.0000
440.0000 3.0000
441.0000 3.0000
442.0000 3.0000
443.0000 3.0000
444.0000 3.0000
445.0000 3.0000
446.0000 3.0000
447.0000 3.0000
448.0000 3.0000
449.0000 3.0000
450.0000 3.0000
451.0000 3.0000
452.0000 3.0000
453.0000 3.0000
454.0000 3.0000
455.0000 3.0000
456.0000 3.0000
457.0000 3.0000
458.0000 3.0000
459.0000 3.0000
460.0000 3.0000
461.0000 3.0000
462.0000 3.0000
463.0000 3.0000
464.0000 3.0000
465.0000 3.0000
466.0000 3.0000
467.0000 3.0000
468.0000 3.0000
469.0000 3.0000
470.0000 3.0000
471.0000 3.0000
472.0000 3.0000
473.0000 3.0000
474.0000 3.0000
475.0000 3.0000
476.0000 3.0000
477.0000 3.0000
478.0000 3.0000
479.0000 3.0000
480.0000 3.0000
481.0000 3.0000
482.0000 3.0000
483.0000 3.0000
484.0000 3.0000
485.0000 3.0000
486.0000 3.0000
487.0000 3.0000
488.0000 3.0000
489.0000 3.0000
490.0000 3.0000
491.0000 3.0000
492.0000 3.0000
493.0000 3.0000
494.0000 3.0000
495.0000 3.0000
496.0000 3.0000
497.0000 3.0000
498.0000 3.0000
499.0000 3.0000
500.0000 3.0000
501.0000 3.0000
502.0000 3.0000
503.0000 3.0000
504.0000 3.0000
505.0000 3.0000
506.0000 3.0000
507.0000 2.9643
508.0000 2.8867
509.0000 2.7809
510.0000 2.6614
511.0000 2.5387
512.0000 2.4201
513.0000 2.3099
514.0000 2.2096
515.0000 2.1193
516.0000 2.0383
517.0000 1.9663
518.0000 1.9035
519.0000 1.8510
520.0000 1.8094
521.0000 1.7794
522.0000 1.7611
523.0000 1.7542
524.0000 1.7578
525.0000 1.7709
526.0000 1.7919
527.0000 1.8192
528.0000 1.8511
529.0000 1.8858
530.0000 1.9217
531.0000 1.9570
532.0000 1.9906
533.0000 2.0211
534.0000 2.0477
535.0000 2.0697
536.0000 2.0865
537.0000 2.0982
538.0000 2.1046
539.0000 2.1061
540.0000 2.1032
541.0000 2.0964
542.0000 2.0865
543.0000 2.0742
544.0000 2.0603
545.0000 2.0455
546.0000 2.0306
547.0000 2.0161
548.0000 2.0027
549.0000 1.9906
550.0000 1.9803
551.0000 1.9720
552.0000 1.9658
553.0000 1.9616
554.0000 1.9594
555.0000 1.9592
556.0000 1.9606
557.0000 1.9634
558.0000 1.9674
559.0000 1.9723
560.0000 1.9778
561.0000 1.9835
562.0000 1.9894
563.0000 1.9949
564.0000 2.0001
565.0000 2.0048
566.0000 2.0087
567.0000 2.0118
568.0000 2.0141
569.0000 2.0156
570.0000 2.0163
571.0000 2.0163
572.0000 2.0156
573.0000 2.0143
574.0000 2.0127
575.0000 2.0106
576.0000 2.0084
577.0000 2.0061
578.0000 2.0038
579.0000 2.0016
580.0000 1.9996
581.0000 1.9978
582.0000 1.9963
583.0000 1.9951
584.0000 1.9943
585.0000 1.9937
586.0000 1.9935
587.0000 1.9936
588.0000 1.9939
589.0000 1.9945
590.0000 1.9952
591.0000 1.9960
592.0000 1.9969
593.0000 1.9978
594.0000 1.9987
595.0000 1.9996
596.0000 2.0003
597.0000 2.0010
598.0000 2.0016
599.0000 2.0020
600.0000 2.0023
601.0000 2.0025
602.0000 2.0026
603.0000 2.0025
604.0000 2.0024
605.0000 2.0021
606.0000 2.0019
607.0000 2.0015
608.0000 2.0012
609.0000 2.0008
610.0000 2.0004
611.0000 2.0001
612.0000 1.9998
613.0000 1.9995
614.0000 1.9993
615.0000 1.9992
616.0000 1.9991
617.0000 1.9990
618.0000 1.9990
619.0000 1.9990
620.0000 1.9991
621.0000 1.9992
622.0000 1.9993
623.0000 1.9994
624.0000 1.9996
625.0000 1.9997
626.0000 1.9999
627.0000 2.0000
628.0000 2.0001
629.0000 2.0002
630.0000 2.0003
631.0000 2.0003
632.0000 2.0004
633.0000 2.0004
634.0000 2.0004
635.0000 2.0004
636.0000 2.0004
637.0000 2.0003
638.0000 2.0003
639.0000 2.0002
640.0000 2.0002
641.0000 2.0001
642.0000 2.0000
643.0000 2.0000
644.0000 2.0000
645.0000 1.9999
646.0000 1.9999
647.0000 1.9999
648.0000 1.9998
649.0000 1.9998
650.0000 1.9998
651.0000 1.9998
652.0000 1.9999
653.0000 1.9999
654.0000 1.9999
655.0000 1.9999
656.0000 1.9999
657.0000 2.0000
658.0000 2.0000
659.0000 2.0000
660.0000 2.0000
661.0000 2.0000
662.0000 2.0000
663.0000 2.0001
664.0000 2.0001
665.0000 2.0001
666.0000 2.0001
667.0000 2.0001
668.0000 2.0001
669.0000 2.0000
670.0000 2.0000
671.0000 2.0000
672.0000 2.0000
673.0000 2.0000
674.0000 2.0000
675.0000 2.0000
676.0000 2.0000
677.0000 2.0000
678.0000 2.0000
679.0000 2.0000
680.0000 2.0000
681.0000 2.0000
682.0000 2.0000
683.0000 2.0000
684.0000 2.0000
685.0000 2.0000
686.0000 2.0000
687.0000 2.0000
688.0000 2.0000
689.0000 2.0000
690.0000 2.0000
691.0000 2.0000
692.0000 2.0000
693.0000 2.0000
694.0000 2.0000
695.0000 2.0000
696.0000 2.0000
697.0000 2.0000
698.0000 2.0000
699.0000 2.0000
700.0000 2.0000
701.0000 2.0000
702.0000 2.0000
703.0000 2.0000
704.0000 2.0000
705.0000 2.0000
706.0000 2.0000
707.0000 2.0000
708.0000 2.0000
709.0000 2.0000
710.0000 2.0000
711.0000 2.0000
712.0000 2.0000
713.0000 2.0000
714.0000 2.0000
715.0000 2.0000
716.0000 2.0000
717.0000 2.0000
718.0000 2.0000
719.0000 2.0000
720.0000 2.0000
721.0000 2.0000
722.0000 2.0000
723.0000 2.0000
724.0000 2.0000
725.0000 2.0000
726.0000 2.0000
727.0000 2.0000
728.0000 2.0000
729.0000 2.0000
730.0000 2.0000
731.0000 2.0000
732.0000 2.0000
733.0000 2.0000
734.0000 2.0000
735.0000 2.0000
736.0000 2.0000
737.0000 2.0000
738.0000 2.0000
739.0000 2.0000
740.0000 2.0000
741.0000 2.0000
742.0000 2.0000
743.0000 2.0000
744.0000 2.0000
745.0000 2.0000
746.0000 2.0000
747.0000 2.0000
748.0000 2.0000
749.0000 2.0000
750.0000 2.0000
751.0000 2.0000
752.0000 2.0000
753.0000 2.0000
754.0000 2.0000
755.0000 2.0000
756.0000 2.0000
757.0000 1.8238
758.0000 1.5216
759.0000 1.2110
760.0000 0.9401
761.0000 0.7189
762.0000 0.5439
763.0000 0.4079
764.0000 0.3051
765.0000 0.2312
766.0000 0.1816
767.0000 0.1500
768.0000 0.1292
769.0000 0.1132
770.0000 0.0980
771.0000 0.0824
772.0000 0.0667
773.0000 0.0516
774.0000 0.0381
775.0000 0.0266
776.0000 0.0173
777.0000 0.0102
778.0000 0.0050
779.0000 0.0013
780.0000 -0.0014
781.0000 -0.0035
782.0000 -0.0053
783.0000 -0.0071
784.0000 -0.0089
785.0000 -0.0107
786.0000 -0.0126
787.0000 -0.0144
788.0000 -0.0161
789.0000 -0.0177
790.0000 -0.0191
791.0000 -0.0205
792.0000 -0.0216
793.0000 -0.0227
794.0000 -0.0237
795.0000 -0.0247
796.0000 -0.0256
797.0000 -0.0265
798.0000 -0.0274
799.0000 -0.0283
800.0000 -0.0291
801.0000 -0.0299
802.0000 -0.0307
803.0000 -0.0315
804.0000 -0.0322
805.0000 -0.0329
806.0000 -0.0336
807.0000 -0.0343
808.0000 -0.0349
809.0000 -0.0356
810.0000 -0.0362
811.0000 -0.0368
812.0000 -0.0373
813.0000 -0.0379
814.0000 -0.0385
815.0000 -0.0390
816.0000 -0.0395
817.0000 -0.0400
818.0000 -0.0405
819.0000 -0.0410
820.0000 -0.0415
821.0000 -0.0419
822.0000 -0.0424
823.0000 -0.0428
824.0000 -0.0432
825.0000 -0.0437
826.0000 -0.0441
827.0000 -0.0445
828.0000 -0.0448
829.0000 -0.0452
830.0000 -0.0456
831.0000 -0.0460
832.0000 -0.0463
833.0000 -0.0467
834.0000 -0.0470
835.0000 -0.0473
836.0000 -0.0477
837.0000 -0.0480
838.0000 -0.0483
839.0000 -0.0486
840.0000 -0.0489
841.0000 -0.0492
842.0000 -0.0495
843.0000 -0.0498
844.0000 -0.0500
845.0000 -0.0503
846.0000 -0.0506
847.0000 -0.0508
848.0000 -0.0511
849.0000 -0.0514
850.0000 -0.0516
851.0000 -0.0518
852.0000 -0.0521
853.0000 -0.0523
854.0000 -0.0525
855.0000 -0.0528
856.0000 -0.0530
857.0000 -0.0532
858.0000 -0.0534
859.0000 -0.0536
860.0000 -0.0538
861.0000 -0.0540
862.0000 -0.0542
863.0000 -0.0544
864.0000 -0.0546
865.0000 -0.0548
866.0000 -0.0550
867.0000 -0.0552
868.0000 -0.0554
869.0000 -0.0556
870.0000 -0.0557
871.0000 -0.0559
872.0000 -0.0561
873.0000 -0.0562
874.0000 -0.0564
875.0000 -0.0566
876.0000 -0.0567
877.0000 -0.0569
878.0000 -0.0570
879.0000 -0.0572
880.0000 -0.0573
881.0000 -0.0575
882.0000 -0.0576
883.0000 -0.0578
884.0000 -0.0579
885.0000 -0.0581
886.0000 -0.0582
887.0000 -0.0583
888.0000 -0.0585
889.0000 -0.0586
890.0000 -0.0587
891.0000 -0.0588
892.0000 -0.0590
893.0000 -0.0591
894.0000 -0.0592
895.0000 -0.0593
896.0000 -0.0595
897.0000 -0.0596
898.0000 -0.0597
899.0000 -0.0598
900.0000 -0.0599
901.0000 -0.0600
902.0000 -0.0601
903.0000 -0.0602
904.0000 -0.0603
905.0000 -0.0604
906.0000 -0.0606
907.0000 -0.0607
908.0000 -0.0608
909.0000 -0.0609
910.0000 -0.0610
911.0000 -0.0610
912.0000 -0.0611
913.0000 -0.0612
914.0000 -0.0613
915.0000 -0.0614
916.0000 -0.0615
917.0000 -0.0616
918.0000 -0.0617
919.0000 -0.0618
920.0000 -0.0619
921.0000 -0.0619
922.0000 -0.0620
923.0000 -0.0621
924.0000 -0.0622
925.0000 -0.0623
926.0000 -0.0624
927.0000 -0.0624
928.0000 -0.0625
929.0000 -0.0626
930.0000 -0.0627
931.0000 -0.0627
932.0000 -0.0628
933.0000 -0.0629
934.0000 -0.0630
935.0000 -0.0630
936.0000 -0.0631
937.0000 -0.0632
938.0000 -0.0632
939.0000 -0.0633
940.0000 -0.0634
941.0000 -0.0634
942.0000 -0.0635
943.0000 -0.0636
944.0000 -0.0636
945.0000 -0.0637
946.0000 -0.0638
947.0000 -0.0638
948.0000 -0.0639
949.0000 -0.0639
950.0000 -0.0640
951.0000 -0.0641
952.0000 -0.0641
953.0000 -0.0642
954.0000 -0.0642
955.0000 -0.0643
956.0000 -0.0644
957.0000 -0.0644
958.0000 -0.0645
959.0000 -0.0645
960.0000 -0.0646
961.0000 -0.0646
962.0000 -0.0647
963.0000 -0.0647
964.0000 -0.0648
965.0000 -0.0648
966.0000 -0.0649
967.0000 -0.0649
968.0000 -0.0650
969.0000 -0.0650
970.0000 -0.0651
971.0000 -0.0651
972.0000 -0.0652
973.0000 -0.0652
974.0000 -0.0653
975.0000 -0.0653
976.0000 -0.0654
977.0000 -0.0654
978.0000 -0.0654
979.0000 -0.0655
980.0000 -0.0655
981.0000 -0.0656
982.0000 -0.0656
983.0000 -0.0657
984.0000 -0.0657
985.0000 -0.0657
986.0000 -0.0658
987.0000 -0.0658
988.0000 -0.0659
989.0000 -0.0659
990.0000 -0.0659
991.0000 -0.0660
992.0000 -0.0660
993.0000 -0.0660
994.0000 -0.0661
995.0000 -0.0661
996.0000 -0.0662
997.0000 -0.0662
998.0000 -0.0662
999.0000 -0.0663
1000.0000 -0.0663
1001.0000 -0.0663
1002.0000 -0.0664
1003.0000 -0.0664
1004.0000 -0.0664
1005.0000 -0.0665
1006.0000 -0.0665
1007.0000 -0.0665
1008.0000 -0.0666
1009.0000 -0.0666
1010.0000 -0.0666
1011.0000 -0.0667
1012.0000 -0.0667
1013.0000 -0.0667
1014.0000 -0.0667
1015.0000 -0.0668
1016.0000 -0.0668
1017.0000 -0.0668
1018.0000 -0.0669
1019.0000 -0.0669
1020.0000 -0.0669
1021.0000 -0.0670
1022.0000 -0.0670
1023.0000 -0.0670
1024.0000 -0.0670
1025.0000 -0.0671
1026.0000 -0.0671
1027.0000 -0.0671
1028.0000 -0.0671
1029.0000 -0.0672
1030.0000 -0.0672
1031.0000 -0.0672
1032.0000 -0.0672
1033.0000 -0.0673
1034.0000 -0.0673
1035.0000 -0.0673
1036.0000 -0.0673
1037.0000 -0.0674
1038.0000 -0.0674
1039.0000 -0.0674
1040.0000 -0.0674
1041.0000 -0.0675
1042.0000 -0.0675
1043.0000 -0.0675
1044.0000 -0.0675
1045.0000 -0.0676
1046.0000 -0.0676
1047.0000 -0.0676
1048.0000 -0.0676
1049.0000 -0.0676
1050.0000 -0.0677
1051.0000 -0.0677
1052.0000 -0.0677
1053.0000 -0.0677
1054.0000 -0.0677
1055.0000 -0.0678
1056.0000 -0.0678
1057.0000 -0.0678
1058.0000 -0.0678
1059.0000 -0.0678
1060.0000 -0.0679
1061.0000 -0.0679
1062.0000 -0.0679
1063.0000 -0.0679
1064.0000 -0.0679
1065.0000 -0.0680
1066.0000 -0.0680
1067.0000 -0.0680
1068.0000 -0.0680
1069.0000 -0.0680
1070.0000 -0.0680
1071.0000 -0.0681
1072.0000 -0.0681
1073.0000 -0.0681
1074.0000 -0.0681
1075.0000 -0.0681
1076.0000 -0.0681
1077.0000 -0.0682
1078.0000 -0.0682
1079.0000 -0.0682
1080.0000 -0.0682
1081.0000 -0.0682
1082.0000 -0.0682
1083.0000 -0.0683
1084.0000 -0.0683
1085.0000 -0.0683
1086.0000 -0.0683
1087.0000 -0.0683
1088.0000 -0.0683
1089.0000 -0.0683
1090.0000 -0.0684
1091.0000 -0.0684
1092.0000 -0.0684
1093.0000 -0.0684
1094.0000 -0.0684
1095.0000 -0.0684
1096.0000 -0.0684
1097.0000 -0.0685
1098.0000 -0.0685
1099.0000 -0.0685
1100.0000 -0.0685
1101.0000 -0.0685
1102.0000 -0.0685
1103.0000 -0.0685
1104.0000 -0.0686
1105.0000 -0.0686
1106.0000 -0.0686
1107.0000 -0.0686
1108.0000 -0.0686
1109.0000 -0.0686
1110.0000 -0.0686
1111.0000 -0.0686
1112.0000 -0.0687
1113.0000 -0.0687
1114.0000 -0.0687
1115.0000 -0.0687
1116.0000 -0.0687
1117.0000 -0.0687
1118.0000 -0.0687
1119.0000 -0.0687
1120.0000 -0.0687
1121.0000 -0.0688
1122.0000 -0.0688
1123.0000 -0.0688
1124.0000 -0.0688
1125.0000 -0.0688
1126.0000 -0.0688
1127.0000 -0.0688
1128.0000 -0.0688
1129.0000 -0.0688
1130.0000 -0.0688
1131.0000 -0.0689
1132.0000 -0.0689
1133.0000 -0.0689
1134.0000 -0.0689
1135.0000 -0.0689
1136.0000 -0.0689
1137.0000 -0.0689
1138.0000 -0.0689
1139.0000 -0.0689
1140.0000 -0.0689
1141.0000 -0.0690
1142.0000 -0.0690
1143.0000 -0.0690
1144.0000 -0.0690
1145.0000 -0.0690
1146.0000 -0.0690
1147.0000 -0.0690
1148.0000 -0.0690
1149.0000 -0.0690
1150.0000 -0.0690
1151.0000 -0.0690
1152.0000 -0.0690
1153.0000 -0.0691
1154.0000 -0.0691
1155.0000 -0.0691
1156.0000 -0.0691
1157.0000 -0.0691
1158.0000 -0.0691
1159.0000 -0.0691
1160.0000 -0.0691
1161.0000 -0.0691
1162.0000 -0.0691
1163.0000 -0.0691
1164.0000 -0.0691
1165.0000 -0.0692
1166.0000 -0.0692
1167.0000 -0.0692
1168.0000 -0.0692
1169.0000 -0.0692
1170.0000 -0.0692
1171.0000 -0.0692
1172.0000 -0.0692
1173.0000 -0.0692
1174.0000 -0.0692
1175.0000 -0.0692
1176.0000 -0.0692
1177.0000 -0.0692
1178.0000 -0.0692
1179.0000 -0.0692
1180.0000 -0.0693
1181.0000 -0.0693
1182.0000 -0.0693
1183.0000 -0.0693
1184.0000 -0.0693
1185.0000 -0.0693
1186.0000 -0.0693
1187.0000 -0.0693
1188.0000 -0.0693
1189.0000 -0.0693
1190.0000 -0.0693
1191.0000 -0.0693
1192.0000 -0.0693
1193.0000 -0.0693
1194.0000 -0.0693
1195.0000 -0.0693
1196.0000 -0.0693
1197.0000 -0.0694
1198.0000 -0.0694
1199.0000 -0.0694
1200.0000 -0.0694
