1.0000 0.0000
2.0000 0.0000
3.0000 0.0000
4.0000 0.0000
5.0000 0.0000
6.0000 0.0000
7.0000 0.3700
8.0000 0.5166
9.0000 0.5671
10.0000 0.5776
11.0000 0.5729
12.0000 0.5634
13.0000 0.5500
14.0000 0.5287
15.0000 0.5000
16.0000 0.4691
17.0000 0.4432
18.0000 0.4262
19.0000 0.4183
20.0000 0.4175
21.0000 0.4213
22.0000 0.4280
23.0000 0.4362
24.0000 0.4451
25.0000 0.4537
26.0000 0.4614
27.0000 0.4679
28.0000 0.4729
29.0000 0.4765
30.0000 0.4787
31.0000 0.4798
32.0000 0.4799
33.0000 0.4793
34.0000 0.4782
35.0000 0.4768
36.0000 0.4752
37.0000 0.4736
38.0000 0.4720
39.0000 0.4705
40.0000 0.4692
41.0000 0.4682
42.0000 0.4673
43.0000 0.4667
44.0000 0.4663
45.0000 0.4661
46.0000 0.4660
47.0000 0.4661
48.0000 0.4662
49.0000 0.4665
50.0000 0.4667
51.0000 0.4670
52.0000 0.4673
53.0000 0.4676
54.0000 0.4678
55.0000 0.4681
56.0000 0.4682
57.0000 0.4684
58.0000 0.4685
59.0000 0.4686
60.0000 0.4686
61.0000 0.4686
62.0000 0.4686
63.0000 0.4686
64.0000 0.4685
65.0000 0.4685
66.0000 0.4684
67.0000 0.4684
68.0000 0.4683
69.0000 0.4683
70.0000 0.4682
71.0000 0.4682
72.0000 0.4682
73.0000 0.4682
74.0000 0.4681
75.0000 0.4681
76.0000 0.4681
77.0000 0.4681
78.0000 0.4681
79.0000 0.4682
80.0000 0.4682
81.0000 0.4682
82.0000 0.4682
83.0000 0.4682
84.0000 0.4682
85.0000 0.4682
86.0000 0.4682
87.0000 0.4682
88.0000 0.4682
89.0000 0.4682
90.0000 0.4682
91.0000 0.4682
92.0000 0.4682
93.0000 0.4682
94.0000 0.4682
95.0000 0.4682
96.0000 0.4682
97.0000 0.4682
98.0000 0.4682
99.0000 0.4682
100.0000 0.4682
101.0000 0.4682
102.0000 0.4682
103.0000 0.4682
104.0000 0.4682
105.0000 0.4682
106.0000 0.4682
107.0000 0.4682
108.0000 0.4682
109.0000 0.4682
110.0000 0.4682
111.0000 0.4682
112.0000 0.4682
113.0000 0.4682
114.0000 0.4682
115.0000 0.4682
116.0000 0.4682
117.0000 0.4682
118.0000 0.4682
119.0000 0.4682
120.0000 0.4682
121.0000 0.4682
122.0000 0.4682
123.0000 0.4682
124.0000 0.4682
125.0000 0.4682
126.0000 0.4682
127.0000 0.4682
128.0000 0.4682
129.0000 0.4682
130.0000 0.4682
131.0000 0.4682
132.0000 0.4682
133.0000 0.4682
134.0000 0.4682
135.0000 0.4682
136.0000 0.4682
137.0000 0.4682
138.0000 0.4682
139.0000 0.4682
140.0000 0.4682
141.0000 0.4682
142.0000 0.4682
143.0000 0.4682
144.0000 0.4682
145.0000 0.4682
146.0000 0.4682
147.0000 0.4682
148.0000 0.4682
149.0000 0.4682
150.0000 0.4682
151.0000 0.4682
152.0000 0.4682
153.0000 0.4682
154.0000 0.4682
155.0000 0.4682
156.0000 0.4682
157.0000 0.4682
158.0000 0.4682
159.0000 0.4682
160.0000 0.4682
161.0000 0.4682
162.0000 0.4682
163.0000 0.4682
164.0000 0.4682
165.0000 0.4682
166.0000 0.4682
167.0000 0.4682
168.0000 0.4682
169.0000 0.4682
170.0000 0.4682
171.0000 0.4682
172.0000 0.4682
173.0000 0.4682
174.0000 0.4682
175.0000 0.4682
176.0000 0.4682
177.0000 0.4682
178.0000 0.4682
179.0000 0.4682
180.0000 0.4682
181.0000 0.4682
182.0000 0.4682
183.0000 0.4682
184.0000 0.4682
185.0000 0.4682
186.0000 0.4682
187.0000 0.4682
188.0000 0.4682
189.0000 0.4682
190.0000 0.4682
191.0000 0.4682
192.0000 0.4682
193.0000 0.4682
194.0000 0.4682
195.0000 0.4682
196.0000 0.4682
197.0000 0.4682
198.0000 0.4682
199.0000 0.4682
200.0000 0.4682
201.0000 0.4682
202.0000 0.4682
203.0000 0.4682
204.0000 0.4682
205.0000 0.4682
206.0000 0.4682
207.0000 0.4682
208.0000 0.4682
209.0000 0.4682
210.0000 0.4682
211.0000 0.4682
212.0000 0.4682
213.0000 0.4682
214.0000 0.4682
215.0000 0.4682
216.0000 0.4682
217.0000 0.4682
218.0000 0.4682
219.0000 0.4682
220.0000 0.4682
221.0000 0.4682
222.0000 0.4682
223.0000 0.4682
224.0000 0.4682
225.0000 0.4682
226.0000 0.4682
227.0000 0.4682
228.0000 0.4682
229.0000 0.4682
230.0000 0.4682
231.0000 0.4682
232.0000 0.4682
233.0000 0.4682
234.0000 0.4682
235.0000 0.4682
236.0000 0.4682
237.0000 0.4682
238.0000 0.4682
239.0000 0.4682
240.0000 0.4682
241.0000 0.4682
242.0000 0.4682
243.0000 0.4682
244.0000 0.4682
245.0000 0.4682
246.0000 0.4682
247.0000 0.4682
248.0000 0.4682
249.0000 0.4682
250.0000 0.4682
251.0000 0.4682
252.0000 1.0000
253.0000 1.0000
254.0000 1.0000
255.0000 0.9931
256.0000 0.9743
257.0000 0.9549
258.0000 0.9298
259.0000 0.9049
260.0000 0.8872
261.0000 0.8774
262.0000 0.8717
263.0000 0.8647
264.0000 0.8522
265.0000 0.8324
266.0000 0.8073
267.0000 0.7815
268.0000 0.7607
269.0000 0.7484
270.0000 0.7452
271.0000 0.7496
272.0000 0.7594
273.0000 0.7719
274.0000 0.7853
275.0000 0.7980
276.0000 0.8094
277.0000 0.8190
278.0000 0.8269
279.0000 0.8331
280.0000 0.8379
281.0000 0.8415
282.0000 0.8440
283.0000 0.8454
284.0000 0.8458
285.0000 0.8454
286.0000 0.8443
287.0000 0.8427
288.0000 0.8407
289.0000 0.8385
290.0000 0.8363
291.0000 0.8342
292.0000 0.8324
293.0000 0.8308
294.0000 0.8296
295.0000 0.8286
296.0000 0.8279
297.0000 0.8273
298.0000 0.8270
299.0000 0.8267
300.0000 0.8266
301.0000 0.8265
302.0000 0.8265
303.0000 0.8265
304.0000 0.8266
305.0000 0.8267
306.0000 0.8268
307.0000 0.8270
308.0000 0.8271
309.0000 0.8273
310.0000 0.8274
311.0000 0.8275
312.0000 0.8277
313.0000 0.8278
314.0000 0.8279
315.0000 0.8280
316.0000 0.8281
317.0000 0.8282
318.0000 0.8283
319.0000 0.8283
320.0000 0.8283
321.0000 0.8284
322.0000 0.8284
323.0000 0.8284
324.0000 0.8284
325.0000 0.8284
326.0000 0.8283
327.0000 0.8283
328.0000 0.8283
329.0000 0.8283
330.0000 0.8283
331.0000 0.8283
332.0000 0.8283
333.0000 0.8283
334.0000 0.8282
335.0000 0.8282
336.0000 0.8282
337.0000 0.8282
338.0000 0.8282
339.0000 0.8282
340.0000 0.8282
341.0000 0.8282
342.0000 0.8282
343.0000 0.8282
344.0000 0.8282
345.0000 0.8282
346.0000 0.8282
347.0000 0.8282
348.0000 0.8282
349.0000 0.8282
350.0000 0.8282
351.0000 0.8282
352.0000 0.8282
353.0000 0.8282
354.0000 0.8282
355.0000 0.8282
356.0000 0.8282
357.0000 0.8282
358.0000 0.8282
359.0000 0.8282
360.0000 0.8282
361.0000 0.8282
362.0000 0.8282
363.0000 0.8282
364.0000 0.8282
365.0000 0.8282
366.0000 0.8282
367.0000 0.8282
368.0000 0.8282
369.0000 0.8282
370.0000 0.8282
371.0000 0.8282
372.0000 0.8282
373.0000 0.8282
374.0000 0.8282
375.0000 0.8282
376.0000 0.8282
377.0000 0.8282
378.0000 0.8282
379.0000 0.8282
380.0000 0.8282
381.0000 0.8282
382.0000 0.8282
383.0000 0.8282
384.0000 0.8282
385.0000 0.8282
386.0000 0.8282
387.0000 0.8282
388.0000 0.8282
389.0000 0.8282
390.0000 0.8282
391.0000 0.8282
392.0000 0.8282
393.0000 0.8282
394.0000 0.8282
395.0000 0.8282
396.0000 0.8282
397.0000 0.8282
398.0000 0.8282
399.0000 0.8282
400.0000 0.8282
401.0000 0.8282
402.0000 0.8282
403.0000 0.8282
404.0000 0.8282
405.0000 0.8282
406.0000 0.8282
407.0000 0.8282
408.0000 0.8282
409.0000 0.8282
410.0000 0.8282
411.0000 0.8282
412.0000 0.8282
413.0000 0.8282
414.0000 0.8282
415.0000 0.8282
416.0000 0.8282
417.0000 0.8282
418.0000 0.8282
419.0000 0.8282
420.0000 0.8282
421.0000 0.8282
422.0000 0.8282
423.0000 0.8282
424.0000 0.8282
425.0000 0.8282
426.0000 0.8282
427.0000 0.8282
428.0000 0.8282
429.0000 0.8282
430.0000 0.8282
431.0000 0.8282
432.0000 0.8282
433.0000 0.8282
434.0000 0.8282
435.0000 0.8282
436.0000 0.8282
437.0000 0.8282
438.0000 0.8282
439.0000 0.8282
440.0000 0.8282
441.0000 0.8282
442.0000 0.8282
443.0000 0.8282
444.0000 0.8282
445.0000 0.8282
446.0000 0.8282
447.0000 0.8282
448.0000 0.8282
449.0000 0.8282
450.0000 0.8282
451.0000 0.8282
452.0000 0.8282
453.0000 0.8282
454.0000 0.8282
455.0000 0.8282
456.0000 0.8282
457.0000 0.8282
458.0000 0.8282
459.0000 0.8282
460.0000 0.8282
461.0000 0.8282
462.0000 0.8282
463.0000 0.8282
464.0000 0.8282
465.0000 0.8282
466.0000 0.8282
467.0000 0.8282
468.0000 0.8282
469.0000 0.8282
470.0000 0.8282
471.0000 0.8282
472.0000 0.8282
473.0000 0.8282
474.0000 0.8282
475.0000 0.8282
476.0000 0.8282
477.0000 0.8282
478.0000 0.8282
479.0000 0.8282
480.0000 0.8282
481.0000 0.8282
482.0000 0.8282
483.0000 0.8282
484.0000 0.8282
485.0000 0.8282
486.0000 0.8282
487.0000 0.8282
488.0000 0.8282
489.0000 0.8282
490.0000 0.8282
491.0000 0.8282
492.0000 0.8282
493.0000 0.8282
494.0000 0.8282
495.0000 0.8282
496.0000 0.8282
497.0000 0.8282
498.0000 0.8282
499.0000 0.8282
500.0000 0.8282
501.0000 0.8282
502.0000 0.6180
503.0000 0.5742
504.0000 0.5726
505.0000 0.5804
506.0000 0.5894
507.0000 0.5975
508.0000 0.6029
509.0000 0.6034
510.0000 0.5997
511.0000 0.5954
512.0000 0.5943
513.0000 0.5984
514.0000 0.6074
515.0000 0.6197
516.0000 0.6338
517.0000 0.6485
518.0000 0.6628
519.0000 0.6760
520.0000 0.6875
521.0000 0.6969
522.0000 0.7041
523.0000 0.7090
524.0000 0.7117
525.0000 0.7124
526.0000 0.7113
527.0000 0.7087
528.0000 0.7048
529.0000 0.7000
530.0000 0.6945
531.0000 0.6886
532.0000 0.6826
533.0000 0.6768
534.0000 0.6714
535.0000 0.6665
536.0000 0.6624
537.0000 0.6591
538.0000 0.6566
539.0000 0.6550
540.0000 0.6542
541.0000 0.6541
542.0000 0.6546
543.0000 0.6557
544.0000 0.6573
545.0000 0.6592
546.0000 0.6614
547.0000 0.6637
548.0000 0.6660
549.0000 0.6682
550.0000 0.6703
551.0000 0.6721
552.0000 0.6737
553.0000 0.6749
554.0000 0.6759
555.0000 0.6765
556.0000 0.6768
557.0000 0.6768
558.0000 0.6765
559.0000 0.6760
560.0000 0.6754
561.0000 0.6746
562.0000 0.6737
563.0000 0.6728
564.0000 0.6718
565.0000 0.6710
566.0000 0.6701
567.0000 0.6694
568.0000 0.6688
569.0000 0.6684
570.0000 0.6680
571.0000 0.6678
572.0000 0.6677
573.0000 0.6677
574.0000 0.6679
575.0000 0.6681
576.0000 0.6684
577.0000 0.6687
578.0000 0.6690
579.0000 0.6694
580.0000 0.6698
581.0000 0.6701
582.0000 0.6704
583.0000 0.6707
584.0000 0.6709
585.0000 0.6711
586.0000 0.6712
587.0000 0.6713
588.0000 0.6713
589.0000 0.6713
590.0000 0.6712
591.0000 0.6712
592.0000 0.6710
593.0000 0.6709
594.0000 0.6708
595.0000 0.6706
596.0000 0.6705
597.0000 0.6703
598.0000 0.6702
599.0000 0.6701
600.0000 0.6700
601.0000 0.6700
602.0000 0.6699
603.0000 0.6699
604.0000 0.6699
605.0000 0.6699
606.0000 0.6699
607.0000 0.6700
608.0000 0.6700
609.0000 0.6701
610.0000 0.6701
611.0000 0.6702
612.0000 0.6702
613.0000 0.6703
614.0000 0.6703
615.0000 0.6704
616.0000 0.6704
617.0000 0.6704
618.0000 0.6704
619.0000 0.6705
620.0000 0.6705
621.0000 0.6704
622.0000 0.6704
623.0000 0.6704
624.0000 0.6704
625.0000 0.6704
626.0000 0.6704
627.0000 0.6703
628.0000 0.6703
629.0000 0.6703
630.0000 0.6703
631.0000 0.6703
632.0000 0.6702
633.0000 0.6702
634.0000 0.6702
635.0000 0.6702
636.0000 0.6702
637.0000 0.6702
638.0000 0.6702
639.0000 0.6702
640.0000 0.6703
641.0000 0.6703
642.0000 0.6703
643.0000 0.6703
644.0000 0.6703
645.0000 0.6703
646.0000 0.6703
647.0000 0.6703
648.0000 0.6703
649.0000 0.6703
650.0000 0.6703
651.0000 0.6703
652.0000 0.6703
653.0000 0.6703
654.0000 0.6703
655.0000 0.6703
656.0000 0.6703
657.0000 0.6703
658.0000 0.6703
659.0000 0.6703
660.0000 0.6703
661.0000 0.6703
662.0000 0.6703
663.0000 0.6703
664.0000 0.6703
665.0000 0.6703
666.0000 0.6703
667.0000 0.6703
668.0000 0.6703
669.0000 0.6703
670.0000 0.6703
671.0000 0.6703
672.0000 0.6703
673.0000 0.6703
674.0000 0.6703
675.0000 0.6703
676.0000 0.6703
677.0000 0.6703
678.0000 0.6703
679.0000 0.6703
680.0000 0.6703
681.0000 0.6703
682.0000 0.6703
683.0000 0.6703
684.0000 0.6703
685.0000 0.6703
686.0000 0.6703
687.0000 0.6703
688.0000 0.6703
689.0000 0.6703
690.0000 0.6703
691.0000 0.6703
692.0000 0.6703
693.0000 0.6703
694.0000 0.6703
695.0000 0.6703
696.0000 0.6703
697.0000 0.6703
698.0000 0.6703
699.0000 0.6703
700.0000 0.6703
701.0000 0.6703
702.0000 0.6703
703.0000 0.6703
704.0000 0.6703
705.0000 0.6703
706.0000 0.6703
707.0000 0.6703
708.0000 0.6703
709.0000 0.6703
710.0000 0.6703
711.0000 0.6703
712.0000 0.6703
713.0000 0.6703
714.0000 0.6703
715.0000 0.6703
716.0000 0.6703
717.0000 0.6703
718.0000 0.6703
719.0000 0.6703
720.0000 0.6703
721.0000 0.6703
722.0000 0.6703
723.0000 0.6703
724.0000 0.6703
725.0000 0.6703
726.0000 0.6703
727.0000 0.6703
728.0000 0.6703
729.0000 0.6703
730.0000 0.6703
731.0000 0.6703
732.0000 0.6703
733.0000 0.6703
734.0000 0.6703
735.0000 0.6703
736.0000 0.6703
737.0000 0.6703
738.0000 0.6703
739.0000 0.6703
740.0000 0.6703
741.0000 0.6703
742.0000 0.6703
743.0000 0.6703
744.0000 0.6703
745.0000 0.6703
746.0000 0.6703
747.0000 0.6703
748.0000 0.6703
749.0000 0.6703
750.0000 0.6703
751.0000 0.6703
752.0000 0.0464
753.0000 -0.1313
754.0000 -0.1652
755.0000 -0.1557
756.0000 -0.1357
757.0000 -0.1158
758.0000 -0.0667
759.0000 0.0084
760.0000 0.0765
761.0000 0.1148
762.0000 0.1203
763.0000 0.1011
764.0000 0.0692
765.0000 0.0354
766.0000 0.0070
767.0000 -0.0130
768.0000 -0.0243
769.0000 -0.0286
770.0000 -0.0278
771.0000 -0.0244
772.0000 -0.0203
773.0000 -0.0171
774.0000 -0.0158
775.0000 -0.0167
776.0000 -0.0194
777.0000 -0.0233
778.0000 -0.0278
779.0000 -0.0323
780.0000 -0.0363
781.0000 -0.0397
782.0000 -0.0424
783.0000 -0.0445
784.0000 -0.0463
785.0000 -0.0479
786.0000 -0.0494
787.0000 -0.0510
788.0000 -0.0528
789.0000 -0.0547
790.0000 -0.0566
791.0000 -0.0586
792.0000 -0.0606
793.0000 -0.0626
794.0000 -0.0644
795.0000 -0.0662
796.0000 -0.0679
797.0000 -0.0695
798.0000 -0.0711
799.0000 -0.0727
800.0000 -0.0742
801.0000 -0.0757
802.0000 -0.0773
803.0000 -0.0788
804.0000 -0.0802
805.0000 -0.0817
806.0000 -0.0831
807.0000 -0.0845
808.0000 -0.0859
809.0000 -0.0873
810.0000 -0.0886
811.0000 -0.0899
812.0000 -0.0912
813.0000 -0.0924
814.0000 -0.0937
815.0000 -0.0949
816.0000 -0.0961
817.0000 -0.0973
818.0000 -0.0984
819.0000 -0.0996
820.0000 -0.1007
821.0000 -0.1018
822.0000 -0.1029
823.0000 -0.1040
824.0000 -0.1051
825.0000 -0.1061
826.0000 -0.1072
827.0000 -0.1082
828.0000 -0.1092
829.0000 -0.1102
830.0000 -0.1112
831.0000 -0.1121
832.0000 -0.1131
833.0000 -0.1140
834.0000 -0.1149
835.0000 -0.1158
836.0000 -0.1167
837.0000 -0.1176
838.0000 -0.1185
839.0000 -0.1194
840.0000 -0.1202
841.0000 -0.1211
842.0000 -0.1219
843.0000 -0.1227
844.0000 -0.1235
845.0000 -0.1243
846.0000 -0.1251
847.0000 -0.1259
848.0000 -0.1266
849.0000 -0.1274
850.0000 -0.1281
851.0000 -0.1289
852.0000 -0.1296
853.0000 -0.1303
854.0000 -0.1310
855.0000 -0.1317
856.0000 -0.1324
857.0000 -0.1331
858.0000 -0.1338
859.0000 -0.1345
860.0000 -0.1351
861.0000 -0.1358
862.0000 -0.1364
863.0000 -0.1370
864.0000 -0.1377
865.0000 -0.1383
866.0000 -0.1389
867.0000 -0.1395
868.0000 -0.1401
869.0000 -0.1407
870.0000 -0.1413
871.0000 -0.1419
872.0000 -0.1424
873.0000 -0.1430
874.0000 -0.1435
875.0000 -0.1441
876.0000 -0.1446
877.0000 -0.1452
878.0000 -0.1457
879.0000 -0.1462
880.0000 -0.1468
881.0000 -0.1473
882.0000 -0.1478
883.0000 -0.1483
884.0000 -0.1488
885.0000 -0.1493
886.0000 -0.1498
887.0000 -0.1502
888.0000 -0.1507
889.0000 -0.1512
890.0000 -0.1517
891.0000 -0.1521
892.0000 -0.1526
893.0000 -0.1530
894.0000 -0.1535
895.0000 -0.1539
896.0000 -0.1543
897.0000 -0.1548
898.0000 -0.1552
899.0000 -0.1556
900.0000 -0.1560
901.0000 -0.1564
902.0000 -0.1569
903.0000 -0.1573
904.0000 -0.1577
905.0000 -0.1580
906.0000 -0.1584
907.0000 -0.1588
908.0000 -0.1592
909.0000 -0.1596
910.0000 -0.1600
911.0000 -0.1603
912.0000 -0.1607
913.0000 -0.1611
914.0000 -0.1614
915.0000 -0.1618
916.0000 -0.1621
917.0000 -0.1625
918.0000 -0.1628
919.0000 -0.1632
920.0000 -0.1635
921.0000 -0.1638
922.0000 -0.1642
923.0000 -0.1645
924.0000 -0.1648
925.0000 -0.1651
926.0000 -0.1655
927.0000 -0.1658
928.0000 -0.1661
929.0000 -0.1664
930.0000 -0.1667
931.0000 -0.1670
932.0000 -0.1673
933.0000 -0.1676
934.0000 -0.1679
935.0000 -0.1682
936.0000 -0.1685
937.0000 -0.1687
938.0000 -0.1690
939.0000 -0.1693
940.0000 -0.1696
941.0000 -0.1698
942.0000 -0.1701
943.0000 -0.1704
944.0000 -0.1706
945.0000 -0.1709
946.0000 -0.1712
947.0000 -0.1714
948.0000 -0.1717
949.0000 -0.1719
950.0000 -0.1722
951.0000 -0.1724
952.0000 -0.1727
953.0000 -0.1729
954.0000 -0.1732
955.0000 -0.1734
956.0000 -0.1736
957.0000 -0.1739
958.0000 -0.1741
959.0000 -0.1743
960.0000 -0.1745
961.0000 -0.1748
962.0000 -0.1750
963.0000 -0.1752
964.0000 -0.1754
965.0000 -0.1756
966.0000 -0.1759
967.0000 -0.1761
968.0000 -0.1763
969.0000 -0.1765
970.0000 -0.1767
971.0000 -0.1769
972.0000 -0.1771
973.0000 -0.1773
974.0000 -0.1775
975.0000 -0.1777
976.0000 -0.1779
977.0000 -0.1781
978.0000 -0.1783
979.0000 -0.1785
980.0000 -0.1786
981.0000 -0.1788
982.0000 -0.1790
983.0000 -0.1792
984.0000 -0.1794
985.0000 -0.1796
986.0000 -0.1797
987.0000 -0.1799
988.0000 -0.1801
989.0000 -0.1803
990.0000 -0.1804
991.0000 -0.1806
992.0000 -0.1808
993.0000 -0.1809
994.0000 -0.1811
995.0000 -0.1812
996.0000 -0.1814
997.0000 -0.1816
998.0000 -0.1817
999.0000 -0.1819
1000.0000 -0.1820
1001.0000 -0.1822
1002.0000 -0.1823
1003.0000 -0.1825
1004.0000 -0.1826
1005.0000 -0.1828
1006.0000 -0.1829
1007.0000 -0.1831
1008.0000 -0.1832
1009.0000 -0.1834
1010.0000 -0.1835
1011.0000 -0.1836
1012.0000 -0.1838
1013.0000 -0.1839
1014.0000 -0.1841
1015.0000 -0.1842
1016.0000 -0.1843
1017.0000 -0.1845
1018.0000 -0.1846
1019.0000 -0.1847
1020.0000 -0.1849
1021.0000 -0.1850
1022.0000 -0.1851
1023.0000 -0.1852
1024.0000 -0.1854
1025.0000 -0.1855
1026.0000 -0.1856
1027.0000 -0.1857
1028.0000 -0.1858
1029.0000 -0.1860
1030.0000 -0.1861
1031.0000 -0.1862
1032.0000 -0.1863
1033.0000 -0.1864
1034.0000 -0.1865
1035.0000 -0.1867
1036.0000 -0.1868
1037.0000 -0.1869
1038.0000 -0.1870
1039.0000 -0.1871
1040.0000 -0.1872
1041.0000 -0.1873
1042.0000 -0.1874
1043.0000 -0.1875
1044.0000 -0.1876
1045.0000 -0.1877
1046.0000 -0.1878
1047.0000 -0.1879
1048.0000 -0.1880
1049.0000 -0.1881
1050.0000 -0.1882
1051.0000 -0.1883
1052.0000 -0.1884
1053.0000 -0.1885
1054.0000 -0.1886
1055.0000 -0.1887
1056.0000 -0.1888
1057.0000 -0.1889
1058.0000 -0.1890
1059.0000 -0.1891
1060.0000 -0.1892
1061.0000 -0.1892
1062.0000 -0.1893
1063.0000 -0.1894
1064.0000 -0.1895
1065.0000 -0.1896
1066.0000 -0.1897
1067.0000 -0.1898
1068.0000 -0.1898
1069.0000 -0.1899
1070.0000 -0.1900
1071.0000 -0.1901
1072.0000 -0.1902
1073.0000 -0.1903
1074.0000 -0.1903
1075.0000 -0.1904
1076.0000 -0.1905
1077.0000 -0.1906
1078.0000 -0.1906
1079.0000 -0.1907
1080.0000 -0.1908
1081.0000 -0.1909
1082.0000 -0.1909
1083.0000 -0.1910
1084.0000 -0.1911
1085.0000 -0.1912
1086.0000 -0.1912
1087.0000 -0.1913
1088.0000 -0.1914
1089.0000 -0.1914
1090.0000 -0.1915
1091.0000 -0.1916
1092.0000 -0.1916
1093.0000 -0.1917
1094.0000 -0.1918
1095.0000 -0.1918
1096.0000 -0.1919
1097.0000 -0.1920
1098.0000 -0.1920
1099.0000 -0.1921
1100.0000 -0.1922
1101.0000 -0.1922
1102.0000 -0.1923
1103.0000 -0.1923
1104.0000 -0.1924
1105.0000 -0.1925
1106.0000 -0.1925
1107.0000 -0.1926
1108.0000 -0.1926
1109.0000 -0.1927
1110.0000 -0.1928
1111.0000 -0.1928
1112.0000 -0.1929
1113.0000 -0.1929
1114.0000 -0.1930
1115.0000 -0.1930
1116.0000 -0.1931
1117.0000 -0.1932
1118.0000 -0.1932
1119.0000 -0.1933
1120.0000 -0.1933
1121.0000 -0.1934
1122.0000 -0.1934
1123.0000 -0.1935
1124.0000 -0.1935
1125.0000 -0.1936
1126.0000 -0.1936
1127.0000 -0.1937
1128.0000 -0.1937
1129.0000 -0.1938
1130.0000 -0.1938
1131.0000 -0.1939
1132.0000 -0.1939
1133.0000 -0.1940
1134.0000 -0.1940
1135.0000 -0.1941
1136.0000 -0.1941
1137.0000 -0.1941
1138.0000 -0.1942
1139.0000 -0.1942
1140.0000 -0.1943
1141.0000 -0.1943
1142.0000 -0.1944
1143.0000 -0.1944
1144.0000 -0.1945
1145.0000 -0.1945
1146.0000 -0.1945
1147.0000 -0.1946
1148.0000 -0.1946
1149.0000 -0.1947
1150.0000 -0.1947
1151.0000 -0.1947
1152.0000 -0.1948
1153.0000 -0.1948
1154.0000 -0.1949
1155.0000 -0.1949
1156.0000 -0.1949
1157.0000 -0.1950
1158.0000 -0.1950
1159.0000 -0.1951
1160.0000 -0.1951
1161.0000 -0.1951
1162.0000 -0.1952
1163.0000 -0.1952
1164.0000 -0.1952
1165.0000 -0.1953
1166.0000 -0.1953
1167.0000 -0.1953
1168.0000 -0.1954
1169.0000 -0.1954
1170.0000 -0.1954
1171.0000 -0.1955
1172.0000 -0.1955
1173.0000 -0.1955
1174.0000 -0.1956
1175.0000 -0.1956
1176.0000 -0.1956
1177.0000 -0.1957
1178.0000 -0.1957
1179.0000 -0.1957
1180.0000 -0.1958
1181.0000 -0.1958
1182.0000 -0.1958
1183.0000 -0.1959
1184.0000 -0.1959
1185.0000 -0.1959
1186.0000 -0.1960
1187.0000 -0.1960
1188.0000 -0.1960
1189.0000 -0.1960
1190.0000 -0.1961
1191.0000 -0.1961
1192.0000 -0.1961
1193.0000 -0.1962
1194.0000 -0.1962
1195.0000 -0.1962
1196.0000 -0.1962
1197.0000 -0.1963
1198.0000 -0.1963
1199.0000 -0.1963
1200.0000 -0.1963
