1.0000 0.0000
2.0000 0.0000
3.0000 0.0000
4.0000 0.0000
5.0000 0.0000
6.0000 0.0000
7.0000 0.8621
8.0000 0.2655
9.0000 0.2872
10.0000 0.3090
11.0000 0.3307
12.0000 0.3524
13.0000 0.3349
14.0000 0.3237
15.0000 0.3358
16.0000 0.3457
17.0000 0.3536
18.0000 0.3596
19.0000 0.3674
20.0000 0.3777
21.0000 0.3874
22.0000 0.3959
23.0000 0.4036
24.0000 0.4109
25.0000 0.4174
26.0000 0.4231
27.0000 0.4279
28.0000 0.4319
29.0000 0.4353
30.0000 0.4381
31.0000 0.4405
32.0000 0.4425
33.0000 0.4443
34.0000 0.4458
35.0000 0.4472
36.0000 0.4485
37.0000 0.4498
38.0000 0.4510
39.0000 0.4522
40.0000 0.4534
41.0000 0.4546
42.0000 0.4557
43.0000 0.4568
44.0000 0.4579
45.0000 0.4589
46.0000 0.4598
47.0000 0.4606
48.0000 0.4614
49.0000 0.4620
50.0000 0.4626
51.0000 0.4632
52.0000 0.4636
53.0000 0.4640
54.0000 0.4644
55.0000 0.4647
56.0000 0.4649
57.0000 0.4652
58.0000 0.4654
59.0000 0.4656
60.0000 0.4658
61.0000 0.4660
62.0000 0.4661
63.0000 0.4663
64.0000 0.4665
65.0000 0.4666
66.0000 0.4667
67.0000 0.4669
68.0000 0.4670
69.0000 0.4671
70.0000 0.4672
71.0000 0.4673
72.0000 0.4674
73.0000 0.4675
74.0000 0.4675
75.0000 0.4676
76.0000 0.4676
77.0000 0.4677
78.0000 0.4677
79.0000 0.4678
80.0000 0.4678
81.0000 0.4678
82.0000 0.4679
83.0000 0.4679
84.0000 0.4679
85.0000 0.4679
86.0000 0.4680
87.0000 0.4680
88.0000 0.4680
89.0000 0.4680
90.0000 0.4680
91.0000 0.4681
92.0000 0.4681
93.0000 0.4681
94.0000 0.4681
95.0000 0.4681
96.0000 0.4681
97.0000 0.4681
98.0000 0.4681
99.0000 0.4681
100.0000 0.4681
101.0000 0.4681
102.0000 0.4682
103.0000 0.4682
104.0000 0.4682
105.0000 0.4682
106.0000 0.4682
107.0000 0.4682
108.0000 0.4682
109.0000 0.4682
110.0000 0.4682
111.0000 0.4682
112.0000 0.4682
113.0000 0.4682
114.0000 0.4682
115.0000 0.4682
116.0000 0.4682
117.0000 0.4682
118.0000 0.4682
119.0000 0.4682
120.0000 0.4682
121.0000 0.4682
122.0000 0.4682
123.0000 0.4682
124.0000 0.4682
125.0000 0.4682
126.0000 0.4682
127.0000 0.4682
128.0000 0.4682
129.0000 0.4682
130.0000 0.4682
131.0000 0.4682
132.0000 0.4682
133.0000 0.4682
134.0000 0.4682
135.0000 0.4682
136.0000 0.4682
137.0000 0.4682
138.0000 0.4682
139.0000 0.4682
140.0000 0.4682
141.0000 0.4682
142.0000 0.4682
143.0000 0.4682
144.0000 0.4682
145.0000 0.4682
146.0000 0.4682
147.0000 0.4682
148.0000 0.4682
149.0000 0.4682
150.0000 0.4682
151.0000 0.4682
152.0000 0.4682
153.0000 0.4682
154.0000 0.4682
155.0000 0.4682
156.0000 0.4682
157.0000 0.4682
158.0000 0.4682
159.0000 0.4682
160.0000 0.4682
161.0000 0.4682
162.0000 0.4682
163.0000 0.4682
164.0000 0.4682
165.0000 0.4682
166.0000 0.4682
167.0000 0.4682
168.0000 0.4682
169.0000 0.4682
170.0000 0.4682
171.0000 0.4682
172.0000 0.4682
173.0000 0.4682
174.0000 0.4682
175.0000 0.4682
176.0000 0.4682
177.0000 0.4682
178.0000 0.4682
179.0000 0.4682
180.0000 0.4682
181.0000 0.4682
182.0000 0.4682
183.0000 0.4682
184.0000 0.4682
185.0000 0.4682
186.0000 0.4682
187.0000 0.4682
188.0000 0.4682
189.0000 0.4682
190.0000 0.4682
191.0000 0.4682
192.0000 0.4682
193.0000 0.4682
194.0000 0.4682
195.0000 0.4682
196.0000 0.4682
197.0000 0.4682
198.0000 0.4682
199.0000 0.4682
200.0000 0.4682
201.0000 0.4682
202.0000 0.4682
203.0000 0.4682
204.0000 0.4682
205.0000 0.4682
206.0000 0.4682
207.0000 0.4682
208.0000 0.4682
209.0000 0.4682
210.0000 0.4682
211.0000 0.4682
212.0000 0.4682
213.0000 0.4682
214.0000 0.4682
215.0000 0.4682
216.0000 0.4682
217.0000 0.4682
218.0000 0.4682
219.0000 0.4682
220.0000 0.4682
221.0000 0.4682
222.0000 0.4682
223.0000 0.4682
224.0000 0.4682
225.0000 0.4682
226.0000 0.4682
227.0000 0.4682
228.0000 0.4682
229.0000 0.4682
230.0000 0.4682
231.0000 0.4682
232.0000 0.4682
233.0000 0.4682
234.0000 0.4682
235.0000 0.4682
236.0000 0.4682
237.0000 0.4682
238.0000 0.4682
239.0000 0.4682
240.0000 0.4682
241.0000 0.4682
242.0000 0.4682
243.0000 0.4682
244.0000 0.4682
245.0000 0.4682
246.0000 0.4682
247.0000 0.4682
248.0000 0.4682
249.0000 0.4682
250.0000 0.4682
251.0000 0.4682
252.0000 1.0000
253.0000 0.9992
254.0000 1.0000
255.0000 1.0000
256.0000 1.0000
257.0000 1.0000
258.0000 1.0000
259.0000 1.0000
260.0000 1.0000
261.0000 1.0000
262.0000 1.0000
263.0000 1.0000
264.0000 1.0000
265.0000 0.9828
266.0000 0.9544
267.0000 0.9258
268.0000 0.8971
269.0000 0.8685
270.0000 0.8398
271.0000 0.8131
272.0000 0.7906
273.0000 0.7731
274.0000 0.7606
275.0000 0.7533
276.0000 0.7514
277.0000 0.7545
278.0000 0.7618
279.0000 0.7725
280.0000 0.7855
281.0000 0.7997
282.0000 0.8141
283.0000 0.8278
284.0000 0.8400
285.0000 0.8502
286.0000 0.8581
287.0000 0.8635
288.0000 0.8664
289.0000 0.8670
290.0000 0.8654
291.0000 0.8622
292.0000 0.8575
293.0000 0.8518
294.0000 0.8456
295.0000 0.8391
296.0000 0.8329
297.0000 0.8271
298.0000 0.8220
299.0000 0.8179
300.0000 0.8148
301.0000 0.8128
302.0000 0.8119
303.0000 0.8120
304.0000 0.8130
305.0000 0.8148
306.0000 0.8171
307.0000 0.8198
308.0000 0.8226
309.0000 0.8254
310.0000 0.8281
311.0000 0.8304
312.0000 0.8324
313.0000 0.8339
314.0000 0.8350
315.0000 0.8355
316.0000 0.8356
317.0000 0.8352
318.0000 0.8346
319.0000 0.8336
320.0000 0.8325
321.0000 0.8313
322.0000 0.8300
323.0000 0.8288
324.0000 0.8277
325.0000 0.8267
326.0000 0.8260
327.0000 0.8254
328.0000 0.8251
329.0000 0.8250
330.0000 0.8250
331.0000 0.8253
332.0000 0.8256
333.0000 0.8261
334.0000 0.8266
335.0000 0.8272
336.0000 0.8277
337.0000 0.8283
338.0000 0.8287
339.0000 0.8291
340.0000 0.8294
341.0000 0.8295
342.0000 0.8296
343.0000 0.8296
344.0000 0.8296
345.0000 0.8294
346.0000 0.8292
347.0000 0.8290
348.0000 0.8288
349.0000 0.8285
350.0000 0.8283
351.0000 0.8281
352.0000 0.8279
353.0000 0.8277
354.0000 0.8276
355.0000 0.8276
356.0000 0.8276
357.0000 0.8276
358.0000 0.8276
359.0000 0.8277
360.0000 0.8278
361.0000 0.8279
362.0000 0.8280
363.0000 0.8281
364.0000 0.8282
365.0000 0.8283
366.0000 0.8284
367.0000 0.8284
368.0000 0.8285
369.0000 0.8285
370.0000 0.8285
371.0000 0.8285
372.0000 0.8284
373.0000 0.8284
374.0000 0.8283
375.0000 0.8283
376.0000 0.8283
377.0000 0.8282
378.0000 0.8282
379.0000 0.8281
380.0000 0.8281
381.0000 0.8281
382.0000 0.8281
383.0000 0.8281
384.0000 0.8281
385.0000 0.8281
386.0000 0.8281
387.0000 0.8281
388.0000 0.8282
389.0000 0.8282
390.0000 0.8282
391.0000 0.8282
392.0000 0.8282
393.0000 0.8282
394.0000 0.8283
395.0000 0.8283
396.0000 0.8283
397.0000 0.8283
398.0000 0.8283
399.0000 0.8282
400.0000 0.8282
401.0000 0.8282
402.0000 0.8282
403.0000 0.8282
404.0000 0.8282
405.0000 0.8282
406.0000 0.8282
407.0000 0.8282
408.0000 0.8282
409.0000 0.8282
410.0000 0.8282
411.0000 0.8282
412.0000 0.8282
413.0000 0.8282
414.0000 0.8282
415.0000 0.8282
416.0000 0.8282
417.0000 0.8282
418.0000 0.8282
419.0000 0.8282
420.0000 0.8282
421.0000 0.8282
422.0000 0.8282
423.0000 0.8282
424.0000 0.8282
425.0000 0.8282
426.0000 0.8282
427.0000 0.8282
428.0000 0.8282
429.0000 0.8282
430.0000 0.8282
431.0000 0.8282
432.0000 0.8282
433.0000 0.8282
434.0000 0.8282
435.0000 0.8282
436.0000 0.8282
437.0000 0.8282
438.0000 0.8282
439.0000 0.8282
440.0000 0.8282
441.0000 0.8282
442.0000 0.8282
443.0000 0.8282
444.0000 0.8282
445.0000 0.8282
446.0000 0.8282
447.0000 0.8282
448.0000 0.8282
449.0000 0.8282
450.0000 0.8282
451.0000 0.8282
452.0000 0.8282
453.0000 0.8282
454.0000 0.8282
455.0000 0.8282
456.0000 0.8282
457.0000 0.8282
458.0000 0.8282
459.0000 0.8282
460.0000 0.8282
461.0000 0.8282
462.0000 0.8282
463.0000 0.8282
464.0000 0.8282
465.0000 0.8282
466.0000 0.8282
467.0000 0.8282
468.0000 0.8282
469.0000 0.8282
470.0000 0.8282
471.0000 0.8282
472.0000 0.8282
473.0000 0.8282
474.0000 0.8282
475.0000 0.8282
476.0000 0.8282
477.0000 0.8282
478.0000 0.8282
479.0000 0.8282
480.0000 0.8282
481.0000 0.8282
482.0000 0.8282
483.0000 0.8282
484.0000 0.8282
485.0000 0.8282
486.0000 0.8282
487.0000 0.8282
488.0000 0.8282
489.0000 0.8282
490.0000 0.8282
491.0000 0.8282
492.0000 0.8282
493.0000 0.8282
494.0000 0.8282
495.0000 0.8282
496.0000 0.8282
497.0000 0.8282
498.0000 0.8282
499.0000 0.8282
500.0000 0.8282
501.0000 0.8282
502.0000 -0.0339
503.0000 0.5627
504.0000 0.5410
505.0000 0.5192
506.0000 0.4975
507.0000 0.4758
508.0000 0.7317
509.0000 0.7712
510.0000 0.7875
511.0000 0.8063
512.0000 0.8277
513.0000 0.8516
514.0000 0.8495
515.0000 0.8335
516.0000 0.8145
517.0000 0.7932
518.0000 0.7693
519.0000 0.7422
520.0000 0.7145
521.0000 0.6886
522.0000 0.6657
523.0000 0.6462
524.0000 0.6308
525.0000 0.6200
526.0000 0.6140
527.0000 0.6127
528.0000 0.6155
529.0000 0.6217
530.0000 0.6304
531.0000 0.6407
532.0000 0.6516
533.0000 0.6623
534.0000 0.6721
535.0000 0.6805
536.0000 0.6871
537.0000 0.6919
538.0000 0.6947
539.0000 0.6956
540.0000 0.6950
541.0000 0.6930
542.0000 0.6900
543.0000 0.6863
544.0000 0.6821
545.0000 0.6779
546.0000 0.6738
547.0000 0.6701
548.0000 0.6669
549.0000 0.6644
550.0000 0.6627
551.0000 0.6616
552.0000 0.6613
553.0000 0.6615
554.0000 0.6623
555.0000 0.6635
556.0000 0.6650
557.0000 0.6666
558.0000 0.6682
559.0000 0.6697
560.0000 0.6710
561.0000 0.6721
562.0000 0.6730
563.0000 0.6736
564.0000 0.6739
565.0000 0.6739
566.0000 0.6737
567.0000 0.6733
568.0000 0.6728
569.0000 0.6723
570.0000 0.6716
571.0000 0.6710
572.0000 0.6705
573.0000 0.6700
574.0000 0.6695
575.0000 0.6692
576.0000 0.6690
577.0000 0.6690
578.0000 0.6690
579.0000 0.6690
580.0000 0.6692
581.0000 0.6694
582.0000 0.6696
583.0000 0.6699
584.0000 0.6701
585.0000 0.6703
586.0000 0.6705
587.0000 0.6706
588.0000 0.6707
589.0000 0.6708
590.0000 0.6708
591.0000 0.6708
592.0000 0.6708
593.0000 0.6707
594.0000 0.6706
595.0000 0.6705
596.0000 0.6704
597.0000 0.6704
598.0000 0.6703
599.0000 0.6702
600.0000 0.6702
601.0000 0.6701
602.0000 0.6701
603.0000 0.6701
604.0000 0.6701
605.0000 0.6701
606.0000 0.6701
607.0000 0.6702
608.0000 0.6702
609.0000 0.6702
610.0000 0.6703
611.0000 0.6703
612.0000 0.6703
613.0000 0.6704
614.0000 0.6704
615.0000 0.6704
616.0000 0.6704
617.0000 0.6704
618.0000 0.6704
619.0000 0.6703
620.0000 0.6703
621.0000 0.6703
622.0000 0.6703
623.0000 0.6703
624.0000 0.6703
625.0000 0.6703
626.0000 0.6703
627.0000 0.6703
628.0000 0.6703
629.0000 0.6703
630.0000 0.6703
631.0000 0.6703
632.0000 0.6703
633.0000 0.6703
634.0000 0.6703
635.0000 0.6703
636.0000 0.6703
637.0000 0.6703
638.0000 0.6703
639.0000 0.6703
640.0000 0.6703
641.0000 0.6703
642.0000 0.6703
643.0000 0.6703
644.0000 0.6703
645.0000 0.6703
646.0000 0.6703
647.0000 0.6703
648.0000 0.6703
649.0000 0.6703
650.0000 0.6703
651.0000 0.6703
652.0000 0.6703
653.0000 0.6703
654.0000 0.6703
655.0000 0.6703
656.0000 0.6703
657.0000 0.6703
658.0000 0.6703
659.0000 0.6703
660.0000 0.6703
661.0000 0.6703
662.0000 0.6703
663.0000 0.6703
664.0000 0.6703
665.0000 0.6703
666.0000 0.6703
667.0000 0.6703
668.0000 0.6703
669.0000 0.6703
670.0000 0.6703
671.0000 0.6703
672.0000 0.6703
673.0000 0.6703
674.0000 0.6703
675.0000 0.6703
676.0000 0.6703
677.0000 0.6703
678.0000 0.6703
679.0000 0.6703
680.0000 0.6703
681.0000 0.6703
682.0000 0.6703
683.0000 0.6703
684.0000 0.6703
685.0000 0.6703
686.0000 0.6703
687.0000 0.6703
688.0000 0.6703
689.0000 0.6703
690.0000 0.6703
691.0000 0.6703
692.0000 0.6703
693.0000 0.6703
694.0000 0.6703
695.0000 0.6703
696.0000 0.6703
697.0000 0.6703
698.0000 0.6703
699.0000 0.6703
700.0000 0.6703
701.0000 0.6703
702.0000 0.6703
703.0000 0.6703
704.0000 0.6703
705.0000 0.6703
706.0000 0.6703
707.0000 0.6703
708.0000 0.6703
709.0000 0.6703
710.0000 0.6703
711.0000 0.6703
712.0000 0.6703
713.0000 0.6703
714.0000 0.6703
715.0000 0.6703
716.0000 0.6703
717.0000 0.6703
718.0000 0.6703
719.0000 0.6703
720.0000 0.6703
721.0000 0.6703
722.0000 0.6703
723.0000 0.6703
724.0000 0.6703
725.0000 0.6703
726.0000 0.6703
727.0000 0.6703
728.0000 0.6703
729.0000 0.6703
730.0000 0.6703
731.0000 0.6703
732.0000 0.6703
733.0000 0.6703
734.0000 0.6703
735.0000 0.6703
736.0000 0.6703
737.0000 0.6703
738.0000 0.6703
739.0000 0.6703
740.0000 0.6703
741.0000 0.6703
742.0000 0.6703
743.0000 0.6703
744.0000 0.6703
745.0000 0.6703
746.0000 0.6703
747.0000 0.6703
748.0000 0.6703
749.0000 0.6703
750.0000 0.6703
751.0000 0.6703
752.0000 -1.0000
753.0000 0.1207
754.0000 0.0757
755.0000 0.0307
756.0000 -0.0143
757.0000 -0.0593
758.0000 0.2388
759.0000 0.2724
760.0000 0.2606
761.0000 0.2521
762.0000 0.2464
763.0000 0.2428
764.0000 0.2328
765.0000 0.2124
766.0000 0.1943
767.0000 0.1796
768.0000 0.1672
769.0000 0.1564
770.0000 0.1473
771.0000 0.1407
772.0000 0.1361
773.0000 0.1327
774.0000 0.1300
775.0000 0.1276
776.0000 0.1251
777.0000 0.1226
778.0000 0.1198
779.0000 0.1167
780.0000 0.1134
781.0000 0.1099
782.0000 0.1064
783.0000 0.1029
784.0000 0.0994
785.0000 0.0960
786.0000 0.0927
787.0000 0.0895
788.0000 0.0865
789.0000 0.0835
790.0000 0.0806
791.0000 0.0778
792.0000 0.0751
793.0000 0.0724
794.0000 0.0697
795.0000 0.0671
796.0000 0.0646
797.0000 0.0621
798.0000 0.0596
799.0000 0.0572
800.0000 0.0549
801.0000 0.0525
802.0000 0.0502
803.0000 0.0480
804.0000 0.0458
805.0000 0.0436
806.0000 0.0415
807.0000 0.0393
808.0000 0.0373
809.0000 0.0352
810.0000 0.0332
811.0000 0.0313
812.0000 0.0293
813.0000 0.0274
814.0000 0.0255
815.0000 0.0237
816.0000 0.0218
817.0000 0.0200
818.0000 0.0182
819.0000 0.0165
820.0000 0.0148
821.0000 0.0131
822.0000 0.0114
823.0000 0.0097
824.0000 0.0081
825.0000 0.0065
826.0000 0.0049
827.0000 0.0033
828.0000 0.0018
829.0000 0.0003
830.0000 -0.0012
831.0000 -0.0027
832.0000 -0.0042
833.0000 -0.0056
834.0000 -0.0071
835.0000 -0.0085
836.0000 -0.0099
837.0000 -0.0113
838.0000 -0.0126
839.0000 -0.0140
840.0000 -0.0153
841.0000 -0.0166
842.0000 -0.0179
843.0000 -0.0192
844.0000 -0.0205
845.0000 -0.0217
846.0000 -0.0230
847.0000 -0.0242
848.0000 -0.0254
849.0000 -0.0266
850.0000 -0.0278
851.0000 -0.0290
852.0000 -0.0301
853.0000 -0.0313
854.0000 -0.0324
855.0000 -0.0335
856.0000 -0.0347
857.0000 -0.0358
858.0000 -0.0368
859.0000 -0.0379
860.0000 -0.0390
861.0000 -0.0400
862.0000 -0.0411
863.0000 -0.0421
864.0000 -0.0431
865.0000 -0.0442
866.0000 -0.0452
867.0000 -0.0462
868.0000 -0.0471
869.0000 -0.0481
870.0000 -0.0491
871.0000 -0.0500
872.0000 -0.0510
873.0000 -0.0519
874.0000 -0.0528
875.0000 -0.0538
876.0000 -0.0547
877.0000 -0.0556
878.0000 -0.0565
879.0000 -0.0574
880.0000 -0.0582
881.0000 -0.0591
882.0000 -0.0600
883.0000 -0.0608
884.0000 -0.0617
885.0000 -0.0625
886.0000 -0.0633
887.0000 -0.0642
888.0000 -0.0650
889.0000 -0.0658
890.0000 -0.0666
891.0000 -0.0674
892.0000 -0.0682
893.0000 -0.0689
894.0000 -0.0697
895.0000 -0.0705
896.0000 -0.0713
897.0000 -0.0720
898.0000 -0.0728
899.0000 -0.0735
900.0000 -0.0742
901.0000 -0.0750
902.0000 -0.0757
903.0000 -0.0764
904.0000 -0.0771
905.0000 -0.0778
906.0000 -0.0785
907.0000 -0.0792
908.0000 -0.0799
909.0000 -0.0806
910.0000 -0.0813
911.0000 -0.0820
912.0000 -0.0826
913.0000 -0.0833
914.0000 -0.0839
915.0000 -0.0846
916.0000 -0.0852
917.0000 -0.0859
918.0000 -0.0865
919.0000 -0.0872
920.0000 -0.0878
921.0000 -0.0884
922.0000 -0.0890
923.0000 -0.0896
924.0000 -0.0903
925.0000 -0.0909
926.0000 -0.0915
927.0000 -0.0921
928.0000 -0.0926
929.0000 -0.0932
930.0000 -0.0938
931.0000 -0.0944
932.0000 -0.0950
933.0000 -0.0955
934.0000 -0.0961
935.0000 -0.0967
936.0000 -0.0972
937.0000 -0.0978
938.0000 -0.0983
939.0000 -0.0989
940.0000 -0.0994
941.0000 -0.0999
942.0000 -0.1005
943.0000 -0.1010
944.0000 -0.1015
945.0000 -0.1021
946.0000 -0.1026
947.0000 -0.1031
948.0000 -0.1036
949.0000 -0.1041
950.0000 -0.1046
951.0000 -0.1051
952.0000 -0.1056
953.0000 -0.1061
954.0000 -0.1066
955.0000 -0.1071
956.0000 -0.1076
957.0000 -0.1081
958.0000 -0.1085
959.0000 -0.1090
960.0000 -0.1095
961.0000 -0.1099
962.0000 -0.1104
963.0000 -0.1109
964.0000 -0.1113
965.0000 -0.1118
966.0000 -0.1122
967.0000 -0.1127
968.0000 -0.1131
969.0000 -0.1136
970.0000 -0.1140
971.0000 -0.1145
972.0000 -0.1149
973.0000 -0.1153
974.0000 -0.1158
975.0000 -0.1162
976.0000 -0.1166
977.0000 -0.1170
978.0000 -0.1175
979.0000 -0.1179
980.0000 -0.1183
981.0000 -0.1187
982.0000 -0.1191
983.0000 -0.1195
984.0000 -0.1199
985.0000 -0.1203
986.0000 -0.1207
987.0000 -0.1211
988.0000 -0.1215
989.0000 -0.1219
990.0000 -0.1223
991.0000 -0.1227
992.0000 -0.1231
993.0000 -0.1234
994.0000 -0.1238
995.0000 -0.1242
996.0000 -0.1246
997.0000 -0.1249
998.0000 -0.1253
999.0000 -0.1257
1000.0000 -0.1260
1001.0000 -0.1264
1002.0000 -0.1268
1003.0000 -0.1271
1004.0000 -0.1275
1005.0000 -0.1278
1006.0000 -0.1282
1007.0000 -0.1285
1008.0000 -0.1289
1009.0000 -0.1292
1010.0000 -0.1296
1011.0000 -0.1299
1012.0000 -0.1303
1013.0000 -0.1306
1014.0000 -0.1309
1015.0000 -0.1313
1016.0000 -0.1316
1017.0000 -0.1319
1018.0000 -0.1322
1019.0000 -0.1326
1020.0000 -0.1329
1021.0000 -0.1332
1022.0000 -0.1335
1023.0000 -0.1339
1024.0000 -0.1342
1025.0000 -0.1345
1026.0000 -0.1348
1027.0000 -0.1351
1028.0000 -0.1354
1029.0000 -0.1357
1030.0000 -0.1360
1031.0000 -0.1363
1032.0000 -0.1366
1033.0000 -0.1369
1034.0000 -0.1372
1035.0000 -0.1375
1036.0000 -0.1378
1037.0000 -0.1381
1038.0000 -0.1384
1039.0000 -0.1387
1040.0000 -0.1390
1041.0000 -0.1393
1042.0000 -0.1396
1043.0000 -0.1399
1044.0000 -0.1401
1045.0000 -0.1404
1046.0000 -0.1407
1047.0000 -0.1410
1048.0000 -0.1413
1049.0000 -0.1415
1050.0000 -0.1418
1051.0000 -0.1421
1052.0000 -0.1423
1053.0000 -0.1426
1054.0000 -0.1429
1055.0000 -0.1432
1056.0000 -0.1434
1057.0000 -0.1437
1058.0000 -0.1439
1059.0000 -0.1442
1060.0000 -0.1445
1061.0000 -0.1447
1062.0000 -0.1450
1063.0000 -0.1452
1064.0000 -0.1455
1065.0000 -0.1457
1066.0000 -0.1460
1067.0000 -0.1462
1068.0000 -0.1465
1069.0000 -0.1467
1070.0000 -0.1470
1071.0000 -0.1472
1072.0000 -0.1475
1073.0000 -0.1477
1074.0000 -0.1479
1075.0000 -0.1482
1076.0000 -0.1484
1077.0000 -0.1486
1078.0000 -0.1489
1079.0000 -0.1491
1080.0000 -0.1494
1081.0000 -0.1496
1082.0000 -0.1498
1083.0000 -0.1500
1084.0000 -0.1503
1085.0000 -0.1505
1086.0000 -0.1507
1087.0000 -0.1509
1088.0000 -0.1512
1089.0000 -0.1514
1090.0000 -0.1516
1091.0000 -0.1518
1092.0000 -0.1520
1093.0000 -0.1523
1094.0000 -0.1525
1095.0000 -0.1527
1096.0000 -0.1529
1097.0000 -0.1531
1098.0000 -0.1533
1099.0000 -0.1535
1100.0000 -0.1537
1101.0000 -0.1540
1102.0000 -0.1542
1103.0000 -0.1544
1104.0000 -0.1546
1105.0000 -0.1548
1106.0000 -0.1550
1107.0000 -0.1552
1108.0000 -0.1554
1109.0000 -0.1556
1110.0000 -0.1558
1111.0000 -0.1560
1112.0000 -0.1562
1113.0000 -0.1564
1114.0000 -0.1566
1115.0000 -0.1568
1116.0000 -0.1570
1117.0000 -0.1571
1118.0000 -0.1573
1119.0000 -0.1575
1120.0000 -0.1577
1121.0000 -0.1579
1122.0000 -0.1581
1123.0000 -0.1583
1124.0000 -0.1585
1125.0000 -0.1586
1126.0000 -0.1588
1127.0000 -0.1590
1128.0000 -0.1592
1129.0000 -0.1594
1130.0000 -0.1596
1131.0000 -0.1597
1132.0000 -0.1599
1133.0000 -0.1601
1134.0000 -0.1603
1135.0000 -0.1604
1136.0000 -0.1606
1137.0000 -0.1608
1138.0000 -0.1610
1139.0000 -0.1611
1140.0000 -0.1613
1141.0000 -0.1615
1142.0000 -0.1616
1143.0000 -0.1618
1144.0000 -0.1620
1145.0000 -0.1621
1146.0000 -0.1623
1147.0000 -0.1625
1148.0000 -0.1626
1149.0000 -0.1628
1150.0000 -0.1630
1151.0000 -0.1631
1152.0000 -0.1633
1153.0000 -0.1634
1154.0000 -0.1636
1155.0000 -0.1638
1156.0000 -0.1639
1157.0000 -0.1641
1158.0000 -0.1642
1159.0000 -0.1644
1160.0000 -0.1645
1161.0000 -0.1647
1162.0000 -0.1649
1163.0000 -0.1650
1164.0000 -0.1652
1165.0000 -0.1653
1166.0000 -0.1655
1167.0000 -0.1656
1168.0000 -0.1658
1169.0000 -0.1659
1170.0000 -0.1661
1171.0000 -0.1662
1172.0000 -0.1663
1173.0000 -0.1665
1174.0000 -0.1666
1175.0000 -0.1668
1176.0000 -0.1669
1177.0000 -0.1671
1178.0000 -0.1672
1179.0000 -0.1673
1180.0000 -0.1675
1181.0000 -0.1676
1182.0000 -0.1678
1183.0000 -0.1679
1184.0000 -0.1680
1185.0000 -0.1682
1186.0000 -0.1683
1187.0000 -0.1685
1188.0000 -0.1686
1189.0000 -0.1687
1190.0000 -0.1689
1191.0000 -0.1690
1192.0000 -0.1691
1193.0000 -0.1693
1194.0000 -0.1694
1195.0000 -0.1695
1196.0000 -0.1697
1197.0000 -0.1698
1198.0000 -0.1699
1199.0000 -0.1700
1200.0000 -0.1702
