-0.1500 0.1069
-0.1400 0.1090
-0.1300 0.1111
-0.1200 0.1132
-0.1100 0.1153
-0.1000 0.1174
-0.0900 0.1195
-0.0800 0.1216
-0.0700 0.1237
-0.0600 0.1258
-0.0500 0.1279
-0.0400 0.1300
-0.0300 0.1322
-0.0200 0.1342
-0.0100 0.1363
0.0000 0.1384
0.0100 0.1405
0.0200 0.1425
0.0300 0.1445
0.0400 0.1465
0.0500 0.1485
0.0600 0.1504
0.0700 0.1523
0.0800 0.1542
0.0900 0.1561
0.1000 0.1579
0.1100 0.1597
0.1200 0.1614
0.1300 0.1631
0.1400 0.1647
0.1500 0.1663
0.1600 0.1679
0.1700 0.1694
0.1800 0.1708
0.1900 0.1722
0.2000 0.1735
0.2100 0.1748
0.2200 0.1760
0.2300 0.1771
0.2400 0.1782
0.2500 0.1792
0.2600 0.1801
0.2700 0.1810
0.2800 0.1817
0.2900 0.1825
0.3000 0.1831
0.3100 0.1836
0.3200 0.1841
0.3300 0.1845
0.3400 0.1848
0.3500 0.1851
0.3600 0.1852
0.3700 0.1853
0.3800 0.1853
0.3900 0.1852
0.4000 0.1851
0.4100 0.1848
0.4200 0.1845
0.4300 0.1841
0.4400 0.1836
0.4500 0.1831
0.4600 0.1825
0.4700 0.1817
0.4800 0.1810
0.4900 0.1801
0.5000 0.1792
0.5100 0.1782
0.5200 0.1771
0.5300 0.1760
0.5400 0.1748
0.5500 0.1735
0.5600 0.1722
0.5700 0.1708
0.5800 0.1694
0.5900 0.1679
0.6000 0.1663
0.6100 0.1647
0.6200 0.1631
0.6300 0.1614
0.6400 0.1597
0.6500 0.1579
0.6600 0.1561
0.6700 0.1542
0.6800 0.1523
0.6900 0.1504
0.7000 0.1485
0.7100 0.1465
0.7200 0.1445
0.7300 0.1425
0.7400 0.1405
0.7500 0.1384
0.7600 0.1363
0.7700 0.1342
0.7800 0.1322
0.7900 0.1300
0.8000 0.1279
0.8100 0.1258
0.8200 0.1237
0.8300 0.1216
0.8400 0.1195
0.8500 0.1174
0.8600 0.1153
0.8700 0.1132
0.8800 0.1111
0.8900 0.1090
0.9000 0.1069
0.9100 0.1049
0.9200 0.1028
0.9300 0.1008
0.9400 0.0988
0.9500 0.0968
0.9600 0.0948
0.9700 0.0928
0.9800 0.0909
0.9900 0.0890
1.0000 0.0871
1.0100 0.0852
1.0200 0.0833
1.0300 0.0815
1.0400 0.0797
1.0500 0.0779
1.0600 0.0762
1.0700 0.0745
1.0800 0.0728
1.0900 0.0711
1.1000 0.0694
1.1100 0.0678
1.1200 0.0662
1.1300 0.0646
1.1400 0.0631
1.1500 0.0616
1.1600 0.0601
1.1700 0.0586
1.1800 0.0572
1.1900 0.0558
1.2000 0.0544
1.2100 0.0531
1.2200 0.0517
1.2300 0.0504
1.2400 0.0492
1.2500 0.0479
1.2600 0.0467
1.2700 0.0455
1.2800 0.0443
1.2900 0.0432
1.3000 0.0421
1.3100 0.0410
1.3200 0.0399
1.3300 0.0389
1.3400 0.0379
1.3500 0.0369
1.3600 0.0359
1.3700 0.0349
1.3800 0.0340
1.3900 0.0331
1.4000 0.0322
1.4100 0.0313
1.4200 0.0305
1.4300 0.0297
1.4400 0.0289
1.4500 0.0281
1.4600 0.0273
1.4700 0.0266
1.4800 0.0258
1.4900 0.0251
1.5000 0.0244
1.5100 0.0238
1.5200 0.0231
1.5300 0.0225
1.5400 0.0219
1.5500 0.0213
1.5600 0.0207
1.5700 0.0201
1.5800 0.0195
1.5900 0.0190
1.6000 0.0184
1.6100 0.0179
1.6200 0.0174
1.6300 0.0169
1.6400 0.0165
1.6500 0.0160
1.6600 0.0155
1.6700 0.0151
1.6800 0.0147
1.6900 0.0143
1.7000 0.0139
1.7100 0.0135
1.7200 0.0131
1.7300 0.0127
1.7400 0.0123
1.7500 0.0120
1.7600 0.0116
1.7700 0.0113
1.7800 0.0110
1.7900 0.0107
1.8000 0.0104
1.8100 0.0101
1.8200 0.0098
1.8300 0.0095
1.8400 0.0092
1.8500 0.0090
1.8600 0.0087
1.8700 0.0085
1.8800 0.0082
1.8900 0.0080
1.9000 0.0077
1.9100 0.0075
1.9200 0.0073
1.9300 0.0071
1.9400 0.0069
1.9500 0.0067
1.9600 0.0065
1.9700 0.0063
1.9800 0.0061
1.9900 0.0059
2.0000 0.0058
2.0100 0.0056
2.0200 0.0054
2.0300 0.0053
2.0400 0.0051
2.0500 0.0050
2.0600 0.0048
2.0700 0.0047
2.0800 0.0046
2.0900 0.0044
2.1000 0.0043
2.1100 0.0042
2.1200 0.0040
2.1300 0.0039
2.1400 0.0038
2.1500 0.0037
2.1600 0.0036
2.1700 0.0035
2.1800 0.0034
2.1900 0.0033
2.2000 0.0032
2.2100 0.0031
2.2200 0.0030
2.2300 0.0029
2.2400 0.0028
2.2500 0.0027
2.2600 0.0027
2.2700 0.0026
2.2800 0.0025
2.2900 0.0024
2.3000 0.0024
2.3100 0.0023
2.3200 0.0022
2.3300 0.0022
2.3400 0.0021
2.3500 0.0020
2.3600 0.0020
2.3700 0.0019
2.3800 0.0019
2.3900 0.0018
2.4000 0.0018
2.4100 0.0017
2.4200 0.0017
2.4300 0.0016
2.4400 0.0016
2.4500 0.0015
2.4600 0.0015
2.4700 0.0014
2.4800 0.0014
2.4900 0.0013
2.5000 0.0013
2.5100 0.0013
2.5200 0.0012
2.5300 0.0012
2.5400 0.0012
2.5500 0.0011
2.5600 0.0011
2.5700 0.0011
2.5800 0.0010
2.5900 0.0010
2.6000 0.0010
2.6100 0.0009
2.6200 0.0009
2.6300 0.0009
2.6400 0.0009
2.6500 0.0008
2.6600 0.0008
2.6700 0.0008
2.6800 0.0008
2.6900 0.0007
2.7000 0.0007
2.7100 0.0007
2.7200 0.0007
2.7300 0.0007
2.7400 0.0006
2.7500 0.0006
2.7600 0.0006
2.7700 0.0006
2.7800 0.0006
2.7900 0.0005
2.8000 0.0005
2.8100 0.0005
2.8200 0.0005
2.8300 0.0005
2.8400 0.0005
2.8500 0.0005
2.8600 0.0004
2.8700 0.0004
2.8800 0.0004
2.8900 0.0004
2.9000 0.0004
2.9100 0.0004
2.9200 0.0004
2.9300 0.0004
2.9400 0.0003
2.9500 0.0003
2.9600 0.0003
2.9700 0.0003
2.9800 0.0003
2.9900 0.0003
3.0000 0.0003
3.0100 0.0003
3.0200 0.0003
3.0300 0.0003
3.0400 0.0003
3.0500 0.0003
3.0600 0.0002
3.0700 0.0002
3.0800 0.0002
3.0900 0.0002
3.1000 0.0002
3.1100 0.0002
3.1200 0.0002
3.1300 0.0002
3.1400 0.0002
3.1500 0.0002
3.1600 0.0002
3.1700 0.0002
3.1800 0.0002
3.1900 0.0002
3.2000 0.0002
3.2100 0.0002
3.2200 0.0002
3.2300 0.0001
3.2400 0.0001
3.2500 0.0001
3.2600 0.0001
3.2700 0.0001
3.2800 0.0001
3.2900 0.0001
3.3000 0.0001
3.3100 0.0001
3.3200 0.0001
3.3300 0.0001
3.3400 0.0001
3.3500 0.0001
3.3600 0.0001
3.3700 0.0001
3.3800 0.0001
3.3900 0.0001
3.4000 0.0001
3.4100 0.0001
3.4200 0.0001
3.4300 0.0001
3.4400 0.0001
3.4500 0.0001
3.4600 0.0001
3.4700 0.0001
3.4800 0.0001
3.4900 0.0001
3.5000 0.0001
3.5100 0.0001
3.5200 0.0001
3.5300 0.0001
3.5400 0.0001
3.5500 0.0001
3.5600 0.0001
3.5700 0.0001
3.5800 0.0001
3.5900 0.0000
3.6000 0.0000
3.6100 0.0000
3.6200 0.0000
3.6300 0.0000
3.6400 0.0000
3.6500 0.0000
3.6600 0.0000
3.6700 0.0000
3.6800 0.0000
3.6900 0.0000
3.7000 0.0000
3.7100 0.0000
3.7200 0.0000
3.7300 0.0000
3.7400 0.0000
3.7500 0.0000
3.7600 0.0000
3.7700 0.0000
3.7800 0.0000
3.7900 0.0000
3.8000 0.0000
3.8100 0.0000
3.8200 0.0000
3.8300 0.0000
3.8400 0.0000
3.8500 0.0000
3.8600 0.0000
3.8700 0.0000
3.8800 0.0000
3.8900 0.0000
3.9000 0.0000
3.9100 0.0000
3.9200 0.0000
3.9300 0.0000
3.9400 0.0000
3.9500 0.0000
3.9600 0.0000
3.9700 0.0000
3.9800 0.0000
3.9900 0.0000
4.0000 0.0000
4.0100 0.0000
4.0200 0.0000
4.0300 0.0000
4.0400 0.0000
4.0500 0.0000
4.0600 0.0000
4.0700 0.0000
4.0800 0.0000
4.0900 0.0000
4.1000 0.0000
4.1100 0.0000
4.1200 0.0000
4.1300 0.0000
4.1400 0.0000
4.1500 0.0000
4.1600 0.0000
4.1700 0.0000
4.1800 0.0000
4.1900 0.0000
4.2000 0.0000
4.2100 0.0000
4.2200 0.0000
4.2300 0.0000
4.2400 0.0000
4.2500 0.0000
4.2600 0.0000
4.2700 0.0000
4.2800 0.0000
