1.0000 0.0000
2.0000 0.0000
3.0000 0.0000
4.0000 0.0000
5.0000 0.0000
6.0000 0.0000
7.0000 0.1367
8.0000 0.2365
9.0000 0.3049
10.0000 0.3477
11.0000 0.3700
12.0000 0.3766
13.0000 0.3720
14.0000 0.3603
15.0000 0.3451
16.0000 0.3294
17.0000 0.3153
18.0000 0.3046
19.0000 0.2981
20.0000 0.2965
21.0000 0.2999
22.0000 0.3078
23.0000 0.3197
24.0000 0.3346
25.0000 0.3514
26.0000 0.3690
27.0000 0.3862
28.0000 0.4022
29.0000 0.4161
30.0000 0.4276
31.0000 0.4363
32.0000 0.4423
33.0000 0.4457
34.0000 0.4470
35.0000 0.4465
36.0000 0.4448
37.0000 0.4423
38.0000 0.4394
39.0000 0.4367
40.0000 0.4345
41.0000 0.4330
42.0000 0.4324
43.0000 0.4327
44.0000 0.4341
45.0000 0.4363
46.0000 0.4393
47.0000 0.4428
48.0000 0.4466
49.0000 0.4506
50.0000 0.4544
51.0000 0.4579
52.0000 0.4610
53.0000 0.4635
54.0000 0.4653
55.0000 0.4665
56.0000 0.4671
57.0000 0.4671
58.0000 0.4667
59.0000 0.4660
60.0000 0.4650
61.0000 0.4639
62.0000 0.4629
63.0000 0.4619
64.0000 0.4612
65.0000 0.4608
66.0000 0.4606
67.0000 0.4607
68.0000 0.4612
69.0000 0.4618
70.0000 0.4626
71.0000 0.4636
72.0000 0.4646
73.0000 0.4657
74.0000 0.4666
75.0000 0.4674
76.0000 0.4681
77.0000 0.4686
78.0000 0.4689
79.0000 0.4690
80.0000 0.4690
81.0000 0.4688
82.0000 0.4685
83.0000 0.4682
84.0000 0.4678
85.0000 0.4674
86.0000 0.4670
87.0000 0.4668
88.0000 0.4666
89.0000 0.4664
90.0000 0.4664
91.0000 0.4665
92.0000 0.4666
93.0000 0.4669
94.0000 0.4671
95.0000 0.4674
96.0000 0.4677
97.0000 0.4679
98.0000 0.4682
99.0000 0.4684
100.0000 0.4685
101.0000 0.4686
102.0000 0.4687
103.0000 0.4686
104.0000 0.4686
105.0000 0.4685
106.0000 0.4684
107.0000 0.4682
108.0000 0.4681
109.0000 0.4680
110.0000 0.4679
111.0000 0.4678
112.0000 0.4678
113.0000 0.4678
114.0000 0.4678
115.0000 0.4678
116.0000 0.4678
117.0000 0.4679
118.0000 0.4680
119.0000 0.4681
120.0000 0.4682
121.0000 0.4682
122.0000 0.4683
123.0000 0.4683
124.0000 0.4684
125.0000 0.4684
126.0000 0.4684
127.0000 0.4684
128.0000 0.4683
129.0000 0.4683
130.0000 0.4683
131.0000 0.4682
132.0000 0.4682
133.0000 0.4681
134.0000 0.4681
135.0000 0.4681
136.0000 0.4681
137.0000 0.4681
138.0000 0.4681
139.0000 0.4681
140.0000 0.4681
141.0000 0.4681
142.0000 0.4682
143.0000 0.4682
144.0000 0.4682
145.0000 0.4682
146.0000 0.4683
147.0000 0.4683
148.0000 0.4683
149.0000 0.4683
150.0000 0.4683
151.0000 0.4683
152.0000 0.4682
153.0000 0.4682
154.0000 0.4682
155.0000 0.4682
156.0000 0.4682
157.0000 0.4682
158.0000 0.4682
159.0000 0.4682
160.0000 0.4682
161.0000 0.4682
162.0000 0.4682
163.0000 0.4682
164.0000 0.4682
165.0000 0.4682
166.0000 0.4682
167.0000 0.4682
168.0000 0.4682
169.0000 0.4682
170.0000 0.4682
171.0000 0.4682
172.0000 0.4682
173.0000 0.4682
174.0000 0.4682
175.0000 0.4682
176.0000 0.4682
177.0000 0.4682
178.0000 0.4682
179.0000 0.4682
180.0000 0.4682
181.0000 0.4682
182.0000 0.4682
183.0000 0.4682
184.0000 0.4682
185.0000 0.4682
186.0000 0.4682
187.0000 0.4682
188.0000 0.4682
189.0000 0.4682
190.0000 0.4682
191.0000 0.4682
192.0000 0.4682
193.0000 0.4682
194.0000 0.4682
195.0000 0.4682
196.0000 0.4682
197.0000 0.4682
198.0000 0.4682
199.0000 0.4682
200.0000 0.4682
201.0000 0.4682
202.0000 0.4682
203.0000 0.4682
204.0000 0.4682
205.0000 0.4682
206.0000 0.4682
207.0000 0.4682
208.0000 0.4682
209.0000 0.4682
210.0000 0.4682
211.0000 0.4682
212.0000 0.4682
213.0000 0.4682
214.0000 0.4682
215.0000 0.4682
216.0000 0.4682
217.0000 0.4682
218.0000 0.4682
219.0000 0.4682
220.0000 0.4682
221.0000 0.4682
222.0000 0.4682
223.0000 0.4682
224.0000 0.4682
225.0000 0.4682
226.0000 0.4682
227.0000 0.4682
228.0000 0.4682
229.0000 0.4682
230.0000 0.4682
231.0000 0.4682
232.0000 0.4682
233.0000 0.4682
234.0000 0.4682
235.0000 0.4682
236.0000 0.4682
237.0000 0.4682
238.0000 0.4682
239.0000 0.4682
240.0000 0.4682
241.0000 0.4682
242.0000 0.4682
243.0000 0.4682
244.0000 0.4682
245.0000 0.4682
246.0000 0.4682
247.0000 0.4682
248.0000 0.4682
249.0000 0.4682
250.0000 0.4682
251.0000 0.7417
252.0000 0.9411
253.0000 1.0000
254.0000 1.0000
255.0000 1.0000
256.0000 1.0000
257.0000 0.9881
258.0000 0.9566
259.0000 0.9114
260.0000 0.8590
261.0000 0.8054
262.0000 0.7552
263.0000 0.7116
264.0000 0.6765
265.0000 0.6510
266.0000 0.6358
267.0000 0.6309
268.0000 0.6363
269.0000 0.6511
270.0000 0.6743
271.0000 0.7044
272.0000 0.7394
273.0000 0.7769
274.0000 0.8148
275.0000 0.8508
276.0000 0.8828
277.0000 0.9094
278.0000 0.9294
279.0000 0.9422
280.0000 0.9478
281.0000 0.9466
282.0000 0.9391
283.0000 0.9264
284.0000 0.9095
285.0000 0.8897
286.0000 0.8682
287.0000 0.8461
288.0000 0.8246
289.0000 0.8048
290.0000 0.7875
291.0000 0.7733
292.0000 0.7629
293.0000 0.7566
294.0000 0.7545
295.0000 0.7565
296.0000 0.7623
297.0000 0.7713
298.0000 0.7831
299.0000 0.7966
300.0000 0.8112
301.0000 0.8259
302.0000 0.8398
303.0000 0.8523
304.0000 0.8627
305.0000 0.8705
306.0000 0.8755
307.0000 0.8777
308.0000 0.8771
309.0000 0.8740
310.0000 0.8686
311.0000 0.8615
312.0000 0.8531
313.0000 0.8440
314.0000 0.8347
315.0000 0.8257
316.0000 0.8173
317.0000 0.8101
318.0000 0.8043
319.0000 0.8001
320.0000 0.7977
321.0000 0.7971
322.0000 0.7982
323.0000 0.8008
324.0000 0.8048
325.0000 0.8098
326.0000 0.8155
327.0000 0.8215
328.0000 0.8275
329.0000 0.8332
330.0000 0.8383
331.0000 0.8425
332.0000 0.8457
333.0000 0.8478
334.0000 0.8486
335.0000 0.8484
336.0000 0.8470
337.0000 0.8448
338.0000 0.8418
339.0000 0.8383
340.0000 0.8345
341.0000 0.8306
342.0000 0.8268
343.0000 0.8234
344.0000 0.8204
345.0000 0.8180
346.0000 0.8163
347.0000 0.8154
348.0000 0.8152
349.0000 0.8157
350.0000 0.8168
351.0000 0.8185
352.0000 0.8206
353.0000 0.8230
354.0000 0.8255
355.0000 0.8280
356.0000 0.8304
357.0000 0.8325
358.0000 0.8342
359.0000 0.8355
360.0000 0.8363
361.0000 0.8367
362.0000 0.8365
363.0000 0.8360
364.0000 0.8350
365.0000 0.8338
366.0000 0.8323
367.0000 0.8307
368.0000 0.8291
369.0000 0.8275
370.0000 0.8261
371.0000 0.8249
372.0000 0.8239
373.0000 0.8232
374.0000 0.8228
375.0000 0.8228
376.0000 0.8230
377.0000 0.8235
378.0000 0.8242
379.0000 0.8251
380.0000 0.8261
381.0000 0.8272
382.0000 0.8282
383.0000 0.8292
384.0000 0.8300
385.0000 0.8307
386.0000 0.8313
387.0000 0.8316
388.0000 0.8317
389.0000 0.8317
390.0000 0.8314
391.0000 0.8310
392.0000 0.8305
393.0000 0.8299
394.0000 0.8292
395.0000 0.8285
396.0000 0.8279
397.0000 0.8273
398.0000 0.8268
399.0000 0.8264
400.0000 0.8261
401.0000 0.8260
402.0000 0.8259
403.0000 0.8260
404.0000 0.8263
405.0000 0.8266
406.0000 0.8269
407.0000 0.8274
408.0000 0.8278
409.0000 0.8282
410.0000 0.8286
411.0000 0.8290
412.0000 0.8293
413.0000 0.8295
414.0000 0.8296
415.0000 0.8297
416.0000 0.8296
417.0000 0.8295
418.0000 0.8294
419.0000 0.8291
420.0000 0.8289
421.0000 0.8286
422.0000 0.8283
423.0000 0.8281
424.0000 0.8278
425.0000 0.8276
426.0000 0.8274
427.0000 0.8273
428.0000 0.8273
429.0000 0.8273
430.0000 0.8273
431.0000 0.8274
432.0000 0.8275
433.0000 0.8277
434.0000 0.8279
435.0000 0.8280
436.0000 0.8282
437.0000 0.8284
438.0000 0.8285
439.0000 0.8287
440.0000 0.8287
441.0000 0.8288
442.0000 0.8288
443.0000 0.8288
444.0000 0.8288
445.0000 0.8287
446.0000 0.8286
447.0000 0.8285
448.0000 0.8284
449.0000 0.8282
450.0000 0.8281
451.0000 0.8280
452.0000 0.8279
453.0000 0.8279
454.0000 0.8278
455.0000 0.8278
456.0000 0.8278
457.0000 0.8278
458.0000 0.8279
459.0000 0.8279
460.0000 0.8280
461.0000 0.8281
462.0000 0.8281
463.0000 0.8282
464.0000 0.8283
465.0000 0.8283
466.0000 0.8284
467.0000 0.8284
468.0000 0.8284
469.0000 0.8285
470.0000 0.8284
471.0000 0.8284
472.0000 0.8284
473.0000 0.8284
474.0000 0.8283
475.0000 0.8283
476.0000 0.8282
477.0000 0.8282
478.0000 0.8281
479.0000 0.8281
480.0000 0.8281
481.0000 0.8280
482.0000 0.8280
483.0000 0.8280
484.0000 0.8280
485.0000 0.8281
486.0000 0.8281
487.0000 0.8281
488.0000 0.8281
489.0000 0.8282
490.0000 0.8282
491.0000 0.8282
492.0000 0.8283
493.0000 0.8283
494.0000 0.8283
495.0000 0.8283
496.0000 0.8283
497.0000 0.8283
498.0000 0.8283
499.0000 0.8283
500.0000 0.8283
501.0000 0.6915
502.0000 0.5918
503.0000 0.5233
504.0000 0.4805
505.0000 0.4581
506.0000 0.4515
507.0000 0.4583
508.0000 0.4775
509.0000 0.5079
510.0000 0.5477
511.0000 0.5940
512.0000 0.6433
513.0000 0.6917
514.0000 0.7357
515.0000 0.7727
516.0000 0.8005
517.0000 0.8182
518.0000 0.8257
519.0000 0.8234
520.0000 0.8127
521.0000 0.7949
522.0000 0.7717
523.0000 0.7451
524.0000 0.7167
525.0000 0.6881
526.0000 0.6610
527.0000 0.6367
528.0000 0.6162
529.0000 0.6003
530.0000 0.5897
531.0000 0.5847
532.0000 0.5851
533.0000 0.5908
534.0000 0.6010
535.0000 0.6148
536.0000 0.6313
537.0000 0.6492
538.0000 0.6672
539.0000 0.6842
540.0000 0.6992
541.0000 0.7114
542.0000 0.7201
543.0000 0.7253
544.0000 0.7268
545.0000 0.7249
546.0000 0.7199
547.0000 0.7125
548.0000 0.7033
549.0000 0.6928
550.0000 0.6820
551.0000 0.6712
552.0000 0.6613
553.0000 0.6527
554.0000 0.6458
555.0000 0.6408
556.0000 0.6380
557.0000 0.6373
558.0000 0.6386
559.0000 0.6418
560.0000 0.6465
561.0000 0.6523
562.0000 0.6587
563.0000 0.6654
564.0000 0.6720
565.0000 0.6779
566.0000 0.6830
567.0000 0.6869
568.0000 0.6895
569.0000 0.6908
570.0000 0.6908
571.0000 0.6896
572.0000 0.6873
573.0000 0.6842
574.0000 0.6805
575.0000 0.6765
576.0000 0.6725
577.0000 0.6686
578.0000 0.6651
579.0000 0.6622
580.0000 0.6600
581.0000 0.6586
582.0000 0.6579
583.0000 0.6581
584.0000 0.6590
585.0000 0.6605
586.0000 0.6625
587.0000 0.6647
588.0000 0.6672
589.0000 0.6697
590.0000 0.6720
591.0000 0.6740
592.0000 0.6757
593.0000 0.6769
594.0000 0.6777
595.0000 0.6779
596.0000 0.6777
597.0000 0.6770
598.0000 0.6760
599.0000 0.6748
600.0000 0.6733
601.0000 0.6718
602.0000 0.6703
603.0000 0.6690
604.0000 0.6678
605.0000 0.6668
606.0000 0.6661
607.0000 0.6658
608.0000 0.6657
609.0000 0.6659
610.0000 0.6663
611.0000 0.6670
612.0000 0.6678
613.0000 0.6687
614.0000 0.6696
615.0000 0.6705
616.0000 0.6713
617.0000 0.6720
618.0000 0.6725
619.0000 0.6729
620.0000 0.6731
621.0000 0.6731
622.0000 0.6729
623.0000 0.6726
624.0000 0.6722
625.0000 0.6717
626.0000 0.6711
627.0000 0.6706
628.0000 0.6700
629.0000 0.6696
630.0000 0.6692
631.0000 0.6689
632.0000 0.6687
633.0000 0.6686
634.0000 0.6686
635.0000 0.6687
636.0000 0.6689
637.0000 0.6692
638.0000 0.6695
639.0000 0.6699
640.0000 0.6702
641.0000 0.6705
642.0000 0.6708
643.0000 0.6710
644.0000 0.6712
645.0000 0.6713
646.0000 0.6713
647.0000 0.6713
648.0000 0.6712
649.0000 0.6711
650.0000 0.6709
651.0000 0.6707
652.0000 0.6705
653.0000 0.6703
654.0000 0.6701
655.0000 0.6699
656.0000 0.6698
657.0000 0.6697
658.0000 0.6697
659.0000 0.6697
660.0000 0.6697
661.0000 0.6698
662.0000 0.6698
663.0000 0.6700
664.0000 0.6701
665.0000 0.6702
666.0000 0.6703
667.0000 0.6704
668.0000 0.6705
669.0000 0.6706
670.0000 0.6707
671.0000 0.6707
672.0000 0.6707
673.0000 0.6707
674.0000 0.6706
675.0000 0.6706
676.0000 0.6705
677.0000 0.6704
678.0000 0.6703
679.0000 0.6703
680.0000 0.6702
681.0000 0.6701
682.0000 0.6701
683.0000 0.6701
684.0000 0.6701
685.0000 0.6701
686.0000 0.6701
687.0000 0.6701
688.0000 0.6701
689.0000 0.6702
690.0000 0.6702
691.0000 0.6703
692.0000 0.6703
693.0000 0.6704
694.0000 0.6704
695.0000 0.6704
696.0000 0.6704
697.0000 0.6704
698.0000 0.6704
699.0000 0.6704
700.0000 0.6704
701.0000 0.6704
702.0000 0.6703
703.0000 0.6703
704.0000 0.6703
705.0000 0.6703
706.0000 0.6702
707.0000 0.6702
708.0000 0.6702
709.0000 0.6702
710.0000 0.6702
711.0000 0.6702
712.0000 0.6702
713.0000 0.6702
714.0000 0.6702
715.0000 0.6703
716.0000 0.6703
717.0000 0.6703
718.0000 0.6703
719.0000 0.6703
720.0000 0.6703
721.0000 0.6703
722.0000 0.6703
723.0000 0.6703
724.0000 0.6703
725.0000 0.6703
726.0000 0.6703
727.0000 0.6703
728.0000 0.6703
729.0000 0.6703
730.0000 0.6703
731.0000 0.6703
732.0000 0.6703
733.0000 0.6703
734.0000 0.6703
735.0000 0.6703
736.0000 0.6703
737.0000 0.6703
738.0000 0.6703
739.0000 0.6703
740.0000 0.6703
741.0000 0.6703
742.0000 0.6703
743.0000 0.6703
744.0000 0.6703
745.0000 0.6703
746.0000 0.6703
747.0000 0.6703
748.0000 0.6703
749.0000 0.6703
750.0000 0.6703
751.0000 0.3695
752.0000 0.1501
753.0000 -0.0005
754.0000 -0.0947
755.0000 -0.1438
756.0000 -0.1583
757.0000 -0.1419
758.0000 -0.0942
759.0000 -0.0198
760.0000 0.0687
761.0000 0.1558
762.0000 0.2290
763.0000 0.2804
764.0000 0.3075
765.0000 0.3116
766.0000 0.2967
767.0000 0.2680
768.0000 0.2305
769.0000 0.1893
770.0000 0.1482
771.0000 0.1106
772.0000 0.0788
773.0000 0.0543
774.0000 0.0380
775.0000 0.0297
776.0000 0.0287
777.0000 0.0335
778.0000 0.0421
779.0000 0.0523
780.0000 0.0621
781.0000 0.0699
782.0000 0.0747
783.0000 0.0759
784.0000 0.0737
785.0000 0.0685
786.0000 0.0611
787.0000 0.0522
788.0000 0.0428
789.0000 0.0335
790.0000 0.0250
791.0000 0.0177
792.0000 0.0116
793.0000 0.0069
794.0000 0.0033
795.0000 0.0007
796.0000 -0.0013
797.0000 -0.0030
798.0000 -0.0046
799.0000 -0.0065
800.0000 -0.0088
801.0000 -0.0115
802.0000 -0.0146
803.0000 -0.0180
804.0000 -0.0217
805.0000 -0.0255
806.0000 -0.0294
807.0000 -0.0332
808.0000 -0.0370
809.0000 -0.0405
810.0000 -0.0439
811.0000 -0.0471
812.0000 -0.0502
813.0000 -0.0533
814.0000 -0.0562
815.0000 -0.0591
816.0000 -0.0620
817.0000 -0.0649
818.0000 -0.0678
819.0000 -0.0707
820.0000 -0.0736
821.0000 -0.0765
822.0000 -0.0795
823.0000 -0.0824
824.0000 -0.0853
825.0000 -0.0882
826.0000 -0.0910
827.0000 -0.0939
828.0000 -0.0967
829.0000 -0.0994
830.0000 -0.1022
831.0000 -0.1049
832.0000 -0.1077
833.0000 -0.1104
834.0000 -0.1131
835.0000 -0.1158
836.0000 -0.1184
837.0000 -0.1211
838.0000 -0.1237
839.0000 -0.1264
840.0000 -0.1290
841.0000 -0.1316
842.0000 -0.1342
843.0000 -0.1368
844.0000 -0.1394
845.0000 -0.1419
846.0000 -0.1445
847.0000 -0.1470
848.0000 -0.1495
849.0000 -0.1520
850.0000 -0.1545
851.0000 -0.1570
852.0000 -0.1595
853.0000 -0.1620
854.0000 -0.1644
855.0000 -0.1669
856.0000 -0.1693
857.0000 -0.1718
858.0000 -0.1742
859.0000 -0.1766
860.0000 -0.1790
861.0000 -0.1814
862.0000 -0.1838
863.0000 -0.1862
864.0000 -0.1885
865.0000 -0.1909
866.0000 -0.1933
867.0000 -0.1956
868.0000 -0.1979
869.0000 -0.2003
870.0000 -0.2026
871.0000 -0.2049
872.0000 -0.2072
873.0000 -0.2095
874.0000 -0.2118
875.0000 -0.2141
876.0000 -0.2164
877.0000 -0.2186
878.0000 -0.2209
879.0000 -0.2232
880.0000 -0.2254
881.0000 -0.2277
882.0000 -0.2299
883.0000 -0.2321
884.0000 -0.2344
885.0000 -0.2366
886.0000 -0.2388
887.0000 -0.2410
888.0000 -0.2432
889.0000 -0.2454
890.0000 -0.2476
891.0000 -0.2498
892.0000 -0.2519
893.0000 -0.2541
894.0000 -0.2563
895.0000 -0.2585
896.0000 -0.2606
897.0000 -0.2628
898.0000 -0.2649
899.0000 -0.2670
900.0000 -0.2692
901.0000 -0.2713
902.0000 -0.2734
903.0000 -0.2756
904.0000 -0.2777
905.0000 -0.2798
906.0000 -0.2819
907.0000 -0.2840
908.0000 -0.2861
909.0000 -0.2882
910.0000 -0.2903
911.0000 -0.2923
912.0000 -0.2944
913.0000 -0.2965
914.0000 -0.2986
915.0000 -0.3006
916.0000 -0.3027
917.0000 -0.3047
918.0000 -0.3068
919.0000 -0.3088
920.0000 -0.3109
921.0000 -0.3129
922.0000 -0.3149
923.0000 -0.3170
924.0000 -0.3190
925.0000 -0.3210
926.0000 -0.3230
927.0000 -0.3250
928.0000 -0.3270
929.0000 -0.3291
930.0000 -0.3311
931.0000 -0.3330
932.0000 -0.3350
933.0000 -0.3370
934.0000 -0.3390
935.0000 -0.3410
936.0000 -0.3430
937.0000 -0.3449
938.0000 -0.3469
939.0000 -0.3489
940.0000 -0.3508
941.0000 -0.3528
942.0000 -0.3548
943.0000 -0.3567
944.0000 -0.3586
945.0000 -0.3606
946.0000 -0.3625
947.0000 -0.3645
948.0000 -0.3664
949.0000 -0.3683
950.0000 -0.3703
951.0000 -0.3722
952.0000 -0.3741
953.0000 -0.3760
954.0000 -0.3779
955.0000 -0.3798
956.0000 -0.3817
957.0000 -0.3836
958.0000 -0.3855
959.0000 -0.3874
960.0000 -0.3893
961.0000 -0.3912
962.0000 -0.3931
963.0000 -0.3950
964.0000 -0.3969
965.0000 -0.3987
966.0000 -0.4006
967.0000 -0.4025
968.0000 -0.4043
969.0000 -0.4062
970.0000 -0.4081
971.0000 -0.4099
972.0000 -0.4118
973.0000 -0.4136
974.0000 -0.4155
975.0000 -0.4173
976.0000 -0.4191
977.0000 -0.4210
978.0000 -0.4228
979.0000 -0.4246
980.0000 -0.4265
981.0000 -0.4283
982.0000 -0.4301
983.0000 -0.4319
984.0000 -0.4337
985.0000 -0.4356
986.0000 -0.4374
987.0000 -0.4392
988.0000 -0.4410
989.0000 -0.4428
990.0000 -0.4446
991.0000 -0.4464
992.0000 -0.4482
993.0000 -0.4499
994.0000 -0.4517
995.0000 -0.4535
996.0000 -0.4553
997.0000 -0.4571
998.0000 -0.4588
999.0000 -0.4606
1000.0000 -0.4624
