1.0000 0.0000
2.0000 0.0000
3.0000 0.0000
4.0000 0.0000
5.0000 0.0000
6.0000 0.0000
7.0000 0.2630
8.0000 0.3140
9.0000 0.3140
10.0000 0.3031
11.0000 0.2910
12.0000 0.2802
13.0000 0.2715
14.0000 0.2658
15.0000 0.2639
16.0000 0.2658
17.0000 0.2714
18.0000 0.2800
19.0000 0.2909
20.0000 0.3032
21.0000 0.3162
22.0000 0.3290
23.0000 0.3411
24.0000 0.3522
25.0000 0.3621
26.0000 0.3707
27.0000 0.3781
28.0000 0.3844
29.0000 0.3898
30.0000 0.3944
31.0000 0.3985
32.0000 0.4021
33.0000 0.4055
34.0000 0.4087
35.0000 0.4118
36.0000 0.4149
37.0000 0.4179
38.0000 0.4209
39.0000 0.4239
40.0000 0.4268
41.0000 0.4296
42.0000 0.4324
43.0000 0.4350
44.0000 0.4374
45.0000 0.4397
46.0000 0.4418
47.0000 0.4438
48.0000 0.4455
49.0000 0.4472
50.0000 0.4486
51.0000 0.4500
52.0000 0.4512
53.0000 0.4523
54.0000 0.4533
55.0000 0.4543
56.0000 0.4552
57.0000 0.4560
58.0000 0.4568
59.0000 0.4575
60.0000 0.4581
61.0000 0.4588
62.0000 0.4594
63.0000 0.4600
64.0000 0.4606
65.0000 0.4611
66.0000 0.4616
67.0000 0.4621
68.0000 0.4626
69.0000 0.4630
70.0000 0.4634
71.0000 0.4637
72.0000 0.4640
73.0000 0.4643
74.0000 0.4646
75.0000 0.4648
76.0000 0.4650
77.0000 0.4653
78.0000 0.4654
79.0000 0.4656
80.0000 0.4658
81.0000 0.4660
82.0000 0.4661
83.0000 0.4662
84.0000 0.4664
85.0000 0.4665
86.0000 0.4666
87.0000 0.4667
88.0000 0.4668
89.0000 0.4669
90.0000 0.4670
91.0000 0.4671
92.0000 0.4672
93.0000 0.4673
94.0000 0.4673
95.0000 0.4674
96.0000 0.4674
97.0000 0.4675
98.0000 0.4675
99.0000 0.4676
100.0000 0.4676
101.0000 0.4677
102.0000 0.4677
103.0000 0.4677
104.0000 0.4678
105.0000 0.4678
106.0000 0.4678
107.0000 0.4679
108.0000 0.4679
109.0000 0.4679
110.0000 0.4679
111.0000 0.4679
112.0000 0.4680
113.0000 0.4680
114.0000 0.4680
115.0000 0.4680
116.0000 0.4680
117.0000 0.4680
118.0000 0.4681
119.0000 0.4681
120.0000 0.4681
121.0000 0.4681
122.0000 0.4681
123.0000 0.4681
124.0000 0.4681
125.0000 0.4681
126.0000 0.4681
127.0000 0.4681
128.0000 0.4681
129.0000 0.4681
130.0000 0.4681
131.0000 0.4681
132.0000 0.4682
133.0000 0.4682
134.0000 0.4682
135.0000 0.4682
136.0000 0.4682
137.0000 0.4682
138.0000 0.4682
139.0000 0.4682
140.0000 0.4682
141.0000 0.4682
142.0000 0.4682
143.0000 0.4682
144.0000 0.4682
145.0000 0.4682
146.0000 0.4682
147.0000 0.4682
148.0000 0.4682
149.0000 0.4682
150.0000 0.4682
151.0000 0.4682
152.0000 0.4682
153.0000 0.4682
154.0000 0.4682
155.0000 0.4682
156.0000 0.4682
157.0000 0.4682
158.0000 0.4682
159.0000 0.4682
160.0000 0.4682
161.0000 0.4682
162.0000 0.4682
163.0000 0.4682
164.0000 0.4682
165.0000 0.4682
166.0000 0.4682
167.0000 0.4682
168.0000 0.4682
169.0000 0.4682
170.0000 0.4682
171.0000 0.4682
172.0000 0.4682
173.0000 0.4682
174.0000 0.4682
175.0000 0.4682
176.0000 0.4682
177.0000 0.4682
178.0000 0.4682
179.0000 0.4682
180.0000 0.4682
181.0000 0.4682
182.0000 0.4682
183.0000 0.4682
184.0000 0.4682
185.0000 0.4682
186.0000 0.4682
187.0000 0.4682
188.0000 0.4682
189.0000 0.4682
190.0000 0.4682
191.0000 0.4682
192.0000 0.4682
193.0000 0.4682
194.0000 0.4682
195.0000 0.4682
196.0000 0.4682
197.0000 0.4682
198.0000 0.4682
199.0000 0.4682
200.0000 0.4682
201.0000 0.4682
202.0000 0.4682
203.0000 0.4682
204.0000 0.4682
205.0000 0.4682
206.0000 0.4682
207.0000 0.4682
208.0000 0.4682
209.0000 0.4682
210.0000 0.4682
211.0000 0.4682
212.0000 0.4682
213.0000 0.4682
214.0000 0.4682
215.0000 0.4682
216.0000 0.4682
217.0000 0.4682
218.0000 0.4682
219.0000 0.4682
220.0000 0.4682
221.0000 0.4682
222.0000 0.4682
223.0000 0.4682
224.0000 0.4682
225.0000 0.4682
226.0000 0.4682
227.0000 0.4682
228.0000 0.4682
229.0000 0.4682
230.0000 0.4682
231.0000 0.4682
232.0000 0.4682
233.0000 0.4682
234.0000 0.4682
235.0000 0.4682
236.0000 0.4682
237.0000 0.4682
238.0000 0.4682
239.0000 0.4682
240.0000 0.4682
241.0000 0.4682
242.0000 0.4682
243.0000 0.4682
244.0000 0.4682
245.0000 0.4682
246.0000 0.4682
247.0000 0.4682
248.0000 0.4682
249.0000 0.4682
250.0000 0.4682
251.0000 0.9943
252.0000 1.0000
253.0000 1.0000
254.0000 0.9781
255.0000 0.9540
256.0000 0.9323
257.0000 0.9075
258.0000 0.8813
259.0000 0.8564
260.0000 0.8338
261.0000 0.8141
262.0000 0.7976
263.0000 0.7846
264.0000 0.7752
265.0000 0.7694
266.0000 0.7670
267.0000 0.7678
268.0000 0.7713
269.0000 0.7771
270.0000 0.7845
271.0000 0.7929
272.0000 0.8018
273.0000 0.8107
274.0000 0.8191
275.0000 0.8265
276.0000 0.8328
277.0000 0.8379
278.0000 0.8415
279.0000 0.8439
280.0000 0.8449
281.0000 0.8449
282.0000 0.8440
283.0000 0.8423
284.0000 0.8401
285.0000 0.8376
286.0000 0.8350
287.0000 0.8323
288.0000 0.8298
289.0000 0.8276
290.0000 0.8257
291.0000 0.8242
292.0000 0.8231
293.0000 0.8225
294.0000 0.8222
295.0000 0.8223
296.0000 0.8227
297.0000 0.8233
298.0000 0.8241
299.0000 0.8250
300.0000 0.8259
301.0000 0.8269
302.0000 0.8277
303.0000 0.8284
304.0000 0.8289
305.0000 0.8294
306.0000 0.8297
307.0000 0.8299
308.0000 0.8300
309.0000 0.8300
310.0000 0.8299
311.0000 0.8297
312.0000 0.8294
313.0000 0.8292
314.0000 0.8289
315.0000 0.8286
316.0000 0.8284
317.0000 0.8282
318.0000 0.8280
319.0000 0.8278
320.0000 0.8277
321.0000 0.8276
322.0000 0.8276
323.0000 0.8276
324.0000 0.8277
325.0000 0.8277
326.0000 0.8278
327.0000 0.8279
328.0000 0.8280
329.0000 0.8280
330.0000 0.8281
331.0000 0.8282
332.0000 0.8283
333.0000 0.8283
334.0000 0.8284
335.0000 0.8284
336.0000 0.8284
337.0000 0.8284
338.0000 0.8284
339.0000 0.8284
340.0000 0.8283
341.0000 0.8283
342.0000 0.8283
343.0000 0.8283
344.0000 0.8282
345.0000 0.8282
346.0000 0.8282
347.0000 0.8282
348.0000 0.8282
349.0000 0.8281
350.0000 0.8281
351.0000 0.8281
352.0000 0.8281
353.0000 0.8281
354.0000 0.8282
355.0000 0.8282
356.0000 0.8282
357.0000 0.8282
358.0000 0.8282
359.0000 0.8282
360.0000 0.8282
361.0000 0.8282
362.0000 0.8282
363.0000 0.8282
364.0000 0.8282
365.0000 0.8282
366.0000 0.8282
367.0000 0.8282
368.0000 0.8282
369.0000 0.8282
370.0000 0.8282
371.0000 0.8282
372.0000 0.8282
373.0000 0.8282
374.0000 0.8282
375.0000 0.8282
376.0000 0.8282
377.0000 0.8282
378.0000 0.8282
379.0000 0.8282
380.0000 0.8282
381.0000 0.8282
382.0000 0.8282
383.0000 0.8282
384.0000 0.8282
385.0000 0.8282
386.0000 0.8282
387.0000 0.8282
388.0000 0.8282
389.0000 0.8282
390.0000 0.8282
391.0000 0.8282
392.0000 0.8282
393.0000 0.8282
394.0000 0.8282
395.0000 0.8282
396.0000 0.8282
397.0000 0.8282
398.0000 0.8282
399.0000 0.8282
400.0000 0.8282
401.0000 0.8282
402.0000 0.8282
403.0000 0.8282
404.0000 0.8282
405.0000 0.8282
406.0000 0.8282
407.0000 0.8282
408.0000 0.8282
409.0000 0.8282
410.0000 0.8282
411.0000 0.8282
412.0000 0.8282
413.0000 0.8282
414.0000 0.8282
415.0000 0.8282
416.0000 0.8282
417.0000 0.8282
418.0000 0.8282
419.0000 0.8282
420.0000 0.8282
421.0000 0.8282
422.0000 0.8282
423.0000 0.8282
424.0000 0.8282
425.0000 0.8282
426.0000 0.8282
427.0000 0.8282
428.0000 0.8282
429.0000 0.8282
430.0000 0.8282
431.0000 0.8282
432.0000 0.8282
433.0000 0.8282
434.0000 0.8282
435.0000 0.8282
436.0000 0.8282
437.0000 0.8282
438.0000 0.8282
439.0000 0.8282
440.0000 0.8282
441.0000 0.8282
442.0000 0.8282
443.0000 0.8282
444.0000 0.8282
445.0000 0.8282
446.0000 0.8282
447.0000 0.8282
448.0000 0.8282
449.0000 0.8282
450.0000 0.8282
451.0000 0.8282
452.0000 0.8282
453.0000 0.8282
454.0000 0.8282
455.0000 0.8282
456.0000 0.8282
457.0000 0.8282
458.0000 0.8282
459.0000 0.8282
460.0000 0.8282
461.0000 0.8282
462.0000 0.8282
463.0000 0.8282
464.0000 0.8282
465.0000 0.8282
466.0000 0.8282
467.0000 0.8282
468.0000 0.8282
469.0000 0.8282
470.0000 0.8282
471.0000 0.8282
472.0000 0.8282
473.0000 0.8282
474.0000 0.8282
475.0000 0.8282
476.0000 0.8282
477.0000 0.8282
478.0000 0.8282
479.0000 0.8282
480.0000 0.8282
481.0000 0.8282
482.0000 0.8282
483.0000 0.8282
484.0000 0.8282
485.0000 0.8282
486.0000 0.8282
487.0000 0.8282
488.0000 0.8282
489.0000 0.8282
490.0000 0.8282
491.0000 0.8282
492.0000 0.8282
493.0000 0.8282
494.0000 0.8282
495.0000 0.8282
496.0000 0.8282
497.0000 0.8282
498.0000 0.8282
499.0000 0.8282
500.0000 0.8282
501.0000 0.5652
502.0000 0.5142
503.0000 0.5142
504.0000 0.5251
505.0000 0.5372
506.0000 0.5480
507.0000 0.5660
508.0000 0.5915
509.0000 0.6208
510.0000 0.6499
511.0000 0.6761
512.0000 0.6981
513.0000 0.7149
514.0000 0.7265
515.0000 0.7329
516.0000 0.7346
517.0000 0.7323
518.0000 0.7270
519.0000 0.7194
520.0000 0.7103
521.0000 0.7006
522.0000 0.6909
523.0000 0.6816
524.0000 0.6733
525.0000 0.6663
526.0000 0.6607
527.0000 0.6567
528.0000 0.6543
529.0000 0.6533
530.0000 0.6535
531.0000 0.6549
532.0000 0.6570
533.0000 0.6597
534.0000 0.6627
535.0000 0.6657
536.0000 0.6686
537.0000 0.6712
538.0000 0.6733
539.0000 0.6749
540.0000 0.6760
541.0000 0.6766
542.0000 0.6767
543.0000 0.6764
544.0000 0.6759
545.0000 0.6750
546.0000 0.6741
547.0000 0.6731
548.0000 0.6720
549.0000 0.6711
550.0000 0.6702
551.0000 0.6695
552.0000 0.6690
553.0000 0.6687
554.0000 0.6686
555.0000 0.6685
556.0000 0.6686
557.0000 0.6688
558.0000 0.6691
559.0000 0.6694
560.0000 0.6697
561.0000 0.6699
562.0000 0.6702
563.0000 0.6704
564.0000 0.6706
565.0000 0.6708
566.0000 0.6708
567.0000 0.6709
568.0000 0.6709
569.0000 0.6708
570.0000 0.6708
571.0000 0.6707
572.0000 0.6706
573.0000 0.6705
574.0000 0.6704
575.0000 0.6703
576.0000 0.6703
577.0000 0.6702
578.0000 0.6702
579.0000 0.6701
580.0000 0.6701
581.0000 0.6701
582.0000 0.6701
583.0000 0.6702
584.0000 0.6702
585.0000 0.6702
586.0000 0.6702
587.0000 0.6703
588.0000 0.6703
589.0000 0.6703
590.0000 0.6703
591.0000 0.6703
592.0000 0.6703
593.0000 0.6703
594.0000 0.6703
595.0000 0.6703
596.0000 0.6703
597.0000 0.6703
598.0000 0.6703
599.0000 0.6703
600.0000 0.6703
601.0000 0.6703
602.0000 0.6703
603.0000 0.6703
604.0000 0.6703
605.0000 0.6703
606.0000 0.6703
607.0000 0.6703
608.0000 0.6703
609.0000 0.6703
610.0000 0.6703
611.0000 0.6703
612.0000 0.6703
613.0000 0.6703
614.0000 0.6703
615.0000 0.6703
616.0000 0.6703
617.0000 0.6703
618.0000 0.6703
619.0000 0.6703
620.0000 0.6703
621.0000 0.6703
622.0000 0.6703
623.0000 0.6703
624.0000 0.6703
625.0000 0.6703
626.0000 0.6703
627.0000 0.6703
628.0000 0.6703
629.0000 0.6703
630.0000 0.6703
631.0000 0.6703
632.0000 0.6703
633.0000 0.6703
634.0000 0.6703
635.0000 0.6703
636.0000 0.6703
637.0000 0.6703
638.0000 0.6703
639.0000 0.6703
640.0000 0.6703
641.0000 0.6703
642.0000 0.6703
643.0000 0.6703
644.0000 0.6703
645.0000 0.6703
646.0000 0.6703
647.0000 0.6703
648.0000 0.6703
649.0000 0.6703
650.0000 0.6703
651.0000 0.6703
652.0000 0.6703
653.0000 0.6703
654.0000 0.6703
655.0000 0.6703
656.0000 0.6703
657.0000 0.6703
658.0000 0.6703
659.0000 0.6703
660.0000 0.6703
661.0000 0.6703
662.0000 0.6703
663.0000 0.6703
664.0000 0.6703
665.0000 0.6703
666.0000 0.6703
667.0000 0.6703
668.0000 0.6703
669.0000 0.6703
670.0000 0.6703
671.0000 0.6703
672.0000 0.6703
673.0000 0.6703
674.0000 0.6703
675.0000 0.6703
676.0000 0.6703
677.0000 0.6703
678.0000 0.6703
679.0000 0.6703
680.0000 0.6703
681.0000 0.6703
682.0000 0.6703
683.0000 0.6703
684.0000 0.6703
685.0000 0.6703
686.0000 0.6703
687.0000 0.6703
688.0000 0.6703
689.0000 0.6703
690.0000 0.6703
691.0000 0.6703
692.0000 0.6703
693.0000 0.6703
694.0000 0.6703
695.0000 0.6703
696.0000 0.6703
697.0000 0.6703
698.0000 0.6703
699.0000 0.6703
700.0000 0.6703
701.0000 0.6703
702.0000 0.6703
703.0000 0.6703
704.0000 0.6703
705.0000 0.6703
706.0000 0.6703
707.0000 0.6703
708.0000 0.6703
709.0000 0.6703
710.0000 0.6703
711.0000 0.6703
712.0000 0.6703
713.0000 0.6703
714.0000 0.6703
715.0000 0.6703
716.0000 0.6703
717.0000 0.6703
718.0000 0.6703
719.0000 0.6703
720.0000 0.6703
721.0000 0.6703
722.0000 0.6703
723.0000 0.6703
724.0000 0.6703
725.0000 0.6703
726.0000 0.6703
727.0000 0.6703
728.0000 0.6703
729.0000 0.6703
730.0000 0.6703
731.0000 0.6703
732.0000 0.6703
733.0000 0.6703
734.0000 0.6703
735.0000 0.6703
736.0000 0.6703
737.0000 0.6703
738.0000 0.6703
739.0000 0.6703
740.0000 0.6703
741.0000 0.6703
742.0000 0.6703
743.0000 0.6703
744.0000 0.6703
745.0000 0.6703
746.0000 0.6703
747.0000 0.6703
748.0000 0.6703
749.0000 0.6703
750.0000 0.6703
751.0000 0.0916
752.0000 -0.0206
753.0000 -0.0206
754.0000 0.0035
755.0000 0.0300
756.0000 0.0539
757.0000 0.1073
758.0000 0.1784
759.0000 0.2424
760.0000 0.2867
761.0000 0.3093
762.0000 0.3134
763.0000 0.3039
764.0000 0.2855
765.0000 0.2625
766.0000 0.2378
767.0000 0.2138
768.0000 0.1920
769.0000 0.1734
770.0000 0.1586
771.0000 0.1475
772.0000 0.1401
773.0000 0.1355
774.0000 0.1330
775.0000 0.1318
776.0000 0.1309
777.0000 0.1298
778.0000 0.1279
779.0000 0.1251
780.0000 0.1214
781.0000 0.1169
782.0000 0.1119
783.0000 0.1065
784.0000 0.1009
785.0000 0.0955
786.0000 0.0902
787.0000 0.0853
788.0000 0.0806
789.0000 0.0762
790.0000 0.0720
791.0000 0.0681
792.0000 0.0642
793.0000 0.0605
794.0000 0.0568
795.0000 0.0531
796.0000 0.0494
797.0000 0.0457
798.0000 0.0420
799.0000 0.0383
800.0000 0.0347
801.0000 0.0310
802.0000 0.0275
803.0000 0.0241
804.0000 0.0207
805.0000 0.0173
806.0000 0.0139
807.0000 0.0106
808.0000 0.0073
809.0000 0.0040
810.0000 0.0007
811.0000 -0.0025
812.0000 -0.0057
813.0000 -0.0089
814.0000 -0.0120
815.0000 -0.0151
816.0000 -0.0182
817.0000 -0.0212
818.0000 -0.0242
819.0000 -0.0272
820.0000 -0.0302
821.0000 -0.0331
822.0000 -0.0360
823.0000 -0.0389
824.0000 -0.0418
825.0000 -0.0446
826.0000 -0.0474
827.0000 -0.0503
828.0000 -0.0530
829.0000 -0.0558
830.0000 -0.0586
831.0000 -0.0613
832.0000 -0.0640
833.0000 -0.0667
834.0000 -0.0694
835.0000 -0.0721
836.0000 -0.0747
837.0000 -0.0773
838.0000 -0.0799
839.0000 -0.0825
840.0000 -0.0851
841.0000 -0.0877
842.0000 -0.0902
843.0000 -0.0928
844.0000 -0.0953
845.0000 -0.0978
846.0000 -0.1003
847.0000 -0.1028
848.0000 -0.1053
849.0000 -0.1077
850.0000 -0.1102
851.0000 -0.1126
852.0000 -0.1150
853.0000 -0.1175
854.0000 -0.1199
855.0000 -0.1222
856.0000 -0.1246
857.0000 -0.1270
858.0000 -0.1294
859.0000 -0.1317
860.0000 -0.1340
861.0000 -0.1364
862.0000 -0.1387
863.0000 -0.1410
864.0000 -0.1433
865.0000 -0.1456
866.0000 -0.1479
867.0000 -0.1501
868.0000 -0.1524
869.0000 -0.1546
870.0000 -0.1569
871.0000 -0.1591
872.0000 -0.1613
873.0000 -0.1636
874.0000 -0.1658
875.0000 -0.1680
876.0000 -0.1702
877.0000 -0.1724
878.0000 -0.1745
879.0000 -0.1767
880.0000 -0.1789
881.0000 -0.1810
882.0000 -0.1832
883.0000 -0.1853
884.0000 -0.1875
885.0000 -0.1896
886.0000 -0.1917
887.0000 -0.1938
888.0000 -0.1960
889.0000 -0.1981
890.0000 -0.2002
891.0000 -0.2023
892.0000 -0.2043
893.0000 -0.2064
894.0000 -0.2085
895.0000 -0.2106
896.0000 -0.2126
897.0000 -0.2147
898.0000 -0.2167
899.0000 -0.2188
900.0000 -0.2208
901.0000 -0.2229
902.0000 -0.2249
903.0000 -0.2269
904.0000 -0.2289
905.0000 -0.2309
906.0000 -0.2329
907.0000 -0.2349
908.0000 -0.2369
909.0000 -0.2389
910.0000 -0.2409
911.0000 -0.2429
912.0000 -0.2449
913.0000 -0.2469
914.0000 -0.2488
915.0000 -0.2508
916.0000 -0.2528
917.0000 -0.2547
918.0000 -0.2567
919.0000 -0.2586
920.0000 -0.2606
921.0000 -0.2625
922.0000 -0.2644
923.0000 -0.2664
924.0000 -0.2683
925.0000 -0.2702
926.0000 -0.2721
927.0000 -0.2740
928.0000 -0.2759
929.0000 -0.2778
930.0000 -0.2797
931.0000 -0.2816
932.0000 -0.2835
933.0000 -0.2854
934.0000 -0.2873
935.0000 -0.2892
936.0000 -0.2911
937.0000 -0.2929
938.0000 -0.2948
939.0000 -0.2967
940.0000 -0.2985
941.0000 -0.3004
942.0000 -0.3022
943.0000 -0.3041
944.0000 -0.3059
945.0000 -0.3078
946.0000 -0.3096
947.0000 -0.3115
948.0000 -0.3133
949.0000 -0.3151
950.0000 -0.3170
951.0000 -0.3188
952.0000 -0.3206
953.0000 -0.3224
954.0000 -0.3242
955.0000 -0.3260
956.0000 -0.3278
957.0000 -0.3296
958.0000 -0.3314
959.0000 -0.3332
960.0000 -0.3350
961.0000 -0.3368
962.0000 -0.3386
963.0000 -0.3404
964.0000 -0.3422
965.0000 -0.3440
966.0000 -0.3457
967.0000 -0.3475
968.0000 -0.3493
969.0000 -0.3510
970.0000 -0.3528
971.0000 -0.3546
972.0000 -0.3563
973.0000 -0.3581
974.0000 -0.3598
975.0000 -0.3616
976.0000 -0.3633
977.0000 -0.3651
978.0000 -0.3668
979.0000 -0.3685
980.0000 -0.3703
981.0000 -0.3720
982.0000 -0.3737
983.0000 -0.3755
984.0000 -0.3772
985.0000 -0.3789
986.0000 -0.3806
987.0000 -0.3823
988.0000 -0.3841
989.0000 -0.3858
990.0000 -0.3875
991.0000 -0.3892
992.0000 -0.3909
993.0000 -0.3926
994.0000 -0.3943
995.0000 -0.3960
996.0000 -0.3976
997.0000 -0.3993
998.0000 -0.4010
999.0000 -0.4027
1000.0000 -0.4044
