1.0000 0.0000
2.0000 0.0000
3.0000 0.0000
4.0000 0.0000
5.0000 0.0000
6.0000 0.0000
7.0000 0.2586
8.0000 0.4145
9.0000 0.4915
10.0000 0.5112
11.0000 0.4925
12.0000 0.4510
13.0000 0.3993
14.0000 0.3475
15.0000 0.3022
16.0000 0.2678
17.0000 0.2466
18.0000 0.2394
19.0000 0.2463
20.0000 0.2659
21.0000 0.2960
22.0000 0.3332
23.0000 0.3733
24.0000 0.4119
25.0000 0.4452
26.0000 0.4705
27.0000 0.4863
28.0000 0.4927
29.0000 0.4906
30.0000 0.4819
31.0000 0.4686
32.0000 0.4530
33.0000 0.4372
34.0000 0.4229
35.0000 0.4115
36.0000 0.4040
37.0000 0.4011
38.0000 0.4026
39.0000 0.4085
40.0000 0.4178
41.0000 0.4296
42.0000 0.4427
43.0000 0.4557
44.0000 0.4675
45.0000 0.4770
46.0000 0.4836
47.0000 0.4870
48.0000 0.4873
49.0000 0.4847
50.0000 0.4800
51.0000 0.4737
52.0000 0.4668
53.0000 0.4600
54.0000 0.4540
55.0000 0.4493
56.0000 0.4463
57.0000 0.4453
58.0000 0.4462
59.0000 0.4487
60.0000 0.4525
61.0000 0.4572
62.0000 0.4623
63.0000 0.4673
64.0000 0.4717
65.0000 0.4752
66.0000 0.4775
67.0000 0.4785
68.0000 0.4783
69.0000 0.4769
70.0000 0.4747
71.0000 0.4719
72.0000 0.4689
73.0000 0.4659
74.0000 0.4632
75.0000 0.4612
76.0000 0.4599
77.0000 0.4594
78.0000 0.4598
79.0000 0.4608
80.0000 0.4624
81.0000 0.4644
82.0000 0.4665
83.0000 0.4686
84.0000 0.4704
85.0000 0.4719
86.0000 0.4728
87.0000 0.4732
88.0000 0.4730
89.0000 0.4723
90.0000 0.4713
91.0000 0.4701
92.0000 0.4687
93.0000 0.4674
94.0000 0.4662
95.0000 0.4653
96.0000 0.4648
97.0000 0.4646
98.0000 0.4647
99.0000 0.4652
100.0000 0.4659
101.0000 0.4668
102.0000 0.4677
103.0000 0.4686
104.0000 0.4694
105.0000 0.4700
106.0000 0.4703
107.0000 0.4705
108.0000 0.4704
109.0000 0.4701
110.0000 0.4696
111.0000 0.4690
112.0000 0.4684
113.0000 0.4678
114.0000 0.4673
115.0000 0.4670
116.0000 0.4667
117.0000 0.4667
118.0000 0.4667
119.0000 0.4669
120.0000 0.4673
121.0000 0.4676
122.0000 0.4680
123.0000 0.4684
124.0000 0.4688
125.0000 0.4690
126.0000 0.4692
127.0000 0.4692
128.0000 0.4692
129.0000 0.4690
130.0000 0.4688
131.0000 0.4686
132.0000 0.4683
133.0000 0.4680
134.0000 0.4678
135.0000 0.4677
136.0000 0.4676
137.0000 0.4675
138.0000 0.4676
139.0000 0.4677
140.0000 0.4678
141.0000 0.4680
142.0000 0.4682
143.0000 0.4683
144.0000 0.4685
145.0000 0.4686
146.0000 0.4686
147.0000 0.4687
148.0000 0.4686
149.0000 0.4686
150.0000 0.4685
151.0000 0.4684
152.0000 0.4682
153.0000 0.4681
154.0000 0.4680
155.0000 0.4680
156.0000 0.4679
157.0000 0.4679
158.0000 0.4679
159.0000 0.4680
160.0000 0.4680
161.0000 0.4681
162.0000 0.4682
163.0000 0.4683
164.0000 0.4683
165.0000 0.4684
166.0000 0.4684
167.0000 0.4684
168.0000 0.4684
169.0000 0.4684
170.0000 0.4683
171.0000 0.4683
172.0000 0.4682
173.0000 0.4682
174.0000 0.4681
175.0000 0.4681
176.0000 0.4681
177.0000 0.4681
178.0000 0.4681
179.0000 0.4681
180.0000 0.4681
181.0000 0.4682
182.0000 0.4682
183.0000 0.4682
184.0000 0.4683
185.0000 0.4683
186.0000 0.4683
187.0000 0.4683
188.0000 0.4683
189.0000 0.4683
190.0000 0.4683
191.0000 0.4682
192.0000 0.4682
193.0000 0.4682
194.0000 0.4682
195.0000 0.4682
196.0000 0.4682
197.0000 0.4682
198.0000 0.4682
199.0000 0.4682
200.0000 0.4682
201.0000 0.4682
202.0000 0.4682
203.0000 0.4682
204.0000 0.4682
205.0000 0.4682
206.0000 0.4682
207.0000 0.4682
208.0000 0.4682
209.0000 0.4682
210.0000 0.4682
211.0000 0.4682
212.0000 0.4682
213.0000 0.4682
214.0000 0.4682
215.0000 0.4682
216.0000 0.4682
217.0000 0.4682
218.0000 0.4682
219.0000 0.4682
220.0000 0.4682
221.0000 0.4682
222.0000 0.4682
223.0000 0.4682
224.0000 0.4682
225.0000 0.4682
226.0000 0.4682
227.0000 0.4682
228.0000 0.4682
229.0000 0.4682
230.0000 0.4682
231.0000 0.4682
232.0000 0.4682
233.0000 0.4682
234.0000 0.4682
235.0000 0.4682
236.0000 0.4682
237.0000 0.4682
238.0000 0.4682
239.0000 0.4682
240.0000 0.4682
241.0000 0.4682
242.0000 0.4682
243.0000 0.4682
244.0000 0.4682
245.0000 0.4682
246.0000 0.4682
247.0000 0.4682
248.0000 0.4682
249.0000 0.4682
250.0000 0.4682
251.0000 0.9855
252.0000 1.0000
253.0000 1.0000
254.0000 1.0000
255.0000 0.9626
256.0000 0.8795
257.0000 0.7691
258.0000 0.6513
259.0000 0.5462
260.0000 0.4668
261.0000 0.4188
262.0000 0.4029
263.0000 0.4173
264.0000 0.4594
265.0000 0.5262
266.0000 0.6131
267.0000 0.7134
268.0000 0.8178
269.0000 0.9161
270.0000 0.9992
271.0000 1.0000
272.0000 1.0000
273.0000 1.0000
274.0000 0.9879
275.0000 0.9568
276.0000 0.9115
277.0000 0.8585
278.0000 0.8050
279.0000 0.7564
280.0000 0.7163
281.0000 0.6869
282.0000 0.6691
283.0000 0.6635
284.0000 0.6700
285.0000 0.6877
286.0000 0.7152
287.0000 0.7502
288.0000 0.7898
289.0000 0.8307
290.0000 0.8694
291.0000 0.9029
292.0000 0.9286
293.0000 0.9449
294.0000 0.9511
295.0000 0.9477
296.0000 0.9355
297.0000 0.9162
298.0000 0.8919
299.0000 0.8646
300.0000 0.8365
301.0000 0.8098
302.0000 0.7860
303.0000 0.7666
304.0000 0.7527
305.0000 0.7450
306.0000 0.7439
307.0000 0.7493
308.0000 0.7605
309.0000 0.7764
310.0000 0.7958
311.0000 0.8170
312.0000 0.8382
313.0000 0.8577
314.0000 0.8740
315.0000 0.8860
316.0000 0.8930
317.0000 0.8946
318.0000 0.8912
319.0000 0.8833
320.0000 0.8718
321.0000 0.8578
322.0000 0.8424
323.0000 0.8270
324.0000 0.8125
325.0000 0.8000
326.0000 0.7902
327.0000 0.7838
328.0000 0.7811
329.0000 0.7821
330.0000 0.7865
331.0000 0.7939
332.0000 0.8036
333.0000 0.8148
334.0000 0.8265
335.0000 0.8378
336.0000 0.8478
337.0000 0.8558
338.0000 0.8613
339.0000 0.8640
340.0000 0.8639
341.0000 0.8611
342.0000 0.8560
343.0000 0.8491
344.0000 0.8410
345.0000 0.8325
346.0000 0.8241
347.0000 0.8165
348.0000 0.8101
349.0000 0.8055
350.0000 0.8028
351.0000 0.8022
352.0000 0.8036
353.0000 0.8067
354.0000 0.8114
355.0000 0.8171
356.0000 0.8234
357.0000 0.8297
358.0000 0.8356
359.0000 0.8407
360.0000 0.8445
361.0000 0.8470
362.0000 0.8478
363.0000 0.8472
364.0000 0.8451
365.0000 0.8419
366.0000 0.8379
367.0000 0.8333
368.0000 0.8286
369.0000 0.8242
370.0000 0.8202
371.0000 0.8171
372.0000 0.8150
373.0000 0.8140
374.0000 0.8141
375.0000 0.8153
376.0000 0.8173
377.0000 0.8202
378.0000 0.8234
379.0000 0.8269
380.0000 0.8303
381.0000 0.8334
382.0000 0.8359
383.0000 0.8377
384.0000 0.8387
385.0000 0.8389
386.0000 0.8382
387.0000 0.8368
388.0000 0.8349
389.0000 0.8325
390.0000 0.8300
391.0000 0.8274
392.0000 0.8251
393.0000 0.8231
394.0000 0.8216
395.0000 0.8207
396.0000 0.8203
397.0000 0.8207
398.0000 0.8215
399.0000 0.8228
400.0000 0.8245
401.0000 0.8263
402.0000 0.8283
403.0000 0.8301
404.0000 0.8316
405.0000 0.8329
406.0000 0.8337
407.0000 0.8340
408.0000 0.8339
409.0000 0.8334
410.0000 0.8325
411.0000 0.8313
412.0000 0.8300
413.0000 0.8286
414.0000 0.8272
415.0000 0.8260
416.0000 0.8250
417.0000 0.8243
418.0000 0.8240
419.0000 0.8239
420.0000 0.8242
421.0000 0.8248
422.0000 0.8256
423.0000 0.8266
424.0000 0.8276
425.0000 0.8286
426.0000 0.8296
427.0000 0.8304
428.0000 0.8309
429.0000 0.8313
430.0000 0.8314
431.0000 0.8312
432.0000 0.8309
433.0000 0.8303
434.0000 0.8296
435.0000 0.8289
436.0000 0.8281
437.0000 0.8274
438.0000 0.8268
439.0000 0.8263
440.0000 0.8260
441.0000 0.8259
442.0000 0.8259
443.0000 0.8261
444.0000 0.8265
445.0000 0.8270
446.0000 0.8275
447.0000 0.8281
448.0000 0.8287
449.0000 0.8291
450.0000 0.8295
451.0000 0.8298
452.0000 0.8299
453.0000 0.8299
454.0000 0.8298
455.0000 0.8296
456.0000 0.8292
457.0000 0.8288
458.0000 0.8284
459.0000 0.8280
460.0000 0.8276
461.0000 0.8273
462.0000 0.8271
463.0000 0.8269
464.0000 0.8269
465.0000 0.8270
466.0000 0.8271
467.0000 0.8274
468.0000 0.8277
469.0000 0.8280
470.0000 0.8283
471.0000 0.8286
472.0000 0.8288
473.0000 0.8290
474.0000 0.8291
475.0000 0.8292
476.0000 0.8291
477.0000 0.8290
478.0000 0.8289
479.0000 0.8287
480.0000 0.8285
481.0000 0.8282
482.0000 0.8280
483.0000 0.8278
484.0000 0.8277
485.0000 0.8276
486.0000 0.8275
487.0000 0.8275
488.0000 0.8276
489.0000 0.8277
490.0000 0.8278
491.0000 0.8280
492.0000 0.8281
493.0000 0.8283
494.0000 0.8285
495.0000 0.8286
496.0000 0.8287
497.0000 0.8287
498.0000 0.8287
499.0000 0.8287
500.0000 0.8286
501.0000 0.5699
502.0000 0.4139
503.0000 0.3368
504.0000 0.3170
505.0000 0.3355
506.0000 0.3770
507.0000 0.4374
508.0000 0.5175
509.0000 0.6143
510.0000 0.7181
511.0000 0.8162
512.0000 0.8968
513.0000 0.9520
514.0000 0.9784
515.0000 0.9767
516.0000 0.9503
517.0000 0.9048
518.0000 0.8461
519.0000 0.7805
520.0000 0.7133
521.0000 0.6494
522.0000 0.5927
523.0000 0.5464
524.0000 0.5128
525.0000 0.4938
526.0000 0.4901
527.0000 0.5020
528.0000 0.5282
529.0000 0.5665
530.0000 0.6134
531.0000 0.6644
532.0000 0.7144
533.0000 0.7586
534.0000 0.7929
535.0000 0.8148
536.0000 0.8231
537.0000 0.8183
538.0000 0.8020
539.0000 0.7767
540.0000 0.7452
541.0000 0.7105
542.0000 0.6756
543.0000 0.6430
544.0000 0.6150
545.0000 0.5933
546.0000 0.5792
547.0000 0.5734
548.0000 0.5759
549.0000 0.5863
550.0000 0.6035
551.0000 0.6257
552.0000 0.6509
553.0000 0.6767
554.0000 0.7009
555.0000 0.7212
556.0000 0.7361
557.0000 0.7447
558.0000 0.7465
559.0000 0.7420
560.0000 0.7319
561.0000 0.7177
562.0000 0.7007
563.0000 0.6825
564.0000 0.6646
565.0000 0.6484
566.0000 0.6350
567.0000 0.6254
568.0000 0.6200
569.0000 0.6190
570.0000 0.6225
571.0000 0.6297
572.0000 0.6400
573.0000 0.6524
574.0000 0.6657
575.0000 0.6787
576.0000 0.6903
577.0000 0.6995
578.0000 0.7058
579.0000 0.7088
580.0000 0.7084
581.0000 0.7049
582.0000 0.6988
583.0000 0.6908
584.0000 0.6816
585.0000 0.6722
586.0000 0.6632
587.0000 0.6554
588.0000 0.6492
589.0000 0.6452
590.0000 0.6435
591.0000 0.6441
592.0000 0.6468
593.0000 0.6514
594.0000 0.6573
595.0000 0.6640
596.0000 0.6708
597.0000 0.6772
598.0000 0.6826
599.0000 0.6868
600.0000 0.6893
601.0000 0.6901
602.0000 0.6892
603.0000 0.6868
604.0000 0.6832
605.0000 0.6788
606.0000 0.6739
607.0000 0.6691
608.0000 0.6647
609.0000 0.6610
610.0000 0.6583
611.0000 0.6567
612.0000 0.6564
613.0000 0.6572
614.0000 0.6591
615.0000 0.6618
616.0000 0.6650
617.0000 0.6686
618.0000 0.6720
619.0000 0.6751
620.0000 0.6776
621.0000 0.6794
622.0000 0.6803
623.0000 0.6803
624.0000 0.6795
625.0000 0.6780
626.0000 0.6760
627.0000 0.6736
628.0000 0.6710
629.0000 0.6686
630.0000 0.6665
631.0000 0.6648
632.0000 0.6636
633.0000 0.6631
634.0000 0.6632
635.0000 0.6639
636.0000 0.6651
637.0000 0.6666
638.0000 0.6684
639.0000 0.6702
640.0000 0.6719
641.0000 0.6734
642.0000 0.6745
643.0000 0.6752
644.0000 0.6755
645.0000 0.6753
646.0000 0.6747
647.0000 0.6738
648.0000 0.6727
649.0000 0.6714
650.0000 0.6701
651.0000 0.6689
652.0000 0.6679
653.0000 0.6671
654.0000 0.6667
655.0000 0.6666
656.0000 0.6668
657.0000 0.6672
658.0000 0.6679
659.0000 0.6688
660.0000 0.6697
661.0000 0.6706
662.0000 0.6715
663.0000 0.6722
664.0000 0.6727
665.0000 0.6729
666.0000 0.6730
667.0000 0.6728
668.0000 0.6724
669.0000 0.6719
670.0000 0.6712
671.0000 0.6706
672.0000 0.6699
673.0000 0.6693
674.0000 0.6689
675.0000 0.6685
676.0000 0.6684
677.0000 0.6684
678.0000 0.6686
679.0000 0.6689
680.0000 0.6693
681.0000 0.6697
682.0000 0.6702
683.0000 0.6707
684.0000 0.6711
685.0000 0.6714
686.0000 0.6716
687.0000 0.6717
688.0000 0.6716
689.0000 0.6715
690.0000 0.6713
691.0000 0.6710
692.0000 0.6706
693.0000 0.6703
694.0000 0.6700
695.0000 0.6697
696.0000 0.6695
697.0000 0.6693
698.0000 0.6693
699.0000 0.6693
700.0000 0.6695
701.0000 0.6696
702.0000 0.6699
703.0000 0.6701
704.0000 0.6704
705.0000 0.6706
706.0000 0.6708
707.0000 0.6709
708.0000 0.6710
709.0000 0.6710
710.0000 0.6710
711.0000 0.6709
712.0000 0.6707
713.0000 0.6706
714.0000 0.6704
715.0000 0.6702
716.0000 0.6701
717.0000 0.6699
718.0000 0.6698
719.0000 0.6698
720.0000 0.6698
721.0000 0.6698
722.0000 0.6699
723.0000 0.6700
724.0000 0.6701
725.0000 0.6703
726.0000 0.6704
727.0000 0.6705
728.0000 0.6706
729.0000 0.6706
730.0000 0.6707
731.0000 0.6707
732.0000 0.6706
733.0000 0.6706
734.0000 0.6705
735.0000 0.6704
736.0000 0.6703
737.0000 0.6702
738.0000 0.6701
739.0000 0.6701
740.0000 0.6700
741.0000 0.6700
742.0000 0.6700
743.0000 0.6701
744.0000 0.6701
745.0000 0.6702
746.0000 0.6702
747.0000 0.6703
748.0000 0.6704
749.0000 0.6704
750.0000 0.6705
751.0000 0.1015
752.0000 -0.2414
753.0000 -0.4108
754.0000 -0.4542
755.0000 -0.4131
756.0000 -0.3218
757.0000 -0.1755
758.0000 0.0195
759.0000 0.2141
760.0000 0.3630
761.0000 0.4437
762.0000 0.4546
763.0000 0.4087
764.0000 0.3263
765.0000 0.2278
766.0000 0.1297
767.0000 0.0436
768.0000 -0.0237
769.0000 -0.0684
770.0000 -0.0892
771.0000 -0.0864
772.0000 -0.0630
773.0000 -0.0249
774.0000 0.0188
775.0000 0.0589
776.0000 0.0879
777.0000 0.1019
778.0000 0.1006
779.0000 0.0866
780.0000 0.0640
781.0000 0.0377
782.0000 0.0117
783.0000 -0.0106
784.0000 -0.0271
785.0000 -0.0370
786.0000 -0.0405
787.0000 -0.0388
788.0000 -0.0337
789.0000 -0.0273
790.0000 -0.0217
791.0000 -0.0183
792.0000 -0.0178
793.0000 -0.0206
794.0000 -0.0260
795.0000 -0.0332
796.0000 -0.0413
797.0000 -0.0494
798.0000 -0.0566
799.0000 -0.0626
800.0000 -0.0670
801.0000 -0.0704
802.0000 -0.0726
803.0000 -0.0741
804.0000 -0.0754
805.0000 -0.0768
806.0000 -0.0787
807.0000 -0.0812
808.0000 -0.0843
809.0000 -0.0880
810.0000 -0.0921
811.0000 -0.0964
812.0000 -0.1006
813.0000 -0.1046
814.0000 -0.1083
815.0000 -0.1116
816.0000 -0.1146
817.0000 -0.1173
818.0000 -0.1200
819.0000 -0.1225
820.0000 -0.1251
821.0000 -0.1279
822.0000 -0.1307
823.0000 -0.1337
824.0000 -0.1368
825.0000 -0.1400
826.0000 -0.1432
827.0000 -0.1463
828.0000 -0.1494
829.0000 -0.1524
830.0000 -0.1553
831.0000 -0.1582
832.0000 -0.1610
833.0000 -0.1637
834.0000 -0.1665
835.0000 -0.1692
836.0000 -0.1720
837.0000 -0.1747
838.0000 -0.1775
839.0000 -0.1803
840.0000 -0.1831
841.0000 -0.1859
842.0000 -0.1887
843.0000 -0.1915
844.0000 -0.1942
845.0000 -0.1969
846.0000 -0.1996
847.0000 -0.2023
848.0000 -0.2050
849.0000 -0.2076
850.0000 -0.2103
851.0000 -0.2129
852.0000 -0.2155
853.0000 -0.2182
854.0000 -0.2208
855.0000 -0.2234
856.0000 -0.2260
857.0000 -0.2286
858.0000 -0.2312
859.0000 -0.2338
860.0000 -0.2364
861.0000 -0.2390
862.0000 -0.2415
863.0000 -0.2441
864.0000 -0.2466
865.0000 -0.2491
866.0000 -0.2516
867.0000 -0.2542
868.0000 -0.2567
869.0000 -0.2592
870.0000 -0.2617
871.0000 -0.2642
872.0000 -0.2666
873.0000 -0.2691
874.0000 -0.2716
875.0000 -0.2740
876.0000 -0.2765
877.0000 -0.2789
878.0000 -0.2814
879.0000 -0.2838
880.0000 -0.2862
881.0000 -0.2887
882.0000 -0.2911
883.0000 -0.2935
884.0000 -0.2959
885.0000 -0.2983
886.0000 -0.3007
887.0000 -0.3031
888.0000 -0.3055
889.0000 -0.3078
890.0000 -0.3102
891.0000 -0.3126
892.0000 -0.3149
893.0000 -0.3173
894.0000 -0.3196
895.0000 -0.3220
896.0000 -0.3243
897.0000 -0.3266
898.0000 -0.3289
899.0000 -0.3313
900.0000 -0.3336
901.0000 -0.3359
902.0000 -0.3382
903.0000 -0.3405
904.0000 -0.3428
905.0000 -0.3451
906.0000 -0.3473
907.0000 -0.3496
908.0000 -0.3519
909.0000 -0.3542
910.0000 -0.3564
911.0000 -0.3587
912.0000 -0.3609
913.0000 -0.3632
914.0000 -0.3654
915.0000 -0.3677
916.0000 -0.3699
917.0000 -0.3721
918.0000 -0.3743
919.0000 -0.3766
920.0000 -0.3788
921.0000 -0.3810
922.0000 -0.3832
923.0000 -0.3854
924.0000 -0.3876
925.0000 -0.3898
926.0000 -0.3920
927.0000 -0.3942
928.0000 -0.3963
929.0000 -0.3985
930.0000 -0.4007
931.0000 -0.4028
932.0000 -0.4050
933.0000 -0.4072
934.0000 -0.4093
935.0000 -0.4115
936.0000 -0.4136
937.0000 -0.4157
938.0000 -0.4179
939.0000 -0.4200
940.0000 -0.4221
941.0000 -0.4243
942.0000 -0.4264
943.0000 -0.4285
944.0000 -0.4306
945.0000 -0.4327
946.0000 -0.4348
947.0000 -0.4369
948.0000 -0.4390
949.0000 -0.4411
950.0000 -0.4432
951.0000 -0.4453
952.0000 -0.4474
953.0000 -0.4494
954.0000 -0.4515
955.0000 -0.4536
956.0000 -0.4556
957.0000 -0.4577
958.0000 -0.4597
959.0000 -0.4618
960.0000 -0.4638
961.0000 -0.4659
962.0000 -0.4679
963.0000 -0.4700
964.0000 -0.4720
965.0000 -0.4740
966.0000 -0.4760
967.0000 -0.4781
968.0000 -0.4801
969.0000 -0.4821
970.0000 -0.4841
971.0000 -0.4861
972.0000 -0.4881
973.0000 -0.4901
974.0000 -0.4921
975.0000 -0.4941
976.0000 -0.4961
977.0000 -0.4980
978.0000 -0.5000
979.0000 -0.5020
980.0000 -0.5040
981.0000 -0.5059
982.0000 -0.5079
983.0000 -0.5099
984.0000 -0.5118
985.0000 -0.5138
986.0000 -0.5157
987.0000 -0.5177
988.0000 -0.5196
989.0000 -0.5215
990.0000 -0.5235
991.0000 -0.5254
992.0000 -0.5273
993.0000 -0.5293
994.0000 -0.5312
995.0000 -0.5331
996.0000 -0.5350
997.0000 -0.5369
998.0000 -0.5388
999.0000 -0.5407
1000.0000 -0.5426
