1.0000 0.0000
2.0000 0.0000
3.0000 0.0000
4.0000 0.0000
5.0000 0.0000
6.0000 0.0000
7.0000 0.2657
8.0000 0.3203
9.0000 0.3210
10.0000 0.3092
11.0000 0.2960
12.0000 0.2839
13.0000 0.2742
14.0000 0.2677
15.0000 0.2652
16.0000 0.2668
17.0000 0.2722
18.0000 0.2809
19.0000 0.2920
20.0000 0.3046
21.0000 0.3179
22.0000 0.3311
23.0000 0.3435
24.0000 0.3548
25.0000 0.3649
26.0000 0.3735
27.0000 0.3808
28.0000 0.3870
29.0000 0.3922
30.0000 0.3967
31.0000 0.4005
32.0000 0.4039
33.0000 0.4071
34.0000 0.4102
35.0000 0.4131
36.0000 0.4161
37.0000 0.4190
38.0000 0.4220
39.0000 0.4249
40.0000 0.4278
41.0000 0.4306
42.0000 0.4334
43.0000 0.4360
44.0000 0.4384
45.0000 0.4407
46.0000 0.4428
47.0000 0.4447
48.0000 0.4464
49.0000 0.4480
50.0000 0.4494
51.0000 0.4507
52.0000 0.4519
53.0000 0.4529
54.0000 0.4539
55.0000 0.4548
56.0000 0.4557
57.0000 0.4565
58.0000 0.4572
59.0000 0.4579
60.0000 0.4585
61.0000 0.4591
62.0000 0.4597
63.0000 0.4603
64.0000 0.4609
65.0000 0.4614
66.0000 0.4619
67.0000 0.4624
68.0000 0.4628
69.0000 0.4632
70.0000 0.4636
71.0000 0.4639
72.0000 0.4642
73.0000 0.4645
74.0000 0.4648
75.0000 0.4650
76.0000 0.4652
77.0000 0.4654
78.0000 0.4656
79.0000 0.4658
80.0000 0.4659
81.0000 0.4661
82.0000 0.4662
83.0000 0.4663
84.0000 0.4665
85.0000 0.4666
86.0000 0.4667
87.0000 0.4668
88.0000 0.4669
89.0000 0.4670
90.0000 0.4671
91.0000 0.4672
92.0000 0.4672
93.0000 0.4673
94.0000 0.4674
95.0000 0.4674
96.0000 0.4675
97.0000 0.4675
98.0000 0.4676
99.0000 0.4676
100.0000 0.4677
101.0000 0.4677
102.0000 0.4677
103.0000 0.4678
104.0000 0.4678
105.0000 0.4678
106.0000 0.4679
107.0000 0.4679
108.0000 0.4679
109.0000 0.4679
110.0000 0.4679
111.0000 0.4680
112.0000 0.4680
113.0000 0.4680
114.0000 0.4680
115.0000 0.4680
116.0000 0.4680
117.0000 0.4681
118.0000 0.4681
119.0000 0.4681
120.0000 0.4681
121.0000 0.4681
122.0000 0.4681
123.0000 0.4681
124.0000 0.4681
125.0000 0.4681
126.0000 0.4681
127.0000 0.4681
128.0000 0.4681
129.0000 0.4681
130.0000 0.4681
131.0000 0.4682
132.0000 0.4682
133.0000 0.4682
134.0000 0.4682
135.0000 0.4682
136.0000 0.4682
137.0000 0.4682
138.0000 0.4682
139.0000 0.4682
140.0000 0.4682
141.0000 0.4682
142.0000 0.4682
143.0000 0.4682
144.0000 0.4682
145.0000 0.4682
146.0000 0.4682
147.0000 0.4682
148.0000 0.4682
149.0000 0.4682
150.0000 0.4682
151.0000 0.4682
152.0000 0.4682
153.0000 0.4682
154.0000 0.4682
155.0000 0.4682
156.0000 0.4682
157.0000 0.4682
158.0000 0.4682
159.0000 0.4682
160.0000 0.4682
161.0000 0.4682
162.0000 0.4682
163.0000 0.4682
164.0000 0.4682
165.0000 0.4682
166.0000 0.4682
167.0000 0.4682
168.0000 0.4682
169.0000 0.4682
170.0000 0.4682
171.0000 0.4682
172.0000 0.4682
173.0000 0.4682
174.0000 0.4682
175.0000 0.4682
176.0000 0.4682
177.0000 0.4682
178.0000 0.4682
179.0000 0.4682
180.0000 0.4682
181.0000 0.4682
182.0000 0.4682
183.0000 0.4682
184.0000 0.4682
185.0000 0.4682
186.0000 0.4682
187.0000 0.4682
188.0000 0.4682
189.0000 0.4682
190.0000 0.4682
191.0000 0.4682
192.0000 0.4682
193.0000 0.4682
194.0000 0.4682
195.0000 0.4682
196.0000 0.4682
197.0000 0.4682
198.0000 0.4682
199.0000 0.4682
200.0000 0.4682
201.0000 0.4682
202.0000 0.4682
203.0000 0.4682
204.0000 0.4682
205.0000 0.4682
206.0000 0.4682
207.0000 0.4682
208.0000 0.4682
209.0000 0.4682
210.0000 0.4682
211.0000 0.4682
212.0000 0.4682
213.0000 0.4682
214.0000 0.4682
215.0000 0.4682
216.0000 0.4682
217.0000 0.4682
218.0000 0.4682
219.0000 0.4682
220.0000 0.4682
221.0000 0.4682
222.0000 0.4682
223.0000 0.4682
224.0000 0.4682
225.0000 0.4682
226.0000 0.4682
227.0000 0.4682
228.0000 0.4682
229.0000 0.4682
230.0000 0.4682
231.0000 0.4682
232.0000 0.4682
233.0000 0.4682
234.0000 0.4682
235.0000 0.4682
236.0000 0.4682
237.0000 0.4682
238.0000 0.4682
239.0000 0.4682
240.0000 0.4682
241.0000 0.4682
242.0000 0.4682
243.0000 0.4682
244.0000 0.4682
245.0000 0.4682
246.0000 0.4682
247.0000 0.4682
248.0000 0.4682
249.0000 0.4682
250.0000 0.4682
251.0000 0.9996
252.0000 1.0000
253.0000 1.0000
254.0000 0.9765
255.0000 0.9499
256.0000 0.9259
257.0000 0.8989
258.0000 0.8711
259.0000 0.8452
260.0000 0.8221
261.0000 0.8026
262.0000 0.7867
263.0000 0.7747
264.0000 0.7666
265.0000 0.7623
266.0000 0.7616
267.0000 0.7642
268.0000 0.7694
269.0000 0.7768
270.0000 0.7856
271.0000 0.7952
272.0000 0.8051
273.0000 0.8145
274.0000 0.8232
275.0000 0.8306
276.0000 0.8368
277.0000 0.8414
278.0000 0.8445
279.0000 0.8462
280.0000 0.8466
281.0000 0.8459
282.0000 0.8443
283.0000 0.8420
284.0000 0.8393
285.0000 0.8364
286.0000 0.8334
287.0000 0.8306
288.0000 0.8280
289.0000 0.8258
290.0000 0.8240
291.0000 0.8227
292.0000 0.8219
293.0000 0.8215
294.0000 0.8215
295.0000 0.8219
296.0000 0.8225
297.0000 0.8234
298.0000 0.8244
299.0000 0.8255
300.0000 0.8265
301.0000 0.8276
302.0000 0.8284
303.0000 0.8291
304.0000 0.8296
305.0000 0.8300
306.0000 0.8302
307.0000 0.8303
308.0000 0.8302
309.0000 0.8301
310.0000 0.8299
311.0000 0.8296
312.0000 0.8293
313.0000 0.8290
314.0000 0.8287
315.0000 0.8284
316.0000 0.8281
317.0000 0.8279
318.0000 0.8277
319.0000 0.8276
320.0000 0.8275
321.0000 0.8275
322.0000 0.8275
323.0000 0.8276
324.0000 0.8276
325.0000 0.8277
326.0000 0.8278
327.0000 0.8279
328.0000 0.8280
329.0000 0.8281
330.0000 0.8282
331.0000 0.8283
332.0000 0.8284
333.0000 0.8284
334.0000 0.8284
335.0000 0.8284
336.0000 0.8284
337.0000 0.8284
338.0000 0.8284
339.0000 0.8284
340.0000 0.8283
341.0000 0.8283
342.0000 0.8283
343.0000 0.8282
344.0000 0.8282
345.0000 0.8282
346.0000 0.8281
347.0000 0.8281
348.0000 0.8281
349.0000 0.8281
350.0000 0.8281
351.0000 0.8281
352.0000 0.8281
353.0000 0.8282
354.0000 0.8282
355.0000 0.8282
356.0000 0.8282
357.0000 0.8282
358.0000 0.8282
359.0000 0.8282
360.0000 0.8282
361.0000 0.8282
362.0000 0.8282
363.0000 0.8282
364.0000 0.8282
365.0000 0.8282
366.0000 0.8282
367.0000 0.8282
368.0000 0.8282
369.0000 0.8282
370.0000 0.8282
371.0000 0.8282
372.0000 0.8282
373.0000 0.8282
374.0000 0.8282
375.0000 0.8282
376.0000 0.8282
377.0000 0.8282
378.0000 0.8282
379.0000 0.8282
380.0000 0.8282
381.0000 0.8282
382.0000 0.8282
383.0000 0.8282
384.0000 0.8282
385.0000 0.8282
386.0000 0.8282
387.0000 0.8282
388.0000 0.8282
389.0000 0.8282
390.0000 0.8282
391.0000 0.8282
392.0000 0.8282
393.0000 0.8282
394.0000 0.8282
395.0000 0.8282
396.0000 0.8282
397.0000 0.8282
398.0000 0.8282
399.0000 0.8282
400.0000 0.8282
401.0000 0.8282
402.0000 0.8282
403.0000 0.8282
404.0000 0.8282
405.0000 0.8282
406.0000 0.8282
407.0000 0.8282
408.0000 0.8282
409.0000 0.8282
410.0000 0.8282
411.0000 0.8282
412.0000 0.8282
413.0000 0.8282
414.0000 0.8282
415.0000 0.8282
416.0000 0.8282
417.0000 0.8282
418.0000 0.8282
419.0000 0.8282
420.0000 0.8282
421.0000 0.8282
422.0000 0.8282
423.0000 0.8282
424.0000 0.8282
425.0000 0.8282
426.0000 0.8282
427.0000 0.8282
428.0000 0.8282
429.0000 0.8282
430.0000 0.8282
431.0000 0.8282
432.0000 0.8282
433.0000 0.8282
434.0000 0.8282
435.0000 0.8282
436.0000 0.8282
437.0000 0.8282
438.0000 0.8282
439.0000 0.8282
440.0000 0.8282
441.0000 0.8282
442.0000 0.8282
443.0000 0.8282
444.0000 0.8282
445.0000 0.8282
446.0000 0.8282
447.0000 0.8282
448.0000 0.8282
449.0000 0.8282
450.0000 0.8282
451.0000 0.8282
452.0000 0.8282
453.0000 0.8282
454.0000 0.8282
455.0000 0.8282
456.0000 0.8282
457.0000 0.8282
458.0000 0.8282
459.0000 0.8282
460.0000 0.8282
461.0000 0.8282
462.0000 0.8282
463.0000 0.8282
464.0000 0.8282
465.0000 0.8282
466.0000 0.8282
467.0000 0.8282
468.0000 0.8282
469.0000 0.8282
470.0000 0.8282
471.0000 0.8282
472.0000 0.8282
473.0000 0.8282
474.0000 0.8282
475.0000 0.8282
476.0000 0.8282
477.0000 0.8282
478.0000 0.8282
479.0000 0.8282
480.0000 0.8282
481.0000 0.8282
482.0000 0.8282
483.0000 0.8282
484.0000 0.8282
485.0000 0.8282
486.0000 0.8282
487.0000 0.8282
488.0000 0.8282
489.0000 0.8282
490.0000 0.8282
491.0000 0.8282
492.0000 0.8282
493.0000 0.8282
494.0000 0.8282
495.0000 0.8282
496.0000 0.8282
497.0000 0.8282
498.0000 0.8282
499.0000 0.8282
500.0000 0.8282
501.0000 0.5625
502.0000 0.5079
503.0000 0.5072
504.0000 0.5190
505.0000 0.5323
506.0000 0.5443
507.0000 0.5635
508.0000 0.5905
509.0000 0.6215
510.0000 0.6522
511.0000 0.6797
512.0000 0.7025
513.0000 0.7198
514.0000 0.7314
515.0000 0.7375
516.0000 0.7386
517.0000 0.7356
518.0000 0.7294
519.0000 0.7209
520.0000 0.7109
521.0000 0.7004
522.0000 0.6899
523.0000 0.6801
524.0000 0.6714
525.0000 0.6641
526.0000 0.6584
527.0000 0.6545
528.0000 0.6522
529.0000 0.6515
530.0000 0.6522
531.0000 0.6540
532.0000 0.6566
533.0000 0.6597
534.0000 0.6630
535.0000 0.6664
536.0000 0.6695
537.0000 0.6722
538.0000 0.6744
539.0000 0.6760
540.0000 0.6770
541.0000 0.6775
542.0000 0.6774
543.0000 0.6770
544.0000 0.6762
545.0000 0.6752
546.0000 0.6740
547.0000 0.6729
548.0000 0.6717
549.0000 0.6707
550.0000 0.6698
551.0000 0.6691
552.0000 0.6686
553.0000 0.6683
554.0000 0.6682
555.0000 0.6683
556.0000 0.6684
557.0000 0.6687
558.0000 0.6690
559.0000 0.6694
560.0000 0.6698
561.0000 0.6701
562.0000 0.6704
563.0000 0.6706
564.0000 0.6708
565.0000 0.6709
566.0000 0.6710
567.0000 0.6710
568.0000 0.6710
569.0000 0.6709
570.0000 0.6708
571.0000 0.6707
572.0000 0.6706
573.0000 0.6705
574.0000 0.6704
575.0000 0.6703
576.0000 0.6702
577.0000 0.6701
578.0000 0.6701
579.0000 0.6701
580.0000 0.6701
581.0000 0.6701
582.0000 0.6701
583.0000 0.6702
584.0000 0.6702
585.0000 0.6702
586.0000 0.6703
587.0000 0.6703
588.0000 0.6703
589.0000 0.6703
590.0000 0.6703
591.0000 0.6704
592.0000 0.6704
593.0000 0.6704
594.0000 0.6704
595.0000 0.6703
596.0000 0.6703
597.0000 0.6703
598.0000 0.6703
599.0000 0.6703
600.0000 0.6703
601.0000 0.6703
602.0000 0.6703
603.0000 0.6703
604.0000 0.6703
605.0000 0.6703
606.0000 0.6703
607.0000 0.6703
608.0000 0.6703
609.0000 0.6703
610.0000 0.6703
611.0000 0.6703
612.0000 0.6703
613.0000 0.6703
614.0000 0.6703
615.0000 0.6703
616.0000 0.6703
617.0000 0.6703
618.0000 0.6703
619.0000 0.6703
620.0000 0.6703
621.0000 0.6703
622.0000 0.6703
623.0000 0.6703
624.0000 0.6703
625.0000 0.6703
626.0000 0.6703
627.0000 0.6703
628.0000 0.6703
629.0000 0.6703
630.0000 0.6703
631.0000 0.6703
632.0000 0.6703
633.0000 0.6703
634.0000 0.6703
635.0000 0.6703
636.0000 0.6703
637.0000 0.6703
638.0000 0.6703
639.0000 0.6703
640.0000 0.6703
641.0000 0.6703
642.0000 0.6703
643.0000 0.6703
644.0000 0.6703
645.0000 0.6703
646.0000 0.6703
647.0000 0.6703
648.0000 0.6703
649.0000 0.6703
650.0000 0.6703
651.0000 0.6703
652.0000 0.6703
653.0000 0.6703
654.0000 0.6703
655.0000 0.6703
656.0000 0.6703
657.0000 0.6703
658.0000 0.6703
659.0000 0.6703
660.0000 0.6703
661.0000 0.6703
662.0000 0.6703
663.0000 0.6703
664.0000 0.6703
665.0000 0.6703
666.0000 0.6703
667.0000 0.6703
668.0000 0.6703
669.0000 0.6703
670.0000 0.6703
671.0000 0.6703
672.0000 0.6703
673.0000 0.6703
674.0000 0.6703
675.0000 0.6703
676.0000 0.6703
677.0000 0.6703
678.0000 0.6703
679.0000 0.6703
680.0000 0.6703
681.0000 0.6703
682.0000 0.6703
683.0000 0.6703
684.0000 0.6703
685.0000 0.6703
686.0000 0.6703
687.0000 0.6703
688.0000 0.6703
689.0000 0.6703
690.0000 0.6703
691.0000 0.6703
692.0000 0.6703
693.0000 0.6703
694.0000 0.6703
695.0000 0.6703
696.0000 0.6703
697.0000 0.6703
698.0000 0.6703
699.0000 0.6703
700.0000 0.6703
701.0000 0.6703
702.0000 0.6703
703.0000 0.6703
704.0000 0.6703
705.0000 0.6703
706.0000 0.6703
707.0000 0.6703
708.0000 0.6703
709.0000 0.6703
710.0000 0.6703
711.0000 0.6703
712.0000 0.6703
713.0000 0.6703
714.0000 0.6703
715.0000 0.6703
716.0000 0.6703
717.0000 0.6703
718.0000 0.6703
719.0000 0.6703
720.0000 0.6703
721.0000 0.6703
722.0000 0.6703
723.0000 0.6703
724.0000 0.6703
725.0000 0.6703
726.0000 0.6703
727.0000 0.6703
728.0000 0.6703
729.0000 0.6703
730.0000 0.6703
731.0000 0.6703
732.0000 0.6703
733.0000 0.6703
734.0000 0.6703
735.0000 0.6703
736.0000 0.6703
737.0000 0.6703
738.0000 0.6703
739.0000 0.6703
740.0000 0.6703
741.0000 0.6703
742.0000 0.6703
743.0000 0.6703
744.0000 0.6703
745.0000 0.6703
746.0000 0.6703
747.0000 0.6703
748.0000 0.6703
749.0000 0.6703
750.0000 0.6703
751.0000 0.1203
752.0000 0.0072
753.0000 0.0059
754.0000 0.0302
755.0000 0.0577
756.0000 0.0826
757.0000 0.1344
758.0000 0.2042
759.0000 0.2689
760.0000 0.3154
761.0000 0.3408
762.0000 0.3477
763.0000 0.3405
764.0000 0.3239
765.0000 0.3020
766.0000 0.2779
767.0000 0.2540
768.0000 0.2320
769.0000 0.2131
770.0000 0.1978
771.0000 0.1864
772.0000 0.1788
773.0000 0.1744
774.0000 0.1726
775.0000 0.1724
776.0000 0.1730
777.0000 0.1735
778.0000 0.1735
779.0000 0.1725
780.0000 0.1705
781.0000 0.1676
782.0000 0.1638
783.0000 0.1595
784.0000 0.1549
785.0000 0.1503
786.0000 0.1457
787.0000 0.1414
788.0000 0.1375
789.0000 0.1339
790.0000 0.1306
791.0000 0.1275
792.0000 0.1247
793.0000 0.1220
794.0000 0.1194
795.0000 0.1168
796.0000 0.1143
797.0000 0.1117
798.0000 0.1091
799.0000 0.1065
800.0000 0.1040
801.0000 0.1013
802.0000 0.0989
803.0000 0.0965
804.0000 0.0941
805.0000 0.0918
806.0000 0.0894
807.0000 0.0872
808.0000 0.0849
809.0000 0.0827
810.0000 0.0805
811.0000 0.0783
812.0000 0.0762
813.0000 0.0741
814.0000 0.0720
815.0000 0.0700
816.0000 0.0680
817.0000 0.0661
818.0000 0.0642
819.0000 0.0623
820.0000 0.0604
821.0000 0.0586
822.0000 0.0568
823.0000 0.0550
824.0000 0.0532
825.0000 0.0515
826.0000 0.0498
827.0000 0.0481
828.0000 0.0464
829.0000 0.0447
830.0000 0.0431
831.0000 0.0415
832.0000 0.0399
833.0000 0.0383
834.0000 0.0367
835.0000 0.0352
836.0000 0.0337
837.0000 0.0322
838.0000 0.0307
839.0000 0.0292
840.0000 0.0278
841.0000 0.0264
842.0000 0.0249
843.0000 0.0236
844.0000 0.0222
845.0000 0.0208
846.0000 0.0194
847.0000 0.0181
848.0000 0.0168
849.0000 0.0155
850.0000 0.0142
851.0000 0.0129
852.0000 0.0116
853.0000 0.0104
854.0000 0.0091
855.0000 0.0079
856.0000 0.0067
857.0000 0.0055
858.0000 0.0043
859.0000 0.0031
860.0000 0.0020
861.0000 0.0008
862.0000 -0.0003
863.0000 -0.0015
864.0000 -0.0026
865.0000 -0.0037
866.0000 -0.0048
867.0000 -0.0059
868.0000 -0.0070
869.0000 -0.0080
870.0000 -0.0091
871.0000 -0.0101
872.0000 -0.0112
873.0000 -0.0122
874.0000 -0.0132
875.0000 -0.0142
876.0000 -0.0152
877.0000 -0.0162
878.0000 -0.0172
879.0000 -0.0182
880.0000 -0.0192
881.0000 -0.0201
882.0000 -0.0211
883.0000 -0.0220
884.0000 -0.0229
885.0000 -0.0239
886.0000 -0.0248
887.0000 -0.0257
888.0000 -0.0266
889.0000 -0.0275
890.0000 -0.0284
891.0000 -0.0293
892.0000 -0.0301
893.0000 -0.0310
894.0000 -0.0319
895.0000 -0.0327
896.0000 -0.0336
897.0000 -0.0344
898.0000 -0.0352
899.0000 -0.0361
900.0000 -0.0369
901.0000 -0.0377
902.0000 -0.0385
903.0000 -0.0393
904.0000 -0.0401
905.0000 -0.0409
906.0000 -0.0416
907.0000 -0.0424
908.0000 -0.0432
909.0000 -0.0440
910.0000 -0.0447
911.0000 -0.0455
912.0000 -0.0462
913.0000 -0.0469
914.0000 -0.0477
915.0000 -0.0484
916.0000 -0.0491
917.0000 -0.0499
918.0000 -0.0506
919.0000 -0.0513
920.0000 -0.0520
921.0000 -0.0527
922.0000 -0.0534
923.0000 -0.0541
924.0000 -0.0547
925.0000 -0.0554
926.0000 -0.0561
927.0000 -0.0568
928.0000 -0.0574
929.0000 -0.0581
930.0000 -0.0588
931.0000 -0.0594
932.0000 -0.0601
933.0000 -0.0607
934.0000 -0.0613
935.0000 -0.0620
936.0000 -0.0626
937.0000 -0.0632
938.0000 -0.0638
939.0000 -0.0645
940.0000 -0.0651
941.0000 -0.0657
942.0000 -0.0663
943.0000 -0.0669
944.0000 -0.0675
945.0000 -0.0681
946.0000 -0.0687
947.0000 -0.0693
948.0000 -0.0698
949.0000 -0.0704
950.0000 -0.0710
951.0000 -0.0716
952.0000 -0.0721
953.0000 -0.0727
954.0000 -0.0732
955.0000 -0.0738
956.0000 -0.0744
957.0000 -0.0749
958.0000 -0.0754
959.0000 -0.0760
960.0000 -0.0765
961.0000 -0.0771
962.0000 -0.0776
963.0000 -0.0781
964.0000 -0.0787
965.0000 -0.0792
966.0000 -0.0797
967.0000 -0.0802
968.0000 -0.0807
969.0000 -0.0812
970.0000 -0.0817
971.0000 -0.0822
972.0000 -0.0827
973.0000 -0.0832
974.0000 -0.0837
975.0000 -0.0842
976.0000 -0.0847
977.0000 -0.0852
978.0000 -0.0857
979.0000 -0.0862
980.0000 -0.0867
981.0000 -0.0871
982.0000 -0.0876
983.0000 -0.0881
984.0000 -0.0885
985.0000 -0.0890
986.0000 -0.0895
987.0000 -0.0899
988.0000 -0.0904
989.0000 -0.0908
990.0000 -0.0913
991.0000 -0.0917
992.0000 -0.0922
993.0000 -0.0926
994.0000 -0.0931
995.0000 -0.0935
996.0000 -0.0939
997.0000 -0.0944
998.0000 -0.0948
999.0000 -0.0952
1000.0000 -0.0957
1001.0000 -0.0961
1002.0000 -0.0965
1003.0000 -0.0969
1004.0000 -0.0974
1005.0000 -0.0978
1006.0000 -0.0982
1007.0000 -0.0986
1008.0000 -0.0990
1009.0000 -0.0994
1010.0000 -0.0998
1011.0000 -0.1002
1012.0000 -0.1006
1013.0000 -0.1010
1014.0000 -0.1014
1015.0000 -0.1018
1016.0000 -0.1022
1017.0000 -0.1026
1018.0000 -0.1030
1019.0000 -0.1034
1020.0000 -0.1037
1021.0000 -0.1041
1022.0000 -0.1045
1023.0000 -0.1049
1024.0000 -0.1053
1025.0000 -0.1056
1026.0000 -0.1060
1027.0000 -0.1064
1028.0000 -0.1067
1029.0000 -0.1071
1030.0000 -0.1075
1031.0000 -0.1078
1032.0000 -0.1082
1033.0000 -0.1086
1034.0000 -0.1089
1035.0000 -0.1093
1036.0000 -0.1096
1037.0000 -0.1100
1038.0000 -0.1103
1039.0000 -0.1107
1040.0000 -0.1110
1041.0000 -0.1114
1042.0000 -0.1117
1043.0000 -0.1120
1044.0000 -0.1124
1045.0000 -0.1127
1046.0000 -0.1131
1047.0000 -0.1134
1048.0000 -0.1137
1049.0000 -0.1141
1050.0000 -0.1144
1051.0000 -0.1147
1052.0000 -0.1150
1053.0000 -0.1154
1054.0000 -0.1157
1055.0000 -0.1160
1056.0000 -0.1163
1057.0000 -0.1166
1058.0000 -0.1170
1059.0000 -0.1173
1060.0000 -0.1176
1061.0000 -0.1179
1062.0000 -0.1182
1063.0000 -0.1185
1064.0000 -0.1188
1065.0000 -0.1191
1066.0000 -0.1194
1067.0000 -0.1197
1068.0000 -0.1200
1069.0000 -0.1203
1070.0000 -0.1206
1071.0000 -0.1209
1072.0000 -0.1212
1073.0000 -0.1215
1074.0000 -0.1218
1075.0000 -0.1221
1076.0000 -0.1224
1077.0000 -0.1227
1078.0000 -0.1230
1079.0000 -0.1233
1080.0000 -0.1236
1081.0000 -0.1238
1082.0000 -0.1241
1083.0000 -0.1244
1084.0000 -0.1247
1085.0000 -0.1250
1086.0000 -0.1253
1087.0000 -0.1255
1088.0000 -0.1258
1089.0000 -0.1261
1090.0000 -0.1263
1091.0000 -0.1266
1092.0000 -0.1269
1093.0000 -0.1272
1094.0000 -0.1274
1095.0000 -0.1277
1096.0000 -0.1280
1097.0000 -0.1282
1098.0000 -0.1285
1099.0000 -0.1287
1100.0000 -0.1290
1101.0000 -0.1293
1102.0000 -0.1295
1103.0000 -0.1298
1104.0000 -0.1300
1105.0000 -0.1303
1106.0000 -0.1305
1107.0000 -0.1308
1108.0000 -0.1311
1109.0000 -0.1313
1110.0000 -0.1316
1111.0000 -0.1318
1112.0000 -0.1320
1113.0000 -0.1323
1114.0000 -0.1325
1115.0000 -0.1328
1116.0000 -0.1330
1117.0000 -0.1333
1118.0000 -0.1335
1119.0000 -0.1337
1120.0000 -0.1340
1121.0000 -0.1342
1122.0000 -0.1345
1123.0000 -0.1347
1124.0000 -0.1349
1125.0000 -0.1352
1126.0000 -0.1354
1127.0000 -0.1356
1128.0000 -0.1359
1129.0000 -0.1361
1130.0000 -0.1363
1131.0000 -0.1365
1132.0000 -0.1368
1133.0000 -0.1370
1134.0000 -0.1372
1135.0000 -0.1374
1136.0000 -0.1377
1137.0000 -0.1379
1138.0000 -0.1381
1139.0000 -0.1383
1140.0000 -0.1385
1141.0000 -0.1388
1142.0000 -0.1390
1143.0000 -0.1392
1144.0000 -0.1394
1145.0000 -0.1396
1146.0000 -0.1398
1147.0000 -0.1401
1148.0000 -0.1403
1149.0000 -0.1405
1150.0000 -0.1407
1151.0000 -0.1409
1152.0000 -0.1411
1153.0000 -0.1413
1154.0000 -0.1415
1155.0000 -0.1417
1156.0000 -0.1419
1157.0000 -0.1421
1158.0000 -0.1423
1159.0000 -0.1425
1160.0000 -0.1427
1161.0000 -0.1429
1162.0000 -0.1431
1163.0000 -0.1433
1164.0000 -0.1435
1165.0000 -0.1437
1166.0000 -0.1439
1167.0000 -0.1441
1168.0000 -0.1443
1169.0000 -0.1445
1170.0000 -0.1447
1171.0000 -0.1449
1172.0000 -0.1451
1173.0000 -0.1453
1174.0000 -0.1455
1175.0000 -0.1457
1176.0000 -0.1458
1177.0000 -0.1460
1178.0000 -0.1462
1179.0000 -0.1464
1180.0000 -0.1466
1181.0000 -0.1468
1182.0000 -0.1470
1183.0000 -0.1471
1184.0000 -0.1473
1185.0000 -0.1475
1186.0000 -0.1477
1187.0000 -0.1479
1188.0000 -0.1480
1189.0000 -0.1482
1190.0000 -0.1484
1191.0000 -0.1486
1192.0000 -0.1488
1193.0000 -0.1489
1194.0000 -0.1491
1195.0000 -0.1493
1196.0000 -0.1495
1197.0000 -0.1496
1198.0000 -0.1498
1199.0000 -0.1500
1200.0000 -0.1501
