1.0000 0.0000
2.0000 0.0000
3.0000 0.0000
4.0000 0.0000
5.0000 0.0000
6.0000 0.0000
7.0000 0.1368
8.0000 0.2366
9.0000 0.3051
10.0000 0.3480
11.0000 0.3703
12.0000 0.3769
13.0000 0.3722
14.0000 0.3605
15.0000 0.3452
16.0000 0.3295
17.0000 0.3154
18.0000 0.3046
19.0000 0.2981
20.0000 0.2965
21.0000 0.2998
22.0000 0.3078
23.0000 0.3197
24.0000 0.3346
25.0000 0.3514
26.0000 0.3690
27.0000 0.3863
28.0000 0.4023
29.0000 0.4162
30.0000 0.4277
31.0000 0.4364
32.0000 0.4424
33.0000 0.4458
34.0000 0.4471
35.0000 0.4466
36.0000 0.4448
37.0000 0.4423
38.0000 0.4395
39.0000 0.4367
40.0000 0.4345
41.0000 0.4330
42.0000 0.4324
43.0000 0.4327
44.0000 0.4341
45.0000 0.4363
46.0000 0.4393
47.0000 0.4428
48.0000 0.4467
49.0000 0.4506
50.0000 0.4545
51.0000 0.4580
52.0000 0.4610
53.0000 0.4635
54.0000 0.4654
55.0000 0.4665
56.0000 0.4671
57.0000 0.4672
58.0000 0.4667
59.0000 0.4660
60.0000 0.4650
61.0000 0.4639
62.0000 0.4629
63.0000 0.4619
64.0000 0.4612
65.0000 0.4607
66.0000 0.4606
67.0000 0.4607
68.0000 0.4611
69.0000 0.4618
70.0000 0.4626
71.0000 0.4636
72.0000 0.4646
73.0000 0.4657
74.0000 0.4666
75.0000 0.4674
76.0000 0.4681
77.0000 0.4686
78.0000 0.4689
79.0000 0.4690
80.0000 0.4690
81.0000 0.4688
82.0000 0.4685
83.0000 0.4682
84.0000 0.4678
85.0000 0.4674
86.0000 0.4670
87.0000 0.4667
88.0000 0.4665
89.0000 0.4664
90.0000 0.4664
91.0000 0.4665
92.0000 0.4666
93.0000 0.4669
94.0000 0.4671
95.0000 0.4674
96.0000 0.4677
97.0000 0.4680
98.0000 0.4682
99.0000 0.4684
100.0000 0.4685
101.0000 0.4686
102.0000 0.4687
103.0000 0.4686
104.0000 0.4686
105.0000 0.4685
106.0000 0.4684
107.0000 0.4682
108.0000 0.4681
109.0000 0.4680
110.0000 0.4679
111.0000 0.4678
112.0000 0.4678
113.0000 0.4677
114.0000 0.4678
115.0000 0.4678
116.0000 0.4678
117.0000 0.4679
118.0000 0.4680
119.0000 0.4681
120.0000 0.4682
121.0000 0.4682
122.0000 0.4683
123.0000 0.4683
124.0000 0.4684
125.0000 0.4684
126.0000 0.4684
127.0000 0.4684
128.0000 0.4683
129.0000 0.4683
130.0000 0.4683
131.0000 0.4682
132.0000 0.4682
133.0000 0.4681
134.0000 0.4681
135.0000 0.4681
136.0000 0.4681
137.0000 0.4681
138.0000 0.4681
139.0000 0.4681
140.0000 0.4681
141.0000 0.4681
142.0000 0.4682
143.0000 0.4682
144.0000 0.4682
145.0000 0.4682
146.0000 0.4683
147.0000 0.4683
148.0000 0.4683
149.0000 0.4683
150.0000 0.4683
151.0000 0.4683
152.0000 0.4682
153.0000 0.4682
154.0000 0.4682
155.0000 0.4682
156.0000 0.4682
157.0000 0.4682
158.0000 0.4682
159.0000 0.4682
160.0000 0.4682
161.0000 0.4682
162.0000 0.4682
163.0000 0.4682
164.0000 0.4682
165.0000 0.4682
166.0000 0.4682
167.0000 0.4682
168.0000 0.4682
169.0000 0.4682
170.0000 0.4682
171.0000 0.4682
172.0000 0.4682
173.0000 0.4682
174.0000 0.4682
175.0000 0.4682
176.0000 0.4682
177.0000 0.4682
178.0000 0.4682
179.0000 0.4682
180.0000 0.4682
181.0000 0.4682
182.0000 0.4682
183.0000 0.4682
184.0000 0.4682
185.0000 0.4682
186.0000 0.4682
187.0000 0.4682
188.0000 0.4682
189.0000 0.4682
190.0000 0.4682
191.0000 0.4682
192.0000 0.4682
193.0000 0.4682
194.0000 0.4682
195.0000 0.4682
196.0000 0.4682
197.0000 0.4682
198.0000 0.4682
199.0000 0.4682
200.0000 0.4682
201.0000 0.4682
202.0000 0.4682
203.0000 0.4682
204.0000 0.4682
205.0000 0.4682
206.0000 0.4682
207.0000 0.4682
208.0000 0.4682
209.0000 0.4682
210.0000 0.4682
211.0000 0.4682
212.0000 0.4682
213.0000 0.4682
214.0000 0.4682
215.0000 0.4682
216.0000 0.4682
217.0000 0.4682
218.0000 0.4682
219.0000 0.4682
220.0000 0.4682
221.0000 0.4682
222.0000 0.4682
223.0000 0.4682
224.0000 0.4682
225.0000 0.4682
226.0000 0.4682
227.0000 0.4682
228.0000 0.4682
229.0000 0.4682
230.0000 0.4682
231.0000 0.4682
232.0000 0.4682
233.0000 0.4682
234.0000 0.4682
235.0000 0.4682
236.0000 0.4682
237.0000 0.4682
238.0000 0.4682
239.0000 0.4682
240.0000 0.4682
241.0000 0.4682
242.0000 0.4682
243.0000 0.4682
244.0000 0.4682
245.0000 0.4682
246.0000 0.4682
247.0000 0.4682
248.0000 0.4682
249.0000 0.4682
250.0000 0.4682
251.0000 0.7419
252.0000 0.9415
253.0000 1.0000
254.0000 1.0000
255.0000 1.0000
256.0000 1.0000
257.0000 0.9881
258.0000 0.9565
259.0000 0.9112
260.0000 0.8586
261.0000 0.8049
262.0000 0.7547
263.0000 0.7111
264.0000 0.6760
265.0000 0.6505
266.0000 0.6353
267.0000 0.6306
268.0000 0.6360
269.0000 0.6509
270.0000 0.6743
271.0000 0.7045
272.0000 0.7395
273.0000 0.7772
274.0000 0.8152
275.0000 0.8512
276.0000 0.8833
277.0000 0.9099
278.0000 0.9298
279.0000 0.9426
280.0000 0.9482
281.0000 0.9468
282.0000 0.9393
283.0000 0.9265
284.0000 0.9095
285.0000 0.8896
286.0000 0.8680
287.0000 0.8458
288.0000 0.8243
289.0000 0.8044
290.0000 0.7871
291.0000 0.7729
292.0000 0.7626
293.0000 0.7563
294.0000 0.7542
295.0000 0.7563
296.0000 0.7622
297.0000 0.7713
298.0000 0.7831
299.0000 0.7968
300.0000 0.8114
301.0000 0.8261
302.0000 0.8401
303.0000 0.8526
304.0000 0.8630
305.0000 0.8708
306.0000 0.8758
307.0000 0.8779
308.0000 0.8773
309.0000 0.8741
310.0000 0.8687
311.0000 0.8615
312.0000 0.8531
313.0000 0.8439
314.0000 0.8345
315.0000 0.8254
316.0000 0.8171
317.0000 0.8099
318.0000 0.8041
319.0000 0.7999
320.0000 0.7975
321.0000 0.7969
322.0000 0.7981
323.0000 0.8008
324.0000 0.8048
325.0000 0.8098
326.0000 0.8155
327.0000 0.8216
328.0000 0.8277
329.0000 0.8334
330.0000 0.8385
331.0000 0.8427
332.0000 0.8459
333.0000 0.8479
334.0000 0.8488
335.0000 0.8484
336.0000 0.8471
337.0000 0.8448
338.0000 0.8418
339.0000 0.8383
340.0000 0.8344
341.0000 0.8305
342.0000 0.8267
343.0000 0.8232
344.0000 0.8202
345.0000 0.8179
346.0000 0.8162
347.0000 0.8153
348.0000 0.8151
349.0000 0.8156
350.0000 0.8168
351.0000 0.8185
352.0000 0.8207
353.0000 0.8231
354.0000 0.8256
355.0000 0.8281
356.0000 0.8305
357.0000 0.8326
358.0000 0.8343
359.0000 0.8356
360.0000 0.8364
361.0000 0.8367
362.0000 0.8366
363.0000 0.8360
364.0000 0.8350
365.0000 0.8338
366.0000 0.8323
367.0000 0.8307
368.0000 0.8290
369.0000 0.8275
370.0000 0.8260
371.0000 0.8248
372.0000 0.8238
373.0000 0.8231
374.0000 0.8228
375.0000 0.8227
376.0000 0.8230
377.0000 0.8235
378.0000 0.8242
379.0000 0.8251
380.0000 0.8261
381.0000 0.8272
382.0000 0.8282
383.0000 0.8292
384.0000 0.8301
385.0000 0.8308
386.0000 0.8313
387.0000 0.8316
388.0000 0.8318
389.0000 0.8317
390.0000 0.8314
391.0000 0.8310
392.0000 0.8305
393.0000 0.8299
394.0000 0.8292
395.0000 0.8285
396.0000 0.8278
397.0000 0.8273
398.0000 0.8267
399.0000 0.8263
400.0000 0.8261
401.0000 0.8259
402.0000 0.8259
403.0000 0.8260
404.0000 0.8263
405.0000 0.8266
406.0000 0.8269
407.0000 0.8274
408.0000 0.8278
409.0000 0.8282
410.0000 0.8286
411.0000 0.8290
412.0000 0.8293
413.0000 0.8295
414.0000 0.8296
415.0000 0.8297
416.0000 0.8296
417.0000 0.8295
418.0000 0.8294
419.0000 0.8291
420.0000 0.8289
421.0000 0.8286
422.0000 0.8283
423.0000 0.8280
424.0000 0.8278
425.0000 0.8276
426.0000 0.8274
427.0000 0.8273
428.0000 0.8273
429.0000 0.8273
430.0000 0.8273
431.0000 0.8274
432.0000 0.8275
433.0000 0.8277
434.0000 0.8279
435.0000 0.8281
436.0000 0.8282
437.0000 0.8284
438.0000 0.8285
439.0000 0.8287
440.0000 0.8288
441.0000 0.8288
442.0000 0.8288
443.0000 0.8288
444.0000 0.8288
445.0000 0.8287
446.0000 0.8286
447.0000 0.8285
448.0000 0.8284
449.0000 0.8282
450.0000 0.8281
451.0000 0.8280
452.0000 0.8279
453.0000 0.8279
454.0000 0.8278
455.0000 0.8278
456.0000 0.8278
457.0000 0.8278
458.0000 0.8279
459.0000 0.8279
460.0000 0.8280
461.0000 0.8281
462.0000 0.8281
463.0000 0.8282
464.0000 0.8283
465.0000 0.8283
466.0000 0.8284
467.0000 0.8284
468.0000 0.8285
469.0000 0.8285
470.0000 0.8285
471.0000 0.8284
472.0000 0.8284
473.0000 0.8284
474.0000 0.8283
475.0000 0.8283
476.0000 0.8282
477.0000 0.8282
478.0000 0.8281
479.0000 0.8281
480.0000 0.8281
481.0000 0.8280
482.0000 0.8280
483.0000 0.8280
484.0000 0.8280
485.0000 0.8281
486.0000 0.8281
487.0000 0.8281
488.0000 0.8281
489.0000 0.8282
490.0000 0.8282
491.0000 0.8282
492.0000 0.8283
493.0000 0.8283
494.0000 0.8283
495.0000 0.8283
496.0000 0.8283
497.0000 0.8283
498.0000 0.8283
499.0000 0.8283
500.0000 0.8283
501.0000 0.6914
502.0000 0.5916
503.0000 0.5231
504.0000 0.4802
505.0000 0.4579
506.0000 0.4513
507.0000 0.4581
508.0000 0.4773
509.0000 0.5078
510.0000 0.5477
511.0000 0.5941
512.0000 0.6434
513.0000 0.6919
514.0000 0.7360
515.0000 0.7730
516.0000 0.8008
517.0000 0.8186
518.0000 0.8260
519.0000 0.8237
520.0000 0.8129
521.0000 0.7950
522.0000 0.7718
523.0000 0.7450
524.0000 0.7165
525.0000 0.6880
526.0000 0.6608
527.0000 0.6364
528.0000 0.6159
529.0000 0.6000
530.0000 0.5894
531.0000 0.5844
532.0000 0.5849
533.0000 0.5906
534.0000 0.6009
535.0000 0.6148
536.0000 0.6314
537.0000 0.6493
538.0000 0.6674
539.0000 0.6844
540.0000 0.6995
541.0000 0.7116
542.0000 0.7204
543.0000 0.7255
544.0000 0.7270
545.0000 0.7250
546.0000 0.7200
547.0000 0.7126
548.0000 0.7032
549.0000 0.6928
550.0000 0.6818
551.0000 0.6711
552.0000 0.6612
553.0000 0.6525
554.0000 0.6456
555.0000 0.6406
556.0000 0.6378
557.0000 0.6372
558.0000 0.6385
559.0000 0.6418
560.0000 0.6465
561.0000 0.6523
562.0000 0.6588
563.0000 0.6655
564.0000 0.6721
565.0000 0.6781
566.0000 0.6831
567.0000 0.6871
568.0000 0.6897
569.0000 0.6910
570.0000 0.6909
571.0000 0.6896
572.0000 0.6873
573.0000 0.6842
574.0000 0.6805
575.0000 0.6765
576.0000 0.6724
577.0000 0.6685
578.0000 0.6650
579.0000 0.6621
580.0000 0.6599
581.0000 0.6585
582.0000 0.6579
583.0000 0.6580
584.0000 0.6589
585.0000 0.6605
586.0000 0.6625
587.0000 0.6648
588.0000 0.6673
589.0000 0.6697
590.0000 0.6721
591.0000 0.6741
592.0000 0.6758
593.0000 0.6770
594.0000 0.6777
595.0000 0.6780
596.0000 0.6777
597.0000 0.6771
598.0000 0.6760
599.0000 0.6748
600.0000 0.6733
601.0000 0.6718
602.0000 0.6703
603.0000 0.6689
604.0000 0.6677
605.0000 0.6668
606.0000 0.6661
607.0000 0.6657
608.0000 0.6657
609.0000 0.6659
610.0000 0.6663
611.0000 0.6670
612.0000 0.6678
613.0000 0.6687
614.0000 0.6696
615.0000 0.6705
616.0000 0.6713
617.0000 0.6720
618.0000 0.6726
619.0000 0.6729
620.0000 0.6731
621.0000 0.6731
622.0000 0.6729
623.0000 0.6726
624.0000 0.6722
625.0000 0.6717
626.0000 0.6711
627.0000 0.6706
628.0000 0.6700
629.0000 0.6695
630.0000 0.6691
631.0000 0.6688
632.0000 0.6687
633.0000 0.6686
634.0000 0.6686
635.0000 0.6687
636.0000 0.6689
637.0000 0.6692
638.0000 0.6695
639.0000 0.6699
640.0000 0.6702
641.0000 0.6705
642.0000 0.6708
643.0000 0.6710
644.0000 0.6712
645.0000 0.6713
646.0000 0.6713
647.0000 0.6713
648.0000 0.6712
649.0000 0.6711
650.0000 0.6709
651.0000 0.6707
652.0000 0.6705
653.0000 0.6703
654.0000 0.6701
655.0000 0.6699
656.0000 0.6698
657.0000 0.6697
658.0000 0.6697
659.0000 0.6697
660.0000 0.6697
661.0000 0.6697
662.0000 0.6698
663.0000 0.6700
664.0000 0.6701
665.0000 0.6702
666.0000 0.6703
667.0000 0.6704
668.0000 0.6705
669.0000 0.6706
670.0000 0.6707
671.0000 0.6707
672.0000 0.6707
673.0000 0.6707
674.0000 0.6706
675.0000 0.6706
676.0000 0.6705
677.0000 0.6704
678.0000 0.6703
679.0000 0.6703
680.0000 0.6702
681.0000 0.6701
682.0000 0.6701
683.0000 0.6701
684.0000 0.6701
685.0000 0.6701
686.0000 0.6701
687.0000 0.6701
688.0000 0.6701
689.0000 0.6702
690.0000 0.6702
691.0000 0.6703
692.0000 0.6703
693.0000 0.6704
694.0000 0.6704
695.0000 0.6704
696.0000 0.6704
697.0000 0.6704
698.0000 0.6704
699.0000 0.6704
700.0000 0.6704
701.0000 0.6704
702.0000 0.6703
703.0000 0.6703
704.0000 0.6703
705.0000 0.6703
706.0000 0.6702
707.0000 0.6702
708.0000 0.6702
709.0000 0.6702
710.0000 0.6702
711.0000 0.6702
712.0000 0.6702
713.0000 0.6702
714.0000 0.6702
715.0000 0.6703
716.0000 0.6703
717.0000 0.6703
718.0000 0.6703
719.0000 0.6703
720.0000 0.6703
721.0000 0.6703
722.0000 0.6703
723.0000 0.6703
724.0000 0.6703
725.0000 0.6703
726.0000 0.6703
727.0000 0.6703
728.0000 0.6703
729.0000 0.6703
730.0000 0.6703
731.0000 0.6703
732.0000 0.6703
733.0000 0.6703
734.0000 0.6703
735.0000 0.6703
736.0000 0.6703
737.0000 0.6703
738.0000 0.6703
739.0000 0.6703
740.0000 0.6703
741.0000 0.6703
742.0000 0.6703
743.0000 0.6703
744.0000 0.6703
745.0000 0.6703
746.0000 0.6703
747.0000 0.6703
748.0000 0.6703
749.0000 0.6703
750.0000 0.6703
751.0000 0.3871
752.0000 0.1805
753.0000 0.0387
754.0000 -0.0500
755.0000 -0.0962
756.0000 -0.1098
757.0000 -0.0945
758.0000 -0.0501
759.0000 0.0196
760.0000 0.1038
761.0000 0.1885
762.0000 0.2614
763.0000 0.3148
764.0000 0.3455
765.0000 0.3541
766.0000 0.3439
767.0000 0.3194
768.0000 0.2855
769.0000 0.2467
770.0000 0.2069
771.0000 0.1695
772.0000 0.1369
773.0000 0.1108
774.0000 0.0923
775.0000 0.0818
776.0000 0.0788
777.0000 0.0823
778.0000 0.0907
779.0000 0.1019
780.0000 0.1139
781.0000 0.1249
782.0000 0.1333
783.0000 0.1385
784.0000 0.1400
785.0000 0.1381
786.0000 0.1333
787.0000 0.1264
788.0000 0.1182
789.0000 0.1095
790.0000 0.1010
791.0000 0.0934
792.0000 0.0869
793.0000 0.0819
794.0000 0.0783
795.0000 0.0760
796.0000 0.0748
797.0000 0.0742
798.0000 0.0741
799.0000 0.0740
800.0000 0.0737
801.0000 0.0731
802.0000 0.0719
803.0000 0.0703
804.0000 0.0683
805.0000 0.0659
806.0000 0.0633
807.0000 0.0605
808.0000 0.0577
809.0000 0.0551
810.0000 0.0525
811.0000 0.0502
812.0000 0.0480
813.0000 0.0461
814.0000 0.0443
815.0000 0.0426
816.0000 0.0411
817.0000 0.0395
818.0000 0.0380
819.0000 0.0365
820.0000 0.0350
821.0000 0.0334
822.0000 0.0319
823.0000 0.0302
824.0000 0.0286
825.0000 0.0270
826.0000 0.0253
827.0000 0.0237
828.0000 0.0221
829.0000 0.0206
830.0000 0.0191
831.0000 0.0176
832.0000 0.0161
833.0000 0.0147
834.0000 0.0133
835.0000 0.0119
836.0000 0.0105
837.0000 0.0092
838.0000 0.0079
839.0000 0.0065
840.0000 0.0052
841.0000 0.0039
842.0000 0.0026
843.0000 0.0013
844.0000 0.0001
845.0000 -0.0012
846.0000 -0.0024
847.0000 -0.0036
848.0000 -0.0048
849.0000 -0.0060
850.0000 -0.0072
851.0000 -0.0084
852.0000 -0.0096
853.0000 -0.0107
854.0000 -0.0119
855.0000 -0.0130
856.0000 -0.0141
857.0000 -0.0152
858.0000 -0.0163
859.0000 -0.0174
860.0000 -0.0184
861.0000 -0.0195
862.0000 -0.0206
863.0000 -0.0216
864.0000 -0.0226
865.0000 -0.0236
866.0000 -0.0247
867.0000 -0.0257
868.0000 -0.0267
869.0000 -0.0276
870.0000 -0.0286
871.0000 -0.0296
872.0000 -0.0305
873.0000 -0.0315
874.0000 -0.0324
875.0000 -0.0334
876.0000 -0.0343
877.0000 -0.0352
878.0000 -0.0361
879.0000 -0.0370
880.0000 -0.0379
881.0000 -0.0388
882.0000 -0.0397
883.0000 -0.0405
884.0000 -0.0414
885.0000 -0.0422
886.0000 -0.0431
887.0000 -0.0439
888.0000 -0.0448
889.0000 -0.0456
890.0000 -0.0464
891.0000 -0.0472
892.0000 -0.0480
893.0000 -0.0488
894.0000 -0.0496
895.0000 -0.0504
896.0000 -0.0512
897.0000 -0.0520
898.0000 -0.0527
899.0000 -0.0535
900.0000 -0.0543
901.0000 -0.0550
902.0000 -0.0558
903.0000 -0.0565
904.0000 -0.0572
905.0000 -0.0580
906.0000 -0.0587
907.0000 -0.0594
908.0000 -0.0601
909.0000 -0.0608
910.0000 -0.0615
911.0000 -0.0622
912.0000 -0.0629
913.0000 -0.0636
914.0000 -0.0643
915.0000 -0.0649
916.0000 -0.0656
917.0000 -0.0663
918.0000 -0.0669
919.0000 -0.0676
920.0000 -0.0682
921.0000 -0.0689
922.0000 -0.0695
923.0000 -0.0702
924.0000 -0.0708
925.0000 -0.0714
926.0000 -0.0721
927.0000 -0.0727
928.0000 -0.0733
929.0000 -0.0739
930.0000 -0.0745
931.0000 -0.0751
932.0000 -0.0757
933.0000 -0.0763
934.0000 -0.0769
935.0000 -0.0775
936.0000 -0.0781
937.0000 -0.0786
938.0000 -0.0792
939.0000 -0.0798
940.0000 -0.0804
941.0000 -0.0809
942.0000 -0.0815
943.0000 -0.0820
944.0000 -0.0826
945.0000 -0.0831
946.0000 -0.0837
947.0000 -0.0842
948.0000 -0.0848
949.0000 -0.0853
950.0000 -0.0858
951.0000 -0.0864
952.0000 -0.0869
953.0000 -0.0874
954.0000 -0.0879
955.0000 -0.0884
956.0000 -0.0890
957.0000 -0.0895
958.0000 -0.0900
959.0000 -0.0905
960.0000 -0.0910
961.0000 -0.0915
962.0000 -0.0920
963.0000 -0.0924
964.0000 -0.0929
965.0000 -0.0934
966.0000 -0.0939
967.0000 -0.0944
968.0000 -0.0949
969.0000 -0.0953
970.0000 -0.0958
971.0000 -0.0963
972.0000 -0.0967
973.0000 -0.0972
974.0000 -0.0976
975.0000 -0.0981
976.0000 -0.0986
977.0000 -0.0990
978.0000 -0.0994
979.0000 -0.0999
980.0000 -0.1003
981.0000 -0.1008
982.0000 -0.1012
983.0000 -0.1016
984.0000 -0.1021
985.0000 -0.1025
986.0000 -0.1029
987.0000 -0.1034
988.0000 -0.1038
989.0000 -0.1042
990.0000 -0.1046
991.0000 -0.1050
992.0000 -0.1054
993.0000 -0.1059
994.0000 -0.1063
995.0000 -0.1067
996.0000 -0.1071
997.0000 -0.1075
998.0000 -0.1079
999.0000 -0.1083
1000.0000 -0.1087
1001.0000 -0.1091
1002.0000 -0.1094
1003.0000 -0.1098
1004.0000 -0.1102
1005.0000 -0.1106
1006.0000 -0.1110
1007.0000 -0.1114
1008.0000 -0.1117
1009.0000 -0.1121
1010.0000 -0.1125
1011.0000 -0.1129
1012.0000 -0.1132
1013.0000 -0.1136
1014.0000 -0.1140
1015.0000 -0.1143
1016.0000 -0.1147
1017.0000 -0.1150
1018.0000 -0.1154
1019.0000 -0.1158
1020.0000 -0.1161
1021.0000 -0.1165
1022.0000 -0.1168
1023.0000 -0.1172
1024.0000 -0.1175
1025.0000 -0.1178
1026.0000 -0.1182
1027.0000 -0.1185
1028.0000 -0.1189
1029.0000 -0.1192
1030.0000 -0.1195
1031.0000 -0.1199
1032.0000 -0.1202
1033.0000 -0.1205
1034.0000 -0.1209
1035.0000 -0.1212
1036.0000 -0.1215
1037.0000 -0.1218
1038.0000 -0.1222
1039.0000 -0.1225
1040.0000 -0.1228
1041.0000 -0.1231
1042.0000 -0.1234
1043.0000 -0.1237
1044.0000 -0.1240
1045.0000 -0.1244
1046.0000 -0.1247
1047.0000 -0.1250
1048.0000 -0.1253
1049.0000 -0.1256
1050.0000 -0.1259
1051.0000 -0.1262
1052.0000 -0.1265
1053.0000 -0.1268
1054.0000 -0.1271
1055.0000 -0.1274
1056.0000 -0.1277
1057.0000 -0.1280
1058.0000 -0.1283
1059.0000 -0.1285
1060.0000 -0.1288
1061.0000 -0.1291
1062.0000 -0.1294
1063.0000 -0.1297
1064.0000 -0.1300
1065.0000 -0.1302
1066.0000 -0.1305
1067.0000 -0.1308
1068.0000 -0.1311
1069.0000 -0.1314
1070.0000 -0.1316
1071.0000 -0.1319
1072.0000 -0.1322
1073.0000 -0.1324
1074.0000 -0.1327
1075.0000 -0.1330
1076.0000 -0.1332
1077.0000 -0.1335
1078.0000 -0.1338
1079.0000 -0.1340
1080.0000 -0.1343
1081.0000 -0.1346
1082.0000 -0.1348
1083.0000 -0.1351
1084.0000 -0.1353
1085.0000 -0.1356
1086.0000 -0.1358
1087.0000 -0.1361
1088.0000 -0.1363
1089.0000 -0.1366
1090.0000 -0.1368
1091.0000 -0.1371
1092.0000 -0.1373
1093.0000 -0.1376
1094.0000 -0.1378
1095.0000 -0.1381
1096.0000 -0.1383
1097.0000 -0.1385
1098.0000 -0.1388
1099.0000 -0.1390
1100.0000 -0.1393
1101.0000 -0.1395
1102.0000 -0.1397
1103.0000 -0.1400
1104.0000 -0.1402
1105.0000 -0.1404
1106.0000 -0.1407
1107.0000 -0.1409
1108.0000 -0.1411
1109.0000 -0.1414
1110.0000 -0.1416
1111.0000 -0.1418
1112.0000 -0.1420
1113.0000 -0.1423
1114.0000 -0.1425
1115.0000 -0.1427
1116.0000 -0.1429
1117.0000 -0.1431
1118.0000 -0.1434
1119.0000 -0.1436
1120.0000 -0.1438
1121.0000 -0.1440
1122.0000 -0.1442
1123.0000 -0.1444
1124.0000 -0.1446
1125.0000 -0.1449
1126.0000 -0.1451
1127.0000 -0.1453
1128.0000 -0.1455
1129.0000 -0.1457
1130.0000 -0.1459
1131.0000 -0.1461
1132.0000 -0.1463
1133.0000 -0.1465
1134.0000 -0.1467
1135.0000 -0.1469
1136.0000 -0.1471
1137.0000 -0.1473
1138.0000 -0.1475
1139.0000 -0.1477
1140.0000 -0.1479
1141.0000 -0.1481
1142.0000 -0.1483
1143.0000 -0.1485
1144.0000 -0.1487
1145.0000 -0.1489
1146.0000 -0.1491
1147.0000 -0.1493
1148.0000 -0.1495
1149.0000 -0.1497
1150.0000 -0.1499
1151.0000 -0.1500
1152.0000 -0.1502
1153.0000 -0.1504
1154.0000 -0.1506
1155.0000 -0.1508
1156.0000 -0.1510
1157.0000 -0.1512
1158.0000 -0.1513
1159.0000 -0.1515
1160.0000 -0.1517
1161.0000 -0.1519
1162.0000 -0.1521
1163.0000 -0.1523
1164.0000 -0.1524
1165.0000 -0.1526
1166.0000 -0.1528
1167.0000 -0.1530
1168.0000 -0.1531
1169.0000 -0.1533
1170.0000 -0.1535
1171.0000 -0.1537
1172.0000 -0.1538
1173.0000 -0.1540
1174.0000 -0.1542
1175.0000 -0.1543
1176.0000 -0.1545
1177.0000 -0.1547
1178.0000 -0.1548
1179.0000 -0.1550
1180.0000 -0.1552
1181.0000 -0.1553
1182.0000 -0.1555
1183.0000 -0.1557
1184.0000 -0.1558
1185.0000 -0.1560
1186.0000 -0.1562
1187.0000 -0.1563
1188.0000 -0.1565
1189.0000 -0.1566
1190.0000 -0.1568
1191.0000 -0.1570
1192.0000 -0.1571
1193.0000 -0.1573
1194.0000 -0.1574
1195.0000 -0.1576
1196.0000 -0.1578
1197.0000 -0.1579
1198.0000 -0.1581
1199.0000 -0.1582
1200.0000 -0.1584
