1.0000 0.0000
2.0000 0.0000
3.0000 0.0000
4.0000 0.0000
5.0000 0.0000
6.0000 0.0000
7.0000 0.1369
8.0000 0.2367
9.0000 0.3052
10.0000 0.3480
11.0000 0.3703
12.0000 0.3769
13.0000 0.3722
14.0000 0.3605
15.0000 0.3452
16.0000 0.3294
17.0000 0.3153
18.0000 0.3045
19.0000 0.2981
20.0000 0.2965
21.0000 0.2998
22.0000 0.3078
23.0000 0.3197
24.0000 0.3346
25.0000 0.3514
26.0000 0.3690
27.0000 0.3863
28.0000 0.4023
29.0000 0.4163
30.0000 0.4277
31.0000 0.4364
32.0000 0.4424
33.0000 0.4459
34.0000 0.4471
35.0000 0.4466
36.0000 0.4448
37.0000 0.4423
38.0000 0.4394
39.0000 0.4367
40.0000 0.4345
41.0000 0.4330
42.0000 0.4323
43.0000 0.4327
44.0000 0.4341
45.0000 0.4363
46.0000 0.4393
47.0000 0.4428
48.0000 0.4467
49.0000 0.4506
50.0000 0.4545
51.0000 0.4580
52.0000 0.4610
53.0000 0.4635
54.0000 0.4654
55.0000 0.4665
56.0000 0.4671
57.0000 0.4672
58.0000 0.4667
59.0000 0.4660
60.0000 0.4650
61.0000 0.4639
62.0000 0.4628
63.0000 0.4619
64.0000 0.4612
65.0000 0.4607
66.0000 0.4606
67.0000 0.4607
68.0000 0.4611
69.0000 0.4618
70.0000 0.4626
71.0000 0.4636
72.0000 0.4646
73.0000 0.4657
74.0000 0.4666
75.0000 0.4674
76.0000 0.4681
77.0000 0.4686
78.0000 0.4689
79.0000 0.4690
80.0000 0.4690
81.0000 0.4688
82.0000 0.4685
83.0000 0.4682
84.0000 0.4678
85.0000 0.4674
86.0000 0.4670
87.0000 0.4667
88.0000 0.4665
89.0000 0.4664
90.0000 0.4664
91.0000 0.4665
92.0000 0.4666
93.0000 0.4669
94.0000 0.4671
95.0000 0.4674
96.0000 0.4677
97.0000 0.4680
98.0000 0.4682
99.0000 0.4684
100.0000 0.4685
101.0000 0.4686
102.0000 0.4687
103.0000 0.4686
104.0000 0.4686
105.0000 0.4685
106.0000 0.4684
107.0000 0.4682
108.0000 0.4681
109.0000 0.4680
110.0000 0.4679
111.0000 0.4678
112.0000 0.4678
113.0000 0.4677
114.0000 0.4678
115.0000 0.4678
116.0000 0.4678
117.0000 0.4679
118.0000 0.4680
119.0000 0.4681
120.0000 0.4682
121.0000 0.4682
122.0000 0.4683
123.0000 0.4683
124.0000 0.4684
125.0000 0.4684
126.0000 0.4684
127.0000 0.4684
128.0000 0.4683
129.0000 0.4683
130.0000 0.4683
131.0000 0.4682
132.0000 0.4682
133.0000 0.4681
134.0000 0.4681
135.0000 0.4681
136.0000 0.4681
137.0000 0.4681
138.0000 0.4681
139.0000 0.4681
140.0000 0.4681
141.0000 0.4681
142.0000 0.4682
143.0000 0.4682
144.0000 0.4682
145.0000 0.4682
146.0000 0.4683
147.0000 0.4683
148.0000 0.4683
149.0000 0.4683
150.0000 0.4683
151.0000 0.4683
152.0000 0.4682
153.0000 0.4682
154.0000 0.4682
155.0000 0.4682
156.0000 0.4682
157.0000 0.4682
158.0000 0.4682
159.0000 0.4682
160.0000 0.4682
161.0000 0.4682
162.0000 0.4682
163.0000 0.4682
164.0000 0.4682
165.0000 0.4682
166.0000 0.4682
167.0000 0.4682
168.0000 0.4682
169.0000 0.4682
170.0000 0.4682
171.0000 0.4682
172.0000 0.4682
173.0000 0.4682
174.0000 0.4682
175.0000 0.4682
176.0000 0.4682
177.0000 0.4682
178.0000 0.4682
179.0000 0.4682
180.0000 0.4682
181.0000 0.4682
182.0000 0.4682
183.0000 0.4682
184.0000 0.4682
185.0000 0.4682
186.0000 0.4682
187.0000 0.4682
188.0000 0.4682
189.0000 0.4682
190.0000 0.4682
191.0000 0.4682
192.0000 0.4682
193.0000 0.4682
194.0000 0.4682
195.0000 0.4682
196.0000 0.4682
197.0000 0.4682
198.0000 0.4682
199.0000 0.4682
200.0000 0.4682
201.0000 0.4682
202.0000 0.4682
203.0000 0.4682
204.0000 0.4682
205.0000 0.4682
206.0000 0.4682
207.0000 0.4682
208.0000 0.4682
209.0000 0.4682
210.0000 0.4682
211.0000 0.4682
212.0000 0.4682
213.0000 0.4682
214.0000 0.4682
215.0000 0.4682
216.0000 0.4682
217.0000 0.4682
218.0000 0.4682
219.0000 0.4682
220.0000 0.4682
221.0000 0.4682
222.0000 0.4682
223.0000 0.4682
224.0000 0.4682
225.0000 0.4682
226.0000 0.4682
227.0000 0.4682
228.0000 0.4682
229.0000 0.4682
230.0000 0.4682
231.0000 0.4682
232.0000 0.4682
233.0000 0.4682
234.0000 0.4682
235.0000 0.4682
236.0000 0.4682
237.0000 0.4682
238.0000 0.4682
239.0000 0.4682
240.0000 0.4682
241.0000 0.4682
242.0000 0.4682
243.0000 0.4682
244.0000 0.4682
245.0000 0.4682
246.0000 0.4682
247.0000 0.4682
248.0000 0.4682
249.0000 0.4682
250.0000 0.4682
251.0000 0.7419
252.0000 0.9415
253.0000 1.0000
254.0000 1.0000
255.0000 1.0000
256.0000 1.0000
257.0000 0.9881
258.0000 0.9564
259.0000 0.9111
260.0000 0.8585
261.0000 0.8048
262.0000 0.7546
263.0000 0.7110
264.0000 0.6759
265.0000 0.6504
266.0000 0.6352
267.0000 0.6305
268.0000 0.6359
269.0000 0.6509
270.0000 0.6743
271.0000 0.7045
272.0000 0.7396
273.0000 0.7773
274.0000 0.8153
275.0000 0.8514
276.0000 0.8834
277.0000 0.9100
278.0000 0.9299
279.0000 0.9427
280.0000 0.9482
281.0000 0.9469
282.0000 0.9393
283.0000 0.9264
284.0000 0.9095
285.0000 0.8895
286.0000 0.8679
287.0000 0.8458
288.0000 0.8242
289.0000 0.8044
290.0000 0.7870
291.0000 0.7729
292.0000 0.7625
293.0000 0.7563
294.0000 0.7542
295.0000 0.7563
296.0000 0.7622
297.0000 0.7714
298.0000 0.7832
299.0000 0.7968
300.0000 0.8115
301.0000 0.8262
302.0000 0.8402
303.0000 0.8527
304.0000 0.8630
305.0000 0.8708
306.0000 0.8758
307.0000 0.8780
308.0000 0.8773
309.0000 0.8741
310.0000 0.8686
311.0000 0.8614
312.0000 0.8530
313.0000 0.8438
314.0000 0.8345
315.0000 0.8254
316.0000 0.8170
317.0000 0.8098
318.0000 0.8040
319.0000 0.7999
320.0000 0.7975
321.0000 0.7969
322.0000 0.7981
323.0000 0.8008
324.0000 0.8048
325.0000 0.8098
326.0000 0.8156
327.0000 0.8217
328.0000 0.8277
329.0000 0.8335
330.0000 0.8385
331.0000 0.8428
332.0000 0.8459
333.0000 0.8479
334.0000 0.8488
335.0000 0.8484
336.0000 0.8471
337.0000 0.8448
338.0000 0.8418
339.0000 0.8382
340.0000 0.8344
341.0000 0.8305
342.0000 0.8267
343.0000 0.8232
344.0000 0.8202
345.0000 0.8179
346.0000 0.8162
347.0000 0.8153
348.0000 0.8151
349.0000 0.8156
350.0000 0.8168
351.0000 0.8185
352.0000 0.8207
353.0000 0.8231
354.0000 0.8256
355.0000 0.8281
356.0000 0.8305
357.0000 0.8326
358.0000 0.8343
359.0000 0.8356
360.0000 0.8364
361.0000 0.8367
362.0000 0.8366
363.0000 0.8360
364.0000 0.8350
365.0000 0.8337
366.0000 0.8323
367.0000 0.8307
368.0000 0.8290
369.0000 0.8274
370.0000 0.8260
371.0000 0.8248
372.0000 0.8238
373.0000 0.8231
374.0000 0.8228
375.0000 0.8227
376.0000 0.8230
377.0000 0.8235
378.0000 0.8242
379.0000 0.8251
380.0000 0.8261
381.0000 0.8272
382.0000 0.8282
383.0000 0.8292
384.0000 0.8301
385.0000 0.8308
386.0000 0.8313
387.0000 0.8316
388.0000 0.8318
389.0000 0.8317
390.0000 0.8314
391.0000 0.8310
392.0000 0.8305
393.0000 0.8298
394.0000 0.8292
395.0000 0.8285
396.0000 0.8278
397.0000 0.8272
398.0000 0.8267
399.0000 0.8263
400.0000 0.8261
401.0000 0.8259
402.0000 0.8259
403.0000 0.8260
404.0000 0.8263
405.0000 0.8266
406.0000 0.8270
407.0000 0.8274
408.0000 0.8278
409.0000 0.8282
410.0000 0.8287
411.0000 0.8290
412.0000 0.8293
413.0000 0.8295
414.0000 0.8296
415.0000 0.8297
416.0000 0.8296
417.0000 0.8295
418.0000 0.8294
419.0000 0.8291
420.0000 0.8289
421.0000 0.8286
422.0000 0.8283
423.0000 0.8280
424.0000 0.8278
425.0000 0.8276
426.0000 0.8274
427.0000 0.8273
428.0000 0.8273
429.0000 0.8273
430.0000 0.8273
431.0000 0.8274
432.0000 0.8275
433.0000 0.8277
434.0000 0.8279
435.0000 0.8281
436.0000 0.8282
437.0000 0.8284
438.0000 0.8285
439.0000 0.8287
440.0000 0.8288
441.0000 0.8288
442.0000 0.8288
443.0000 0.8288
444.0000 0.8288
445.0000 0.8287
446.0000 0.8286
447.0000 0.8285
448.0000 0.8284
449.0000 0.8282
450.0000 0.8281
451.0000 0.8280
452.0000 0.8279
453.0000 0.8279
454.0000 0.8278
455.0000 0.8278
456.0000 0.8278
457.0000 0.8278
458.0000 0.8279
459.0000 0.8279
460.0000 0.8280
461.0000 0.8281
462.0000 0.8281
463.0000 0.8282
464.0000 0.8283
465.0000 0.8284
466.0000 0.8284
467.0000 0.8284
468.0000 0.8285
469.0000 0.8285
470.0000 0.8285
471.0000 0.8284
472.0000 0.8284
473.0000 0.8284
474.0000 0.8283
475.0000 0.8283
476.0000 0.8282
477.0000 0.8282
478.0000 0.8281
479.0000 0.8281
480.0000 0.8281
481.0000 0.8280
482.0000 0.8280
483.0000 0.8280
484.0000 0.8280
485.0000 0.8281
486.0000 0.8281
487.0000 0.8281
488.0000 0.8281
489.0000 0.8282
490.0000 0.8282
491.0000 0.8282
492.0000 0.8283
493.0000 0.8283
494.0000 0.8283
495.0000 0.8283
496.0000 0.8283
497.0000 0.8283
498.0000 0.8283
499.0000 0.8283
500.0000 0.8283
501.0000 0.6914
502.0000 0.5916
503.0000 0.5230
504.0000 0.4802
505.0000 0.4578
506.0000 0.4512
507.0000 0.4581
508.0000 0.4773
509.0000 0.5078
510.0000 0.5478
511.0000 0.5942
512.0000 0.6435
513.0000 0.6920
514.0000 0.7361
515.0000 0.7731
516.0000 0.8009
517.0000 0.8186
518.0000 0.8260
519.0000 0.8237
520.0000 0.8129
521.0000 0.7950
522.0000 0.7718
523.0000 0.7450
524.0000 0.7165
525.0000 0.6879
526.0000 0.6608
527.0000 0.6364
528.0000 0.6158
529.0000 0.6000
530.0000 0.5894
531.0000 0.5844
532.0000 0.5849
533.0000 0.5906
534.0000 0.6009
535.0000 0.6149
536.0000 0.6314
537.0000 0.6494
538.0000 0.6674
539.0000 0.6845
540.0000 0.6995
541.0000 0.7117
542.0000 0.7204
543.0000 0.7256
544.0000 0.7270
545.0000 0.7250
546.0000 0.7200
547.0000 0.7125
548.0000 0.7032
549.0000 0.6927
550.0000 0.6818
551.0000 0.6711
552.0000 0.6611
553.0000 0.6525
554.0000 0.6455
555.0000 0.6406
556.0000 0.6378
557.0000 0.6372
558.0000 0.6385
559.0000 0.6418
560.0000 0.6465
561.0000 0.6523
562.0000 0.6588
563.0000 0.6656
564.0000 0.6721
565.0000 0.6781
566.0000 0.6832
567.0000 0.6871
568.0000 0.6897
569.0000 0.6910
570.0000 0.6909
571.0000 0.6896
572.0000 0.6873
573.0000 0.6842
574.0000 0.6805
575.0000 0.6764
576.0000 0.6724
577.0000 0.6685
578.0000 0.6650
579.0000 0.6621
580.0000 0.6599
581.0000 0.6585
582.0000 0.6579
583.0000 0.6580
584.0000 0.6589
585.0000 0.6605
586.0000 0.6625
587.0000 0.6648
588.0000 0.6673
589.0000 0.6697
590.0000 0.6721
591.0000 0.6741
592.0000 0.6758
593.0000 0.6770
594.0000 0.6777
595.0000 0.6780
596.0000 0.6777
597.0000 0.6771
598.0000 0.6760
599.0000 0.6747
600.0000 0.6733
601.0000 0.6718
602.0000 0.6703
603.0000 0.6689
604.0000 0.6677
605.0000 0.6668
606.0000 0.6661
607.0000 0.6657
608.0000 0.6657
609.0000 0.6659
610.0000 0.6663
611.0000 0.6670
612.0000 0.6678
613.0000 0.6687
614.0000 0.6696
615.0000 0.6705
616.0000 0.6714
617.0000 0.6720
618.0000 0.6726
619.0000 0.6729
620.0000 0.6731
621.0000 0.6731
622.0000 0.6729
623.0000 0.6726
624.0000 0.6722
625.0000 0.6717
626.0000 0.6711
627.0000 0.6706
628.0000 0.6700
629.0000 0.6695
630.0000 0.6691
631.0000 0.6688
632.0000 0.6686
633.0000 0.6686
634.0000 0.6686
635.0000 0.6687
636.0000 0.6689
637.0000 0.6692
638.0000 0.6695
639.0000 0.6699
640.0000 0.6702
641.0000 0.6705
642.0000 0.6708
643.0000 0.6711
644.0000 0.6712
645.0000 0.6713
646.0000 0.6713
647.0000 0.6713
648.0000 0.6712
649.0000 0.6711
650.0000 0.6709
651.0000 0.6707
652.0000 0.6705
653.0000 0.6703
654.0000 0.6701
655.0000 0.6699
656.0000 0.6698
657.0000 0.6697
658.0000 0.6697
659.0000 0.6697
660.0000 0.6697
661.0000 0.6697
662.0000 0.6698
663.0000 0.6700
664.0000 0.6701
665.0000 0.6702
666.0000 0.6703
667.0000 0.6704
668.0000 0.6705
669.0000 0.6706
670.0000 0.6707
671.0000 0.6707
672.0000 0.6707
673.0000 0.6707
674.0000 0.6706
675.0000 0.6706
676.0000 0.6705
677.0000 0.6704
678.0000 0.6703
679.0000 0.6703
680.0000 0.6702
681.0000 0.6701
682.0000 0.6701
683.0000 0.6701
684.0000 0.6701
685.0000 0.6701
686.0000 0.6701
687.0000 0.6701
688.0000 0.6701
689.0000 0.6702
690.0000 0.6702
691.0000 0.6703
692.0000 0.6703
693.0000 0.6704
694.0000 0.6704
695.0000 0.6704
696.0000 0.6704
697.0000 0.6704
698.0000 0.6704
699.0000 0.6704
700.0000 0.6704
701.0000 0.6704
702.0000 0.6703
703.0000 0.6703
704.0000 0.6703
705.0000 0.6703
706.0000 0.6702
707.0000 0.6702
708.0000 0.6702
709.0000 0.6702
710.0000 0.6702
711.0000 0.6702
712.0000 0.6702
713.0000 0.6702
714.0000 0.6702
715.0000 0.6703
716.0000 0.6703
717.0000 0.6703
718.0000 0.6703
719.0000 0.6703
720.0000 0.6703
721.0000 0.6703
722.0000 0.6703
723.0000 0.6703
724.0000 0.6703
725.0000 0.6703
726.0000 0.6703
727.0000 0.6703
728.0000 0.6703
729.0000 0.6703
730.0000 0.6703
731.0000 0.6703
732.0000 0.6703
733.0000 0.6703
734.0000 0.6703
735.0000 0.6703
736.0000 0.6703
737.0000 0.6703
738.0000 0.6703
739.0000 0.6703
740.0000 0.6703
741.0000 0.6703
742.0000 0.6703
743.0000 0.6703
744.0000 0.6703
745.0000 0.6703
746.0000 0.6703
747.0000 0.6703
748.0000 0.6703
749.0000 0.6703
750.0000 0.6703
751.0000 0.3692
752.0000 0.1496
753.0000 -0.0011
754.0000 -0.0953
755.0000 -0.1444
756.0000 -0.1589
757.0000 -0.1424
758.0000 -0.0946
759.0000 -0.0200
760.0000 0.0687
761.0000 0.1560
762.0000 0.2292
763.0000 0.2807
764.0000 0.3077
765.0000 0.3118
766.0000 0.2968
767.0000 0.2679
768.0000 0.2304
769.0000 0.1890
770.0000 0.1479
771.0000 0.1102
772.0000 0.0784
773.0000 0.0539
774.0000 0.0376
775.0000 0.0294
776.0000 0.0285
777.0000 0.0333
778.0000 0.0420
779.0000 0.0522
780.0000 0.0621
781.0000 0.0699
782.0000 0.0747
783.0000 0.0759
784.0000 0.0737
785.0000 0.0684
786.0000 0.0610
787.0000 0.0521
788.0000 0.0426
789.0000 0.0333
790.0000 0.0248
791.0000 0.0175
792.0000 0.0114
793.0000 0.0067
794.0000 0.0032
795.0000 0.0006
796.0000 -0.0014
797.0000 -0.0031
798.0000 -0.0048
799.0000 -0.0066
800.0000 -0.0089
801.0000 -0.0116
802.0000 -0.0147
803.0000 -0.0181
804.0000 -0.0218
805.0000 -0.0257
806.0000 -0.0296
807.0000 -0.0334
808.0000 -0.0371
809.0000 -0.0407
810.0000 -0.0440
811.0000 -0.0473
812.0000 -0.0504
813.0000 -0.0534
814.0000 -0.0563
815.0000 -0.0592
816.0000 -0.0621
817.0000 -0.0650
818.0000 -0.0679
819.0000 -0.0708
820.0000 -0.0737
821.0000 -0.0767
822.0000 -0.0796
823.0000 -0.0825
824.0000 -0.0854
825.0000 -0.0883
826.0000 -0.0912
827.0000 -0.0940
828.0000 -0.0968
829.0000 -0.0996
830.0000 -0.1023
831.0000 -0.1051
832.0000 -0.1078
833.0000 -0.1105
834.0000 -0.1132
835.0000 -0.1159
836.0000 -0.1186
837.0000 -0.1212
838.0000 -0.1239
839.0000 -0.1265
840.0000 -0.1291
841.0000 -0.1318
842.0000 -0.1343
843.0000 -0.1369
844.0000 -0.1395
845.0000 -0.1421
846.0000 -0.1446
847.0000 -0.1471
848.0000 -0.1497
849.0000 -0.1522
850.0000 -0.1547
851.0000 -0.1572
852.0000 -0.1596
853.0000 -0.1621
854.0000 -0.1646
855.0000 -0.1670
856.0000 -0.1695
857.0000 -0.1719
858.0000 -0.1743
859.0000 -0.1767
860.0000 -0.1792
861.0000 -0.1815
862.0000 -0.1839
863.0000 -0.1863
864.0000 -0.1887
865.0000 -0.1910
866.0000 -0.1934
867.0000 -0.1957
868.0000 -0.1981
869.0000 -0.2004
870.0000 -0.2027
871.0000 -0.2051
872.0000 -0.2074
873.0000 -0.2097
874.0000 -0.2120
875.0000 -0.2142
876.0000 -0.2165
877.0000 -0.2188
878.0000 -0.2211
879.0000 -0.2233
880.0000 -0.2256
881.0000 -0.2278
882.0000 -0.2301
883.0000 -0.2323
884.0000 -0.2345
885.0000 -0.2367
886.0000 -0.2390
887.0000 -0.2412
888.0000 -0.2434
889.0000 -0.2456
890.0000 -0.2477
891.0000 -0.2499
892.0000 -0.2521
893.0000 -0.2543
894.0000 -0.2565
895.0000 -0.2586
896.0000 -0.2608
897.0000 -0.2629
898.0000 -0.2651
899.0000 -0.2672
900.0000 -0.2693
901.0000 -0.2715
902.0000 -0.2736
903.0000 -0.2757
904.0000 -0.2778
905.0000 -0.2799
906.0000 -0.2821
907.0000 -0.2842
908.0000 -0.2862
909.0000 -0.2883
910.0000 -0.2904
911.0000 -0.2925
912.0000 -0.2946
913.0000 -0.2967
914.0000 -0.2987
915.0000 -0.3008
916.0000 -0.3029
917.0000 -0.3049
918.0000 -0.3070
919.0000 -0.3090
920.0000 -0.3110
921.0000 -0.3131
922.0000 -0.3151
923.0000 -0.3171
924.0000 -0.3192
925.0000 -0.3212
926.0000 -0.3232
927.0000 -0.3252
928.0000 -0.3272
929.0000 -0.3292
930.0000 -0.3312
931.0000 -0.3332
932.0000 -0.3352
933.0000 -0.3372
934.0000 -0.3392
935.0000 -0.3412
936.0000 -0.3432
937.0000 -0.3451
938.0000 -0.3471
939.0000 -0.3491
940.0000 -0.3510
941.0000 -0.3530
942.0000 -0.3549
943.0000 -0.3569
944.0000 -0.3588
945.0000 -0.3608
946.0000 -0.3627
947.0000 -0.3647
948.0000 -0.3666
949.0000 -0.3685
950.0000 -0.3704
951.0000 -0.3724
952.0000 -0.3743
953.0000 -0.3762
954.0000 -0.3781
955.0000 -0.3800
956.0000 -0.3819
957.0000 -0.3838
958.0000 -0.3857
959.0000 -0.3876
960.0000 -0.3895
961.0000 -0.3914
962.0000 -0.3933
963.0000 -0.3952
964.0000 -0.3970
965.0000 -0.3989
966.0000 -0.4008
967.0000 -0.4027
968.0000 -0.4045
969.0000 -0.4064
970.0000 -0.4082
971.0000 -0.4101
972.0000 -0.4120
973.0000 -0.4138
974.0000 -0.4157
975.0000 -0.4175
976.0000 -0.4193
977.0000 -0.4212
978.0000 -0.4230
979.0000 -0.4248
980.0000 -0.4267
981.0000 -0.4285
982.0000 -0.4303
983.0000 -0.4321
984.0000 -0.4339
985.0000 -0.4358
986.0000 -0.4376
987.0000 -0.4394
988.0000 -0.4412
989.0000 -0.4430
990.0000 -0.4448
991.0000 -0.4466
992.0000 -0.4484
993.0000 -0.4501
994.0000 -0.4519
995.0000 -0.4537
996.0000 -0.4555
997.0000 -0.4573
998.0000 -0.4590
999.0000 -0.4608
1000.0000 -0.4626
