1.0000 0.0000
2.0000 0.0000
3.0000 0.0000
4.0000 0.0000
5.0000 0.0000
6.0000 0.0000
7.0000 1.0000
8.0000 0.3321
9.0000 0.3536
10.0000 0.3750
11.0000 0.3964
12.0000 0.4179
13.0000 0.3584
14.0000 0.3119
15.0000 0.3179
16.0000 0.3210
17.0000 0.3213
18.0000 0.3190
19.0000 0.3289
20.0000 0.3521
21.0000 0.3739
22.0000 0.3920
23.0000 0.4080
24.0000 0.4230
25.0000 0.4351
26.0000 0.4420
27.0000 0.4443
28.0000 0.4436
29.0000 0.4409
30.0000 0.4368
31.0000 0.4319
32.0000 0.4272
33.0000 0.4236
34.0000 0.4218
35.0000 0.4219
36.0000 0.4238
37.0000 0.4274
38.0000 0.4324
39.0000 0.4383
40.0000 0.4443
41.0000 0.4500
42.0000 0.4550
43.0000 0.4588
44.0000 0.4614
45.0000 0.4626
46.0000 0.4627
47.0000 0.4618
48.0000 0.4602
49.0000 0.4584
50.0000 0.4565
51.0000 0.4550
52.0000 0.4540
53.0000 0.4536
54.0000 0.4539
55.0000 0.4549
56.0000 0.4565
57.0000 0.4584
58.0000 0.4605
59.0000 0.4626
60.0000 0.4644
61.0000 0.4659
62.0000 0.4670
63.0000 0.4675
64.0000 0.4676
65.0000 0.4673
66.0000 0.4667
67.0000 0.4660
68.0000 0.4651
69.0000 0.4644
70.0000 0.4639
71.0000 0.4635
72.0000 0.4635
73.0000 0.4637
74.0000 0.4642
75.0000 0.4649
76.0000 0.4656
77.0000 0.4664
78.0000 0.4671
79.0000 0.4677
80.0000 0.4682
81.0000 0.4684
82.0000 0.4685
83.0000 0.4684
84.0000 0.4682
85.0000 0.4679
86.0000 0.4675
87.0000 0.4672
88.0000 0.4669
89.0000 0.4667
90.0000 0.4666
91.0000 0.4667
92.0000 0.4668
93.0000 0.4670
94.0000 0.4673
95.0000 0.4676
96.0000 0.4679
97.0000 0.4681
98.0000 0.4683
99.0000 0.4684
100.0000 0.4685
101.0000 0.4684
102.0000 0.4684
103.0000 0.4682
104.0000 0.4681
105.0000 0.4680
106.0000 0.4678
107.0000 0.4677
108.0000 0.4677
109.0000 0.4677
110.0000 0.4677
111.0000 0.4678
112.0000 0.4679
113.0000 0.4680
114.0000 0.4681
115.0000 0.4682
116.0000 0.4683
117.0000 0.4683
118.0000 0.4684
119.0000 0.4684
120.0000 0.4683
121.0000 0.4683
122.0000 0.4682
123.0000 0.4682
124.0000 0.4681
125.0000 0.4681
126.0000 0.4680
127.0000 0.4680
128.0000 0.4680
129.0000 0.4680
130.0000 0.4681
131.0000 0.4681
132.0000 0.4682
133.0000 0.4682
134.0000 0.4682
135.0000 0.4683
136.0000 0.4683
137.0000 0.4683
138.0000 0.4683
139.0000 0.4683
140.0000 0.4682
141.0000 0.4682
142.0000 0.4682
143.0000 0.4682
144.0000 0.4682
145.0000 0.4681
146.0000 0.4681
147.0000 0.4681
148.0000 0.4682
149.0000 0.4682
150.0000 0.4682
151.0000 0.4682
152.0000 0.4682
153.0000 0.4682
154.0000 0.4682
155.0000 0.4682
156.0000 0.4682
157.0000 0.4682
158.0000 0.4682
159.0000 0.4682
160.0000 0.4682
161.0000 0.4682
162.0000 0.4682
163.0000 0.4682
164.0000 0.4682
165.0000 0.4682
166.0000 0.4682
167.0000 0.4682
168.0000 0.4682
169.0000 0.4682
170.0000 0.4682
171.0000 0.4682
172.0000 0.4682
173.0000 0.4682
174.0000 0.4682
175.0000 0.4682
176.0000 0.4682
177.0000 0.4682
178.0000 0.4682
179.0000 0.4682
180.0000 0.4682
181.0000 0.4682
182.0000 0.4682
183.0000 0.4682
184.0000 0.4682
185.0000 0.4682
186.0000 0.4682
187.0000 0.4682
188.0000 0.4682
189.0000 0.4682
190.0000 0.4682
191.0000 0.4682
192.0000 0.4682
193.0000 0.4682
194.0000 0.4682
195.0000 0.4682
196.0000 0.4682
197.0000 0.4682
198.0000 0.4682
199.0000 0.4682
200.0000 0.4682
201.0000 0.4682
202.0000 0.4682
203.0000 0.4682
204.0000 0.4682
205.0000 0.4682
206.0000 0.4682
207.0000 0.4682
208.0000 0.4682
209.0000 0.4682
210.0000 0.4682
211.0000 0.4682
212.0000 0.4682
213.0000 0.4682
214.0000 0.4682
215.0000 0.4682
216.0000 0.4682
217.0000 0.4682
218.0000 0.4682
219.0000 0.4682
220.0000 0.4682
221.0000 0.4682
222.0000 0.4682
223.0000 0.4682
224.0000 0.4682
225.0000 0.4682
226.0000 0.4682
227.0000 0.4682
228.0000 0.4682
229.0000 0.4682
230.0000 0.4682
231.0000 0.4682
232.0000 0.4682
233.0000 0.4682
234.0000 0.4682
235.0000 0.4682
236.0000 0.4682
237.0000 0.4682
238.0000 0.4682
239.0000 0.4682
240.0000 0.4682
241.0000 0.4682
242.0000 0.4682
243.0000 0.4682
244.0000 0.4682
245.0000 0.4682
246.0000 0.4682
247.0000 0.4682
248.0000 0.4682
249.0000 0.4682
250.0000 0.4682
251.0000 0.4682
252.0000 1.0000
253.0000 1.0000
254.0000 1.0000
255.0000 1.0000
256.0000 1.0000
257.0000 1.0000
258.0000 1.0000
259.0000 1.0000
260.0000 1.0000
261.0000 1.0000
262.0000 1.0000
263.0000 0.9824
264.0000 0.9398
265.0000 0.9004
266.0000 0.8635
267.0000 0.8287
268.0000 0.7956
269.0000 0.7673
270.0000 0.7500
271.0000 0.7445
272.0000 0.7494
273.0000 0.7636
274.0000 0.7859
275.0000 0.8145
276.0000 0.8457
277.0000 0.8757
278.0000 0.9011
279.0000 0.9199
280.0000 0.9306
281.0000 0.9323
282.0000 0.9254
283.0000 0.9110
284.0000 0.8907
285.0000 0.8665
286.0000 0.8408
287.0000 0.8158
288.0000 0.7937
289.0000 0.7764
290.0000 0.7652
291.0000 0.7610
292.0000 0.7639
293.0000 0.7736
294.0000 0.7887
295.0000 0.8076
296.0000 0.8282
297.0000 0.8483
298.0000 0.8658
299.0000 0.8791
300.0000 0.8871
301.0000 0.8894
302.0000 0.8861
303.0000 0.8777
304.0000 0.8654
305.0000 0.8503
306.0000 0.8340
307.0000 0.8181
308.0000 0.8039
309.0000 0.7928
310.0000 0.7855
311.0000 0.7827
312.0000 0.7844
313.0000 0.7904
314.0000 0.8000
315.0000 0.8119
316.0000 0.8250
317.0000 0.8379
318.0000 0.8493
319.0000 0.8582
320.0000 0.8639
321.0000 0.8659
322.0000 0.8643
323.0000 0.8595
324.0000 0.8520
325.0000 0.8426
326.0000 0.8324
327.0000 0.8223
328.0000 0.8132
329.0000 0.8059
330.0000 0.8011
331.0000 0.7991
332.0000 0.7999
333.0000 0.8035
334.0000 0.8093
335.0000 0.8167
336.0000 0.8249
337.0000 0.8331
338.0000 0.8405
339.0000 0.8463
340.0000 0.8502
341.0000 0.8518
342.0000 0.8511
343.0000 0.8483
344.0000 0.8437
345.0000 0.8379
346.0000 0.8315
347.0000 0.8250
348.0000 0.8192
349.0000 0.8145
350.0000 0.8112
351.0000 0.8098
352.0000 0.8102
353.0000 0.8122
354.0000 0.8158
355.0000 0.8204
356.0000 0.8255
357.0000 0.8307
358.0000 0.8354
359.0000 0.8392
360.0000 0.8418
361.0000 0.8430
362.0000 0.8427
363.0000 0.8411
364.0000 0.8383
365.0000 0.8347
366.0000 0.8307
367.0000 0.8266
368.0000 0.8229
369.0000 0.8198
370.0000 0.8177
371.0000 0.8166
372.0000 0.8167
373.0000 0.8179
374.0000 0.8201
375.0000 0.8229
376.0000 0.8261
377.0000 0.8294
378.0000 0.8324
379.0000 0.8349
380.0000 0.8366
381.0000 0.8375
382.0000 0.8374
383.0000 0.8365
384.0000 0.8348
385.0000 0.8326
386.0000 0.8301
387.0000 0.8275
388.0000 0.8251
389.0000 0.8231
390.0000 0.8217
391.0000 0.8209
392.0000 0.8209
393.0000 0.8216
394.0000 0.8229
395.0000 0.8246
396.0000 0.8266
397.0000 0.8287
398.0000 0.8306
399.0000 0.8322
400.0000 0.8334
401.0000 0.8340
402.0000 0.8340
403.0000 0.8335
404.0000 0.8325
405.0000 0.8311
406.0000 0.8296
407.0000 0.8279
408.0000 0.8264
409.0000 0.8251
410.0000 0.8242
411.0000 0.8236
412.0000 0.8236
413.0000 0.8240
414.0000 0.8247
415.0000 0.8258
416.0000 0.8271
417.0000 0.8284
418.0000 0.8296
419.0000 0.8306
420.0000 0.8314
421.0000 0.8318
422.0000 0.8319
423.0000 0.8316
424.0000 0.8310
425.0000 0.8302
426.0000 0.8292
427.0000 0.8281
428.0000 0.8272
429.0000 0.8263
430.0000 0.8257
431.0000 0.8253
432.0000 0.8253
433.0000 0.8255
434.0000 0.8260
435.0000 0.8266
436.0000 0.8274
437.0000 0.8282
438.0000 0.8290
439.0000 0.8297
440.0000 0.8302
441.0000 0.8305
442.0000 0.8305
443.0000 0.8304
444.0000 0.8300
445.0000 0.8295
446.0000 0.8289
447.0000 0.8282
448.0000 0.8276
449.0000 0.8271
450.0000 0.8267
451.0000 0.8264
452.0000 0.8264
453.0000 0.8265
454.0000 0.8267
455.0000 0.8271
456.0000 0.8276
457.0000 0.8281
458.0000 0.8286
459.0000 0.8291
460.0000 0.8294
461.0000 0.8296
462.0000 0.8297
463.0000 0.8296
464.0000 0.8294
465.0000 0.8291
466.0000 0.8287
467.0000 0.8283
468.0000 0.8279
469.0000 0.8275
470.0000 0.8273
471.0000 0.8271
472.0000 0.8270
473.0000 0.8271
474.0000 0.8273
475.0000 0.8275
476.0000 0.8278
477.0000 0.8281
478.0000 0.8284
479.0000 0.8287
480.0000 0.8289
481.0000 0.8291
482.0000 0.8291
483.0000 0.8291
484.0000 0.8290
485.0000 0.8288
486.0000 0.8285
487.0000 0.8283
488.0000 0.8280
489.0000 0.8278
490.0000 0.8276
491.0000 0.8275
492.0000 0.8275
493.0000 0.8275
494.0000 0.8276
495.0000 0.8277
496.0000 0.8279
497.0000 0.8281
498.0000 0.8283
499.0000 0.8285
500.0000 0.8287
501.0000 0.8287
502.0000 -0.6819
503.0000 0.4966
504.0000 0.4751
505.0000 0.4536
506.0000 0.4320
507.0000 0.4104
508.0000 1.0000
509.0000 1.0000
510.0000 1.0000
511.0000 1.0000
512.0000 1.0000
513.0000 1.0000
514.0000 1.0000
515.0000 1.0000
516.0000 0.9446
517.0000 0.8592
518.0000 0.7804
519.0000 0.7071
520.0000 0.6385
521.0000 0.5738
522.0000 0.5222
523.0000 0.4940
524.0000 0.4901
525.0000 0.5083
526.0000 0.5464
527.0000 0.6019
528.0000 0.6686
529.0000 0.7360
530.0000 0.7943
531.0000 0.8375
532.0000 0.8629
533.0000 0.8699
534.0000 0.8594
535.0000 0.8337
536.0000 0.7963
537.0000 0.7515
538.0000 0.7034
539.0000 0.6563
540.0000 0.6143
541.0000 0.5810
542.0000 0.5591
543.0000 0.5506
544.0000 0.5560
545.0000 0.5745
546.0000 0.6038
547.0000 0.6402
548.0000 0.6789
549.0000 0.7153
550.0000 0.7454
551.0000 0.7662
552.0000 0.7765
553.0000 0.7762
554.0000 0.7661
555.0000 0.7481
556.0000 0.7242
557.0000 0.6971
558.0000 0.6695
559.0000 0.6439
560.0000 0.6226
561.0000 0.6074
562.0000 0.5997
563.0000 0.5999
564.0000 0.6076
565.0000 0.6218
566.0000 0.6407
567.0000 0.6620
568.0000 0.6831
569.0000 0.7018
570.0000 0.7162
571.0000 0.7252
572.0000 0.7282
573.0000 0.7254
574.0000 0.7175
575.0000 0.7056
576.0000 0.6912
577.0000 0.6756
578.0000 0.6606
579.0000 0.6475
580.0000 0.6374
581.0000 0.6313
582.0000 0.6296
583.0000 0.6322
584.0000 0.6387
585.0000 0.6481
586.0000 0.6594
587.0000 0.6712
588.0000 0.6823
589.0000 0.6915
590.0000 0.6981
591.0000 0.7014
592.0000 0.7015
593.0000 0.6985
594.0000 0.6929
595.0000 0.6854
596.0000 0.6769
597.0000 0.6684
598.0000 0.6605
599.0000 0.6541
600.0000 0.6497
601.0000 0.6477
602.0000 0.6480
603.0000 0.6507
604.0000 0.6553
605.0000 0.6611
606.0000 0.6676
607.0000 0.6739
608.0000 0.6796
609.0000 0.6839
610.0000 0.6867
611.0000 0.6876
612.0000 0.6867
613.0000 0.6843
614.0000 0.6806
615.0000 0.6761
616.0000 0.6713
617.0000 0.6667
618.0000 0.6628
619.0000 0.6598
620.0000 0.6581
621.0000 0.6577
622.0000 0.6586
623.0000 0.6607
624.0000 0.6636
625.0000 0.6670
626.0000 0.6706
627.0000 0.6740
628.0000 0.6767
629.0000 0.6787
630.0000 0.6797
631.0000 0.6797
632.0000 0.6787
633.0000 0.6770
634.0000 0.6747
635.0000 0.6721
636.0000 0.6695
637.0000 0.6671
638.0000 0.6652
639.0000 0.6639
640.0000 0.6633
641.0000 0.6635
642.0000 0.6644
643.0000 0.6658
644.0000 0.6676
645.0000 0.6695
646.0000 0.6715
647.0000 0.6732
648.0000 0.6745
649.0000 0.6753
650.0000 0.6755
651.0000 0.6752
652.0000 0.6745
653.0000 0.6733
654.0000 0.6720
655.0000 0.6705
656.0000 0.6691
657.0000 0.6679
658.0000 0.6670
659.0000 0.6665
660.0000 0.6664
661.0000 0.6667
662.0000 0.6674
663.0000 0.6683
664.0000 0.6694
665.0000 0.6704
666.0000 0.6715
667.0000 0.6723
668.0000 0.6729
669.0000 0.6732
670.0000 0.6731
671.0000 0.6728
672.0000 0.6723
673.0000 0.6716
674.0000 0.6708
675.0000 0.6700
676.0000 0.6693
677.0000 0.6687
678.0000 0.6683
679.0000 0.6682
680.0000 0.6682
681.0000 0.6685
682.0000 0.6689
683.0000 0.6695
684.0000 0.6701
685.0000 0.6707
686.0000 0.6712
687.0000 0.6716
688.0000 0.6718
689.0000 0.6719
690.0000 0.6718
691.0000 0.6716
692.0000 0.6712
693.0000 0.6708
694.0000 0.6703
695.0000 0.6699
696.0000 0.6695
697.0000 0.6693
698.0000 0.6691
699.0000 0.6691
700.0000 0.6692
701.0000 0.6694
702.0000 0.6697
703.0000 0.6700
704.0000 0.6704
705.0000 0.6707
706.0000 0.6709
707.0000 0.6711
708.0000 0.6712
709.0000 0.6712
710.0000 0.6711
711.0000 0.6709
712.0000 0.6707
713.0000 0.6704
714.0000 0.6702
715.0000 0.6700
716.0000 0.6698
717.0000 0.6697
718.0000 0.6696
719.0000 0.6697
720.0000 0.6698
721.0000 0.6699
722.0000 0.6701
723.0000 0.6702
724.0000 0.6704
725.0000 0.6706
726.0000 0.6707
727.0000 0.6708
728.0000 0.6708
729.0000 0.6707
730.0000 0.6707
731.0000 0.6706
732.0000 0.6704
733.0000 0.6703
734.0000 0.6702
735.0000 0.6701
736.0000 0.6700
737.0000 0.6699
738.0000 0.6699
739.0000 0.6700
740.0000 0.6700
741.0000 0.6701
742.0000 0.6702
743.0000 0.6703
744.0000 0.6704
745.0000 0.6705
746.0000 0.6705
747.0000 0.6706
748.0000 0.6706
749.0000 0.6705
750.0000 0.6705
751.0000 0.6704
752.0000 -1.0000
753.0000 -0.0173
754.0000 -0.0617
755.0000 -0.1061
756.0000 -0.1505
757.0000 -0.1949
758.0000 0.3622
759.0000 0.4065
760.0000 0.3717
761.0000 0.3438
762.0000 0.3221
763.0000 0.3055
764.0000 0.2789
765.0000 0.2174
766.0000 0.1676
767.0000 0.1326
768.0000 0.1086
769.0000 0.0923
770.0000 0.0833
771.0000 0.0867
772.0000 0.0986
773.0000 0.1119
774.0000 0.1226
775.0000 0.1294
776.0000 0.1326
777.0000 0.1320
778.0000 0.1281
779.0000 0.1219
780.0000 0.1145
781.0000 0.1070
782.0000 0.1000
783.0000 0.0939
784.0000 0.0890
785.0000 0.0853
786.0000 0.0826
787.0000 0.0806
788.0000 0.0789
789.0000 0.0774
790.0000 0.0758
791.0000 0.0739
792.0000 0.0719
793.0000 0.0696
794.0000 0.0671
795.0000 0.0645
796.0000 0.0620
797.0000 0.0594
798.0000 0.0570
799.0000 0.0546
800.0000 0.0523
801.0000 0.0502
802.0000 0.0481
803.0000 0.0460
804.0000 0.0441
805.0000 0.0421
806.0000 0.0402
807.0000 0.0382
808.0000 0.0363
809.0000 0.0344
810.0000 0.0326
811.0000 0.0307
812.0000 0.0289
813.0000 0.0271
814.0000 0.0253
815.0000 0.0236
816.0000 0.0218
817.0000 0.0201
818.0000 0.0185
819.0000 0.0168
820.0000 0.0152
821.0000 0.0136
822.0000 0.0120
823.0000 0.0104
824.0000 0.0089
825.0000 0.0073
826.0000 0.0058
827.0000 0.0043
828.0000 0.0029
829.0000 0.0014
830.0000 -0.0000
831.0000 -0.0015
832.0000 -0.0029
833.0000 -0.0042
834.0000 -0.0056
835.0000 -0.0070
836.0000 -0.0083
837.0000 -0.0096
838.0000 -0.0110
839.0000 -0.0122
840.0000 -0.0135
841.0000 -0.0148
842.0000 -0.0161
843.0000 -0.0173
844.0000 -0.0185
845.0000 -0.0197
846.0000 -0.0209
847.0000 -0.0221
848.0000 -0.0233
849.0000 -0.0245
850.0000 -0.0256
851.0000 -0.0267
852.0000 -0.0279
853.0000 -0.0290
854.0000 -0.0301
855.0000 -0.0312
856.0000 -0.0323
857.0000 -0.0333
858.0000 -0.0344
859.0000 -0.0355
860.0000 -0.0365
861.0000 -0.0375
862.0000 -0.0385
863.0000 -0.0396
864.0000 -0.0406
865.0000 -0.0416
866.0000 -0.0425
867.0000 -0.0435
868.0000 -0.0445
869.0000 -0.0454
870.0000 -0.0464
871.0000 -0.0473
872.0000 -0.0482
873.0000 -0.0492
874.0000 -0.0501
875.0000 -0.0510
876.0000 -0.0519
877.0000 -0.0528
878.0000 -0.0536
879.0000 -0.0545
880.0000 -0.0554
881.0000 -0.0562
882.0000 -0.0571
883.0000 -0.0579
884.0000 -0.0588
885.0000 -0.0596
886.0000 -0.0604
887.0000 -0.0612
888.0000 -0.0620
889.0000 -0.0628
890.0000 -0.0636
891.0000 -0.0644
892.0000 -0.0652
893.0000 -0.0660
894.0000 -0.0667
895.0000 -0.0675
896.0000 -0.0682
897.0000 -0.0690
898.0000 -0.0697
899.0000 -0.0705
900.0000 -0.0712
901.0000 -0.0719
902.0000 -0.0726
903.0000 -0.0734
904.0000 -0.0741
905.0000 -0.0748
906.0000 -0.0755
907.0000 -0.0762
908.0000 -0.0768
909.0000 -0.0775
910.0000 -0.0782
911.0000 -0.0789
912.0000 -0.0795
913.0000 -0.0802
914.0000 -0.0809
915.0000 -0.0815
916.0000 -0.0822
917.0000 -0.0828
918.0000 -0.0834
919.0000 -0.0841
920.0000 -0.0847
921.0000 -0.0853
922.0000 -0.0859
923.0000 -0.0865
924.0000 -0.0871
925.0000 -0.0878
926.0000 -0.0884
927.0000 -0.0889
928.0000 -0.0895
929.0000 -0.0901
930.0000 -0.0907
931.0000 -0.0913
932.0000 -0.0919
933.0000 -0.0924
934.0000 -0.0930
935.0000 -0.0936
936.0000 -0.0941
937.0000 -0.0947
938.0000 -0.0952
939.0000 -0.0958
940.0000 -0.0963
941.0000 -0.0968
942.0000 -0.0974
943.0000 -0.0979
944.0000 -0.0984
945.0000 -0.0990
946.0000 -0.0995
947.0000 -0.1000
948.0000 -0.1005
949.0000 -0.1010
950.0000 -0.1015
951.0000 -0.1020
952.0000 -0.1025
953.0000 -0.1030
954.0000 -0.1035
955.0000 -0.1040
956.0000 -0.1045
957.0000 -0.1050
958.0000 -0.1055
959.0000 -0.1060
960.0000 -0.1064
961.0000 -0.1069
962.0000 -0.1074
963.0000 -0.1078
964.0000 -0.1083
965.0000 -0.1088
966.0000 -0.1092
967.0000 -0.1097
968.0000 -0.1101
969.0000 -0.1106
970.0000 -0.1110
971.0000 -0.1115
972.0000 -0.1119
973.0000 -0.1123
974.0000 -0.1128
975.0000 -0.1132
976.0000 -0.1136
977.0000 -0.1140
978.0000 -0.1145
979.0000 -0.1149
980.0000 -0.1153
981.0000 -0.1157
982.0000 -0.1161
983.0000 -0.1165
984.0000 -0.1170
985.0000 -0.1174
986.0000 -0.1178
987.0000 -0.1182
988.0000 -0.1186
989.0000 -0.1190
990.0000 -0.1193
991.0000 -0.1197
992.0000 -0.1201
993.0000 -0.1205
994.0000 -0.1209
995.0000 -0.1213
996.0000 -0.1217
997.0000 -0.1220
998.0000 -0.1224
999.0000 -0.1228
1000.0000 -0.1231
1001.0000 -0.1235
1002.0000 -0.1239
1003.0000 -0.1242
1004.0000 -0.1246
1005.0000 -0.1250
1006.0000 -0.1253
1007.0000 -0.1257
1008.0000 -0.1260
1009.0000 -0.1264
1010.0000 -0.1267
1011.0000 -0.1271
1012.0000 -0.1274
1013.0000 -0.1278
1014.0000 -0.1281
1015.0000 -0.1284
1016.0000 -0.1288
1017.0000 -0.1291
1018.0000 -0.1295
1019.0000 -0.1298
1020.0000 -0.1301
1021.0000 -0.1304
1022.0000 -0.1308
1023.0000 -0.1311
1024.0000 -0.1314
1025.0000 -0.1317
1026.0000 -0.1321
1027.0000 -0.1324
1028.0000 -0.1327
1029.0000 -0.1330
1030.0000 -0.1333
1031.0000 -0.1336
1032.0000 -0.1339
1033.0000 -0.1342
1034.0000 -0.1345
1035.0000 -0.1348
1036.0000 -0.1351
1037.0000 -0.1354
1038.0000 -0.1357
1039.0000 -0.1360
1040.0000 -0.1363
1041.0000 -0.1366
1042.0000 -0.1369
1043.0000 -0.1372
1044.0000 -0.1375
1045.0000 -0.1378
1046.0000 -0.1381
1047.0000 -0.1383
1048.0000 -0.1386
1049.0000 -0.1389
1050.0000 -0.1392
1051.0000 -0.1395
1052.0000 -0.1397
1053.0000 -0.1400
1054.0000 -0.1403
1055.0000 -0.1406
1056.0000 -0.1408
1057.0000 -0.1411
1058.0000 -0.1414
1059.0000 -0.1416
1060.0000 -0.1419
1061.0000 -0.1422
1062.0000 -0.1424
1063.0000 -0.1427
1064.0000 -0.1429
1065.0000 -0.1432
1066.0000 -0.1434
1067.0000 -0.1437
1068.0000 -0.1440
1069.0000 -0.1442
1070.0000 -0.1445
1071.0000 -0.1447
1072.0000 -0.1450
1073.0000 -0.1452
1074.0000 -0.1454
1075.0000 -0.1457
1076.0000 -0.1459
1077.0000 -0.1462
1078.0000 -0.1464
1079.0000 -0.1467
1080.0000 -0.1469
1081.0000 -0.1471
1082.0000 -0.1474
1083.0000 -0.1476
1084.0000 -0.1478
1085.0000 -0.1481
1086.0000 -0.1483
1087.0000 -0.1485
1088.0000 -0.1487
1089.0000 -0.1490
1090.0000 -0.1492
1091.0000 -0.1494
1092.0000 -0.1496
1093.0000 -0.1499
1094.0000 -0.1501
1095.0000 -0.1503
1096.0000 -0.1505
1097.0000 -0.1508
1098.0000 -0.1510
1099.0000 -0.1512
1100.0000 -0.1514
1101.0000 -0.1516
1102.0000 -0.1518
1103.0000 -0.1520
1104.0000 -0.1522
1105.0000 -0.1525
1106.0000 -0.1527
1107.0000 -0.1529
1108.0000 -0.1531
1109.0000 -0.1533
1110.0000 -0.1535
1111.0000 -0.1537
1112.0000 -0.1539
1113.0000 -0.1541
1114.0000 -0.1543
1115.0000 -0.1545
1116.0000 -0.1547
1117.0000 -0.1549
1118.0000 -0.1551
1119.0000 -0.1553
1120.0000 -0.1555
1121.0000 -0.1557
1122.0000 -0.1559
1123.0000 -0.1560
1124.0000 -0.1562
1125.0000 -0.1564
1126.0000 -0.1566
1127.0000 -0.1568
1128.0000 -0.1570
1129.0000 -0.1572
1130.0000 -0.1574
1131.0000 -0.1575
1132.0000 -0.1577
1133.0000 -0.1579
1134.0000 -0.1581
1135.0000 -0.1583
1136.0000 -0.1585
1137.0000 -0.1586
1138.0000 -0.1588
1139.0000 -0.1590
1140.0000 -0.1592
1141.0000 -0.1593
1142.0000 -0.1595
1143.0000 -0.1597
1144.0000 -0.1599
1145.0000 -0.1600
1146.0000 -0.1602
1147.0000 -0.1604
1148.0000 -0.1605
1149.0000 -0.1607
1150.0000 -0.1609
1151.0000 -0.1610
1152.0000 -0.1612
1153.0000 -0.1614
1154.0000 -0.1615
1155.0000 -0.1617
1156.0000 -0.1619
1157.0000 -0.1620
1158.0000 -0.1622
1159.0000 -0.1623
1160.0000 -0.1625
1161.0000 -0.1627
1162.0000 -0.1628
1163.0000 -0.1630
1164.0000 -0.1631
1165.0000 -0.1633
1166.0000 -0.1635
1167.0000 -0.1636
1168.0000 -0.1638
1169.0000 -0.1639
1170.0000 -0.1641
1171.0000 -0.1642
1172.0000 -0.1644
1173.0000 -0.1645
1174.0000 -0.1647
1175.0000 -0.1648
1176.0000 -0.1650
1177.0000 -0.1651
1178.0000 -0.1653
1179.0000 -0.1654
1180.0000 -0.1656
1181.0000 -0.1657
1182.0000 -0.1658
1183.0000 -0.1660
1184.0000 -0.1661
1185.0000 -0.1663
1186.0000 -0.1664
1187.0000 -0.1666
1188.0000 -0.1667
1189.0000 -0.1668
1190.0000 -0.1670
1191.0000 -0.1671
1192.0000 -0.1672
1193.0000 -0.1674
1194.0000 -0.1675
1195.0000 -0.1677
1196.0000 -0.1678
1197.0000 -0.1679
1198.0000 -0.1681
1199.0000 -0.1682
1200.0000 -0.1683
