1.0000 0.0000
2.0000 0.0000
3.0000 0.0000
4.0000 0.0000
5.0000 0.0000
6.0000 0.0000
7.0000 1.0000
8.0000 1.0000
9.0000 1.0000
10.0000 1.0000
11.0000 1.0000
12.0000 1.0000
13.0000 1.0000
14.0000 0.6133
15.0000 0.2075
16.0000 -0.1653
17.0000 -0.5091
18.0000 -0.8272
19.0000 -1.0000
20.0000 -1.0000
21.0000 -0.4634
22.0000 0.7579
23.0000 1.0000
24.0000 1.0000
25.0000 1.0000
26.0000 1.0000
27.0000 1.0000
28.0000 1.0000
29.0000 1.0000
30.0000 0.6766
31.0000 0.2734
32.0000 -0.0975
33.0000 -0.4397
34.0000 -0.7567
35.0000 -1.0000
36.0000 -1.0000
37.0000 -0.5774
38.0000 0.6275
39.0000 1.0000
40.0000 1.0000
41.0000 1.0000
42.0000 1.0000
43.0000 1.0000
44.0000 1.0000
45.0000 1.0000
46.0000 0.8065
47.0000 0.3973
48.0000 0.0210
49.0000 -0.3261
50.0000 -0.6473
51.0000 -0.9459
52.0000 -1.0000
53.0000 -0.8029
54.0000 0.2649
55.0000 1.0000
56.0000 1.0000
57.0000 1.0000
58.0000 1.0000
59.0000 1.0000
60.0000 1.0000
61.0000 1.0000
62.0000 1.0000
63.0000 0.5878
64.0000 0.2000
65.0000 -0.1572
66.0000 -0.4875
67.0000 -0.7939
68.0000 -1.0000
69.0000 -1.0000
70.0000 -0.3315
71.0000 0.8964
72.0000 1.0000
73.0000 1.0000
74.0000 1.0000
75.0000 1.0000
76.0000 1.0000
77.0000 1.0000
78.0000 1.0000
79.0000 0.7353
80.0000 0.3371
81.0000 -0.0294
82.0000 -0.3679
83.0000 -0.6816
84.0000 -0.9736
85.0000 -1.0000
86.0000 -0.6541
87.0000 0.4952
88.0000 1.0000
89.0000 1.0000
90.0000 1.0000
91.0000 1.0000
92.0000 1.0000
93.0000 1.0000
94.0000 1.0000
95.0000 0.9600
96.0000 0.5453
97.0000 0.1641
98.0000 -0.1874
99.0000 -0.5125
100.0000 -0.8145
101.0000 -1.0000
102.0000 -0.9842
103.0000 -0.1865
104.0000 1.0000
105.0000 1.0000
106.0000 1.0000
107.0000 1.0000
108.0000 1.0000
109.0000 1.0000
110.0000 1.0000
111.0000 1.0000
112.0000 0.7097
113.0000 0.3158
114.0000 -0.0468
115.0000 -0.3819
116.0000 -0.6926
117.0000 -0.9819
118.0000 -1.0000
119.0000 -0.5935
120.0000 0.5791
121.0000 1.0000
122.0000 1.0000
123.0000 1.0000
124.0000 1.0000
125.0000 1.0000
126.0000 1.0000
127.0000 1.0000
128.0000 0.9389
129.0000 0.5274
130.0000 0.1490
131.0000 -0.2000
132.0000 -0.5229
133.0000 -0.8230
134.0000 -1.0000
135.0000 -0.9529
136.0000 -0.1214
137.0000 1.0000
138.0000 1.0000
139.0000 1.0000
140.0000 1.0000
141.0000 1.0000
142.0000 1.0000
143.0000 1.0000
144.0000 1.0000
145.0000 0.7182
146.0000 0.3249
147.0000 -0.0373
148.0000 -0.3720
149.0000 -0.6823
150.0000 -0.9714
151.0000 -1.0000
152.0000 -0.6054
153.0000 0.5577
154.0000 1.0000
155.0000 1.0000
156.0000 1.0000
157.0000 1.0000
158.0000 1.0000
159.0000 1.0000
160.0000 1.0000
161.0000 0.9604
162.0000 0.5480
163.0000 0.1688
164.0000 -0.1808
165.0000 -0.5044
166.0000 -0.8050
167.0000 -1.0000
168.0000 -0.9745
169.0000 -0.1835
170.0000 1.0000
171.0000 1.0000
172.0000 1.0000
173.0000 1.0000
174.0000 1.0000
175.0000 1.0000
176.0000 1.0000
177.0000 1.0000
178.0000 0.7294
179.0000 0.3356
180.0000 -0.0271
181.0000 -0.3622
182.0000 -0.6730
183.0000 -0.9624
184.0000 -1.0000
185.0000 -0.6258
186.0000 0.5251
187.0000 1.0000
188.0000 1.0000
189.0000 1.0000
190.0000 1.0000
191.0000 1.0000
192.0000 1.0000
193.0000 1.0000
194.0000 0.9795
195.0000 0.5658
196.0000 0.1855
197.0000 -0.1652
198.0000 -0.4896
199.0000 -0.7910
200.0000 -1.0000
201.0000 -0.9949
202.0000 -0.2384
203.0000 0.9841
204.0000 1.0000
205.0000 1.0000
206.0000 1.0000
207.0000 1.0000
208.0000 1.0000
209.0000 1.0000
210.0000 1.0000
211.0000 0.7427
212.0000 0.3478
213.0000 -0.0158
214.0000 -0.3517
215.0000 -0.6631
216.0000 -0.9531
217.0000 -1.0000
218.0000 -0.6509
219.0000 0.4850
220.0000 1.0000
221.0000 1.0000
222.0000 1.0000
223.0000 1.0000
224.0000 1.0000
225.0000 1.0000
226.0000 1.0000
227.0000 0.9990
228.0000 0.5838
229.0000 0.2021
230.0000 -0.1497
231.0000 -0.4751
232.0000 -0.7774
233.0000 -1.0000
234.0000 -1.0000
235.0000 -0.2942
236.0000 0.9361
237.0000 1.0000
238.0000 1.0000
239.0000 1.0000
240.0000 1.0000
241.0000 1.0000
242.0000 1.0000
243.0000 1.0000
244.0000 0.7681
245.0000 0.3712
246.0000 0.0059
247.0000 -0.3316
248.0000 -0.6445
249.0000 -0.9357
250.0000 -1.0000
251.0000 -0.6974
252.0000 1.0000
253.0000 1.0000
254.0000 1.0000
255.0000 1.0000
256.0000 1.0000
257.0000 1.0000
258.0000 1.0000
259.0000 1.0000
260.0000 1.0000
261.0000 1.0000
262.0000 1.0000
263.0000 1.0000
264.0000 1.0000
265.0000 1.0000
266.0000 1.0000
267.0000 1.0000
268.0000 1.0000
269.0000 1.0000
270.0000 1.0000
271.0000 1.0000
272.0000 1.0000
273.0000 1.0000
274.0000 1.0000
275.0000 1.0000
276.0000 1.0000
277.0000 1.0000
278.0000 0.9770
279.0000 0.9040
280.0000 0.8328
281.0000 0.7633
282.0000 0.6950
283.0000 0.6278
284.0000 0.5778
285.0000 0.5886
286.0000 0.6702
287.0000 0.8188
288.0000 1.0000
289.0000 1.0000
290.0000 1.0000
291.0000 1.0000
292.0000 1.0000
293.0000 1.0000
294.0000 1.0000
295.0000 1.0000
296.0000 1.0000
297.0000 1.0000
298.0000 1.0000
299.0000 1.0000
300.0000 0.9261
301.0000 0.8117
302.0000 0.7045
303.0000 0.6038
304.0000 0.5086
305.0000 0.4182
306.0000 0.3844
307.0000 0.4599
308.0000 0.6512
309.0000 0.9502
310.0000 1.0000
311.0000 1.0000
312.0000 1.0000
313.0000 1.0000
314.0000 1.0000
315.0000 1.0000
316.0000 1.0000
317.0000 1.0000
318.0000 1.0000
319.0000 1.0000
320.0000 1.0000
321.0000 1.0000
322.0000 1.0000
323.0000 1.0000
324.0000 0.8988
325.0000 0.7870
326.0000 0.6826
327.0000 0.5845
328.0000 0.4919
329.0000 0.4040
330.0000 0.3934
331.0000 0.4979
332.0000 0.7153
333.0000 1.0000
334.0000 1.0000
335.0000 1.0000
336.0000 1.0000
337.0000 1.0000
338.0000 1.0000
339.0000 1.0000
340.0000 1.0000
341.0000 1.0000
342.0000 1.0000
343.0000 1.0000
344.0000 1.0000
345.0000 1.0000
346.0000 1.0000
347.0000 0.9974
348.0000 0.8799
349.0000 0.7704
350.0000 0.6680
351.0000 0.5717
352.0000 0.4807
353.0000 0.3958
354.0000 0.4018
355.0000 0.5255
356.0000 0.7595
357.0000 1.0000
358.0000 1.0000
359.0000 1.0000
360.0000 1.0000
361.0000 1.0000
362.0000 1.0000
363.0000 1.0000
364.0000 1.0000
365.0000 1.0000
366.0000 1.0000
367.0000 1.0000
368.0000 1.0000
369.0000 1.0000
370.0000 1.0000
371.0000 0.9874
372.0000 0.8710
373.0000 0.7625
374.0000 0.6609
375.0000 0.5653
376.0000 0.4749
377.0000 0.3974
378.0000 0.4128
379.0000 0.5450
380.0000 0.7863
381.0000 1.0000
382.0000 1.0000
383.0000 1.0000
384.0000 1.0000
385.0000 1.0000
386.0000 1.0000
387.0000 1.0000
388.0000 1.0000
389.0000 1.0000
390.0000 1.0000
391.0000 1.0000
392.0000 1.0000
393.0000 1.0000
394.0000 1.0000
395.0000 0.9701
396.0000 0.8546
397.0000 0.7470
398.0000 0.6462
399.0000 0.5512
400.0000 0.4613
401.0000 0.3963
402.0000 0.4286
403.0000 0.5768
404.0000 0.8332
405.0000 1.0000
406.0000 1.0000
407.0000 1.0000
408.0000 1.0000
409.0000 1.0000
410.0000 1.0000
411.0000 1.0000
412.0000 1.0000
413.0000 1.0000
414.0000 1.0000
415.0000 1.0000
416.0000 1.0000
417.0000 1.0000
418.0000 1.0000
419.0000 0.9465
420.0000 0.8325
421.0000 0.7261
422.0000 0.6263
423.0000 0.5322
424.0000 0.4431
425.0000 0.3955
426.0000 0.4511
427.0000 0.6214
428.0000 0.8984
429.0000 1.0000
430.0000 1.0000
431.0000 1.0000
432.0000 1.0000
433.0000 1.0000
434.0000 1.0000
435.0000 1.0000
436.0000 1.0000
437.0000 1.0000
438.0000 1.0000
439.0000 1.0000
440.0000 1.0000
441.0000 1.0000
442.0000 1.0000
443.0000 0.9165
444.0000 0.8043
445.0000 0.6995
446.0000 0.6011
447.0000 0.5082
448.0000 0.4201
449.0000 0.3957
450.0000 0.4815
451.0000 0.6806
452.0000 0.9840
453.0000 1.0000
454.0000 1.0000
455.0000 1.0000
456.0000 1.0000
457.0000 1.0000
458.0000 1.0000
459.0000 1.0000
460.0000 1.0000
461.0000 1.0000
462.0000 1.0000
463.0000 1.0000
464.0000 1.0000
465.0000 1.0000
466.0000 0.9991
467.0000 0.8809
468.0000 0.7710
469.0000 0.6682
470.0000 0.5715
471.0000 0.4801
472.0000 0.3938
473.0000 0.3983
474.0000 0.5212
475.0000 0.7549
476.0000 1.0000
477.0000 1.0000
478.0000 1.0000
479.0000 1.0000
480.0000 1.0000
481.0000 1.0000
482.0000 1.0000
483.0000 1.0000
484.0000 1.0000
485.0000 1.0000
486.0000 1.0000
487.0000 1.0000
488.0000 1.0000
489.0000 1.0000
490.0000 0.9925
491.0000 0.8757
492.0000 0.7670
493.0000 0.6652
494.0000 0.5694
495.0000 0.4788
496.0000 0.3977
497.0000 0.4083
498.0000 0.5358
499.0000 0.7728
500.0000 1.0000
501.0000 1.0000
502.0000 -1.0000
503.0000 1.0000
504.0000 1.0000
505.0000 1.0000
506.0000 1.0000
507.0000 0.8521
508.0000 1.0000
509.0000 1.0000
510.0000 1.0000
511.0000 1.0000
512.0000 1.0000
513.0000 1.0000
514.0000 1.0000
515.0000 1.0000
516.0000 0.8313
517.0000 0.5946
518.0000 0.3755
519.0000 0.1719
520.0000 -0.0183
521.0000 -0.1967
522.0000 -0.2480
523.0000 -0.0356
524.0000 0.5091
525.0000 1.0000
526.0000 1.0000
527.0000 1.0000
528.0000 1.0000
529.0000 1.0000
530.0000 1.0000
531.0000 1.0000
532.0000 1.0000
533.0000 1.0000
534.0000 1.0000
535.0000 1.0000
536.0000 1.0000
537.0000 1.0000
538.0000 0.7933
539.0000 0.5783
540.0000 0.3785
541.0000 0.1920
542.0000 0.0169
543.0000 -0.1484
544.0000 -0.1540
545.0000 0.1014
546.0000 0.6567
547.0000 1.0000
548.0000 1.0000
549.0000 1.0000
550.0000 1.0000
551.0000 1.0000
552.0000 1.0000
553.0000 1.0000
554.0000 1.0000
555.0000 1.0000
556.0000 1.0000
557.0000 1.0000
558.0000 1.0000
559.0000 1.0000
560.0000 0.8653
561.0000 0.6538
562.0000 0.4570
563.0000 0.2730
564.0000 0.1000
565.0000 -0.0635
566.0000 -0.1245
567.0000 0.0372
568.0000 0.4726
569.0000 1.0000
570.0000 1.0000
571.0000 1.0000
572.0000 1.0000
573.0000 1.0000
574.0000 1.0000
575.0000 1.0000
576.0000 1.0000
577.0000 1.0000
578.0000 1.0000
579.0000 1.0000
580.0000 1.0000
581.0000 1.0000
582.0000 0.9449
583.0000 0.7300
584.0000 0.5301
585.0000 0.3435
586.0000 0.1682
587.0000 0.0027
588.0000 -0.1179
589.0000 -0.0474
590.0000 0.2831
591.0000 0.8963
592.0000 1.0000
593.0000 1.0000
594.0000 1.0000
595.0000 1.0000
596.0000 1.0000
597.0000 1.0000
598.0000 1.0000
599.0000 1.0000
600.0000 1.0000
601.0000 1.0000
602.0000 1.0000
603.0000 1.0000
604.0000 1.0000
605.0000 0.8083
606.0000 0.6035
607.0000 0.4124
608.0000 0.2334
609.0000 0.0647
610.0000 -0.0952
611.0000 -0.1069
612.0000 0.1240
613.0000 0.6307
614.0000 1.0000
615.0000 1.0000
616.0000 1.0000
617.0000 1.0000
618.0000 1.0000
619.0000 1.0000
620.0000 1.0000
621.0000 1.0000
622.0000 1.0000
623.0000 1.0000
624.0000 1.0000
625.0000 1.0000
626.0000 1.0000
627.0000 0.9114
628.0000 0.6999
629.0000 0.5031
630.0000 0.3190
631.0000 0.1460
632.0000 -0.0176
633.0000 -0.1128
634.0000 -0.0057
635.0000 0.3635
636.0000 1.0000
637.0000 1.0000
638.0000 1.0000
639.0000 1.0000
640.0000 1.0000
641.0000 1.0000
642.0000 1.0000
643.0000 1.0000
644.0000 1.0000
645.0000 1.0000
646.0000 1.0000
647.0000 1.0000
648.0000 1.0000
649.0000 0.9792
650.0000 0.7622
651.0000 0.5605
652.0000 0.3722
653.0000 0.1955
654.0000 0.0287
655.0000 -0.1160
656.0000 -0.0821
657.0000 0.2073
658.0000 0.7773
659.0000 1.0000
660.0000 1.0000
661.0000 1.0000
662.0000 1.0000
663.0000 1.0000
664.0000 1.0000
665.0000 1.0000
666.0000 1.0000
667.0000 1.0000
668.0000 1.0000
669.0000 1.0000
670.0000 1.0000
671.0000 1.0000
672.0000 0.8603
673.0000 0.6523
674.0000 0.4585
675.0000 0.2771
676.0000 0.1063
677.0000 -0.0553
678.0000 -0.1107
679.0000 0.0556
680.0000 0.4906
681.0000 1.0000
682.0000 1.0000
683.0000 1.0000
684.0000 1.0000
685.0000 1.0000
686.0000 1.0000
687.0000 1.0000
688.0000 1.0000
689.0000 1.0000
690.0000 1.0000
691.0000 1.0000
692.0000 1.0000
693.0000 1.0000
694.0000 0.9490
695.0000 0.7346
696.0000 0.5352
697.0000 0.3490
698.0000 0.1740
699.0000 0.0088
700.0000 -0.1143
701.0000 -0.0485
702.0000 0.2754
703.0000 0.8803
704.0000 1.0000
705.0000 1.0000
706.0000 1.0000
707.0000 1.0000
708.0000 1.0000
709.0000 1.0000
710.0000 1.0000
711.0000 1.0000
712.0000 1.0000
713.0000 1.0000
714.0000 1.0000
715.0000 1.0000
716.0000 1.0000
717.0000 0.8171
718.0000 0.6119
719.0000 0.4206
720.0000 0.2412
721.0000 0.0723
722.0000 -0.0878
723.0000 -0.1070
724.0000 0.1126
725.0000 0.6064
726.0000 1.0000
727.0000 1.0000
728.0000 1.0000
729.0000 1.0000
730.0000 1.0000
731.0000 1.0000
732.0000 1.0000
733.0000 1.0000
734.0000 1.0000
735.0000 1.0000
736.0000 1.0000
737.0000 1.0000
738.0000 1.0000
739.0000 0.9186
740.0000 0.7066
741.0000 0.5094
742.0000 0.3250
743.0000 0.1516
744.0000 -0.0123
745.0000 -0.1129
746.0000 -0.0139
747.0000 0.3464
748.0000 0.9876
749.0000 1.0000
750.0000 1.0000
751.0000 1.0000
752.0000 -1.0000
753.0000 1.0000
754.0000 0.8309
755.0000 0.3284
756.0000 -0.1412
757.0000 -0.5782
758.0000 0.8265
759.0000 0.7948
760.0000 0.3296
761.0000 0.1855
762.0000 0.5251
763.0000 0.7805
764.0000 0.6856
765.0000 0.2716
766.0000 0.1149
767.0000 0.1794
768.0000 0.0669
769.0000 -0.2167
770.0000 -0.4926
771.0000 -0.4238
772.0000 -0.1447
773.0000 -0.0065
774.0000 0.1362
775.0000 0.3413
776.0000 0.4463
777.0000 0.4650
778.0000 0.4558
779.0000 0.4084
780.0000 0.3406
781.0000 0.2174
782.0000 0.0411
783.0000 -0.1356
784.0000 -0.2835
785.0000 -0.3806
786.0000 -0.4108
787.0000 -0.3384
788.0000 -0.1439
789.0000 0.0652
790.0000 0.1816
791.0000 0.2197
792.0000 0.2242
793.0000 0.2173
794.0000 0.2053
795.0000 0.1648
796.0000 0.0846
797.0000 -0.0031
798.0000 -0.0749
799.0000 -0.1252
800.0000 -0.1560
801.0000 -0.1593
802.0000 -0.1221
803.0000 -0.0583
804.0000 0.0010
805.0000 0.0398
806.0000 0.0595
807.0000 0.0661
808.0000 0.0632
809.0000 0.0503
810.0000 0.0271
811.0000 -0.0014
812.0000 -0.0285
813.0000 -0.0501
814.0000 -0.0642
815.0000 -0.0702
816.0000 -0.0674
817.0000 -0.0578
818.0000 -0.0454
819.0000 -0.0341
820.0000 -0.0260
821.0000 -0.0218
822.0000 -0.0214
823.0000 -0.0245
824.0000 -0.0304
825.0000 -0.0379
826.0000 -0.0456
827.0000 -0.0525
828.0000 -0.0578
829.0000 -0.0614
830.0000 -0.0631
831.0000 -0.0633
832.0000 -0.0626
833.0000 -0.0617
834.0000 -0.0610
835.0000 -0.0609
836.0000 -0.0615
837.0000 -0.0628
838.0000 -0.0647
839.0000 -0.0670
840.0000 -0.0695
841.0000 -0.0718
842.0000 -0.0740
843.0000 -0.0759
844.0000 -0.0774
845.0000 -0.0787
846.0000 -0.0798
847.0000 -0.0808
848.0000 -0.0817
849.0000 -0.0827
850.0000 -0.0838
851.0000 -0.0849
852.0000 -0.0862
853.0000 -0.0875
854.0000 -0.0888
855.0000 -0.0901
856.0000 -0.0914
857.0000 -0.0926
858.0000 -0.0938
859.0000 -0.0949
860.0000 -0.0960
861.0000 -0.0971
862.0000 -0.0981
863.0000 -0.0991
864.0000 -0.1002
865.0000 -0.1012
866.0000 -0.1022
867.0000 -0.1032
868.0000 -0.1042
869.0000 -0.1052
870.0000 -0.1062
871.0000 -0.1072
872.0000 -0.1082
873.0000 -0.1091
874.0000 -0.1100
875.0000 -0.1110
876.0000 -0.1119
877.0000 -0.1128
878.0000 -0.1136
879.0000 -0.1145
880.0000 -0.1154
881.0000 -0.1162
882.0000 -0.1171
883.0000 -0.1179
884.0000 -0.1187
885.0000 -0.1195
886.0000 -0.1203
887.0000 -0.1211
888.0000 -0.1219
889.0000 -0.1227
890.0000 -0.1235
891.0000 -0.1242
892.0000 -0.1250
893.0000 -0.1257
894.0000 -0.1264
895.0000 -0.1272
896.0000 -0.1279
897.0000 -0.1286
898.0000 -0.1293
899.0000 -0.1300
900.0000 -0.1307
901.0000 -0.1313
902.0000 -0.1320
903.0000 -0.1327
904.0000 -0.1333
905.0000 -0.1340
906.0000 -0.1346
907.0000 -0.1352
908.0000 -0.1358
909.0000 -0.1365
910.0000 -0.1371
911.0000 -0.1377
912.0000 -0.1383
913.0000 -0.1389
914.0000 -0.1394
915.0000 -0.1400
916.0000 -0.1406
917.0000 -0.1412
918.0000 -0.1417
919.0000 -0.1423
920.0000 -0.1428
921.0000 -0.1434
922.0000 -0.1439
923.0000 -0.1444
924.0000 -0.1450
925.0000 -0.1455
926.0000 -0.1460
927.0000 -0.1465
928.0000 -0.1470
929.0000 -0.1475
930.0000 -0.1480
931.0000 -0.1485
932.0000 -0.1489
933.0000 -0.1494
934.0000 -0.1499
935.0000 -0.1504
936.0000 -0.1508
937.0000 -0.1513
938.0000 -0.1517
939.0000 -0.1522
940.0000 -0.1526
941.0000 -0.1531
942.0000 -0.1535
943.0000 -0.1539
944.0000 -0.1543
945.0000 -0.1548
946.0000 -0.1552
947.0000 -0.1556
948.0000 -0.1560
949.0000 -0.1564
950.0000 -0.1568
951.0000 -0.1572
952.0000 -0.1576
953.0000 -0.1580
954.0000 -0.1584
955.0000 -0.1587
956.0000 -0.1591
957.0000 -0.1595
958.0000 -0.1598
959.0000 -0.1602
960.0000 -0.1606
961.0000 -0.1609
962.0000 -0.1613
963.0000 -0.1616
964.0000 -0.1620
965.0000 -0.1623
966.0000 -0.1627
967.0000 -0.1630
968.0000 -0.1633
969.0000 -0.1637
970.0000 -0.1640
971.0000 -0.1643
972.0000 -0.1646
973.0000 -0.1650
974.0000 -0.1653
975.0000 -0.1656
976.0000 -0.1659
977.0000 -0.1662
978.0000 -0.1665
979.0000 -0.1668
980.0000 -0.1671
981.0000 -0.1674
982.0000 -0.1677
983.0000 -0.1680
984.0000 -0.1682
985.0000 -0.1685
986.0000 -0.1688
987.0000 -0.1691
988.0000 -0.1694
989.0000 -0.1696
990.0000 -0.1699
991.0000 -0.1702
992.0000 -0.1704
993.0000 -0.1707
994.0000 -0.1709
995.0000 -0.1712
996.0000 -0.1715
997.0000 -0.1717
998.0000 -0.1720
999.0000 -0.1722
1000.0000 -0.1724
1001.0000 -0.1727
1002.0000 -0.1729
1003.0000 -0.1732
1004.0000 -0.1734
1005.0000 -0.1736
1006.0000 -0.1739
1007.0000 -0.1741
1008.0000 -0.1743
1009.0000 -0.1745
1010.0000 -0.1748
1011.0000 -0.1750
1012.0000 -0.1752
1013.0000 -0.1754
1014.0000 -0.1756
1015.0000 -0.1758
1016.0000 -0.1760
1017.0000 -0.1763
1018.0000 -0.1765
1019.0000 -0.1767
1020.0000 -0.1769
1021.0000 -0.1771
1022.0000 -0.1773
1023.0000 -0.1775
1024.0000 -0.1777
1025.0000 -0.1779
1026.0000 -0.1780
1027.0000 -0.1782
1028.0000 -0.1784
1029.0000 -0.1786
1030.0000 -0.1788
1031.0000 -0.1790
1032.0000 -0.1792
1033.0000 -0.1793
1034.0000 -0.1795
1035.0000 -0.1797
1036.0000 -0.1799
1037.0000 -0.1800
1038.0000 -0.1802
1039.0000 -0.1804
1040.0000 -0.1805
1041.0000 -0.1807
1042.0000 -0.1809
1043.0000 -0.1810
1044.0000 -0.1812
1045.0000 -0.1814
1046.0000 -0.1815
1047.0000 -0.1817
1048.0000 -0.1818
1049.0000 -0.1820
1050.0000 -0.1821
1051.0000 -0.1823
1052.0000 -0.1824
1053.0000 -0.1826
1054.0000 -0.1827
1055.0000 -0.1829
1056.0000 -0.1830
1057.0000 -0.1832
1058.0000 -0.1833
1059.0000 -0.1835
1060.0000 -0.1836
1061.0000 -0.1837
1062.0000 -0.1839
1063.0000 -0.1840
1064.0000 -0.1841
1065.0000 -0.1843
1066.0000 -0.1844
1067.0000 -0.1845
1068.0000 -0.1847
1069.0000 -0.1848
1070.0000 -0.1849
1071.0000 -0.1851
1072.0000 -0.1852
1073.0000 -0.1853
1074.0000 -0.1854
1075.0000 -0.1855
1076.0000 -0.1857
1077.0000 -0.1858
1078.0000 -0.1859
1079.0000 -0.1860
1080.0000 -0.1861
1081.0000 -0.1863
1082.0000 -0.1864
1083.0000 -0.1865
1084.0000 -0.1866
1085.0000 -0.1867
1086.0000 -0.1868
1087.0000 -0.1869
1088.0000 -0.1870
1089.0000 -0.1871
1090.0000 -0.1873
1091.0000 -0.1874
1092.0000 -0.1875
1093.0000 -0.1876
1094.0000 -0.1877
1095.0000 -0.1878
1096.0000 -0.1879
1097.0000 -0.1880
1098.0000 -0.1881
1099.0000 -0.1882
1100.0000 -0.1883
1101.0000 -0.1884
1102.0000 -0.1885
1103.0000 -0.1886
1104.0000 -0.1887
1105.0000 -0.1887
1106.0000 -0.1888
1107.0000 -0.1889
1108.0000 -0.1890
1109.0000 -0.1891
1110.0000 -0.1892
1111.0000 -0.1893
1112.0000 -0.1894
1113.0000 -0.1895
1114.0000 -0.1895
1115.0000 -0.1896
1116.0000 -0.1897
1117.0000 -0.1898
1118.0000 -0.1899
1119.0000 -0.1900
1120.0000 -0.1900
1121.0000 -0.1901
1122.0000 -0.1902
1123.0000 -0.1903
1124.0000 -0.1904
1125.0000 -0.1904
1126.0000 -0.1905
1127.0000 -0.1906
1128.0000 -0.1907
1129.0000 -0.1908
1130.0000 -0.1908
1131.0000 -0.1909
1132.0000 -0.1910
1133.0000 -0.1910
1134.0000 -0.1911
1135.0000 -0.1912
1136.0000 -0.1913
1137.0000 -0.1913
1138.0000 -0.1914
1139.0000 -0.1915
1140.0000 -0.1915
1141.0000 -0.1916
1142.0000 -0.1917
1143.0000 -0.1917
1144.0000 -0.1918
1145.0000 -0.1919
1146.0000 -0.1919
1147.0000 -0.1920
1148.0000 -0.1921
1149.0000 -0.1921
1150.0000 -0.1922
1151.0000 -0.1923
1152.0000 -0.1923
1153.0000 -0.1924
1154.0000 -0.1924
1155.0000 -0.1925
1156.0000 -0.1926
1157.0000 -0.1926
1158.0000 -0.1927
1159.0000 -0.1927
1160.0000 -0.1928
1161.0000 -0.1928
1162.0000 -0.1929
1163.0000 -0.1930
1164.0000 -0.1930
1165.0000 -0.1931
1166.0000 -0.1931
1167.0000 -0.1932
1168.0000 -0.1932
1169.0000 -0.1933
1170.0000 -0.1933
1171.0000 -0.1934
1172.0000 -0.1934
1173.0000 -0.1935
1174.0000 -0.1935
1175.0000 -0.1936
1176.0000 -0.1936
1177.0000 -0.1937
1178.0000 -0.1937
1179.0000 -0.1938
1180.0000 -0.1938
1181.0000 -0.1939
1182.0000 -0.1939
1183.0000 -0.1940
1184.0000 -0.1940
1185.0000 -0.1941
1186.0000 -0.1941
1187.0000 -0.1942
1188.0000 -0.1942
1189.0000 -0.1943
1190.0000 -0.1943
1191.0000 -0.1943
1192.0000 -0.1944
1193.0000 -0.1944
1194.0000 -0.1945
1195.0000 -0.1945
1196.0000 -0.1946
1197.0000 -0.1946
1198.0000 -0.1946
1199.0000 -0.1947
1200.0000 -0.1947
