1.0000 0.0000
2.0000 0.0000
3.0000 0.0000
4.0000 0.0000
5.0000 0.0000
6.0000 0.0000
7.0000 1.0000
8.0000 0.3225
9.0000 0.3375
10.0000 0.3525
11.0000 0.3675
12.0000 0.3825
13.0000 0.3168
14.0000 0.2661
15.0000 0.2697
16.0000 0.2719
17.0000 0.2725
18.0000 0.2716
19.0000 0.2843
20.0000 0.3103
21.0000 0.3339
22.0000 0.3529
23.0000 0.3687
24.0000 0.3827
25.0000 0.3931
26.0000 0.3979
27.0000 0.3982
28.0000 0.3959
29.0000 0.3920
30.0000 0.3874
31.0000 0.3827
32.0000 0.3789
33.0000 0.3770
34.0000 0.3773
35.0000 0.3796
36.0000 0.3839
37.0000 0.3896
38.0000 0.3964
39.0000 0.4035
40.0000 0.4102
41.0000 0.4161
42.0000 0.4209
43.0000 0.4244
44.0000 0.4265
45.0000 0.4273
46.0000 0.4273
47.0000 0.4265
48.0000 0.4255
49.0000 0.4245
50.0000 0.4239
51.0000 0.4238
52.0000 0.4244
53.0000 0.4257
54.0000 0.4277
55.0000 0.4301
56.0000 0.4329
57.0000 0.4357
58.0000 0.4385
59.0000 0.4410
60.0000 0.4430
61.0000 0.4446
62.0000 0.4456
63.0000 0.4462
64.0000 0.4465
65.0000 0.4464
66.0000 0.4463
67.0000 0.4461
68.0000 0.4461
69.0000 0.4462
70.0000 0.4466
71.0000 0.4473
72.0000 0.4482
73.0000 0.4492
74.0000 0.4505
75.0000 0.4517
76.0000 0.4529
77.0000 0.4540
78.0000 0.4550
79.0000 0.4558
80.0000 0.4563
81.0000 0.4567
82.0000 0.4569
83.0000 0.4570
84.0000 0.4570
85.0000 0.4570
86.0000 0.4571
87.0000 0.4572
88.0000 0.4574
89.0000 0.4577
90.0000 0.4582
91.0000 0.4587
92.0000 0.4592
93.0000 0.4598
94.0000 0.4604
95.0000 0.4609
96.0000 0.4613
97.0000 0.4617
98.0000 0.4620
99.0000 0.4622
100.0000 0.4623
101.0000 0.4624
102.0000 0.4625
103.0000 0.4625
104.0000 0.4626
105.0000 0.4627
106.0000 0.4628
107.0000 0.4630
108.0000 0.4632
109.0000 0.4634
110.0000 0.4637
111.0000 0.4639
112.0000 0.4642
113.0000 0.4644
114.0000 0.4647
115.0000 0.4648
116.0000 0.4650
117.0000 0.4651
118.0000 0.4652
119.0000 0.4652
120.0000 0.4653
121.0000 0.4653
122.0000 0.4654
123.0000 0.4654
124.0000 0.4655
125.0000 0.4656
126.0000 0.4657
127.0000 0.4658
128.0000 0.4659
129.0000 0.4660
130.0000 0.4661
131.0000 0.4663
132.0000 0.4664
133.0000 0.4665
134.0000 0.4665
135.0000 0.4666
136.0000 0.4667
137.0000 0.4667
138.0000 0.4667
139.0000 0.4667
140.0000 0.4668
141.0000 0.4668
142.0000 0.4668
143.0000 0.4669
144.0000 0.4669
145.0000 0.4670
146.0000 0.4670
147.0000 0.4671
148.0000 0.4672
149.0000 0.4672
150.0000 0.4673
151.0000 0.4673
152.0000 0.4674
153.0000 0.4674
154.0000 0.4674
155.0000 0.4674
156.0000 0.4675
157.0000 0.4675
158.0000 0.4675
159.0000 0.4675
160.0000 0.4675
161.0000 0.4675
162.0000 0.4676
163.0000 0.4676
164.0000 0.4676
165.0000 0.4676
166.0000 0.4677
167.0000 0.4677
168.0000 0.4677
169.0000 0.4677
170.0000 0.4678
171.0000 0.4678
172.0000 0.4678
173.0000 0.4678
174.0000 0.4678
175.0000 0.4678
176.0000 0.4678
177.0000 0.4678
178.0000 0.4679
179.0000 0.4679
180.0000 0.4679
181.0000 0.4679
182.0000 0.4679
183.0000 0.4679
184.0000 0.4679
185.0000 0.4679
186.0000 0.4680
187.0000 0.4680
188.0000 0.4680
189.0000 0.4680
190.0000 0.4680
191.0000 0.4680
192.0000 0.4680
193.0000 0.4680
194.0000 0.4680
195.0000 0.4680
196.0000 0.4680
197.0000 0.4680
198.0000 0.4680
199.0000 0.4681
200.0000 0.4681
201.0000 0.4681
202.0000 0.4681
203.0000 0.4681
204.0000 0.4681
205.0000 0.4681
206.0000 0.4681
207.0000 0.4681
208.0000 0.4681
209.0000 0.4681
210.0000 0.4681
211.0000 0.4681
212.0000 0.4681
213.0000 0.4681
214.0000 0.4681
215.0000 0.4681
216.0000 0.4681
217.0000 0.4681
218.0000 0.4681
219.0000 0.4681
220.0000 0.4681
221.0000 0.4681
222.0000 0.4681
223.0000 0.4681
224.0000 0.4682
225.0000 0.4682
226.0000 0.4682
227.0000 0.4682
228.0000 0.4682
229.0000 0.4682
230.0000 0.4682
231.0000 0.4682
232.0000 0.4682
233.0000 0.4682
234.0000 0.4682
235.0000 0.4682
236.0000 0.4682
237.0000 0.4682
238.0000 0.4682
239.0000 0.4682
240.0000 0.4682
241.0000 0.4682
242.0000 0.4682
243.0000 0.4682
244.0000 0.4682
245.0000 0.4682
246.0000 0.4682
247.0000 0.4682
248.0000 0.4682
249.0000 0.4682
250.0000 0.4682
251.0000 0.4682
252.0000 1.0000
253.0000 1.0000
254.0000 1.0000
255.0000 1.0000
256.0000 1.0000
257.0000 1.0000
258.0000 1.0000
259.0000 1.0000
260.0000 1.0000
261.0000 0.9624
262.0000 0.9027
263.0000 0.8489
264.0000 0.8002
265.0000 0.7558
266.0000 0.7153
267.0000 0.6853
268.0000 0.6726
269.0000 0.6772
270.0000 0.6966
271.0000 0.7283
272.0000 0.7702
273.0000 0.8182
274.0000 0.8658
275.0000 0.9073
276.0000 0.9388
277.0000 0.9580
278.0000 0.9640
279.0000 0.9569
280.0000 0.9382
281.0000 0.9104
282.0000 0.8765
283.0000 0.8400
284.0000 0.8041
285.0000 0.7722
286.0000 0.7469
287.0000 0.7306
288.0000 0.7247
289.0000 0.7296
290.0000 0.7447
291.0000 0.7682
292.0000 0.7975
293.0000 0.8293
294.0000 0.8599
295.0000 0.8863
296.0000 0.9058
297.0000 0.9169
298.0000 0.9189
299.0000 0.9123
300.0000 0.8982
301.0000 0.8782
302.0000 0.8545
303.0000 0.8296
304.0000 0.8056
305.0000 0.7849
306.0000 0.7692
307.0000 0.7601
308.0000 0.7581
309.0000 0.7633
310.0000 0.7751
311.0000 0.7920
312.0000 0.8122
313.0000 0.8334
314.0000 0.8534
315.0000 0.8701
316.0000 0.8820
317.0000 0.8882
318.0000 0.8883
319.0000 0.8826
320.0000 0.8721
321.0000 0.8579
322.0000 0.8415
323.0000 0.8246
324.0000 0.8089
325.0000 0.7956
326.0000 0.7861
327.0000 0.7812
328.0000 0.7812
329.0000 0.7859
330.0000 0.7948
331.0000 0.8068
332.0000 0.8206
333.0000 0.8347
334.0000 0.8477
335.0000 0.8582
336.0000 0.8654
337.0000 0.8686
338.0000 0.8678
339.0000 0.8632
340.0000 0.8554
341.0000 0.8454
342.0000 0.8342
343.0000 0.8229
344.0000 0.8126
345.0000 0.8043
346.0000 0.7986
347.0000 0.7961
348.0000 0.7969
349.0000 0.8009
350.0000 0.8075
351.0000 0.8159
352.0000 0.8253
353.0000 0.8346
354.0000 0.8430
355.0000 0.8495
356.0000 0.8537
357.0000 0.8553
358.0000 0.8541
359.0000 0.8505
360.0000 0.8449
361.0000 0.8379
362.0000 0.8303
363.0000 0.8228
364.0000 0.8161
365.0000 0.8109
366.0000 0.8076
367.0000 0.8065
368.0000 0.8076
369.0000 0.8107
370.0000 0.8155
371.0000 0.8214
372.0000 0.8277
373.0000 0.8338
374.0000 0.8392
375.0000 0.8433
376.0000 0.8457
377.0000 0.8463
378.0000 0.8451
379.0000 0.8423
380.0000 0.8383
381.0000 0.8334
382.0000 0.8283
383.0000 0.8233
384.0000 0.8191
385.0000 0.8159
386.0000 0.8140
387.0000 0.8137
388.0000 0.8147
389.0000 0.8171
390.0000 0.8205
391.0000 0.8246
392.0000 0.8288
393.0000 0.8329
394.0000 0.8363
395.0000 0.8388
396.0000 0.8401
397.0000 0.8402
398.0000 0.8392
399.0000 0.8371
400.0000 0.8342
401.0000 0.8309
402.0000 0.8274
403.0000 0.8242
404.0000 0.8215
405.0000 0.8195
406.0000 0.8185
407.0000 0.8185
408.0000 0.8195
409.0000 0.8213
410.0000 0.8237
411.0000 0.8264
412.0000 0.8293
413.0000 0.8319
414.0000 0.8341
415.0000 0.8356
416.0000 0.8363
417.0000 0.8362
418.0000 0.8353
419.0000 0.8337
420.0000 0.8317
421.0000 0.8294
422.0000 0.8271
423.0000 0.8250
424.0000 0.8233
425.0000 0.8221
426.0000 0.8216
427.0000 0.8218
428.0000 0.8226
429.0000 0.8239
430.0000 0.8256
431.0000 0.8275
432.0000 0.8294
433.0000 0.8311
434.0000 0.8324
435.0000 0.8333
436.0000 0.8336
437.0000 0.8334
438.0000 0.8327
439.0000 0.8316
440.0000 0.8302
441.0000 0.8286
442.0000 0.8271
443.0000 0.8257
444.0000 0.8247
445.0000 0.8240
446.0000 0.8238
447.0000 0.8240
448.0000 0.8246
449.0000 0.8256
450.0000 0.8267
451.0000 0.8280
452.0000 0.8293
453.0000 0.8304
454.0000 0.8312
455.0000 0.8317
456.0000 0.8318
457.0000 0.8316
458.0000 0.8311
459.0000 0.8303
460.0000 0.8293
461.0000 0.8282
462.0000 0.8272
463.0000 0.8264
464.0000 0.8257
465.0000 0.8253
466.0000 0.8252
467.0000 0.8255
468.0000 0.8259
469.0000 0.8266
470.0000 0.8274
471.0000 0.8283
472.0000 0.8291
473.0000 0.8298
474.0000 0.8303
475.0000 0.8306
476.0000 0.8306
477.0000 0.8304
478.0000 0.8300
479.0000 0.8294
480.0000 0.8288
481.0000 0.8281
482.0000 0.8274
483.0000 0.8268
484.0000 0.8264
485.0000 0.8262
486.0000 0.8262
487.0000 0.8264
488.0000 0.8268
489.0000 0.8273
490.0000 0.8278
491.0000 0.8284
492.0000 0.8289
493.0000 0.8294
494.0000 0.8297
495.0000 0.8298
496.0000 0.8298
497.0000 0.8296
498.0000 0.8293
499.0000 0.8289
500.0000 0.8285
501.0000 0.8280
502.0000 -0.6799
503.0000 0.5047
504.0000 0.4895
505.0000 0.4744
506.0000 0.4594
507.0000 0.4446
508.0000 1.0000
509.0000 1.0000
510.0000 1.0000
511.0000 1.0000
512.0000 1.0000
513.0000 1.0000
514.0000 1.0000
515.0000 1.0000
516.0000 0.9365
517.0000 0.8468
518.0000 0.7646
519.0000 0.6892
520.0000 0.6196
521.0000 0.5552
522.0000 0.5068
523.0000 0.4845
524.0000 0.4886
525.0000 0.5163
526.0000 0.5644
527.0000 0.6295
528.0000 0.7037
529.0000 0.7751
530.0000 0.8336
531.0000 0.8736
532.0000 0.8934
533.0000 0.8930
534.0000 0.8740
535.0000 0.8395
536.0000 0.7938
537.0000 0.7418
538.0000 0.6882
539.0000 0.6380
540.0000 0.5955
541.0000 0.5644
542.0000 0.5475
543.0000 0.5465
544.0000 0.5612
545.0000 0.5900
546.0000 0.6292
547.0000 0.6736
548.0000 0.7177
549.0000 0.7559
550.0000 0.7843
551.0000 0.8005
552.0000 0.8038
553.0000 0.7950
554.0000 0.7759
555.0000 0.7488
556.0000 0.7170
557.0000 0.6835
558.0000 0.6516
559.0000 0.6242
560.0000 0.6038
561.0000 0.5922
562.0000 0.5903
563.0000 0.5981
564.0000 0.6145
565.0000 0.6373
566.0000 0.6636
567.0000 0.6903
568.0000 0.7142
569.0000 0.7328
570.0000 0.7445
571.0000 0.7485
572.0000 0.7449
573.0000 0.7347
574.0000 0.7192
575.0000 0.7002
576.0000 0.6799
577.0000 0.6603
578.0000 0.6431
579.0000 0.6301
580.0000 0.6223
581.0000 0.6204
582.0000 0.6243
583.0000 0.6334
584.0000 0.6465
585.0000 0.6619
586.0000 0.6778
587.0000 0.6925
588.0000 0.7043
589.0000 0.7122
590.0000 0.7156
591.0000 0.7145
592.0000 0.7091
593.0000 0.7004
594.0000 0.6894
595.0000 0.6773
596.0000 0.6654
597.0000 0.6548
598.0000 0.6466
599.0000 0.6415
600.0000 0.6398
601.0000 0.6417
602.0000 0.6466
603.0000 0.6541
604.0000 0.6630
605.0000 0.6725
606.0000 0.6814
607.0000 0.6887
608.0000 0.6939
609.0000 0.6965
610.0000 0.6963
611.0000 0.6936
612.0000 0.6888
613.0000 0.6824
614.0000 0.6753
615.0000 0.6681
616.0000 0.6617
617.0000 0.6566
618.0000 0.6532
619.0000 0.6519
620.0000 0.6527
621.0000 0.6554
622.0000 0.6596
623.0000 0.6648
624.0000 0.6704
625.0000 0.6757
626.0000 0.6803
627.0000 0.6836
628.0000 0.6854
629.0000 0.6856
630.0000 0.6843
631.0000 0.6816
632.0000 0.6780
633.0000 0.6738
634.0000 0.6695
635.0000 0.6656
636.0000 0.6624
637.0000 0.6603
638.0000 0.6593
639.0000 0.6596
640.0000 0.6610
641.0000 0.6634
642.0000 0.6664
643.0000 0.6696
644.0000 0.6728
645.0000 0.6756
646.0000 0.6778
647.0000 0.6790
648.0000 0.6793
649.0000 0.6787
650.0000 0.6772
651.0000 0.6752
652.0000 0.6727
653.0000 0.6702
654.0000 0.6678
655.0000 0.6659
656.0000 0.6645
657.0000 0.6638
658.0000 0.6638
659.0000 0.6646
660.0000 0.6659
661.0000 0.6676
662.0000 0.6695
663.0000 0.6714
664.0000 0.6731
665.0000 0.6745
666.0000 0.6753
667.0000 0.6756
668.0000 0.6753
669.0000 0.6745
670.0000 0.6734
671.0000 0.6720
672.0000 0.6705
673.0000 0.6690
674.0000 0.6678
675.0000 0.6669
676.0000 0.6665
677.0000 0.6664
678.0000 0.6668
679.0000 0.6675
680.0000 0.6685
681.0000 0.6696
682.0000 0.6708
683.0000 0.6718
684.0000 0.6726
685.0000 0.6732
686.0000 0.6734
687.0000 0.6733
688.0000 0.6729
689.0000 0.6722
690.0000 0.6714
691.0000 0.6705
692.0000 0.6697
693.0000 0.6689
694.0000 0.6684
695.0000 0.6680
696.0000 0.6680
697.0000 0.6682
698.0000 0.6686
699.0000 0.6691
700.0000 0.6698
701.0000 0.6704
702.0000 0.6711
703.0000 0.6716
704.0000 0.6719
705.0000 0.6721
706.0000 0.6721
707.0000 0.6719
708.0000 0.6715
709.0000 0.6710
710.0000 0.6705
711.0000 0.6700
712.0000 0.6695
713.0000 0.6692
714.0000 0.6690
715.0000 0.6689
716.0000 0.6690
717.0000 0.6692
718.0000 0.6695
719.0000 0.6699
720.0000 0.6703
721.0000 0.6707
722.0000 0.6710
723.0000 0.6712
724.0000 0.6714
725.0000 0.6714
726.0000 0.6712
727.0000 0.6710
728.0000 0.6708
729.0000 0.6705
730.0000 0.6702
731.0000 0.6699
732.0000 0.6697
733.0000 0.6695
734.0000 0.6695
735.0000 0.6695
736.0000 0.6696
737.0000 0.6698
738.0000 0.6700
739.0000 0.6703
740.0000 0.6705
741.0000 0.6707
742.0000 0.6708
743.0000 0.6709
744.0000 0.6709
745.0000 0.6709
746.0000 0.6708
747.0000 0.6706
748.0000 0.6704
749.0000 0.6702
750.0000 0.6701
751.0000 0.6699
752.0000 -1.0000
753.0000 0.0022
754.0000 -0.0288
755.0000 -0.0598
756.0000 -0.0907
757.0000 -0.1217
758.0000 0.4474
759.0000 0.5009
760.0000 0.4727
761.0000 0.4497
762.0000 0.4317
763.0000 0.4180
764.0000 0.3845
765.0000 0.3134
766.0000 0.2526
767.0000 0.2062
768.0000 0.1712
769.0000 0.1450
770.0000 0.1293
771.0000 0.1315
772.0000 0.1484
773.0000 0.1715
774.0000 0.1941
775.0000 0.2127
776.0000 0.2255
777.0000 0.2315
778.0000 0.2307
779.0000 0.2244
780.0000 0.2145
781.0000 0.2026
782.0000 0.1902
783.0000 0.1785
784.0000 0.1687
785.0000 0.1614
786.0000 0.1567
787.0000 0.1543
788.0000 0.1537
789.0000 0.1541
790.0000 0.1548
791.0000 0.1553
792.0000 0.1550
793.0000 0.1540
794.0000 0.1520
795.0000 0.1493
796.0000 0.1461
797.0000 0.1426
798.0000 0.1391
799.0000 0.1356
800.0000 0.1324
801.0000 0.1296
802.0000 0.1270
803.0000 0.1247
804.0000 0.1227
805.0000 0.1207
806.0000 0.1189
807.0000 0.1170
808.0000 0.1151
809.0000 0.1131
810.0000 0.1111
811.0000 0.1090
812.0000 0.1069
813.0000 0.1048
814.0000 0.1027
815.0000 0.1007
816.0000 0.0987
817.0000 0.0967
818.0000 0.0948
819.0000 0.0929
820.0000 0.0911
821.0000 0.0893
822.0000 0.0875
823.0000 0.0857
824.0000 0.0840
825.0000 0.0822
826.0000 0.0805
827.0000 0.0788
828.0000 0.0771
829.0000 0.0754
830.0000 0.0738
831.0000 0.0721
832.0000 0.0705
833.0000 0.0689
834.0000 0.0673
835.0000 0.0657
836.0000 0.0642
837.0000 0.0626
838.0000 0.0611
839.0000 0.0596
840.0000 0.0581
841.0000 0.0567
842.0000 0.0552
843.0000 0.0538
844.0000 0.0523
845.0000 0.0509
846.0000 0.0495
847.0000 0.0481
848.0000 0.0467
849.0000 0.0454
850.0000 0.0440
851.0000 0.0427
852.0000 0.0414
853.0000 0.0401
854.0000 0.0388
855.0000 0.0375
856.0000 0.0362
857.0000 0.0349
858.0000 0.0337
859.0000 0.0324
860.0000 0.0312
861.0000 0.0300
862.0000 0.0288
863.0000 0.0276
864.0000 0.0264
865.0000 0.0252
866.0000 0.0241
867.0000 0.0229
868.0000 0.0218
869.0000 0.0206
870.0000 0.0195
871.0000 0.0184
872.0000 0.0173
873.0000 0.0162
874.0000 0.0151
875.0000 0.0140
876.0000 0.0129
877.0000 0.0119
878.0000 0.0108
879.0000 0.0098
880.0000 0.0088
881.0000 0.0077
882.0000 0.0067
883.0000 0.0057
884.0000 0.0047
885.0000 0.0037
886.0000 0.0027
887.0000 0.0017
888.0000 0.0008
889.0000 -0.0002
890.0000 -0.0012
891.0000 -0.0021
892.0000 -0.0030
893.0000 -0.0040
894.0000 -0.0049
895.0000 -0.0058
896.0000 -0.0067
897.0000 -0.0076
898.0000 -0.0085
899.0000 -0.0094
900.0000 -0.0103
901.0000 -0.0112
902.0000 -0.0121
903.0000 -0.0129
904.0000 -0.0138
905.0000 -0.0147
906.0000 -0.0155
907.0000 -0.0163
908.0000 -0.0172
909.0000 -0.0180
910.0000 -0.0188
911.0000 -0.0197
912.0000 -0.0205
913.0000 -0.0213
914.0000 -0.0221
915.0000 -0.0229
916.0000 -0.0237
917.0000 -0.0244
918.0000 -0.0252
919.0000 -0.0260
920.0000 -0.0268
921.0000 -0.0275
922.0000 -0.0283
923.0000 -0.0290
924.0000 -0.0298
925.0000 -0.0305
926.0000 -0.0313
927.0000 -0.0320
928.0000 -0.0327
929.0000 -0.0335
930.0000 -0.0342
931.0000 -0.0349
932.0000 -0.0356
933.0000 -0.0363
934.0000 -0.0370
935.0000 -0.0377
936.0000 -0.0384
937.0000 -0.0391
938.0000 -0.0398
939.0000 -0.0404
940.0000 -0.0411
941.0000 -0.0418
942.0000 -0.0424
943.0000 -0.0431
944.0000 -0.0438
945.0000 -0.0444
946.0000 -0.0451
947.0000 -0.0457
948.0000 -0.0464
949.0000 -0.0470
950.0000 -0.0476
951.0000 -0.0483
952.0000 -0.0489
953.0000 -0.0495
954.0000 -0.0501
955.0000 -0.0507
956.0000 -0.0513
957.0000 -0.0520
958.0000 -0.0526
959.0000 -0.0532
960.0000 -0.0538
961.0000 -0.0543
962.0000 -0.0549
963.0000 -0.0555
964.0000 -0.0561
965.0000 -0.0567
966.0000 -0.0573
967.0000 -0.0578
968.0000 -0.0584
969.0000 -0.0590
970.0000 -0.0595
971.0000 -0.0601
972.0000 -0.0606
973.0000 -0.0612
974.0000 -0.0617
975.0000 -0.0623
976.0000 -0.0628
977.0000 -0.0634
978.0000 -0.0639
979.0000 -0.0645
980.0000 -0.0650
981.0000 -0.0655
982.0000 -0.0660
983.0000 -0.0666
984.0000 -0.0671
985.0000 -0.0676
986.0000 -0.0681
987.0000 -0.0686
988.0000 -0.0691
989.0000 -0.0696
990.0000 -0.0701
991.0000 -0.0706
992.0000 -0.0711
993.0000 -0.0716
994.0000 -0.0721
995.0000 -0.0726
996.0000 -0.0731
997.0000 -0.0736
998.0000 -0.0741
999.0000 -0.0746
1000.0000 -0.0750
1001.0000 -0.0755
1002.0000 -0.0760
1003.0000 -0.0765
1004.0000 -0.0769
1005.0000 -0.0774
1006.0000 -0.0778
1007.0000 -0.0783
1008.0000 -0.0788
1009.0000 -0.0792
1010.0000 -0.0797
1011.0000 -0.0801
1012.0000 -0.0806
1013.0000 -0.0810
1014.0000 -0.0815
1015.0000 -0.0819
1016.0000 -0.0823
1017.0000 -0.0828
1018.0000 -0.0832
1019.0000 -0.0836
1020.0000 -0.0841
1021.0000 -0.0845
1022.0000 -0.0849
1023.0000 -0.0854
1024.0000 -0.0858
1025.0000 -0.0862
1026.0000 -0.0866
1027.0000 -0.0870
1028.0000 -0.0874
1029.0000 -0.0879
1030.0000 -0.0883
1031.0000 -0.0887
1032.0000 -0.0891
1033.0000 -0.0895
1034.0000 -0.0899
1035.0000 -0.0903
1036.0000 -0.0907
1037.0000 -0.0911
1038.0000 -0.0915
1039.0000 -0.0919
1040.0000 -0.0923
1041.0000 -0.0926
1042.0000 -0.0930
1043.0000 -0.0934
1044.0000 -0.0938
1045.0000 -0.0942
1046.0000 -0.0946
1047.0000 -0.0949
1048.0000 -0.0953
1049.0000 -0.0957
1050.0000 -0.0961
1051.0000 -0.0964
1052.0000 -0.0968
1053.0000 -0.0972
1054.0000 -0.0975
1055.0000 -0.0979
1056.0000 -0.0983
1057.0000 -0.0986
1058.0000 -0.0990
1059.0000 -0.0993
1060.0000 -0.0997
1061.0000 -0.1000
1062.0000 -0.1004
1063.0000 -0.1007
1064.0000 -0.1011
1065.0000 -0.1014
1066.0000 -0.1018
1067.0000 -0.1021
1068.0000 -0.1025
1069.0000 -0.1028
1070.0000 -0.1032
1071.0000 -0.1035
1072.0000 -0.1038
1073.0000 -0.1042
1074.0000 -0.1045
1075.0000 -0.1048
1076.0000 -0.1052
1077.0000 -0.1055
1078.0000 -0.1058
1079.0000 -0.1061
1080.0000 -0.1065
1081.0000 -0.1068
1082.0000 -0.1071
1083.0000 -0.1074
1084.0000 -0.1078
1085.0000 -0.1081
1086.0000 -0.1084
1087.0000 -0.1087
1088.0000 -0.1090
1089.0000 -0.1093
1090.0000 -0.1096
1091.0000 -0.1099
1092.0000 -0.1103
1093.0000 -0.1106
1094.0000 -0.1109
1095.0000 -0.1112
1096.0000 -0.1115
1097.0000 -0.1118
1098.0000 -0.1121
1099.0000 -0.1124
1100.0000 -0.1127
1101.0000 -0.1130
1102.0000 -0.1133
1103.0000 -0.1136
1104.0000 -0.1138
1105.0000 -0.1141
1106.0000 -0.1144
1107.0000 -0.1147
1108.0000 -0.1150
1109.0000 -0.1153
1110.0000 -0.1156
1111.0000 -0.1159
1112.0000 -0.1161
1113.0000 -0.1164
1114.0000 -0.1167
1115.0000 -0.1170
1116.0000 -0.1173
1117.0000 -0.1175
1118.0000 -0.1178
1119.0000 -0.1181
1120.0000 -0.1184
1121.0000 -0.1186
1122.0000 -0.1189
1123.0000 -0.1192
1124.0000 -0.1194
1125.0000 -0.1197
1126.0000 -0.1200
1127.0000 -0.1202
1128.0000 -0.1205
1129.0000 -0.1208
1130.0000 -0.1210
1131.0000 -0.1213
1132.0000 -0.1216
1133.0000 -0.1218
1134.0000 -0.1221
1135.0000 -0.1223
1136.0000 -0.1226
1137.0000 -0.1228
1138.0000 -0.1231
1139.0000 -0.1234
1140.0000 -0.1236
1141.0000 -0.1239
1142.0000 -0.1241
1143.0000 -0.1244
1144.0000 -0.1246
1145.0000 -0.1249
1146.0000 -0.1251
1147.0000 -0.1253
1148.0000 -0.1256
1149.0000 -0.1258
1150.0000 -0.1261
1151.0000 -0.1263
1152.0000 -0.1266
1153.0000 -0.1268
1154.0000 -0.1270
1155.0000 -0.1273
1156.0000 -0.1275
1157.0000 -0.1277
1158.0000 -0.1280
1159.0000 -0.1282
1160.0000 -0.1284
1161.0000 -0.1287
1162.0000 -0.1289
1163.0000 -0.1291
1164.0000 -0.1294
1165.0000 -0.1296
1166.0000 -0.1298
1167.0000 -0.1300
1168.0000 -0.1303
1169.0000 -0.1305
1170.0000 -0.1307
1171.0000 -0.1309
1172.0000 -0.1312
1173.0000 -0.1314
1174.0000 -0.1316
1175.0000 -0.1318
1176.0000 -0.1320
1177.0000 -0.1323
1178.0000 -0.1325
1179.0000 -0.1327
1180.0000 -0.1329
1181.0000 -0.1331
1182.0000 -0.1333
1183.0000 -0.1335
1184.0000 -0.1338
1185.0000 -0.1340
1186.0000 -0.1342
1187.0000 -0.1344
1188.0000 -0.1346
1189.0000 -0.1348
1190.0000 -0.1350
1191.0000 -0.1352
1192.0000 -0.1354
1193.0000 -0.1356
1194.0000 -0.1358
1195.0000 -0.1360
1196.0000 -0.1362
1197.0000 -0.1364
1198.0000 -0.1366
1199.0000 -0.1368
1200.0000 -0.1370
