1.0000 0.0000
2.0000 0.0000
3.0000 0.0000
4.0000 0.0000
5.0000 0.0000
6.0000 0.0000
7.0000 1.0000
8.0000 0.3375
9.0000 0.3625
10.0000 0.3875
11.0000 0.4125
12.0000 0.4375
13.0000 0.3976
14.0000 0.3636
15.0000 0.3683
16.0000 0.3702
17.0000 0.3692
18.0000 0.3654
19.0000 0.3680
20.0000 0.3792
21.0000 0.3911
22.0000 0.4021
23.0000 0.4129
24.0000 0.4241
25.0000 0.4347
26.0000 0.4432
27.0000 0.4493
28.0000 0.4536
29.0000 0.4562
30.0000 0.4573
31.0000 0.4570
32.0000 0.4558
33.0000 0.4541
34.0000 0.4523
35.0000 0.4507
36.0000 0.4495
37.0000 0.4488
38.0000 0.4488
39.0000 0.4495
40.0000 0.4508
41.0000 0.4526
42.0000 0.4548
43.0000 0.4571
44.0000 0.4594
45.0000 0.4615
46.0000 0.4634
47.0000 0.4649
48.0000 0.4660
49.0000 0.4667
50.0000 0.4670
51.0000 0.4669
52.0000 0.4667
53.0000 0.4662
54.0000 0.4657
55.0000 0.4653
56.0000 0.4648
57.0000 0.4645
58.0000 0.4644
59.0000 0.4644
60.0000 0.4646
61.0000 0.4649
62.0000 0.4653
63.0000 0.4658
64.0000 0.4663
65.0000 0.4668
66.0000 0.4673
67.0000 0.4676
68.0000 0.4679
69.0000 0.4681
70.0000 0.4682
71.0000 0.4682
72.0000 0.4682
73.0000 0.4681
74.0000 0.4679
75.0000 0.4678
76.0000 0.4676
77.0000 0.4675
78.0000 0.4675
79.0000 0.4674
80.0000 0.4674
81.0000 0.4675
82.0000 0.4676
83.0000 0.4677
84.0000 0.4678
85.0000 0.4679
86.0000 0.4680
87.0000 0.4681
88.0000 0.4682
89.0000 0.4682
90.0000 0.4683
91.0000 0.4683
92.0000 0.4683
93.0000 0.4682
94.0000 0.4682
95.0000 0.4682
96.0000 0.4681
97.0000 0.4681
98.0000 0.4681
99.0000 0.4681
100.0000 0.4680
101.0000 0.4680
102.0000 0.4681
103.0000 0.4681
104.0000 0.4681
105.0000 0.4681
106.0000 0.4682
107.0000 0.4682
108.0000 0.4682
109.0000 0.4682
110.0000 0.4682
111.0000 0.4682
112.0000 0.4682
113.0000 0.4682
114.0000 0.4682
115.0000 0.4682
116.0000 0.4682
117.0000 0.4682
118.0000 0.4682
119.0000 0.4682
120.0000 0.4682
121.0000 0.4682
122.0000 0.4682
123.0000 0.4682
124.0000 0.4682
125.0000 0.4682
126.0000 0.4682
127.0000 0.4682
128.0000 0.4682
129.0000 0.4682
130.0000 0.4682
131.0000 0.4682
132.0000 0.4682
133.0000 0.4682
134.0000 0.4682
135.0000 0.4682
136.0000 0.4682
137.0000 0.4682
138.0000 0.4682
139.0000 0.4682
140.0000 0.4682
141.0000 0.4682
142.0000 0.4682
143.0000 0.4682
144.0000 0.4682
145.0000 0.4682
146.0000 0.4682
147.0000 0.4682
148.0000 0.4682
149.0000 0.4682
150.0000 0.4682
151.0000 0.4682
152.0000 0.4682
153.0000 0.4682
154.0000 0.4682
155.0000 0.4682
156.0000 0.4682
157.0000 0.4682
158.0000 0.4682
159.0000 0.4682
160.0000 0.4682
161.0000 0.4682
162.0000 0.4682
163.0000 0.4682
164.0000 0.4682
165.0000 0.4682
166.0000 0.4682
167.0000 0.4682
168.0000 0.4682
169.0000 0.4682
170.0000 0.4682
171.0000 0.4682
172.0000 0.4682
173.0000 0.4682
174.0000 0.4682
175.0000 0.4682
176.0000 0.4682
177.0000 0.4682
178.0000 0.4682
179.0000 0.4682
180.0000 0.4682
181.0000 0.4682
182.0000 0.4682
183.0000 0.4682
184.0000 0.4682
185.0000 0.4682
186.0000 0.4682
187.0000 0.4682
188.0000 0.4682
189.0000 0.4682
190.0000 0.4682
191.0000 0.4682
192.0000 0.4682
193.0000 0.4682
194.0000 0.4682
195.0000 0.4682
196.0000 0.4682
197.0000 0.4682
198.0000 0.4682
199.0000 0.4682
200.0000 0.4682
201.0000 0.4682
202.0000 0.4682
203.0000 0.4682
204.0000 0.4682
205.0000 0.4682
206.0000 0.4682
207.0000 0.4682
208.0000 0.4682
209.0000 0.4682
210.0000 0.4682
211.0000 0.4682
212.0000 0.4682
213.0000 0.4682
214.0000 0.4682
215.0000 0.4682
216.0000 0.4682
217.0000 0.4682
218.0000 0.4682
219.0000 0.4682
220.0000 0.4682
221.0000 0.4682
222.0000 0.4682
223.0000 0.4682
224.0000 0.4682
225.0000 0.4682
226.0000 0.4682
227.0000 0.4682
228.0000 0.4682
229.0000 0.4682
230.0000 0.4682
231.0000 0.4682
232.0000 0.4682
233.0000 0.4682
234.0000 0.4682
235.0000 0.4682
236.0000 0.4682
237.0000 0.4682
238.0000 0.4682
239.0000 0.4682
240.0000 0.4682
241.0000 0.4682
242.0000 0.4682
243.0000 0.4682
244.0000 0.4682
245.0000 0.4682
246.0000 0.4682
247.0000 0.4682
248.0000 0.4682
249.0000 0.4682
250.0000 0.4682
251.0000 0.4682
252.0000 1.0000
253.0000 1.0000
254.0000 1.0000
255.0000 1.0000
256.0000 1.0000
257.0000 1.0000
258.0000 1.0000
259.0000 1.0000
260.0000 1.0000
261.0000 1.0000
262.0000 1.0000
263.0000 1.0000
264.0000 1.0000
265.0000 1.0000
266.0000 1.0000
267.0000 0.9681
268.0000 0.9319
269.0000 0.8963
270.0000 0.8611
271.0000 0.8264
272.0000 0.7921
273.0000 0.7635
274.0000 0.7433
275.0000 0.7318
276.0000 0.7289
277.0000 0.7345
278.0000 0.7484
279.0000 0.7691
280.0000 0.7943
281.0000 0.8213
282.0000 0.8479
283.0000 0.8719
284.0000 0.8915
285.0000 0.9056
286.0000 0.9133
287.0000 0.9148
288.0000 0.9102
289.0000 0.9004
290.0000 0.8864
291.0000 0.8694
292.0000 0.8508
293.0000 0.8319
294.0000 0.8140
295.0000 0.7984
296.0000 0.7860
297.0000 0.7775
298.0000 0.7734
299.0000 0.7738
300.0000 0.7784
301.0000 0.7866
302.0000 0.7976
303.0000 0.8103
304.0000 0.8237
305.0000 0.8366
306.0000 0.8481
307.0000 0.8575
308.0000 0.8640
309.0000 0.8676
310.0000 0.8681
311.0000 0.8656
312.0000 0.8607
313.0000 0.8538
314.0000 0.8455
315.0000 0.8364
316.0000 0.8274
317.0000 0.8190
318.0000 0.8118
319.0000 0.8063
320.0000 0.8027
321.0000 0.8013
322.0000 0.8019
323.0000 0.8045
324.0000 0.8087
325.0000 0.8142
326.0000 0.8203
327.0000 0.8267
328.0000 0.8328
329.0000 0.8381
330.0000 0.8424
331.0000 0.8454
332.0000 0.8469
333.0000 0.8470
334.0000 0.8456
335.0000 0.8431
336.0000 0.8397
337.0000 0.8356
338.0000 0.8313
339.0000 0.8270
340.0000 0.8231
341.0000 0.8198
342.0000 0.8173
343.0000 0.8158
344.0000 0.8153
345.0000 0.8157
346.0000 0.8171
347.0000 0.8193
348.0000 0.8219
349.0000 0.8249
350.0000 0.8279
351.0000 0.8308
352.0000 0.8333
353.0000 0.8352
354.0000 0.8365
355.0000 0.8371
356.0000 0.8371
357.0000 0.8363
358.0000 0.8351
359.0000 0.8334
360.0000 0.8314
361.0000 0.8293
362.0000 0.8273
363.0000 0.8255
364.0000 0.8239
365.0000 0.8228
366.0000 0.8222
367.0000 0.8220
368.0000 0.8223
369.0000 0.8231
370.0000 0.8241
371.0000 0.8254
372.0000 0.8268
373.0000 0.8283
374.0000 0.8296
375.0000 0.8308
376.0000 0.8317
377.0000 0.8322
378.0000 0.8325
379.0000 0.8324
380.0000 0.8320
381.0000 0.8314
382.0000 0.8305
383.0000 0.8296
384.0000 0.8286
385.0000 0.8276
386.0000 0.8268
387.0000 0.8261
388.0000 0.8256
389.0000 0.8253
390.0000 0.8253
391.0000 0.8254
392.0000 0.8258
393.0000 0.8263
394.0000 0.8270
395.0000 0.8277
396.0000 0.8283
397.0000 0.8290
398.0000 0.8295
399.0000 0.8299
400.0000 0.8302
401.0000 0.8302
402.0000 0.8302
403.0000 0.8300
404.0000 0.8296
405.0000 0.8292
406.0000 0.8288
407.0000 0.8283
408.0000 0.8279
409.0000 0.8275
410.0000 0.8271
411.0000 0.8269
412.0000 0.8268
413.0000 0.8268
414.0000 0.8269
415.0000 0.8271
416.0000 0.8274
417.0000 0.8277
418.0000 0.8280
419.0000 0.8283
420.0000 0.8286
421.0000 0.8289
422.0000 0.8290
423.0000 0.8291
424.0000 0.8292
425.0000 0.8291
426.0000 0.8290
427.0000 0.8289
428.0000 0.8287
429.0000 0.8284
430.0000 0.8282
431.0000 0.8280
432.0000 0.8278
433.0000 0.8277
434.0000 0.8276
435.0000 0.8275
436.0000 0.8275
437.0000 0.8276
438.0000 0.8277
439.0000 0.8278
440.0000 0.8280
441.0000 0.8281
442.0000 0.8283
443.0000 0.8284
444.0000 0.8285
445.0000 0.8286
446.0000 0.8287
447.0000 0.8287
448.0000 0.8286
449.0000 0.8286
450.0000 0.8285
451.0000 0.8284
452.0000 0.8283
453.0000 0.8282
454.0000 0.8281
455.0000 0.8280
456.0000 0.8279
457.0000 0.8279
458.0000 0.8279
459.0000 0.8279
460.0000 0.8279
461.0000 0.8280
462.0000 0.8280
463.0000 0.8281
464.0000 0.8282
465.0000 0.8283
466.0000 0.8283
467.0000 0.8284
468.0000 0.8284
469.0000 0.8284
470.0000 0.8284
471.0000 0.8284
472.0000 0.8284
473.0000 0.8283
474.0000 0.8283
475.0000 0.8282
476.0000 0.8282
477.0000 0.8281
478.0000 0.8281
479.0000 0.8281
480.0000 0.8281
481.0000 0.8281
482.0000 0.8281
483.0000 0.8281
484.0000 0.8281
485.0000 0.8281
486.0000 0.8282
487.0000 0.8282
488.0000 0.8282
489.0000 0.8283
490.0000 0.8283
491.0000 0.8283
492.0000 0.8283
493.0000 0.8283
494.0000 0.8283
495.0000 0.8283
496.0000 0.8283
497.0000 0.8282
498.0000 0.8282
499.0000 0.8282
500.0000 0.8282
501.0000 0.8282
502.0000 -0.3844
503.0000 0.4906
504.0000 0.4656
505.0000 0.4406
506.0000 0.4156
507.0000 0.3907
508.0000 0.9643
509.0000 1.0000
510.0000 1.0000
511.0000 1.0000
512.0000 1.0000
513.0000 1.0000
514.0000 1.0000
515.0000 1.0000
516.0000 0.9323
517.0000 0.8642
518.0000 0.7971
519.0000 0.7311
520.0000 0.6660
521.0000 0.6018
522.0000 0.5483
523.0000 0.5106
524.0000 0.4895
525.0000 0.4852
526.0000 0.4979
527.0000 0.5272
528.0000 0.5700
529.0000 0.6203
530.0000 0.6719
531.0000 0.7197
532.0000 0.7595
533.0000 0.7888
534.0000 0.8064
535.0000 0.8125
536.0000 0.8078
537.0000 0.7940
538.0000 0.7728
539.0000 0.7463
540.0000 0.7168
541.0000 0.6866
542.0000 0.6578
543.0000 0.6323
544.0000 0.6119
545.0000 0.5978
546.0000 0.5908
547.0000 0.5910
548.0000 0.5980
549.0000 0.6108
550.0000 0.6279
551.0000 0.6473
552.0000 0.6673
553.0000 0.6859
554.0000 0.7018
555.0000 0.7138
556.0000 0.7214
557.0000 0.7244
558.0000 0.7230
559.0000 0.7177
560.0000 0.7094
561.0000 0.6988
562.0000 0.6870
563.0000 0.6749
564.0000 0.6635
565.0000 0.6535
566.0000 0.6457
567.0000 0.6405
568.0000 0.6381
569.0000 0.6386
570.0000 0.6416
571.0000 0.6467
572.0000 0.6534
573.0000 0.6609
574.0000 0.6686
575.0000 0.6758
576.0000 0.6820
577.0000 0.6867
578.0000 0.6898
579.0000 0.6910
580.0000 0.6905
581.0000 0.6885
582.0000 0.6853
583.0000 0.6811
584.0000 0.6765
585.0000 0.6717
586.0000 0.6673
587.0000 0.6634
588.0000 0.6604
589.0000 0.6585
590.0000 0.6576
591.0000 0.6579
592.0000 0.6591
593.0000 0.6611
594.0000 0.6637
595.0000 0.6666
596.0000 0.6696
597.0000 0.6724
598.0000 0.6748
599.0000 0.6766
600.0000 0.6778
601.0000 0.6783
602.0000 0.6781
603.0000 0.6773
604.0000 0.6761
605.0000 0.6744
606.0000 0.6726
607.0000 0.6708
608.0000 0.6690
609.0000 0.6676
610.0000 0.6664
611.0000 0.6657
612.0000 0.6653
613.0000 0.6654
614.0000 0.6659
615.0000 0.6667
616.0000 0.6677
617.0000 0.6689
618.0000 0.6700
619.0000 0.6711
620.0000 0.6720
621.0000 0.6728
622.0000 0.6732
623.0000 0.6734
624.0000 0.6733
625.0000 0.6730
626.0000 0.6725
627.0000 0.6719
628.0000 0.6712
629.0000 0.6705
630.0000 0.6698
631.0000 0.6692
632.0000 0.6688
633.0000 0.6685
634.0000 0.6684
635.0000 0.6684
636.0000 0.6686
637.0000 0.6689
638.0000 0.6693
639.0000 0.6697
640.0000 0.6702
641.0000 0.6706
642.0000 0.6710
643.0000 0.6713
644.0000 0.6714
645.0000 0.6715
646.0000 0.6715
647.0000 0.6713
648.0000 0.6712
649.0000 0.6709
650.0000 0.6706
651.0000 0.6704
652.0000 0.6701
653.0000 0.6699
654.0000 0.6697
655.0000 0.6696
656.0000 0.6695
657.0000 0.6696
658.0000 0.6696
659.0000 0.6698
660.0000 0.6699
661.0000 0.6701
662.0000 0.6703
663.0000 0.6704
664.0000 0.6706
665.0000 0.6707
666.0000 0.6707
667.0000 0.6708
668.0000 0.6708
669.0000 0.6707
670.0000 0.6706
671.0000 0.6705
672.0000 0.6704
673.0000 0.6703
674.0000 0.6702
675.0000 0.6701
676.0000 0.6701
677.0000 0.6700
678.0000 0.6700
679.0000 0.6700
680.0000 0.6700
681.0000 0.6701
682.0000 0.6701
683.0000 0.6702
684.0000 0.6703
685.0000 0.6703
686.0000 0.6704
687.0000 0.6704
688.0000 0.6705
689.0000 0.6705
690.0000 0.6705
691.0000 0.6705
692.0000 0.6704
693.0000 0.6704
694.0000 0.6703
695.0000 0.6703
696.0000 0.6703
697.0000 0.6702
698.0000 0.6702
699.0000 0.6702
700.0000 0.6702
701.0000 0.6702
702.0000 0.6702
703.0000 0.6702
704.0000 0.6702
705.0000 0.6703
706.0000 0.6703
707.0000 0.6703
708.0000 0.6703
709.0000 0.6704
710.0000 0.6704
711.0000 0.6704
712.0000 0.6704
713.0000 0.6704
714.0000 0.6703
715.0000 0.6703
716.0000 0.6703
717.0000 0.6703
718.0000 0.6703
719.0000 0.6703
720.0000 0.6703
721.0000 0.6703
722.0000 0.6702
723.0000 0.6703
724.0000 0.6703
725.0000 0.6703
726.0000 0.6703
727.0000 0.6703
728.0000 0.6703
729.0000 0.6703
730.0000 0.6703
731.0000 0.6703
732.0000 0.6703
733.0000 0.6703
734.0000 0.6703
735.0000 0.6703
736.0000 0.6703
737.0000 0.6703
738.0000 0.6703
739.0000 0.6703
740.0000 0.6703
741.0000 0.6703
742.0000 0.6703
743.0000 0.6703
744.0000 0.6703
745.0000 0.6703
746.0000 0.6703
747.0000 0.6703
748.0000 0.6703
749.0000 0.6703
750.0000 0.6703
751.0000 0.6703
752.0000 -1.0000
753.0000 -0.0283
754.0000 -0.0801
755.0000 -0.1318
756.0000 -0.1836
757.0000 -0.2353
758.0000 0.1955
759.0000 0.2433
760.0000 0.2288
761.0000 0.2171
762.0000 0.2080
763.0000 0.2012
764.0000 0.1931
765.0000 0.1640
766.0000 0.1392
767.0000 0.1207
768.0000 0.1066
769.0000 0.0957
770.0000 0.0870
771.0000 0.0823
772.0000 0.0810
773.0000 0.0810
774.0000 0.0811
775.0000 0.0809
776.0000 0.0802
777.0000 0.0788
778.0000 0.0766
779.0000 0.0738
780.0000 0.0706
781.0000 0.0672
782.0000 0.0638
783.0000 0.0605
784.0000 0.0573
785.0000 0.0543
786.0000 0.0515
787.0000 0.0489
788.0000 0.0464
789.0000 0.0440
790.0000 0.0417
791.0000 0.0394
792.0000 0.0372
793.0000 0.0350
794.0000 0.0328
795.0000 0.0306
796.0000 0.0284
797.0000 0.0263
798.0000 0.0242
799.0000 0.0221
800.0000 0.0201
801.0000 0.0181
802.0000 0.0161
803.0000 0.0142
804.0000 0.0123
805.0000 0.0104
806.0000 0.0086
807.0000 0.0068
808.0000 0.0050
809.0000 0.0032
810.0000 0.0015
811.0000 -0.0002
812.0000 -0.0019
813.0000 -0.0036
814.0000 -0.0052
815.0000 -0.0068
816.0000 -0.0084
817.0000 -0.0100
818.0000 -0.0115
819.0000 -0.0131
820.0000 -0.0146
821.0000 -0.0161
822.0000 -0.0175
823.0000 -0.0190
824.0000 -0.0204
825.0000 -0.0218
826.0000 -0.0232
827.0000 -0.0246
828.0000 -0.0260
829.0000 -0.0273
830.0000 -0.0286
831.0000 -0.0300
832.0000 -0.0313
833.0000 -0.0325
834.0000 -0.0338
835.0000 -0.0351
836.0000 -0.0363
837.0000 -0.0375
838.0000 -0.0387
839.0000 -0.0399
840.0000 -0.0411
841.0000 -0.0423
842.0000 -0.0434
843.0000 -0.0446
844.0000 -0.0457
845.0000 -0.0468
846.0000 -0.0479
847.0000 -0.0490
848.0000 -0.0501
849.0000 -0.0512
850.0000 -0.0522
851.0000 -0.0533
852.0000 -0.0543
853.0000 -0.0553
854.0000 -0.0563
855.0000 -0.0573
856.0000 -0.0583
857.0000 -0.0593
858.0000 -0.0603
859.0000 -0.0613
860.0000 -0.0622
861.0000 -0.0632
862.0000 -0.0641
863.0000 -0.0650
864.0000 -0.0659
865.0000 -0.0668
866.0000 -0.0677
867.0000 -0.0686
868.0000 -0.0695
869.0000 -0.0704
870.0000 -0.0712
871.0000 -0.0721
872.0000 -0.0729
873.0000 -0.0738
874.0000 -0.0746
875.0000 -0.0754
876.0000 -0.0763
877.0000 -0.0771
878.0000 -0.0779
879.0000 -0.0787
880.0000 -0.0795
881.0000 -0.0802
882.0000 -0.0810
883.0000 -0.0818
884.0000 -0.0825
885.0000 -0.0833
886.0000 -0.0840
887.0000 -0.0848
888.0000 -0.0855
889.0000 -0.0862
890.0000 -0.0870
891.0000 -0.0877
892.0000 -0.0884
893.0000 -0.0891
894.0000 -0.0898
895.0000 -0.0905
896.0000 -0.0912
897.0000 -0.0918
898.0000 -0.0925
899.0000 -0.0932
900.0000 -0.0938
901.0000 -0.0945
902.0000 -0.0951
903.0000 -0.0958
904.0000 -0.0964
905.0000 -0.0971
906.0000 -0.0977
907.0000 -0.0983
908.0000 -0.0989
909.0000 -0.0996
910.0000 -0.1002
911.0000 -0.1008
912.0000 -0.1014
913.0000 -0.1020
914.0000 -0.1026
915.0000 -0.1031
916.0000 -0.1037
917.0000 -0.1043
918.0000 -0.1049
919.0000 -0.1054
920.0000 -0.1060
921.0000 -0.1066
922.0000 -0.1071
923.0000 -0.1077
924.0000 -0.1082
925.0000 -0.1088
926.0000 -0.1093
927.0000 -0.1098
928.0000 -0.1104
929.0000 -0.1109
930.0000 -0.1114
931.0000 -0.1119
932.0000 -0.1124
933.0000 -0.1130
934.0000 -0.1135
935.0000 -0.1140
936.0000 -0.1145
937.0000 -0.1150
938.0000 -0.1154
939.0000 -0.1159
940.0000 -0.1164
941.0000 -0.1169
942.0000 -0.1174
943.0000 -0.1179
944.0000 -0.1183
945.0000 -0.1188
946.0000 -0.1193
947.0000 -0.1197
948.0000 -0.1202
949.0000 -0.1206
950.0000 -0.1211
951.0000 -0.1215
952.0000 -0.1220
953.0000 -0.1224
954.0000 -0.1229
955.0000 -0.1233
956.0000 -0.1237
957.0000 -0.1242
958.0000 -0.1246
959.0000 -0.1250
960.0000 -0.1254
961.0000 -0.1258
962.0000 -0.1263
963.0000 -0.1267
964.0000 -0.1271
965.0000 -0.1275
966.0000 -0.1279
967.0000 -0.1283
968.0000 -0.1287
969.0000 -0.1291
970.0000 -0.1295
971.0000 -0.1299
972.0000 -0.1302
973.0000 -0.1306
974.0000 -0.1310
975.0000 -0.1314
976.0000 -0.1318
977.0000 -0.1321
978.0000 -0.1325
979.0000 -0.1329
980.0000 -0.1333
981.0000 -0.1336
982.0000 -0.1340
983.0000 -0.1343
984.0000 -0.1347
985.0000 -0.1351
986.0000 -0.1354
987.0000 -0.1358
988.0000 -0.1361
989.0000 -0.1365
990.0000 -0.1368
991.0000 -0.1371
992.0000 -0.1375
993.0000 -0.1378
994.0000 -0.1382
995.0000 -0.1385
996.0000 -0.1388
997.0000 -0.1391
998.0000 -0.1395
999.0000 -0.1398
1000.0000 -0.1401
1001.0000 -0.1404
1002.0000 -0.1408
1003.0000 -0.1411
1004.0000 -0.1414
1005.0000 -0.1417
1006.0000 -0.1420
1007.0000 -0.1423
1008.0000 -0.1426
1009.0000 -0.1429
1010.0000 -0.1432
1011.0000 -0.1435
1012.0000 -0.1438
1013.0000 -0.1441
1014.0000 -0.1444
1015.0000 -0.1447
1016.0000 -0.1450
1017.0000 -0.1453
1018.0000 -0.1456
1019.0000 -0.1459
1020.0000 -0.1462
1021.0000 -0.1464
1022.0000 -0.1467
1023.0000 -0.1470
1024.0000 -0.1473
1025.0000 -0.1476
1026.0000 -0.1478
1027.0000 -0.1481
1028.0000 -0.1484
1029.0000 -0.1486
1030.0000 -0.1489
1031.0000 -0.1492
1032.0000 -0.1494
1033.0000 -0.1497
1034.0000 -0.1500
1035.0000 -0.1502
1036.0000 -0.1505
1037.0000 -0.1507
1038.0000 -0.1510
1039.0000 -0.1512
1040.0000 -0.1515
1041.0000 -0.1518
1042.0000 -0.1520
1043.0000 -0.1522
1044.0000 -0.1525
1045.0000 -0.1527
1046.0000 -0.1530
1047.0000 -0.1532
1048.0000 -0.1535
1049.0000 -0.1537
1050.0000 -0.1539
1051.0000 -0.1542
1052.0000 -0.1544
1053.0000 -0.1546
1054.0000 -0.1549
1055.0000 -0.1551
1056.0000 -0.1553
1057.0000 -0.1556
1058.0000 -0.1558
1059.0000 -0.1560
1060.0000 -0.1562
1061.0000 -0.1565
1062.0000 -0.1567
1063.0000 -0.1569
1064.0000 -0.1571
1065.0000 -0.1573
1066.0000 -0.1576
1067.0000 -0.1578
1068.0000 -0.1580
1069.0000 -0.1582
1070.0000 -0.1584
1071.0000 -0.1586
1072.0000 -0.1588
1073.0000 -0.1590
1074.0000 -0.1592
1075.0000 -0.1595
1076.0000 -0.1597
1077.0000 -0.1599
1078.0000 -0.1601
1079.0000 -0.1603
1080.0000 -0.1605
1081.0000 -0.1607
1082.0000 -0.1609
1083.0000 -0.1611
1084.0000 -0.1613
1085.0000 -0.1614
1086.0000 -0.1616
1087.0000 -0.1618
1088.0000 -0.1620
1089.0000 -0.1622
1090.0000 -0.1624
1091.0000 -0.1626
1092.0000 -0.1628
1093.0000 -0.1630
1094.0000 -0.1631
1095.0000 -0.1633
1096.0000 -0.1635
1097.0000 -0.1637
1098.0000 -0.1639
1099.0000 -0.1641
1100.0000 -0.1642
1101.0000 -0.1644
1102.0000 -0.1646
1103.0000 -0.1648
1104.0000 -0.1649
1105.0000 -0.1651
1106.0000 -0.1653
1107.0000 -0.1655
1108.0000 -0.1656
1109.0000 -0.1658
1110.0000 -0.1660
1111.0000 -0.1661
1112.0000 -0.1663
1113.0000 -0.1665
1114.0000 -0.1666
1115.0000 -0.1668
1116.0000 -0.1670
1117.0000 -0.1671
1118.0000 -0.1673
1119.0000 -0.1674
1120.0000 -0.1676
1121.0000 -0.1678
1122.0000 -0.1679
1123.0000 -0.1681
1124.0000 -0.1682
1125.0000 -0.1684
1126.0000 -0.1685
1127.0000 -0.1687
1128.0000 -0.1689
1129.0000 -0.1690
1130.0000 -0.1692
1131.0000 -0.1693
1132.0000 -0.1695
1133.0000 -0.1696
1134.0000 -0.1698
1135.0000 -0.1699
1136.0000 -0.1700
1137.0000 -0.1702
1138.0000 -0.1703
1139.0000 -0.1705
1140.0000 -0.1706
1141.0000 -0.1708
1142.0000 -0.1709
1143.0000 -0.1711
1144.0000 -0.1712
1145.0000 -0.1713
1146.0000 -0.1715
1147.0000 -0.1716
1148.0000 -0.1717
1149.0000 -0.1719
1150.0000 -0.1720
1151.0000 -0.1722
1152.0000 -0.1723
1153.0000 -0.1724
1154.0000 -0.1726
1155.0000 -0.1727
1156.0000 -0.1728
1157.0000 -0.1730
1158.0000 -0.1731
1159.0000 -0.1732
1160.0000 -0.1733
1161.0000 -0.1735
1162.0000 -0.1736
1163.0000 -0.1737
1164.0000 -0.1739
1165.0000 -0.1740
1166.0000 -0.1741
1167.0000 -0.1742
1168.0000 -0.1744
1169.0000 -0.1745
1170.0000 -0.1746
1171.0000 -0.1747
1172.0000 -0.1748
1173.0000 -0.1750
1174.0000 -0.1751
1175.0000 -0.1752
1176.0000 -0.1753
1177.0000 -0.1754
1178.0000 -0.1756
1179.0000 -0.1757
1180.0000 -0.1758
1181.0000 -0.1759
1182.0000 -0.1760
1183.0000 -0.1761
1184.0000 -0.1762
1185.0000 -0.1764
1186.0000 -0.1765
1187.0000 -0.1766
1188.0000 -0.1767
1189.0000 -0.1768
1190.0000 -0.1769
1191.0000 -0.1770
1192.0000 -0.1771
1193.0000 -0.1772
1194.0000 -0.1774
1195.0000 -0.1775
1196.0000 -0.1776
1197.0000 -0.1777
1198.0000 -0.1778
1199.0000 -0.1779
1200.0000 -0.1780
