1.0000 0.0000
2.0000 0.0000
3.0000 0.0000
4.0000 0.0000
5.0000 0.0000
6.0000 0.0000
7.0000 0.0000
8.0000 0.0000
9.0000 0.0000
10.0000 0.0000
11.0000 0.0000
12.0000 0.0057
13.0000 0.0243
14.0000 0.0579
15.0000 0.1047
16.0000 0.1610
17.0000 0.2220
18.0000 0.2826
19.0000 0.3382
20.0000 0.3855
21.0000 0.4225
22.0000 0.4488
23.0000 0.4650
24.0000 0.4731
25.0000 0.4753
26.0000 0.4742
27.0000 0.4722
28.0000 0.4716
29.0000 0.4739
30.0000 0.4804
31.0000 0.4920
32.0000 0.5087
33.0000 0.5305
34.0000 0.5567
35.0000 0.5865
36.0000 0.6188
37.0000 0.6522
38.0000 0.6856
39.0000 0.7178
40.0000 0.7477
41.0000 0.7745
42.0000 0.7976
43.0000 0.8169
44.0000 0.8322
45.0000 0.8438
46.0000 0.8523
47.0000 0.8581
48.0000 0.8619
49.0000 0.8645
50.0000 0.8665
51.0000 0.8685
52.0000 0.8711
53.0000 0.8745
54.0000 0.8790
55.0000 0.8847
56.0000 0.8916
57.0000 0.8995
58.0000 0.9081
59.0000 0.9173
60.0000 0.9266
61.0000 0.9357
62.0000 0.9443
63.0000 0.9522
64.0000 0.9591
65.0000 0.9649
66.0000 0.9695
67.0000 0.9730
68.0000 0.9754
69.0000 0.9768
70.0000 0.9775
71.0000 0.9775
72.0000 0.9772
73.0000 0.9767
74.0000 0.9763
75.0000 0.9759
76.0000 0.9759
77.0000 0.9763
78.0000 0.9771
79.0000 0.9783
80.0000 0.9798
81.0000 0.9817
82.0000 0.9838
83.0000 0.9859
84.0000 0.9881
85.0000 0.9902
86.0000 0.9922
87.0000 0.9939
88.0000 0.9952
89.0000 0.9963
90.0000 0.9970
91.0000 0.9974
92.0000 0.9976
93.0000 0.9975
94.0000 0.9972
95.0000 0.9968
96.0000 0.9964
97.0000 0.9960
98.0000 0.9957
99.0000 0.9954
100.0000 0.9953
101.0000 0.9953
102.0000 0.9955
103.0000 0.9958
104.0000 0.9961
105.0000 0.9966
106.0000 0.9972
107.0000 0.9977
108.0000 0.9983
109.0000 0.9988
110.0000 0.9992
111.0000 0.9995
112.0000 0.9998
113.0000 1.0000
114.0000 1.0001
115.0000 1.0001
116.0000 1.0000
117.0000 0.9999
118.0000 0.9997
119.0000 0.9995
120.0000 0.9994
121.0000 0.9992
122.0000 0.9991
123.0000 0.9990
124.0000 0.9990
125.0000 0.9990
126.0000 0.9990
127.0000 0.9991
128.0000 0.9992
129.0000 0.9994
130.0000 0.9995
131.0000 0.9997
132.0000 0.9998
133.0000 0.9999
134.0000 1.0000
135.0000 1.0001
136.0000 1.0001
137.0000 1.0002
138.0000 1.0002
139.0000 1.0001
140.0000 1.0001
141.0000 1.0000
142.0000 1.0000
143.0000 0.9999
144.0000 0.9999
145.0000 0.9998
146.0000 0.9998
147.0000 0.9998
148.0000 0.9997
149.0000 0.9998
150.0000 0.9998
151.0000 0.9998
152.0000 0.9998
153.0000 0.9999
154.0000 0.9999
155.0000 1.0000
156.0000 1.0000
157.0000 1.0000
158.0000 1.0001
159.0000 1.0001
160.0000 1.0001
161.0000 1.0001
162.0000 1.0001
163.0000 1.0000
164.0000 1.0000
165.0000 1.0000
166.0000 1.0000
167.0000 1.0000
168.0000 1.0000
169.0000 0.9999
170.0000 0.9999
171.0000 0.9999
172.0000 0.9999
173.0000 0.9999
174.0000 0.9999
175.0000 1.0000
176.0000 1.0000
177.0000 1.0000
178.0000 1.0000
179.0000 1.0000
180.0000 1.0000
181.0000 1.0000
182.0000 1.0000
183.0000 1.0000
184.0000 1.0000
185.0000 1.0000
186.0000 1.0000
187.0000 1.0000
188.0000 1.0000
189.0000 1.0000
190.0000 1.0000
191.0000 1.0000
192.0000 1.0000
193.0000 1.0000
194.0000 1.0000
195.0000 1.0000
196.0000 1.0000
197.0000 1.0000
198.0000 1.0000
199.0000 1.0000
200.0000 1.0000
201.0000 1.0000
202.0000 1.0000
203.0000 1.0000
204.0000 1.0000
205.0000 1.0000
206.0000 1.0000
207.0000 1.0000
208.0000 1.0000
209.0000 1.0000
210.0000 1.0000
211.0000 1.0000
212.0000 1.0000
213.0000 1.0000
214.0000 1.0000
215.0000 1.0000
216.0000 1.0000
217.0000 1.0000
218.0000 1.0000
219.0000 1.0000
220.0000 1.0000
221.0000 1.0000
222.0000 1.0000
223.0000 1.0000
224.0000 1.0000
225.0000 1.0000
226.0000 1.0000
227.0000 1.0000
228.0000 1.0000
229.0000 1.0000
230.0000 1.0000
231.0000 1.0000
232.0000 1.0000
233.0000 1.0000
234.0000 1.0000
235.0000 1.0000
236.0000 1.0000
237.0000 1.0000
238.0000 1.0000
239.0000 1.0000
240.0000 1.0000
241.0000 1.0000
242.0000 1.0000
243.0000 1.0000
244.0000 1.0000
245.0000 1.0000
246.0000 1.0000
247.0000 1.0000
248.0000 1.0000
249.0000 1.0000
250.0000 1.0000
251.0000 1.0000
252.0000 1.0000
253.0000 1.0000
254.0000 1.0000
255.0000 1.0000
256.0000 1.0305
257.0000 1.1129
258.0000 1.2461
259.0000 1.4162
260.0000 1.6094
261.0000 1.8148
262.0000 2.0230
263.0000 2.2240
264.0000 2.4075
265.0000 2.5643
266.0000 2.6871
267.0000 2.7717
268.0000 2.8169
269.0000 2.8246
270.0000 2.7997
271.0000 2.7490
272.0000 2.6806
273.0000 2.6028
274.0000 2.5240
275.0000 2.4513
276.0000 2.3908
277.0000 2.3469
278.0000 2.3229
279.0000 2.3203
280.0000 2.3394
281.0000 2.3793
282.0000 2.4380
283.0000 2.5124
284.0000 2.5991
285.0000 2.6937
286.0000 2.7919
287.0000 2.8893
288.0000 2.9816
289.0000 3.0650
290.0000 3.1361
291.0000 3.1924
292.0000 3.2322
293.0000 3.2547
294.0000 3.2600
295.0000 3.2491
296.0000 3.2240
297.0000 3.1870
298.0000 3.1413
299.0000 3.0900
300.0000 3.0365
301.0000 2.9840
302.0000 2.9355
303.0000 2.8933
304.0000 2.8594
305.0000 2.8351
306.0000 2.8210
307.0000 2.8173
308.0000 2.8236
309.0000 2.8388
310.0000 2.8617
311.0000 2.8905
312.0000 2.9234
313.0000 2.9585
314.0000 2.9936
315.0000 3.0271
316.0000 3.0571
317.0000 3.0823
318.0000 3.1017
319.0000 3.1145
320.0000 3.1205
321.0000 3.1197
322.0000 3.1126
323.0000 3.1000
324.0000 3.0829
325.0000 3.0624
326.0000 3.0400
327.0000 3.0169
328.0000 2.9945
329.0000 2.9738
330.0000 2.9560
331.0000 2.9417
332.0000 2.9314
333.0000 2.9256
334.0000 2.9241
335.0000 2.9268
336.0000 2.9332
337.0000 2.9429
338.0000 2.9550
339.0000 2.9688
340.0000 2.9834
341.0000 2.9981
342.0000 3.0119
343.0000 3.0243
344.0000 3.0346
345.0000 3.0425
346.0000 3.0476
347.0000 3.0499
348.0000 3.0494
349.0000 3.0463
350.0000 3.0409
351.0000 3.0337
352.0000 3.0251
353.0000 3.0158
354.0000 3.0062
355.0000 2.9969
356.0000 2.9884
357.0000 2.9811
358.0000 2.9752
359.0000 2.9711
360.0000 2.9687
361.0000 2.9682
362.0000 2.9694
363.0000 2.9722
364.0000 2.9763
365.0000 2.9814
366.0000 2.9872
367.0000 2.9933
368.0000 2.9994
369.0000 3.0052
370.0000 3.0103
371.0000 3.0145
372.0000 3.0177
373.0000 3.0198
374.0000 3.0207
375.0000 3.0204
376.0000 3.0191
377.0000 3.0168
378.0000 3.0137
379.0000 3.0102
380.0000 3.0063
381.0000 3.0023
382.0000 2.9985
383.0000 2.9949
384.0000 2.9919
385.0000 2.9895
386.0000 2.9878
387.0000 2.9869
388.0000 2.9867
389.0000 2.9873
390.0000 2.9885
391.0000 2.9902
392.0000 2.9924
393.0000 2.9948
394.0000 2.9974
395.0000 2.9999
396.0000 3.0023
397.0000 3.0044
398.0000 3.0061
399.0000 3.0074
400.0000 3.0083
401.0000 3.0086
402.0000 3.0085
403.0000 3.0079
404.0000 3.0069
405.0000 3.0056
406.0000 3.0041
407.0000 3.0025
408.0000 3.0008
409.0000 2.9993
410.0000 2.9978
411.0000 2.9966
412.0000 2.9956
413.0000 2.9949
414.0000 2.9945
415.0000 2.9945
416.0000 2.9947
417.0000 2.9952
418.0000 2.9960
419.0000 2.9969
420.0000 2.9979
421.0000 2.9990
422.0000 3.0000
423.0000 3.0010
424.0000 3.0019
425.0000 3.0026
426.0000 3.0031
427.0000 3.0034
428.0000 3.0036
429.0000 3.0035
430.0000 3.0032
431.0000 3.0028
432.0000 3.0023
433.0000 3.0017
434.0000 3.0010
435.0000 3.0003
436.0000 2.9996
437.0000 2.9990
438.0000 2.9985
439.0000 2.9981
440.0000 2.9979
441.0000 2.9977
442.0000 2.9977
443.0000 2.9978
444.0000 2.9980
445.0000 2.9983
446.0000 2.9987
447.0000 2.9992
448.0000 2.9996
449.0000 3.0000
450.0000 3.0004
451.0000 3.0008
452.0000 3.0011
453.0000 3.0013
454.0000 3.0014
455.0000 3.0015
456.0000 3.0015
457.0000 3.0013
458.0000 3.0012
459.0000 3.0009
460.0000 3.0007
461.0000 3.0004
462.0000 3.0001
463.0000 2.9998
464.0000 2.9996
465.0000 2.9994
466.0000 2.9992
467.0000 2.9991
468.0000 2.9990
469.0000 2.9990
470.0000 2.9991
471.0000 2.9992
472.0000 2.9993
473.0000 2.9995
474.0000 2.9997
475.0000 2.9998
476.0000 3.0000
477.0000 3.0002
478.0000 3.0003
479.0000 3.0005
480.0000 3.0005
481.0000 3.0006
482.0000 3.0006
483.0000 3.0006
484.0000 3.0006
485.0000 3.0005
486.0000 3.0004
487.0000 3.0003
488.0000 3.0002
489.0000 3.0000
490.0000 2.9999
491.0000 2.9998
492.0000 2.9997
493.0000 2.9997
494.0000 2.9996
495.0000 2.9996
496.0000 2.9996
497.0000 2.9996
498.0000 2.9997
499.0000 2.9997
500.0000 2.9998
501.0000 2.9999
502.0000 2.9999
503.0000 3.0000
504.0000 3.0001
505.0000 3.0001
506.0000 2.9784
507.0000 2.9169
508.0000 2.8112
509.0000 2.6676
510.0000 2.4982
511.0000 2.3172
512.0000 2.1377
513.0000 1.9707
514.0000 1.8247
515.0000 1.7056
516.0000 1.6173
517.0000 1.5614
518.0000 1.5380
519.0000 1.5453
520.0000 1.5806
521.0000 1.6396
522.0000 1.7174
523.0000 1.8080
524.0000 1.9056
525.0000 2.0040
526.0000 2.0973
527.0000 2.1803
528.0000 2.2486
529.0000 2.2991
530.0000 2.3295
531.0000 2.3393
532.0000 2.3291
533.0000 2.3008
534.0000 2.2575
535.0000 2.2028
536.0000 2.1410
537.0000 2.0765
538.0000 2.0134
539.0000 1.9553
540.0000 1.9053
541.0000 1.8656
542.0000 1.8376
543.0000 1.8219
544.0000 1.8185
545.0000 1.8266
546.0000 1.8448
547.0000 1.8712
548.0000 1.9038
549.0000 1.9401
550.0000 1.9778
551.0000 2.0145
552.0000 2.0481
553.0000 2.0768
554.0000 2.0993
555.0000 2.1145
556.0000 2.1220
557.0000 2.1220
558.0000 2.1149
559.0000 2.1017
560.0000 2.0836
561.0000 2.0621
562.0000 2.0386
563.0000 2.0149
564.0000 1.9922
565.0000 1.9719
566.0000 1.9550
567.0000 1.9422
568.0000 1.9339
569.0000 1.9303
570.0000 1.9312
571.0000 1.9363
572.0000 1.9448
573.0000 1.9560
574.0000 1.9691
575.0000 1.9832
576.0000 1.9972
577.0000 2.0105
578.0000 2.0222
579.0000 2.0318
580.0000 2.0389
581.0000 2.0431
582.0000 2.0445
583.0000 2.0432
584.0000 2.0394
585.0000 2.0337
586.0000 2.0263
587.0000 2.0180
588.0000 2.0093
589.0000 2.0007
590.0000 1.9927
591.0000 1.9858
592.0000 1.9803
593.0000 1.9764
594.0000 1.9742
595.0000 1.9737
596.0000 1.9749
597.0000 1.9774
598.0000 1.9812
599.0000 1.9858
600.0000 1.9909
601.0000 1.9961
602.0000 2.0013
603.0000 2.0059
604.0000 2.0099
605.0000 2.0130
606.0000 2.0151
607.0000 2.0162
608.0000 2.0162
609.0000 2.0153
610.0000 2.0135
611.0000 2.0110
612.0000 2.0081
613.0000 2.0049
614.0000 2.0017
615.0000 1.9986
616.0000 1.9959
617.0000 1.9936
618.0000 1.9918
619.0000 1.9907
620.0000 1.9902
621.0000 1.9903
622.0000 1.9910
623.0000 1.9922
624.0000 1.9938
625.0000 1.9956
626.0000 1.9976
627.0000 1.9995
628.0000 2.0013
629.0000 2.0030
630.0000 2.0043
631.0000 2.0052
632.0000 2.0058
633.0000 2.0060
634.0000 2.0058
635.0000 2.0053
636.0000 2.0045
637.0000 2.0035
638.0000 2.0024
639.0000 2.0012
640.0000 2.0000
641.0000 1.9989
642.0000 1.9980
643.0000 1.9972
644.0000 1.9967
645.0000 1.9964
646.0000 1.9964
647.0000 1.9965
648.0000 1.9969
649.0000 1.9974
650.0000 1.9980
651.0000 1.9987
652.0000 1.9995
653.0000 2.0002
654.0000 2.0008
655.0000 2.0014
656.0000 2.0018
657.0000 2.0021
658.0000 2.0022
659.0000 2.0022
660.0000 2.0021
661.0000 2.0018
662.0000 2.0015
663.0000 2.0011
664.0000 2.0007
665.0000 2.0002
666.0000 1.9998
667.0000 1.9994
668.0000 1.9991
669.0000 1.9989
670.0000 1.9987
671.0000 1.9986
672.0000 1.9987
673.0000 1.9988
674.0000 1.9989
675.0000 1.9991
676.0000 1.9994
677.0000 1.9997
678.0000 1.9999
679.0000 2.0002
680.0000 2.0004
681.0000 2.0006
682.0000 2.0007
683.0000 2.0008
684.0000 2.0008
685.0000 2.0008
686.0000 2.0007
687.0000 2.0006
688.0000 2.0005
689.0000 2.0003
690.0000 2.0002
691.0000 2.0000
692.0000 1.9999
693.0000 1.9997
694.0000 1.9996
695.0000 1.9995
696.0000 1.9995
697.0000 1.9995
698.0000 1.9995
699.0000 1.9996
700.0000 1.9996
701.0000 1.9997
702.0000 1.9998
703.0000 1.9999
704.0000 2.0000
705.0000 2.0001
706.0000 2.0002
707.0000 2.0002
708.0000 2.0003
709.0000 2.0003
710.0000 2.0003
711.0000 2.0003
712.0000 2.0003
713.0000 2.0002
714.0000 2.0002
715.0000 2.0001
716.0000 2.0000
717.0000 2.0000
718.0000 1.9999
719.0000 1.9999
720.0000 1.9998
721.0000 1.9998
722.0000 1.9998
723.0000 1.9998
724.0000 1.9998
725.0000 1.9999
726.0000 1.9999
727.0000 1.9999
728.0000 2.0000
729.0000 2.0000
730.0000 2.0000
731.0000 2.0001
732.0000 2.0001
733.0000 2.0001
734.0000 2.0001
735.0000 2.0001
736.0000 2.0001
737.0000 2.0001
738.0000 2.0001
739.0000 2.0001
740.0000 2.0000
741.0000 2.0000
742.0000 2.0000
743.0000 2.0000
744.0000 2.0000
745.0000 1.9999
746.0000 1.9999
747.0000 1.9999
748.0000 1.9999
749.0000 1.9999
750.0000 1.9999
751.0000 2.0000
752.0000 2.0000
753.0000 2.0000
754.0000 2.0000
755.0000 2.0000
756.0000 1.9418
757.0000 1.7738
758.0000 1.5159
759.0000 1.2311
760.0000 0.9677
761.0000 0.7452
762.0000 0.5657
763.0000 0.4245
764.0000 0.3166
765.0000 0.2381
766.0000 0.1869
767.0000 0.1613
768.0000 0.1581
769.0000 0.1726
770.0000 0.1983
771.0000 0.2282
772.0000 0.2551
773.0000 0.2733
774.0000 0.2796
775.0000 0.2730
776.0000 0.2553
777.0000 0.2298
778.0000 0.2002
779.0000 0.1699
780.0000 0.1415
781.0000 0.1164
782.0000 0.0956
783.0000 0.0794
784.0000 0.0675
785.0000 0.0596
786.0000 0.0549
787.0000 0.0528
788.0000 0.0522
789.0000 0.0524
790.0000 0.0525
791.0000 0.0520
792.0000 0.0506
793.0000 0.0482
794.0000 0.0447
795.0000 0.0406
796.0000 0.0359
797.0000 0.0311
798.0000 0.0263
799.0000 0.0218
800.0000 0.0177
801.0000 0.0140
802.0000 0.0108
803.0000 0.0081
804.0000 0.0057
805.0000 0.0036
806.0000 0.0016
807.0000 -0.0002
808.0000 -0.0020
809.0000 -0.0037
810.0000 -0.0055
811.0000 -0.0074
812.0000 -0.0092
813.0000 -0.0111
814.0000 -0.0130
815.0000 -0.0148
816.0000 -0.0166
817.0000 -0.0183
818.0000 -0.0200
819.0000 -0.0216
820.0000 -0.0232
821.0000 -0.0246
822.0000 -0.0260
823.0000 -0.0274
824.0000 -0.0287
825.0000 -0.0300
826.0000 -0.0313
827.0000 -0.0325
828.0000 -0.0337
829.0000 -0.0349
830.0000 -0.0360
831.0000 -0.0371
832.0000 -0.0382
833.0000 -0.0393
834.0000 -0.0404
835.0000 -0.0414
836.0000 -0.0424
837.0000 -0.0433
838.0000 -0.0443
839.0000 -0.0452
840.0000 -0.0461
841.0000 -0.0470
842.0000 -0.0479
843.0000 -0.0487
844.0000 -0.0495
845.0000 -0.0503
846.0000 -0.0511
847.0000 -0.0519
848.0000 -0.0527
849.0000 -0.0534
850.0000 -0.0541
851.0000 -0.0548
852.0000 -0.0555
853.0000 -0.0562
854.0000 -0.0569
855.0000 -0.0575
856.0000 -0.0582
857.0000 -0.0588
858.0000 -0.0594
859.0000 -0.0600
860.0000 -0.0606
861.0000 -0.0612
862.0000 -0.0618
863.0000 -0.0624
864.0000 -0.0629
865.0000 -0.0635
866.0000 -0.0640
867.0000 -0.0645
868.0000 -0.0650
869.0000 -0.0656
870.0000 -0.0661
871.0000 -0.0665
872.0000 -0.0670
873.0000 -0.0675
874.0000 -0.0680
875.0000 -0.0684
876.0000 -0.0689
877.0000 -0.0693
878.0000 -0.0698
879.0000 -0.0702
880.0000 -0.0706
881.0000 -0.0710
882.0000 -0.0715
883.0000 -0.0719
884.0000 -0.0723
885.0000 -0.0727
886.0000 -0.0730
887.0000 -0.0734
888.0000 -0.0738
889.0000 -0.0742
890.0000 -0.0746
891.0000 -0.0749
892.0000 -0.0753
893.0000 -0.0756
894.0000 -0.0760
895.0000 -0.0763
896.0000 -0.0767
897.0000 -0.0770
898.0000 -0.0773
899.0000 -0.0777
900.0000 -0.0780
901.0000 -0.0783
902.0000 -0.0786
903.0000 -0.0789
904.0000 -0.0792
905.0000 -0.0795
906.0000 -0.0798
907.0000 -0.0801
908.0000 -0.0804
909.0000 -0.0807
910.0000 -0.0810
911.0000 -0.0813
912.0000 -0.0816
913.0000 -0.0819
914.0000 -0.0821
915.0000 -0.0824
916.0000 -0.0827
917.0000 -0.0830
918.0000 -0.0832
919.0000 -0.0835
920.0000 -0.0838
921.0000 -0.0840
922.0000 -0.0843
923.0000 -0.0845
924.0000 -0.0848
925.0000 -0.0850
926.0000 -0.0853
927.0000 -0.0855
928.0000 -0.0858
929.0000 -0.0860
930.0000 -0.0862
931.0000 -0.0865
932.0000 -0.0867
933.0000 -0.0870
934.0000 -0.0872
935.0000 -0.0874
936.0000 -0.0876
937.0000 -0.0879
938.0000 -0.0881
939.0000 -0.0883
940.0000 -0.0885
941.0000 -0.0888
942.0000 -0.0890
943.0000 -0.0892
944.0000 -0.0894
945.0000 -0.0896
946.0000 -0.0898
947.0000 -0.0900
948.0000 -0.0903
949.0000 -0.0905
950.0000 -0.0907
951.0000 -0.0909
952.0000 -0.0911
953.0000 -0.0913
954.0000 -0.0915
955.0000 -0.0917
956.0000 -0.0919
957.0000 -0.0921
958.0000 -0.0923
959.0000 -0.0925
960.0000 -0.0927
961.0000 -0.0929
962.0000 -0.0931
963.0000 -0.0933
964.0000 -0.0935
965.0000 -0.0936
966.0000 -0.0938
967.0000 -0.0940
968.0000 -0.0942
969.0000 -0.0944
970.0000 -0.0946
971.0000 -0.0948
972.0000 -0.0950
973.0000 -0.0951
974.0000 -0.0953
975.0000 -0.0955
976.0000 -0.0957
977.0000 -0.0959
978.0000 -0.0961
979.0000 -0.0962
980.0000 -0.0964
981.0000 -0.0966
982.0000 -0.0968
983.0000 -0.0969
984.0000 -0.0971
985.0000 -0.0973
986.0000 -0.0975
987.0000 -0.0976
988.0000 -0.0978
989.0000 -0.0980
990.0000 -0.0982
991.0000 -0.0983
992.0000 -0.0985
993.0000 -0.0987
994.0000 -0.0988
995.0000 -0.0990
996.0000 -0.0992
997.0000 -0.0993
998.0000 -0.0995
999.0000 -0.0997
1000.0000 -0.0999
