1.0000 0.0000
2.0000 0.0000
3.0000 0.0000
4.0000 0.0000
5.0000 0.0000
6.0000 0.0000
7.0000 0.0000
8.0000 0.0000
9.0000 0.0000
10.0000 0.0000
11.0000 0.0000
12.0000 0.0057
13.0000 0.0244
14.0000 0.0580
15.0000 0.1048
16.0000 0.1612
17.0000 0.2223
18.0000 0.2829
19.0000 0.3386
20.0000 0.3859
21.0000 0.4230
22.0000 0.4492
23.0000 0.4654
24.0000 0.4734
25.0000 0.4756
26.0000 0.4744
27.0000 0.4724
28.0000 0.4717
29.0000 0.4740
30.0000 0.4805
31.0000 0.4920
32.0000 0.5088
33.0000 0.5306
34.0000 0.5568
35.0000 0.5867
36.0000 0.6190
37.0000 0.6525
38.0000 0.6859
39.0000 0.7181
40.0000 0.7480
41.0000 0.7748
42.0000 0.7980
43.0000 0.8172
44.0000 0.8325
45.0000 0.8441
46.0000 0.8525
47.0000 0.8582
48.0000 0.8620
49.0000 0.8646
50.0000 0.8666
51.0000 0.8685
52.0000 0.8711
53.0000 0.8745
54.0000 0.8790
55.0000 0.8847
56.0000 0.8916
57.0000 0.8995
58.0000 0.9082
59.0000 0.9174
60.0000 0.9267
61.0000 0.9358
62.0000 0.9444
63.0000 0.9523
64.0000 0.9592
65.0000 0.9650
66.0000 0.9697
67.0000 0.9731
68.0000 0.9755
69.0000 0.9769
70.0000 0.9775
71.0000 0.9776
72.0000 0.9772
73.0000 0.9767
74.0000 0.9762
75.0000 0.9759
76.0000 0.9759
77.0000 0.9763
78.0000 0.9771
79.0000 0.9783
80.0000 0.9798
81.0000 0.9817
82.0000 0.9838
83.0000 0.9860
84.0000 0.9882
85.0000 0.9903
86.0000 0.9922
87.0000 0.9939
88.0000 0.9953
89.0000 0.9963
90.0000 0.9971
91.0000 0.9975
92.0000 0.9976
93.0000 0.9975
94.0000 0.9972
95.0000 0.9968
96.0000 0.9964
97.0000 0.9960
98.0000 0.9957
99.0000 0.9954
100.0000 0.9953
101.0000 0.9953
102.0000 0.9955
103.0000 0.9957
104.0000 0.9961
105.0000 0.9966
106.0000 0.9972
107.0000 0.9977
108.0000 0.9983
109.0000 0.9988
110.0000 0.9992
111.0000 0.9996
112.0000 0.9998
113.0000 1.0000
114.0000 1.0001
115.0000 1.0001
116.0000 1.0000
117.0000 0.9999
118.0000 0.9997
119.0000 0.9995
120.0000 0.9994
121.0000 0.9992
122.0000 0.9991
123.0000 0.9990
124.0000 0.9990
125.0000 0.9990
126.0000 0.9990
127.0000 0.9991
128.0000 0.9992
129.0000 0.9994
130.0000 0.9995
131.0000 0.9997
132.0000 0.9998
133.0000 0.9999
134.0000 1.0000
135.0000 1.0001
136.0000 1.0001
137.0000 1.0002
138.0000 1.0002
139.0000 1.0001
140.0000 1.0001
141.0000 1.0000
142.0000 1.0000
143.0000 0.9999
144.0000 0.9999
145.0000 0.9998
146.0000 0.9998
147.0000 0.9998
148.0000 0.9997
149.0000 0.9998
150.0000 0.9998
151.0000 0.9998
152.0000 0.9998
153.0000 0.9999
154.0000 0.9999
155.0000 1.0000
156.0000 1.0000
157.0000 1.0000
158.0000 1.0001
159.0000 1.0001
160.0000 1.0001
161.0000 1.0001
162.0000 1.0001
163.0000 1.0000
164.0000 1.0000
165.0000 1.0000
166.0000 1.0000
167.0000 1.0000
168.0000 1.0000
169.0000 0.9999
170.0000 0.9999
171.0000 0.9999
172.0000 0.9999
173.0000 0.9999
174.0000 0.9999
175.0000 1.0000
176.0000 1.0000
177.0000 1.0000
178.0000 1.0000
179.0000 1.0000
180.0000 1.0000
181.0000 1.0000
182.0000 1.0000
183.0000 1.0000
184.0000 1.0000
185.0000 1.0000
186.0000 1.0000
187.0000 1.0000
188.0000 1.0000
189.0000 1.0000
190.0000 1.0000
191.0000 1.0000
192.0000 1.0000
193.0000 1.0000
194.0000 1.0000
195.0000 1.0000
196.0000 1.0000
197.0000 1.0000
198.0000 1.0000
199.0000 1.0000
200.0000 1.0000
201.0000 1.0000
202.0000 1.0000
203.0000 1.0000
204.0000 1.0000
205.0000 1.0000
206.0000 1.0000
207.0000 1.0000
208.0000 1.0000
209.0000 1.0000
210.0000 1.0000
211.0000 1.0000
212.0000 1.0000
213.0000 1.0000
214.0000 1.0000
215.0000 1.0000
216.0000 1.0000
217.0000 1.0000
218.0000 1.0000
219.0000 1.0000
220.0000 1.0000
221.0000 1.0000
222.0000 1.0000
223.0000 1.0000
224.0000 1.0000
225.0000 1.0000
226.0000 1.0000
227.0000 1.0000
228.0000 1.0000
229.0000 1.0000
230.0000 1.0000
231.0000 1.0000
232.0000 1.0000
233.0000 1.0000
234.0000 1.0000
235.0000 1.0000
236.0000 1.0000
237.0000 1.0000
238.0000 1.0000
239.0000 1.0000
240.0000 1.0000
241.0000 1.0000
242.0000 1.0000
243.0000 1.0000
244.0000 1.0000
245.0000 1.0000
246.0000 1.0000
247.0000 1.0000
248.0000 1.0000
249.0000 1.0000
250.0000 1.0000
251.0000 1.0000
252.0000 1.0000
253.0000 1.0000
254.0000 1.0000
255.0000 1.0000
256.0000 1.0305
257.0000 1.1130
258.0000 1.2462
259.0000 1.4164
260.0000 1.6096
261.0000 1.8150
262.0000 2.0233
263.0000 2.2242
264.0000 2.4076
265.0000 2.5643
266.0000 2.6869
267.0000 2.7712
268.0000 2.8161
269.0000 2.8235
270.0000 2.7983
271.0000 2.7472
272.0000 2.6785
273.0000 2.6006
274.0000 2.5217
275.0000 2.4490
276.0000 2.3885
277.0000 2.3449
278.0000 2.3211
279.0000 2.3188
280.0000 2.3383
281.0000 2.3785
282.0000 2.4376
283.0000 2.5125
284.0000 2.5995
285.0000 2.6944
286.0000 2.7929
287.0000 2.8906
288.0000 2.9830
289.0000 3.0664
290.0000 3.1375
291.0000 3.1937
292.0000 3.2333
293.0000 3.2556
294.0000 3.2606
295.0000 3.2494
296.0000 3.2239
297.0000 3.1866
298.0000 3.1406
299.0000 3.0891
300.0000 3.0354
301.0000 2.9828
302.0000 2.9342
303.0000 2.8921
304.0000 2.8582
305.0000 2.8340
306.0000 2.8202
307.0000 2.8167
308.0000 2.8232
309.0000 2.8387
310.0000 2.8619
311.0000 2.8909
312.0000 2.9241
313.0000 2.9593
314.0000 2.9946
315.0000 3.0281
316.0000 3.0581
317.0000 3.0833
318.0000 3.1026
319.0000 3.1153
320.0000 3.1211
321.0000 3.1201
322.0000 3.1128
323.0000 3.1000
324.0000 3.0827
325.0000 3.0621
326.0000 3.0395
327.0000 3.0163
328.0000 2.9938
329.0000 2.9731
330.0000 2.9552
331.0000 2.9410
332.0000 2.9308
333.0000 2.9251
334.0000 2.9237
335.0000 2.9266
336.0000 2.9332
337.0000 2.9430
338.0000 2.9553
339.0000 2.9692
340.0000 2.9839
341.0000 2.9986
342.0000 3.0125
343.0000 3.0249
344.0000 3.0352
345.0000 3.0430
346.0000 3.0480
347.0000 3.0502
348.0000 3.0496
349.0000 3.0464
350.0000 3.0409
351.0000 3.0336
352.0000 3.0249
353.0000 3.0155
354.0000 3.0059
355.0000 2.9965
356.0000 2.9880
357.0000 2.9807
358.0000 2.9748
359.0000 2.9707
360.0000 2.9684
361.0000 2.9680
362.0000 2.9693
363.0000 2.9722
364.0000 2.9764
365.0000 2.9816
366.0000 2.9874
367.0000 2.9936
368.0000 2.9997
369.0000 3.0055
370.0000 3.0106
371.0000 3.0148
372.0000 3.0180
373.0000 3.0200
374.0000 3.0209
375.0000 3.0205
376.0000 3.0191
377.0000 3.0168
378.0000 3.0137
379.0000 3.0100
380.0000 3.0061
381.0000 3.0021
382.0000 2.9982
383.0000 2.9947
384.0000 2.9917
385.0000 2.9893
386.0000 2.9877
387.0000 2.9868
388.0000 2.9866
389.0000 2.9872
390.0000 2.9885
391.0000 2.9903
392.0000 2.9925
393.0000 2.9949
394.0000 2.9975
395.0000 3.0000
396.0000 3.0024
397.0000 3.0045
398.0000 3.0063
399.0000 3.0076
400.0000 3.0084
401.0000 3.0087
402.0000 3.0085
403.0000 3.0079
404.0000 3.0069
405.0000 3.0056
406.0000 3.0041
407.0000 3.0024
408.0000 3.0008
409.0000 2.9991
410.0000 2.9977
411.0000 2.9965
412.0000 2.9955
413.0000 2.9948
414.0000 2.9945
415.0000 2.9944
416.0000 2.9947
417.0000 2.9952
418.0000 2.9960
419.0000 2.9969
420.0000 2.9979
421.0000 2.9990
422.0000 3.0001
423.0000 3.0011
424.0000 3.0019
425.0000 3.0027
426.0000 3.0032
427.0000 3.0035
428.0000 3.0036
429.0000 3.0035
430.0000 3.0033
431.0000 3.0028
432.0000 3.0023
433.0000 3.0016
434.0000 3.0010
435.0000 3.0003
436.0000 2.9996
437.0000 2.9990
438.0000 2.9985
439.0000 2.9981
440.0000 2.9978
441.0000 2.9977
442.0000 2.9977
443.0000 2.9978
444.0000 2.9980
445.0000 2.9984
446.0000 2.9987
447.0000 2.9992
448.0000 2.9996
449.0000 3.0001
450.0000 3.0005
451.0000 3.0008
452.0000 3.0011
453.0000 3.0013
454.0000 3.0015
455.0000 3.0015
456.0000 3.0015
457.0000 3.0013
458.0000 3.0012
459.0000 3.0009
460.0000 3.0007
461.0000 3.0004
462.0000 3.0001
463.0000 2.9998
464.0000 2.9996
465.0000 2.9994
466.0000 2.9992
467.0000 2.9991
468.0000 2.9990
469.0000 2.9990
470.0000 2.9991
471.0000 2.9992
472.0000 2.9993
473.0000 2.9995
474.0000 2.9997
475.0000 2.9999
476.0000 3.0000
477.0000 3.0002
478.0000 3.0004
479.0000 3.0005
480.0000 3.0006
481.0000 3.0006
482.0000 3.0006
483.0000 3.0006
484.0000 3.0006
485.0000 3.0005
486.0000 3.0004
487.0000 3.0003
488.0000 3.0001
489.0000 3.0000
490.0000 2.9999
491.0000 2.9998
492.0000 2.9997
493.0000 2.9997
494.0000 2.9996
495.0000 2.9996
496.0000 2.9996
497.0000 2.9996
498.0000 2.9997
499.0000 2.9997
500.0000 2.9998
501.0000 2.9999
502.0000 2.9999
503.0000 3.0000
504.0000 3.0001
505.0000 3.0002
506.0000 2.9784
507.0000 2.9168
508.0000 2.8110
509.0000 2.6672
510.0000 2.4977
511.0000 2.3166
512.0000 2.1369
513.0000 1.9699
514.0000 1.8238
515.0000 1.7048
516.0000 1.6165
517.0000 1.5607
518.0000 1.5374
519.0000 1.5449
520.0000 1.5804
521.0000 1.6396
522.0000 1.7176
523.0000 1.8085
524.0000 1.9062
525.0000 2.0047
526.0000 2.0982
527.0000 2.1812
528.0000 2.2496
529.0000 2.3000
530.0000 2.3303
531.0000 2.3399
532.0000 2.3295
533.0000 2.3010
534.0000 2.2574
535.0000 2.2025
536.0000 2.1405
537.0000 2.0759
538.0000 2.0126
539.0000 1.9545
540.0000 1.9044
541.0000 1.8647
542.0000 1.8368
543.0000 1.8213
544.0000 1.8181
545.0000 1.8263
546.0000 1.8447
547.0000 1.8713
548.0000 1.9041
549.0000 1.9406
550.0000 1.9784
551.0000 2.0152
552.0000 2.0488
553.0000 2.0776
554.0000 2.1000
555.0000 2.1151
556.0000 2.1225
557.0000 2.1224
558.0000 2.1152
559.0000 2.1018
560.0000 2.0835
561.0000 2.0618
562.0000 2.0383
563.0000 2.0144
564.0000 1.9917
565.0000 1.9714
566.0000 1.9545
567.0000 1.9417
568.0000 1.9335
569.0000 1.9300
570.0000 1.9310
571.0000 1.9361
572.0000 1.9448
573.0000 1.9561
574.0000 1.9693
575.0000 1.9834
576.0000 1.9976
577.0000 2.0109
578.0000 2.0226
579.0000 2.0322
580.0000 2.0392
581.0000 2.0434
582.0000 2.0448
583.0000 2.0434
584.0000 2.0395
585.0000 2.0337
586.0000 2.0262
587.0000 2.0178
588.0000 2.0090
589.0000 2.0004
590.0000 1.9924
591.0000 1.9855
592.0000 1.9800
593.0000 1.9761
594.0000 1.9740
595.0000 1.9736
596.0000 1.9748
597.0000 1.9774
598.0000 1.9812
599.0000 1.9858
600.0000 1.9910
601.0000 1.9963
602.0000 2.0014
603.0000 2.0061
604.0000 2.0101
605.0000 2.0132
606.0000 2.0153
607.0000 2.0163
608.0000 2.0163
609.0000 2.0153
610.0000 2.0135
611.0000 2.0110
612.0000 2.0081
613.0000 2.0049
614.0000 2.0016
615.0000 1.9985
616.0000 1.9957
617.0000 1.9934
618.0000 1.9917
619.0000 1.9906
620.0000 1.9901
621.0000 1.9903
622.0000 1.9910
623.0000 1.9922
624.0000 1.9938
625.0000 1.9957
626.0000 1.9976
627.0000 1.9996
628.0000 2.0014
629.0000 2.0030
630.0000 2.0044
631.0000 2.0053
632.0000 2.0059
633.0000 2.0061
634.0000 2.0059
635.0000 2.0054
636.0000 2.0045
637.0000 2.0035
638.0000 2.0024
639.0000 2.0012
640.0000 2.0000
641.0000 1.9989
642.0000 1.9979
643.0000 1.9972
644.0000 1.9967
645.0000 1.9964
646.0000 1.9963
647.0000 1.9965
648.0000 1.9969
649.0000 1.9974
650.0000 1.9980
651.0000 1.9988
652.0000 1.9995
653.0000 2.0002
654.0000 2.0008
655.0000 2.0014
656.0000 2.0018
657.0000 2.0021
658.0000 2.0022
659.0000 2.0022
660.0000 2.0021
661.0000 2.0018
662.0000 2.0015
663.0000 2.0011
664.0000 2.0006
665.0000 2.0002
666.0000 1.9998
667.0000 1.9994
668.0000 1.9991
669.0000 1.9988
670.0000 1.9987
671.0000 1.9986
672.0000 1.9987
673.0000 1.9988
674.0000 1.9989
675.0000 1.9991
676.0000 1.9994
677.0000 1.9997
678.0000 1.9999
679.0000 2.0002
680.0000 2.0004
681.0000 2.0006
682.0000 2.0007
683.0000 2.0008
684.0000 2.0008
685.0000 2.0008
686.0000 2.0007
687.0000 2.0006
688.0000 2.0005
689.0000 2.0003
690.0000 2.0002
691.0000 2.0000
692.0000 1.9998
693.0000 1.9997
694.0000 1.9996
695.0000 1.9995
696.0000 1.9995
697.0000 1.9995
698.0000 1.9995
699.0000 1.9996
700.0000 1.9996
701.0000 1.9997
702.0000 1.9998
703.0000 1.9999
704.0000 2.0000
705.0000 2.0001
706.0000 2.0002
707.0000 2.0003
708.0000 2.0003
709.0000 2.0003
710.0000 2.0003
711.0000 2.0003
712.0000 2.0003
713.0000 2.0002
714.0000 2.0001
715.0000 2.0001
716.0000 2.0000
717.0000 2.0000
718.0000 1.9999
719.0000 1.9999
720.0000 1.9998
721.0000 1.9998
722.0000 1.9998
723.0000 1.9998
724.0000 1.9998
725.0000 1.9999
726.0000 1.9999
727.0000 1.9999
728.0000 2.0000
729.0000 2.0000
730.0000 2.0000
731.0000 2.0001
732.0000 2.0001
733.0000 2.0001
734.0000 2.0001
735.0000 2.0001
736.0000 2.0001
737.0000 2.0001
738.0000 2.0001
739.0000 2.0001
740.0000 2.0000
741.0000 2.0000
742.0000 2.0000
743.0000 2.0000
744.0000 2.0000
745.0000 1.9999
746.0000 1.9999
747.0000 1.9999
748.0000 1.9999
749.0000 1.9999
750.0000 1.9999
751.0000 2.0000
752.0000 2.0000
753.0000 2.0000
754.0000 2.0000
755.0000 2.0000
756.0000 1.9418
757.0000 1.7736
758.0000 1.5154
759.0000 1.2305
760.0000 0.9671
761.0000 0.7447
762.0000 0.5652
763.0000 0.4241
764.0000 0.3162
765.0000 0.2378
766.0000 0.1867
767.0000 0.1611
768.0000 0.1580
769.0000 0.1726
770.0000 0.1984
771.0000 0.2283
772.0000 0.2552
773.0000 0.2735
774.0000 0.2797
775.0000 0.2730
776.0000 0.2553
777.0000 0.2297
778.0000 0.2000
779.0000 0.1697
780.0000 0.1412
781.0000 0.1162
782.0000 0.0954
783.0000 0.0791
784.0000 0.0673
785.0000 0.0594
786.0000 0.0548
787.0000 0.0527
788.0000 0.0521
789.0000 0.0523
790.0000 0.0524
791.0000 0.0519
792.0000 0.0505
793.0000 0.0481
794.0000 0.0447
795.0000 0.0405
796.0000 0.0358
797.0000 0.0310
798.0000 0.0262
799.0000 0.0217
800.0000 0.0176
801.0000 0.0139
802.0000 0.0107
803.0000 0.0080
804.0000 0.0056
805.0000 0.0035
806.0000 0.0015
807.0000 -0.0003
808.0000 -0.0020
809.0000 -0.0038
810.0000 -0.0056
811.0000 -0.0074
812.0000 -0.0093
813.0000 -0.0112
814.0000 -0.0130
815.0000 -0.0149
816.0000 -0.0167
817.0000 -0.0184
818.0000 -0.0201
819.0000 -0.0217
820.0000 -0.0232
821.0000 -0.0247
822.0000 -0.0261
823.0000 -0.0275
824.0000 -0.0288
825.0000 -0.0301
826.0000 -0.0313
827.0000 -0.0326
828.0000 -0.0338
829.0000 -0.0349
830.0000 -0.0361
831.0000 -0.0372
832.0000 -0.0383
833.0000 -0.0394
834.0000 -0.0404
835.0000 -0.0414
836.0000 -0.0424
837.0000 -0.0434
838.0000 -0.0443
839.0000 -0.0452
840.0000 -0.0462
841.0000 -0.0470
842.0000 -0.0479
843.0000 -0.0487
844.0000 -0.0496
845.0000 -0.0504
846.0000 -0.0512
847.0000 -0.0519
848.0000 -0.0527
849.0000 -0.0534
850.0000 -0.0542
851.0000 -0.0549
852.0000 -0.0556
853.0000 -0.0563
854.0000 -0.0569
855.0000 -0.0576
856.0000 -0.0582
857.0000 -0.0589
858.0000 -0.0595
859.0000 -0.0601
860.0000 -0.0607
861.0000 -0.0613
862.0000 -0.0618
863.0000 -0.0624
864.0000 -0.0630
865.0000 -0.0635
866.0000 -0.0640
867.0000 -0.0646
868.0000 -0.0651
869.0000 -0.0656
870.0000 -0.0661
871.0000 -0.0666
872.0000 -0.0671
873.0000 -0.0675
874.0000 -0.0680
875.0000 -0.0685
876.0000 -0.0689
877.0000 -0.0694
878.0000 -0.0698
879.0000 -0.0702
880.0000 -0.0707
881.0000 -0.0711
882.0000 -0.0715
883.0000 -0.0719
884.0000 -0.0723
885.0000 -0.0727
886.0000 -0.0731
887.0000 -0.0735
888.0000 -0.0738
889.0000 -0.0742
890.0000 -0.0746
891.0000 -0.0749
892.0000 -0.0753
893.0000 -0.0757
894.0000 -0.0760
895.0000 -0.0763
896.0000 -0.0767
897.0000 -0.0770
898.0000 -0.0774
899.0000 -0.0777
900.0000 -0.0780
901.0000 -0.0783
902.0000 -0.0786
903.0000 -0.0790
904.0000 -0.0793
905.0000 -0.0796
906.0000 -0.0799
907.0000 -0.0802
908.0000 -0.0805
909.0000 -0.0808
910.0000 -0.0810
911.0000 -0.0813
912.0000 -0.0816
913.0000 -0.0819
914.0000 -0.0822
915.0000 -0.0824
916.0000 -0.0827
917.0000 -0.0830
918.0000 -0.0833
919.0000 -0.0835
920.0000 -0.0838
921.0000 -0.0840
922.0000 -0.0843
923.0000 -0.0845
924.0000 -0.0848
925.0000 -0.0850
926.0000 -0.0853
927.0000 -0.0855
928.0000 -0.0858
929.0000 -0.0860
930.0000 -0.0863
931.0000 -0.0865
932.0000 -0.0867
933.0000 -0.0870
934.0000 -0.0872
935.0000 -0.0874
936.0000 -0.0877
937.0000 -0.0879
938.0000 -0.0881
939.0000 -0.0883
940.0000 -0.0886
941.0000 -0.0888
942.0000 -0.0890
943.0000 -0.0892
944.0000 -0.0894
945.0000 -0.0896
946.0000 -0.0899
947.0000 -0.0901
948.0000 -0.0903
949.0000 -0.0905
950.0000 -0.0907
951.0000 -0.0909
952.0000 -0.0911
953.0000 -0.0913
954.0000 -0.0915
955.0000 -0.0917
956.0000 -0.0919
957.0000 -0.0921
958.0000 -0.0923
959.0000 -0.0925
960.0000 -0.0927
961.0000 -0.0929
962.0000 -0.0931
963.0000 -0.0933
964.0000 -0.0935
965.0000 -0.0937
966.0000 -0.0939
967.0000 -0.0940
968.0000 -0.0942
969.0000 -0.0944
970.0000 -0.0946
971.0000 -0.0948
972.0000 -0.0950
973.0000 -0.0952
974.0000 -0.0953
975.0000 -0.0955
976.0000 -0.0957
977.0000 -0.0959
978.0000 -0.0961
979.0000 -0.0962
980.0000 -0.0964
981.0000 -0.0966
982.0000 -0.0968
983.0000 -0.0970
984.0000 -0.0971
985.0000 -0.0973
986.0000 -0.0975
987.0000 -0.0977
988.0000 -0.0978
989.0000 -0.0980
990.0000 -0.0982
991.0000 -0.0983
992.0000 -0.0985
993.0000 -0.0987
994.0000 -0.0989
995.0000 -0.0990
996.0000 -0.0992
997.0000 -0.0994
998.0000 -0.0995
999.0000 -0.0997
1000.0000 -0.0999
