1.0000 0.0000
2.0000 0.0000
3.0000 0.0000
4.0000 0.0000
5.0000 0.0000
6.0000 0.0000
7.0000 0.0000
8.0000 0.0000
9.0000 0.0000
10.0000 0.0000
11.0000 0.0000
12.0000 0.0057
13.0000 0.0245
14.0000 0.0583
15.0000 0.1054
16.0000 0.1620
17.0000 0.2231
18.0000 0.2836
19.0000 0.3391
20.0000 0.3861
21.0000 0.4227
22.0000 0.4485
23.0000 0.4643
24.0000 0.4720
25.0000 0.4739
26.0000 0.4726
27.0000 0.4707
28.0000 0.4701
29.0000 0.4726
30.0000 0.4795
31.0000 0.4913
32.0000 0.5085
33.0000 0.5306
34.0000 0.5571
35.0000 0.5872
36.0000 0.6196
37.0000 0.6531
38.0000 0.6865
39.0000 0.7185
40.0000 0.7482
41.0000 0.7748
42.0000 0.7976
43.0000 0.8166
44.0000 0.8316
45.0000 0.8430
46.0000 0.8512
47.0000 0.8569
48.0000 0.8607
49.0000 0.8633
50.0000 0.8654
51.0000 0.8676
52.0000 0.8703
53.0000 0.8739
54.0000 0.8787
55.0000 0.8846
56.0000 0.8917
57.0000 0.8997
58.0000 0.9085
59.0000 0.9177
60.0000 0.9270
61.0000 0.9361
62.0000 0.9447
63.0000 0.9524
64.0000 0.9592
65.0000 0.9649
66.0000 0.9694
67.0000 0.9728
68.0000 0.9750
69.0000 0.9764
70.0000 0.9770
71.0000 0.9770
72.0000 0.9767
73.0000 0.9763
74.0000 0.9758
75.0000 0.9756
76.0000 0.9757
77.0000 0.9762
78.0000 0.9771
79.0000 0.9783
80.0000 0.9800
81.0000 0.9819
82.0000 0.9840
83.0000 0.9862
84.0000 0.9884
85.0000 0.9904
86.0000 0.9923
87.0000 0.9939
88.0000 0.9953
89.0000 0.9963
90.0000 0.9969
91.0000 0.9973
92.0000 0.9974
93.0000 0.9973
94.0000 0.9970
95.0000 0.9966
96.0000 0.9962
97.0000 0.9959
98.0000 0.9955
99.0000 0.9953
100.0000 0.9953
101.0000 0.9953
102.0000 0.9955
103.0000 0.9958
104.0000 0.9962
105.0000 0.9967
106.0000 0.9973
107.0000 0.9978
108.0000 0.9983
109.0000 0.9988
110.0000 0.9992
111.0000 0.9996
112.0000 0.9998
113.0000 1.0000
114.0000 1.0000
115.0000 1.0000
116.0000 0.9999
117.0000 0.9998
118.0000 0.9996
119.0000 0.9995
120.0000 0.9993
121.0000 0.9992
122.0000 0.9991
123.0000 0.9990
124.0000 0.9990
125.0000 0.9990
126.0000 0.9990
127.0000 0.9991
128.0000 0.9993
129.0000 0.9994
130.0000 0.9995
131.0000 0.9997
132.0000 0.9998
133.0000 0.9999
134.0000 1.0000
135.0000 1.0001
136.0000 1.0001
137.0000 1.0001
138.0000 1.0001
139.0000 1.0001
140.0000 1.0001
141.0000 1.0000
142.0000 0.9999
143.0000 0.9999
144.0000 0.9998
145.0000 0.9998
146.0000 0.9998
147.0000 0.9998
148.0000 0.9998
149.0000 0.9998
150.0000 0.9998
151.0000 0.9998
152.0000 0.9999
153.0000 0.9999
154.0000 0.9999
155.0000 1.0000
156.0000 1.0000
157.0000 1.0000
158.0000 1.0001
159.0000 1.0001
160.0000 1.0001
161.0000 1.0001
162.0000 1.0001
163.0000 1.0000
164.0000 1.0000
165.0000 1.0000
166.0000 1.0000
167.0000 1.0000
168.0000 1.0000
169.0000 0.9999
170.0000 0.9999
171.0000 0.9999
172.0000 0.9999
173.0000 0.9999
174.0000 1.0000
175.0000 1.0000
176.0000 1.0000
177.0000 1.0000
178.0000 1.0000
179.0000 1.0000
180.0000 1.0000
181.0000 1.0000
182.0000 1.0000
183.0000 1.0000
184.0000 1.0000
185.0000 1.0000
186.0000 1.0000
187.0000 1.0000
188.0000 1.0000
189.0000 1.0000
190.0000 1.0000
191.0000 1.0000
192.0000 1.0000
193.0000 1.0000
194.0000 1.0000
195.0000 1.0000
196.0000 1.0000
197.0000 1.0000
198.0000 1.0000
199.0000 1.0000
200.0000 1.0000
201.0000 1.0000
202.0000 1.0000
203.0000 1.0000
204.0000 1.0000
205.0000 1.0000
206.0000 1.0000
207.0000 1.0000
208.0000 1.0000
209.0000 1.0000
210.0000 1.0000
211.0000 1.0000
212.0000 1.0000
213.0000 1.0000
214.0000 1.0000
215.0000 1.0000
216.0000 1.0000
217.0000 1.0000
218.0000 1.0000
219.0000 1.0000
220.0000 1.0000
221.0000 1.0000
222.0000 1.0000
223.0000 1.0000
224.0000 1.0000
225.0000 1.0000
226.0000 1.0000
227.0000 1.0000
228.0000 1.0000
229.0000 1.0000
230.0000 1.0000
231.0000 1.0000
232.0000 1.0000
233.0000 1.0000
234.0000 1.0000
235.0000 1.0000
236.0000 1.0000
237.0000 1.0000
238.0000 1.0000
239.0000 1.0000
240.0000 1.0000
241.0000 1.0000
242.0000 1.0000
243.0000 1.0000
244.0000 1.0000
245.0000 1.0000
246.0000 1.0000
247.0000 1.0000
248.0000 1.0000
249.0000 1.0000
250.0000 1.0000
251.0000 1.0000
252.0000 1.0000
253.0000 1.0000
254.0000 1.0000
255.0000 1.0000
256.0000 1.0307
257.0000 1.1136
258.0000 1.2473
259.0000 1.4177
260.0000 1.6111
261.0000 1.8166
262.0000 2.0248
263.0000 2.2254
264.0000 2.4082
265.0000 2.5639
266.0000 2.6854
267.0000 2.7685
268.0000 2.8122
269.0000 2.8187
270.0000 2.7928
271.0000 2.7415
272.0000 2.6730
273.0000 2.5956
274.0000 2.5176
275.0000 2.4461
276.0000 2.3871
277.0000 2.3449
278.0000 2.3227
279.0000 2.3218
280.0000 2.3426
281.0000 2.3840
282.0000 2.4438
283.0000 2.5192
284.0000 2.6063
285.0000 2.7010
286.0000 2.7989
287.0000 2.8956
288.0000 2.9868
289.0000 3.0688
290.0000 3.1384
291.0000 3.1930
292.0000 3.2311
293.0000 3.2520
294.0000 3.2558
295.0000 3.2438
296.0000 3.2178
297.0000 3.1803
298.0000 3.1345
299.0000 3.0835
300.0000 3.0307
301.0000 2.9792
302.0000 2.9318
303.0000 2.8910
304.0000 2.8585
305.0000 2.8356
306.0000 2.8229
307.0000 2.8205
308.0000 2.8277
309.0000 2.8437
310.0000 2.8670
311.0000 2.8960
312.0000 2.9288
313.0000 2.9634
314.0000 2.9979
315.0000 3.0304
316.0000 3.0594
317.0000 3.0835
318.0000 3.1017
319.0000 3.1134
320.0000 3.1183
321.0000 3.1166
322.0000 3.1089
323.0000 3.0958
324.0000 3.0784
325.0000 3.0580
326.0000 3.0359
327.0000 3.0133
328.0000 2.9915
329.0000 2.9717
330.0000 2.9547
331.0000 2.9413
332.0000 2.9320
333.0000 2.9269
334.0000 2.9262
335.0000 2.9294
336.0000 2.9363
337.0000 2.9462
338.0000 2.9584
339.0000 2.9720
340.0000 2.9863
341.0000 3.0005
342.0000 3.0138
343.0000 3.0255
344.0000 3.0351
345.0000 3.0423
346.0000 3.0468
347.0000 3.0485
348.0000 3.0475
349.0000 3.0440
350.0000 3.0384
351.0000 3.0312
352.0000 3.0227
353.0000 3.0135
354.0000 3.0042
355.0000 2.9954
356.0000 2.9873
357.0000 2.9804
358.0000 2.9751
359.0000 2.9714
360.0000 2.9695
361.0000 2.9694
362.0000 2.9710
363.0000 2.9739
364.0000 2.9781
365.0000 2.9833
366.0000 2.9890
367.0000 2.9949
368.0000 3.0007
369.0000 3.0061
370.0000 3.0109
371.0000 3.0148
372.0000 3.0176
373.0000 3.0193
374.0000 3.0199
375.0000 3.0194
376.0000 3.0179
377.0000 3.0155
378.0000 3.0124
379.0000 3.0089
380.0000 3.0051
381.0000 3.0013
382.0000 2.9977
383.0000 2.9944
384.0000 2.9916
385.0000 2.9895
386.0000 2.9881
387.0000 2.9874
388.0000 2.9874
389.0000 2.9881
390.0000 2.9894
391.0000 2.9912
392.0000 2.9933
393.0000 2.9957
394.0000 2.9981
395.0000 3.0005
396.0000 3.0027
397.0000 3.0047
398.0000 3.0062
399.0000 3.0073
400.0000 3.0080
401.0000 3.0082
402.0000 3.0079
403.0000 3.0073
404.0000 3.0062
405.0000 3.0050
406.0000 3.0035
407.0000 3.0019
408.0000 3.0004
409.0000 2.9989
410.0000 2.9975
411.0000 2.9964
412.0000 2.9956
413.0000 2.9950
414.0000 2.9948
415.0000 2.9948
416.0000 2.9951
417.0000 2.9957
418.0000 2.9964
419.0000 2.9973
420.0000 2.9983
421.0000 2.9993
422.0000 3.0003
423.0000 3.0012
424.0000 3.0020
425.0000 3.0026
426.0000 3.0031
427.0000 3.0033
428.0000 3.0034
429.0000 3.0032
430.0000 3.0029
431.0000 3.0025
432.0000 3.0020
433.0000 3.0014
434.0000 3.0007
435.0000 3.0001
436.0000 2.9995
437.0000 2.9989
438.0000 2.9985
439.0000 2.9981
440.0000 2.9979
441.0000 2.9978
442.0000 2.9979
443.0000 2.9980
444.0000 2.9983
445.0000 2.9986
446.0000 2.9989
447.0000 2.9994
448.0000 2.9998
449.0000 3.0002
450.0000 3.0005
451.0000 3.0009
452.0000 3.0011
453.0000 3.0013
454.0000 3.0014
455.0000 3.0014
456.0000 3.0013
457.0000 3.0012
458.0000 3.0010
459.0000 3.0008
460.0000 3.0005
461.0000 3.0003
462.0000 3.0000
463.0000 2.9998
464.0000 2.9995
465.0000 2.9994
466.0000 2.9992
467.0000 2.9991
468.0000 2.9991
469.0000 2.9991
470.0000 2.9992
471.0000 2.9993
472.0000 2.9994
473.0000 2.9996
474.0000 2.9998
475.0000 2.9999
476.0000 3.0001
477.0000 3.0002
478.0000 3.0004
479.0000 3.0005
480.0000 3.0005
481.0000 3.0006
482.0000 3.0006
483.0000 3.0005
484.0000 3.0005
485.0000 3.0004
486.0000 3.0003
487.0000 3.0002
488.0000 3.0001
489.0000 3.0000
490.0000 2.9999
491.0000 2.9998
492.0000 2.9997
493.0000 2.9997
494.0000 2.9996
495.0000 2.9996
496.0000 2.9996
497.0000 2.9997
498.0000 2.9997
499.0000 2.9998
500.0000 2.9998
501.0000 2.9999
502.0000 3.0000
503.0000 3.0000
504.0000 3.0001
505.0000 3.0002
506.0000 2.9783
507.0000 2.9163
508.0000 2.8099
509.0000 2.6655
510.0000 2.4956
511.0000 2.3143
512.0000 2.1348
513.0000 1.9681
514.0000 1.8227
515.0000 1.7044
516.0000 1.6170
517.0000 1.5621
518.0000 1.5396
519.0000 1.5480
520.0000 1.5842
521.0000 1.6439
522.0000 1.7221
523.0000 1.8130
524.0000 1.9105
525.0000 2.0085
526.0000 2.1011
527.0000 2.1832
528.0000 2.2505
529.0000 2.2996
530.0000 2.3288
531.0000 2.3373
532.0000 2.3260
533.0000 2.2968
534.0000 2.2529
535.0000 2.1979
536.0000 2.1362
537.0000 2.0720
538.0000 2.0096
539.0000 1.9524
540.0000 1.9034
541.0000 1.8648
542.0000 1.8379
543.0000 1.8234
544.0000 1.8210
545.0000 1.8298
546.0000 1.8486
547.0000 1.8754
548.0000 1.9081
549.0000 1.9443
550.0000 1.9816
551.0000 2.0177
552.0000 2.0505
553.0000 2.0783
554.0000 2.0998
555.0000 2.1141
556.0000 2.1207
557.0000 2.1199
558.0000 2.1122
559.0000 2.0985
560.0000 2.0802
561.0000 2.0586
562.0000 2.0354
563.0000 2.0120
564.0000 1.9899
565.0000 1.9703
566.0000 1.9541
567.0000 1.9420
568.0000 1.9345
569.0000 1.9315
570.0000 1.9330
571.0000 1.9384
572.0000 1.9472
573.0000 1.9586
574.0000 1.9716
575.0000 1.9855
576.0000 1.9992
577.0000 2.0121
578.0000 2.0233
579.0000 2.0323
580.0000 2.0388
581.0000 2.0426
582.0000 2.0435
583.0000 2.0418
584.0000 2.0378
585.0000 2.0318
586.0000 2.0245
587.0000 2.0162
588.0000 2.0076
589.0000 1.9993
590.0000 1.9916
591.0000 1.9851
592.0000 1.9800
593.0000 1.9765
594.0000 1.9746
595.0000 1.9745
596.0000 1.9759
597.0000 1.9786
598.0000 1.9825
599.0000 1.9870
600.0000 1.9921
601.0000 1.9972
602.0000 2.0022
603.0000 2.0066
604.0000 2.0103
605.0000 2.0131
606.0000 2.0150
607.0000 2.0158
608.0000 2.0156
609.0000 2.0145
610.0000 2.0126
611.0000 2.0101
612.0000 2.0072
613.0000 2.0041
614.0000 2.0010
615.0000 1.9981
616.0000 1.9955
617.0000 1.9933
618.0000 1.9918
619.0000 1.9908
620.0000 1.9905
621.0000 1.9908
622.0000 1.9916
623.0000 1.9928
624.0000 1.9944
625.0000 1.9962
626.0000 1.9981
627.0000 2.0000
628.0000 2.0017
629.0000 2.0032
630.0000 2.0044
631.0000 2.0052
632.0000 2.0057
633.0000 2.0058
634.0000 2.0055
635.0000 2.0050
636.0000 2.0041
637.0000 2.0031
638.0000 2.0020
639.0000 2.0009
640.0000 1.9997
641.0000 1.9987
642.0000 1.9979
643.0000 1.9972
644.0000 1.9967
645.0000 1.9965
646.0000 1.9965
647.0000 1.9967
648.0000 1.9971
649.0000 1.9977
650.0000 1.9983
651.0000 1.9990
652.0000 1.9997
653.0000 2.0003
654.0000 2.0009
655.0000 2.0014
656.0000 2.0018
657.0000 2.0020
658.0000 2.0021
659.0000 2.0021
660.0000 2.0019
661.0000 2.0017
662.0000 2.0013
663.0000 2.0009
664.0000 2.0005
665.0000 2.0001
666.0000 1.9997
667.0000 1.9993
668.0000 1.9991
669.0000 1.9989
670.0000 1.9987
671.0000 1.9987
672.0000 1.9988
673.0000 1.9989
674.0000 1.9990
675.0000 1.9993
676.0000 1.9995
677.0000 1.9998
678.0000 2.0000
679.0000 2.0003
680.0000 2.0004
681.0000 2.0006
682.0000 2.0007
683.0000 2.0008
684.0000 2.0008
685.0000 2.0007
686.0000 2.0007
687.0000 2.0005
688.0000 2.0004
689.0000 2.0003
690.0000 2.0001
691.0000 1.9999
692.0000 1.9998
693.0000 1.9997
694.0000 1.9996
695.0000 1.9996
696.0000 1.9995
697.0000 1.9995
698.0000 1.9996
699.0000 1.9996
700.0000 1.9997
701.0000 1.9998
702.0000 1.9999
703.0000 2.0000
704.0000 2.0001
705.0000 2.0001
706.0000 2.0002
707.0000 2.0002
708.0000 2.0003
709.0000 2.0003
710.0000 2.0003
711.0000 2.0003
712.0000 2.0002
713.0000 2.0002
714.0000 2.0001
715.0000 2.0001
716.0000 2.0000
717.0000 2.0000
718.0000 1.9999
719.0000 1.9999
720.0000 1.9998
721.0000 1.9998
722.0000 1.9998
723.0000 1.9998
724.0000 1.9998
725.0000 1.9999
726.0000 1.9999
727.0000 1.9999
728.0000 2.0000
729.0000 2.0000
730.0000 2.0000
731.0000 2.0001
732.0000 2.0001
733.0000 2.0001
734.0000 2.0001
735.0000 2.0001
736.0000 2.0001
737.0000 2.0001
738.0000 2.0001
739.0000 2.0001
740.0000 2.0000
741.0000 2.0000
742.0000 2.0000
743.0000 2.0000
744.0000 2.0000
745.0000 1.9999
746.0000 1.9999
747.0000 1.9999
748.0000 1.9999
749.0000 1.9999
750.0000 1.9999
751.0000 2.0000
752.0000 2.0000
753.0000 2.0000
754.0000 2.0000
755.0000 2.0000
756.0000 1.9459
757.0000 1.7898
758.0000 1.5460
759.0000 1.2697
760.0000 1.0080
761.0000 0.7829
762.0000 0.5993
763.0000 0.4542
764.0000 0.3434
765.0000 0.2636
766.0000 0.2128
767.0000 0.1892
768.0000 0.1896
769.0000 0.2092
770.0000 0.2416
771.0000 0.2795
772.0000 0.3154
773.0000 0.3432
774.0000 0.3583
775.0000 0.3590
776.0000 0.3459
777.0000 0.3219
778.0000 0.2908
779.0000 0.2567
780.0000 0.2228
781.0000 0.1918
782.0000 0.1652
783.0000 0.1438
784.0000 0.1277
785.0000 0.1169
786.0000 0.1106
787.0000 0.1082
788.0000 0.1085
789.0000 0.1104
790.0000 0.1130
791.0000 0.1151
792.0000 0.1162
793.0000 0.1159
794.0000 0.1139
795.0000 0.1105
796.0000 0.1059
797.0000 0.1004
798.0000 0.0946
799.0000 0.0888
800.0000 0.0833
801.0000 0.0783
802.0000 0.0739
803.0000 0.0703
804.0000 0.0673
805.0000 0.0649
806.0000 0.0629
807.0000 0.0612
808.0000 0.0597
809.0000 0.0583
810.0000 0.0568
811.0000 0.0552
812.0000 0.0535
813.0000 0.0517
814.0000 0.0497
815.0000 0.0477
816.0000 0.0457
817.0000 0.0437
818.0000 0.0417
819.0000 0.0398
820.0000 0.0380
821.0000 0.0362
822.0000 0.0346
823.0000 0.0331
824.0000 0.0316
825.0000 0.0302
826.0000 0.0289
827.0000 0.0276
828.0000 0.0263
829.0000 0.0251
830.0000 0.0238
831.0000 0.0226
832.0000 0.0214
833.0000 0.0202
834.0000 0.0190
835.0000 0.0179
836.0000 0.0167
837.0000 0.0156
838.0000 0.0145
839.0000 0.0135
840.0000 0.0125
841.0000 0.0115
842.0000 0.0105
843.0000 0.0095
844.0000 0.0086
845.0000 0.0077
846.0000 0.0068
847.0000 0.0059
848.0000 0.0050
849.0000 0.0042
850.0000 0.0033
851.0000 0.0025
852.0000 0.0017
853.0000 0.0009
854.0000 0.0002
855.0000 -0.0006
856.0000 -0.0013
857.0000 -0.0021
858.0000 -0.0028
859.0000 -0.0035
860.0000 -0.0042
861.0000 -0.0049
862.0000 -0.0055
863.0000 -0.0062
864.0000 -0.0068
865.0000 -0.0075
866.0000 -0.0081
867.0000 -0.0087
868.0000 -0.0093
869.0000 -0.0099
870.0000 -0.0105
871.0000 -0.0111
872.0000 -0.0116
873.0000 -0.0122
874.0000 -0.0128
875.0000 -0.0133
876.0000 -0.0138
877.0000 -0.0143
878.0000 -0.0149
879.0000 -0.0154
880.0000 -0.0159
881.0000 -0.0164
882.0000 -0.0168
883.0000 -0.0173
884.0000 -0.0178
885.0000 -0.0183
886.0000 -0.0187
887.0000 -0.0192
888.0000 -0.0196
889.0000 -0.0200
890.0000 -0.0205
891.0000 -0.0209
892.0000 -0.0213
893.0000 -0.0217
894.0000 -0.0221
895.0000 -0.0225
896.0000 -0.0229
897.0000 -0.0233
898.0000 -0.0237
899.0000 -0.0241
900.0000 -0.0245
901.0000 -0.0248
902.0000 -0.0252
903.0000 -0.0256
904.0000 -0.0259
905.0000 -0.0263
906.0000 -0.0266
907.0000 -0.0270
908.0000 -0.0273
909.0000 -0.0276
910.0000 -0.0280
911.0000 -0.0283
912.0000 -0.0286
913.0000 -0.0289
914.0000 -0.0293
915.0000 -0.0296
916.0000 -0.0299
917.0000 -0.0302
918.0000 -0.0305
919.0000 -0.0308
920.0000 -0.0311
921.0000 -0.0313
922.0000 -0.0316
923.0000 -0.0319
924.0000 -0.0322
925.0000 -0.0325
926.0000 -0.0327
927.0000 -0.0330
928.0000 -0.0333
929.0000 -0.0335
930.0000 -0.0338
931.0000 -0.0341
932.0000 -0.0343
933.0000 -0.0346
934.0000 -0.0348
935.0000 -0.0351
936.0000 -0.0353
937.0000 -0.0356
938.0000 -0.0358
939.0000 -0.0360
940.0000 -0.0363
941.0000 -0.0365
942.0000 -0.0367
943.0000 -0.0369
944.0000 -0.0372
945.0000 -0.0374
946.0000 -0.0376
947.0000 -0.0378
948.0000 -0.0380
949.0000 -0.0383
950.0000 -0.0385
951.0000 -0.0387
952.0000 -0.0389
953.0000 -0.0391
954.0000 -0.0393
955.0000 -0.0395
956.0000 -0.0397
957.0000 -0.0399
958.0000 -0.0401
959.0000 -0.0403
960.0000 -0.0405
961.0000 -0.0406
962.0000 -0.0408
963.0000 -0.0410
964.0000 -0.0412
965.0000 -0.0414
966.0000 -0.0416
967.0000 -0.0417
968.0000 -0.0419
969.0000 -0.0421
970.0000 -0.0423
971.0000 -0.0424
972.0000 -0.0426
973.0000 -0.0428
974.0000 -0.0429
975.0000 -0.0431
976.0000 -0.0433
977.0000 -0.0434
978.0000 -0.0436
979.0000 -0.0438
980.0000 -0.0439
981.0000 -0.0441
982.0000 -0.0442
983.0000 -0.0444
984.0000 -0.0445
985.0000 -0.0447
986.0000 -0.0448
987.0000 -0.0450
988.0000 -0.0451
989.0000 -0.0453
990.0000 -0.0454
991.0000 -0.0456
992.0000 -0.0457
993.0000 -0.0459
994.0000 -0.0460
995.0000 -0.0461
996.0000 -0.0463
997.0000 -0.0464
998.0000 -0.0465
999.0000 -0.0467
1000.0000 -0.0468
1001.0000 -0.0469
1002.0000 -0.0471
1003.0000 -0.0472
1004.0000 -0.0473
1005.0000 -0.0475
1006.0000 -0.0476
1007.0000 -0.0477
1008.0000 -0.0478
1009.0000 -0.0480
1010.0000 -0.0481
1011.0000 -0.0482
1012.0000 -0.0483
1013.0000 -0.0484
1014.0000 -0.0486
1015.0000 -0.0487
1016.0000 -0.0488
1017.0000 -0.0489
1018.0000 -0.0490
1019.0000 -0.0491
1020.0000 -0.0493
1021.0000 -0.0494
1022.0000 -0.0495
1023.0000 -0.0496
1024.0000 -0.0497
1025.0000 -0.0498
1026.0000 -0.0499
1027.0000 -0.0500
1028.0000 -0.0501
1029.0000 -0.0502
1030.0000 -0.0504
1031.0000 -0.0505
1032.0000 -0.0506
1033.0000 -0.0507
1034.0000 -0.0508
1035.0000 -0.0509
1036.0000 -0.0510
1037.0000 -0.0511
1038.0000 -0.0512
1039.0000 -0.0513
1040.0000 -0.0514
1041.0000 -0.0515
1042.0000 -0.0516
1043.0000 -0.0517
1044.0000 -0.0517
1045.0000 -0.0518
1046.0000 -0.0519
1047.0000 -0.0520
1048.0000 -0.0521
1049.0000 -0.0522
1050.0000 -0.0523
1051.0000 -0.0524
1052.0000 -0.0525
1053.0000 -0.0526
1054.0000 -0.0527
1055.0000 -0.0527
1056.0000 -0.0528
1057.0000 -0.0529
1058.0000 -0.0530
1059.0000 -0.0531
1060.0000 -0.0532
1061.0000 -0.0533
1062.0000 -0.0533
1063.0000 -0.0534
1064.0000 -0.0535
1065.0000 -0.0536
1066.0000 -0.0537
1067.0000 -0.0538
1068.0000 -0.0538
1069.0000 -0.0539
1070.0000 -0.0540
1071.0000 -0.0541
1072.0000 -0.0542
1073.0000 -0.0542
1074.0000 -0.0543
1075.0000 -0.0544
1076.0000 -0.0545
1077.0000 -0.0545
1078.0000 -0.0546
1079.0000 -0.0547
1080.0000 -0.0548
1081.0000 -0.0548
1082.0000 -0.0549
1083.0000 -0.0550
1084.0000 -0.0551
1085.0000 -0.0551
1086.0000 -0.0552
1087.0000 -0.0553
1088.0000 -0.0553
1089.0000 -0.0554
1090.0000 -0.0555
1091.0000 -0.0555
1092.0000 -0.0556
1093.0000 -0.0557
1094.0000 -0.0558
1095.0000 -0.0558
1096.0000 -0.0559
1097.0000 -0.0560
1098.0000 -0.0560
1099.0000 -0.0561
1100.0000 -0.0562
1101.0000 -0.0562
1102.0000 -0.0563
1103.0000 -0.0563
1104.0000 -0.0564
1105.0000 -0.0565
1106.0000 -0.0565
1107.0000 -0.0566
1108.0000 -0.0567
1109.0000 -0.0567
1110.0000 -0.0568
1111.0000 -0.0568
1112.0000 -0.0569
1113.0000 -0.0570
1114.0000 -0.0570
1115.0000 -0.0571
1116.0000 -0.0571
1117.0000 -0.0572
1118.0000 -0.0573
1119.0000 -0.0573
1120.0000 -0.0574
1121.0000 -0.0574
1122.0000 -0.0575
1123.0000 -0.0576
1124.0000 -0.0576
1125.0000 -0.0577
1126.0000 -0.0577
1127.0000 -0.0578
1128.0000 -0.0578
1129.0000 -0.0579
1130.0000 -0.0579
1131.0000 -0.0580
1132.0000 -0.0581
1133.0000 -0.0581
1134.0000 -0.0582
1135.0000 -0.0582
1136.0000 -0.0583
1137.0000 -0.0583
1138.0000 -0.0584
1139.0000 -0.0584
1140.0000 -0.0585
1141.0000 -0.0585
1142.0000 -0.0586
1143.0000 -0.0586
1144.0000 -0.0587
1145.0000 -0.0587
1146.0000 -0.0588
1147.0000 -0.0588
1148.0000 -0.0589
1149.0000 -0.0589
1150.0000 -0.0590
1151.0000 -0.0590
1152.0000 -0.0591
1153.0000 -0.0591
1154.0000 -0.0592
1155.0000 -0.0592
1156.0000 -0.0593
1157.0000 -0.0593
1158.0000 -0.0594
1159.0000 -0.0594
1160.0000 -0.0594
1161.0000 -0.0595
1162.0000 -0.0595
1163.0000 -0.0596
1164.0000 -0.0596
1165.0000 -0.0597
1166.0000 -0.0597
1167.0000 -0.0598
1168.0000 -0.0598
1169.0000 -0.0599
1170.0000 -0.0599
1171.0000 -0.0599
1172.0000 -0.0600
1173.0000 -0.0600
1174.0000 -0.0601
1175.0000 -0.0601
1176.0000 -0.0602
1177.0000 -0.0602
1178.0000 -0.0602
1179.0000 -0.0603
1180.0000 -0.0603
1181.0000 -0.0604
1182.0000 -0.0604
1183.0000 -0.0604
1184.0000 -0.0605
1185.0000 -0.0605
1186.0000 -0.0606
1187.0000 -0.0606
1188.0000 -0.0606
1189.0000 -0.0607
1190.0000 -0.0607
1191.0000 -0.0608
1192.0000 -0.0608
1193.0000 -0.0608
1194.0000 -0.0609
1195.0000 -0.0609
1196.0000 -0.0610
1197.0000 -0.0610
1198.0000 -0.0610
1199.0000 -0.0611
1200.0000 -0.0611
