1.0000 0.0000
2.0000 0.0000
3.0000 0.0000
4.0000 0.0000
5.0000 0.0000
6.0000 0.0000
7.0000 0.0000
8.0000 0.0000
9.0000 0.0000
10.0000 0.0000
11.0000 0.0000
12.0000 0.0117
13.0000 0.0500
14.0000 0.1162
15.0000 0.2034
16.0000 0.3000
17.0000 0.3935
18.0000 0.4724
19.0000 0.5288
20.0000 0.5594
21.0000 0.5660
22.0000 0.5537
23.0000 0.5296
24.0000 0.5011
25.0000 0.4742
26.0000 0.4541
27.0000 0.4443
28.0000 0.4471
29.0000 0.4634
30.0000 0.4929
31.0000 0.5337
32.0000 0.5831
33.0000 0.6376
34.0000 0.6932
35.0000 0.7461
36.0000 0.7926
37.0000 0.8304
38.0000 0.8578
39.0000 0.8744
40.0000 0.8812
41.0000 0.8796
42.0000 0.8721
43.0000 0.8613
44.0000 0.8497
45.0000 0.8397
46.0000 0.8331
47.0000 0.8312
48.0000 0.8346
49.0000 0.8435
50.0000 0.8573
51.0000 0.8750
52.0000 0.8952
53.0000 0.9165
54.0000 0.9372
55.0000 0.9559
56.0000 0.9715
57.0000 0.9830
58.0000 0.9902
59.0000 0.9930
60.0000 0.9919
61.0000 0.9877
62.0000 0.9815
63.0000 0.9741
64.0000 0.9669
65.0000 0.9606
66.0000 0.9560
67.0000 0.9537
68.0000 0.9538
69.0000 0.9563
70.0000 0.9609
71.0000 0.9672
72.0000 0.9746
73.0000 0.9824
74.0000 0.9899
75.0000 0.9966
76.0000 1.0019
77.0000 1.0056
78.0000 1.0075
79.0000 1.0076
80.0000 1.0062
81.0000 1.0036
82.0000 1.0001
83.0000 0.9963
84.0000 0.9925
85.0000 0.9893
86.0000 0.9869
87.0000 0.9854
88.0000 0.9851
89.0000 0.9859
90.0000 0.9876
91.0000 0.9900
92.0000 0.9930
93.0000 0.9960
94.0000 0.9990
95.0000 1.0016
96.0000 1.0037
97.0000 1.0050
98.0000 1.0056
99.0000 1.0054
100.0000 1.0046
101.0000 1.0032
102.0000 1.0015
103.0000 0.9997
104.0000 0.9980
105.0000 0.9965
106.0000 0.9953
107.0000 0.9947
108.0000 0.9945
109.0000 0.9948
110.0000 0.9955
111.0000 0.9965
112.0000 0.9977
113.0000 0.9990
114.0000 1.0003
115.0000 1.0013
116.0000 1.0022
117.0000 1.0027
118.0000 1.0029
119.0000 1.0027
120.0000 1.0023
121.0000 1.0017
122.0000 1.0009
123.0000 1.0001
124.0000 0.9993
125.0000 0.9986
126.0000 0.9981
127.0000 0.9978
128.0000 0.9978
129.0000 0.9979
130.0000 0.9982
131.0000 0.9987
132.0000 0.9992
133.0000 0.9997
134.0000 1.0003
135.0000 1.0007
136.0000 1.0011
137.0000 1.0013
138.0000 1.0013
139.0000 1.0013
140.0000 1.0011
141.0000 1.0008
142.0000 1.0004
143.0000 1.0001
144.0000 0.9997
145.0000 0.9994
146.0000 0.9992
147.0000 0.9991
148.0000 0.9991
149.0000 0.9991
150.0000 0.9993
151.0000 0.9995
152.0000 0.9997
153.0000 0.9999
154.0000 1.0002
155.0000 1.0004
156.0000 1.0005
157.0000 1.0006
158.0000 1.0006
159.0000 1.0006
160.0000 1.0005
161.0000 1.0003
162.0000 1.0002
163.0000 1.0000
164.0000 0.9999
165.0000 0.9997
166.0000 0.9997
167.0000 0.9996
168.0000 0.9996
169.0000 0.9996
170.0000 0.9997
171.0000 0.9998
172.0000 0.9999
173.0000 1.0000
174.0000 1.0001
175.0000 1.0002
176.0000 1.0002
177.0000 1.0003
178.0000 1.0003
179.0000 1.0002
180.0000 1.0002
181.0000 1.0001
182.0000 1.0001
183.0000 1.0000
184.0000 0.9999
185.0000 0.9999
186.0000 0.9998
187.0000 0.9998
188.0000 0.9998
189.0000 0.9998
190.0000 0.9999
191.0000 0.9999
192.0000 1.0000
193.0000 1.0000
194.0000 1.0000
195.0000 1.0001
196.0000 1.0001
197.0000 1.0001
198.0000 1.0001
199.0000 1.0001
200.0000 1.0001
201.0000 1.0001
202.0000 1.0000
203.0000 1.0000
204.0000 1.0000
205.0000 0.9999
206.0000 0.9999
207.0000 0.9999
208.0000 0.9999
209.0000 0.9999
210.0000 0.9999
211.0000 1.0000
212.0000 1.0000
213.0000 1.0000
214.0000 1.0000
215.0000 1.0000
216.0000 1.0000
217.0000 1.0001
218.0000 1.0001
219.0000 1.0000
220.0000 1.0000
221.0000 1.0000
222.0000 1.0000
223.0000 1.0000
224.0000 1.0000
225.0000 1.0000
226.0000 1.0000
227.0000 1.0000
228.0000 1.0000
229.0000 1.0000
230.0000 1.0000
231.0000 1.0000
232.0000 1.0000
233.0000 1.0000
234.0000 1.0000
235.0000 1.0000
236.0000 1.0000
237.0000 1.0000
238.0000 1.0000
239.0000 1.0000
240.0000 1.0000
241.0000 1.0000
242.0000 1.0000
243.0000 1.0000
244.0000 1.0000
245.0000 1.0000
246.0000 1.0000
247.0000 1.0000
248.0000 1.0000
249.0000 1.0000
250.0000 1.0000
251.0000 1.0000
252.0000 1.0000
253.0000 1.0000
254.0000 1.0000
255.0000 1.0000
256.0000 1.0513
257.0000 1.1653
258.0000 1.3232
259.0000 1.5097
260.0000 1.7087
261.0000 1.9004
262.0000 2.0630
263.0000 2.1760
264.0000 2.2251
265.0000 2.2070
266.0000 2.1307
267.0000 2.0151
268.0000 1.8821
269.0000 1.7521
270.0000 1.6417
271.0000 1.5629
272.0000 1.5242
273.0000 1.5308
274.0000 1.5847
275.0000 1.6843
276.0000 1.8193
277.0000 1.9771
278.0000 2.1478
279.0000 2.3226
280.0000 2.4917
281.0000 2.6452
282.0000 2.7738
283.0000 2.8705
284.0000 2.9312
285.0000 2.9553
286.0000 2.9460
287.0000 2.9088
288.0000 2.8517
289.0000 2.7833
290.0000 2.7125
291.0000 2.6472
292.0000 2.5943
293.0000 2.5588
294.0000 2.5440
295.0000 2.5513
296.0000 2.5804
297.0000 2.6294
298.0000 2.6947
299.0000 2.7720
300.0000 2.8559
301.0000 2.9409
302.0000 3.0213
303.0000 3.0920
304.0000 3.1488
305.0000 3.1885
306.0000 3.2094
307.0000 3.2111
308.0000 3.1949
309.0000 3.1632
310.0000 3.1196
311.0000 3.0682
312.0000 3.0137
313.0000 2.9606
314.0000 2.9129
315.0000 2.8741
316.0000 2.8466
317.0000 2.8319
318.0000 2.8304
319.0000 2.8417
320.0000 2.8642
321.0000 2.8957
322.0000 2.9336
323.0000 2.9746
324.0000 3.0157
325.0000 3.0537
326.0000 3.0860
327.0000 3.1103
328.0000 3.1252
329.0000 3.1301
330.0000 3.1249
331.0000 3.1107
332.0000 3.0890
333.0000 3.0618
334.0000 3.0316
335.0000 3.0007
336.0000 2.9715
337.0000 2.9462
338.0000 2.9265
339.0000 2.9134
340.0000 2.9077
341.0000 2.9093
342.0000 2.9178
343.0000 2.9321
344.0000 2.9508
345.0000 2.9724
346.0000 2.9951
347.0000 3.0170
348.0000 3.0367
349.0000 3.0527
350.0000 3.0639
351.0000 3.0699
352.0000 3.0703
353.0000 3.0654
354.0000 3.0559
355.0000 3.0427
356.0000 3.0270
357.0000 3.0102
358.0000 2.9935
359.0000 2.9783
360.0000 2.9655
361.0000 2.9561
362.0000 2.9505
363.0000 2.9490
364.0000 2.9514
365.0000 2.9574
366.0000 2.9664
367.0000 2.9774
368.0000 2.9896
369.0000 3.0020
370.0000 3.0136
371.0000 3.0236
372.0000 3.0314
373.0000 3.0364
374.0000 3.0384
375.0000 3.0375
376.0000 3.0337
377.0000 3.0277
378.0000 3.0199
379.0000 3.0110
380.0000 3.0017
381.0000 2.9929
382.0000 2.9850
383.0000 2.9787
384.0000 2.9744
385.0000 2.9722
386.0000 2.9723
387.0000 2.9744
388.0000 2.9784
389.0000 2.9838
390.0000 2.9901
391.0000 2.9969
392.0000 3.0036
393.0000 3.0097
394.0000 3.0147
395.0000 3.0184
396.0000 3.0205
397.0000 3.0209
398.0000 3.0198
399.0000 3.0172
400.0000 3.0135
401.0000 3.0089
402.0000 3.0039
403.0000 2.9989
404.0000 2.9942
405.0000 2.9903
406.0000 2.9872
407.0000 2.9853
408.0000 2.9846
409.0000 2.9851
410.0000 2.9867
411.0000 2.9892
412.0000 2.9924
413.0000 2.9961
414.0000 2.9998
415.0000 3.0033
416.0000 3.0064
417.0000 3.0089
418.0000 3.0106
419.0000 3.0114
420.0000 3.0113
421.0000 3.0103
422.0000 3.0086
423.0000 3.0064
424.0000 3.0038
425.0000 3.0010
426.0000 2.9983
427.0000 2.9959
428.0000 2.9939
429.0000 2.9925
430.0000 2.9917
431.0000 2.9916
432.0000 2.9921
433.0000 2.9932
434.0000 2.9948
435.0000 2.9966
436.0000 2.9986
437.0000 3.0007
438.0000 3.0025
439.0000 3.0041
440.0000 3.0053
441.0000 3.0060
442.0000 3.0063
443.0000 3.0060
444.0000 3.0053
445.0000 3.0043
446.0000 3.0029
447.0000 3.0015
448.0000 3.0000
449.0000 2.9985
450.0000 2.9973
451.0000 2.9963
452.0000 2.9957
453.0000 2.9954
454.0000 2.9955
455.0000 2.9959
456.0000 2.9966
457.0000 2.9975
458.0000 2.9986
459.0000 2.9997
460.0000 3.0008
461.0000 3.0017
462.0000 3.0025
463.0000 3.0031
464.0000 3.0034
465.0000 3.0034
466.0000 3.0032
467.0000 3.0027
468.0000 3.0021
469.0000 3.0013
470.0000 3.0005
471.0000 2.9997
472.0000 2.9989
473.0000 2.9983
474.0000 2.9978
475.0000 2.9976
476.0000 2.9975
477.0000 2.9976
478.0000 2.9979
479.0000 2.9983
480.0000 2.9989
481.0000 2.9995
482.0000 3.0001
483.0000 3.0006
484.0000 3.0011
485.0000 3.0015
486.0000 3.0018
487.0000 3.0019
488.0000 3.0018
489.0000 3.0016
490.0000 3.0013
491.0000 3.0010
492.0000 3.0005
493.0000 3.0001
494.0000 2.9996
495.0000 2.9993
496.0000 2.9990
497.0000 2.9987
498.0000 2.9986
499.0000 2.9986
500.0000 2.9987
501.0000 2.9989
502.0000 2.9992
503.0000 2.9995
504.0000 2.9998
505.0000 3.0002
506.0000 2.9544
507.0000 2.8278
508.0000 2.6263
509.0000 2.3813
510.0000 2.1274
511.0000 1.8902
512.0000 1.6867
513.0000 1.5273
514.0000 1.4184
515.0000 1.3636
516.0000 1.3632
517.0000 1.4144
518.0000 1.5108
519.0000 1.6432
520.0000 1.7998
521.0000 1.9674
522.0000 2.1321
523.0000 2.2807
524.0000 2.4014
525.0000 2.4852
526.0000 2.5261
527.0000 2.5223
528.0000 2.4762
529.0000 2.3944
530.0000 2.2868
531.0000 2.1649
532.0000 2.0406
533.0000 1.9246
534.0000 1.8257
535.0000 1.7503
536.0000 1.7024
537.0000 1.6837
538.0000 1.6937
539.0000 1.7299
540.0000 1.7879
541.0000 1.8620
542.0000 1.9455
543.0000 2.0309
544.0000 2.1113
545.0000 2.1802
546.0000 2.2321
547.0000 2.2636
548.0000 2.2728
549.0000 2.2599
550.0000 2.2274
551.0000 2.1792
552.0000 2.1204
553.0000 2.0566
554.0000 1.9937
555.0000 1.9366
556.0000 1.8896
557.0000 1.8556
558.0000 1.8366
559.0000 1.8329
560.0000 1.8440
561.0000 1.8679
562.0000 1.9020
563.0000 1.9430
564.0000 1.9871
565.0000 2.0305
566.0000 2.0696
567.0000 2.1014
568.0000 2.1235
569.0000 2.1347
570.0000 2.1344
571.0000 2.1234
572.0000 2.1032
573.0000 2.0761
574.0000 2.0447
575.0000 2.0119
576.0000 1.9806
577.0000 1.9532
578.0000 1.9317
579.0000 1.9174
580.0000 1.9110
581.0000 1.9126
582.0000 1.9216
583.0000 1.9366
584.0000 1.9563
585.0000 1.9786
586.0000 2.0015
587.0000 2.0233
588.0000 2.0420
589.0000 2.0563
590.0000 2.0653
591.0000 2.0685
592.0000 2.0659
593.0000 2.0582
594.0000 2.0461
595.0000 2.0311
596.0000 2.0146
597.0000 1.9979
598.0000 1.9826
599.0000 1.9697
600.0000 1.9602
601.0000 1.9546
602.0000 1.9532
603.0000 1.9558
604.0000 1.9619
605.0000 1.9709
606.0000 1.9818
607.0000 1.9936
608.0000 2.0054
609.0000 2.0160
610.0000 2.0247
611.0000 2.0310
612.0000 2.0343
613.0000 2.0346
614.0000 2.0321
615.0000 2.0271
616.0000 2.0202
617.0000 2.0120
618.0000 2.0034
619.0000 1.9951
620.0000 1.9877
621.0000 1.9817
622.0000 1.9777
623.0000 1.9758
624.0000 1.9760
625.0000 1.9782
626.0000 1.9821
627.0000 1.9872
628.0000 1.9931
629.0000 1.9993
630.0000 2.0051
631.0000 2.0102
632.0000 2.0142
633.0000 2.0168
634.0000 2.0178
635.0000 2.0173
636.0000 2.0154
637.0000 2.0124
638.0000 2.0085
639.0000 2.0042
640.0000 1.9997
641.0000 1.9956
642.0000 1.9921
643.0000 1.9895
644.0000 1.9879
645.0000 1.9874
646.0000 1.9880
647.0000 1.9895
648.0000 1.9918
649.0000 1.9947
650.0000 1.9978
651.0000 2.0010
652.0000 2.0038
653.0000 2.0062
654.0000 2.0080
655.0000 2.0089
656.0000 2.0091
657.0000 2.0085
658.0000 2.0073
659.0000 2.0055
660.0000 2.0034
661.0000 2.0011
662.0000 1.9989
663.0000 1.9969
664.0000 1.9953
665.0000 1.9941
666.0000 1.9936
667.0000 1.9935
668.0000 1.9941
669.0000 1.9951
670.0000 1.9964
671.0000 1.9980
672.0000 1.9996
673.0000 2.0012
674.0000 2.0025
675.0000 2.0036
676.0000 2.0044
677.0000 2.0047
678.0000 2.0046
679.0000 2.0041
680.0000 2.0034
681.0000 2.0024
682.0000 2.0012
683.0000 2.0001
684.0000 1.9989
685.0000 1.9980
686.0000 1.9973
687.0000 1.9968
688.0000 1.9966
689.0000 1.9968
690.0000 1.9971
691.0000 1.9977
692.0000 1.9985
693.0000 1.9993
694.0000 2.0002
695.0000 2.0009
696.0000 2.0016
697.0000 2.0021
698.0000 2.0023
699.0000 2.0024
700.0000 2.0023
701.0000 2.0020
702.0000 2.0015
703.0000 2.0010
704.0000 2.0004
705.0000 1.9998
706.0000 1.9992
707.0000 1.9988
708.0000 1.9985
709.0000 1.9983
710.0000 1.9983
711.0000 1.9984
712.0000 1.9986
713.0000 1.9990
714.0000 1.9994
715.0000 1.9998
716.0000 2.0003
717.0000 2.0006
718.0000 2.0009
719.0000 2.0011
720.0000 2.0012
721.0000 2.0012
722.0000 2.0011
723.0000 2.0009
724.0000 2.0007
725.0000 2.0004
726.0000 2.0000
727.0000 1.9998
728.0000 1.9995
729.0000 1.9993
730.0000 1.9992
731.0000 1.9991
732.0000 1.9991
733.0000 1.9992
734.0000 1.9994
735.0000 1.9996
736.0000 1.9998
737.0000 2.0000
738.0000 2.0002
739.0000 2.0004
740.0000 2.0005
741.0000 2.0006
742.0000 2.0006
743.0000 2.0006
744.0000 2.0005
745.0000 2.0004
746.0000 2.0003
747.0000 2.0001
748.0000 2.0000
749.0000 1.9998
750.0000 1.9997
751.0000 1.9996
752.0000 1.9996
753.0000 1.9995
754.0000 1.9996
755.0000 1.9996
756.0000 1.8618
757.0000 1.5551
758.0000 1.2246
759.0000 0.9394
760.0000 0.7099
761.0000 0.5298
762.0000 0.3902
763.0000 0.2864
764.0000 0.2209
765.0000 0.1977
766.0000 0.2149
767.0000 0.2634
768.0000 0.3282
769.0000 0.3910
770.0000 0.4343
771.0000 0.4462
772.0000 0.4251
773.0000 0.3787
774.0000 0.3195
775.0000 0.2585
776.0000 0.2029
777.0000 0.1561
778.0000 0.1197
779.0000 0.0943
780.0000 0.0797
781.0000 0.0753
782.0000 0.0792
783.0000 0.0887
784.0000 0.1004
785.0000 0.1108
786.0000 0.1174
787.0000 0.1187
788.0000 0.1147
789.0000 0.1065
790.0000 0.0957
791.0000 0.0839
792.0000 0.0726
793.0000 0.0628
794.0000 0.0551
795.0000 0.0498
796.0000 0.0467
797.0000 0.0455
798.0000 0.0457
799.0000 0.0465
800.0000 0.0474
801.0000 0.0478
802.0000 0.0473
803.0000 0.0460
804.0000 0.0438
805.0000 0.0410
806.0000 0.0378
807.0000 0.0346
808.0000 0.0315
809.0000 0.0289
810.0000 0.0267
811.0000 0.0249
812.0000 0.0236
813.0000 0.0227
814.0000 0.0218
815.0000 0.0211
816.0000 0.0203
817.0000 0.0193
818.0000 0.0182
819.0000 0.0169
820.0000 0.0155
821.0000 0.0140
822.0000 0.0125
823.0000 0.0111
824.0000 0.0097
825.0000 0.0085
826.0000 0.0074
827.0000 0.0064
828.0000 0.0055
829.0000 0.0047
830.0000 0.0038
831.0000 0.0030
832.0000 0.0022
833.0000 0.0013
834.0000 0.0004
835.0000 -0.0005
836.0000 -0.0014
837.0000 -0.0023
838.0000 -0.0032
839.0000 -0.0041
840.0000 -0.0049
841.0000 -0.0057
842.0000 -0.0064
843.0000 -0.0071
844.0000 -0.0078
845.0000 -0.0085
846.0000 -0.0092
847.0000 -0.0098
848.0000 -0.0105
849.0000 -0.0112
850.0000 -0.0118
851.0000 -0.0125
852.0000 -0.0131
853.0000 -0.0137
854.0000 -0.0144
855.0000 -0.0150
856.0000 -0.0155
857.0000 -0.0161
858.0000 -0.0167
859.0000 -0.0172
860.0000 -0.0177
861.0000 -0.0183
862.0000 -0.0188
863.0000 -0.0193
864.0000 -0.0198
865.0000 -0.0203
866.0000 -0.0208
867.0000 -0.0213
868.0000 -0.0218
869.0000 -0.0223
870.0000 -0.0227
871.0000 -0.0232
872.0000 -0.0236
873.0000 -0.0241
874.0000 -0.0245
875.0000 -0.0249
876.0000 -0.0253
877.0000 -0.0257
878.0000 -0.0262
879.0000 -0.0266
880.0000 -0.0270
881.0000 -0.0273
882.0000 -0.0277
883.0000 -0.0281
884.0000 -0.0285
885.0000 -0.0289
886.0000 -0.0292
887.0000 -0.0296
888.0000 -0.0299
889.0000 -0.0303
890.0000 -0.0306
891.0000 -0.0310
892.0000 -0.0313
893.0000 -0.0316
894.0000 -0.0319
895.0000 -0.0323
896.0000 -0.0326
897.0000 -0.0329
898.0000 -0.0332
899.0000 -0.0335
900.0000 -0.0338
901.0000 -0.0341
902.0000 -0.0344
903.0000 -0.0347
904.0000 -0.0350
905.0000 -0.0353
906.0000 -0.0355
907.0000 -0.0358
908.0000 -0.0361
909.0000 -0.0364
910.0000 -0.0366
911.0000 -0.0369
912.0000 -0.0371
913.0000 -0.0374
914.0000 -0.0377
915.0000 -0.0379
916.0000 -0.0381
917.0000 -0.0384
918.0000 -0.0386
919.0000 -0.0389
920.0000 -0.0391
921.0000 -0.0393
922.0000 -0.0396
923.0000 -0.0398
924.0000 -0.0400
925.0000 -0.0402
926.0000 -0.0405
927.0000 -0.0407
928.0000 -0.0409
929.0000 -0.0411
930.0000 -0.0413
931.0000 -0.0415
932.0000 -0.0417
933.0000 -0.0419
934.0000 -0.0421
935.0000 -0.0423
936.0000 -0.0425
937.0000 -0.0427
938.0000 -0.0429
939.0000 -0.0431
940.0000 -0.0433
941.0000 -0.0435
942.0000 -0.0437
943.0000 -0.0439
944.0000 -0.0440
945.0000 -0.0442
946.0000 -0.0444
947.0000 -0.0446
948.0000 -0.0448
949.0000 -0.0449
950.0000 -0.0451
951.0000 -0.0453
952.0000 -0.0454
953.0000 -0.0456
954.0000 -0.0458
955.0000 -0.0459
956.0000 -0.0461
957.0000 -0.0463
958.0000 -0.0464
959.0000 -0.0466
960.0000 -0.0467
961.0000 -0.0469
962.0000 -0.0470
963.0000 -0.0472
964.0000 -0.0473
965.0000 -0.0475
966.0000 -0.0476
967.0000 -0.0478
968.0000 -0.0479
969.0000 -0.0481
970.0000 -0.0482
971.0000 -0.0483
972.0000 -0.0485
973.0000 -0.0486
974.0000 -0.0487
975.0000 -0.0489
976.0000 -0.0490
977.0000 -0.0491
978.0000 -0.0493
979.0000 -0.0494
980.0000 -0.0495
981.0000 -0.0497
982.0000 -0.0498
983.0000 -0.0499
984.0000 -0.0500
985.0000 -0.0502
986.0000 -0.0503
987.0000 -0.0504
988.0000 -0.0505
989.0000 -0.0506
990.0000 -0.0508
991.0000 -0.0509
992.0000 -0.0510
993.0000 -0.0511
994.0000 -0.0512
995.0000 -0.0513
996.0000 -0.0515
997.0000 -0.0516
998.0000 -0.0517
999.0000 -0.0518
1000.0000 -0.0519
1001.0000 -0.0520
1002.0000 -0.0521
1003.0000 -0.0522
1004.0000 -0.0523
1005.0000 -0.0524
1006.0000 -0.0525
1007.0000 -0.0526
1008.0000 -0.0527
1009.0000 -0.0528
1010.0000 -0.0529
1011.0000 -0.0530
1012.0000 -0.0531
1013.0000 -0.0532
1014.0000 -0.0533
1015.0000 -0.0534
1016.0000 -0.0535
1017.0000 -0.0536
1018.0000 -0.0537
1019.0000 -0.0538
1020.0000 -0.0539
1021.0000 -0.0540
1022.0000 -0.0541
1023.0000 -0.0542
1024.0000 -0.0543
1025.0000 -0.0543
1026.0000 -0.0544
1027.0000 -0.0545
1028.0000 -0.0546
1029.0000 -0.0547
1030.0000 -0.0548
1031.0000 -0.0549
1032.0000 -0.0550
1033.0000 -0.0550
1034.0000 -0.0551
1035.0000 -0.0552
1036.0000 -0.0553
1037.0000 -0.0554
1038.0000 -0.0554
1039.0000 -0.0555
1040.0000 -0.0556
1041.0000 -0.0557
1042.0000 -0.0558
1043.0000 -0.0558
1044.0000 -0.0559
1045.0000 -0.0560
1046.0000 -0.0561
1047.0000 -0.0561
1048.0000 -0.0562
1049.0000 -0.0563
1050.0000 -0.0564
1051.0000 -0.0564
1052.0000 -0.0565
1053.0000 -0.0566
1054.0000 -0.0567
1055.0000 -0.0567
1056.0000 -0.0568
1057.0000 -0.0569
1058.0000 -0.0569
1059.0000 -0.0570
1060.0000 -0.0571
1061.0000 -0.0572
1062.0000 -0.0572
1063.0000 -0.0573
1064.0000 -0.0574
1065.0000 -0.0574
1066.0000 -0.0575
1067.0000 -0.0576
1068.0000 -0.0576
1069.0000 -0.0577
1070.0000 -0.0578
1071.0000 -0.0578
1072.0000 -0.0579
1073.0000 -0.0579
1074.0000 -0.0580
1075.0000 -0.0581
1076.0000 -0.0581
1077.0000 -0.0582
1078.0000 -0.0583
1079.0000 -0.0583
1080.0000 -0.0584
1081.0000 -0.0584
1082.0000 -0.0585
1083.0000 -0.0586
1084.0000 -0.0586
1085.0000 -0.0587
1086.0000 -0.0587
1087.0000 -0.0588
1088.0000 -0.0588
1089.0000 -0.0589
1090.0000 -0.0590
1091.0000 -0.0590
1092.0000 -0.0591
1093.0000 -0.0591
1094.0000 -0.0592
1095.0000 -0.0592
1096.0000 -0.0593
1097.0000 -0.0593
1098.0000 -0.0594
1099.0000 -0.0595
1100.0000 -0.0595
1101.0000 -0.0596
1102.0000 -0.0596
1103.0000 -0.0597
1104.0000 -0.0597
1105.0000 -0.0598
1106.0000 -0.0598
1107.0000 -0.0599
1108.0000 -0.0599
1109.0000 -0.0600
1110.0000 -0.0600
1111.0000 -0.0601
1112.0000 -0.0601
1113.0000 -0.0602
1114.0000 -0.0602
1115.0000 -0.0603
1116.0000 -0.0603
1117.0000 -0.0604
1118.0000 -0.0604
1119.0000 -0.0605
1120.0000 -0.0605
1121.0000 -0.0605
1122.0000 -0.0606
1123.0000 -0.0606
1124.0000 -0.0607
1125.0000 -0.0607
1126.0000 -0.0608
1127.0000 -0.0608
1128.0000 -0.0609
1129.0000 -0.0609
1130.0000 -0.0610
1131.0000 -0.0610
1132.0000 -0.0610
1133.0000 -0.0611
1134.0000 -0.0611
1135.0000 -0.0612
1136.0000 -0.0612
1137.0000 -0.0613
1138.0000 -0.0613
1139.0000 -0.0613
1140.0000 -0.0614
1141.0000 -0.0614
1142.0000 -0.0615
1143.0000 -0.0615
1144.0000 -0.0615
1145.0000 -0.0616
1146.0000 -0.0616
1147.0000 -0.0617
1148.0000 -0.0617
1149.0000 -0.0617
1150.0000 -0.0618
1151.0000 -0.0618
1152.0000 -0.0619
1153.0000 -0.0619
1154.0000 -0.0619
1155.0000 -0.0620
1156.0000 -0.0620
1157.0000 -0.0621
1158.0000 -0.0621
1159.0000 -0.0621
1160.0000 -0.0622
1161.0000 -0.0622
1162.0000 -0.0622
1163.0000 -0.0623
1164.0000 -0.0623
1165.0000 -0.0624
1166.0000 -0.0624
1167.0000 -0.0624
1168.0000 -0.0625
1169.0000 -0.0625
1170.0000 -0.0625
1171.0000 -0.0626
1172.0000 -0.0626
1173.0000 -0.0626
1174.0000 -0.0627
1175.0000 -0.0627
1176.0000 -0.0627
1177.0000 -0.0628
1178.0000 -0.0628
1179.0000 -0.0628
1180.0000 -0.0629
1181.0000 -0.0629
1182.0000 -0.0629
1183.0000 -0.0630
1184.0000 -0.0630
1185.0000 -0.0630
1186.0000 -0.0631
1187.0000 -0.0631
1188.0000 -0.0631
1189.0000 -0.0632
1190.0000 -0.0632
1191.0000 -0.0632
1192.0000 -0.0633
1193.0000 -0.0633
1194.0000 -0.0633
1195.0000 -0.0633
1196.0000 -0.0634
1197.0000 -0.0634
1198.0000 -0.0634
1199.0000 -0.0635
1200.0000 -0.0635
