1.0000 0.0000
2.0000 0.0000
3.0000 0.0000
4.0000 0.0000
5.0000 0.0000
6.0000 0.0000
7.0000 0.0000
8.0000 0.0000
9.0000 0.0000
10.0000 0.0000
11.0000 0.0000
12.0000 0.0057
13.0000 0.0244
14.0000 0.0579
15.0000 0.1048
16.0000 0.1612
17.0000 0.2222
18.0000 0.2828
19.0000 0.3385
20.0000 0.3859
21.0000 0.4229
22.0000 0.4491
23.0000 0.4654
24.0000 0.4734
25.0000 0.4755
26.0000 0.4744
27.0000 0.4724
28.0000 0.4717
29.0000 0.4740
30.0000 0.4805
31.0000 0.4920
32.0000 0.5088
33.0000 0.5306
34.0000 0.5568
35.0000 0.5867
36.0000 0.6189
37.0000 0.6524
38.0000 0.6859
39.0000 0.7181
40.0000 0.7480
41.0000 0.7748
42.0000 0.7979
43.0000 0.8172
44.0000 0.8325
45.0000 0.8441
46.0000 0.8525
47.0000 0.8582
48.0000 0.8620
49.0000 0.8646
50.0000 0.8666
51.0000 0.8686
52.0000 0.8711
53.0000 0.8745
54.0000 0.8790
55.0000 0.8847
56.0000 0.8916
57.0000 0.8995
58.0000 0.9082
59.0000 0.9173
60.0000 0.9266
61.0000 0.9358
62.0000 0.9444
63.0000 0.9523
64.0000 0.9592
65.0000 0.9650
66.0000 0.9697
67.0000 0.9731
68.0000 0.9755
69.0000 0.9769
70.0000 0.9775
71.0000 0.9776
72.0000 0.9772
73.0000 0.9767
74.0000 0.9762
75.0000 0.9759
76.0000 0.9759
77.0000 0.9763
78.0000 0.9771
79.0000 0.9783
80.0000 0.9798
81.0000 0.9817
82.0000 0.9838
83.0000 0.9860
84.0000 0.9882
85.0000 0.9903
86.0000 0.9922
87.0000 0.9939
88.0000 0.9953
89.0000 0.9963
90.0000 0.9971
91.0000 0.9975
92.0000 0.9976
93.0000 0.9975
94.0000 0.9972
95.0000 0.9968
96.0000 0.9964
97.0000 0.9960
98.0000 0.9957
99.0000 0.9954
100.0000 0.9953
101.0000 0.9953
102.0000 0.9955
103.0000 0.9957
104.0000 0.9961
105.0000 0.9966
106.0000 0.9972
107.0000 0.9977
108.0000 0.9983
109.0000 0.9988
110.0000 0.9992
111.0000 0.9996
112.0000 0.9998
113.0000 1.0000
114.0000 1.0001
115.0000 1.0001
116.0000 1.0000
117.0000 0.9999
118.0000 0.9997
119.0000 0.9995
120.0000 0.9994
121.0000 0.9992
122.0000 0.9991
123.0000 0.9990
124.0000 0.9990
125.0000 0.9990
126.0000 0.9990
127.0000 0.9991
128.0000 0.9992
129.0000 0.9994
130.0000 0.9995
131.0000 0.9997
132.0000 0.9998
133.0000 0.9999
134.0000 1.0000
135.0000 1.0001
136.0000 1.0001
137.0000 1.0002
138.0000 1.0002
139.0000 1.0001
140.0000 1.0001
141.0000 1.0000
142.0000 1.0000
143.0000 0.9999
144.0000 0.9999
145.0000 0.9998
146.0000 0.9998
147.0000 0.9998
148.0000 0.9997
149.0000 0.9998
150.0000 0.9998
151.0000 0.9998
152.0000 0.9998
153.0000 0.9999
154.0000 0.9999
155.0000 1.0000
156.0000 1.0000
157.0000 1.0000
158.0000 1.0001
159.0000 1.0001
160.0000 1.0001
161.0000 1.0001
162.0000 1.0001
163.0000 1.0000
164.0000 1.0000
165.0000 1.0000
166.0000 1.0000
167.0000 1.0000
168.0000 1.0000
169.0000 0.9999
170.0000 0.9999
171.0000 0.9999
172.0000 0.9999
173.0000 0.9999
174.0000 0.9999
175.0000 1.0000
176.0000 1.0000
177.0000 1.0000
178.0000 1.0000
179.0000 1.0000
180.0000 1.0000
181.0000 1.0000
182.0000 1.0000
183.0000 1.0000
184.0000 1.0000
185.0000 1.0000
186.0000 1.0000
187.0000 1.0000
188.0000 1.0000
189.0000 1.0000
190.0000 1.0000
191.0000 1.0000
192.0000 1.0000
193.0000 1.0000
194.0000 1.0000
195.0000 1.0000
196.0000 1.0000
197.0000 1.0000
198.0000 1.0000
199.0000 1.0000
200.0000 1.0000
201.0000 1.0000
202.0000 1.0000
203.0000 1.0000
204.0000 1.0000
205.0000 1.0000
206.0000 1.0000
207.0000 1.0000
208.0000 1.0000
209.0000 1.0000
210.0000 1.0000
211.0000 1.0000
212.0000 1.0000
213.0000 1.0000
214.0000 1.0000
215.0000 1.0000
216.0000 1.0000
217.0000 1.0000
218.0000 1.0000
219.0000 1.0000
220.0000 1.0000
221.0000 1.0000
222.0000 1.0000
223.0000 1.0000
224.0000 1.0000
225.0000 1.0000
226.0000 1.0000
227.0000 1.0000
228.0000 1.0000
229.0000 1.0000
230.0000 1.0000
231.0000 1.0000
232.0000 1.0000
233.0000 1.0000
234.0000 1.0000
235.0000 1.0000
236.0000 1.0000
237.0000 1.0000
238.0000 1.0000
239.0000 1.0000
240.0000 1.0000
241.0000 1.0000
242.0000 1.0000
243.0000 1.0000
244.0000 1.0000
245.0000 1.0000
246.0000 1.0000
247.0000 1.0000
248.0000 1.0000
249.0000 1.0000
250.0000 1.0000
251.0000 1.0000
252.0000 1.0000
253.0000 1.0000
254.0000 1.0000
255.0000 1.0000
256.0000 1.0305
257.0000 1.1130
258.0000 1.2462
259.0000 1.4164
260.0000 1.6095
261.0000 1.8150
262.0000 2.0232
263.0000 2.2242
264.0000 2.4076
265.0000 2.5643
266.0000 2.6870
267.0000 2.7713
268.0000 2.8163
269.0000 2.8237
270.0000 2.7986
271.0000 2.7476
272.0000 2.6789
273.0000 2.6010
274.0000 2.5221
275.0000 2.4494
276.0000 2.3889
277.0000 2.3452
278.0000 2.3213
279.0000 2.3189
280.0000 2.3384
281.0000 2.3786
282.0000 2.4376
283.0000 2.5124
284.0000 2.5993
285.0000 2.6942
286.0000 2.7927
287.0000 2.8903
288.0000 2.9827
289.0000 3.0662
290.0000 3.1373
291.0000 3.1935
292.0000 3.2332
293.0000 3.2555
294.0000 3.2606
295.0000 3.2495
296.0000 3.2240
297.0000 3.1868
298.0000 3.1408
299.0000 3.0893
300.0000 3.0356
301.0000 2.9831
302.0000 2.9345
303.0000 2.8923
304.0000 2.8584
305.0000 2.8342
306.0000 2.8203
307.0000 2.8168
308.0000 2.8232
309.0000 2.8387
310.0000 2.8618
311.0000 2.8908
312.0000 2.9239
313.0000 2.9591
314.0000 2.9944
315.0000 3.0279
316.0000 3.0579
317.0000 3.0832
318.0000 3.1025
319.0000 3.1152
320.0000 3.1211
321.0000 3.1201
322.0000 3.1129
323.0000 3.1001
324.0000 3.0828
325.0000 3.0622
326.0000 3.0396
327.0000 3.0164
328.0000 2.9939
329.0000 2.9732
330.0000 2.9553
331.0000 2.9411
332.0000 2.9309
333.0000 2.9251
334.0000 2.9237
335.0000 2.9266
336.0000 2.9332
337.0000 2.9429
338.0000 2.9552
339.0000 2.9691
340.0000 2.9838
341.0000 2.9985
342.0000 3.0124
343.0000 3.0248
344.0000 3.0351
345.0000 3.0429
346.0000 3.0480
347.0000 3.0502
348.0000 3.0496
349.0000 3.0464
350.0000 3.0409
351.0000 3.0336
352.0000 3.0250
353.0000 3.0156
354.0000 3.0059
355.0000 2.9966
356.0000 2.9881
357.0000 2.9807
358.0000 2.9749
359.0000 2.9708
360.0000 2.9685
361.0000 2.9680
362.0000 2.9693
363.0000 2.9722
364.0000 2.9764
365.0000 2.9815
366.0000 2.9874
367.0000 2.9935
368.0000 2.9997
369.0000 3.0054
370.0000 3.0106
371.0000 3.0148
372.0000 3.0180
373.0000 3.0200
374.0000 3.0208
375.0000 3.0205
376.0000 3.0191
377.0000 3.0168
378.0000 3.0137
379.0000 3.0101
380.0000 3.0062
381.0000 3.0021
382.0000 2.9983
383.0000 2.9948
384.0000 2.9917
385.0000 2.9893
386.0000 2.9877
387.0000 2.9868
388.0000 2.9866
389.0000 2.9872
390.0000 2.9885
391.0000 2.9902
392.0000 2.9924
393.0000 2.9949
394.0000 2.9975
395.0000 3.0000
396.0000 3.0024
397.0000 3.0045
398.0000 3.0063
399.0000 3.0076
400.0000 3.0084
401.0000 3.0087
402.0000 3.0085
403.0000 3.0079
404.0000 3.0069
405.0000 3.0056
406.0000 3.0041
407.0000 3.0024
408.0000 3.0008
409.0000 2.9992
410.0000 2.9977
411.0000 2.9965
412.0000 2.9955
413.0000 2.9948
414.0000 2.9945
415.0000 2.9944
416.0000 2.9947
417.0000 2.9952
418.0000 2.9960
419.0000 2.9969
420.0000 2.9979
421.0000 2.9990
422.0000 3.0001
423.0000 3.0011
424.0000 3.0019
425.0000 3.0026
426.0000 3.0032
427.0000 3.0035
428.0000 3.0036
429.0000 3.0035
430.0000 3.0033
431.0000 3.0028
432.0000 3.0023
433.0000 3.0017
434.0000 3.0010
435.0000 3.0003
436.0000 2.9996
437.0000 2.9990
438.0000 2.9985
439.0000 2.9981
440.0000 2.9978
441.0000 2.9977
442.0000 2.9977
443.0000 2.9978
444.0000 2.9980
445.0000 2.9983
446.0000 2.9987
447.0000 2.9992
448.0000 2.9996
449.0000 3.0001
450.0000 3.0005
451.0000 3.0008
452.0000 3.0011
453.0000 3.0013
454.0000 3.0015
455.0000 3.0015
456.0000 3.0015
457.0000 3.0014
458.0000 3.0012
459.0000 3.0009
460.0000 3.0007
461.0000 3.0004
462.0000 3.0001
463.0000 2.9998
464.0000 2.9996
465.0000 2.9994
466.0000 2.9992
467.0000 2.9991
468.0000 2.9990
469.0000 2.9990
470.0000 2.9991
471.0000 2.9992
472.0000 2.9993
473.0000 2.9995
474.0000 2.9997
475.0000 2.9999
476.0000 3.0000
477.0000 3.0002
478.0000 3.0004
479.0000 3.0005
480.0000 3.0006
481.0000 3.0006
482.0000 3.0006
483.0000 3.0006
484.0000 3.0006
485.0000 3.0005
486.0000 3.0004
487.0000 3.0003
488.0000 3.0002
489.0000 3.0000
490.0000 2.9999
491.0000 2.9998
492.0000 2.9997
493.0000 2.9997
494.0000 2.9996
495.0000 2.9996
496.0000 2.9996
497.0000 2.9996
498.0000 2.9997
499.0000 2.9997
500.0000 2.9998
501.0000 2.9999
502.0000 2.9999
503.0000 3.0000
504.0000 3.0001
505.0000 3.0002
506.0000 2.9784
507.0000 2.9169
508.0000 2.8111
509.0000 2.6673
510.0000 2.4978
511.0000 2.3167
512.0000 2.1371
513.0000 1.9700
514.0000 1.8239
515.0000 1.7049
516.0000 1.6166
517.0000 1.5608
518.0000 1.5374
519.0000 1.5449
520.0000 1.5804
521.0000 1.6396
522.0000 1.7175
523.0000 1.8083
524.0000 1.9061
525.0000 2.0046
526.0000 2.0980
527.0000 2.1811
528.0000 2.2495
529.0000 2.2998
530.0000 2.3302
531.0000 2.3399
532.0000 2.3295
533.0000 2.3011
534.0000 2.2575
535.0000 2.2026
536.0000 2.1407
537.0000 2.0760
538.0000 2.0128
539.0000 1.9546
540.0000 1.9046
541.0000 1.8648
542.0000 1.8369
543.0000 1.8214
544.0000 1.8181
545.0000 1.8263
546.0000 1.8446
547.0000 1.8713
548.0000 1.9040
549.0000 1.9404
550.0000 1.9782
551.0000 2.0150
552.0000 2.0487
553.0000 2.0774
554.0000 2.0999
555.0000 2.1150
556.0000 2.1225
557.0000 2.1224
558.0000 2.1152
559.0000 2.1018
560.0000 2.0836
561.0000 2.0619
562.0000 2.0384
563.0000 2.0145
564.0000 1.9918
565.0000 1.9715
566.0000 1.9546
567.0000 1.9418
568.0000 1.9336
569.0000 1.9300
570.0000 1.9310
571.0000 1.9361
572.0000 1.9447
573.0000 1.9561
574.0000 1.9692
575.0000 1.9834
576.0000 1.9975
577.0000 2.0108
578.0000 2.0226
579.0000 2.0321
580.0000 2.0392
581.0000 2.0434
582.0000 2.0447
583.0000 2.0434
584.0000 2.0395
585.0000 2.0337
586.0000 2.0263
587.0000 2.0179
588.0000 2.0091
589.0000 2.0005
590.0000 1.9925
591.0000 1.9855
592.0000 1.9800
593.0000 1.9761
594.0000 1.9740
595.0000 1.9736
596.0000 1.9748
597.0000 1.9774
598.0000 1.9812
599.0000 1.9858
600.0000 1.9909
601.0000 1.9963
602.0000 2.0014
603.0000 2.0061
604.0000 2.0101
605.0000 2.0132
606.0000 2.0153
607.0000 2.0163
608.0000 2.0163
609.0000 2.0153
610.0000 2.0135
611.0000 2.0110
612.0000 2.0081
613.0000 2.0049
614.0000 2.0016
615.0000 1.9985
616.0000 1.9958
617.0000 1.9934
618.0000 1.9917
619.0000 1.9906
620.0000 1.9901
621.0000 1.9903
622.0000 1.9910
623.0000 1.9922
624.0000 1.9938
625.0000 1.9956
626.0000 1.9976
627.0000 1.9996
628.0000 2.0014
629.0000 2.0030
630.0000 2.0043
631.0000 2.0053
632.0000 2.0059
633.0000 2.0061
634.0000 2.0059
635.0000 2.0054
636.0000 2.0045
637.0000 2.0035
638.0000 2.0024
639.0000 2.0012
640.0000 2.0000
641.0000 1.9989
642.0000 1.9979
643.0000 1.9972
644.0000 1.9967
645.0000 1.9964
646.0000 1.9963
647.0000 1.9965
648.0000 1.9969
649.0000 1.9974
650.0000 1.9980
651.0000 1.9987
652.0000 1.9995
653.0000 2.0002
654.0000 2.0008
655.0000 2.0014
656.0000 2.0018
657.0000 2.0021
658.0000 2.0022
659.0000 2.0022
660.0000 2.0021
661.0000 2.0018
662.0000 2.0015
663.0000 2.0011
664.0000 2.0007
665.0000 2.0002
666.0000 1.9998
667.0000 1.9994
668.0000 1.9991
669.0000 1.9988
670.0000 1.9987
671.0000 1.9986
672.0000 1.9987
673.0000 1.9988
674.0000 1.9989
675.0000 1.9991
676.0000 1.9994
677.0000 1.9997
678.0000 1.9999
679.0000 2.0002
680.0000 2.0004
681.0000 2.0006
682.0000 2.0007
683.0000 2.0008
684.0000 2.0008
685.0000 2.0008
686.0000 2.0007
687.0000 2.0006
688.0000 2.0005
689.0000 2.0003
690.0000 2.0002
691.0000 2.0000
692.0000 1.9998
693.0000 1.9997
694.0000 1.9996
695.0000 1.9995
696.0000 1.9995
697.0000 1.9995
698.0000 1.9995
699.0000 1.9996
700.0000 1.9996
701.0000 1.9997
702.0000 1.9998
703.0000 1.9999
704.0000 2.0000
705.0000 2.0001
706.0000 2.0002
707.0000 2.0003
708.0000 2.0003
709.0000 2.0003
710.0000 2.0003
711.0000 2.0003
712.0000 2.0003
713.0000 2.0002
714.0000 2.0001
715.0000 2.0001
716.0000 2.0000
717.0000 2.0000
718.0000 1.9999
719.0000 1.9999
720.0000 1.9998
721.0000 1.9998
722.0000 1.9998
723.0000 1.9998
724.0000 1.9998
725.0000 1.9999
726.0000 1.9999
727.0000 1.9999
728.0000 2.0000
729.0000 2.0000
730.0000 2.0000
731.0000 2.0001
732.0000 2.0001
733.0000 2.0001
734.0000 2.0001
735.0000 2.0001
736.0000 2.0001
737.0000 2.0001
738.0000 2.0001
739.0000 2.0001
740.0000 2.0000
741.0000 2.0000
742.0000 2.0000
743.0000 2.0000
744.0000 2.0000
745.0000 1.9999
746.0000 1.9999
747.0000 1.9999
748.0000 1.9999
749.0000 1.9999
750.0000 1.9999
751.0000 2.0000
752.0000 2.0000
753.0000 2.0000
754.0000 2.0000
755.0000 2.0000
756.0000 1.9464
757.0000 1.7915
758.0000 1.5488
759.0000 1.2730
760.0000 1.0111
761.0000 0.7856
762.0000 0.6014
763.0000 0.4558
764.0000 0.3445
765.0000 0.2641
766.0000 0.2127
767.0000 0.1883
768.0000 0.1879
769.0000 0.2069
770.0000 0.2389
771.0000 0.2766
772.0000 0.3127
773.0000 0.3409
774.0000 0.3567
775.0000 0.3581
776.0000 0.3457
777.0000 0.3222
778.0000 0.2915
779.0000 0.2575
780.0000 0.2236
781.0000 0.1925
782.0000 0.1656
783.0000 0.1439
784.0000 0.1276
785.0000 0.1165
786.0000 0.1100
787.0000 0.1073
788.0000 0.1075
789.0000 0.1094
790.0000 0.1119
791.0000 0.1141
792.0000 0.1154
793.0000 0.1152
794.0000 0.1134
795.0000 0.1101
796.0000 0.1056
797.0000 0.1003
798.0000 0.0945
799.0000 0.0887
800.0000 0.0831
801.0000 0.0781
802.0000 0.0737
803.0000 0.0700
804.0000 0.0669
805.0000 0.0645
806.0000 0.0625
807.0000 0.0608
808.0000 0.0593
809.0000 0.0579
810.0000 0.0564
811.0000 0.0549
812.0000 0.0532
813.0000 0.0514
814.0000 0.0495
815.0000 0.0475
816.0000 0.0455
817.0000 0.0435
818.0000 0.0415
819.0000 0.0396
820.0000 0.0378
821.0000 0.0360
822.0000 0.0344
823.0000 0.0329
824.0000 0.0314
825.0000 0.0300
826.0000 0.0287
827.0000 0.0274
828.0000 0.0261
829.0000 0.0248
830.0000 0.0236
831.0000 0.0224
832.0000 0.0212
833.0000 0.0200
834.0000 0.0188
835.0000 0.0177
836.0000 0.0166
837.0000 0.0155
838.0000 0.0144
839.0000 0.0133
840.0000 0.0123
841.0000 0.0113
842.0000 0.0103
843.0000 0.0094
844.0000 0.0084
845.0000 0.0075
846.0000 0.0066
847.0000 0.0057
848.0000 0.0049
849.0000 0.0040
850.0000 0.0032
851.0000 0.0024
852.0000 0.0016
853.0000 0.0008
854.0000 0.0000
855.0000 -0.0007
856.0000 -0.0015
857.0000 -0.0022
858.0000 -0.0029
859.0000 -0.0036
860.0000 -0.0043
861.0000 -0.0050
862.0000 -0.0057
863.0000 -0.0063
864.0000 -0.0070
865.0000 -0.0076
866.0000 -0.0082
867.0000 -0.0088
868.0000 -0.0094
869.0000 -0.0100
870.0000 -0.0106
871.0000 -0.0112
872.0000 -0.0118
873.0000 -0.0123
874.0000 -0.0129
875.0000 -0.0134
876.0000 -0.0139
877.0000 -0.0144
878.0000 -0.0150
879.0000 -0.0155
880.0000 -0.0160
881.0000 -0.0165
882.0000 -0.0169
883.0000 -0.0174
884.0000 -0.0179
885.0000 -0.0183
886.0000 -0.0188
887.0000 -0.0193
888.0000 -0.0197
889.0000 -0.0201
890.0000 -0.0206
891.0000 -0.0210
892.0000 -0.0214
893.0000 -0.0218
894.0000 -0.0222
895.0000 -0.0226
896.0000 -0.0230
897.0000 -0.0234
898.0000 -0.0238
899.0000 -0.0242
900.0000 -0.0246
901.0000 -0.0249
902.0000 -0.0253
903.0000 -0.0256
904.0000 -0.0260
905.0000 -0.0264
906.0000 -0.0267
907.0000 -0.0270
908.0000 -0.0274
909.0000 -0.0277
910.0000 -0.0280
911.0000 -0.0284
912.0000 -0.0287
913.0000 -0.0290
914.0000 -0.0293
915.0000 -0.0296
916.0000 -0.0299
917.0000 -0.0302
918.0000 -0.0305
919.0000 -0.0308
920.0000 -0.0311
921.0000 -0.0314
922.0000 -0.0317
923.0000 -0.0320
924.0000 -0.0323
925.0000 -0.0325
926.0000 -0.0328
927.0000 -0.0331
928.0000 -0.0333
929.0000 -0.0336
930.0000 -0.0339
931.0000 -0.0341
932.0000 -0.0344
933.0000 -0.0346
934.0000 -0.0349
935.0000 -0.0351
936.0000 -0.0354
937.0000 -0.0356
938.0000 -0.0358
939.0000 -0.0361
940.0000 -0.0363
941.0000 -0.0365
942.0000 -0.0368
943.0000 -0.0370
944.0000 -0.0372
945.0000 -0.0374
946.0000 -0.0377
947.0000 -0.0379
948.0000 -0.0381
949.0000 -0.0383
950.0000 -0.0385
951.0000 -0.0387
952.0000 -0.0389
953.0000 -0.0391
954.0000 -0.0393
955.0000 -0.0395
956.0000 -0.0397
957.0000 -0.0399
958.0000 -0.0401
959.0000 -0.0403
960.0000 -0.0405
961.0000 -0.0407
962.0000 -0.0409
963.0000 -0.0411
964.0000 -0.0413
965.0000 -0.0414
966.0000 -0.0416
967.0000 -0.0418
968.0000 -0.0420
969.0000 -0.0421
970.0000 -0.0423
971.0000 -0.0425
972.0000 -0.0427
973.0000 -0.0428
974.0000 -0.0430
975.0000 -0.0432
976.0000 -0.0433
977.0000 -0.0435
978.0000 -0.0436
979.0000 -0.0438
980.0000 -0.0440
981.0000 -0.0441
982.0000 -0.0443
983.0000 -0.0444
984.0000 -0.0446
985.0000 -0.0447
986.0000 -0.0449
987.0000 -0.0450
988.0000 -0.0452
989.0000 -0.0453
990.0000 -0.0455
991.0000 -0.0456
992.0000 -0.0458
993.0000 -0.0459
994.0000 -0.0460
995.0000 -0.0462
996.0000 -0.0463
997.0000 -0.0464
998.0000 -0.0466
999.0000 -0.0467
1000.0000 -0.0468
1001.0000 -0.0470
1002.0000 -0.0471
1003.0000 -0.0472
1004.0000 -0.0474
1005.0000 -0.0475
1006.0000 -0.0476
1007.0000 -0.0478
1008.0000 -0.0479
1009.0000 -0.0480
1010.0000 -0.0481
1011.0000 -0.0482
1012.0000 -0.0484
1013.0000 -0.0485
1014.0000 -0.0486
1015.0000 -0.0487
1016.0000 -0.0488
1017.0000 -0.0490
1018.0000 -0.0491
1019.0000 -0.0492
1020.0000 -0.0493
1021.0000 -0.0494
1022.0000 -0.0495
1023.0000 -0.0496
1024.0000 -0.0497
1025.0000 -0.0499
1026.0000 -0.0500
1027.0000 -0.0501
1028.0000 -0.0502
1029.0000 -0.0503
1030.0000 -0.0504
1031.0000 -0.0505
1032.0000 -0.0506
1033.0000 -0.0507
1034.0000 -0.0508
1035.0000 -0.0509
1036.0000 -0.0510
1037.0000 -0.0511
1038.0000 -0.0512
1039.0000 -0.0513
1040.0000 -0.0514
1041.0000 -0.0515
1042.0000 -0.0516
1043.0000 -0.0517
1044.0000 -0.0518
1045.0000 -0.0519
1046.0000 -0.0520
1047.0000 -0.0521
1048.0000 -0.0521
1049.0000 -0.0522
1050.0000 -0.0523
1051.0000 -0.0524
1052.0000 -0.0525
1053.0000 -0.0526
1054.0000 -0.0527
1055.0000 -0.0528
1056.0000 -0.0529
1057.0000 -0.0530
1058.0000 -0.0530
1059.0000 -0.0531
1060.0000 -0.0532
1061.0000 -0.0533
1062.0000 -0.0534
1063.0000 -0.0535
1064.0000 -0.0535
1065.0000 -0.0536
1066.0000 -0.0537
1067.0000 -0.0538
1068.0000 -0.0539
1069.0000 -0.0539
1070.0000 -0.0540
1071.0000 -0.0541
1072.0000 -0.0542
1073.0000 -0.0543
1074.0000 -0.0543
1075.0000 -0.0544
1076.0000 -0.0545
1077.0000 -0.0546
1078.0000 -0.0546
1079.0000 -0.0547
1080.0000 -0.0548
1081.0000 -0.0549
1082.0000 -0.0549
1083.0000 -0.0550
1084.0000 -0.0551
1085.0000 -0.0552
1086.0000 -0.0552
1087.0000 -0.0553
1088.0000 -0.0554
1089.0000 -0.0554
1090.0000 -0.0555
1091.0000 -0.0556
1092.0000 -0.0556
1093.0000 -0.0557
1094.0000 -0.0558
1095.0000 -0.0558
1096.0000 -0.0559
1097.0000 -0.0560
1098.0000 -0.0560
1099.0000 -0.0561
1100.0000 -0.0562
1101.0000 -0.0562
1102.0000 -0.0563
1103.0000 -0.0564
1104.0000 -0.0564
1105.0000 -0.0565
1106.0000 -0.0566
1107.0000 -0.0566
1108.0000 -0.0567
1109.0000 -0.0567
1110.0000 -0.0568
1111.0000 -0.0569
1112.0000 -0.0569
1113.0000 -0.0570
1114.0000 -0.0571
1115.0000 -0.0571
1116.0000 -0.0572
1117.0000 -0.0572
1118.0000 -0.0573
1119.0000 -0.0573
1120.0000 -0.0574
1121.0000 -0.0575
1122.0000 -0.0575
1123.0000 -0.0576
1124.0000 -0.0576
1125.0000 -0.0577
1126.0000 -0.0577
1127.0000 -0.0578
1128.0000 -0.0579
1129.0000 -0.0579
1130.0000 -0.0580
1131.0000 -0.0580
1132.0000 -0.0581
1133.0000 -0.0581
1134.0000 -0.0582
1135.0000 -0.0582
1136.0000 -0.0583
1137.0000 -0.0583
1138.0000 -0.0584
1139.0000 -0.0584
1140.0000 -0.0585
1141.0000 -0.0585
1142.0000 -0.0586
1143.0000 -0.0586
1144.0000 -0.0587
1145.0000 -0.0587
1146.0000 -0.0588
1147.0000 -0.0588
1148.0000 -0.0589
1149.0000 -0.0589
1150.0000 -0.0590
1151.0000 -0.0590
1152.0000 -0.0591
1153.0000 -0.0591
1154.0000 -0.0592
1155.0000 -0.0592
1156.0000 -0.0593
1157.0000 -0.0593
1158.0000 -0.0594
1159.0000 -0.0594
1160.0000 -0.0595
1161.0000 -0.0595
1162.0000 -0.0596
1163.0000 -0.0596
1164.0000 -0.0597
1165.0000 -0.0597
1166.0000 -0.0597
1167.0000 -0.0598
1168.0000 -0.0598
1169.0000 -0.0599
1170.0000 -0.0599
1171.0000 -0.0600
1172.0000 -0.0600
1173.0000 -0.0600
1174.0000 -0.0601
1175.0000 -0.0601
1176.0000 -0.0602
1177.0000 -0.0602
1178.0000 -0.0603
1179.0000 -0.0603
1180.0000 -0.0603
1181.0000 -0.0604
1182.0000 -0.0604
1183.0000 -0.0605
1184.0000 -0.0605
1185.0000 -0.0605
1186.0000 -0.0606
1187.0000 -0.0606
1188.0000 -0.0607
1189.0000 -0.0607
1190.0000 -0.0607
1191.0000 -0.0608
1192.0000 -0.0608
1193.0000 -0.0609
1194.0000 -0.0609
1195.0000 -0.0609
1196.0000 -0.0610
1197.0000 -0.0610
1198.0000 -0.0611
1199.0000 -0.0611
1200.0000 -0.0611
