1.0000 0.0000
2.0000 0.0000
3.0000 0.0000
4.0000 0.0000
5.0000 0.0000
6.0000 0.0000
7.0000 0.0000
8.0000 0.0000
9.0000 0.0000
10.0000 0.0000
11.0000 0.0000
12.0000 0.0535
13.0000 0.1408
14.0000 0.2194
15.0000 0.2924
16.0000 0.3619
17.0000 0.4298
18.0000 0.4898
19.0000 0.5356
20.0000 0.5694
21.0000 0.5942
22.0000 0.6121
23.0000 0.6242
24.0000 0.6322
25.0000 0.6387
26.0000 0.6459
27.0000 0.6550
28.0000 0.6668
29.0000 0.6815
30.0000 0.6992
31.0000 0.7195
32.0000 0.7418
33.0000 0.7651
34.0000 0.7886
35.0000 0.8115
36.0000 0.8328
37.0000 0.8521
38.0000 0.8689
39.0000 0.8829
40.0000 0.8943
41.0000 0.9032
42.0000 0.9098
43.0000 0.9148
44.0000 0.9184
45.0000 0.9212
46.0000 0.9238
47.0000 0.9263
48.0000 0.9291
49.0000 0.9324
50.0000 0.9363
51.0000 0.9407
52.0000 0.9456
53.0000 0.9507
54.0000 0.9559
55.0000 0.9611
56.0000 0.9659
57.0000 0.9704
58.0000 0.9743
59.0000 0.9775
60.0000 0.9802
61.0000 0.9822
62.0000 0.9836
63.0000 0.9846
64.0000 0.9853
65.0000 0.9857
66.0000 0.9860
67.0000 0.9863
68.0000 0.9866
69.0000 0.9870
70.0000 0.9876
71.0000 0.9883
72.0000 0.9892
73.0000 0.9902
74.0000 0.9913
75.0000 0.9923
76.0000 0.9934
77.0000 0.9944
78.0000 0.9952
79.0000 0.9960
80.0000 0.9965
81.0000 0.9970
82.0000 0.9973
83.0000 0.9975
84.0000 0.9976
85.0000 0.9976
86.0000 0.9976
87.0000 0.9976
88.0000 0.9976
89.0000 0.9976
90.0000 0.9976
91.0000 0.9977
92.0000 0.9979
93.0000 0.9980
94.0000 0.9983
95.0000 0.9985
96.0000 0.9987
97.0000 0.9989
98.0000 0.9991
99.0000 0.9993
100.0000 0.9994
101.0000 0.9995
102.0000 0.9996
103.0000 0.9996
104.0000 0.9996
105.0000 0.9996
106.0000 0.9996
107.0000 0.9996
108.0000 0.9996
109.0000 0.9996
110.0000 0.9996
111.0000 0.9996
112.0000 0.9996
113.0000 0.9996
114.0000 0.9996
115.0000 0.9997
116.0000 0.9997
117.0000 0.9998
118.0000 0.9998
119.0000 0.9999
120.0000 0.9999
121.0000 0.9999
122.0000 0.9999
123.0000 0.9999
124.0000 1.0000
125.0000 0.9999
126.0000 0.9999
127.0000 0.9999
128.0000 0.9999
129.0000 0.9999
130.0000 0.9999
131.0000 0.9999
132.0000 0.9999
133.0000 0.9999
134.0000 0.9999
135.0000 0.9999
136.0000 0.9999
137.0000 1.0000
138.0000 1.0000
139.0000 1.0000
140.0000 1.0000
141.0000 1.0000
142.0000 1.0000
143.0000 1.0000
144.0000 1.0000
145.0000 1.0000
146.0000 1.0000
147.0000 1.0000
148.0000 1.0000
149.0000 1.0000
150.0000 1.0000
151.0000 1.0000
152.0000 1.0000
153.0000 1.0000
154.0000 1.0000
155.0000 1.0000
156.0000 1.0000
157.0000 1.0000
158.0000 1.0000
159.0000 1.0000
160.0000 1.0000
161.0000 1.0000
162.0000 1.0000
163.0000 1.0000
164.0000 1.0000
165.0000 1.0000
166.0000 1.0000
167.0000 1.0000
168.0000 1.0000
169.0000 1.0000
170.0000 1.0000
171.0000 1.0000
172.0000 1.0000
173.0000 1.0000
174.0000 1.0000
175.0000 1.0000
176.0000 1.0000
177.0000 1.0000
178.0000 1.0000
179.0000 1.0000
180.0000 1.0000
181.0000 1.0000
182.0000 1.0000
183.0000 1.0000
184.0000 1.0000
185.0000 1.0000
186.0000 1.0000
187.0000 1.0000
188.0000 1.0000
189.0000 1.0000
190.0000 1.0000
191.0000 1.0000
192.0000 1.0000
193.0000 1.0000
194.0000 1.0000
195.0000 1.0000
196.0000 1.0000
197.0000 1.0000
198.0000 1.0000
199.0000 1.0000
200.0000 1.0000
201.0000 1.0000
202.0000 1.0000
203.0000 1.0000
204.0000 1.0000
205.0000 1.0000
206.0000 1.0000
207.0000 1.0000
208.0000 1.0000
209.0000 1.0000
210.0000 1.0000
211.0000 1.0000
212.0000 1.0000
213.0000 1.0000
214.0000 1.0000
215.0000 1.0000
216.0000 1.0000
217.0000 1.0000
218.0000 1.0000
219.0000 1.0000
220.0000 1.0000
221.0000 1.0000
222.0000 1.0000
223.0000 1.0000
224.0000 1.0000
225.0000 1.0000
226.0000 1.0000
227.0000 1.0000
228.0000 1.0000
229.0000 1.0000
230.0000 1.0000
231.0000 1.0000
232.0000 1.0000
233.0000 1.0000
234.0000 1.0000
235.0000 1.0000
236.0000 1.0000
237.0000 1.0000
238.0000 1.0000
239.0000 1.0000
240.0000 1.0000
241.0000 1.0000
242.0000 1.0000
243.0000 1.0000
244.0000 1.0000
245.0000 1.0000
246.0000 1.0000
247.0000 1.0000
248.0000 1.0000
249.0000 1.0000
250.0000 1.0000
251.0000 1.0000
252.0000 1.0000
253.0000 1.0000
254.0000 1.0000
255.0000 1.0000
256.0000 1.0000
257.0000 1.0524
258.0000 1.1679
259.0000 1.3269
260.0000 1.5141
261.0000 1.7173
262.0000 1.9276
263.0000 2.1380
264.0000 2.3435
265.0000 2.5405
266.0000 2.7265
267.0000 2.9000
268.0000 3.0603
269.0000 3.2070
270.0000 3.3402
271.0000 3.4604
272.0000 3.5637
273.0000 3.6455
274.0000 3.7023
275.0000 3.7324
276.0000 3.7350
277.0000 3.7103
278.0000 3.6603
279.0000 3.5888
280.0000 3.5012
281.0000 3.4040
282.0000 3.3037
283.0000 3.2068
284.0000 3.1191
285.0000 3.0451
286.0000 2.9880
287.0000 2.9497
288.0000 2.9304
289.0000 2.9290
290.0000 2.9434
291.0000 2.9707
292.0000 3.0071
293.0000 3.0487
294.0000 3.0915
295.0000 3.1316
296.0000 3.1657
297.0000 3.1909
298.0000 3.2054
299.0000 3.2082
300.0000 3.1991
301.0000 3.1793
302.0000 3.1503
303.0000 3.1147
304.0000 3.0752
305.0000 3.0349
306.0000 2.9965
307.0000 2.9627
308.0000 2.9354
309.0000 2.9161
310.0000 2.9055
311.0000 2.9037
312.0000 2.9100
313.0000 2.9234
314.0000 2.9424
315.0000 2.9651
316.0000 2.9896
317.0000 3.0139
318.0000 3.0363
319.0000 3.0551
320.0000 3.0691
321.0000 3.0775
322.0000 3.0800
323.0000 3.0768
324.0000 3.0683
325.0000 3.0555
326.0000 3.0396
327.0000 3.0220
328.0000 3.0040
329.0000 2.9871
330.0000 2.9723
331.0000 2.9606
332.0000 2.9528
333.0000 2.9490
334.0000 2.9493
335.0000 2.9534
336.0000 2.9608
337.0000 2.9706
338.0000 2.9821
339.0000 2.9942
340.0000 3.0061
341.0000 3.0168
342.0000 3.0256
343.0000 3.0321
344.0000 3.0358
345.0000 3.0367
346.0000 3.0349
347.0000 3.0306
348.0000 3.0243
349.0000 3.0167
350.0000 3.0083
351.0000 2.9999
352.0000 2.9920
353.0000 2.9852
354.0000 2.9800
355.0000 2.9766
356.0000 2.9752
357.0000 2.9756
358.0000 2.9779
359.0000 2.9817
360.0000 2.9865
361.0000 2.9921
362.0000 2.9979
363.0000 3.0036
364.0000 3.0086
365.0000 3.0126
366.0000 3.0155
367.0000 3.0171
368.0000 3.0173
369.0000 3.0163
370.0000 3.0141
371.0000 3.0110
372.0000 3.0072
373.0000 3.0032
374.0000 2.9993
375.0000 2.9956
376.0000 2.9925
377.0000 2.9901
378.0000 2.9886
379.0000 2.9881
380.0000 2.9885
381.0000 2.9897
382.0000 2.9916
383.0000 2.9940
384.0000 2.9967
385.0000 2.9994
386.0000 3.0021
387.0000 3.0044
388.0000 3.0063
389.0000 3.0076
390.0000 3.0082
391.0000 3.0082
392.0000 3.0076
393.0000 3.0065
394.0000 3.0049
395.0000 3.0031
396.0000 3.0012
397.0000 2.9993
398.0000 2.9976
399.0000 2.9962
400.0000 2.9951
401.0000 2.9945
402.0000 2.9943
403.0000 2.9946
404.0000 2.9952
405.0000 2.9961
406.0000 2.9973
407.0000 2.9986
408.0000 2.9999
409.0000 3.0012
410.0000 3.0023
411.0000 3.0031
412.0000 3.0037
413.0000 3.0039
414.0000 3.0039
415.0000 3.0035
416.0000 3.0030
417.0000 3.0022
418.0000 3.0013
419.0000 3.0004
420.0000 2.9995
421.0000 2.9987
422.0000 2.9981
423.0000 2.9976
424.0000 2.9973
425.0000 2.9973
426.0000 2.9974
427.0000 2.9978
428.0000 2.9982
429.0000 2.9988
430.0000 2.9994
431.0000 3.0001
432.0000 3.0006
433.0000 3.0011
434.0000 3.0015
435.0000 3.0018
436.0000 3.0019
437.0000 3.0018
438.0000 3.0017
439.0000 3.0014
440.0000 3.0010
441.0000 3.0006
442.0000 3.0001
443.0000 2.9997
444.0000 2.9993
445.0000 2.9990
446.0000 2.9988
447.0000 2.9987
448.0000 2.9987
449.0000 2.9988
450.0000 2.9990
451.0000 2.9992
452.0000 2.9995
453.0000 2.9998
454.0000 3.0001
455.0000 3.0004
456.0000 3.0006
457.0000 3.0008
458.0000 3.0009
459.0000 3.0009
460.0000 3.0009
461.0000 3.0008
462.0000 3.0006
463.0000 3.0004
464.0000 3.0002
465.0000 3.0000
466.0000 2.9998
467.0000 2.9997
468.0000 2.9995
469.0000 2.9994
470.0000 2.9994
471.0000 2.9994
472.0000 2.9994
473.0000 2.9995
474.0000 2.9996
475.0000 2.9998
476.0000 2.9999
477.0000 3.0001
478.0000 3.0002
479.0000 3.0003
480.0000 3.0004
481.0000 3.0004
482.0000 3.0004
483.0000 3.0004
484.0000 3.0004
485.0000 3.0003
486.0000 3.0002
487.0000 3.0001
488.0000 3.0000
489.0000 2.9999
490.0000 2.9998
491.0000 2.9998
492.0000 2.9997
493.0000 2.9997
494.0000 2.9997
495.0000 2.9997
496.0000 2.9998
497.0000 2.9998
498.0000 2.9999
499.0000 3.0000
500.0000 3.0000
501.0000 3.0001
502.0000 3.0001
503.0000 3.0002
504.0000 3.0002
505.0000 3.0002
506.0000 3.0002
507.0000 2.5065
508.0000 2.0797
509.0000 1.7519
510.0000 1.5000
511.0000 1.3052
512.0000 1.1526
513.0000 1.0831
514.0000 1.1068
515.0000 1.1998
516.0000 1.3416
517.0000 1.5158
518.0000 1.7095
519.0000 1.9130
520.0000 2.1187
521.0000 2.3131
522.0000 2.4820
523.0000 2.6149
524.0000 2.7044
525.0000 2.7458
526.0000 2.7370
527.0000 2.6800
528.0000 2.5822
529.0000 2.4550
530.0000 2.3118
531.0000 2.1662
532.0000 2.0306
533.0000 1.9148
534.0000 1.8255
535.0000 1.7667
536.0000 1.7393
537.0000 1.7418
538.0000 1.7708
539.0000 1.8214
540.0000 1.8876
541.0000 1.9628
542.0000 2.0403
543.0000 2.1139
544.0000 2.1778
545.0000 2.2274
546.0000 2.2593
547.0000 2.2719
548.0000 2.2650
549.0000 2.2404
550.0000 2.2012
551.0000 2.1514
552.0000 2.0960
553.0000 2.0398
554.0000 1.9873
555.0000 1.9424
556.0000 1.9078
557.0000 1.8851
558.0000 1.8750
559.0000 1.8770
560.0000 1.8897
561.0000 1.9111
562.0000 1.9389
563.0000 1.9702
564.0000 2.0022
565.0000 2.0324
566.0000 2.0584
567.0000 2.0784
568.0000 2.0913
569.0000 2.0966
570.0000 2.0942
571.0000 2.0850
572.0000 2.0702
573.0000 2.0515
574.0000 2.0305
575.0000 2.0093
576.0000 1.9894
577.0000 1.9724
578.0000 1.9592
579.0000 1.9507
580.0000 1.9471
581.0000 1.9482
582.0000 1.9535
583.0000 1.9622
584.0000 1.9734
585.0000 1.9859
586.0000 1.9986
587.0000 2.0106
588.0000 2.0209
589.0000 2.0288
590.0000 2.0339
591.0000 2.0359
592.0000 2.0351
593.0000 2.0315
594.0000 2.0259
595.0000 2.0187
596.0000 2.0106
597.0000 2.0025
598.0000 1.9949
599.0000 1.9883
600.0000 1.9833
601.0000 1.9801
602.0000 1.9787
603.0000 1.9792
604.0000 1.9814
605.0000 1.9848
606.0000 1.9892
607.0000 1.9942
608.0000 1.9992
609.0000 2.0039
610.0000 2.0079
611.0000 2.0109
612.0000 2.0129
613.0000 2.0137
614.0000 2.0134
615.0000 2.0120
616.0000 2.0098
617.0000 2.0070
618.0000 2.0039
619.0000 2.0007
620.0000 1.9978
621.0000 1.9953
622.0000 1.9934
623.0000 1.9921
624.0000 1.9916
625.0000 1.9918
626.0000 1.9927
627.0000 1.9941
628.0000 1.9958
629.0000 1.9977
630.0000 1.9997
631.0000 2.0015
632.0000 2.0030
633.0000 2.0042
634.0000 2.0050
635.0000 2.0053
636.0000 2.0052
637.0000 2.0046
638.0000 2.0038
639.0000 2.0027
640.0000 2.0015
641.0000 2.0002
642.0000 1.9991
643.0000 1.9981
644.0000 1.9974
645.0000 1.9969
646.0000 1.9967
647.0000 1.9968
648.0000 1.9972
649.0000 1.9977
650.0000 1.9984
651.0000 1.9991
652.0000 1.9999
653.0000 2.0006
654.0000 2.0012
655.0000 2.0016
656.0000 2.0019
657.0000 2.0021
658.0000 2.0020
659.0000 2.0018
660.0000 2.0014
661.0000 2.0010
662.0000 2.0006
663.0000 2.0001
664.0000 1.9996
665.0000 1.9993
666.0000 1.9990
667.0000 1.9988
668.0000 1.9987
669.0000 1.9988
670.0000 1.9989
671.0000 1.9991
672.0000 1.9994
673.0000 1.9997
674.0000 2.0000
675.0000 2.0002
676.0000 2.0005
677.0000 2.0006
678.0000 2.0008
679.0000 2.0008
680.0000 2.0008
681.0000 2.0007
682.0000 2.0006
683.0000 2.0004
684.0000 2.0002
685.0000 2.0000
686.0000 1.9999
687.0000 1.9997
688.0000 1.9996
689.0000 1.9995
690.0000 1.9995
691.0000 1.9995
692.0000 1.9996
693.0000 1.9997
694.0000 1.9998
695.0000 1.9999
696.0000 2.0000
697.0000 2.0001
698.0000 2.0002
699.0000 2.0003
700.0000 2.0003
701.0000 2.0003
702.0000 2.0003
703.0000 2.0003
704.0000 2.0002
705.0000 2.0002
706.0000 2.0001
707.0000 2.0000
708.0000 1.9999
709.0000 1.9999
710.0000 1.9998
711.0000 1.9998
712.0000 1.9998
713.0000 1.9998
714.0000 1.9998
715.0000 1.9999
716.0000 1.9999
717.0000 2.0000
718.0000 2.0000
719.0000 2.0000
720.0000 2.0001
721.0000 2.0001
722.0000 2.0001
723.0000 2.0001
724.0000 2.0001
725.0000 2.0001
726.0000 2.0001
727.0000 2.0001
728.0000 2.0000
729.0000 2.0000
730.0000 2.0000
731.0000 2.0000
732.0000 1.9999
733.0000 1.9999
734.0000 1.9999
735.0000 1.9999
736.0000 1.9999
737.0000 1.9999
738.0000 2.0000
739.0000 2.0000
740.0000 2.0000
741.0000 2.0000
742.0000 2.0000
743.0000 2.0000
744.0000 2.0000
745.0000 2.0000
746.0000 2.0000
747.0000 2.0000
748.0000 2.0000
749.0000 2.0000
750.0000 2.0000
751.0000 2.0000
752.0000 2.0000
753.0000 2.0000
754.0000 2.0000
755.0000 2.0000
756.0000 2.0000
757.0000 1.6020
758.0000 1.2327
759.0000 0.9436
760.0000 0.7179
761.0000 0.5415
762.0000 0.4036
763.0000 0.2982
764.0000 0.2363
765.0000 0.2045
766.0000 0.1905
767.0000 0.1864
768.0000 0.1871
769.0000 0.1894
770.0000 0.1896
771.0000 0.1856
772.0000 0.1774
773.0000 0.1660
774.0000 0.1529
775.0000 0.1391
776.0000 0.1258
777.0000 0.1136
778.0000 0.1031
779.0000 0.0944
780.0000 0.0873
781.0000 0.0816
782.0000 0.0770
783.0000 0.0732
784.0000 0.0698
785.0000 0.0668
786.0000 0.0639
787.0000 0.0610
788.0000 0.0581
789.0000 0.0553
790.0000 0.0525
791.0000 0.0497
792.0000 0.0470
793.0000 0.0444
794.0000 0.0420
795.0000 0.0396
796.0000 0.0373
797.0000 0.0352
798.0000 0.0331
799.0000 0.0311
800.0000 0.0292
801.0000 0.0273
802.0000 0.0256
803.0000 0.0238
804.0000 0.0222
805.0000 0.0205
806.0000 0.0189
807.0000 0.0174
808.0000 0.0159
809.0000 0.0145
810.0000 0.0131
811.0000 0.0117
812.0000 0.0104
813.0000 0.0091
814.0000 0.0078
815.0000 0.0066
816.0000 0.0054
817.0000 0.0043
818.0000 0.0031
819.0000 0.0020
820.0000 0.0010
821.0000 -0.0001
822.0000 -0.0011
823.0000 -0.0021
824.0000 -0.0031
825.0000 -0.0040
826.0000 -0.0050
827.0000 -0.0059
828.0000 -0.0068
829.0000 -0.0076
830.0000 -0.0085
831.0000 -0.0093
832.0000 -0.0101
833.0000 -0.0109
834.0000 -0.0117
835.0000 -0.0124
836.0000 -0.0132
837.0000 -0.0139
838.0000 -0.0146
839.0000 -0.0153
840.0000 -0.0160
841.0000 -0.0166
842.0000 -0.0173
843.0000 -0.0179
844.0000 -0.0186
845.0000 -0.0192
846.0000 -0.0198
847.0000 -0.0204
848.0000 -0.0210
849.0000 -0.0215
850.0000 -0.0221
851.0000 -0.0226
852.0000 -0.0232
853.0000 -0.0237
854.0000 -0.0242
855.0000 -0.0247
856.0000 -0.0252
857.0000 -0.0257
858.0000 -0.0262
859.0000 -0.0267
860.0000 -0.0272
861.0000 -0.0276
862.0000 -0.0281
863.0000 -0.0285
864.0000 -0.0289
865.0000 -0.0294
866.0000 -0.0298
867.0000 -0.0302
868.0000 -0.0306
869.0000 -0.0310
870.0000 -0.0314
871.0000 -0.0318
872.0000 -0.0322
873.0000 -0.0326
874.0000 -0.0329
875.0000 -0.0333
876.0000 -0.0337
877.0000 -0.0340
878.0000 -0.0344
879.0000 -0.0347
880.0000 -0.0351
881.0000 -0.0354
882.0000 -0.0357
883.0000 -0.0360
884.0000 -0.0364
885.0000 -0.0367
886.0000 -0.0370
887.0000 -0.0373
888.0000 -0.0376
889.0000 -0.0379
890.0000 -0.0382
891.0000 -0.0385
892.0000 -0.0388
893.0000 -0.0390
894.0000 -0.0393
895.0000 -0.0396
896.0000 -0.0399
897.0000 -0.0401
898.0000 -0.0404
899.0000 -0.0407
900.0000 -0.0409
901.0000 -0.0412
902.0000 -0.0414
903.0000 -0.0417
904.0000 -0.0419
905.0000 -0.0421
906.0000 -0.0424
907.0000 -0.0426
908.0000 -0.0429
909.0000 -0.0431
910.0000 -0.0433
911.0000 -0.0435
912.0000 -0.0437
913.0000 -0.0440
914.0000 -0.0442
915.0000 -0.0444
916.0000 -0.0446
917.0000 -0.0448
918.0000 -0.0450
919.0000 -0.0452
920.0000 -0.0454
921.0000 -0.0456
922.0000 -0.0458
923.0000 -0.0460
924.0000 -0.0462
925.0000 -0.0464
926.0000 -0.0466
927.0000 -0.0468
928.0000 -0.0469
929.0000 -0.0471
930.0000 -0.0473
931.0000 -0.0475
932.0000 -0.0476
933.0000 -0.0478
934.0000 -0.0480
935.0000 -0.0482
936.0000 -0.0483
937.0000 -0.0485
938.0000 -0.0487
939.0000 -0.0488
940.0000 -0.0490
941.0000 -0.0491
942.0000 -0.0493
943.0000 -0.0494
944.0000 -0.0496
945.0000 -0.0497
946.0000 -0.0499
947.0000 -0.0500
948.0000 -0.0502
949.0000 -0.0503
950.0000 -0.0505
951.0000 -0.0506
952.0000 -0.0508
953.0000 -0.0509
954.0000 -0.0510
955.0000 -0.0512
956.0000 -0.0513
957.0000 -0.0515
958.0000 -0.0516
959.0000 -0.0517
960.0000 -0.0518
961.0000 -0.0520
962.0000 -0.0521
963.0000 -0.0522
964.0000 -0.0524
965.0000 -0.0525
966.0000 -0.0526
967.0000 -0.0527
968.0000 -0.0528
969.0000 -0.0530
970.0000 -0.0531
971.0000 -0.0532
972.0000 -0.0533
973.0000 -0.0534
974.0000 -0.0535
975.0000 -0.0537
976.0000 -0.0538
977.0000 -0.0539
978.0000 -0.0540
979.0000 -0.0541
980.0000 -0.0542
981.0000 -0.0543
982.0000 -0.0544
983.0000 -0.0545
984.0000 -0.0546
985.0000 -0.0547
986.0000 -0.0548
987.0000 -0.0549
988.0000 -0.0550
989.0000 -0.0551
990.0000 -0.0552
991.0000 -0.0553
992.0000 -0.0554
993.0000 -0.0555
994.0000 -0.0556
995.0000 -0.0557
996.0000 -0.0558
997.0000 -0.0559
998.0000 -0.0560
999.0000 -0.0561
1000.0000 -0.0562
1001.0000 -0.0563
1002.0000 -0.0563
1003.0000 -0.0564
1004.0000 -0.0565
1005.0000 -0.0566
1006.0000 -0.0567
1007.0000 -0.0568
1008.0000 -0.0569
1009.0000 -0.0570
1010.0000 -0.0570
1011.0000 -0.0571
1012.0000 -0.0572
1013.0000 -0.0573
1014.0000 -0.0574
1015.0000 -0.0574
1016.0000 -0.0575
1017.0000 -0.0576
1018.0000 -0.0577
1019.0000 -0.0578
1020.0000 -0.0578
1021.0000 -0.0579
1022.0000 -0.0580
1023.0000 -0.0581
1024.0000 -0.0581
1025.0000 -0.0582
1026.0000 -0.0583
1027.0000 -0.0583
1028.0000 -0.0584
1029.0000 -0.0585
1030.0000 -0.0586
1031.0000 -0.0586
1032.0000 -0.0587
1033.0000 -0.0588
1034.0000 -0.0588
1035.0000 -0.0589
1036.0000 -0.0590
1037.0000 -0.0590
1038.0000 -0.0591
1039.0000 -0.0592
1040.0000 -0.0592
1041.0000 -0.0593
1042.0000 -0.0594
1043.0000 -0.0594
1044.0000 -0.0595
1045.0000 -0.0596
1046.0000 -0.0596
1047.0000 -0.0597
1048.0000 -0.0597
1049.0000 -0.0598
1050.0000 -0.0599
1051.0000 -0.0599
1052.0000 -0.0600
1053.0000 -0.0600
1054.0000 -0.0601
1055.0000 -0.0602
1056.0000 -0.0602
1057.0000 -0.0603
1058.0000 -0.0603
1059.0000 -0.0604
1060.0000 -0.0605
1061.0000 -0.0605
1062.0000 -0.0606
1063.0000 -0.0606
1064.0000 -0.0607
1065.0000 -0.0607
1066.0000 -0.0608
1067.0000 -0.0608
1068.0000 -0.0609
1069.0000 -0.0609
1070.0000 -0.0610
1071.0000 -0.0610
1072.0000 -0.0611
1073.0000 -0.0612
1074.0000 -0.0612
1075.0000 -0.0613
1076.0000 -0.0613
1077.0000 -0.0614
1078.0000 -0.0614
1079.0000 -0.0615
1080.0000 -0.0615
1081.0000 -0.0616
1082.0000 -0.0616
1083.0000 -0.0616
1084.0000 -0.0617
1085.0000 -0.0617
1086.0000 -0.0618
1087.0000 -0.0618
1088.0000 -0.0619
1089.0000 -0.0619
1090.0000 -0.0620
1091.0000 -0.0620
1092.0000 -0.0621
1093.0000 -0.0621
1094.0000 -0.0622
1095.0000 -0.0622
1096.0000 -0.0622
1097.0000 -0.0623
1098.0000 -0.0623
1099.0000 -0.0624
1100.0000 -0.0624
1101.0000 -0.0625
1102.0000 -0.0625
1103.0000 -0.0625
1104.0000 -0.0626
1105.0000 -0.0626
1106.0000 -0.0627
1107.0000 -0.0627
1108.0000 -0.0627
1109.0000 -0.0628
1110.0000 -0.0628
1111.0000 -0.0629
1112.0000 -0.0629
1113.0000 -0.0629
1114.0000 -0.0630
1115.0000 -0.0630
1116.0000 -0.0631
1117.0000 -0.0631
1118.0000 -0.0631
1119.0000 -0.0632
1120.0000 -0.0632
1121.0000 -0.0633
1122.0000 -0.0633
1123.0000 -0.0633
1124.0000 -0.0634
1125.0000 -0.0634
1126.0000 -0.0634
1127.0000 -0.0635
1128.0000 -0.0635
1129.0000 -0.0635
1130.0000 -0.0636
1131.0000 -0.0636
1132.0000 -0.0636
1133.0000 -0.0637
1134.0000 -0.0637
1135.0000 -0.0637
1136.0000 -0.0638
1137.0000 -0.0638
1138.0000 -0.0638
1139.0000 -0.0639
1140.0000 -0.0639
1141.0000 -0.0639
1142.0000 -0.0640
1143.0000 -0.0640
1144.0000 -0.0640
1145.0000 -0.0641
1146.0000 -0.0641
1147.0000 -0.0641
1148.0000 -0.0642
1149.0000 -0.0642
1150.0000 -0.0642
1151.0000 -0.0643
1152.0000 -0.0643
1153.0000 -0.0643
1154.0000 -0.0644
1155.0000 -0.0644
1156.0000 -0.0644
1157.0000 -0.0644
1158.0000 -0.0645
1159.0000 -0.0645
1160.0000 -0.0645
1161.0000 -0.0646
1162.0000 -0.0646
1163.0000 -0.0646
1164.0000 -0.0647
1165.0000 -0.0647
1166.0000 -0.0647
1167.0000 -0.0647
1168.0000 -0.0648
1169.0000 -0.0648
1170.0000 -0.0648
1171.0000 -0.0648
1172.0000 -0.0649
1173.0000 -0.0649
1174.0000 -0.0649
1175.0000 -0.0650
1176.0000 -0.0650
1177.0000 -0.0650
1178.0000 -0.0650
1179.0000 -0.0651
1180.0000 -0.0651
1181.0000 -0.0651
1182.0000 -0.0651
1183.0000 -0.0652
1184.0000 -0.0652
1185.0000 -0.0652
1186.0000 -0.0652
1187.0000 -0.0653
1188.0000 -0.0653
1189.0000 -0.0653
1190.0000 -0.0653
1191.0000 -0.0654
1192.0000 -0.0654
1193.0000 -0.0654
1194.0000 -0.0654
1195.0000 -0.0655
1196.0000 -0.0655
1197.0000 -0.0655
1198.0000 -0.0655
1199.0000 -0.0655
1200.0000 -0.0656
