0.000000 0
1.000000 0
2.000000 0
3.000000 0
4.000000 0
5.000000 0
6.000000 1
7.000000 1
8.000000 1
9.000000 1
10.000000 1
11.000000 1
12.000000 1
13.000000 1
14.000000 1
15.000000 1
16.000000 1
17.000000 1
18.000000 1
19.000000 1
20.000000 1
21.000000 1
22.000000 1
23.000000 1
24.000000 1
25.000000 1
26.000000 1
27.000000 1
28.000000 1
29.000000 1
30.000000 1
31.000000 1
32.000000 1
33.000000 1
34.000000 1
35.000000 1
36.000000 1
37.000000 1
38.000000 1
39.000000 1
40.000000 1
41.000000 1
42.000000 1
43.000000 1
44.000000 1
45.000000 1
46.000000 1
47.000000 1
48.000000 1
49.000000 1
50.000000 1
51.000000 1
52.000000 1
53.000000 1
54.000000 1
55.000000 1
56.000000 1
57.000000 1
58.000000 1
59.000000 1
60.000000 1
61.000000 1
62.000000 1
63.000000 1
64.000000 1
65.000000 1
66.000000 1
67.000000 1
68.000000 1
69.000000 1
70.000000 1
71.000000 1
72.000000 1
73.000000 1
74.000000 1
75.000000 1
76.000000 1
77.000000 1
78.000000 1
79.000000 1
80.000000 1
81.000000 1
82.000000 1
83.000000 1
84.000000 1
85.000000 1
86.000000 1
87.000000 1
88.000000 1
89.000000 1
90.000000 1
91.000000 1
92.000000 1
93.000000 1
94.000000 1
95.000000 1
96.000000 1
97.000000 1
98.000000 1
99.000000 1
