0.000000 0
1.000000 0
2.000000 0
3.000000 0
4.000000 0
5.000000 0
6.000000 0.2
7.000000 0.2
8.000000 0.2
9.000000 0.2
10.000000 0.2
11.000000 0.2
12.000000 0.2
13.000000 0.2
14.000000 0.2
15.000000 0.2
16.000000 0.2
17.000000 0.2
18.000000 0.2
19.000000 0.2
20.000000 0.2
21.000000 0.2
22.000000 0.2
23.000000 0.2
24.000000 0.2
25.000000 0.2
26.000000 0.2
27.000000 0.2
28.000000 0.2
29.000000 0.2
30.000000 0.2
31.000000 0.2
32.000000 0.2
33.000000 0.2
34.000000 0.2
35.000000 0.2
36.000000 0.2
37.000000 0.2
38.000000 0.2
39.000000 0.2
40.000000 0.2
41.000000 0.2
42.000000 0.2
43.000000 0.2
44.000000 0.2
45.000000 0.2
46.000000 0.2
47.000000 0.2
48.000000 0.2
49.000000 0.2
50.000000 0.2
51.000000 0.2
52.000000 0.2
53.000000 0.2
54.000000 0.2
55.000000 0.2
56.000000 0.2
57.000000 0.2
58.000000 0.2
59.000000 0.2
60.000000 0.2
61.000000 0.2
62.000000 0.2
63.000000 0.2
64.000000 0.2
65.000000 0.2
66.000000 0.2
67.000000 0.2
68.000000 0.2
69.000000 0.2
70.000000 0.2
71.000000 0.2
72.000000 0.2
73.000000 0.2
74.000000 0.2
75.000000 0.2
76.000000 0.2
77.000000 0.2
78.000000 0.2
79.000000 0.2
80.000000 0.2
81.000000 0.2
82.000000 0.2
83.000000 0.2
84.000000 0.2
85.000000 0.2
86.000000 0.2
87.000000 0.2
88.000000 0.2
89.000000 0.2
90.000000 0.2
91.000000 0.2
92.000000 0.2
93.000000 0.2
94.000000 0.2
95.000000 0.2
96.000000 0.2
97.000000 0.2
98.000000 0.2
99.000000 0.2
100.000000 0.2
101.000000 0.2
102.000000 0.2
103.000000 0.2
104.000000 0.2
105.000000 0.2
106.000000 0.2
107.000000 0.2
108.000000 0.2
109.000000 0.2
110.000000 0.2
111.000000 0.2
112.000000 0.2
113.000000 0.2
114.000000 0.2
115.000000 0.2
116.000000 0.2
117.000000 0.2
118.000000 0.2
119.000000 0.2
120.000000 0.2
121.000000 0.2
122.000000 0.2
123.000000 0.2
124.000000 0.2
125.000000 0.2
126.000000 0.2
127.000000 0.2
128.000000 0.2
129.000000 0.2
130.000000 0.2
131.000000 0.2
132.000000 0.2
133.000000 0.2
134.000000 0.2
135.000000 0.2
136.000000 0.2
137.000000 0.2
138.000000 0.2
139.000000 0.2
140.000000 0.2
141.000000 0.2
142.000000 0.2
143.000000 0.2
144.000000 0.2
145.000000 0.2
146.000000 0.2
147.000000 0.2
148.000000 0.2
149.000000 0.2
150.000000 0.2
151.000000 0.2
152.000000 0.2
153.000000 0.2
154.000000 0.2
155.000000 0.2
156.000000 0.2
157.000000 0.2
158.000000 0.2
159.000000 0.2
160.000000 0.2
161.000000 0.2
162.000000 0.2
163.000000 0.2
164.000000 0.2
165.000000 0.2
166.000000 0.2
167.000000 0.2
168.000000 0.2
169.000000 0.2
170.000000 0.2
171.000000 0.2
172.000000 0.2
173.000000 0.2
174.000000 0.2
175.000000 0.2
176.000000 0.2
177.000000 0.2
178.000000 0.2
179.000000 0.2
180.000000 0.2
181.000000 0.2
182.000000 0.2
183.000000 0.2
184.000000 0.2
185.000000 0.2
186.000000 0.2
187.000000 0.2
188.000000 0.2
189.000000 0.2
190.000000 0.2
191.000000 0.2
192.000000 0.2
193.000000 0.2
194.000000 0.2
195.000000 0.2
196.000000 0.2
197.000000 0.2
198.000000 0.2
199.000000 0.2
