0.000000 0
1.000000 0
2.000000 0
3.000000 0
4.000000 0
5.000000 0
6.000000 1
7.000000 1
8.000000 1
9.000000 1
10.000000 1
11.000000 1
12.000000 1
13.000000 1
14.000000 1
15.000000 1
16.000000 1
17.000000 1
18.000000 1
19.000000 1
20.000000 1
21.000000 1
22.000000 1
23.000000 1
24.000000 1
25.000000 1
26.000000 1
27.000000 1
28.000000 1
29.000000 1
30.000000 1
31.000000 1
32.000000 1
33.000000 1
34.000000 1
35.000000 1
36.000000 1
37.000000 1
38.000000 1
39.000000 1
40.000000 1
41.000000 1
42.000000 1
43.000000 1
44.000000 1
45.000000 1
46.000000 1
47.000000 1
48.000000 1
49.000000 1
50.000000 1
51.000000 1
52.000000 1
53.000000 1
54.000000 1
55.000000 1
56.000000 1
57.000000 1
58.000000 1
59.000000 1
60.000000 1
61.000000 1
62.000000 1
63.000000 1
64.000000 1
65.000000 1
66.000000 1
67.000000 1
68.000000 1
69.000000 1
70.000000 1
71.000000 1
72.000000 1
73.000000 1
74.000000 1
75.000000 1
76.000000 1
77.000000 1
78.000000 1
79.000000 1
80.000000 1
81.000000 1
82.000000 1
83.000000 1
84.000000 1
85.000000 1
86.000000 1
87.000000 1
88.000000 1
89.000000 1
90.000000 1
91.000000 1
92.000000 1
93.000000 1
94.000000 1
95.000000 1
96.000000 1
97.000000 1
98.000000 1
99.000000 1
100.000000 1
101.000000 1
102.000000 1
103.000000 1
104.000000 1
105.000000 1
106.000000 1
107.000000 1
108.000000 1
109.000000 1
110.000000 1
111.000000 1
112.000000 1
113.000000 1
114.000000 1
115.000000 1
116.000000 1
117.000000 1
118.000000 1
119.000000 1
120.000000 1
121.000000 1
122.000000 1
123.000000 1
124.000000 1
125.000000 1
126.000000 1
127.000000 1
128.000000 1
129.000000 1
130.000000 1
131.000000 1
132.000000 1
133.000000 1
134.000000 1
135.000000 1
136.000000 1
137.000000 1
138.000000 1
139.000000 1
140.000000 1
141.000000 1
142.000000 1
143.000000 1
144.000000 1
145.000000 1
146.000000 1
147.000000 1
148.000000 1
149.000000 1
150.000000 1
151.000000 1
152.000000 1
153.000000 1
154.000000 1
155.000000 1
156.000000 1
157.000000 1
158.000000 1
159.000000 1
160.000000 1
161.000000 1
162.000000 1
163.000000 1
164.000000 1
165.000000 1
166.000000 1
167.000000 1
168.000000 1
169.000000 1
170.000000 1
171.000000 1
172.000000 1
173.000000 1
174.000000 1
175.000000 1
176.000000 1
177.000000 1
178.000000 1
179.000000 1
180.000000 1
181.000000 1
182.000000 1
183.000000 1
184.000000 1
185.000000 1
186.000000 1
187.000000 1
188.000000 1
189.000000 1
190.000000 1
191.000000 1
192.000000 1
193.000000 1
194.000000 1
195.000000 1
196.000000 1
197.000000 1
198.000000 1
199.000000 1
