0.000000 0
1.000000 0
2.000000 0
3.000000 0
4.000000 0
5.000000 0
6.000000 0.4
7.000000 0.4
8.000000 0.4
9.000000 0.4
10.000000 0.4
11.000000 0.4
12.000000 0.4
13.000000 0.4
14.000000 0.4
15.000000 0.4
16.000000 0.4
17.000000 0.4
18.000000 0.4
19.000000 0.4
20.000000 0.4
21.000000 0.4
22.000000 0.4
23.000000 0.4
24.000000 0.4
25.000000 0.4
26.000000 0.4
27.000000 0.4
28.000000 0.4
29.000000 0.4
30.000000 0.4
31.000000 0.4
32.000000 0.4
33.000000 0.4
34.000000 0.4
35.000000 0.4
36.000000 0.4
37.000000 0.4
38.000000 0.4
39.000000 0.4
40.000000 0.4
41.000000 0.4
42.000000 0.4
43.000000 0.4
44.000000 0.4
45.000000 0.4
46.000000 0.4
47.000000 0.4
48.000000 0.4
49.000000 0.4
50.000000 0.4
51.000000 0.4
52.000000 0.4
53.000000 0.4
54.000000 0.4
55.000000 0.4
56.000000 0.4
57.000000 0.4
58.000000 0.4
59.000000 0.4
60.000000 0.4
61.000000 0.4
62.000000 0.4
63.000000 0.4
64.000000 0.4
65.000000 0.4
66.000000 0.4
67.000000 0.4
68.000000 0.4
69.000000 0.4
70.000000 0.4
71.000000 0.4
72.000000 0.4
73.000000 0.4
74.000000 0.4
75.000000 0.4
76.000000 0.4
77.000000 0.4
78.000000 0.4
79.000000 0.4
80.000000 0.4
81.000000 0.4
82.000000 0.4
83.000000 0.4
84.000000 0.4
85.000000 0.4
86.000000 0.4
87.000000 0.4
88.000000 0.4
89.000000 0.4
90.000000 0.4
91.000000 0.4
92.000000 0.4
93.000000 0.4
94.000000 0.4
95.000000 0.4
96.000000 0.4
97.000000 0.4
98.000000 0.4
99.000000 0.4
100.000000 0.4
101.000000 0.4
102.000000 0.4
103.000000 0.4
104.000000 0.4
105.000000 0.4
106.000000 0.4
107.000000 0.4
108.000000 0.4
109.000000 0.4
110.000000 0.4
111.000000 0.4
112.000000 0.4
113.000000 0.4
114.000000 0.4
115.000000 0.4
116.000000 0.4
117.000000 0.4
118.000000 0.4
119.000000 0.4
120.000000 0.4
121.000000 0.4
122.000000 0.4
123.000000 0.4
124.000000 0.4
125.000000 0.4
126.000000 0.4
127.000000 0.4
128.000000 0.4
129.000000 0.4
130.000000 0.4
131.000000 0.4
132.000000 0.4
133.000000 0.4
134.000000 0.4
135.000000 0.4
136.000000 0.4
137.000000 0.4
138.000000 0.4
139.000000 0.4
140.000000 0.4
141.000000 0.4
142.000000 0.4
143.000000 0.4
144.000000 0.4
145.000000 0.4
146.000000 0.4
147.000000 0.4
148.000000 0.4
149.000000 0.4
150.000000 0.4
151.000000 0.4
152.000000 0.4
153.000000 0.4
154.000000 0.4
155.000000 0.4
156.000000 0.4
157.000000 0.4
158.000000 0.4
159.000000 0.4
160.000000 0.4
161.000000 0.4
162.000000 0.4
163.000000 0.4
164.000000 0.4
165.000000 0.4
166.000000 0.4
167.000000 0.4
168.000000 0.4
169.000000 0.4
170.000000 0.4
171.000000 0.4
172.000000 0.4
173.000000 0.4
174.000000 0.4
175.000000 0.4
176.000000 0.4
177.000000 0.4
178.000000 0.4
179.000000 0.4
180.000000 0.4
181.000000 0.4
182.000000 0.4
183.000000 0.4
184.000000 0.4
185.000000 0.4
186.000000 0.4
187.000000 0.4
188.000000 0.4
189.000000 0.4
190.000000 0.4
191.000000 0.4
192.000000 0.4
193.000000 0.4
194.000000 0.4
195.000000 0.4
196.000000 0.4
197.000000 0.4
198.000000 0.4
199.000000 0.4
