0.000000 0
1.000000 0
2.000000 0
3.000000 0
4.000000 0
5.000000 0
6.000000 0
7.000000 0
8.000000 0
9.000000 0
10.000000 0
11.000000 0.030637
12.000000 0.10874
13.000000 0.21671
14.000000 0.34133
15.000000 0.47293
16.000000 0.6046
17.000000 0.73157
18.000000 0.85073
19.000000 0.96024
20.000000 1.0592
21.000000 1.1472
22.000000 1.2247
23.000000 1.292
24.000000 1.3499
25.000000 1.3993
26.000000 1.4411
27.000000 1.4761
28.000000 1.5051
29.000000 1.5291
30.000000 1.5486
31.000000 1.5645
32.000000 1.5772
33.000000 1.5873
34.000000 1.5952
35.000000 1.6014
36.000000 1.6061
37.000000 1.6096
38.000000 1.6123
39.000000 1.6142
40.000000 1.6155
41.000000 1.6164
42.000000 1.6169
43.000000 1.6172
44.000000 1.6173
45.000000 1.6173
46.000000 1.6172
47.000000 1.617
48.000000 1.6168
49.000000 1.6166
50.000000 1.6164
51.000000 1.6162
52.000000 1.616
53.000000 1.6158
54.000000 1.6156
55.000000 1.6155
56.000000 1.6153
57.000000 1.6152
58.000000 1.6151
59.000000 1.615
60.000000 1.615
61.000000 1.6149
62.000000 1.6149
63.000000 1.6148
64.000000 1.6148
65.000000 1.6148
66.000000 1.6147
67.000000 1.6147
68.000000 1.6147
69.000000 1.6147
70.000000 1.6147
71.000000 1.6147
72.000000 1.6147
73.000000 1.6147
74.000000 1.6147
75.000000 1.6147
76.000000 1.6147
77.000000 1.6147
78.000000 1.6147
79.000000 1.6147
80.000000 1.6147
81.000000 1.6147
82.000000 1.6147
83.000000 1.6147
84.000000 1.6147
85.000000 1.6147
86.000000 1.6147
87.000000 1.6147
88.000000 1.6147
89.000000 1.6147
90.000000 1.6147
91.000000 1.6147
92.000000 1.6147
93.000000 1.6147
94.000000 1.6147
95.000000 1.6147
96.000000 1.6147
97.000000 1.6147
98.000000 1.6147
99.000000 1.6147
100.000000 1.6147
101.000000 1.6147
102.000000 1.6147
103.000000 1.6147
104.000000 1.6147
105.000000 1.6147
106.000000 1.6147
107.000000 1.6147
108.000000 1.6147
109.000000 1.6147
110.000000 1.6147
111.000000 1.6147
112.000000 1.6147
113.000000 1.6147
114.000000 1.6147
115.000000 1.6147
116.000000 1.6147
117.000000 1.6147
118.000000 1.6147
119.000000 1.6147
120.000000 1.6147
121.000000 1.6147
122.000000 1.6147
123.000000 1.6147
124.000000 1.6147
125.000000 1.6147
126.000000 1.6147
127.000000 1.6147
128.000000 1.6147
129.000000 1.6147
130.000000 1.6147
131.000000 1.6147
132.000000 1.6147
133.000000 1.6147
134.000000 1.6147
135.000000 1.6147
136.000000 1.6147
137.000000 1.6147
138.000000 1.6147
139.000000 1.6147
140.000000 1.6147
141.000000 1.6147
142.000000 1.6147
143.000000 1.6147
144.000000 1.6147
145.000000 1.6147
146.000000 1.6147
147.000000 1.6147
148.000000 1.6147
149.000000 1.6147
150.000000 1.6147
151.000000 1.6147
152.000000 1.6147
153.000000 1.6147
154.000000 1.6147
155.000000 1.6147
156.000000 1.6147
157.000000 1.6147
158.000000 1.6147
159.000000 1.6147
160.000000 1.6147
161.000000 1.6147
162.000000 1.6147
163.000000 1.6147
164.000000 1.6147
165.000000 1.6147
166.000000 1.6147
167.000000 1.6147
168.000000 1.6147
169.000000 1.6147
170.000000 1.6147
171.000000 1.6147
172.000000 1.6147
173.000000 1.6147
174.000000 1.6147
175.000000 1.6147
176.000000 1.6147
177.000000 1.6147
178.000000 1.6147
179.000000 1.6147
180.000000 1.6147
181.000000 1.6147
182.000000 1.6147
183.000000 1.6147
184.000000 1.6147
185.000000 1.6147
186.000000 1.6147
187.000000 1.6147
188.000000 1.6147
189.000000 1.6147
190.000000 1.6147
191.000000 1.6147
192.000000 1.6147
193.000000 1.6147
194.000000 1.6147
195.000000 1.6147
196.000000 1.6147
197.000000 1.6147
198.000000 1.6147
199.000000 1.6147
