0.000000 0
1.000000 0
2.000000 0
3.000000 0
4.000000 0
5.000000 0
6.000000 0
7.000000 0
8.000000 0
9.000000 0
10.000000 0
11.000000 0.019355
12.000000 0.067225
13.000000 0.13095
14.000000 0.20168
15.000000 0.27339
16.000000 0.3422
17.000000 0.40578
18.000000 0.46288
19.000000 0.51303
20.000000 0.55629
21.000000 0.593
22.000000 0.62372
23.000000 0.64912
24.000000 0.66985
25.000000 0.68659
26.000000 0.69996
27.000000 0.71051
28.000000 0.71874
29.000000 0.72509
30.000000 0.72992
31.000000 0.73355
32.000000 0.73622
33.000000 0.73816
34.000000 0.73953
35.000000 0.74047
36.000000 0.74109
37.000000 0.74148
38.000000 0.74169
39.000000 0.74179
40.000000 0.74181
41.000000 0.74177
42.000000 0.7417
43.000000 0.74162
44.000000 0.74153
45.000000 0.74144
46.000000 0.74135
47.000000 0.74127
48.000000 0.7412
49.000000 0.74114
50.000000 0.74109
51.000000 0.74104
52.000000 0.741
53.000000 0.74097
54.000000 0.74095
55.000000 0.74093
56.000000 0.74091
57.000000 0.7409
58.000000 0.74089
59.000000 0.74088
60.000000 0.74088
61.000000 0.74087
62.000000 0.74087
63.000000 0.74087
64.000000 0.74087
65.000000 0.74086
66.000000 0.74086
67.000000 0.74086
68.000000 0.74086
69.000000 0.74086
70.000000 0.74086
71.000000 0.74086
72.000000 0.74086
73.000000 0.74086
74.000000 0.74086
75.000000 0.74086
76.000000 0.74086
77.000000 0.74086
78.000000 0.74086
79.000000 0.74086
80.000000 0.74086
81.000000 0.74086
82.000000 0.74086
83.000000 0.74086
84.000000 0.74086
85.000000 0.74086
86.000000 0.74086
87.000000 0.74086
88.000000 0.74086
89.000000 0.74086
90.000000 0.74086
91.000000 0.74086
92.000000 0.74086
93.000000 0.74086
94.000000 0.74086
95.000000 0.74086
96.000000 0.74086
97.000000 0.74086
98.000000 0.74086
99.000000 0.74086
100.000000 0.74086
101.000000 0.74086
102.000000 0.74086
103.000000 0.74086
104.000000 0.74086
105.000000 0.74086
106.000000 0.74086
107.000000 0.74086
108.000000 0.74086
109.000000 0.74086
110.000000 0.74086
111.000000 0.74086
112.000000 0.74086
113.000000 0.74086
114.000000 0.74086
115.000000 0.74086
116.000000 0.74086
117.000000 0.74086
118.000000 0.74086
119.000000 0.74086
120.000000 0.74086
121.000000 0.74086
122.000000 0.74086
123.000000 0.74086
124.000000 0.74086
125.000000 0.74086
126.000000 0.74086
127.000000 0.74086
128.000000 0.74086
129.000000 0.74086
130.000000 0.74086
131.000000 0.74086
132.000000 0.74086
133.000000 0.74086
134.000000 0.74086
135.000000 0.74086
136.000000 0.74086
137.000000 0.74086
138.000000 0.74086
139.000000 0.74086
140.000000 0.74086
141.000000 0.74086
142.000000 0.74086
143.000000 0.74086
144.000000 0.74086
145.000000 0.74086
146.000000 0.74086
147.000000 0.74086
148.000000 0.74086
149.000000 0.74086
150.000000 0.74086
151.000000 0.74086
152.000000 0.74086
153.000000 0.74086
154.000000 0.74086
155.000000 0.74086
156.000000 0.74086
157.000000 0.74086
158.000000 0.74086
159.000000 0.74086
160.000000 0.74086
161.000000 0.74086
162.000000 0.74086
163.000000 0.74086
164.000000 0.74086
165.000000 0.74086
166.000000 0.74086
167.000000 0.74086
168.000000 0.74086
169.000000 0.74086
170.000000 0.74086
171.000000 0.74086
172.000000 0.74086
173.000000 0.74086
174.000000 0.74086
175.000000 0.74086
176.000000 0.74086
177.000000 0.74086
178.000000 0.74086
179.000000 0.74086
180.000000 0.74086
181.000000 0.74086
182.000000 0.74086
183.000000 0.74086
184.000000 0.74086
185.000000 0.74086
186.000000 0.74086
187.000000 0.74086
188.000000 0.74086
189.000000 0.74086
190.000000 0.74086
191.000000 0.74086
192.000000 0.74086
193.000000 0.74086
194.000000 0.74086
195.000000 0.74086
196.000000 0.74086
197.000000 0.74086
198.000000 0.74086
199.000000 0.74086
