0.000000 0
1.000000 0
2.000000 0
3.000000 0
4.000000 0
5.000000 0
6.000000 0
7.000000 0
8.000000 0
9.000000 0
10.000000 0
11.000000 0.053519
12.000000 0.19365
13.000000 0.39397
14.000000 0.63366
15.000000 0.89651
16.000000 1.1701
17.000000 1.445
18.000000 1.7143
19.000000 1.9731
20.000000 2.218
21.000000 2.4469
22.000000 2.6585
23.000000 2.8525
24.000000 3.0289
25.000000 3.1882
26.000000 3.3311
27.000000 3.4585
28.000000 3.5717
29.000000 3.6716
30.000000 3.7595
31.000000 3.8364
32.000000 3.9034
33.000000 3.9615
34.000000 4.0118
35.000000 4.0552
36.000000 4.0923
37.000000 4.1241
38.000000 4.1512
39.000000 4.1741
40.000000 4.1935
41.000000 4.2098
42.000000 4.2235
43.000000 4.2349
44.000000 4.2444
45.000000 4.2522
46.000000 4.2586
47.000000 4.2639
48.000000 4.2682
49.000000 4.2716
50.000000 4.2744
51.000000 4.2765
52.000000 4.2783
53.000000 4.2796
54.000000 4.2806
55.000000 4.2814
56.000000 4.2819
57.000000 4.2823
58.000000 4.2826
59.000000 4.2827
60.000000 4.2828
61.000000 4.2828
62.000000 4.2828
63.000000 4.2827
64.000000 4.2827
65.000000 4.2826
66.000000 4.2825
67.000000 4.2824
68.000000 4.2823
69.000000 4.2822
70.000000 4.2821
71.000000 4.282
72.000000 4.2819
73.000000 4.2818
74.000000 4.2817
75.000000 4.2817
76.000000 4.2816
77.000000 4.2816
78.000000 4.2815
79.000000 4.2815
80.000000 4.2814
81.000000 4.2814
82.000000 4.2814
83.000000 4.2814
84.000000 4.2813
85.000000 4.2813
86.000000 4.2813
87.000000 4.2813
88.000000 4.2813
89.000000 4.2813
90.000000 4.2813
91.000000 4.2813
92.000000 4.2812
93.000000 4.2812
94.000000 4.2812
95.000000 4.2812
96.000000 4.2812
97.000000 4.2812
98.000000 4.2812
99.000000 4.2812
