0.000000 0
1.000000 0
2.000000 0
3.000000 0
4.000000 0
5.000000 0
6.000000 0
7.000000 0
8.000000 0
9.000000 0
10.000000 0
11.000000 -0.019387
12.000000 -0.046599
13.000000 -0.06938
14.000000 -0.087318
15.000000 -0.1013
16.000000 -0.11219
17.000000 -0.12066
18.000000 -0.12725
19.000000 -0.13237
20.000000 -0.13636
21.000000 -0.13946
22.000000 -0.14188
23.000000 -0.14376
24.000000 -0.14522
25.000000 -0.14636
26.000000 -0.14724
27.000000 -0.14793
28.000000 -0.14846
29.000000 -0.14888
30.000000 -0.1492
31.000000 -0.14946
32.000000 -0.14965
33.000000 -0.14981
34.000000 -0.14992
35.000000 -0.15002
36.000000 -0.15009
37.000000 -0.15014
38.000000 -0.15019
39.000000 -0.15022
40.000000 -0.15025
41.000000 -0.15027
42.000000 -0.15028
43.000000 -0.1503
44.000000 -0.15031
45.000000 -0.15031
46.000000 -0.15032
47.000000 -0.15032
48.000000 -0.15033
49.000000 -0.15033
50.000000 -0.15033
51.000000 -0.15033
52.000000 -0.15034
53.000000 -0.15034
54.000000 -0.15034
55.000000 -0.15034
56.000000 -0.15034
57.000000 -0.15034
58.000000 -0.15034
59.000000 -0.15034
60.000000 -0.15034
61.000000 -0.15034
62.000000 -0.15034
63.000000 -0.15034
64.000000 -0.15034
65.000000 -0.15034
66.000000 -0.15034
67.000000 -0.15034
68.000000 -0.15034
69.000000 -0.15034
70.000000 -0.15034
71.000000 -0.15034
72.000000 -0.15034
73.000000 -0.15034
74.000000 -0.15034
75.000000 -0.15034
76.000000 -0.15034
77.000000 -0.15034
78.000000 -0.15034
79.000000 -0.15034
80.000000 -0.15034
81.000000 -0.15034
82.000000 -0.15034
83.000000 -0.15034
84.000000 -0.15034
85.000000 -0.15034
86.000000 -0.15034
87.000000 -0.15034
88.000000 -0.15034
89.000000 -0.15034
90.000000 -0.15034
91.000000 -0.15034
92.000000 -0.15034
93.000000 -0.15034
94.000000 -0.15034
95.000000 -0.15034
96.000000 -0.15034
97.000000 -0.15034
98.000000 -0.15034
99.000000 -0.15034
100.000000 -0.15034
101.000000 -0.15034
102.000000 -0.15034
103.000000 -0.15034
104.000000 -0.15034
105.000000 -0.15034
106.000000 -0.15034
107.000000 -0.15034
108.000000 -0.15034
109.000000 -0.15034
110.000000 -0.15034
111.000000 -0.15034
112.000000 -0.15034
113.000000 -0.15034
114.000000 -0.15034
115.000000 -0.15034
116.000000 -0.15034
117.000000 -0.15034
118.000000 -0.15034
119.000000 -0.15034
120.000000 -0.15034
121.000000 -0.15034
122.000000 -0.15034
123.000000 -0.15034
124.000000 -0.15034
125.000000 -0.15034
126.000000 -0.15034
127.000000 -0.15034
128.000000 -0.15034
129.000000 -0.15034
130.000000 -0.15034
131.000000 -0.15034
132.000000 -0.15034
133.000000 -0.15034
134.000000 -0.15034
135.000000 -0.15034
136.000000 -0.15034
137.000000 -0.15034
138.000000 -0.15034
139.000000 -0.15034
140.000000 -0.15034
141.000000 -0.15034
142.000000 -0.15034
143.000000 -0.15034
144.000000 -0.15034
145.000000 -0.15034
146.000000 -0.15034
147.000000 -0.15034
148.000000 -0.15034
149.000000 -0.15034
150.000000 -0.15034
151.000000 -0.15034
152.000000 -0.15034
153.000000 -0.15034
154.000000 -0.15034
155.000000 -0.15034
156.000000 -0.15034
157.000000 -0.15034
158.000000 -0.15034
159.000000 -0.15034
160.000000 -0.15034
161.000000 -0.15034
162.000000 -0.15034
163.000000 -0.15034
164.000000 -0.15034
165.000000 -0.15034
166.000000 -0.15034
167.000000 -0.15034
168.000000 -0.15034
169.000000 -0.15034
170.000000 -0.15034
171.000000 -0.15034
172.000000 -0.15034
173.000000 -0.15034
174.000000 -0.15034
175.000000 -0.15034
176.000000 -0.15034
177.000000 -0.15034
178.000000 -0.15034
179.000000 -0.15034
180.000000 -0.15034
181.000000 -0.15034
182.000000 -0.15034
183.000000 -0.15034
184.000000 -0.15034
185.000000 -0.15034
186.000000 -0.15034
187.000000 -0.15034
188.000000 -0.15034
189.000000 -0.15034
190.000000 -0.15034
191.000000 -0.15034
192.000000 -0.15034
193.000000 -0.15034
194.000000 -0.15034
195.000000 -0.15034
196.000000 -0.15034
197.000000 -0.15034
198.000000 -0.15034
199.000000 -0.15034
