0.000000 0
1.000000 0
2.000000 0
3.000000 0
4.000000 0
5.000000 0
6.000000 -0.8
7.000000 -0.8
8.000000 -0.8
9.000000 -0.8
10.000000 -0.8
11.000000 -0.8
12.000000 -0.8
13.000000 -0.8
14.000000 -0.8
15.000000 -0.8
16.000000 -0.8
17.000000 -0.8
18.000000 -0.8
19.000000 -0.8
20.000000 -0.8
21.000000 -0.8
22.000000 -0.8
23.000000 -0.8
24.000000 -0.8
25.000000 -0.8
26.000000 -0.8
27.000000 -0.8
28.000000 -0.8
29.000000 -0.8
30.000000 -0.8
31.000000 -0.8
32.000000 -0.8
33.000000 -0.8
34.000000 -0.8
35.000000 -0.8
36.000000 -0.8
37.000000 -0.8
38.000000 -0.8
39.000000 -0.8
40.000000 -0.8
41.000000 -0.8
42.000000 -0.8
43.000000 -0.8
44.000000 -0.8
45.000000 -0.8
46.000000 -0.8
47.000000 -0.8
48.000000 -0.8
49.000000 -0.8
50.000000 -0.8
51.000000 -0.8
52.000000 -0.8
53.000000 -0.8
54.000000 -0.8
55.000000 -0.8
56.000000 -0.8
57.000000 -0.8
58.000000 -0.8
59.000000 -0.8
60.000000 -0.8
61.000000 -0.8
62.000000 -0.8
63.000000 -0.8
64.000000 -0.8
65.000000 -0.8
66.000000 -0.8
67.000000 -0.8
68.000000 -0.8
69.000000 -0.8
70.000000 -0.8
71.000000 -0.8
72.000000 -0.8
73.000000 -0.8
74.000000 -0.8
75.000000 -0.8
76.000000 -0.8
77.000000 -0.8
78.000000 -0.8
79.000000 -0.8
80.000000 -0.8
81.000000 -0.8
82.000000 -0.8
83.000000 -0.8
84.000000 -0.8
85.000000 -0.8
86.000000 -0.8
87.000000 -0.8
88.000000 -0.8
89.000000 -0.8
90.000000 -0.8
91.000000 -0.8
92.000000 -0.8
93.000000 -0.8
94.000000 -0.8
95.000000 -0.8
96.000000 -0.8
97.000000 -0.8
98.000000 -0.8
99.000000 -0.8
100.000000 -0.8
101.000000 -0.8
102.000000 -0.8
103.000000 -0.8
104.000000 -0.8
105.000000 -0.8
106.000000 -0.8
107.000000 -0.8
108.000000 -0.8
109.000000 -0.8
110.000000 -0.8
111.000000 -0.8
112.000000 -0.8
113.000000 -0.8
114.000000 -0.8
115.000000 -0.8
116.000000 -0.8
117.000000 -0.8
118.000000 -0.8
119.000000 -0.8
120.000000 -0.8
121.000000 -0.8
122.000000 -0.8
123.000000 -0.8
124.000000 -0.8
125.000000 -0.8
126.000000 -0.8
127.000000 -0.8
128.000000 -0.8
129.000000 -0.8
130.000000 -0.8
131.000000 -0.8
132.000000 -0.8
133.000000 -0.8
134.000000 -0.8
135.000000 -0.8
136.000000 -0.8
137.000000 -0.8
138.000000 -0.8
139.000000 -0.8
140.000000 -0.8
141.000000 -0.8
142.000000 -0.8
143.000000 -0.8
144.000000 -0.8
145.000000 -0.8
146.000000 -0.8
147.000000 -0.8
148.000000 -0.8
149.000000 -0.8
150.000000 -0.8
151.000000 -0.8
152.000000 -0.8
153.000000 -0.8
154.000000 -0.8
155.000000 -0.8
156.000000 -0.8
157.000000 -0.8
158.000000 -0.8
159.000000 -0.8
160.000000 -0.8
161.000000 -0.8
162.000000 -0.8
163.000000 -0.8
164.000000 -0.8
165.000000 -0.8
166.000000 -0.8
167.000000 -0.8
168.000000 -0.8
169.000000 -0.8
170.000000 -0.8
171.000000 -0.8
172.000000 -0.8
173.000000 -0.8
174.000000 -0.8
175.000000 -0.8
176.000000 -0.8
177.000000 -0.8
178.000000 -0.8
179.000000 -0.8
180.000000 -0.8
181.000000 -0.8
182.000000 -0.8
183.000000 -0.8
184.000000 -0.8
185.000000 -0.8
186.000000 -0.8
187.000000 -0.8
188.000000 -0.8
189.000000 -0.8
190.000000 -0.8
191.000000 -0.8
192.000000 -0.8
193.000000 -0.8
194.000000 -0.8
195.000000 -0.8
196.000000 -0.8
197.000000 -0.8
198.000000 -0.8
199.000000 -0.8
