0.000000 0
1.000000 0
2.000000 0
3.000000 0
4.000000 0
5.000000 0
6.000000 0
7.000000 0
8.000000 0
9.000000 0
10.000000 0
11.000000 -0.016265
12.000000 -0.039945
13.000000 -0.060073
14.000000 -0.075991
15.000000 -0.088411
16.000000 -0.098075
17.000000 -0.10559
18.000000 -0.11144
19.000000 -0.11598
20.000000 -0.11952
21.000000 -0.12227
22.000000 -0.1244
23.000000 -0.12607
24.000000 -0.12736
25.000000 -0.12836
26.000000 -0.12915
27.000000 -0.12975
28.000000 -0.13023
29.000000 -0.13059
30.000000 -0.13088
31.000000 -0.1311
32.000000 -0.13127
33.000000 -0.13141
34.000000 -0.13151
35.000000 -0.1316
36.000000 -0.13166
37.000000 -0.13171
38.000000 -0.13175
39.000000 -0.13178
40.000000 -0.1318
41.000000 -0.13182
42.000000 -0.13183
43.000000 -0.13184
44.000000 -0.13185
45.000000 -0.13186
46.000000 -0.13186
47.000000 -0.13187
48.000000 -0.13187
49.000000 -0.13187
50.000000 -0.13187
51.000000 -0.13187
52.000000 -0.13188
53.000000 -0.13188
54.000000 -0.13188
55.000000 -0.13188
56.000000 -0.13188
57.000000 -0.13188
58.000000 -0.13188
59.000000 -0.13188
60.000000 -0.13188
61.000000 -0.13188
62.000000 -0.13188
63.000000 -0.13188
64.000000 -0.13188
65.000000 -0.13188
66.000000 -0.13188
67.000000 -0.13188
68.000000 -0.13188
69.000000 -0.13188
70.000000 -0.13188
71.000000 -0.13188
72.000000 -0.13188
73.000000 -0.13188
74.000000 -0.13188
75.000000 -0.13188
76.000000 -0.13188
77.000000 -0.13188
78.000000 -0.13188
79.000000 -0.13188
80.000000 -0.13188
81.000000 -0.13188
82.000000 -0.13188
83.000000 -0.13188
84.000000 -0.13188
85.000000 -0.13188
86.000000 -0.13188
87.000000 -0.13188
88.000000 -0.13188
89.000000 -0.13188
90.000000 -0.13188
91.000000 -0.13188
92.000000 -0.13188
93.000000 -0.13188
94.000000 -0.13188
95.000000 -0.13188
96.000000 -0.13188
97.000000 -0.13188
98.000000 -0.13188
99.000000 -0.13188
100.000000 -0.13188
101.000000 -0.13188
102.000000 -0.13188
103.000000 -0.13188
104.000000 -0.13188
105.000000 -0.13188
106.000000 -0.13188
107.000000 -0.13188
108.000000 -0.13188
109.000000 -0.13188
110.000000 -0.13188
111.000000 -0.13188
112.000000 -0.13188
113.000000 -0.13188
114.000000 -0.13188
115.000000 -0.13188
116.000000 -0.13188
117.000000 -0.13188
118.000000 -0.13188
119.000000 -0.13188
120.000000 -0.13188
121.000000 -0.13188
122.000000 -0.13188
123.000000 -0.13188
124.000000 -0.13188
125.000000 -0.13188
126.000000 -0.13188
127.000000 -0.13188
128.000000 -0.13188
129.000000 -0.13188
130.000000 -0.13188
131.000000 -0.13188
132.000000 -0.13188
133.000000 -0.13188
134.000000 -0.13188
135.000000 -0.13188
136.000000 -0.13188
137.000000 -0.13188
138.000000 -0.13188
139.000000 -0.13188
140.000000 -0.13188
141.000000 -0.13188
142.000000 -0.13188
143.000000 -0.13188
144.000000 -0.13188
145.000000 -0.13188
146.000000 -0.13188
147.000000 -0.13188
148.000000 -0.13188
149.000000 -0.13188
150.000000 -0.13188
151.000000 -0.13188
152.000000 -0.13188
153.000000 -0.13188
154.000000 -0.13188
155.000000 -0.13188
156.000000 -0.13188
157.000000 -0.13188
158.000000 -0.13188
159.000000 -0.13188
160.000000 -0.13188
161.000000 -0.13188
162.000000 -0.13188
163.000000 -0.13188
164.000000 -0.13188
165.000000 -0.13188
166.000000 -0.13188
167.000000 -0.13188
168.000000 -0.13188
169.000000 -0.13188
170.000000 -0.13188
171.000000 -0.13188
172.000000 -0.13188
173.000000 -0.13188
174.000000 -0.13188
175.000000 -0.13188
176.000000 -0.13188
177.000000 -0.13188
178.000000 -0.13188
179.000000 -0.13188
180.000000 -0.13188
181.000000 -0.13188
182.000000 -0.13188
183.000000 -0.13188
184.000000 -0.13188
185.000000 -0.13188
186.000000 -0.13188
187.000000 -0.13188
188.000000 -0.13188
189.000000 -0.13188
190.000000 -0.13188
191.000000 -0.13188
192.000000 -0.13188
193.000000 -0.13188
194.000000 -0.13188
195.000000 -0.13188
196.000000 -0.13188
197.000000 -0.13188
198.000000 -0.13188
199.000000 -0.13188
