-1.0000 -0.1503
-0.9900 -0.1494
-0.9800 -0.1485
-0.9700 -0.1475
-0.9600 -0.1466
-0.9500 -0.1457
-0.9400 -0.1448
-0.9300 -0.1438
-0.9200 -0.1429
-0.9100 -0.1420
-0.9000 -0.1411
-0.8900 -0.1401
-0.8800 -0.1392
-0.8700 -0.1383
-0.8600 -0.1374
-0.8500 -0.1365
-0.8400 -0.1355
-0.8300 -0.1346
-0.8200 -0.1337
-0.8100 -0.1328
-0.8000 -0.1319
-0.7900 -0.1310
-0.7800 -0.1301
-0.7700 -0.1291
-0.7600 -0.1282
-0.7500 -0.1273
-0.7400 -0.1264
-0.7300 -0.1255
-0.7200 -0.1246
-0.7100 -0.1237
-0.7000 -0.1228
-0.6900 -0.1219
-0.6800 -0.1210
-0.6700 -0.1201
-0.6600 -0.1192
-0.6500 -0.1183
-0.6400 -0.1174
-0.6300 -0.1165
-0.6200 -0.1156
-0.6100 -0.1147
-0.6000 -0.1138
-0.5900 -0.1129
-0.5800 -0.1120
-0.5700 -0.1111
-0.5600 -0.1102
-0.5500 -0.1093
-0.5400 -0.1084
-0.5300 -0.1075
-0.5200 -0.1067
-0.5100 -0.1058
-0.5000 -0.1049
-0.4900 -0.1040
-0.4800 -0.1030
-0.4700 -0.1021
-0.4600 -0.1012
-0.4500 -0.1003
-0.4400 -0.0994
-0.4300 -0.0984
-0.4200 -0.0975
-0.4100 -0.0966
-0.4000 -0.0956
-0.3900 -0.0946
-0.3800 -0.0936
-0.3700 -0.0926
-0.3600 -0.0916
-0.3500 -0.0906
-0.3400 -0.0895
-0.3300 -0.0884
-0.3200 -0.0873
-0.3100 -0.0861
-0.3000 -0.0849
-0.2900 -0.0837
-0.2800 -0.0824
-0.2700 -0.0811
-0.2600 -0.0797
-0.2500 -0.0783
-0.2400 -0.0768
-0.2300 -0.0753
-0.2200 -0.0736
-0.2100 -0.0719
-0.2000 -0.0701
-0.1900 -0.0682
-0.1800 -0.0662
-0.1700 -0.0641
-0.1600 -0.0619
-0.1500 -0.0595
-0.1400 -0.0570
-0.1300 -0.0543
-0.1200 -0.0515
-0.1100 -0.0485
-0.1000 -0.0453
-0.0900 -0.0419
-0.0800 -0.0383
-0.0700 -0.0345
-0.0600 -0.0305
-0.0500 -0.0261
-0.0400 -0.0215
-0.0300 -0.0166
-0.0200 -0.0114
-0.0100 -0.0059
0.0100 0.0062
0.0200 0.0129
0.0300 0.0199
0.0400 0.0274
0.0500 0.0353
0.0600 0.0436
0.0700 0.0525
0.0800 0.0619
0.0900 0.0717
0.1000 0.0822
0.1100 0.0932
0.1200 0.1048
0.1300 0.1170
0.1400 0.1299
0.1500 0.1434
0.1600 0.1576
0.1700 0.1725
0.1800 0.1881
0.1900 0.2044
0.2000 0.2215
0.2100 0.2394
0.2200 0.2580
0.2300 0.2775
0.2400 0.2978
0.2500 0.3189
0.2600 0.3408
0.2700 0.3636
0.2800 0.3872
0.2900 0.4118
0.3000 0.4372
0.3100 0.4635
0.3200 0.4907
0.3300 0.5188
0.3400 0.5478
0.3500 0.5777
0.3600 0.6085
0.3700 0.6402
0.3800 0.6728
0.3900 0.7064
0.4000 0.7409
0.4100 0.7762
0.4200 0.8125
0.4300 0.8497
0.4400 0.8878
0.4500 0.9267
0.4600 0.9666
0.4700 1.0073
0.4800 1.0490
0.4900 1.0915
0.5000 1.1348
0.5100 1.1790
0.5200 1.2241
0.5300 1.2700
0.5400 1.3168
0.5500 1.3644
0.5600 1.4128
0.5700 1.4621
0.5800 1.5121
0.5900 1.5630
0.6000 1.6147
0.6100 1.6671
0.6200 1.7204
0.6300 1.7744
0.6400 1.8292
0.6500 1.8848
0.6600 1.9412
0.6700 1.9983
0.6800 2.0562
0.6900 2.1148
0.7000 2.1742
0.7100 2.2343
0.7200 2.2952
0.7300 2.3568
0.7400 2.4192
0.7500 2.4822
0.7600 2.5460
0.7700 2.6105
0.7800 2.6757
0.7900 2.7417
0.8000 2.8083
0.8100 2.8756
0.8200 2.9437
0.8300 3.0124
0.8400 3.0818
0.8500 3.1519
0.8600 3.2227
0.8700 3.2942
0.8800 3.3663
0.8900 3.4390
0.9000 3.5125
0.9100 3.5866
0.9200 3.6613
0.9300 3.7366
0.9400 3.8126
0.9500 3.8892
0.9600 3.9665
0.9700 4.0443
0.9800 4.1227
0.9900 4.2017
1.0000 4.2812
