0.000000 0
1.000000 0
2.000000 0
3.000000 0
4.000000 0
5.000000 0
6.000000 0
7.000000 0
8.000000 0
9.000000 0
10.000000 0
11.000000 -0.013107
12.000000 -0.033218
13.000000 -0.050743
14.000000 -0.064723
15.000000 -0.075655
16.000000 -0.084161
17.000000 -0.090773
18.000000 -0.095911
19.000000 -0.099903
20.000000 -0.103
21.000000 -0.10541
22.000000 -0.10729
23.000000 -0.10874
24.000000 -0.10987
25.000000 -0.11075
26.000000 -0.11143
27.000000 -0.11196
28.000000 -0.11237
29.000000 -0.11269
30.000000 -0.11294
31.000000 -0.11314
32.000000 -0.11329
33.000000 -0.1134
34.000000 -0.11349
35.000000 -0.11356
36.000000 -0.11362
37.000000 -0.11366
38.000000 -0.11369
39.000000 -0.11372
40.000000 -0.11374
41.000000 -0.11375
42.000000 -0.11377
43.000000 -0.11378
44.000000 -0.11378
45.000000 -0.11379
46.000000 -0.11379
47.000000 -0.1138
48.000000 -0.1138
49.000000 -0.1138
50.000000 -0.1138
51.000000 -0.1138
52.000000 -0.11381
53.000000 -0.11381
54.000000 -0.11381
55.000000 -0.11381
56.000000 -0.11381
57.000000 -0.11381
58.000000 -0.11381
59.000000 -0.11381
60.000000 -0.11381
61.000000 -0.11381
62.000000 -0.11381
63.000000 -0.11381
64.000000 -0.11381
65.000000 -0.11381
66.000000 -0.11381
67.000000 -0.11381
68.000000 -0.11381
69.000000 -0.11381
70.000000 -0.11381
71.000000 -0.11381
72.000000 -0.11381
73.000000 -0.11381
74.000000 -0.11381
75.000000 -0.11381
76.000000 -0.11381
77.000000 -0.11381
78.000000 -0.11381
79.000000 -0.11381
80.000000 -0.11381
81.000000 -0.11381
82.000000 -0.11381
83.000000 -0.11381
84.000000 -0.11381
85.000000 -0.11381
86.000000 -0.11381
87.000000 -0.11381
88.000000 -0.11381
89.000000 -0.11381
90.000000 -0.11381
91.000000 -0.11381
92.000000 -0.11381
93.000000 -0.11381
94.000000 -0.11381
95.000000 -0.11381
96.000000 -0.11381
97.000000 -0.11381
98.000000 -0.11381
99.000000 -0.11381
100.000000 -0.11381
101.000000 -0.11381
102.000000 -0.11381
103.000000 -0.11381
104.000000 -0.11381
105.000000 -0.11381
106.000000 -0.11381
107.000000 -0.11381
108.000000 -0.11381
109.000000 -0.11381
110.000000 -0.11381
111.000000 -0.11381
112.000000 -0.11381
113.000000 -0.11381
114.000000 -0.11381
115.000000 -0.11381
116.000000 -0.11381
117.000000 -0.11381
118.000000 -0.11381
119.000000 -0.11381
120.000000 -0.11381
121.000000 -0.11381
122.000000 -0.11381
123.000000 -0.11381
124.000000 -0.11381
125.000000 -0.11381
126.000000 -0.11381
127.000000 -0.11381
128.000000 -0.11381
129.000000 -0.11381
130.000000 -0.11381
131.000000 -0.11381
132.000000 -0.11381
133.000000 -0.11381
134.000000 -0.11381
135.000000 -0.11381
136.000000 -0.11381
137.000000 -0.11381
138.000000 -0.11381
139.000000 -0.11381
140.000000 -0.11381
141.000000 -0.11381
142.000000 -0.11381
143.000000 -0.11381
144.000000 -0.11381
145.000000 -0.11381
146.000000 -0.11381
147.000000 -0.11381
148.000000 -0.11381
149.000000 -0.11381
150.000000 -0.11381
151.000000 -0.11381
152.000000 -0.11381
153.000000 -0.11381
154.000000 -0.11381
155.000000 -0.11381
156.000000 -0.11381
157.000000 -0.11381
158.000000 -0.11381
159.000000 -0.11381
160.000000 -0.11381
161.000000 -0.11381
162.000000 -0.11381
163.000000 -0.11381
164.000000 -0.11381
165.000000 -0.11381
166.000000 -0.11381
167.000000 -0.11381
168.000000 -0.11381
169.000000 -0.11381
170.000000 -0.11381
171.000000 -0.11381
172.000000 -0.11381
173.000000 -0.11381
174.000000 -0.11381
175.000000 -0.11381
176.000000 -0.11381
177.000000 -0.11381
178.000000 -0.11381
179.000000 -0.11381
180.000000 -0.11381
181.000000 -0.11381
182.000000 -0.11381
183.000000 -0.11381
184.000000 -0.11381
185.000000 -0.11381
186.000000 -0.11381
187.000000 -0.11381
188.000000 -0.11381
189.000000 -0.11381
190.000000 -0.11381
191.000000 -0.11381
192.000000 -0.11381
193.000000 -0.11381
194.000000 -0.11381
195.000000 -0.11381
196.000000 -0.11381
197.000000 -0.11381
198.000000 -0.11381
199.000000 -0.11381
