0.000000 0
1.000000 0
2.000000 0
3.000000 0
4.000000 0
5.000000 0
6.000000 0
7.000000 0
8.000000 0
9.000000 0
10.000000 0
11.000000 -0.0058654
12.000000 -0.016759
13.000000 -0.027533
14.000000 -0.036727
15.000000 -0.044151
16.000000 -0.050001
17.000000 -0.054562
18.000000 -0.058099
19.000000 -0.060835
20.000000 -0.062949
21.000000 -0.064581
22.000000 -0.065841
23.000000 -0.066814
24.000000 -0.067565
25.000000 -0.068144
26.000000 -0.068592
27.000000 -0.068937
28.000000 -0.069203
29.000000 -0.069409
30.000000 -0.069568
31.000000 -0.06969
32.000000 -0.069785
33.000000 -0.069858
34.000000 -0.069914
35.000000 -0.069957
36.000000 -0.069991
37.000000 -0.070017
38.000000 -0.070037
39.000000 -0.070052
40.000000 -0.070064
41.000000 -0.070073
42.000000 -0.07008
43.000000 -0.070086
44.000000 -0.07009
45.000000 -0.070093
46.000000 -0.070096
47.000000 -0.070098
48.000000 -0.070099
49.000000 -0.0701
50.000000 -0.070101
51.000000 -0.070102
52.000000 -0.070102
53.000000 -0.070103
54.000000 -0.070103
55.000000 -0.070103
56.000000 -0.070104
57.000000 -0.070104
58.000000 -0.070104
59.000000 -0.070104
60.000000 -0.070104
61.000000 -0.070104
62.000000 -0.070104
63.000000 -0.070104
64.000000 -0.070104
65.000000 -0.070104
66.000000 -0.070104
67.000000 -0.070104
68.000000 -0.070104
69.000000 -0.070104
70.000000 -0.070104
71.000000 -0.070104
72.000000 -0.070104
73.000000 -0.070104
74.000000 -0.070104
75.000000 -0.070104
76.000000 -0.070104
77.000000 -0.070104
78.000000 -0.070104
79.000000 -0.070104
80.000000 -0.070104
81.000000 -0.070104
82.000000 -0.070104
83.000000 -0.070104
84.000000 -0.070104
85.000000 -0.070104
86.000000 -0.070104
87.000000 -0.070104
88.000000 -0.070104
89.000000 -0.070104
90.000000 -0.070104
91.000000 -0.070104
92.000000 -0.070104
93.000000 -0.070104
94.000000 -0.070104
95.000000 -0.070104
96.000000 -0.070104
97.000000 -0.070104
98.000000 -0.070104
99.000000 -0.070104
100.000000 -0.070104
101.000000 -0.070104
102.000000 -0.070104
103.000000 -0.070104
104.000000 -0.070104
105.000000 -0.070104
106.000000 -0.070104
107.000000 -0.070104
108.000000 -0.070104
109.000000 -0.070104
110.000000 -0.070104
111.000000 -0.070104
112.000000 -0.070104
113.000000 -0.070104
114.000000 -0.070104
115.000000 -0.070104
116.000000 -0.070104
117.000000 -0.070104
118.000000 -0.070104
119.000000 -0.070104
120.000000 -0.070104
121.000000 -0.070104
122.000000 -0.070104
123.000000 -0.070104
124.000000 -0.070104
125.000000 -0.070104
126.000000 -0.070104
127.000000 -0.070104
128.000000 -0.070104
129.000000 -0.070104
130.000000 -0.070104
131.000000 -0.070104
132.000000 -0.070104
133.000000 -0.070104
134.000000 -0.070104
135.000000 -0.070104
136.000000 -0.070104
137.000000 -0.070104
138.000000 -0.070104
139.000000 -0.070104
140.000000 -0.070104
141.000000 -0.070104
142.000000 -0.070104
143.000000 -0.070104
144.000000 -0.070104
145.000000 -0.070104
146.000000 -0.070104
147.000000 -0.070104
148.000000 -0.070104
149.000000 -0.070104
150.000000 -0.070104
151.000000 -0.070104
152.000000 -0.070104
153.000000 -0.070104
154.000000 -0.070104
155.000000 -0.070104
156.000000 -0.070104
157.000000 -0.070104
158.000000 -0.070104
159.000000 -0.070104
160.000000 -0.070104
161.000000 -0.070104
162.000000 -0.070104
163.000000 -0.070104
164.000000 -0.070104
165.000000 -0.070104
166.000000 -0.070104
167.000000 -0.070104
168.000000 -0.070104
169.000000 -0.070104
170.000000 -0.070104
171.000000 -0.070104
172.000000 -0.070104
173.000000 -0.070104
174.000000 -0.070104
175.000000 -0.070104
176.000000 -0.070104
177.000000 -0.070104
178.000000 -0.070104
179.000000 -0.070104
180.000000 -0.070104
181.000000 -0.070104
182.000000 -0.070104
183.000000 -0.070104
184.000000 -0.070104
185.000000 -0.070104
186.000000 -0.070104
187.000000 -0.070104
188.000000 -0.070104
189.000000 -0.070104
190.000000 -0.070104
191.000000 -0.070104
192.000000 -0.070104
193.000000 -0.070104
194.000000 -0.070104
195.000000 -0.070104
196.000000 -0.070104
197.000000 -0.070104
198.000000 -0.070104
199.000000 -0.070104
