0.000000 0
1.000000 0
2.000000 0
3.000000 0
4.000000 0
5.000000 0
6.000000 0
7.000000 0
8.000000 0
9.000000 0
10.000000 0
11.000000 0.0087158
12.000000 0.029039
13.000000 0.054264
14.000000 0.080344
15.000000 0.10499
16.000000 0.12705
17.000000 0.14608
18.000000 0.16205
19.000000 0.17518
20.000000 0.18578
21.000000 0.19422
22.000000 0.20086
23.000000 0.20601
24.000000 0.20998
25.000000 0.21301
26.000000 0.2153
27.000000 0.21701
28.000000 0.21828
29.000000 0.21922
30.000000 0.21991
31.000000 0.2204
32.000000 0.22076
33.000000 0.22101
34.000000 0.22119
35.000000 0.22131
36.000000 0.2214
37.000000 0.22145
38.000000 0.22149
39.000000 0.22151
40.000000 0.22153
41.000000 0.22154
42.000000 0.22154
43.000000 0.22155
44.000000 0.22155
45.000000 0.22155
46.000000 0.22155
47.000000 0.22155
48.000000 0.22154
49.000000 0.22154
50.000000 0.22154
51.000000 0.22154
52.000000 0.22154
53.000000 0.22154
54.000000 0.22154
55.000000 0.22154
56.000000 0.22154
57.000000 0.22154
58.000000 0.22154
59.000000 0.22154
60.000000 0.22154
61.000000 0.22154
62.000000 0.22154
63.000000 0.22154
64.000000 0.22154
65.000000 0.22154
66.000000 0.22154
67.000000 0.22154
68.000000 0.22154
69.000000 0.22154
70.000000 0.22154
71.000000 0.22154
72.000000 0.22154
73.000000 0.22154
74.000000 0.22154
75.000000 0.22154
76.000000 0.22154
77.000000 0.22154
78.000000 0.22154
79.000000 0.22154
80.000000 0.22154
81.000000 0.22154
82.000000 0.22154
83.000000 0.22154
84.000000 0.22154
85.000000 0.22154
86.000000 0.22154
87.000000 0.22154
88.000000 0.22154
89.000000 0.22154
90.000000 0.22154
91.000000 0.22154
92.000000 0.22154
93.000000 0.22154
94.000000 0.22154
95.000000 0.22154
96.000000 0.22154
97.000000 0.22154
98.000000 0.22154
99.000000 0.22154
100.000000 0.22154
101.000000 0.22154
102.000000 0.22154
103.000000 0.22154
104.000000 0.22154
105.000000 0.22154
106.000000 0.22154
107.000000 0.22154
108.000000 0.22154
109.000000 0.22154
110.000000 0.22154
111.000000 0.22154
112.000000 0.22154
113.000000 0.22154
114.000000 0.22154
115.000000 0.22154
116.000000 0.22154
117.000000 0.22154
118.000000 0.22154
119.000000 0.22154
120.000000 0.22154
121.000000 0.22154
122.000000 0.22154
123.000000 0.22154
124.000000 0.22154
125.000000 0.22154
126.000000 0.22154
127.000000 0.22154
128.000000 0.22154
129.000000 0.22154
130.000000 0.22154
131.000000 0.22154
132.000000 0.22154
133.000000 0.22154
134.000000 0.22154
135.000000 0.22154
136.000000 0.22154
137.000000 0.22154
138.000000 0.22154
139.000000 0.22154
140.000000 0.22154
141.000000 0.22154
142.000000 0.22154
143.000000 0.22154
144.000000 0.22154
145.000000 0.22154
146.000000 0.22154
147.000000 0.22154
148.000000 0.22154
149.000000 0.22154
150.000000 0.22154
151.000000 0.22154
152.000000 0.22154
153.000000 0.22154
154.000000 0.22154
155.000000 0.22154
156.000000 0.22154
157.000000 0.22154
158.000000 0.22154
159.000000 0.22154
160.000000 0.22154
161.000000 0.22154
162.000000 0.22154
163.000000 0.22154
164.000000 0.22154
165.000000 0.22154
166.000000 0.22154
167.000000 0.22154
168.000000 0.22154
169.000000 0.22154
170.000000 0.22154
171.000000 0.22154
172.000000 0.22154
173.000000 0.22154
174.000000 0.22154
175.000000 0.22154
176.000000 0.22154
177.000000 0.22154
178.000000 0.22154
179.000000 0.22154
180.000000 0.22154
181.000000 0.22154
182.000000 0.22154
183.000000 0.22154
184.000000 0.22154
185.000000 0.22154
186.000000 0.22154
187.000000 0.22154
188.000000 0.22154
189.000000 0.22154
190.000000 0.22154
191.000000 0.22154
192.000000 0.22154
193.000000 0.22154
194.000000 0.22154
195.000000 0.22154
196.000000 0.22154
197.000000 0.22154
198.000000 0.22154
199.000000 0.22154
