0.000000 0
1.000000 0
2.000000 0
3.000000 0
4.000000 0
5.000000 0
6.000000 1
7.000000 0.33214
8.000000 0.35357
9.000000 0.375
10.000000 0.39643
11.000000 0.41786
12.000000 0.35651
13.000000 0.30882
14.000000 0.31516
15.000000 0.31849
16.000000 0.31897
17.000000 0.31669
18.000000 0.32739
19.000000 0.352
20.000000 0.37485
21.000000 0.3936
22.000000 0.40997
23.000000 0.42523
24.000000 0.43739
25.000000 0.44392
26.000000 0.44558
27.000000 0.44415
28.000000 0.44078
29.000000 0.436
30.000000 0.43048
31.000000 0.42537
32.000000 0.4217
33.000000 0.41999
34.000000 0.42036
35.000000 0.42277
36.000000 0.42703
37.000000 0.4327
38.000000 0.43914
39.000000 0.44568
40.000000 0.45172
41.000000 0.45678
42.000000 0.46054
43.000000 0.46284
44.000000 0.4637
45.000000 0.46329
46.000000 0.46191
47.000000 0.45991
48.000000 0.45768
49.000000 0.45558
50.000000 0.45392
51.000000 0.45293
52.000000 0.45274
53.000000 0.45336
54.000000 0.45472
55.000000 0.45665
56.000000 0.45893
57.000000 0.46132
58.000000 0.46359
59.000000 0.46553
60.000000 0.467
61.000000 0.46791
62.000000 0.46825
63.000000 0.46808
64.000000 0.46749
65.000000 0.46662
66.000000 0.46562
67.000000 0.46465
68.000000 0.46384
69.000000 0.46329
70.000000 0.46305
71.000000 0.46316
72.000000 0.46358
73.000000 0.46425
74.000000 0.46509
75.000000 0.46601
76.000000 0.4669
77.000000 0.46769
78.000000 0.46829
79.000000 0.46868
80.000000 0.46883
81.000000 0.46876
82.000000 0.46852
83.000000 0.46814
84.000000 0.46771
85.000000 0.46726
86.000000 0.46688
87.000000 0.46659
88.000000 0.46644
89.000000 0.46642
90.000000 0.46654
91.000000 0.46678
92.000000 0.4671
93.000000 0.46746
94.000000 0.46782
95.000000 0.46814
96.000000 0.4684
97.000000 0.46857
98.000000 0.46864
99.000000 0.46862
100.000000 0.46852
101.000000 0.46837
102.000000 0.46818
103.000000 0.46799
104.000000 0.46781
105.000000 0.46767
106.000000 0.46758
107.000000 0.46756
108.000000 0.46759
109.000000 0.46767
110.000000 0.46779
111.000000 0.46793
112.000000 0.46808
113.000000 0.46821
114.000000 0.46832
115.000000 0.4684
116.000000 0.46844
117.000000 0.46843
118.000000 0.4684
119.000000 0.46834
120.000000 0.46826
121.000000 0.46817
122.000000 0.46809
123.000000 0.46803
124.000000 0.46798
125.000000 0.46796
126.000000 0.46797
127.000000 0.468
128.000000 0.46804
129.000000 0.4681
130.000000 0.46816
131.000000 0.46822
132.000000 0.46826
133.000000 0.4683
134.000000 0.46832
135.000000 0.46832
136.000000 0.46831
137.000000 0.46828
138.000000 0.46825
139.000000 0.46821
140.000000 0.46818
141.000000 0.46815
142.000000 0.46813
143.000000 0.46812
144.000000 0.46812
145.000000 0.46813
146.000000 0.46814
147.000000 0.46816
148.000000 0.46819
149.000000 0.46821
150.000000 0.46823
151.000000 0.46825
152.000000 0.46826
153.000000 0.46826
154.000000 0.46826
155.000000 0.46825
156.000000 0.46823
157.000000 0.46822
158.000000 0.4682
159.000000 0.46819
160.000000 0.46818
161.000000 0.46818
162.000000 0.46817
163.000000 0.46818
164.000000 0.46818
165.000000 0.46819
166.000000 0.4682
167.000000 0.46821
168.000000 0.46822
169.000000 0.46823
170.000000 0.46823
171.000000 0.46823
172.000000 0.46823
173.000000 0.46823
174.000000 0.46822
175.000000 0.46822
176.000000 0.46821
177.000000 0.46821
178.000000 0.4682
179.000000 0.4682
180.000000 0.4682
181.000000 0.4682
182.000000 0.4682
183.000000 0.4682
184.000000 0.46821
185.000000 0.46821
186.000000 0.46822
187.000000 0.46822
188.000000 0.46822
189.000000 0.46822
190.000000 0.46822
191.000000 0.46822
192.000000 0.46822
193.000000 0.46822
194.000000 0.46821
195.000000 0.46821
196.000000 0.46821
197.000000 0.46821
198.000000 0.46821
199.000000 0.46821
200.000000 0.46821
201.000000 0.46821
202.000000 0.46821
203.000000 0.46821
204.000000 0.46821
205.000000 0.46821
206.000000 0.46822
207.000000 0.46822
208.000000 0.46822
209.000000 0.46822
210.000000 0.46822
211.000000 0.46821
212.000000 0.46821
213.000000 0.46821
214.000000 0.46821
215.000000 0.46821
216.000000 0.46821
217.000000 0.46821
218.000000 0.46821
219.000000 0.46821
220.000000 0.46821
221.000000 0.46821
222.000000 0.46821
223.000000 0.46821
224.000000 0.46821
225.000000 0.46821
226.000000 0.46821
227.000000 0.46821
228.000000 0.46821
229.000000 0.46821
230.000000 0.46821
231.000000 0.46821
232.000000 0.46821
233.000000 0.46821
234.000000 0.46821
235.000000 0.46821
236.000000 0.46821
237.000000 0.46821
238.000000 0.46821
239.000000 0.46821
240.000000 0.46821
241.000000 0.46821
242.000000 0.46821
243.000000 0.46821
244.000000 0.46821
245.000000 0.46821
246.000000 0.46821
247.000000 0.46821
248.000000 0.46821
249.000000 0.46821
250.000000 0.46821
251.000000 1
252.000000 1
253.000000 1
254.000000 1
255.000000 1
256.000000 1
257.000000 1
258.000000 1
259.000000 1
260.000000 1
261.000000 1
262.000000 0.97481
263.000000 0.93226
264.000000 0.89298
265.000000 0.85638
266.000000 0.82197
267.000000 0.78932
268.000000 0.76316
269.000000 0.74874
270.000000 0.74615
271.000000 0.75394
272.000000 0.77079
273.000000 0.79555
274.000000 0.82587
275.000000 0.85773
276.000000 0.88714
277.000000 0.91109
278.000000 0.92755
279.000000 0.93523
280.000000 0.93366
281.000000 0.92336
282.000000 0.90575
283.000000 0.88279
284.000000 0.85675
285.000000 0.83001
286.000000 0.80496
287.000000 0.7838
288.000000 0.76836
289.000000 0.7599
290.000000 0.75903
291.000000 0.76562
292.000000 0.77883
293.000000 0.79708
294.000000 0.81829
295.000000 0.84012
296.000000 0.86025
297.000000 0.87665
298.000000 0.88785
299.000000 0.893
300.000000 0.89192
301.000000 0.88503
302.000000 0.87329
303.000000 0.85801
304.000000 0.84076
305.000000 0.82322
306.000000 0.80701
307.000000 0.79359
308.000000 0.78413
309.000000 0.77941
310.000000 0.77973
311.000000 0.78492
312.000000 0.7943
313.000000 0.8068
314.000000 0.82102
315.000000 0.83546
316.000000 0.84863
317.000000 0.85928
318.000000 0.86646
319.000000 0.86965
320.000000 0.86874
321.000000 0.86402
322.000000 0.85613
323.000000 0.84597
324.000000 0.8346
325.000000 0.82313
326.000000 0.81264
327.000000 0.80411
328.000000 0.79826
329.000000 0.79556
330.000000 0.79618
331.000000 0.79994
332.000000 0.80636
333.000000 0.81471
334.000000 0.82408
335.000000 0.83348
336.000000 0.84199
337.000000 0.8488
338.000000 0.85331
339.000000 0.8552
340.000000 0.85441
341.000000 0.85114
342.000000 0.84583
343.000000 0.83907
344.000000 0.83156
345.000000 0.82407
346.000000 0.81729
347.000000 0.81185
348.000000 0.80822
349.000000 0.80668
350.000000 0.80731
351.000000 0.80997
352.000000 0.81432
353.000000 0.81987
354.000000 0.82601
355.000000 0.83213
356.000000 0.83761
357.000000 0.84194
358.000000 0.84476
359.000000 0.84585
360.000000 0.84519
361.000000 0.84293
362.000000 0.83934
363.000000 0.83485
364.000000 0.82991
365.000000 0.82501
366.000000 0.82064
367.000000 0.81717
368.000000 0.81493
369.000000 0.81406
370.000000 0.81461
371.000000 0.81647
372.000000 0.81941
373.000000 0.82309
374.000000 0.82712
375.000000 0.83109
376.000000 0.83462
377.000000 0.83738
378.000000 0.83913
379.000000 0.83974
380.000000 0.83921
381.000000 0.83765
382.000000 0.83524
383.000000 0.83225
384.000000 0.829
385.000000 0.82581
386.000000 0.82299
387.000000 0.82079
388.000000 0.8194
389.000000 0.81893
390.000000 0.81938
391.000000 0.82067
392.000000 0.82264
393.000000 0.82508
394.000000 0.82773
395.000000 0.83031
396.000000 0.83258
397.000000 0.83433
398.000000 0.83541
399.000000 0.83574
400.000000 0.83534
401.000000 0.83425
402.000000 0.83263
403.000000 0.83066
404.000000 0.82852
405.000000 0.82645
406.000000 0.82463
407.000000 0.82324
408.000000 0.82238
409.000000 0.82213
410.000000 0.82248
411.000000 0.82337
412.000000 0.8247
413.000000 0.82631
414.000000 0.82805
415.000000 0.82972
416.000000 0.83118
417.000000 0.83229
418.000000 0.83295
419.000000 0.83313
420.000000 0.83282
421.000000 0.83208
422.000000 0.83099
423.000000 0.82968
424.000000 0.82828
425.000000 0.82693
426.000000 0.82576
427.000000 0.82488
428.000000 0.82436
429.000000 0.82423
430.000000 0.82449
431.000000 0.82511
432.000000 0.826
433.000000 0.82707
434.000000 0.8282
435.000000 0.82929
436.000000 0.83023
437.000000 0.83093
438.000000 0.83133
439.000000 0.83142
440.000000 0.83119
441.000000 0.83068
442.000000 0.82995
443.000000 0.82908
444.000000 0.82817
445.000000 0.82729
446.000000 0.82654
447.000000 0.82599
448.000000 0.82567
449.000000 0.82561
450.000000 0.8258
451.000000 0.82622
452.000000 0.82682
453.000000 0.82753
454.000000 0.82827
455.000000 0.82897
456.000000 0.82958
457.000000 0.83002
458.000000 0.83027
459.000000 0.8303
460.000000 0.83013
461.000000 0.82979
462.000000 0.8293
463.000000 0.82873
464.000000 0.82813
465.000000 0.82756
466.000000 0.82708
467.000000 0.82673
468.000000 0.82653
469.000000 0.82651
470.000000 0.82665
471.000000 0.82694
472.000000 0.82734
473.000000 0.8278
474.000000 0.82829
475.000000 0.82875
476.000000 0.82913
477.000000 0.82941
478.000000 0.82956
479.000000 0.82957
480.000000 0.82945
481.000000 0.82921
482.000000 0.82889
483.000000 0.82851
484.000000 0.82812
485.000000 0.82775
486.000000 0.82744
487.000000 0.82722
488.000000 0.8271
489.000000 0.8271
490.000000 0.8272
491.000000 0.8274
492.000000 0.82766
493.000000 0.82797
494.000000 0.82829
495.000000 0.82858
496.000000 0.82883
497.000000 0.82901
498.000000 0.8291
499.000000 0.8291
