0.000000 0
1.000000 0
2.000000 0
3.000000 0
4.000000 0
5.000000 0
6.000000 0.26304
7.000000 0.31402
8.000000 0.31402
9.000000 0.30309
10.000000 0.29104
11.000000 0.28018
12.000000 0.27145
13.000000 0.26581
14.000000 0.26387
15.000000 0.26581
16.000000 0.2714
17.000000 0.28003
18.000000 0.29093
19.000000 0.30325
20.000000 0.31617
21.000000 0.32898
22.000000 0.34112
23.000000 0.35224
24.000000 0.36213
25.000000 0.37073
26.000000 0.37812
27.000000 0.38441
28.000000 0.38978
29.000000 0.3944
30.000000 0.39846
31.000000 0.40211
32.000000 0.40549
33.000000 0.40869
34.000000 0.4118
35.000000 0.41486
36.000000 0.41789
37.000000 0.42089
38.000000 0.42387
39.000000 0.42678
40.000000 0.42962
41.000000 0.43235
42.000000 0.43496
43.000000 0.43741
44.000000 0.4397
45.000000 0.44182
46.000000 0.44376
47.000000 0.44554
48.000000 0.44716
49.000000 0.44863
50.000000 0.44997
51.000000 0.45118
52.000000 0.4523
53.000000 0.45332
54.000000 0.45427
55.000000 0.45516
56.000000 0.45602
57.000000 0.45677
58.000000 0.45747
59.000000 0.45814
60.000000 0.45878
61.000000 0.4594
62.000000 0.46
63.000000 0.46057
64.000000 0.46112
65.000000 0.46163
66.000000 0.46211
67.000000 0.46256
68.000000 0.46297
69.000000 0.46336
70.000000 0.46371
71.000000 0.46402
72.000000 0.46432
73.000000 0.46458
74.000000 0.46482
75.000000 0.46505
76.000000 0.46525
77.000000 0.46545
78.000000 0.46563
79.000000 0.46579
80.000000 0.46595
81.000000 0.4661
82.000000 0.46624
83.000000 0.46638
84.000000 0.4665
85.000000 0.46662
86.000000 0.46673
87.000000 0.46684
88.000000 0.46694
89.000000 0.46703
90.000000 0.46711
91.000000 0.46719
92.000000 0.46726
93.000000 0.46733
94.000000 0.46739
95.000000 0.46744
96.000000 0.4675
97.000000 0.46754
98.000000 0.46759
99.000000 0.46763
100.000000 0.46767
101.000000 0.46771
102.000000 0.46774
103.000000 0.46777
104.000000 0.4678
105.000000 0.46783
106.000000 0.46786
107.000000 0.46788
108.000000 0.4679
109.000000 0.46793
110.000000 0.46795
111.000000 0.46796
112.000000 0.46798
113.000000 0.468
114.000000 0.46801
115.000000 0.46803
116.000000 0.46804
117.000000 0.46805
118.000000 0.46806
119.000000 0.46807
120.000000 0.46808
121.000000 0.46809
122.000000 0.4681
123.000000 0.46811
124.000000 0.46811
125.000000 0.46812
126.000000 0.46813
127.000000 0.46813
128.000000 0.46814
129.000000 0.46814
130.000000 0.46815
131.000000 0.46815
132.000000 0.46816
133.000000 0.46816
134.000000 0.46816
135.000000 0.46817
136.000000 0.46817
137.000000 0.46817
138.000000 0.46818
139.000000 0.46818
140.000000 0.46818
141.000000 0.46818
142.000000 0.46819
143.000000 0.46819
144.000000 0.46819
145.000000 0.46819
146.000000 0.46819
147.000000 0.46819
148.000000 0.46819
149.000000 0.4682
150.000000 0.4682
151.000000 0.4682
152.000000 0.4682
153.000000 0.4682
154.000000 0.4682
155.000000 0.4682
156.000000 0.4682
157.000000 0.4682
158.000000 0.4682
159.000000 0.4682
160.000000 0.4682
161.000000 0.46821
162.000000 0.46821
163.000000 0.46821
164.000000 0.46821
165.000000 0.46821
166.000000 0.46821
167.000000 0.46821
168.000000 0.46821
169.000000 0.46821
170.000000 0.46821
171.000000 0.46821
172.000000 0.46821
173.000000 0.46821
174.000000 0.46821
175.000000 0.46821
176.000000 0.46821
177.000000 0.46821
178.000000 0.46821
179.000000 0.46821
180.000000 0.46821
181.000000 0.46821
182.000000 0.46821
183.000000 0.46821
184.000000 0.46821
185.000000 0.46821
186.000000 0.46821
187.000000 0.46821
188.000000 0.46821
189.000000 0.46821
190.000000 0.46821
191.000000 0.46821
192.000000 0.46821
193.000000 0.46821
194.000000 0.46821
195.000000 0.46821
196.000000 0.46821
197.000000 0.46821
198.000000 0.46821
199.000000 0.46821
200.000000 0.46821
201.000000 0.46821
202.000000 0.46821
203.000000 0.46821
204.000000 0.46821
205.000000 0.46821
206.000000 0.46821
207.000000 0.46821
208.000000 0.46821
209.000000 0.46821
210.000000 0.46821
211.000000 0.46821
212.000000 0.46821
213.000000 0.46821
214.000000 0.46821
215.000000 0.46821
216.000000 0.46821
217.000000 0.46821
218.000000 0.46821
219.000000 0.46821
220.000000 0.46821
221.000000 0.46821
222.000000 0.46821
223.000000 0.46821
224.000000 0.46821
225.000000 0.46821
226.000000 0.46821
227.000000 0.46821
228.000000 0.46821
229.000000 0.46821
230.000000 0.46821
231.000000 0.46821
232.000000 0.46821
233.000000 0.46821
234.000000 0.46821
235.000000 0.46821
236.000000 0.46821
237.000000 0.46821
238.000000 0.46821
239.000000 0.46821
240.000000 0.46821
241.000000 0.46821
242.000000 0.46821
243.000000 0.46821
244.000000 0.46821
245.000000 0.46821
246.000000 0.46821
247.000000 0.46821
248.000000 0.46821
249.000000 0.46821
250.000000 0.99429
251.000000 1
252.000000 1
253.000000 0.97813
254.000000 0.95404
255.000000 0.93231
256.000000 0.90746
257.000000 0.8813
258.000000 0.85639
259.000000 0.83379
260.000000 0.81409
261.000000 0.79764
262.000000 0.78464
263.000000 0.77522
264.000000 0.7694
265.000000 0.76702
266.000000 0.7678
267.000000 0.77132
268.000000 0.77706
269.000000 0.78446
270.000000 0.79292
271.000000 0.80184
272.000000 0.81071
273.000000 0.81906
274.000000 0.82652
275.000000 0.83284
276.000000 0.83786
277.000000 0.84153
278.000000 0.84386
279.000000 0.84495
280.000000 0.84494
281.000000 0.844
282.000000 0.84234
283.000000 0.84014
284.000000 0.83762
285.000000 0.83496
286.000000 0.83231
287.000000 0.82982
288.000000 0.82759
289.000000 0.8257
290.000000 0.82421
291.000000 0.82314
292.000000 0.82248
293.000000 0.82221
294.000000 0.8223
295.000000 0.82268
296.000000 0.8233
297.000000 0.82409
298.000000 0.82498
299.000000 0.82591
300.000000 0.82689
301.000000 0.82769
302.000000 0.82835
303.000000 0.82891
304.000000 0.82936
305.000000 0.82969
306.000000 0.8299
307.000000 0.82998
308.000000 0.82996
309.000000 0.82985
310.000000 0.82967
311.000000 0.82945
312.000000 0.82919
313.000000 0.82892
314.000000 0.82865
315.000000 0.82839
316.000000 0.82817
317.000000 0.82798
318.000000 0.82783
319.000000 0.82771
320.000000 0.82765
321.000000 0.82761
322.000000 0.82762
323.000000 0.82765
324.000000 0.82771
325.000000 0.82778
326.000000 0.82787
327.000000 0.82795
328.000000 0.82804
329.000000 0.82813
330.000000 0.8282
331.000000 0.82827
332.000000 0.82832
333.000000 0.82836
334.000000 0.82838
335.000000 0.82839
336.000000 0.82839
337.000000 0.82838
338.000000 0.82837
339.000000 0.82834
340.000000 0.82832
341.000000 0.82829
342.000000 0.82826
343.000000 0.82823
344.000000 0.82821
345.000000 0.82818
346.000000 0.82817
347.000000 0.82815
348.000000 0.82815
349.000000 0.82814
350.000000 0.82814
351.000000 0.82814
352.000000 0.82815
353.000000 0.82816
354.000000 0.82816
355.000000 0.82817
356.000000 0.82818
357.000000 0.82819
358.000000 0.8282
359.000000 0.82821
360.000000 0.82821
361.000000 0.82822
362.000000 0.82822
363.000000 0.82822
364.000000 0.82822
365.000000 0.82822
366.000000 0.82822
367.000000 0.82822
368.000000 0.82822
369.000000 0.82821
370.000000 0.82821
371.000000 0.82821
372.000000 0.8282
373.000000 0.8282
374.000000 0.8282
375.000000 0.8282
376.000000 0.8282
377.000000 0.8282
378.000000 0.8282
379.000000 0.8282
380.000000 0.8282
381.000000 0.8282
382.000000 0.8282
383.000000 0.8282
384.000000 0.8282
385.000000 0.8282
386.000000 0.8282
387.000000 0.8282
388.000000 0.8282
389.000000 0.8282
390.000000 0.8282
391.000000 0.82821
392.000000 0.82821
393.000000 0.82821
394.000000 0.8282
395.000000 0.8282
396.000000 0.8282
397.000000 0.8282
398.000000 0.8282
399.000000 0.8282
400.000000 0.8282
401.000000 0.8282
402.000000 0.8282
403.000000 0.8282
404.000000 0.8282
405.000000 0.8282
406.000000 0.8282
407.000000 0.8282
408.000000 0.8282
409.000000 0.8282
410.000000 0.8282
411.000000 0.8282
412.000000 0.8282
413.000000 0.8282
414.000000 0.8282
415.000000 0.8282
416.000000 0.8282
417.000000 0.8282
418.000000 0.8282
419.000000 0.8282
420.000000 0.8282
421.000000 0.8282
422.000000 0.8282
423.000000 0.8282
424.000000 0.8282
425.000000 0.8282
426.000000 0.8282
427.000000 0.8282
428.000000 0.8282
429.000000 0.8282
430.000000 0.8282
431.000000 0.8282
432.000000 0.8282
433.000000 0.8282
434.000000 0.8282
435.000000 0.8282
436.000000 0.8282
437.000000 0.8282
438.000000 0.8282
439.000000 0.8282
440.000000 0.8282
441.000000 0.8282
442.000000 0.8282
443.000000 0.8282
444.000000 0.8282
445.000000 0.8282
446.000000 0.8282
447.000000 0.8282
448.000000 0.8282
449.000000 0.8282
450.000000 0.8282
451.000000 0.8282
452.000000 0.8282
453.000000 0.8282
454.000000 0.8282
455.000000 0.8282
456.000000 0.8282
457.000000 0.8282
458.000000 0.8282
459.000000 0.8282
460.000000 0.8282
461.000000 0.8282
462.000000 0.8282
463.000000 0.8282
464.000000 0.8282
465.000000 0.8282
466.000000 0.8282
467.000000 0.8282
468.000000 0.8282
469.000000 0.8282
470.000000 0.8282
471.000000 0.8282
472.000000 0.8282
473.000000 0.8282
474.000000 0.8282
475.000000 0.8282
476.000000 0.8282
477.000000 0.8282
478.000000 0.8282
479.000000 0.8282
480.000000 0.8282
481.000000 0.8282
482.000000 0.8282
483.000000 0.8282
484.000000 0.8282
485.000000 0.8282
486.000000 0.8282
487.000000 0.8282
488.000000 0.8282
489.000000 0.8282
490.000000 0.8282
491.000000 0.8282
492.000000 0.8282
493.000000 0.8282
494.000000 0.8282
495.000000 0.8282
496.000000 0.8282
497.000000 0.8282
498.000000 0.8282
499.000000 0.8282
