1.0000 1.0000
2.0000 1.0000
3.0000 1.0000
4.0000 1.0000
5.0000 1.0000
6.0000 1.0000
7.0000 1.0000
8.0000 1.0000
9.0000 1.0000
10.0000 1.0000
11.0000 1.0000
12.0000 1.0000
13.0000 1.0000
14.0000 1.0000
15.0000 1.0000
16.0000 1.0000
17.0000 1.0000
18.0000 1.0000
19.0000 1.0000
20.0000 1.0000
21.0000 1.0000
22.0000 1.0000
23.0000 1.0000
24.0000 1.0000
25.0000 1.0000
26.0000 1.0000
27.0000 1.0000
28.0000 1.0000
29.0000 1.0000
30.0000 1.0000
31.0000 1.0000
32.0000 1.0000
33.0000 1.0000
34.0000 1.0000
35.0000 1.0000
36.0000 1.0000
37.0000 1.0000
38.0000 1.0000
39.0000 1.0000
40.0000 1.0000
41.0000 1.0000
42.0000 1.0000
43.0000 1.0000
44.0000 1.0000
45.0000 1.0000
46.0000 1.0000
47.0000 1.0000
48.0000 1.0000
49.0000 1.0000
50.0000 1.0000
51.0000 1.0000
52.0000 1.0000
53.0000 1.0000
54.0000 1.0000
55.0000 1.0000
56.0000 1.0000
57.0000 1.0000
58.0000 1.0000
59.0000 1.0000
60.0000 1.0000
61.0000 1.0000
62.0000 1.0000
63.0000 1.0000
64.0000 1.0000
65.0000 1.0000
66.0000 1.0000
67.0000 1.0000
68.0000 1.0000
69.0000 1.0000
70.0000 1.0000
71.0000 1.0000
72.0000 1.0000
73.0000 1.0000
74.0000 1.0000
75.0000 1.0000
76.0000 1.0000
77.0000 1.0000
78.0000 1.0000
79.0000 1.0000
80.0000 1.0000
81.0000 1.0000
82.0000 1.0000
83.0000 1.0000
84.0000 1.0000
85.0000 1.0000
86.0000 1.0000
87.0000 1.0000
88.0000 1.0000
89.0000 1.0000
90.0000 1.0000
91.0000 1.0000
92.0000 1.0000
93.0000 1.0000
94.0000 1.0000
95.0000 1.0000
96.0000 1.0000
97.0000 1.0000
98.0000 1.0000
99.0000 1.0000
100.0000 1.0000
101.0000 1.0000
102.0000 1.0000
103.0000 1.0000
104.0000 1.0000
105.0000 1.0000
106.0000 1.0000
107.0000 1.0000
108.0000 1.0000
109.0000 1.0000
110.0000 1.0000
111.0000 1.0000
112.0000 1.0000
113.0000 1.0000
114.0000 1.0000
115.0000 1.0000
116.0000 1.0000
117.0000 1.0000
118.0000 1.0000
119.0000 1.0000
120.0000 1.0000
121.0000 1.0000
122.0000 1.0000
123.0000 1.0000
124.0000 1.0000
125.0000 1.0000
126.0000 1.0000
127.0000 1.0000
128.0000 1.0000
129.0000 1.0000
130.0000 1.0000
131.0000 1.0000
132.0000 1.0000
133.0000 1.0000
134.0000 1.0000
135.0000 1.0000
136.0000 1.0000
137.0000 1.0000
138.0000 1.0000
139.0000 1.0000
140.0000 1.0000
141.0000 1.0000
142.0000 1.0000
143.0000 1.0000
144.0000 1.0000
145.0000 1.0000
146.0000 1.0000
147.0000 1.0000
148.0000 1.0000
149.0000 1.0000
150.0000 1.0000
151.0000 1.0000
152.0000 1.0000
153.0000 1.0000
154.0000 1.0000
155.0000 1.0000
156.0000 1.0000
157.0000 1.0000
158.0000 1.0000
159.0000 1.0000
160.0000 1.0000
161.0000 1.0000
162.0000 1.0000
163.0000 1.0000
164.0000 1.0000
165.0000 1.0000
166.0000 1.0000
167.0000 1.0000
168.0000 1.0000
169.0000 1.0000
170.0000 1.0000
171.0000 1.0000
172.0000 1.0000
173.0000 1.0000
174.0000 1.0000
175.0000 1.0000
176.0000 1.0000
177.0000 1.0000
178.0000 1.0000
179.0000 1.0000
180.0000 1.0000
181.0000 1.0000
182.0000 1.0000
183.0000 1.0000
184.0000 1.0000
185.0000 1.0000
186.0000 1.0000
187.0000 1.0000
188.0000 1.0000
189.0000 1.0000
190.0000 1.0000
191.0000 1.0000
192.0000 1.0000
193.0000 1.0000
194.0000 1.0000
195.0000 1.0000
196.0000 1.0000
197.0000 1.0000
198.0000 1.0000
199.0000 1.0000
200.0000 1.0000
201.0000 1.0000
202.0000 1.0000
203.0000 1.0000
204.0000 1.0000
205.0000 1.0000
206.0000 1.0000
207.0000 1.0000
208.0000 1.0000
209.0000 1.0000
210.0000 1.0000
211.0000 1.0000
212.0000 1.0000
213.0000 1.0000
214.0000 1.0000
215.0000 1.0000
216.0000 1.0000
217.0000 1.0000
218.0000 1.0000
219.0000 1.0000
220.0000 1.0000
221.0000 1.0000
222.0000 1.0000
223.0000 1.0000
224.0000 1.0000
225.0000 1.0000
226.0000 1.0000
227.0000 1.0000
228.0000 1.0000
229.0000 1.0000
230.0000 1.0000
231.0000 1.0000
232.0000 1.0000
233.0000 1.0000
234.0000 1.0000
235.0000 1.0000
236.0000 1.0000
237.0000 1.0000
238.0000 1.0000
239.0000 1.0000
240.0000 1.0000
241.0000 1.0000
242.0000 1.0000
243.0000 1.0000
244.0000 1.0000
245.0000 1.0000
246.0000 1.0000
247.0000 1.0000
248.0000 1.0000
249.0000 1.0000
250.0000 1.0000
251.0000 3.0000
252.0000 3.0000
253.0000 3.0000
254.0000 3.0000
255.0000 3.0000
256.0000 3.0000
257.0000 3.0000
258.0000 3.0000
259.0000 3.0000
260.0000 3.0000
261.0000 3.0000
262.0000 3.0000
263.0000 3.0000
264.0000 3.0000
265.0000 3.0000
266.0000 3.0000
267.0000 3.0000
268.0000 3.0000
269.0000 3.0000
270.0000 3.0000
271.0000 3.0000
272.0000 3.0000
273.0000 3.0000
274.0000 3.0000
275.0000 3.0000
276.0000 3.0000
277.0000 3.0000
278.0000 3.0000
279.0000 3.0000
280.0000 3.0000
281.0000 3.0000
282.0000 3.0000
283.0000 3.0000
284.0000 3.0000
285.0000 3.0000
286.0000 3.0000
287.0000 3.0000
288.0000 3.0000
289.0000 3.0000
290.0000 3.0000
291.0000 3.0000
292.0000 3.0000
293.0000 3.0000
294.0000 3.0000
295.0000 3.0000
296.0000 3.0000
297.0000 3.0000
298.0000 3.0000
299.0000 3.0000
300.0000 3.0000
301.0000 3.0000
302.0000 3.0000
303.0000 3.0000
304.0000 3.0000
305.0000 3.0000
306.0000 3.0000
307.0000 3.0000
308.0000 3.0000
309.0000 3.0000
310.0000 3.0000
311.0000 3.0000
312.0000 3.0000
313.0000 3.0000
314.0000 3.0000
315.0000 3.0000
316.0000 3.0000
317.0000 3.0000
318.0000 3.0000
319.0000 3.0000
320.0000 3.0000
321.0000 3.0000
322.0000 3.0000
323.0000 3.0000
324.0000 3.0000
325.0000 3.0000
326.0000 3.0000
327.0000 3.0000
328.0000 3.0000
329.0000 3.0000
330.0000 3.0000
331.0000 3.0000
332.0000 3.0000
333.0000 3.0000
334.0000 3.0000
335.0000 3.0000
336.0000 3.0000
337.0000 3.0000
338.0000 3.0000
339.0000 3.0000
340.0000 3.0000
341.0000 3.0000
342.0000 3.0000
343.0000 3.0000
344.0000 3.0000
345.0000 3.0000
346.0000 3.0000
347.0000 3.0000
348.0000 3.0000
349.0000 3.0000
350.0000 3.0000
351.0000 3.0000
352.0000 3.0000
353.0000 3.0000
354.0000 3.0000
355.0000 3.0000
356.0000 3.0000
357.0000 3.0000
358.0000 3.0000
359.0000 3.0000
360.0000 3.0000
361.0000 3.0000
362.0000 3.0000
363.0000 3.0000
364.0000 3.0000
365.0000 3.0000
366.0000 3.0000
367.0000 3.0000
368.0000 3.0000
369.0000 3.0000
370.0000 3.0000
371.0000 3.0000
372.0000 3.0000
373.0000 3.0000
374.0000 3.0000
375.0000 3.0000
376.0000 3.0000
377.0000 3.0000
378.0000 3.0000
379.0000 3.0000
380.0000 3.0000
381.0000 3.0000
382.0000 3.0000
383.0000 3.0000
384.0000 3.0000
385.0000 3.0000
386.0000 3.0000
387.0000 3.0000
388.0000 3.0000
389.0000 3.0000
390.0000 3.0000
391.0000 3.0000
392.0000 3.0000
393.0000 3.0000
394.0000 3.0000
395.0000 3.0000
396.0000 3.0000
397.0000 3.0000
398.0000 3.0000
399.0000 3.0000
400.0000 3.0000
401.0000 3.0000
402.0000 3.0000
403.0000 3.0000
404.0000 3.0000
405.0000 3.0000
406.0000 3.0000
407.0000 3.0000
408.0000 3.0000
409.0000 3.0000
410.0000 3.0000
411.0000 3.0000
412.0000 3.0000
413.0000 3.0000
414.0000 3.0000
415.0000 3.0000
416.0000 3.0000
417.0000 3.0000
418.0000 3.0000
419.0000 3.0000
420.0000 3.0000
421.0000 3.0000
422.0000 3.0000
423.0000 3.0000
424.0000 3.0000
425.0000 3.0000
426.0000 3.0000
427.0000 3.0000
428.0000 3.0000
429.0000 3.0000
430.0000 3.0000
431.0000 3.0000
432.0000 3.0000
433.0000 3.0000
434.0000 3.0000
435.0000 3.0000
436.0000 3.0000
437.0000 3.0000
438.0000 3.0000
439.0000 3.0000
440.0000 3.0000
441.0000 3.0000
442.0000 3.0000
443.0000 3.0000
444.0000 3.0000
445.0000 3.0000
446.0000 3.0000
447.0000 3.0000
448.0000 3.0000
449.0000 3.0000
450.0000 3.0000
451.0000 3.0000
452.0000 3.0000
453.0000 3.0000
454.0000 3.0000
455.0000 3.0000
456.0000 3.0000
457.0000 3.0000
458.0000 3.0000
459.0000 3.0000
460.0000 3.0000
461.0000 3.0000
462.0000 3.0000
463.0000 3.0000
464.0000 3.0000
465.0000 3.0000
466.0000 3.0000
467.0000 3.0000
468.0000 3.0000
469.0000 3.0000
470.0000 3.0000
471.0000 3.0000
472.0000 3.0000
473.0000 3.0000
474.0000 3.0000
475.0000 3.0000
476.0000 3.0000
477.0000 3.0000
478.0000 3.0000
479.0000 3.0000
480.0000 3.0000
481.0000 3.0000
482.0000 3.0000
483.0000 3.0000
484.0000 3.0000
485.0000 3.0000
486.0000 3.0000
487.0000 3.0000
488.0000 3.0000
489.0000 3.0000
490.0000 3.0000
491.0000 3.0000
492.0000 3.0000
493.0000 3.0000
494.0000 3.0000
495.0000 3.0000
496.0000 3.0000
497.0000 3.0000
498.0000 3.0000
499.0000 3.0000
500.0000 3.0000
501.0000 2.0000
502.0000 2.0000
503.0000 2.0000
504.0000 2.0000
505.0000 2.0000
506.0000 2.0000
507.0000 2.0000
508.0000 2.0000
509.0000 2.0000
510.0000 2.0000
511.0000 2.0000
512.0000 2.0000
513.0000 2.0000
514.0000 2.0000
515.0000 2.0000
516.0000 2.0000
517.0000 2.0000
518.0000 2.0000
519.0000 2.0000
520.0000 2.0000
521.0000 2.0000
522.0000 2.0000
523.0000 2.0000
524.0000 2.0000
525.0000 2.0000
526.0000 2.0000
527.0000 2.0000
528.0000 2.0000
529.0000 2.0000
530.0000 2.0000
531.0000 2.0000
532.0000 2.0000
533.0000 2.0000
534.0000 2.0000
535.0000 2.0000
536.0000 2.0000
537.0000 2.0000
538.0000 2.0000
539.0000 2.0000
540.0000 2.0000
541.0000 2.0000
542.0000 2.0000
543.0000 2.0000
544.0000 2.0000
545.0000 2.0000
546.0000 2.0000
547.0000 2.0000
548.0000 2.0000
549.0000 2.0000
550.0000 2.0000
551.0000 2.0000
552.0000 2.0000
553.0000 2.0000
554.0000 2.0000
555.0000 2.0000
556.0000 2.0000
557.0000 2.0000
558.0000 2.0000
559.0000 2.0000
560.0000 2.0000
561.0000 2.0000
562.0000 2.0000
563.0000 2.0000
564.0000 2.0000
565.0000 2.0000
566.0000 2.0000
567.0000 2.0000
568.0000 2.0000
569.0000 2.0000
570.0000 2.0000
571.0000 2.0000
572.0000 2.0000
573.0000 2.0000
574.0000 2.0000
575.0000 2.0000
576.0000 2.0000
577.0000 2.0000
578.0000 2.0000
579.0000 2.0000
580.0000 2.0000
581.0000 2.0000
582.0000 2.0000
583.0000 2.0000
584.0000 2.0000
585.0000 2.0000
586.0000 2.0000
587.0000 2.0000
588.0000 2.0000
589.0000 2.0000
590.0000 2.0000
591.0000 2.0000
592.0000 2.0000
593.0000 2.0000
594.0000 2.0000
595.0000 2.0000
596.0000 2.0000
597.0000 2.0000
598.0000 2.0000
599.0000 2.0000
600.0000 2.0000
601.0000 2.0000
602.0000 2.0000
603.0000 2.0000
604.0000 2.0000
605.0000 2.0000
606.0000 2.0000
607.0000 2.0000
608.0000 2.0000
609.0000 2.0000
610.0000 2.0000
611.0000 2.0000
612.0000 2.0000
613.0000 2.0000
614.0000 2.0000
615.0000 2.0000
616.0000 2.0000
617.0000 2.0000
618.0000 2.0000
619.0000 2.0000
620.0000 2.0000
621.0000 2.0000
622.0000 2.0000
623.0000 2.0000
624.0000 2.0000
625.0000 2.0000
626.0000 2.0000
627.0000 2.0000
628.0000 2.0000
629.0000 2.0000
630.0000 2.0000
631.0000 2.0000
632.0000 2.0000
633.0000 2.0000
634.0000 2.0000
635.0000 2.0000
636.0000 2.0000
637.0000 2.0000
638.0000 2.0000
639.0000 2.0000
640.0000 2.0000
641.0000 2.0000
642.0000 2.0000
643.0000 2.0000
644.0000 2.0000
645.0000 2.0000
646.0000 2.0000
647.0000 2.0000
648.0000 2.0000
649.0000 2.0000
650.0000 2.0000
651.0000 2.0000
652.0000 2.0000
653.0000 2.0000
654.0000 2.0000
655.0000 2.0000
656.0000 2.0000
657.0000 2.0000
658.0000 2.0000
659.0000 2.0000
660.0000 2.0000
661.0000 2.0000
662.0000 2.0000
663.0000 2.0000
664.0000 2.0000
665.0000 2.0000
666.0000 2.0000
667.0000 2.0000
668.0000 2.0000
669.0000 2.0000
670.0000 2.0000
671.0000 2.0000
672.0000 2.0000
673.0000 2.0000
674.0000 2.0000
675.0000 2.0000
676.0000 2.0000
677.0000 2.0000
678.0000 2.0000
679.0000 2.0000
680.0000 2.0000
681.0000 2.0000
682.0000 2.0000
683.0000 2.0000
684.0000 2.0000
685.0000 2.0000
686.0000 2.0000
687.0000 2.0000
688.0000 2.0000
689.0000 2.0000
690.0000 2.0000
691.0000 2.0000
692.0000 2.0000
693.0000 2.0000
694.0000 2.0000
695.0000 2.0000
696.0000 2.0000
697.0000 2.0000
698.0000 2.0000
699.0000 2.0000
700.0000 2.0000
701.0000 2.0000
702.0000 2.0000
703.0000 2.0000
704.0000 2.0000
705.0000 2.0000
706.0000 2.0000
707.0000 2.0000
708.0000 2.0000
709.0000 2.0000
710.0000 2.0000
711.0000 2.0000
712.0000 2.0000
713.0000 2.0000
714.0000 2.0000
715.0000 2.0000
716.0000 2.0000
717.0000 2.0000
718.0000 2.0000
719.0000 2.0000
720.0000 2.0000
721.0000 2.0000
722.0000 2.0000
723.0000 2.0000
724.0000 2.0000
725.0000 2.0000
726.0000 2.0000
727.0000 2.0000
728.0000 2.0000
729.0000 2.0000
730.0000 2.0000
731.0000 2.0000
732.0000 2.0000
733.0000 2.0000
734.0000 2.0000
735.0000 2.0000
736.0000 2.0000
737.0000 2.0000
738.0000 2.0000
739.0000 2.0000
740.0000 2.0000
741.0000 2.0000
742.0000 2.0000
743.0000 2.0000
744.0000 2.0000
745.0000 2.0000
746.0000 2.0000
747.0000 2.0000
748.0000 2.0000
749.0000 2.0000
750.0000 2.0000
751.0000 -0.0700
752.0000 -0.0700
753.0000 -0.0700
754.0000 -0.0700
755.0000 -0.0700
756.0000 -0.0700
757.0000 -0.0700
758.0000 -0.0700
759.0000 -0.0700
760.0000 -0.0700
761.0000 -0.0700
762.0000 -0.0700
763.0000 -0.0700
764.0000 -0.0700
765.0000 -0.0700
766.0000 -0.0700
767.0000 -0.0700
768.0000 -0.0700
769.0000 -0.0700
770.0000 -0.0700
771.0000 -0.0700
772.0000 -0.0700
773.0000 -0.0700
774.0000 -0.0700
775.0000 -0.0700
776.0000 -0.0700
777.0000 -0.0700
778.0000 -0.0700
779.0000 -0.0700
780.0000 -0.0700
781.0000 -0.0700
782.0000 -0.0700
783.0000 -0.0700
784.0000 -0.0700
785.0000 -0.0700
786.0000 -0.0700
787.0000 -0.0700
788.0000 -0.0700
789.0000 -0.0700
790.0000 -0.0700
791.0000 -0.0700
792.0000 -0.0700
793.0000 -0.0700
794.0000 -0.0700
795.0000 -0.0700
796.0000 -0.0700
797.0000 -0.0700
798.0000 -0.0700
799.0000 -0.0700
800.0000 -0.0700
801.0000 -0.0700
802.0000 -0.0700
803.0000 -0.0700
804.0000 -0.0700
805.0000 -0.0700
806.0000 -0.0700
807.0000 -0.0700
808.0000 -0.0700
809.0000 -0.0700
810.0000 -0.0700
811.0000 -0.0700
812.0000 -0.0700
813.0000 -0.0700
814.0000 -0.0700
815.0000 -0.0700
816.0000 -0.0700
817.0000 -0.0700
818.0000 -0.0700
819.0000 -0.0700
820.0000 -0.0700
821.0000 -0.0700
822.0000 -0.0700
823.0000 -0.0700
824.0000 -0.0700
825.0000 -0.0700
826.0000 -0.0700
827.0000 -0.0700
828.0000 -0.0700
829.0000 -0.0700
830.0000 -0.0700
831.0000 -0.0700
832.0000 -0.0700
833.0000 -0.0700
834.0000 -0.0700
835.0000 -0.0700
836.0000 -0.0700
837.0000 -0.0700
838.0000 -0.0700
839.0000 -0.0700
840.0000 -0.0700
841.0000 -0.0700
842.0000 -0.0700
843.0000 -0.0700
844.0000 -0.0700
845.0000 -0.0700
846.0000 -0.0700
847.0000 -0.0700
848.0000 -0.0700
849.0000 -0.0700
850.0000 -0.0700
851.0000 -0.0700
852.0000 -0.0700
853.0000 -0.0700
854.0000 -0.0700
855.0000 -0.0700
856.0000 -0.0700
857.0000 -0.0700
858.0000 -0.0700
859.0000 -0.0700
860.0000 -0.0700
861.0000 -0.0700
862.0000 -0.0700
863.0000 -0.0700
864.0000 -0.0700
865.0000 -0.0700
866.0000 -0.0700
867.0000 -0.0700
868.0000 -0.0700
869.0000 -0.0700
870.0000 -0.0700
871.0000 -0.0700
872.0000 -0.0700
873.0000 -0.0700
874.0000 -0.0700
875.0000 -0.0700
876.0000 -0.0700
877.0000 -0.0700
878.0000 -0.0700
879.0000 -0.0700
880.0000 -0.0700
881.0000 -0.0700
882.0000 -0.0700
883.0000 -0.0700
884.0000 -0.0700
885.0000 -0.0700
886.0000 -0.0700
887.0000 -0.0700
888.0000 -0.0700
889.0000 -0.0700
890.0000 -0.0700
891.0000 -0.0700
892.0000 -0.0700
893.0000 -0.0700
894.0000 -0.0700
895.0000 -0.0700
896.0000 -0.0700
897.0000 -0.0700
898.0000 -0.0700
899.0000 -0.0700
900.0000 -0.0700
901.0000 -0.0700
902.0000 -0.0700
903.0000 -0.0700
904.0000 -0.0700
905.0000 -0.0700
906.0000 -0.0700
907.0000 -0.0700
908.0000 -0.0700
909.0000 -0.0700
910.0000 -0.0700
911.0000 -0.0700
912.0000 -0.0700
913.0000 -0.0700
914.0000 -0.0700
915.0000 -0.0700
916.0000 -0.0700
917.0000 -0.0700
918.0000 -0.0700
919.0000 -0.0700
920.0000 -0.0700
921.0000 -0.0700
922.0000 -0.0700
923.0000 -0.0700
924.0000 -0.0700
925.0000 -0.0700
926.0000 -0.0700
927.0000 -0.0700
928.0000 -0.0700
929.0000 -0.0700
930.0000 -0.0700
931.0000 -0.0700
932.0000 -0.0700
933.0000 -0.0700
934.0000 -0.0700
935.0000 -0.0700
936.0000 -0.0700
937.0000 -0.0700
938.0000 -0.0700
939.0000 -0.0700
940.0000 -0.0700
941.0000 -0.0700
942.0000 -0.0700
943.0000 -0.0700
944.0000 -0.0700
945.0000 -0.0700
946.0000 -0.0700
947.0000 -0.0700
948.0000 -0.0700
949.0000 -0.0700
950.0000 -0.0700
951.0000 -0.0700
952.0000 -0.0700
953.0000 -0.0700
954.0000 -0.0700
955.0000 -0.0700
956.0000 -0.0700
957.0000 -0.0700
958.0000 -0.0700
959.0000 -0.0700
960.0000 -0.0700
961.0000 -0.0700
962.0000 -0.0700
963.0000 -0.0700
964.0000 -0.0700
965.0000 -0.0700
966.0000 -0.0700
967.0000 -0.0700
968.0000 -0.0700
969.0000 -0.0700
970.0000 -0.0700
971.0000 -0.0700
972.0000 -0.0700
973.0000 -0.0700
974.0000 -0.0700
975.0000 -0.0700
976.0000 -0.0700
977.0000 -0.0700
978.0000 -0.0700
979.0000 -0.0700
980.0000 -0.0700
981.0000 -0.0700
982.0000 -0.0700
983.0000 -0.0700
984.0000 -0.0700
985.0000 -0.0700
986.0000 -0.0700
987.0000 -0.0700
988.0000 -0.0700
989.0000 -0.0700
990.0000 -0.0700
991.0000 -0.0700
992.0000 -0.0700
993.0000 -0.0700
994.0000 -0.0700
995.0000 -0.0700
996.0000 -0.0700
997.0000 -0.0700
998.0000 -0.0700
999.0000 -0.0700
1000.0000 -0.0700
1001.0000 -0.0700
1002.0000 -0.0700
1003.0000 -0.0700
1004.0000 -0.0700
1005.0000 -0.0700
1006.0000 -0.0700
1007.0000 -0.0700
1008.0000 -0.0700
1009.0000 -0.0700
1010.0000 -0.0700
1011.0000 -0.0700
1012.0000 -0.0700
1013.0000 -0.0700
1014.0000 -0.0700
1015.0000 -0.0700
1016.0000 -0.0700
1017.0000 -0.0700
1018.0000 -0.0700
1019.0000 -0.0700
1020.0000 -0.0700
1021.0000 -0.0700
1022.0000 -0.0700
1023.0000 -0.0700
1024.0000 -0.0700
1025.0000 -0.0700
1026.0000 -0.0700
1027.0000 -0.0700
1028.0000 -0.0700
1029.0000 -0.0700
1030.0000 -0.0700
1031.0000 -0.0700
1032.0000 -0.0700
1033.0000 -0.0700
1034.0000 -0.0700
1035.0000 -0.0700
1036.0000 -0.0700
1037.0000 -0.0700
1038.0000 -0.0700
1039.0000 -0.0700
1040.0000 -0.0700
1041.0000 -0.0700
1042.0000 -0.0700
1043.0000 -0.0700
1044.0000 -0.0700
1045.0000 -0.0700
1046.0000 -0.0700
1047.0000 -0.0700
1048.0000 -0.0700
1049.0000 -0.0700
1050.0000 -0.0700
1051.0000 -0.0700
1052.0000 -0.0700
1053.0000 -0.0700
1054.0000 -0.0700
1055.0000 -0.0700
1056.0000 -0.0700
1057.0000 -0.0700
1058.0000 -0.0700
1059.0000 -0.0700
1060.0000 -0.0700
1061.0000 -0.0700
1062.0000 -0.0700
1063.0000 -0.0700
1064.0000 -0.0700
1065.0000 -0.0700
1066.0000 -0.0700
1067.0000 -0.0700
1068.0000 -0.0700
1069.0000 -0.0700
1070.0000 -0.0700
1071.0000 -0.0700
1072.0000 -0.0700
1073.0000 -0.0700
1074.0000 -0.0700
1075.0000 -0.0700
1076.0000 -0.0700
1077.0000 -0.0700
1078.0000 -0.0700
1079.0000 -0.0700
1080.0000 -0.0700
1081.0000 -0.0700
1082.0000 -0.0700
1083.0000 -0.0700
1084.0000 -0.0700
1085.0000 -0.0700
1086.0000 -0.0700
1087.0000 -0.0700
1088.0000 -0.0700
1089.0000 -0.0700
1090.0000 -0.0700
1091.0000 -0.0700
1092.0000 -0.0700
1093.0000 -0.0700
1094.0000 -0.0700
1095.0000 -0.0700
1096.0000 -0.0700
1097.0000 -0.0700
1098.0000 -0.0700
1099.0000 -0.0700
1100.0000 -0.0700
1101.0000 -0.0700
1102.0000 -0.0700
1103.0000 -0.0700
1104.0000 -0.0700
1105.0000 -0.0700
1106.0000 -0.0700
1107.0000 -0.0700
1108.0000 -0.0700
1109.0000 -0.0700
1110.0000 -0.0700
1111.0000 -0.0700
1112.0000 -0.0700
1113.0000 -0.0700
1114.0000 -0.0700
1115.0000 -0.0700
1116.0000 -0.0700
1117.0000 -0.0700
1118.0000 -0.0700
1119.0000 -0.0700
1120.0000 -0.0700
1121.0000 -0.0700
1122.0000 -0.0700
1123.0000 -0.0700
1124.0000 -0.0700
1125.0000 -0.0700
1126.0000 -0.0700
1127.0000 -0.0700
1128.0000 -0.0700
1129.0000 -0.0700
1130.0000 -0.0700
1131.0000 -0.0700
1132.0000 -0.0700
1133.0000 -0.0700
1134.0000 -0.0700
1135.0000 -0.0700
1136.0000 -0.0700
1137.0000 -0.0700
1138.0000 -0.0700
1139.0000 -0.0700
1140.0000 -0.0700
1141.0000 -0.0700
1142.0000 -0.0700
1143.0000 -0.0700
1144.0000 -0.0700
1145.0000 -0.0700
1146.0000 -0.0700
1147.0000 -0.0700
1148.0000 -0.0700
1149.0000 -0.0700
1150.0000 -0.0700
1151.0000 -0.0700
1152.0000 -0.0700
1153.0000 -0.0700
1154.0000 -0.0700
1155.0000 -0.0700
1156.0000 -0.0700
1157.0000 -0.0700
1158.0000 -0.0700
1159.0000 -0.0700
1160.0000 -0.0700
1161.0000 -0.0700
1162.0000 -0.0700
1163.0000 -0.0700
1164.0000 -0.0700
1165.0000 -0.0700
1166.0000 -0.0700
1167.0000 -0.0700
1168.0000 -0.0700
1169.0000 -0.0700
1170.0000 -0.0700
1171.0000 -0.0700
1172.0000 -0.0700
1173.0000 -0.0700
1174.0000 -0.0700
1175.0000 -0.0700
1176.0000 -0.0700
1177.0000 -0.0700
1178.0000 -0.0700
1179.0000 -0.0700
1180.0000 -0.0700
1181.0000 -0.0700
1182.0000 -0.0700
1183.0000 -0.0700
1184.0000 -0.0700
1185.0000 -0.0700
1186.0000 -0.0700
1187.0000 -0.0700
1188.0000 -0.0700
1189.0000 -0.0700
1190.0000 -0.0700
1191.0000 -0.0700
1192.0000 -0.0700
1193.0000 -0.0700
1194.0000 -0.0700
1195.0000 -0.0700
1196.0000 -0.0700
1197.0000 -0.0700
1198.0000 -0.0700
1199.0000 -0.0700
1200.0000 -0.0700
