0.000000 35.12
1.000000 35.18
2.000000 35.18
3.000000 35.18
4.000000 35.18
5.000000 35.18
6.000000 35.18
7.000000 35.18
8.000000 35.25
9.000000 35.25
10.000000 35.25
11.000000 35.25
12.000000 35.25
13.000000 35.25
14.000000 35.25
15.000000 35.31
16.000000 35.31
17.000000 35.31
18.000000 35.31
19.000000 35.31
20.000000 35.31
21.000000 35.31
22.000000 35.31
23.000000 35.31
24.000000 35.31
25.000000 35.31
26.000000 35.31
27.000000 35.31
28.000000 35.37
29.000000 35.37
30.000000 35.37
31.000000 35.37
32.000000 35.37
33.000000 35.37
34.000000 35.37
35.000000 35.37
36.000000 35.31
37.000000 35.31
38.000000 35.25
39.000000 35.25
40.000000 35.25
41.000000 35.25
42.000000 35.25
43.000000 35.25
44.000000 35.18
45.000000 35.18
46.000000 35.18
47.000000 35.18
48.000000 35.18
49.000000 35.18
50.000000 35.18
51.000000 35.18
52.000000 35.18
53.000000 35.18
54.000000 35.18
55.000000 35.18
56.000000 35.18
57.000000 35.18
58.000000 35.18
59.000000 35.18
60.000000 35.18
61.000000 35.18
62.000000 35.18
63.000000 35.18
64.000000 35.18
65.000000 35.18
66.000000 35.12
67.000000 35.12
68.000000 35.12
69.000000 35.12
70.000000 35.18
71.000000 35.18
72.000000 35.18
73.000000 35.18
74.000000 35.18
75.000000 35.18
76.000000 35.18
77.000000 35.18
78.000000 35.18
79.000000 35.18
80.000000 35.18
81.000000 35.18
82.000000 35.18
83.000000 35.18
84.000000 35.18
85.000000 35.18
86.000000 35.25
87.000000 35.18
88.000000 35.25
89.000000 35.25
90.000000 35.25
91.000000 35.25
92.000000 35.25
93.000000 35.25
94.000000 35.25
95.000000 35.25
96.000000 35.31
97.000000 35.31
98.000000 35.31
99.000000 35.31
100.000000 35.31
101.000000 35.31
102.000000 35.37
103.000000 35.37
104.000000 35.37
105.000000 35.37
106.000000 35.37
107.000000 35.37
108.000000 35.37
109.000000 35.37
110.000000 35.43
111.000000 35.43
112.000000 35.43
113.000000 35.43
114.000000 35.43
115.000000 35.43
116.000000 35.5
117.000000 35.43
118.000000 35.5
119.000000 35.5
120.000000 35.5
121.000000 35.5
122.000000 35.5
123.000000 35.5
124.000000 35.5
125.000000 35.5
126.000000 35.5
127.000000 35.5
128.000000 35.5
129.000000 0
130.000000 0
131.000000 0
132.000000 0
133.000000 0
134.000000 0
135.000000 0
136.000000 0
137.000000 0
138.000000 0
139.000000 0
140.000000 0
141.000000 0
142.000000 0
143.000000 0
144.000000 0
145.000000 0
146.000000 0
147.000000 0
148.000000 0
149.000000 0
150.000000 0
151.000000 0
152.000000 0
153.000000 0
154.000000 0
155.000000 0
156.000000 0
157.000000 0
158.000000 0
159.000000 0
160.000000 0
161.000000 0
162.000000 0
163.000000 0
164.000000 0
165.000000 0
166.000000 0
167.000000 0
168.000000 0
169.000000 0
170.000000 0
171.000000 0
172.000000 0
173.000000 0
174.000000 0
175.000000 0
176.000000 0
177.000000 0
178.000000 0
179.000000 0
180.000000 0
181.000000 0
182.000000 0
183.000000 0
184.000000 0
185.000000 0
186.000000 0
187.000000 0
188.000000 0
189.000000 0
190.000000 0
191.000000 0
192.000000 0
193.000000 0
194.000000 0
195.000000 0
196.000000 0
197.000000 0
198.000000 0
199.000000 0
200.000000 0
201.000000 0
202.000000 0
203.000000 0
204.000000 0
205.000000 0
206.000000 0
207.000000 0
208.000000 0
209.000000 0
210.000000 0
211.000000 0
212.000000 0
213.000000 0
214.000000 0
215.000000 0
216.000000 0
217.000000 0
218.000000 0
219.000000 0
220.000000 0
221.000000 0
222.000000 0
223.000000 0
224.000000 0
225.000000 0
226.000000 0
227.000000 0
228.000000 0
229.000000 0
230.000000 0
231.000000 0
232.000000 0
233.000000 0
234.000000 0
235.000000 0
236.000000 0
237.000000 0
238.000000 0
239.000000 0
240.000000 0
241.000000 0
242.000000 0
243.000000 0
244.000000 0
245.000000 0
246.000000 0
247.000000 0
248.000000 0
249.000000 0
250.000000 0
251.000000 0
252.000000 0
253.000000 0
254.000000 0
255.000000 0
256.000000 0
257.000000 0
258.000000 0
259.000000 0
260.000000 0
261.000000 0
262.000000 0
263.000000 0
264.000000 0
265.000000 0
266.000000 0
267.000000 0
268.000000 0
269.000000 0
270.000000 0
271.000000 0
272.000000 0
273.000000 0
274.000000 0
275.000000 0
276.000000 0
277.000000 0
278.000000 0
279.000000 0
280.000000 0
281.000000 0
282.000000 0
283.000000 0
284.000000 0
285.000000 0
286.000000 0
287.000000 0
288.000000 0
289.000000 0
290.000000 0
291.000000 0
292.000000 0
293.000000 0
294.000000 0
295.000000 0
296.000000 0
297.000000 0
298.000000 0
299.000000 0
300.000000 0
301.000000 0
302.000000 0
303.000000 0
304.000000 0
305.000000 0
306.000000 0
307.000000 0
308.000000 0
309.000000 0
310.000000 0
311.000000 0
312.000000 0
313.000000 0
314.000000 0
315.000000 0
316.000000 0
317.000000 0
318.000000 0
319.000000 0
320.000000 0
321.000000 0
322.000000 0
323.000000 0
324.000000 0
325.000000 0
326.000000 0
327.000000 0
328.000000 0
329.000000 0
330.000000 0
331.000000 0
332.000000 0
333.000000 0
334.000000 0
335.000000 0
336.000000 0
337.000000 0
338.000000 0
339.000000 0
340.000000 0
341.000000 0
342.000000 0
343.000000 0
344.000000 0
345.000000 0
346.000000 0
347.000000 0
348.000000 0
349.000000 0
350.000000 0
351.000000 0
352.000000 0
353.000000 0
354.000000 0
355.000000 0
356.000000 0
357.000000 0
358.000000 0
359.000000 0
360.000000 0
361.000000 0
362.000000 0
363.000000 0
364.000000 0
365.000000 0
366.000000 0
367.000000 0
368.000000 0
369.000000 0
370.000000 0
371.000000 0
372.000000 0
373.000000 0
374.000000 0
375.000000 0
376.000000 0
377.000000 0
378.000000 0
379.000000 0
380.000000 0
381.000000 0
382.000000 0
383.000000 0
384.000000 0
385.000000 0
386.000000 0
387.000000 0
388.000000 0
389.000000 0
390.000000 0
391.000000 0
392.000000 0
393.000000 0
394.000000 0
395.000000 0
396.000000 0
397.000000 0
398.000000 0
399.000000 0
