1.000000 0
2.000000 0
3.000000 0
4.000000 0
5.000000 0
6.000000 0
7.000000 0
8.000000 0
9.000000 0.05591
10.000000 0.15584
11.000000 0.28979
12.000000 0.44942
13.000000 0.62775
14.000000 0.81902
15.000000 1.0185
16.000000 1.2222
17.000000 1.4271
18.000000 1.6306
19.000000 1.8307
20.000000 2.0259
21.000000 2.2149
22.000000 2.3969
23.000000 2.5713
24.000000 2.7376
25.000000 2.8955
26.000000 3.0451
27.000000 3.1863
28.000000 3.3192
29.000000 3.444
30.000000 3.5609
31.000000 3.6702
32.000000 3.7722
33.000000 3.8673
34.000000 3.9557
35.000000 4.0378
36.000000 4.114
37.000000 4.1846
38.000000 4.2499
39.000000 4.3103
40.000000 4.3661
41.000000 4.4175
42.000000 4.465
43.000000 4.5087
44.000000 4.5489
45.000000 4.5858
46.000000 4.6198
47.000000 4.651
48.000000 4.6797
49.000000 4.706
50.000000 4.7301
51.000000 4.7522
52.000000 4.7724
53.000000 4.7909
54.000000 4.8078
55.000000 4.8233
56.000000 4.8375
57.000000 4.8504
58.000000 4.8622
59.000000 4.873
60.000000 4.8829
61.000000 4.8919
62.000000 4.9001
63.000000 4.9076
64.000000 4.9144
65.000000 4.9206
66.000000 4.9263
67.000000 4.9314
68.000000 4.9361
69.000000 4.9404
70.000000 4.9443
71.000000 4.9479
72.000000 4.9511
73.000000 4.954
74.000000 4.9567
75.000000 4.9591
76.000000 4.9613
77.000000 4.9633
78.000000 4.9652
79.000000 4.9668
80.000000 4.9683
81.000000 4.9697
82.000000 4.9709
83.000000 4.9721
84.000000 4.9731
85.000000 4.974
86.000000 4.9749
87.000000 4.9756
88.000000 4.9763
89.000000 4.977
90.000000 4.9775
91.000000 4.978
92.000000 4.9785
93.000000 4.9789
94.000000 4.9793
95.000000 4.9797
96.000000 4.98
97.000000 4.9803
98.000000 4.9805
99.000000 4.9808
100.000000 4.981
101.000000 4.9812
102.000000 4.9814
103.000000 4.9815
104.000000 4.9817
105.000000 4.9818
106.000000 4.9819
107.000000 4.982
108.000000 4.9821
109.000000 4.9822
110.000000 4.9823
111.000000 4.9824
112.000000 4.9824
113.000000 4.9825
114.000000 4.9826
115.000000 4.9826
116.000000 4.9826
117.000000 4.9827
118.000000 4.9827
119.000000 4.9828
120.000000 4.9828
121.000000 4.9828
122.000000 4.9828
123.000000 4.9829
124.000000 4.9829
125.000000 4.9829
126.000000 4.9829
127.000000 4.9829
128.000000 4.9829
129.000000 4.983
130.000000 4.983
131.000000 4.983
132.000000 4.983
133.000000 4.983
134.000000 4.983
135.000000 4.983
136.000000 4.983
137.000000 4.983
138.000000 4.983
139.000000 4.983
140.000000 4.983
141.000000 4.983
142.000000 4.983
143.000000 4.983
144.000000 4.983
145.000000 4.983
146.000000 4.983
147.000000 4.983
148.000000 4.983
149.000000 4.9831
150.000000 4.9831
151.000000 4.9831
152.000000 4.9831
153.000000 4.9831
154.000000 4.9831
155.000000 4.9831
156.000000 4.9831
157.000000 4.9831
158.000000 4.9831
159.000000 4.9831
160.000000 4.9831
161.000000 4.9831
162.000000 4.9831
163.000000 4.9831
164.000000 4.9831
165.000000 4.9831
166.000000 4.9831
167.000000 4.9831
168.000000 4.9831
169.000000 4.9831
170.000000 4.9831
171.000000 4.9831
172.000000 4.9831
173.000000 4.9831
174.000000 4.9831
175.000000 4.9831
176.000000 4.9831
177.000000 4.9831
178.000000 4.9831
179.000000 4.9831
180.000000 4.9831
181.000000 4.9831
182.000000 4.9831
183.000000 4.9831
184.000000 4.9831
185.000000 4.9831
186.000000 4.9831
187.000000 4.9831
188.000000 4.9831
189.000000 4.9831
190.000000 4.9831
191.000000 4.9831
192.000000 4.9831
193.000000 4.9831
194.000000 4.9831
195.000000 4.9831
196.000000 4.9831
197.000000 4.9831
198.000000 4.9831
199.000000 4.9831
200.000000 4.9831
201.000000 4.9831
202.000000 4.9831
203.000000 4.9831
204.000000 4.9831
205.000000 4.9831
206.000000 4.9831
207.000000 4.9831
208.000000 4.9831
209.000000 4.9831
210.000000 4.9831
211.000000 4.9831
212.000000 4.9831
213.000000 4.9831
214.000000 4.9831
215.000000 4.9831
216.000000 4.9831
217.000000 4.9831
218.000000 4.9831
219.000000 4.9831
220.000000 4.9831
221.000000 4.9831
222.000000 4.9831
223.000000 4.9831
224.000000 4.9831
225.000000 4.9831
226.000000 4.9831
227.000000 4.9831
228.000000 4.9831
229.000000 4.9831
230.000000 4.9831
231.000000 4.9831
232.000000 4.9831
233.000000 4.9831
234.000000 4.9831
235.000000 4.9831
236.000000 4.9831
237.000000 4.9831
238.000000 4.9831
239.000000 4.9831
240.000000 4.9831
241.000000 4.9831
242.000000 4.9831
243.000000 4.9831
244.000000 4.9831
245.000000 4.9831
246.000000 4.9831
247.000000 4.9831
248.000000 4.9831
249.000000 4.9831
250.000000 4.9831
251.000000 4.9831
252.000000 4.9831
253.000000 4.9831
254.000000 4.9831
255.000000 4.9831
256.000000 4.9831
257.000000 4.9831
258.000000 4.9831
259.000000 4.9831
260.000000 4.9831
261.000000 4.9831
262.000000 4.9831
263.000000 4.9831
264.000000 4.9831
265.000000 4.9831
266.000000 4.9831
267.000000 4.9831
268.000000 4.9831
269.000000 4.9831
270.000000 4.9831
271.000000 4.9831
272.000000 4.9831
273.000000 4.9831
274.000000 4.9831
275.000000 4.9831
276.000000 4.9831
277.000000 4.9831
278.000000 4.9831
279.000000 4.9831
280.000000 4.9831
281.000000 4.9831
282.000000 4.9831
283.000000 4.9831
284.000000 4.9831
285.000000 4.9831
286.000000 4.9831
287.000000 4.9831
288.000000 4.9831
289.000000 4.9831
290.000000 4.9831
291.000000 4.9831
292.000000 4.9831
293.000000 4.9831
294.000000 4.9831
295.000000 4.9831
296.000000 4.9831
297.000000 4.9831
298.000000 4.9831
299.000000 4.9831
300.000000 4.9831
301.000000 4.9831
302.000000 4.9831
303.000000 4.9831
304.000000 4.9831
305.000000 4.9831
306.000000 4.9831
307.000000 4.9831
308.000000 4.9831
309.000000 4.9831
310.000000 4.9831
311.000000 4.9831
312.000000 4.9831
313.000000 4.9831
314.000000 4.9831
315.000000 4.9831
316.000000 4.9831
317.000000 4.9831
318.000000 4.9831
319.000000 4.9831
320.000000 4.9831
321.000000 4.9831
322.000000 4.9831
323.000000 4.9831
324.000000 4.9831
325.000000 4.9831
326.000000 4.9831
327.000000 4.9831
328.000000 4.9831
329.000000 4.9831
330.000000 4.9831
331.000000 4.9831
332.000000 4.9831
333.000000 4.9831
334.000000 4.9831
335.000000 4.9831
336.000000 4.9831
337.000000 4.9831
338.000000 4.9831
339.000000 4.9831
340.000000 4.9831
341.000000 4.9831
342.000000 4.9831
343.000000 4.9831
344.000000 4.9831
345.000000 4.9831
346.000000 4.9831
347.000000 4.9831
348.000000 4.9831
349.000000 4.9831
350.000000 4.9831
351.000000 4.9831
352.000000 4.9831
353.000000 4.9831
354.000000 4.9831
355.000000 4.9831
356.000000 4.9831
357.000000 4.9831
358.000000 4.9831
359.000000 4.9831
360.000000 4.9831
361.000000 4.9831
362.000000 4.9831
363.000000 4.9831
364.000000 4.9831
365.000000 4.9831
366.000000 4.9831
367.000000 4.9831
368.000000 4.9831
369.000000 4.9831
370.000000 4.9831
371.000000 4.9831
372.000000 4.9831
373.000000 4.9831
374.000000 4.9831
375.000000 4.9831
376.000000 4.9831
377.000000 4.9831
378.000000 4.9831
379.000000 4.9831
380.000000 4.9831
381.000000 4.9831
382.000000 4.9831
383.000000 4.9831
384.000000 4.9831
385.000000 4.9831
386.000000 4.9831
387.000000 4.9831
388.000000 4.9831
389.000000 4.9831
390.000000 4.9831
391.000000 4.9831
392.000000 4.9831
393.000000 4.9831
394.000000 4.9831
395.000000 4.9831
396.000000 4.9831
397.000000 4.9831
398.000000 4.9831
399.000000 4.9831
400.000000 4.9831
401.000000 4.9831
402.000000 4.9831
403.000000 4.9831
404.000000 4.9831
405.000000 4.9831
406.000000 4.9831
407.000000 4.9831
408.000000 4.9831
409.000000 4.9831
410.000000 4.9831
411.000000 4.9831
412.000000 4.9831
413.000000 4.9831
414.000000 4.9831
415.000000 4.9831
416.000000 4.9831
417.000000 4.9831
418.000000 4.9831
419.000000 4.9831
420.000000 4.9831
421.000000 4.9831
422.000000 4.9831
423.000000 4.9831
424.000000 4.9831
425.000000 4.9831
426.000000 4.9831
427.000000 4.9831
428.000000 4.9831
429.000000 4.9831
430.000000 4.9831
431.000000 4.9831
432.000000 4.9831
433.000000 4.9831
434.000000 4.9831
435.000000 4.9831
436.000000 4.9831
437.000000 4.9831
438.000000 4.9831
439.000000 4.9831
440.000000 4.9831
441.000000 4.9831
442.000000 4.9831
443.000000 4.9831
444.000000 4.9831
445.000000 4.9831
446.000000 4.9831
447.000000 4.9831
448.000000 4.9831
449.000000 4.9831
450.000000 4.9831
451.000000 4.9831
452.000000 4.9831
453.000000 4.9831
454.000000 4.9831
455.000000 4.9831
456.000000 4.9831
457.000000 4.9831
458.000000 4.9831
459.000000 4.9831
460.000000 4.9831
461.000000 4.9831
462.000000 4.9831
463.000000 4.9831
464.000000 4.9831
465.000000 4.9831
466.000000 4.9831
467.000000 4.9831
468.000000 4.9831
469.000000 4.9831
470.000000 4.9831
471.000000 4.9831
472.000000 4.9831
473.000000 4.9831
474.000000 4.9831
475.000000 4.9831
476.000000 4.9831
477.000000 4.9831
478.000000 4.9831
479.000000 4.9831
480.000000 4.9831
481.000000 4.9831
482.000000 4.9831
483.000000 4.9831
484.000000 4.9831
485.000000 4.9831
486.000000 4.9831
487.000000 4.9831
488.000000 4.9831
489.000000 4.9831
490.000000 4.9831
491.000000 4.9831
492.000000 4.9831
493.000000 4.9831
494.000000 4.9831
495.000000 4.9831
496.000000 4.9831
497.000000 4.9831
498.000000 4.9831
499.000000 4.9831
500.000000 4.9831
