1.000000 0
2.000000 0
3.000000 0
4.000000 0
5.000000 0
6.000000 0
7.000000 0
8.000000 0
9.000000 0.04041
10.000000 0.11584
11.000000 0.22145
12.000000 0.35292
13.000000 0.50636
14.000000 0.67832
15.000000 0.86571
16.000000 1.0658
17.000000 1.276
18.000000 1.4944
19.000000 1.7188
20.000000 1.9477
21.000000 2.1796
22.000000 2.413
23.000000 2.6469
24.000000 2.8803
25.000000 3.1122
26.000000 3.342
27.000000 3.569
28.000000 3.7926
29.000000 4.0123
30.000000 4.2278
31.000000 4.4388
32.000000 4.645
33.000000 4.8461
34.000000 5.0421
35.000000 5.2327
36.000000 5.418
37.000000 5.5978
38.000000 5.7721
39.000000 5.941
40.000000 6.1045
41.000000 6.2625
42.000000 6.4152
43.000000 6.5627
44.000000 6.7049
45.000000 6.8421
46.000000 6.9743
47.000000 7.1017
48.000000 7.2243
49.000000 7.3422
50.000000 7.4557
51.000000 7.5647
52.000000 7.6695
53.000000 7.7702
54.000000 7.8669
55.000000 7.9596
56.000000 8.0487
57.000000 8.1341
58.000000 8.216
59.000000 8.2945
60.000000 8.3698
61.000000 8.4419
62.000000 8.511
63.000000 8.5772
64.000000 8.6406
65.000000 8.7013
66.000000 8.7594
67.000000 8.815
68.000000 8.8682
69.000000 8.9191
70.000000 8.9678
71.000000 9.0144
72.000000 9.0589
73.000000 9.1015
74.000000 9.1423
75.000000 9.1812
76.000000 9.2184
77.000000 9.254
78.000000 9.288
79.000000 9.3204
80.000000 9.3515
81.000000 9.3811
82.000000 9.4094
83.000000 9.4365
84.000000 9.4623
85.000000 9.487
86.000000 9.5106
87.000000 9.5331
88.000000 9.5546
89.000000 9.5751
90.000000 9.5947
91.000000 9.6134
92.000000 9.6313
93.000000 9.6483
94.000000 9.6646
95.000000 9.6801
96.000000 9.695
97.000000 9.7091
98.000000 9.7226
99.000000 9.7355
100.000000 9.7478
101.000000 9.7595
102.000000 9.7707
103.000000 9.7814
104.000000 9.7916
105.000000 9.8014
106.000000 9.8107
107.000000 9.8195
108.000000 9.828
109.000000 9.836
110.000000 9.8437
111.000000 9.8511
112.000000 9.8581
113.000000 9.8647
114.000000 9.8711
115.000000 9.8772
116.000000 9.883
117.000000 9.8885
118.000000 9.8938
119.000000 9.8988
120.000000 9.9036
121.000000 9.9082
122.000000 9.9126
123.000000 9.9167
124.000000 9.9207
125.000000 9.9245
126.000000 9.9281
127.000000 9.9316
128.000000 9.9348
129.000000 9.938
130.000000 9.941
131.000000 9.9438
132.000000 9.9465
133.000000 9.9491
134.000000 9.9516
135.000000 9.954
136.000000 9.9562
137.000000 9.9584
138.000000 9.9604
139.000000 9.9624
140.000000 9.9642
141.000000 9.966
142.000000 9.9677
143.000000 9.9693
144.000000 9.9709
145.000000 9.9723
146.000000 9.9737
147.000000 9.9751
148.000000 9.9763
149.000000 9.9775
150.000000 9.9787
151.000000 9.9798
152.000000 9.9809
153.000000 9.9819
154.000000 9.9828
155.000000 9.9837
156.000000 9.9846
157.000000 9.9854
158.000000 9.9862
159.000000 9.987
160.000000 9.9877
161.000000 9.9884
162.000000 9.989
163.000000 9.9897
164.000000 9.9903
165.000000 9.9908
166.000000 9.9914
167.000000 9.9919
168.000000 9.9924
169.000000 9.9928
170.000000 9.9933
171.000000 9.9937
172.000000 9.9941
173.000000 9.9945
174.000000 9.9949
175.000000 9.9952
176.000000 9.9956
177.000000 9.9959
178.000000 9.9962
179.000000 9.9965
180.000000 9.9968
181.000000 9.997
182.000000 9.9973
183.000000 9.9975
184.000000 9.9978
185.000000 9.998
186.000000 9.9982
187.000000 9.9984
188.000000 9.9986
189.000000 9.9988
190.000000 9.9989
191.000000 9.9991
192.000000 9.9993
193.000000 9.9994
194.000000 9.9995
195.000000 9.9997
196.000000 9.9998
197.000000 9.9999
198.000000 10
199.000000 10
200.000000 10
201.000000 10
202.000000 10
203.000000 10.001
204.000000 10.001
205.000000 10.001
206.000000 10.001
207.000000 10.001
208.000000 10.001
209.000000 10.001
210.000000 10.001
211.000000 10.001
212.000000 10.001
213.000000 10.001
214.000000 10.001
215.000000 10.001
216.000000 10.001
217.000000 10.001
218.000000 10.002
219.000000 10.002
220.000000 10.002
221.000000 10.002
222.000000 10.002
223.000000 10.002
224.000000 10.002
225.000000 10.002
226.000000 10.002
227.000000 10.002
228.000000 10.002
229.000000 10.002
230.000000 10.002
231.000000 10.002
232.000000 10.002
233.000000 10.002
234.000000 10.002
235.000000 10.002
236.000000 10.002
237.000000 10.002
238.000000 10.002
239.000000 10.002
240.000000 10.002
241.000000 10.002
242.000000 10.002
243.000000 10.002
244.000000 10.002
245.000000 10.002
246.000000 10.002
247.000000 10.002
248.000000 10.002
249.000000 10.002
250.000000 10.002
251.000000 10.002
252.000000 10.002
253.000000 10.002
254.000000 10.002
255.000000 10.002
256.000000 10.002
257.000000 10.002
258.000000 10.002
259.000000 10.002
260.000000 10.002
261.000000 10.002
262.000000 10.002
263.000000 10.002
264.000000 10.002
265.000000 10.002
266.000000 10.002
267.000000 10.002
268.000000 10.002
269.000000 10.002
270.000000 10.002
271.000000 10.002
272.000000 10.002
273.000000 10.002
274.000000 10.002
275.000000 10.002
276.000000 10.002
277.000000 10.002
278.000000 10.002
279.000000 10.002
280.000000 10.002
281.000000 10.002
282.000000 10.002
283.000000 10.002
284.000000 10.002
285.000000 10.002
286.000000 10.002
287.000000 10.002
288.000000 10.002
289.000000 10.002
290.000000 10.002
291.000000 10.002
292.000000 10.002
293.000000 10.002
294.000000 10.002
295.000000 10.002
296.000000 10.002
297.000000 10.002
298.000000 10.002
299.000000 10.002
300.000000 10.002
301.000000 10.002
302.000000 10.002
303.000000 10.002
304.000000 10.002
305.000000 10.002
306.000000 10.002
307.000000 10.002
308.000000 10.002
309.000000 10.002
310.000000 10.002
311.000000 10.002
312.000000 10.002
313.000000 10.002
314.000000 10.002
315.000000 10.002
316.000000 10.002
317.000000 10.002
318.000000 10.002
319.000000 10.002
320.000000 10.002
321.000000 10.002
322.000000 10.002
323.000000 10.002
324.000000 10.002
325.000000 10.002
326.000000 10.002
327.000000 10.002
328.000000 10.002
329.000000 10.002
330.000000 10.002
331.000000 10.002
332.000000 10.002
333.000000 10.002
334.000000 10.002
335.000000 10.002
336.000000 10.002
337.000000 10.002
338.000000 10.002
339.000000 10.002
340.000000 10.002
341.000000 10.002
342.000000 10.002
343.000000 10.002
344.000000 10.002
345.000000 10.002
346.000000 10.002
347.000000 10.002
348.000000 10.002
349.000000 10.002
350.000000 10.002
351.000000 10.002
352.000000 10.002
353.000000 10.002
354.000000 10.002
355.000000 10.002
356.000000 10.002
357.000000 10.002
358.000000 10.002
359.000000 10.002
360.000000 10.002
361.000000 10.002
362.000000 10.002
363.000000 10.002
364.000000 10.002
365.000000 10.002
366.000000 10.002
367.000000 10.002
368.000000 10.002
369.000000 10.002
370.000000 10.002
371.000000 10.002
372.000000 10.002
373.000000 10.002
374.000000 10.002
375.000000 10.002
376.000000 10.002
377.000000 10.002
378.000000 10.002
379.000000 10.002
380.000000 10.002
381.000000 10.002
382.000000 10.002
383.000000 10.002
384.000000 10.002
385.000000 10.002
386.000000 10.002
387.000000 10.002
388.000000 10.002
389.000000 10.002
390.000000 10.002
391.000000 10.002
392.000000 10.002
393.000000 10.002
394.000000 10.002
395.000000 10.002
396.000000 10.002
397.000000 10.002
398.000000 10.002
399.000000 10.002
400.000000 10.002
401.000000 10.002
402.000000 10.002
403.000000 10.002
404.000000 10.002
405.000000 10.002
406.000000 10.002
407.000000 10.002
408.000000 10.002
409.000000 10.002
410.000000 10.002
411.000000 10.002
412.000000 10.002
413.000000 10.002
414.000000 10.002
415.000000 10.002
416.000000 10.002
417.000000 10.002
418.000000 10.002
419.000000 10.002
420.000000 10.002
421.000000 10.002
422.000000 10.002
423.000000 10.002
424.000000 10.002
425.000000 10.002
426.000000 10.002
427.000000 10.002
428.000000 10.002
429.000000 10.002
430.000000 10.002
431.000000 10.002
432.000000 10.002
433.000000 10.002
434.000000 10.002
435.000000 10.002
436.000000 10.002
437.000000 10.002
438.000000 10.002
439.000000 10.002
440.000000 10.002
441.000000 10.002
442.000000 10.002
443.000000 10.002
444.000000 10.002
445.000000 10.002
446.000000 10.002
447.000000 10.002
448.000000 10.002
449.000000 10.002
450.000000 10.002
451.000000 10.002
452.000000 10.002
453.000000 10.002
454.000000 10.002
455.000000 10.002
456.000000 10.002
457.000000 10.002
458.000000 10.002
459.000000 10.002
460.000000 10.002
461.000000 10.002
462.000000 10.002
463.000000 10.002
464.000000 10.002
465.000000 10.002
466.000000 10.002
467.000000 10.002
468.000000 10.002
469.000000 10.002
470.000000 10.002
471.000000 10.002
472.000000 10.002
473.000000 10.002
474.000000 10.002
475.000000 10.002
476.000000 10.002
477.000000 10.002
478.000000 10.002
479.000000 10.002
480.000000 10.002
481.000000 10.002
482.000000 10.002
483.000000 10.002
484.000000 10.002
485.000000 10.002
486.000000 10.002
487.000000 10.002
488.000000 10.002
489.000000 10.002
490.000000 10.002
491.000000 10.002
492.000000 10.002
493.000000 10.002
494.000000 10.002
495.000000 10.002
496.000000 10.002
497.000000 10.002
498.000000 10.002
499.000000 10.002
500.000000 10.002
