1.000000 0
2.000000 0
3.000000 0
4.000000 0
5.000000 0
6.000000 0
7.000000 0
8.000000 0
9.000000 0.024246
10.000000 0.069504
11.000000 0.13287
12.000000 0.21175
13.000000 0.30382
14.000000 0.40699
15.000000 0.51942
16.000000 0.63946
17.000000 0.76563
18.000000 0.89663
19.000000 1.0313
20.000000 1.1686
21.000000 1.3077
22.000000 1.4478
23.000000 1.5881
24.000000 1.7282
25.000000 1.8673
26.000000 2.0052
27.000000 2.1414
28.000000 2.2755
29.000000 2.4074
30.000000 2.5367
31.000000 2.6633
32.000000 2.787
33.000000 2.9077
34.000000 3.0252
35.000000 3.1396
36.000000 3.2508
37.000000 3.3587
38.000000 3.4633
39.000000 3.5646
40.000000 3.6627
41.000000 3.7575
42.000000 3.8491
43.000000 3.9376
44.000000 4.023
45.000000 4.1053
46.000000 4.1846
47.000000 4.261
48.000000 4.3346
49.000000 4.4053
50.000000 4.4734
51.000000 4.5388
52.000000 4.6017
53.000000 4.6621
54.000000 4.7201
55.000000 4.7758
56.000000 4.8292
57.000000 4.8805
58.000000 4.9296
59.000000 4.9767
60.000000 5.0219
61.000000 5.0652
62.000000 5.1066
63.000000 5.1463
64.000000 5.1844
65.000000 5.2208
66.000000 5.2556
67.000000 5.289
68.000000 5.3209
69.000000 5.3515
70.000000 5.3807
71.000000 5.4086
72.000000 5.4354
73.000000 5.4609
74.000000 5.4854
75.000000 5.5087
76.000000 5.531
77.000000 5.5524
78.000000 5.5728
79.000000 5.5923
80.000000 5.6109
81.000000 5.6287
82.000000 5.6457
83.000000 5.6619
84.000000 5.6774
85.000000 5.6922
86.000000 5.7064
87.000000 5.7199
88.000000 5.7328
89.000000 5.7451
90.000000 5.7568
91.000000 5.7681
92.000000 5.7788
93.000000 5.789
94.000000 5.7988
95.000000 5.8081
96.000000 5.817
97.000000 5.8255
98.000000 5.8336
99.000000 5.8413
100.000000 5.8487
101.000000 5.8557
102.000000 5.8624
103.000000 5.8689
104.000000 5.875
105.000000 5.8808
106.000000 5.8864
107.000000 5.8917
108.000000 5.8968
109.000000 5.9016
110.000000 5.9062
111.000000 5.9106
112.000000 5.9148
113.000000 5.9188
114.000000 5.9227
115.000000 5.9263
116.000000 5.9298
117.000000 5.9331
118.000000 5.9363
119.000000 5.9393
120.000000 5.9422
121.000000 5.9449
122.000000 5.9475
123.000000 5.95
124.000000 5.9524
125.000000 5.9547
126.000000 5.9569
127.000000 5.9589
128.000000 5.9609
129.000000 5.9628
130.000000 5.9646
131.000000 5.9663
132.000000 5.9679
133.000000 5.9695
134.000000 5.971
135.000000 5.9724
136.000000 5.9737
137.000000 5.975
138.000000 5.9762
139.000000 5.9774
140.000000 5.9785
141.000000 5.9796
142.000000 5.9806
143.000000 5.9816
144.000000 5.9825
145.000000 5.9834
146.000000 5.9842
147.000000 5.985
148.000000 5.9858
149.000000 5.9865
150.000000 5.9872
151.000000 5.9879
152.000000 5.9885
153.000000 5.9891
154.000000 5.9897
155.000000 5.9902
156.000000 5.9908
157.000000 5.9913
158.000000 5.9917
159.000000 5.9922
160.000000 5.9926
161.000000 5.993
162.000000 5.9934
163.000000 5.9938
164.000000 5.9942
165.000000 5.9945
166.000000 5.9948
167.000000 5.9951
168.000000 5.9954
169.000000 5.9957
170.000000 5.996
171.000000 5.9962
172.000000 5.9965
173.000000 5.9967
174.000000 5.9969
175.000000 5.9971
176.000000 5.9973
177.000000 5.9975
178.000000 5.9977
179.000000 5.9979
180.000000 5.9981
181.000000 5.9982
182.000000 5.9984
183.000000 5.9985
184.000000 5.9987
185.000000 5.9988
186.000000 5.9989
187.000000 5.999
188.000000 5.9991
189.000000 5.9993
190.000000 5.9994
191.000000 5.9995
192.000000 5.9996
193.000000 5.9996
194.000000 5.9997
195.000000 5.9998
196.000000 5.9999
197.000000 6
198.000000 6
199.000000 6.0001
200.000000 6.0002
201.000000 6.0002
202.000000 6.0003
203.000000 6.0003
204.000000 6.0004
205.000000 6.0004
206.000000 6.0005
207.000000 6.0005
208.000000 6.0006
209.000000 6.0006
210.000000 6.0007
211.000000 6.0007
212.000000 6.0007
213.000000 6.0008
214.000000 6.0008
215.000000 6.0008
216.000000 6.0009
217.000000 6.0009
218.000000 6.0009
219.000000 6.0009
220.000000 6.001
221.000000 6.001
222.000000 6.001
223.000000 6.001
224.000000 6.0011
225.000000 6.0011
226.000000 6.0011
227.000000 6.0011
228.000000 6.0011
229.000000 6.0012
230.000000 6.0012
231.000000 6.0012
232.000000 6.0012
233.000000 6.0012
234.000000 6.0012
235.000000 6.0012
236.000000 6.0012
237.000000 6.0013
238.000000 6.0013
239.000000 6.0013
240.000000 6.0013
241.000000 6.0013
242.000000 6.0013
243.000000 6.0013
244.000000 6.0013
245.000000 6.0013
246.000000 6.0013
247.000000 6.0013
248.000000 6.0014
249.000000 6.0014
250.000000 6.0014
251.000000 6.0014
252.000000 6.0014
253.000000 6.0014
254.000000 6.0014
255.000000 6.0014
256.000000 6.0014
257.000000 6.0014
258.000000 6.0014
259.000000 6.0014
260.000000 6.0014
261.000000 6.0014
262.000000 6.0014
263.000000 6.0014
264.000000 6.0014
265.000000 6.0014
266.000000 6.0014
267.000000 6.0014
268.000000 6.0014
269.000000 6.0014
270.000000 6.0014
271.000000 6.0014
272.000000 6.0014
273.000000 6.0014
274.000000 6.0014
275.000000 6.0014
276.000000 6.0014
277.000000 6.0015
278.000000 6.0015
279.000000 6.0015
280.000000 6.0015
281.000000 6.0015
282.000000 6.0015
283.000000 6.0015
284.000000 6.0015
285.000000 6.0015
286.000000 6.0015
287.000000 6.0015
288.000000 6.0015
289.000000 6.0015
290.000000 6.0015
291.000000 6.0015
292.000000 6.0015
293.000000 6.0015
294.000000 6.0015
295.000000 6.0015
296.000000 6.0015
297.000000 6.0015
298.000000 6.0015
299.000000 6.0015
300.000000 6.0015
301.000000 6.0015
302.000000 6.0015
303.000000 6.0015
304.000000 6.0015
305.000000 6.0015
306.000000 6.0015
307.000000 6.0015
308.000000 6.0015
309.000000 6.0015
310.000000 6.0015
311.000000 6.0015
312.000000 6.0015
313.000000 6.0015
314.000000 6.0015
315.000000 6.0015
316.000000 6.0015
317.000000 6.0015
318.000000 6.0015
319.000000 6.0015
320.000000 6.0015
321.000000 6.0015
322.000000 6.0015
323.000000 6.0015
324.000000 6.0015
325.000000 6.0015
326.000000 6.0015
327.000000 6.0015
328.000000 6.0015
329.000000 6.0015
330.000000 6.0015
331.000000 6.0015
332.000000 6.0015
333.000000 6.0015
334.000000 6.0015
335.000000 6.0015
336.000000 6.0015
337.000000 6.0015
338.000000 6.0015
339.000000 6.0015
340.000000 6.0015
341.000000 6.0015
342.000000 6.0015
343.000000 6.0015
344.000000 6.0015
345.000000 6.0015
346.000000 6.0015
347.000000 6.0015
348.000000 6.0015
349.000000 6.0015
350.000000 6.0015
351.000000 6.0015
352.000000 6.0015
353.000000 6.0015
354.000000 6.0015
355.000000 6.0015
356.000000 6.0015
357.000000 6.0015
358.000000 6.0015
359.000000 6.0015
360.000000 6.0015
361.000000 6.0015
362.000000 6.0015
363.000000 6.0015
364.000000 6.0015
365.000000 6.0015
366.000000 6.0015
367.000000 6.0015
368.000000 6.0015
369.000000 6.0015
370.000000 6.0015
371.000000 6.0015
372.000000 6.0015
373.000000 6.0015
374.000000 6.0015
375.000000 6.0015
376.000000 6.0015
377.000000 6.0015
378.000000 6.0015
379.000000 6.0015
380.000000 6.0015
381.000000 6.0015
382.000000 6.0015
383.000000 6.0015
384.000000 6.0015
385.000000 6.0015
386.000000 6.0015
387.000000 6.0015
388.000000 6.0015
389.000000 6.0015
390.000000 6.0015
391.000000 6.0015
392.000000 6.0015
393.000000 6.0015
394.000000 6.0015
395.000000 6.0015
396.000000 6.0015
397.000000 6.0015
398.000000 6.0015
399.000000 6.0015
400.000000 6.0015
401.000000 6.0015
402.000000 6.0015
403.000000 6.0015
404.000000 6.0015
405.000000 6.0015
406.000000 6.0015
407.000000 6.0015
408.000000 6.0015
409.000000 6.0015
410.000000 6.0015
411.000000 6.0015
412.000000 6.0015
413.000000 6.0015
414.000000 6.0015
415.000000 6.0015
416.000000 6.0015
417.000000 6.0015
418.000000 6.0015
419.000000 6.0015
420.000000 6.0015
421.000000 6.0015
422.000000 6.0015
423.000000 6.0015
424.000000 6.0015
425.000000 6.0015
426.000000 6.0015
427.000000 6.0015
428.000000 6.0015
429.000000 6.0015
430.000000 6.0015
431.000000 6.0015
432.000000 6.0015
433.000000 6.0015
434.000000 6.0015
435.000000 6.0015
436.000000 6.0015
437.000000 6.0015
438.000000 6.0015
439.000000 6.0015
440.000000 6.0015
441.000000 6.0015
442.000000 6.0015
443.000000 6.0015
444.000000 6.0015
445.000000 6.0015
446.000000 6.0015
447.000000 6.0015
448.000000 6.0015
449.000000 6.0015
450.000000 6.0015
451.000000 6.0015
452.000000 6.0015
453.000000 6.0015
454.000000 6.0015
455.000000 6.0015
456.000000 6.0015
457.000000 6.0015
458.000000 6.0015
459.000000 6.0015
460.000000 6.0015
461.000000 6.0015
462.000000 6.0015
463.000000 6.0015
464.000000 6.0015
465.000000 6.0015
466.000000 6.0015
467.000000 6.0015
468.000000 6.0015
469.000000 6.0015
470.000000 6.0015
471.000000 6.0015
472.000000 6.0015
473.000000 6.0015
474.000000 6.0015
475.000000 6.0015
476.000000 6.0015
477.000000 6.0015
478.000000 6.0015
479.000000 6.0015
480.000000 6.0015
481.000000 6.0015
482.000000 6.0015
483.000000 6.0015
484.000000 6.0015
485.000000 6.0015
486.000000 6.0015
487.000000 6.0015
488.000000 6.0015
489.000000 6.0015
490.000000 6.0015
491.000000 6.0015
492.000000 6.0015
493.000000 6.0015
494.000000 6.0015
495.000000 6.0015
496.000000 6.0015
497.000000 6.0015
498.000000 6.0015
499.000000 6.0015
500.000000 6.0015
