1.000000 0
2.000000 0
3.000000 0
4.000000 0
5.000000 0
6.000000 0
7.000000 0
8.000000 0
9.000000 0.008082
10.000000 0.023168
11.000000 0.044291
12.000000 0.070584
13.000000 0.10127
14.000000 0.13566
15.000000 0.17314
16.000000 0.21315
17.000000 0.25521
18.000000 0.29888
19.000000 0.34377
20.000000 0.38955
21.000000 0.43591
22.000000 0.4826
23.000000 0.52938
24.000000 0.57605
25.000000 0.62244
26.000000 0.6684
27.000000 0.71379
28.000000 0.75851
29.000000 0.80246
30.000000 0.84557
31.000000 0.88777
32.000000 0.929
33.000000 0.96923
34.000000 1.0084
35.000000 1.0465
36.000000 1.0836
37.000000 1.1196
38.000000 1.1544
39.000000 1.1882
40.000000 1.2209
41.000000 1.2525
42.000000 1.283
43.000000 1.3125
44.000000 1.341
45.000000 1.3684
46.000000 1.3949
47.000000 1.4203
48.000000 1.4449
49.000000 1.4684
50.000000 1.4911
51.000000 1.5129
52.000000 1.5339
53.000000 1.554
54.000000 1.5734
55.000000 1.5919
56.000000 1.6097
57.000000 1.6268
58.000000 1.6432
59.000000 1.6589
60.000000 1.674
61.000000 1.6884
62.000000 1.7022
63.000000 1.7154
64.000000 1.7281
65.000000 1.7403
66.000000 1.7519
67.000000 1.763
68.000000 1.7736
69.000000 1.7838
70.000000 1.7936
71.000000 1.8029
72.000000 1.8118
73.000000 1.8203
74.000000 1.8285
75.000000 1.8362
76.000000 1.8437
77.000000 1.8508
78.000000 1.8576
79.000000 1.8641
80.000000 1.8703
81.000000 1.8762
82.000000 1.8819
83.000000 1.8873
84.000000 1.8925
85.000000 1.8974
86.000000 1.9021
87.000000 1.9066
88.000000 1.9109
89.000000 1.915
90.000000 1.9189
91.000000 1.9227
92.000000 1.9263
93.000000 1.9297
94.000000 1.9329
95.000000 1.936
96.000000 1.939
97.000000 1.9418
98.000000 1.9445
99.000000 1.9471
100.000000 1.9496
101.000000 1.9519
102.000000 1.9541
103.000000 1.9563
104.000000 1.9583
105.000000 1.9603
106.000000 1.9621
107.000000 1.9639
108.000000 1.9656
109.000000 1.9672
110.000000 1.9687
111.000000 1.9702
112.000000 1.9716
113.000000 1.9729
114.000000 1.9742
115.000000 1.9754
116.000000 1.9766
117.000000 1.9777
118.000000 1.9788
119.000000 1.9798
120.000000 1.9807
121.000000 1.9816
122.000000 1.9825
123.000000 1.9833
124.000000 1.9841
125.000000 1.9849
126.000000 1.9856
127.000000 1.9863
128.000000 1.987
129.000000 1.9876
130.000000 1.9882
131.000000 1.9888
132.000000 1.9893
133.000000 1.9898
134.000000 1.9903
135.000000 1.9908
136.000000 1.9912
137.000000 1.9917
138.000000 1.9921
139.000000 1.9925
140.000000 1.9928
141.000000 1.9932
142.000000 1.9935
143.000000 1.9939
144.000000 1.9942
145.000000 1.9945
146.000000 1.9947
147.000000 1.995
148.000000 1.9953
149.000000 1.9955
150.000000 1.9957
151.000000 1.996
152.000000 1.9962
153.000000 1.9964
154.000000 1.9966
155.000000 1.9967
156.000000 1.9969
157.000000 1.9971
158.000000 1.9972
159.000000 1.9974
160.000000 1.9975
161.000000 1.9977
162.000000 1.9978
163.000000 1.9979
164.000000 1.9981
165.000000 1.9982
166.000000 1.9983
167.000000 1.9984
168.000000 1.9985
169.000000 1.9986
170.000000 1.9987
171.000000 1.9987
172.000000 1.9988
173.000000 1.9989
174.000000 1.999
175.000000 1.999
176.000000 1.9991
177.000000 1.9992
178.000000 1.9992
179.000000 1.9993
180.000000 1.9994
181.000000 1.9994
182.000000 1.9995
183.000000 1.9995
184.000000 1.9996
185.000000 1.9996
186.000000 1.9996
187.000000 1.9997
188.000000 1.9997
189.000000 1.9998
190.000000 1.9998
191.000000 1.9998
192.000000 1.9999
193.000000 1.9999
194.000000 1.9999
195.000000 1.9999
196.000000 2
197.000000 2
198.000000 2
199.000000 2
200.000000 2.0001
201.000000 2.0001
202.000000 2.0001
203.000000 2.0001
204.000000 2.0001
205.000000 2.0001
206.000000 2.0002
207.000000 2.0002
208.000000 2.0002
209.000000 2.0002
210.000000 2.0002
211.000000 2.0002
212.000000 2.0002
213.000000 2.0003
214.000000 2.0003
215.000000 2.0003
216.000000 2.0003
217.000000 2.0003
218.000000 2.0003
219.000000 2.0003
220.000000 2.0003
221.000000 2.0003
222.000000 2.0003
223.000000 2.0003
224.000000 2.0004
225.000000 2.0004
226.000000 2.0004
227.000000 2.0004
228.000000 2.0004
229.000000 2.0004
230.000000 2.0004
231.000000 2.0004
232.000000 2.0004
233.000000 2.0004
234.000000 2.0004
235.000000 2.0004
236.000000 2.0004
237.000000 2.0004
238.000000 2.0004
239.000000 2.0004
240.000000 2.0004
241.000000 2.0004
242.000000 2.0004
243.000000 2.0004
244.000000 2.0004
245.000000 2.0004
246.000000 2.0004
247.000000 2.0004
248.000000 2.0005
249.000000 2.0005
250.000000 2.0005
251.000000 2.0005
252.000000 2.0005
253.000000 2.0005
254.000000 2.0005
255.000000 2.0005
256.000000 2.0005
257.000000 2.0005
258.000000 2.0005
259.000000 2.0005
260.000000 2.0005
261.000000 2.0005
262.000000 2.0005
263.000000 2.0005
264.000000 2.0005
265.000000 2.0005
266.000000 2.0005
267.000000 2.0005
268.000000 2.0005
269.000000 2.0005
270.000000 2.0005
271.000000 2.0005
272.000000 2.0005
273.000000 2.0005
274.000000 2.0005
275.000000 2.0005
276.000000 2.0005
277.000000 2.0005
278.000000 2.0005
279.000000 2.0005
280.000000 2.0005
281.000000 2.0005
282.000000 2.0005
283.000000 2.0005
284.000000 2.0005
285.000000 2.0005
286.000000 2.0005
287.000000 2.0005
288.000000 2.0005
289.000000 2.0005
290.000000 2.0005
291.000000 2.0005
292.000000 2.0005
293.000000 2.0005
294.000000 2.0005
295.000000 2.0005
296.000000 2.0005
297.000000 2.0005
298.000000 2.0005
299.000000 2.0005
300.000000 2.0005
301.000000 2.0005
302.000000 2.0005
303.000000 2.0005
304.000000 2.0005
305.000000 2.0005
306.000000 2.0005
307.000000 2.0005
308.000000 2.0005
309.000000 2.0005
310.000000 2.0005
311.000000 2.0005
312.000000 2.0005
313.000000 2.0005
314.000000 2.0005
315.000000 2.0005
316.000000 2.0005
317.000000 2.0005
318.000000 2.0005
319.000000 2.0005
320.000000 2.0005
321.000000 2.0005
322.000000 2.0005
323.000000 2.0005
324.000000 2.0005
325.000000 2.0005
326.000000 2.0005
327.000000 2.0005
328.000000 2.0005
329.000000 2.0005
330.000000 2.0005
331.000000 2.0005
332.000000 2.0005
333.000000 2.0005
334.000000 2.0005
335.000000 2.0005
336.000000 2.0005
337.000000 2.0005
338.000000 2.0005
339.000000 2.0005
340.000000 2.0005
341.000000 2.0005
342.000000 2.0005
343.000000 2.0005
344.000000 2.0005
345.000000 2.0005
346.000000 2.0005
347.000000 2.0005
348.000000 2.0005
349.000000 2.0005
350.000000 2.0005
351.000000 2.0005
352.000000 2.0005
353.000000 2.0005
354.000000 2.0005
355.000000 2.0005
356.000000 2.0005
357.000000 2.0005
358.000000 2.0005
359.000000 2.0005
360.000000 2.0005
361.000000 2.0005
362.000000 2.0005
363.000000 2.0005
364.000000 2.0005
365.000000 2.0005
366.000000 2.0005
367.000000 2.0005
368.000000 2.0005
369.000000 2.0005
370.000000 2.0005
371.000000 2.0005
372.000000 2.0005
373.000000 2.0005
374.000000 2.0005
375.000000 2.0005
376.000000 2.0005
377.000000 2.0005
378.000000 2.0005
379.000000 2.0005
380.000000 2.0005
381.000000 2.0005
382.000000 2.0005
383.000000 2.0005
384.000000 2.0005
385.000000 2.0005
386.000000 2.0005
387.000000 2.0005
388.000000 2.0005
389.000000 2.0005
390.000000 2.0005
391.000000 2.0005
392.000000 2.0005
393.000000 2.0005
394.000000 2.0005
395.000000 2.0005
396.000000 2.0005
397.000000 2.0005
398.000000 2.0005
399.000000 2.0005
400.000000 2.0005
401.000000 2.0005
402.000000 2.0005
403.000000 2.0005
404.000000 2.0005
405.000000 2.0005
406.000000 2.0005
407.000000 2.0005
408.000000 2.0005
409.000000 2.0005
410.000000 2.0005
411.000000 2.0005
412.000000 2.0005
413.000000 2.0005
414.000000 2.0005
415.000000 2.0005
416.000000 2.0005
417.000000 2.0005
418.000000 2.0005
419.000000 2.0005
420.000000 2.0005
421.000000 2.0005
422.000000 2.0005
423.000000 2.0005
424.000000 2.0005
425.000000 2.0005
426.000000 2.0005
427.000000 2.0005
428.000000 2.0005
429.000000 2.0005
430.000000 2.0005
431.000000 2.0005
432.000000 2.0005
433.000000 2.0005
434.000000 2.0005
435.000000 2.0005
436.000000 2.0005
437.000000 2.0005
438.000000 2.0005
439.000000 2.0005
440.000000 2.0005
441.000000 2.0005
442.000000 2.0005
443.000000 2.0005
444.000000 2.0005
445.000000 2.0005
446.000000 2.0005
447.000000 2.0005
448.000000 2.0005
449.000000 2.0005
450.000000 2.0005
451.000000 2.0005
452.000000 2.0005
453.000000 2.0005
454.000000 2.0005
455.000000 2.0005
456.000000 2.0005
457.000000 2.0005
458.000000 2.0005
459.000000 2.0005
460.000000 2.0005
461.000000 2.0005
462.000000 2.0005
463.000000 2.0005
464.000000 2.0005
465.000000 2.0005
466.000000 2.0005
467.000000 2.0005
468.000000 2.0005
469.000000 2.0005
470.000000 2.0005
471.000000 2.0005
472.000000 2.0005
473.000000 2.0005
474.000000 2.0005
475.000000 2.0005
476.000000 2.0005
477.000000 2.0005
478.000000 2.0005
479.000000 2.0005
480.000000 2.0005
481.000000 2.0005
482.000000 2.0005
483.000000 2.0005
484.000000 2.0005
485.000000 2.0005
486.000000 2.0005
487.000000 2.0005
488.000000 2.0005
489.000000 2.0005
490.000000 2.0005
491.000000 2.0005
492.000000 2.0005
493.000000 2.0005
494.000000 2.0005
495.000000 2.0005
496.000000 2.0005
497.000000 2.0005
498.000000 2.0005
499.000000 2.0005
500.000000 2.0005
