1.000000 0
2.000000 0
3.000000 0
4.000000 0
5.000000 0
6.000000 0
7.000000 0
8.000000 0
9.000000 0.050305
10.000000 0.14022
11.000000 0.26074
12.000000 0.40436
13.000000 0.56482
14.000000 0.73691
15.000000 0.91637
16.000000 1.0997
17.000000 1.284
18.000000 1.4672
19.000000 1.6472
20.000000 1.8228
21.000000 1.9929
22.000000 2.1566
23.000000 2.3135
24.000000 2.4631
25.000000 2.6053
26.000000 2.7398
27.000000 2.8669
28.000000 2.9864
29.000000 3.0987
30.000000 3.2039
31.000000 3.3022
32.000000 3.394
33.000000 3.4796
34.000000 3.5591
35.000000 3.633
36.000000 3.7016
37.000000 3.7651
38.000000 3.8239
39.000000 3.8782
40.000000 3.9284
41.000000 3.9747
42.000000 4.0174
43.000000 4.0567
44.000000 4.0928
45.000000 4.1261
46.000000 4.1567
47.000000 4.1848
48.000000 4.2106
49.000000 4.2342
50.000000 4.2559
51.000000 4.2758
52.000000 4.2939
53.000000 4.3106
54.000000 4.3258
55.000000 4.3398
56.000000 4.3525
57.000000 4.3642
58.000000 4.3748
59.000000 4.3845
60.000000 4.3934
61.000000 4.4015
62.000000 4.4089
63.000000 4.4156
64.000000 4.4217
65.000000 4.4273
66.000000 4.4324
67.000000 4.4371
68.000000 4.4413
69.000000 4.4451
70.000000 4.4487
71.000000 4.4518
72.000000 4.4547
73.000000 4.4574
74.000000 4.4598
75.000000 4.462
76.000000 4.464
77.000000 4.4658
78.000000 4.4674
79.000000 4.4689
80.000000 4.4702
81.000000 4.4715
82.000000 4.4726
83.000000 4.4736
84.000000 4.4745
85.000000 4.4754
86.000000 4.4761
87.000000 4.4768
88.000000 4.4774
89.000000 4.478
90.000000 4.4785
91.000000 4.479
92.000000 4.4794
93.000000 4.4798
94.000000 4.4801
95.000000 4.4805
96.000000 4.4808
97.000000 4.481
98.000000 4.4812
99.000000 4.4815
100.000000 4.4817
101.000000 4.4818
102.000000 4.482
103.000000 4.4821
104.000000 4.4823
105.000000 4.4824
106.000000 4.4825
107.000000 4.4826
108.000000 4.4827
109.000000 4.4828
110.000000 4.4828
111.000000 4.4829
112.000000 4.4829
113.000000 4.483
114.000000 4.4831
115.000000 4.4831
116.000000 4.4831
117.000000 4.4832
118.000000 4.4832
119.000000 4.4832
120.000000 4.4833
121.000000 4.4833
122.000000 4.4833
123.000000 4.4833
124.000000 4.4833
125.000000 4.4834
126.000000 4.4834
127.000000 4.4834
128.000000 4.4834
129.000000 4.4834
130.000000 4.4834
131.000000 4.4834
132.000000 4.4834
133.000000 4.4834
134.000000 4.4834
135.000000 4.4835
136.000000 4.4835
137.000000 4.4835
138.000000 4.4835
139.000000 4.4835
140.000000 4.4835
141.000000 4.4835
142.000000 4.4835
143.000000 4.4835
144.000000 4.4835
145.000000 4.4835
146.000000 4.4835
147.000000 4.4835
148.000000 4.4835
149.000000 4.4835
150.000000 4.4835
151.000000 4.4835
152.000000 4.4835
153.000000 4.4835
154.000000 4.4835
155.000000 4.4835
156.000000 4.4835
157.000000 4.4835
158.000000 4.4835
159.000000 4.4835
160.000000 4.4835
161.000000 4.4835
162.000000 4.4835
163.000000 4.4835
164.000000 4.4835
165.000000 4.4835
166.000000 4.4835
167.000000 4.4835
168.000000 4.4835
169.000000 4.4835
170.000000 4.4835
171.000000 4.4835
172.000000 4.4835
173.000000 4.4835
174.000000 4.4835
175.000000 4.4835
176.000000 4.4835
177.000000 4.4835
178.000000 4.4835
179.000000 4.4835
180.000000 4.4835
181.000000 4.4835
182.000000 4.4835
183.000000 4.4835
184.000000 4.4835
185.000000 4.4835
186.000000 4.4835
187.000000 4.4835
188.000000 4.4835
189.000000 4.4835
190.000000 4.4835
191.000000 4.4835
192.000000 4.4835
193.000000 4.4835
194.000000 4.4835
195.000000 4.4835
196.000000 4.4835
197.000000 4.4835
198.000000 4.4835
199.000000 4.4835
200.000000 4.4835
201.000000 4.4835
202.000000 4.4835
203.000000 4.4835
204.000000 4.4835
205.000000 4.4835
206.000000 4.4835
207.000000 4.4835
208.000000 4.4835
209.000000 4.4835
210.000000 4.4835
211.000000 4.4835
212.000000 4.4835
213.000000 4.4835
214.000000 4.4835
215.000000 4.4835
216.000000 4.4835
217.000000 4.4835
218.000000 4.4835
219.000000 4.4835
220.000000 4.4835
221.000000 4.4835
222.000000 4.4835
223.000000 4.4835
224.000000 4.4835
225.000000 4.4835
226.000000 4.4835
227.000000 4.4835
228.000000 4.4835
229.000000 4.4835
230.000000 4.4835
231.000000 4.4835
232.000000 4.4835
233.000000 4.4835
234.000000 4.4835
235.000000 4.4835
236.000000 4.4835
237.000000 4.4835
238.000000 4.4835
239.000000 4.4835
240.000000 4.4835
241.000000 4.4835
242.000000 4.4835
243.000000 4.4835
244.000000 4.4835
245.000000 4.4835
246.000000 4.4835
247.000000 4.4835
248.000000 4.4835
249.000000 4.4835
250.000000 4.4835
251.000000 4.4835
252.000000 4.4835
253.000000 4.4835
254.000000 4.4835
255.000000 4.4835
256.000000 4.4835
257.000000 4.4835
258.000000 4.4835
259.000000 4.4835
260.000000 4.4835
261.000000 4.4835
262.000000 4.4835
263.000000 4.4835
264.000000 4.4835
265.000000 4.4835
266.000000 4.4835
267.000000 4.4835
268.000000 4.4835
269.000000 4.4835
270.000000 4.4835
271.000000 4.4835
272.000000 4.4835
273.000000 4.4835
274.000000 4.4835
275.000000 4.4835
276.000000 4.4835
277.000000 4.4835
278.000000 4.4835
279.000000 4.4835
280.000000 4.4835
281.000000 4.4835
282.000000 4.4835
283.000000 4.4835
284.000000 4.4835
285.000000 4.4835
286.000000 4.4835
287.000000 4.4835
288.000000 4.4835
289.000000 4.4835
290.000000 4.4835
291.000000 4.4835
292.000000 4.4835
293.000000 4.4835
294.000000 4.4835
295.000000 4.4835
296.000000 4.4835
297.000000 4.4835
298.000000 4.4835
299.000000 4.4835
300.000000 4.4835
301.000000 4.4835
302.000000 4.4835
303.000000 4.4835
304.000000 4.4835
305.000000 4.4835
306.000000 4.4835
307.000000 4.4835
308.000000 4.4835
309.000000 4.4835
310.000000 4.4835
311.000000 4.4835
312.000000 4.4835
313.000000 4.4835
314.000000 4.4835
315.000000 4.4835
316.000000 4.4835
317.000000 4.4835
318.000000 4.4835
319.000000 4.4835
320.000000 4.4835
321.000000 4.4835
322.000000 4.4835
323.000000 4.4835
324.000000 4.4835
325.000000 4.4835
326.000000 4.4835
327.000000 4.4835
328.000000 4.4835
329.000000 4.4835
330.000000 4.4835
331.000000 4.4835
332.000000 4.4835
333.000000 4.4835
334.000000 4.4835
335.000000 4.4835
336.000000 4.4835
337.000000 4.4835
338.000000 4.4835
339.000000 4.4835
340.000000 4.4835
341.000000 4.4835
342.000000 4.4835
343.000000 4.4835
344.000000 4.4835
345.000000 4.4835
346.000000 4.4835
347.000000 4.4835
348.000000 4.4835
349.000000 4.4835
350.000000 4.4835
351.000000 4.4835
352.000000 4.4835
353.000000 4.4835
354.000000 4.4835
355.000000 4.4835
356.000000 4.4835
357.000000 4.4835
358.000000 4.4835
359.000000 4.4835
360.000000 4.4835
361.000000 4.4835
362.000000 4.4835
363.000000 4.4835
364.000000 4.4835
365.000000 4.4835
366.000000 4.4835
367.000000 4.4835
368.000000 4.4835
369.000000 4.4835
370.000000 4.4835
371.000000 4.4835
372.000000 4.4835
373.000000 4.4835
374.000000 4.4835
375.000000 4.4835
376.000000 4.4835
377.000000 4.4835
378.000000 4.4835
379.000000 4.4835
380.000000 4.4835
381.000000 4.4835
382.000000 4.4835
383.000000 4.4835
384.000000 4.4835
385.000000 4.4835
386.000000 4.4835
387.000000 4.4835
388.000000 4.4835
389.000000 4.4835
390.000000 4.4835
391.000000 4.4835
392.000000 4.4835
393.000000 4.4835
394.000000 4.4835
395.000000 4.4835
396.000000 4.4835
397.000000 4.4835
398.000000 4.4835
399.000000 4.4835
400.000000 4.4835
401.000000 4.4835
402.000000 4.4835
403.000000 4.4835
404.000000 4.4835
405.000000 4.4835
406.000000 4.4835
407.000000 4.4835
408.000000 4.4835
409.000000 4.4835
410.000000 4.4835
411.000000 4.4835
412.000000 4.4835
413.000000 4.4835
414.000000 4.4835
415.000000 4.4835
416.000000 4.4835
417.000000 4.4835
418.000000 4.4835
419.000000 4.4835
420.000000 4.4835
421.000000 4.4835
422.000000 4.4835
423.000000 4.4835
424.000000 4.4835
425.000000 4.4835
426.000000 4.4835
427.000000 4.4835
428.000000 4.4835
429.000000 4.4835
430.000000 4.4835
431.000000 4.4835
432.000000 4.4835
433.000000 4.4835
434.000000 4.4835
435.000000 4.4835
436.000000 4.4835
437.000000 4.4835
438.000000 4.4835
439.000000 4.4835
440.000000 4.4835
441.000000 4.4835
442.000000 4.4835
443.000000 4.4835
444.000000 4.4835
445.000000 4.4835
446.000000 4.4835
447.000000 4.4835
448.000000 4.4835
449.000000 4.4835
450.000000 4.4835
451.000000 4.4835
452.000000 4.4835
453.000000 4.4835
454.000000 4.4835
455.000000 4.4835
456.000000 4.4835
457.000000 4.4835
458.000000 4.4835
459.000000 4.4835
460.000000 4.4835
461.000000 4.4835
462.000000 4.4835
463.000000 4.4835
464.000000 4.4835
465.000000 4.4835
466.000000 4.4835
467.000000 4.4835
468.000000 4.4835
469.000000 4.4835
470.000000 4.4835
471.000000 4.4835
472.000000 4.4835
473.000000 4.4835
474.000000 4.4835
475.000000 4.4835
476.000000 4.4835
477.000000 4.4835
478.000000 4.4835
479.000000 4.4835
480.000000 4.4835
481.000000 4.4835
482.000000 4.4835
483.000000 4.4835
484.000000 4.4835
485.000000 4.4835
486.000000 4.4835
487.000000 4.4835
488.000000 4.4835
489.000000 4.4835
490.000000 4.4835
491.000000 4.4835
492.000000 4.4835
493.000000 4.4835
494.000000 4.4835
495.000000 4.4835
496.000000 4.4835
497.000000 4.4835
498.000000 4.4835
499.000000 4.4835
500.000000 4.4835
