1.000000 0
2.000000 0
3.000000 0
4.000000 0
5.000000 0
6.000000 0
7.000000 0
8.000000 0
9.000000 0.00909
10.000000 0.026057
11.000000 0.049815
12.000000 0.079387
13.000000 0.1139
14.000000 0.15259
15.000000 0.19474
16.000000 0.23974
17.000000 0.28704
18.000000 0.33615
19.000000 0.38664
20.000000 0.43813
21.000000 0.49028
22.000000 0.54279
23.000000 0.59541
24.000000 0.6479
25.000000 0.70008
26.000000 0.75176
27.000000 0.80282
28.000000 0.85311
29.000000 0.90255
30.000000 0.95103
31.000000 0.99849
32.000000 1.0449
33.000000 1.0901
34.000000 1.1342
35.000000 1.1771
36.000000 1.2187
37.000000 1.2592
38.000000 1.2984
39.000000 1.3364
40.000000 1.3732
41.000000 1.4087
42.000000 1.4431
43.000000 1.4762
44.000000 1.5082
45.000000 1.5391
46.000000 1.5688
47.000000 1.5975
48.000000 1.6251
49.000000 1.6516
50.000000 1.6771
51.000000 1.7016
52.000000 1.7252
53.000000 1.7479
54.000000 1.7696
55.000000 1.7905
56.000000 1.8105
57.000000 1.8297
58.000000 1.8481
59.000000 1.8658
60.000000 1.8827
61.000000 1.899
62.000000 1.9145
63.000000 1.9294
64.000000 1.9437
65.000000 1.9573
66.000000 1.9704
67.000000 1.9829
68.000000 1.9949
69.000000 2.0063
70.000000 2.0173
71.000000 2.0277
72.000000 2.0378
73.000000 2.0473
74.000000 2.0565
75.000000 2.0653
76.000000 2.0736
77.000000 2.0816
78.000000 2.0893
79.000000 2.0966
80.000000 2.1036
81.000000 2.1102
82.000000 2.1166
83.000000 2.1227
84.000000 2.1285
85.000000 2.1341
86.000000 2.1394
87.000000 2.1444
88.000000 2.1493
89.000000 2.1539
90.000000 2.1583
91.000000 2.1625
92.000000 2.1665
93.000000 2.1703
94.000000 2.174
95.000000 2.1775
96.000000 2.1808
97.000000 2.184
98.000000 2.187
99.000000 2.1899
100.000000 2.1927
101.000000 2.1954
102.000000 2.1979
103.000000 2.2003
104.000000 2.2026
105.000000 2.2048
106.000000 2.2069
107.000000 2.2088
108.000000 2.2107
109.000000 2.2126
110.000000 2.2143
111.000000 2.2159
112.000000 2.2175
113.000000 2.219
114.000000 2.2204
115.000000 2.2218
116.000000 2.2231
117.000000 2.2244
118.000000 2.2256
119.000000 2.2267
120.000000 2.2278
121.000000 2.2288
122.000000 2.2298
123.000000 2.2307
124.000000 2.2316
125.000000 2.2325
126.000000 2.2333
127.000000 2.234
128.000000 2.2348
129.000000 2.2355
130.000000 2.2362
131.000000 2.2368
132.000000 2.2374
133.000000 2.238
134.000000 2.2386
135.000000 2.2391
136.000000 2.2396
137.000000 2.2401
138.000000 2.2405
139.000000 2.241
140.000000 2.2414
141.000000 2.2418
142.000000 2.2422
143.000000 2.2425
144.000000 2.2429
145.000000 2.2432
146.000000 2.2435
147.000000 2.2438
148.000000 2.2441
149.000000 2.2444
150.000000 2.2447
151.000000 2.2449
152.000000 2.2451
153.000000 2.2454
154.000000 2.2456
155.000000 2.2458
156.000000 2.246
157.000000 2.2462
158.000000 2.2463
159.000000 2.2465
160.000000 2.2467
161.000000 2.2468
162.000000 2.247
163.000000 2.2471
164.000000 2.2473
165.000000 2.2474
166.000000 2.2475
167.000000 2.2476
168.000000 2.2477
169.000000 2.2478
170.000000 2.2479
171.000000 2.248
172.000000 2.2481
173.000000 2.2482
174.000000 2.2483
175.000000 2.2484
176.000000 2.2484
177.000000 2.2485
178.000000 2.2486
179.000000 2.2487
180.000000 2.2487
181.000000 2.2488
182.000000 2.2488
183.000000 2.2489
184.000000 2.2489
185.000000 2.249
186.000000 2.249
187.000000 2.2491
188.000000 2.2491
189.000000 2.2492
190.000000 2.2492
191.000000 2.2492
192.000000 2.2493
193.000000 2.2493
194.000000 2.2493
195.000000 2.2494
196.000000 2.2494
197.000000 2.2494
198.000000 2.2495
199.000000 2.2495
200.000000 2.2495
201.000000 2.2495
202.000000 2.2495
203.000000 2.2496
204.000000 2.2496
205.000000 2.2496
206.000000 2.2496
207.000000 2.2496
208.000000 2.2497
209.000000 2.2497
210.000000 2.2497
211.000000 2.2497
212.000000 2.2497
213.000000 2.2497
214.000000 2.2497
215.000000 2.2498
216.000000 2.2498
217.000000 2.2498
218.000000 2.2498
219.000000 2.2498
220.000000 2.2498
221.000000 2.2498
222.000000 2.2498
223.000000 2.2498
224.000000 2.2498
225.000000 2.2498
226.000000 2.2499
227.000000 2.2499
228.000000 2.2499
229.000000 2.2499
230.000000 2.2499
231.000000 2.2499
232.000000 2.2499
233.000000 2.2499
234.000000 2.2499
235.000000 2.2499
236.000000 2.2499
237.000000 2.2499
238.000000 2.2499
239.000000 2.2499
240.000000 2.2499
241.000000 2.2499
242.000000 2.2499
243.000000 2.2499
244.000000 2.2499
245.000000 2.2499
246.000000 2.2499
247.000000 2.2499
248.000000 2.2499
249.000000 2.25
250.000000 2.25
251.000000 2.25
252.000000 2.25
253.000000 2.25
254.000000 2.25
255.000000 2.25
256.000000 2.25
257.000000 2.25
258.000000 2.25
259.000000 2.25
260.000000 2.25
261.000000 2.25
262.000000 2.25
263.000000 2.25
264.000000 2.25
265.000000 2.25
266.000000 2.25
267.000000 2.25
268.000000 2.25
269.000000 2.25
270.000000 2.25
271.000000 2.25
272.000000 2.25
273.000000 2.25
274.000000 2.25
275.000000 2.25
276.000000 2.25
277.000000 2.25
278.000000 2.25
279.000000 2.25
280.000000 2.25
281.000000 2.25
282.000000 2.25
283.000000 2.25
284.000000 2.25
285.000000 2.25
286.000000 2.25
287.000000 2.25
288.000000 2.25
289.000000 2.25
290.000000 2.25
291.000000 2.25
292.000000 2.25
293.000000 2.25
294.000000 2.25
295.000000 2.25
296.000000 2.25
297.000000 2.25
298.000000 2.25
299.000000 2.25
300.000000 2.25
301.000000 2.25
302.000000 2.25
303.000000 2.25
304.000000 2.25
305.000000 2.25
306.000000 2.25
307.000000 2.25
308.000000 2.25
309.000000 2.25
310.000000 2.25
311.000000 2.25
312.000000 2.25
313.000000 2.25
314.000000 2.25
315.000000 2.25
316.000000 2.25
317.000000 2.25
318.000000 2.25
319.000000 2.25
320.000000 2.25
321.000000 2.25
322.000000 2.25
323.000000 2.25
324.000000 2.25
325.000000 2.25
326.000000 2.25
327.000000 2.25
328.000000 2.25
329.000000 2.25
330.000000 2.25
331.000000 2.25
332.000000 2.25
333.000000 2.25
334.000000 2.25
335.000000 2.25
336.000000 2.25
337.000000 2.25
338.000000 2.25
339.000000 2.25
340.000000 2.25
341.000000 2.25
342.000000 2.25
343.000000 2.25
344.000000 2.25
345.000000 2.25
346.000000 2.25
347.000000 2.25
348.000000 2.25
349.000000 2.25
350.000000 2.25
351.000000 2.25
352.000000 2.25
353.000000 2.25
354.000000 2.25
355.000000 2.25
356.000000 2.25
357.000000 2.25
358.000000 2.25
359.000000 2.25
360.000000 2.25
361.000000 2.25
362.000000 2.25
363.000000 2.25
364.000000 2.25
365.000000 2.25
366.000000 2.25
367.000000 2.25
368.000000 2.25
369.000000 2.25
370.000000 2.25
371.000000 2.25
372.000000 2.25
373.000000 2.25
374.000000 2.25
375.000000 2.25
376.000000 2.25
377.000000 2.25
378.000000 2.25
379.000000 2.25
380.000000 2.25
381.000000 2.25
382.000000 2.25
383.000000 2.25
384.000000 2.25
385.000000 2.25
386.000000 2.25
387.000000 2.25
388.000000 2.25
389.000000 2.25
390.000000 2.25
391.000000 2.25
392.000000 2.25
393.000000 2.25
394.000000 2.25
395.000000 2.25
396.000000 2.25
397.000000 2.25
398.000000 2.25
399.000000 2.25
400.000000 2.25
401.000000 2.25
402.000000 2.25
403.000000 2.25
404.000000 2.25
405.000000 2.25
406.000000 2.25
407.000000 2.25
408.000000 2.25
409.000000 2.25
410.000000 2.25
411.000000 2.25
412.000000 2.25
413.000000 2.25
414.000000 2.25
415.000000 2.25
416.000000 2.25
417.000000 2.25
418.000000 2.25
419.000000 2.25
420.000000 2.25
421.000000 2.25
422.000000 2.25
423.000000 2.25
424.000000 2.25
425.000000 2.25
426.000000 2.25
427.000000 2.25
428.000000 2.25
429.000000 2.25
430.000000 2.25
431.000000 2.25
432.000000 2.25
433.000000 2.25
434.000000 2.25
435.000000 2.25
436.000000 2.25
437.000000 2.25
438.000000 2.25
439.000000 2.25
440.000000 2.25
441.000000 2.25
442.000000 2.25
443.000000 2.25
444.000000 2.25
445.000000 2.25
446.000000 2.25
447.000000 2.25
448.000000 2.25
449.000000 2.25
450.000000 2.25
451.000000 2.25
452.000000 2.25
453.000000 2.25
454.000000 2.25
455.000000 2.25
456.000000 2.25
457.000000 2.25
458.000000 2.25
459.000000 2.25
460.000000 2.25
461.000000 2.25
462.000000 2.25
463.000000 2.25
464.000000 2.25
465.000000 2.25
466.000000 2.25
467.000000 2.25
468.000000 2.25
469.000000 2.25
470.000000 2.25
471.000000 2.25
472.000000 2.25
473.000000 2.25
474.000000 2.25
475.000000 2.25
476.000000 2.25
477.000000 2.25
478.000000 2.25
479.000000 2.25
480.000000 2.25
481.000000 2.25
482.000000 2.25
483.000000 2.25
484.000000 2.25
485.000000 2.25
486.000000 2.25
487.000000 2.25
488.000000 2.25
489.000000 2.25
490.000000 2.25
491.000000 2.25
492.000000 2.25
493.000000 2.25
494.000000 2.25
495.000000 2.25
496.000000 2.25
497.000000 2.25
498.000000 2.25
499.000000 2.25
500.000000 2.25
