1.000000 0
2.000000 0
3.000000 0
4.000000 0
5.000000 0
6.000000 0
7.000000 0
8.000000 0
9.000000 0.033546
10.000000 0.093503
11.000000 0.17388
12.000000 0.26965
13.000000 0.37665
14.000000 0.49141
15.000000 0.61108
16.000000 0.73333
17.000000 0.85627
18.000000 0.97837
19.000000 1.0984
20.000000 1.2155
21.000000 1.329
22.000000 1.4382
23.000000 1.5428
24.000000 1.6425
25.000000 1.7373
26.000000 1.8271
27.000000 1.9118
28.000000 1.9915
29.000000 2.0664
30.000000 2.1365
31.000000 2.2021
32.000000 2.2633
33.000000 2.3204
34.000000 2.3734
35.000000 2.4227
36.000000 2.4684
37.000000 2.5108
38.000000 2.5499
39.000000 2.5862
40.000000 2.6196
41.000000 2.6505
42.000000 2.679
43.000000 2.7052
44.000000 2.7293
45.000000 2.7515
46.000000 2.7719
47.000000 2.7906
48.000000 2.8078
49.000000 2.8236
50.000000 2.838
51.000000 2.8513
52.000000 2.8634
53.000000 2.8745
54.000000 2.8847
55.000000 2.894
56.000000 2.9025
57.000000 2.9103
58.000000 2.9173
59.000000 2.9238
60.000000 2.9297
61.000000 2.9351
62.000000 2.9401
63.000000 2.9445
64.000000 2.9486
65.000000 2.9524
66.000000 2.9558
67.000000 2.9589
68.000000 2.9617
69.000000 2.9643
70.000000 2.9666
71.000000 2.9687
72.000000 2.9707
73.000000 2.9724
74.000000 2.974
75.000000 2.9755
76.000000 2.9768
77.000000 2.978
78.000000 2.9791
79.000000 2.9801
80.000000 2.981
81.000000 2.9818
82.000000 2.9826
83.000000 2.9832
84.000000 2.9839
85.000000 2.9844
86.000000 2.9849
87.000000 2.9854
88.000000 2.9858
89.000000 2.9862
90.000000 2.9865
91.000000 2.9868
92.000000 2.9871
93.000000 2.9874
94.000000 2.9876
95.000000 2.9878
96.000000 2.988
97.000000 2.9882
98.000000 2.9883
99.000000 2.9885
100.000000 2.9886
101.000000 2.9887
102.000000 2.9888
103.000000 2.9889
104.000000 2.989
105.000000 2.9891
106.000000 2.9892
107.000000 2.9892
108.000000 2.9893
109.000000 2.9893
110.000000 2.9894
111.000000 2.9894
112.000000 2.9895
113.000000 2.9895
114.000000 2.9895
115.000000 2.9896
116.000000 2.9896
117.000000 2.9896
118.000000 2.9896
119.000000 2.9897
120.000000 2.9897
121.000000 2.9897
122.000000 2.9897
123.000000 2.9897
124.000000 2.9897
125.000000 2.9897
126.000000 2.9897
127.000000 2.9898
128.000000 2.9898
129.000000 2.9898
130.000000 2.9898
131.000000 2.9898
132.000000 2.9898
133.000000 2.9898
134.000000 2.9898
135.000000 2.9898
136.000000 2.9898
137.000000 2.9898
138.000000 2.9898
139.000000 2.9898
140.000000 2.9898
141.000000 2.9898
142.000000 2.9898
143.000000 2.9898
144.000000 2.9898
145.000000 2.9898
146.000000 2.9898
147.000000 2.9898
148.000000 2.9898
149.000000 2.9898
150.000000 2.9898
151.000000 2.9898
152.000000 2.9898
153.000000 2.9898
154.000000 2.9898
155.000000 2.9898
156.000000 2.9898
157.000000 2.9898
158.000000 2.9898
159.000000 2.9898
160.000000 2.9898
161.000000 2.9898
162.000000 2.9898
163.000000 2.9898
164.000000 2.9898
165.000000 2.9898
166.000000 2.9898
167.000000 2.9898
168.000000 2.9898
169.000000 2.9898
170.000000 2.9898
171.000000 2.9898
172.000000 2.9898
173.000000 2.9898
174.000000 2.9898
175.000000 2.9898
176.000000 2.9898
177.000000 2.9898
178.000000 2.9898
179.000000 2.9898
180.000000 2.9898
181.000000 2.9898
182.000000 2.9898
183.000000 2.9898
184.000000 2.9898
185.000000 2.9898
186.000000 2.9898
187.000000 2.9898
188.000000 2.9898
189.000000 2.9898
190.000000 2.9898
191.000000 2.9898
192.000000 2.9898
193.000000 2.9898
194.000000 2.9898
195.000000 2.9898
196.000000 2.9898
197.000000 2.9898
198.000000 2.9898
199.000000 2.9898
200.000000 2.9898
201.000000 2.9898
202.000000 2.9898
203.000000 2.9898
204.000000 2.9898
205.000000 2.9898
206.000000 2.9898
207.000000 2.9898
208.000000 2.9898
209.000000 2.9898
210.000000 2.9898
211.000000 2.9898
212.000000 2.9898
213.000000 2.9898
214.000000 2.9898
215.000000 2.9898
216.000000 2.9898
217.000000 2.9898
218.000000 2.9898
219.000000 2.9898
220.000000 2.9898
221.000000 2.9898
222.000000 2.9898
223.000000 2.9898
224.000000 2.9898
225.000000 2.9898
226.000000 2.9898
227.000000 2.9898
228.000000 2.9898
229.000000 2.9898
230.000000 2.9898
231.000000 2.9898
232.000000 2.9898
233.000000 2.9898
234.000000 2.9898
235.000000 2.9898
236.000000 2.9898
237.000000 2.9898
238.000000 2.9898
239.000000 2.9898
240.000000 2.9898
241.000000 2.9898
242.000000 2.9898
243.000000 2.9898
244.000000 2.9898
245.000000 2.9898
246.000000 2.9898
247.000000 2.9898
248.000000 2.9898
249.000000 2.9898
250.000000 2.9898
251.000000 2.9898
252.000000 2.9898
253.000000 2.9898
254.000000 2.9898
255.000000 2.9898
256.000000 2.9898
257.000000 2.9898
258.000000 2.9898
259.000000 2.9898
260.000000 2.9898
261.000000 2.9898
262.000000 2.9898
263.000000 2.9898
264.000000 2.9898
265.000000 2.9898
266.000000 2.9898
267.000000 2.9898
268.000000 2.9898
269.000000 2.9898
270.000000 2.9898
271.000000 2.9898
272.000000 2.9898
273.000000 2.9898
274.000000 2.9898
275.000000 2.9898
276.000000 2.9898
277.000000 2.9898
278.000000 2.9898
279.000000 2.9898
280.000000 2.9898
281.000000 2.9898
282.000000 2.9898
283.000000 2.9898
284.000000 2.9898
285.000000 2.9898
286.000000 2.9898
287.000000 2.9898
288.000000 2.9898
289.000000 2.9898
290.000000 2.9898
291.000000 2.9898
292.000000 2.9898
293.000000 2.9898
294.000000 2.9898
295.000000 2.9898
296.000000 2.9898
297.000000 2.9898
298.000000 2.9898
299.000000 2.9898
300.000000 2.9898
301.000000 2.9898
302.000000 2.9898
303.000000 2.9898
304.000000 2.9898
305.000000 2.9898
306.000000 2.9898
307.000000 2.9898
308.000000 2.9898
309.000000 2.9898
310.000000 2.9898
311.000000 2.9898
312.000000 2.9898
313.000000 2.9898
314.000000 2.9898
315.000000 2.9898
316.000000 2.9898
317.000000 2.9898
318.000000 2.9898
319.000000 2.9898
320.000000 2.9898
321.000000 2.9898
322.000000 2.9898
323.000000 2.9898
324.000000 2.9898
325.000000 2.9898
326.000000 2.9898
327.000000 2.9898
328.000000 2.9898
329.000000 2.9898
330.000000 2.9898
331.000000 2.9898
332.000000 2.9898
333.000000 2.9898
334.000000 2.9898
335.000000 2.9898
336.000000 2.9898
337.000000 2.9898
338.000000 2.9898
339.000000 2.9898
340.000000 2.9898
341.000000 2.9898
342.000000 2.9898
343.000000 2.9898
344.000000 2.9898
345.000000 2.9898
346.000000 2.9898
347.000000 2.9898
348.000000 2.9898
349.000000 2.9898
350.000000 2.9898
351.000000 2.9898
352.000000 2.9898
353.000000 2.9898
354.000000 2.9898
355.000000 2.9898
356.000000 2.9898
357.000000 2.9898
358.000000 2.9898
359.000000 2.9898
360.000000 2.9898
361.000000 2.9898
362.000000 2.9898
363.000000 2.9898
364.000000 2.9898
365.000000 2.9898
366.000000 2.9898
367.000000 2.9898
368.000000 2.9898
369.000000 2.9898
370.000000 2.9898
371.000000 2.9898
372.000000 2.9898
373.000000 2.9898
374.000000 2.9898
375.000000 2.9898
376.000000 2.9898
377.000000 2.9898
378.000000 2.9898
379.000000 2.9898
380.000000 2.9898
381.000000 2.9898
382.000000 2.9898
383.000000 2.9898
384.000000 2.9898
385.000000 2.9898
386.000000 2.9898
387.000000 2.9898
388.000000 2.9898
389.000000 2.9898
390.000000 2.9898
391.000000 2.9898
392.000000 2.9898
393.000000 2.9898
394.000000 2.9898
395.000000 2.9898
396.000000 2.9898
397.000000 2.9898
398.000000 2.9898
399.000000 2.9898
400.000000 2.9898
401.000000 2.9898
402.000000 2.9898
403.000000 2.9898
404.000000 2.9898
405.000000 2.9898
406.000000 2.9898
407.000000 2.9898
408.000000 2.9898
409.000000 2.9898
410.000000 2.9898
411.000000 2.9898
412.000000 2.9898
413.000000 2.9898
414.000000 2.9898
415.000000 2.9898
416.000000 2.9898
417.000000 2.9898
418.000000 2.9898
419.000000 2.9898
420.000000 2.9898
421.000000 2.9898
422.000000 2.9898
423.000000 2.9898
424.000000 2.9898
425.000000 2.9898
426.000000 2.9898
427.000000 2.9898
428.000000 2.9898
429.000000 2.9898
430.000000 2.9898
431.000000 2.9898
432.000000 2.9898
433.000000 2.9898
434.000000 2.9898
435.000000 2.9898
436.000000 2.9898
437.000000 2.9898
438.000000 2.9898
439.000000 2.9898
440.000000 2.9898
441.000000 2.9898
442.000000 2.9898
443.000000 2.9898
444.000000 2.9898
445.000000 2.9898
446.000000 2.9898
447.000000 2.9898
448.000000 2.9898
449.000000 2.9898
450.000000 2.9898
451.000000 2.9898
452.000000 2.9898
453.000000 2.9898
454.000000 2.9898
455.000000 2.9898
456.000000 2.9898
457.000000 2.9898
458.000000 2.9898
459.000000 2.9898
460.000000 2.9898
461.000000 2.9898
462.000000 2.9898
463.000000 2.9898
464.000000 2.9898
465.000000 2.9898
466.000000 2.9898
467.000000 2.9898
468.000000 2.9898
469.000000 2.9898
470.000000 2.9898
471.000000 2.9898
472.000000 2.9898
473.000000 2.9898
474.000000 2.9898
475.000000 2.9898
476.000000 2.9898
477.000000 2.9898
478.000000 2.9898
479.000000 2.9898
480.000000 2.9898
481.000000 2.9898
482.000000 2.9898
483.000000 2.9898
484.000000 2.9898
485.000000 2.9898
486.000000 2.9898
487.000000 2.9898
488.000000 2.9898
489.000000 2.9898
490.000000 2.9898
491.000000 2.9898
492.000000 2.9898
493.000000 2.9898
494.000000 2.9898
495.000000 2.9898
496.000000 2.9898
497.000000 2.9898
498.000000 2.9898
499.000000 2.9898
500.000000 2.9898
