1.000000 0
2.000000 0
3.000000 0
4.000000 0
5.000000 0
6.000000 0
7.000000 0
8.000000 0
9.000000 0.01515
10.000000 0.043429
11.000000 0.083024
12.000000 0.13231
13.000000 0.18984
14.000000 0.25431
15.000000 0.32456
16.000000 0.39956
17.000000 0.4784
18.000000 0.56025
19.000000 0.64441
20.000000 0.73022
21.000000 0.81713
22.000000 0.90465
23.000000 0.99234
24.000000 1.0798
25.000000 1.1668
26.000000 1.2529
27.000000 1.338
28.000000 1.4219
29.000000 1.5042
30.000000 1.585
31.000000 1.6641
32.000000 1.7414
33.000000 1.8168
34.000000 1.8903
35.000000 1.9618
36.000000 2.0312
37.000000 2.0986
38.000000 2.164
39.000000 2.2273
40.000000 2.2886
41.000000 2.3479
42.000000 2.4051
43.000000 2.4604
44.000000 2.5137
45.000000 2.5652
46.000000 2.6147
47.000000 2.6625
48.000000 2.7084
49.000000 2.7527
50.000000 2.7952
51.000000 2.8361
52.000000 2.8754
53.000000 2.9131
54.000000 2.9493
55.000000 2.9841
56.000000 3.0175
57.000000 3.0495
58.000000 3.0802
59.000000 3.1097
60.000000 3.1379
61.000000 3.1649
62.000000 3.1909
63.000000 3.2157
64.000000 3.2394
65.000000 3.2622
66.000000 3.284
67.000000 3.3048
68.000000 3.3248
69.000000 3.3438
70.000000 3.3621
71.000000 3.3796
72.000000 3.3963
73.000000 3.4122
74.000000 3.4275
75.000000 3.4421
76.000000 3.456
77.000000 3.4694
78.000000 3.4821
79.000000 3.4943
80.000000 3.5059
81.000000 3.5171
82.000000 3.5277
83.000000 3.5378
84.000000 3.5475
85.000000 3.5568
86.000000 3.5656
87.000000 3.574
88.000000 3.5821
89.000000 3.5898
90.000000 3.5971
91.000000 3.6041
92.000000 3.6108
93.000000 3.6172
94.000000 3.6233
95.000000 3.6292
96.000000 3.6347
97.000000 3.64
98.000000 3.6451
99.000000 3.6499
100.000000 3.6545
101.000000 3.6589
102.000000 3.6631
103.000000 3.6671
104.000000 3.671
105.000000 3.6746
106.000000 3.6781
107.000000 3.6814
108.000000 3.6846
109.000000 3.6876
110.000000 3.6905
111.000000 3.6932
112.000000 3.6959
113.000000 3.6984
114.000000 3.7007
115.000000 3.703
116.000000 3.7052
117.000000 3.7073
118.000000 3.7093
119.000000 3.7111
120.000000 3.7129
121.000000 3.7147
122.000000 3.7163
123.000000 3.7179
124.000000 3.7193
125.000000 3.7208
126.000000 3.7221
127.000000 3.7234
128.000000 3.7246
129.000000 3.7258
130.000000 3.7269
131.000000 3.728
132.000000 3.729
133.000000 3.73
134.000000 3.7309
135.000000 3.7318
136.000000 3.7327
137.000000 3.7335
138.000000 3.7342
139.000000 3.735
140.000000 3.7357
141.000000 3.7363
142.000000 3.737
143.000000 3.7376
144.000000 3.7381
145.000000 3.7387
146.000000 3.7392
147.000000 3.7397
148.000000 3.7402
149.000000 3.7407
150.000000 3.7411
151.000000 3.7415
152.000000 3.7419
153.000000 3.7423
154.000000 3.7426
155.000000 3.743
156.000000 3.7433
157.000000 3.7436
158.000000 3.7439
159.000000 3.7442
160.000000 3.7445
161.000000 3.7447
162.000000 3.745
163.000000 3.7452
164.000000 3.7454
165.000000 3.7456
166.000000 3.7458
167.000000 3.746
168.000000 3.7462
169.000000 3.7464
170.000000 3.7466
171.000000 3.7467
172.000000 3.7469
173.000000 3.747
174.000000 3.7472
175.000000 3.7473
176.000000 3.7474
177.000000 3.7475
178.000000 3.7476
179.000000 3.7478
180.000000 3.7479
181.000000 3.748
182.000000 3.7481
183.000000 3.7481
184.000000 3.7482
185.000000 3.7483
186.000000 3.7484
187.000000 3.7485
188.000000 3.7485
189.000000 3.7486
190.000000 3.7487
191.000000 3.7487
192.000000 3.7488
193.000000 3.7488
194.000000 3.7489
195.000000 3.749
196.000000 3.749
197.000000 3.749
198.000000 3.7491
199.000000 3.7491
200.000000 3.7492
201.000000 3.7492
202.000000 3.7492
203.000000 3.7493
204.000000 3.7493
205.000000 3.7493
206.000000 3.7494
207.000000 3.7494
208.000000 3.7494
209.000000 3.7495
210.000000 3.7495
211.000000 3.7495
212.000000 3.7495
213.000000 3.7496
214.000000 3.7496
215.000000 3.7496
216.000000 3.7496
217.000000 3.7496
218.000000 3.7496
219.000000 3.7497
220.000000 3.7497
221.000000 3.7497
222.000000 3.7497
223.000000 3.7497
224.000000 3.7497
225.000000 3.7497
226.000000 3.7498
227.000000 3.7498
228.000000 3.7498
229.000000 3.7498
230.000000 3.7498
231.000000 3.7498
232.000000 3.7498
233.000000 3.7498
234.000000 3.7498
235.000000 3.7498
236.000000 3.7499
237.000000 3.7499
238.000000 3.7499
239.000000 3.7499
240.000000 3.7499
241.000000 3.7499
242.000000 3.7499
243.000000 3.7499
244.000000 3.7499
245.000000 3.7499
246.000000 3.7499
247.000000 3.7499
248.000000 3.7499
249.000000 3.7499
250.000000 3.7499
251.000000 3.7499
252.000000 3.7499
253.000000 3.7499
254.000000 3.7499
255.000000 3.7499
256.000000 3.7499
257.000000 3.7499
258.000000 3.7499
259.000000 3.75
260.000000 3.75
261.000000 3.75
262.000000 3.75
263.000000 3.75
264.000000 3.75
265.000000 3.75
266.000000 3.75
267.000000 3.75
268.000000 3.75
269.000000 3.75
270.000000 3.75
271.000000 3.75
272.000000 3.75
273.000000 3.75
274.000000 3.75
275.000000 3.75
276.000000 3.75
277.000000 3.75
278.000000 3.75
279.000000 3.75
280.000000 3.75
281.000000 3.75
282.000000 3.75
283.000000 3.75
284.000000 3.75
285.000000 3.75
286.000000 3.75
287.000000 3.75
288.000000 3.75
289.000000 3.75
290.000000 3.75
291.000000 3.75
292.000000 3.75
293.000000 3.75
294.000000 3.75
295.000000 3.75
296.000000 3.75
297.000000 3.75
298.000000 3.75
299.000000 3.75
300.000000 3.75
301.000000 3.75
302.000000 3.75
303.000000 3.75
304.000000 3.75
305.000000 3.75
306.000000 3.75
307.000000 3.75
308.000000 3.75
309.000000 3.75
310.000000 3.75
311.000000 3.75
312.000000 3.75
313.000000 3.75
314.000000 3.75
315.000000 3.75
316.000000 3.75
317.000000 3.75
318.000000 3.75
319.000000 3.75
320.000000 3.75
321.000000 3.75
322.000000 3.75
323.000000 3.75
324.000000 3.75
325.000000 3.75
326.000000 3.75
327.000000 3.75
328.000000 3.75
329.000000 3.75
330.000000 3.75
331.000000 3.75
332.000000 3.75
333.000000 3.75
334.000000 3.75
335.000000 3.75
336.000000 3.75
337.000000 3.75
338.000000 3.75
339.000000 3.75
340.000000 3.75
341.000000 3.75
342.000000 3.75
343.000000 3.75
344.000000 3.75
345.000000 3.75
346.000000 3.75
347.000000 3.75
348.000000 3.75
349.000000 3.75
350.000000 3.75
351.000000 3.75
352.000000 3.75
353.000000 3.75
354.000000 3.75
355.000000 3.75
356.000000 3.75
357.000000 3.75
358.000000 3.75
359.000000 3.75
360.000000 3.75
361.000000 3.75
362.000000 3.75
363.000000 3.75
364.000000 3.75
365.000000 3.75
366.000000 3.75
367.000000 3.75
368.000000 3.75
369.000000 3.75
370.000000 3.75
371.000000 3.75
372.000000 3.75
373.000000 3.75
374.000000 3.75
375.000000 3.75
376.000000 3.75
377.000000 3.75
378.000000 3.75
379.000000 3.75
380.000000 3.75
381.000000 3.75
382.000000 3.75
383.000000 3.75
384.000000 3.75
385.000000 3.75
386.000000 3.75
387.000000 3.75
388.000000 3.75
389.000000 3.75
390.000000 3.75
391.000000 3.75
392.000000 3.75
393.000000 3.75
394.000000 3.75
395.000000 3.75
396.000000 3.75
397.000000 3.75
398.000000 3.75
399.000000 3.75
400.000000 3.75
401.000000 3.75
402.000000 3.75
403.000000 3.75
404.000000 3.75
405.000000 3.75
406.000000 3.75
407.000000 3.75
408.000000 3.75
409.000000 3.75
410.000000 3.75
411.000000 3.75
412.000000 3.75
413.000000 3.75
414.000000 3.75
415.000000 3.75
416.000000 3.75
417.000000 3.75
418.000000 3.75
419.000000 3.75
420.000000 3.75
421.000000 3.75
422.000000 3.75
423.000000 3.75
424.000000 3.75
425.000000 3.75
426.000000 3.75
427.000000 3.75
428.000000 3.75
429.000000 3.75
430.000000 3.75
431.000000 3.75
432.000000 3.75
433.000000 3.75
434.000000 3.75
435.000000 3.75
436.000000 3.75
437.000000 3.75
438.000000 3.75
439.000000 3.75
440.000000 3.75
441.000000 3.75
442.000000 3.75
443.000000 3.75
444.000000 3.75
445.000000 3.75
446.000000 3.75
447.000000 3.75
448.000000 3.75
449.000000 3.75
450.000000 3.75
451.000000 3.75
452.000000 3.75
453.000000 3.75
454.000000 3.75
455.000000 3.75
456.000000 3.75
457.000000 3.75
458.000000 3.75
459.000000 3.75
460.000000 3.75
461.000000 3.75
462.000000 3.75
463.000000 3.75
464.000000 3.75
465.000000 3.75
466.000000 3.75
467.000000 3.75
468.000000 3.75
469.000000 3.75
470.000000 3.75
471.000000 3.75
472.000000 3.75
473.000000 3.75
474.000000 3.75
475.000000 3.75
476.000000 3.75
477.000000 3.75
478.000000 3.75
479.000000 3.75
480.000000 3.75
481.000000 3.75
482.000000 3.75
483.000000 3.75
484.000000 3.75
485.000000 3.75
486.000000 3.75
487.000000 3.75
488.000000 3.75
489.000000 3.75
490.000000 3.75
491.000000 3.75
492.000000 3.75
493.000000 3.75
494.000000 3.75
495.000000 3.75
496.000000 3.75
497.000000 3.75
498.000000 3.75
499.000000 3.75
500.000000 3.75
