1.000000 0
2.000000 0
3.000000 0
4.000000 0
5.000000 0
6.000000 0
7.000000 0
8.000000 0
9.000000 0.00303
10.000000 0.0086858
11.000000 0.016605
12.000000 0.026462
13.000000 0.037968
14.000000 0.050862
15.000000 0.064912
16.000000 0.079913
17.000000 0.09568
18.000000 0.11205
19.000000 0.12888
20.000000 0.14604
21.000000 0.16343
22.000000 0.18093
23.000000 0.19847
24.000000 0.21597
25.000000 0.23336
26.000000 0.25059
27.000000 0.26761
28.000000 0.28437
29.000000 0.30085
30.000000 0.31701
31.000000 0.33283
32.000000 0.34829
33.000000 0.36337
34.000000 0.37806
35.000000 0.39236
36.000000 0.40625
37.000000 0.41973
38.000000 0.4328
39.000000 0.44547
40.000000 0.45772
41.000000 0.46957
42.000000 0.48102
43.000000 0.49208
44.000000 0.50275
45.000000 0.51303
46.000000 0.52295
47.000000 0.53249
48.000000 0.54169
49.000000 0.55053
50.000000 0.55904
51.000000 0.56721
52.000000 0.57507
53.000000 0.58262
54.000000 0.58987
55.000000 0.59683
56.000000 0.6035
57.000000 0.60991
58.000000 0.61605
59.000000 0.62194
60.000000 0.62758
61.000000 0.63299
62.000000 0.63817
63.000000 0.64313
64.000000 0.64789
65.000000 0.65244
66.000000 0.65679
67.000000 0.66096
68.000000 0.66495
69.000000 0.66877
70.000000 0.67242
71.000000 0.67591
72.000000 0.67925
73.000000 0.68245
74.000000 0.6855
75.000000 0.68842
76.000000 0.69121
77.000000 0.69388
78.000000 0.69642
79.000000 0.69886
80.000000 0.70119
81.000000 0.70341
82.000000 0.70553
83.000000 0.70756
84.000000 0.7095
85.000000 0.71135
86.000000 0.71312
87.000000 0.71481
88.000000 0.71642
89.000000 0.71796
90.000000 0.71943
91.000000 0.72083
92.000000 0.72217
93.000000 0.72345
94.000000 0.72467
95.000000 0.72583
96.000000 0.72694
97.000000 0.728
98.000000 0.72902
99.000000 0.72998
100.000000 0.7309
101.000000 0.73178
102.000000 0.73262
103.000000 0.73343
104.000000 0.73419
105.000000 0.73492
106.000000 0.73562
107.000000 0.73628
108.000000 0.73691
109.000000 0.73752
110.000000 0.7381
111.000000 0.73865
112.000000 0.73917
113.000000 0.73967
114.000000 0.74015
115.000000 0.74061
116.000000 0.74104
117.000000 0.74146
118.000000 0.74185
119.000000 0.74223
120.000000 0.74259
121.000000 0.74293
122.000000 0.74326
123.000000 0.74357
124.000000 0.74387
125.000000 0.74415
126.000000 0.74442
127.000000 0.74468
128.000000 0.74493
129.000000 0.74516
130.000000 0.74539
131.000000 0.7456
132.000000 0.74581
133.000000 0.746
134.000000 0.74619
135.000000 0.74636
136.000000 0.74653
137.000000 0.74669
138.000000 0.74685
139.000000 0.74699
140.000000 0.74713
141.000000 0.74727
142.000000 0.74739
143.000000 0.74751
144.000000 0.74763
145.000000 0.74774
146.000000 0.74784
147.000000 0.74794
148.000000 0.74804
149.000000 0.74813
150.000000 0.74822
151.000000 0.7483
152.000000 0.74838
153.000000 0.74845
154.000000 0.74853
155.000000 0.74859
156.000000 0.74866
157.000000 0.74872
158.000000 0.74878
159.000000 0.74884
160.000000 0.74889
161.000000 0.74894
162.000000 0.74899
163.000000 0.74904
164.000000 0.74908
165.000000 0.74913
166.000000 0.74917
167.000000 0.74921
168.000000 0.74924
169.000000 0.74928
170.000000 0.74931
171.000000 0.74934
172.000000 0.74937
173.000000 0.7494
174.000000 0.74943
175.000000 0.74946
176.000000 0.74948
177.000000 0.74951
178.000000 0.74953
179.000000 0.74955
180.000000 0.74957
181.000000 0.74959
182.000000 0.74961
183.000000 0.74963
184.000000 0.74965
185.000000 0.74966
186.000000 0.74968
187.000000 0.74969
188.000000 0.74971
189.000000 0.74972
190.000000 0.74973
191.000000 0.74975
192.000000 0.74976
193.000000 0.74977
194.000000 0.74978
195.000000 0.74979
196.000000 0.7498
197.000000 0.74981
198.000000 0.74982
199.000000 0.74983
200.000000 0.74983
201.000000 0.74984
202.000000 0.74985
203.000000 0.74986
204.000000 0.74986
205.000000 0.74987
206.000000 0.74988
207.000000 0.74988
208.000000 0.74989
209.000000 0.74989
210.000000 0.7499
211.000000 0.7499
212.000000 0.74991
213.000000 0.74991
214.000000 0.74992
215.000000 0.74992
216.000000 0.74992
217.000000 0.74993
218.000000 0.74993
219.000000 0.74993
220.000000 0.74994
221.000000 0.74994
222.000000 0.74994
223.000000 0.74994
224.000000 0.74995
225.000000 0.74995
226.000000 0.74995
227.000000 0.74995
228.000000 0.74996
229.000000 0.74996
230.000000 0.74996
231.000000 0.74996
232.000000 0.74996
233.000000 0.74997
234.000000 0.74997
235.000000 0.74997
236.000000 0.74997
237.000000 0.74997
238.000000 0.74997
239.000000 0.74997
240.000000 0.74998
241.000000 0.74998
242.000000 0.74998
243.000000 0.74998
244.000000 0.74998
245.000000 0.74998
246.000000 0.74998
247.000000 0.74998
248.000000 0.74998
249.000000 0.74998
250.000000 0.74998
251.000000 0.74999
252.000000 0.74999
253.000000 0.74999
254.000000 0.74999
255.000000 0.74999
256.000000 0.74999
257.000000 0.74999
258.000000 0.74999
259.000000 0.74999
260.000000 0.74999
261.000000 0.74999
262.000000 0.74999
263.000000 0.74999
264.000000 0.74999
265.000000 0.74999
266.000000 0.74999
267.000000 0.74999
268.000000 0.74999
269.000000 0.74999
270.000000 0.74999
271.000000 0.74999
272.000000 0.74999
273.000000 0.74999
274.000000 0.75
275.000000 0.75
276.000000 0.75
277.000000 0.75
278.000000 0.75
279.000000 0.75
280.000000 0.75
281.000000 0.75
282.000000 0.75
283.000000 0.75
284.000000 0.75
285.000000 0.75
286.000000 0.75
287.000000 0.75
288.000000 0.75
289.000000 0.75
290.000000 0.75
291.000000 0.75
292.000000 0.75
293.000000 0.75
294.000000 0.75
295.000000 0.75
296.000000 0.75
297.000000 0.75
298.000000 0.75
299.000000 0.75
300.000000 0.75
301.000000 0.75
302.000000 0.75
303.000000 0.75
304.000000 0.75
305.000000 0.75
306.000000 0.75
307.000000 0.75
308.000000 0.75
309.000000 0.75
310.000000 0.75
311.000000 0.75
312.000000 0.75
313.000000 0.75
314.000000 0.75
315.000000 0.75
316.000000 0.75
317.000000 0.75
318.000000 0.75
319.000000 0.75
320.000000 0.75
321.000000 0.75
322.000000 0.75
323.000000 0.75
324.000000 0.75
325.000000 0.75
326.000000 0.75
327.000000 0.75
328.000000 0.75
329.000000 0.75
330.000000 0.75
331.000000 0.75
332.000000 0.75
333.000000 0.75
334.000000 0.75
335.000000 0.75
336.000000 0.75
337.000000 0.75
338.000000 0.75
339.000000 0.75
340.000000 0.75
341.000000 0.75
342.000000 0.75
343.000000 0.75
344.000000 0.75
345.000000 0.75
346.000000 0.75
347.000000 0.75
348.000000 0.75
349.000000 0.75
350.000000 0.75
351.000000 0.75
352.000000 0.75
353.000000 0.75
354.000000 0.75
355.000000 0.75
356.000000 0.75
357.000000 0.75
358.000000 0.75
359.000000 0.75
360.000000 0.75
361.000000 0.75
362.000000 0.75
363.000000 0.75
364.000000 0.75
365.000000 0.75
366.000000 0.75
367.000000 0.75
368.000000 0.75
369.000000 0.75
370.000000 0.75
371.000000 0.75
372.000000 0.75
373.000000 0.75
374.000000 0.75
375.000000 0.75
376.000000 0.75
377.000000 0.75
378.000000 0.75
379.000000 0.75
380.000000 0.75
381.000000 0.75
382.000000 0.75
383.000000 0.75
384.000000 0.75
385.000000 0.75
386.000000 0.75
387.000000 0.75
388.000000 0.75
389.000000 0.75
390.000000 0.75
391.000000 0.75
392.000000 0.75
393.000000 0.75
394.000000 0.75
395.000000 0.75
396.000000 0.75
397.000000 0.75
398.000000 0.75
399.000000 0.75
400.000000 0.75
401.000000 0.75
402.000000 0.75
403.000000 0.75
404.000000 0.75
405.000000 0.75
406.000000 0.75
407.000000 0.75
408.000000 0.75
409.000000 0.75
410.000000 0.75
411.000000 0.75
412.000000 0.75
413.000000 0.75
414.000000 0.75
415.000000 0.75
416.000000 0.75
417.000000 0.75
418.000000 0.75
419.000000 0.75
420.000000 0.75
421.000000 0.75
422.000000 0.75
423.000000 0.75
424.000000 0.75
425.000000 0.75
426.000000 0.75
427.000000 0.75
428.000000 0.75
429.000000 0.75
430.000000 0.75
431.000000 0.75
432.000000 0.75
433.000000 0.75
434.000000 0.75
435.000000 0.75
436.000000 0.75
437.000000 0.75
438.000000 0.75
439.000000 0.75
440.000000 0.75
441.000000 0.75
442.000000 0.75
443.000000 0.75
444.000000 0.75
445.000000 0.75
446.000000 0.75
447.000000 0.75
448.000000 0.75
449.000000 0.75
450.000000 0.75
451.000000 0.75
452.000000 0.75
453.000000 0.75
454.000000 0.75
455.000000 0.75
456.000000 0.75
457.000000 0.75
458.000000 0.75
459.000000 0.75
460.000000 0.75
461.000000 0.75
462.000000 0.75
463.000000 0.75
464.000000 0.75
465.000000 0.75
466.000000 0.75
467.000000 0.75
468.000000 0.75
469.000000 0.75
470.000000 0.75
471.000000 0.75
472.000000 0.75
473.000000 0.75
474.000000 0.75
475.000000 0.75
476.000000 0.75
477.000000 0.75
478.000000 0.75
479.000000 0.75
480.000000 0.75
481.000000 0.75
482.000000 0.75
483.000000 0.75
484.000000 0.75
485.000000 0.75
486.000000 0.75
487.000000 0.75
488.000000 0.75
489.000000 0.75
490.000000 0.75
491.000000 0.75
492.000000 0.75
493.000000 0.75
494.000000 0.75
495.000000 0.75
496.000000 0.75
497.000000 0.75
498.000000 0.75
499.000000 0.75
500.000000 0.75
