1.000000 0
2.000000 0
3.000000 0
4.000000 0
5.000000 0
6.000000 0
7.000000 0
8.000000 0
9.000000 0.011182
10.000000 0.031168
11.000000 0.057959
12.000000 0.089884
13.000000 0.12555
14.000000 0.1638
15.000000 0.20369
16.000000 0.24444
17.000000 0.28542
18.000000 0.32612
19.000000 0.36615
20.000000 0.40518
21.000000 0.44299
22.000000 0.47939
23.000000 0.51426
24.000000 0.54751
25.000000 0.57911
26.000000 0.60902
27.000000 0.63726
28.000000 0.66383
29.000000 0.68879
30.000000 0.71217
31.000000 0.73404
32.000000 0.75444
33.000000 0.77345
34.000000 0.79113
35.000000 0.80756
36.000000 0.8228
37.000000 0.83692
38.000000 0.84998
39.000000 0.86206
40.000000 0.87321
41.000000 0.88351
42.000000 0.89299
43.000000 0.90173
44.000000 0.90977
45.000000 0.91717
46.000000 0.92397
47.000000 0.93021
48.000000 0.93594
49.000000 0.9412
50.000000 0.94602
51.000000 0.95043
52.000000 0.95448
53.000000 0.95818
54.000000 0.96157
55.000000 0.96466
56.000000 0.9675
57.000000 0.97008
58.000000 0.97245
59.000000 0.97461
60.000000 0.97658
61.000000 0.97838
62.000000 0.98002
63.000000 0.98152
64.000000 0.98288
65.000000 0.98412
66.000000 0.98526
67.000000 0.98629
68.000000 0.98723
69.000000 0.98809
70.000000 0.98886
71.000000 0.98957
72.000000 0.99022
73.000000 0.99081
74.000000 0.99134
75.000000 0.99183
76.000000 0.99227
77.000000 0.99267
78.000000 0.99303
79.000000 0.99336
80.000000 0.99367
81.000000 0.99394
82.000000 0.99419
83.000000 0.99441
84.000000 0.99462
85.000000 0.9948
86.000000 0.99497
87.000000 0.99513
88.000000 0.99526
89.000000 0.99539
90.000000 0.9955
91.000000 0.99561
92.000000 0.9957
93.000000 0.99579
94.000000 0.99587
95.000000 0.99594
96.000000 0.996
97.000000 0.99606
98.000000 0.99611
99.000000 0.99616
100.000000 0.9962
101.000000 0.99624
102.000000 0.99627
103.000000 0.99631
104.000000 0.99634
105.000000 0.99636
106.000000 0.99639
107.000000 0.99641
108.000000 0.99643
109.000000 0.99644
110.000000 0.99646
111.000000 0.99647
112.000000 0.99649
113.000000 0.9965
114.000000 0.99651
115.000000 0.99652
116.000000 0.99653
117.000000 0.99654
118.000000 0.99654
119.000000 0.99655
120.000000 0.99656
121.000000 0.99656
122.000000 0.99657
123.000000 0.99657
124.000000 0.99658
125.000000 0.99658
126.000000 0.99658
127.000000 0.99659
128.000000 0.99659
129.000000 0.99659
130.000000 0.99659
131.000000 0.99659
132.000000 0.9966
133.000000 0.9966
134.000000 0.9966
135.000000 0.9966
136.000000 0.9966
137.000000 0.9966
138.000000 0.9966
139.000000 0.9966
140.000000 0.99661
141.000000 0.99661
142.000000 0.99661
143.000000 0.99661
144.000000 0.99661
145.000000 0.99661
146.000000 0.99661
147.000000 0.99661
148.000000 0.99661
149.000000 0.99661
150.000000 0.99661
151.000000 0.99661
152.000000 0.99661
153.000000 0.99661
154.000000 0.99661
155.000000 0.99661
156.000000 0.99661
157.000000 0.99661
158.000000 0.99661
159.000000 0.99661
160.000000 0.99661
161.000000 0.99661
162.000000 0.99661
163.000000 0.99661
164.000000 0.99661
165.000000 0.99661
166.000000 0.99661
167.000000 0.99661
168.000000 0.99661
169.000000 0.99661
170.000000 0.99661
171.000000 0.99661
172.000000 0.99661
173.000000 0.99661
174.000000 0.99661
175.000000 0.99661
176.000000 0.99661
177.000000 0.99661
178.000000 0.99661
179.000000 0.99661
180.000000 0.99661
181.000000 0.99661
182.000000 0.99661
183.000000 0.99661
184.000000 0.99661
185.000000 0.99661
186.000000 0.99661
187.000000 0.99661
188.000000 0.99661
189.000000 0.99661
190.000000 0.99661
191.000000 0.99661
192.000000 0.99661
193.000000 0.99661
194.000000 0.99661
195.000000 0.99661
196.000000 0.99661
197.000000 0.99661
198.000000 0.99661
199.000000 0.99661
200.000000 0.99661
201.000000 0.99661
202.000000 0.99661
203.000000 0.99661
204.000000 0.99661
205.000000 0.99661
206.000000 0.99661
207.000000 0.99661
208.000000 0.99661
209.000000 0.99661
210.000000 0.99661
211.000000 0.99661
212.000000 0.99661
213.000000 0.99661
214.000000 0.99661
215.000000 0.99661
216.000000 0.99661
217.000000 0.99661
218.000000 0.99661
219.000000 0.99661
220.000000 0.99661
221.000000 0.99661
222.000000 0.99661
223.000000 0.99661
224.000000 0.99661
225.000000 0.99661
226.000000 0.99661
227.000000 0.99661
228.000000 0.99661
229.000000 0.99661
230.000000 0.99661
231.000000 0.99661
232.000000 0.99661
233.000000 0.99661
234.000000 0.99661
235.000000 0.99661
236.000000 0.99661
237.000000 0.99661
238.000000 0.99661
239.000000 0.99661
240.000000 0.99661
241.000000 0.99661
242.000000 0.99661
243.000000 0.99661
244.000000 0.99661
245.000000 0.99661
246.000000 0.99661
247.000000 0.99661
248.000000 0.99661
249.000000 0.99661
250.000000 0.99661
251.000000 0.99661
252.000000 0.99661
253.000000 0.99661
254.000000 0.99661
255.000000 0.99661
256.000000 0.99661
257.000000 0.99661
258.000000 0.99661
259.000000 0.99661
260.000000 0.99661
261.000000 0.99661
262.000000 0.99661
263.000000 0.99661
264.000000 0.99661
265.000000 0.99661
266.000000 0.99661
267.000000 0.99661
268.000000 0.99661
269.000000 0.99661
270.000000 0.99661
271.000000 0.99661
272.000000 0.99661
273.000000 0.99661
274.000000 0.99661
275.000000 0.99661
276.000000 0.99661
277.000000 0.99661
278.000000 0.99661
279.000000 0.99661
280.000000 0.99661
281.000000 0.99661
282.000000 0.99661
283.000000 0.99661
284.000000 0.99661
285.000000 0.99661
286.000000 0.99661
287.000000 0.99661
288.000000 0.99661
289.000000 0.99661
290.000000 0.99661
291.000000 0.99661
292.000000 0.99661
293.000000 0.99661
294.000000 0.99661
295.000000 0.99661
296.000000 0.99661
297.000000 0.99661
298.000000 0.99661
299.000000 0.99661
300.000000 0.99661
301.000000 0.99661
302.000000 0.99661
303.000000 0.99661
304.000000 0.99661
305.000000 0.99661
306.000000 0.99661
307.000000 0.99661
308.000000 0.99661
309.000000 0.99661
310.000000 0.99661
311.000000 0.99661
312.000000 0.99661
313.000000 0.99661
314.000000 0.99661
315.000000 0.99661
316.000000 0.99661
317.000000 0.99661
318.000000 0.99661
319.000000 0.99661
320.000000 0.99661
321.000000 0.99661
322.000000 0.99661
323.000000 0.99661
324.000000 0.99661
325.000000 0.99661
326.000000 0.99661
327.000000 0.99661
328.000000 0.99661
329.000000 0.99661
330.000000 0.99661
331.000000 0.99661
332.000000 0.99661
333.000000 0.99661
334.000000 0.99661
335.000000 0.99661
336.000000 0.99661
337.000000 0.99661
338.000000 0.99661
339.000000 0.99661
340.000000 0.99661
341.000000 0.99661
342.000000 0.99661
343.000000 0.99661
344.000000 0.99661
345.000000 0.99661
346.000000 0.99661
347.000000 0.99661
348.000000 0.99661
349.000000 0.99661
350.000000 0.99661
351.000000 0.99661
352.000000 0.99661
353.000000 0.99661
354.000000 0.99661
355.000000 0.99661
356.000000 0.99661
357.000000 0.99661
358.000000 0.99661
359.000000 0.99661
360.000000 0.99661
361.000000 0.99661
362.000000 0.99661
363.000000 0.99661
364.000000 0.99661
365.000000 0.99661
366.000000 0.99661
367.000000 0.99661
368.000000 0.99661
369.000000 0.99661
370.000000 0.99661
371.000000 0.99661
372.000000 0.99661
373.000000 0.99661
374.000000 0.99661
375.000000 0.99661
376.000000 0.99661
377.000000 0.99661
378.000000 0.99661
379.000000 0.99661
380.000000 0.99661
381.000000 0.99661
382.000000 0.99661
383.000000 0.99661
384.000000 0.99661
385.000000 0.99661
386.000000 0.99661
387.000000 0.99661
388.000000 0.99661
389.000000 0.99661
390.000000 0.99661
391.000000 0.99661
392.000000 0.99661
393.000000 0.99661
394.000000 0.99661
395.000000 0.99661
396.000000 0.99661
397.000000 0.99661
398.000000 0.99661
399.000000 0.99661
400.000000 0.99661
401.000000 0.99661
402.000000 0.99661
403.000000 0.99661
404.000000 0.99661
405.000000 0.99661
406.000000 0.99661
407.000000 0.99661
408.000000 0.99661
409.000000 0.99661
410.000000 0.99661
411.000000 0.99661
412.000000 0.99661
413.000000 0.99661
414.000000 0.99661
415.000000 0.99661
416.000000 0.99661
417.000000 0.99661
418.000000 0.99661
419.000000 0.99661
420.000000 0.99661
421.000000 0.99661
422.000000 0.99661
423.000000 0.99661
424.000000 0.99661
425.000000 0.99661
426.000000 0.99661
427.000000 0.99661
428.000000 0.99661
429.000000 0.99661
430.000000 0.99661
431.000000 0.99661
432.000000 0.99661
433.000000 0.99661
434.000000 0.99661
435.000000 0.99661
436.000000 0.99661
437.000000 0.99661
438.000000 0.99661
439.000000 0.99661
440.000000 0.99661
441.000000 0.99661
442.000000 0.99661
443.000000 0.99661
444.000000 0.99661
445.000000 0.99661
446.000000 0.99661
447.000000 0.99661
448.000000 0.99661
449.000000 0.99661
450.000000 0.99661
451.000000 0.99661
452.000000 0.99661
453.000000 0.99661
454.000000 0.99661
455.000000 0.99661
456.000000 0.99661
457.000000 0.99661
458.000000 0.99661
459.000000 0.99661
460.000000 0.99661
461.000000 0.99661
462.000000 0.99661
463.000000 0.99661
464.000000 0.99661
465.000000 0.99661
466.000000 0.99661
467.000000 0.99661
468.000000 0.99661
469.000000 0.99661
470.000000 0.99661
471.000000 0.99661
472.000000 0.99661
473.000000 0.99661
474.000000 0.99661
475.000000 0.99661
476.000000 0.99661
477.000000 0.99661
478.000000 0.99661
479.000000 0.99661
480.000000 0.99661
481.000000 0.99661
482.000000 0.99661
483.000000 0.99661
484.000000 0.99661
485.000000 0.99661
486.000000 0.99661
487.000000 0.99661
488.000000 0.99661
489.000000 0.99661
490.000000 0.99661
491.000000 0.99661
492.000000 0.99661
493.000000 0.99661
494.000000 0.99661
495.000000 0.99661
496.000000 0.99661
497.000000 0.99661
498.000000 0.99661
499.000000 0.99661
500.000000 0.99661
