1.000000 0
2.000000 0
3.000000 0
4.000000 0
5.000000 0
6.000000 0
7.000000 0
8.000000 0
9.000000 0.030183
10.000000 0.084129
11.000000 0.15645
12.000000 0.24262
13.000000 0.33889
14.000000 0.44215
15.000000 0.54982
16.000000 0.65981
17.000000 0.77043
18.000000 0.88029
19.000000 0.98833
20.000000 1.0937
21.000000 1.1957
22.000000 1.294
23.000000 1.3881
24.000000 1.4779
25.000000 1.5632
26.000000 1.6439
27.000000 1.7201
28.000000 1.7919
29.000000 1.8592
30.000000 1.9223
31.000000 1.9813
32.000000 2.0364
33.000000 2.0877
34.000000 2.1355
35.000000 2.1798
36.000000 2.2209
37.000000 2.259
38.000000 2.2943
39.000000 2.3269
40.000000 2.357
41.000000 2.3848
42.000000 2.4104
43.000000 2.434
44.000000 2.4557
45.000000 2.4757
46.000000 2.494
47.000000 2.5109
48.000000 2.5263
49.000000 2.5405
50.000000 2.5535
51.000000 2.5655
52.000000 2.5764
53.000000 2.5864
54.000000 2.5955
55.000000 2.6039
56.000000 2.6115
57.000000 2.6185
58.000000 2.6249
59.000000 2.6307
60.000000 2.636
61.000000 2.6409
62.000000 2.6453
63.000000 2.6494
64.000000 2.653
65.000000 2.6564
66.000000 2.6595
67.000000 2.6622
68.000000 2.6648
69.000000 2.6671
70.000000 2.6692
71.000000 2.6711
72.000000 2.6728
73.000000 2.6744
74.000000 2.6759
75.000000 2.6772
76.000000 2.6784
77.000000 2.6795
78.000000 2.6804
79.000000 2.6813
80.000000 2.6821
81.000000 2.6829
82.000000 2.6836
83.000000 2.6842
84.000000 2.6847
85.000000 2.6852
86.000000 2.6857
87.000000 2.6861
88.000000 2.6865
89.000000 2.6868
90.000000 2.6871
91.000000 2.6874
92.000000 2.6876
93.000000 2.6879
94.000000 2.6881
95.000000 2.6883
96.000000 2.6885
97.000000 2.6886
98.000000 2.6887
99.000000 2.6889
100.000000 2.689
101.000000 2.6891
102.000000 2.6892
103.000000 2.6893
104.000000 2.6894
105.000000 2.6894
106.000000 2.6895
107.000000 2.6896
108.000000 2.6896
109.000000 2.6897
110.000000 2.6897
111.000000 2.6897
112.000000 2.6898
113.000000 2.6898
114.000000 2.6898
115.000000 2.6899
116.000000 2.6899
117.000000 2.6899
118.000000 2.6899
119.000000 2.6899
120.000000 2.69
121.000000 2.69
122.000000 2.69
123.000000 2.69
124.000000 2.69
125.000000 2.69
126.000000 2.69
127.000000 2.69
128.000000 2.69
129.000000 2.69
130.000000 2.6901
131.000000 2.6901
132.000000 2.6901
133.000000 2.6901
134.000000 2.6901
135.000000 2.6901
136.000000 2.6901
137.000000 2.6901
138.000000 2.6901
139.000000 2.6901
140.000000 2.6901
141.000000 2.6901
142.000000 2.6901
143.000000 2.6901
144.000000 2.6901
145.000000 2.6901
146.000000 2.6901
147.000000 2.6901
148.000000 2.6901
149.000000 2.6901
150.000000 2.6901
151.000000 2.6901
152.000000 2.6901
153.000000 2.6901
154.000000 2.6901
155.000000 2.6901
156.000000 2.6901
157.000000 2.6901
158.000000 2.6901
159.000000 2.6901
160.000000 2.6901
161.000000 2.6901
162.000000 2.6901
163.000000 2.6901
164.000000 2.6901
165.000000 2.6901
166.000000 2.6901
167.000000 2.6901
168.000000 2.6901
169.000000 2.6901
170.000000 2.6901
171.000000 2.6901
172.000000 2.6901
173.000000 2.6901
174.000000 2.6901
175.000000 2.6901
176.000000 2.6901
177.000000 2.6901
178.000000 2.6901
179.000000 2.6901
180.000000 2.6901
181.000000 2.6901
182.000000 2.6901
183.000000 2.6901
184.000000 2.6901
185.000000 2.6901
186.000000 2.6901
187.000000 2.6901
188.000000 2.6901
189.000000 2.6901
190.000000 2.6901
191.000000 2.6901
192.000000 2.6901
193.000000 2.6901
194.000000 2.6901
195.000000 2.6901
196.000000 2.6901
197.000000 2.6901
198.000000 2.6901
199.000000 2.6901
200.000000 2.6901
201.000000 2.6901
202.000000 2.6901
203.000000 2.6901
204.000000 2.6901
205.000000 2.6901
206.000000 2.6901
207.000000 2.6901
208.000000 2.6901
209.000000 2.6901
210.000000 2.6901
211.000000 2.6901
212.000000 2.6901
213.000000 2.6901
214.000000 2.6901
215.000000 2.6901
216.000000 2.6901
217.000000 2.6901
218.000000 2.6901
219.000000 2.6901
220.000000 2.6901
221.000000 2.6901
222.000000 2.6901
223.000000 2.6901
224.000000 2.6901
225.000000 2.6901
226.000000 2.6901
227.000000 2.6901
228.000000 2.6901
229.000000 2.6901
230.000000 2.6901
231.000000 2.6901
232.000000 2.6901
233.000000 2.6901
234.000000 2.6901
235.000000 2.6901
236.000000 2.6901
237.000000 2.6901
238.000000 2.6901
239.000000 2.6901
240.000000 2.6901
241.000000 2.6901
242.000000 2.6901
243.000000 2.6901
244.000000 2.6901
245.000000 2.6901
246.000000 2.6901
247.000000 2.6901
248.000000 2.6901
249.000000 2.6901
250.000000 2.6901
251.000000 2.6901
252.000000 2.6901
253.000000 2.6901
254.000000 2.6901
255.000000 2.6901
256.000000 2.6901
257.000000 2.6901
258.000000 2.6901
259.000000 2.6901
260.000000 2.6901
261.000000 2.6901
262.000000 2.6901
263.000000 2.6901
264.000000 2.6901
265.000000 2.6901
266.000000 2.6901
267.000000 2.6901
268.000000 2.6901
269.000000 2.6901
270.000000 2.6901
271.000000 2.6901
272.000000 2.6901
273.000000 2.6901
274.000000 2.6901
275.000000 2.6901
276.000000 2.6901
277.000000 2.6901
278.000000 2.6901
279.000000 2.6901
280.000000 2.6901
281.000000 2.6901
282.000000 2.6901
283.000000 2.6901
284.000000 2.6901
285.000000 2.6901
286.000000 2.6901
287.000000 2.6901
288.000000 2.6901
289.000000 2.6901
290.000000 2.6901
291.000000 2.6901
292.000000 2.6901
293.000000 2.6901
294.000000 2.6901
295.000000 2.6901
296.000000 2.6901
297.000000 2.6901
298.000000 2.6901
299.000000 2.6901
300.000000 2.6901
301.000000 2.6901
302.000000 2.6901
303.000000 2.6901
304.000000 2.6901
305.000000 2.6901
306.000000 2.6901
307.000000 2.6901
308.000000 2.6901
309.000000 2.6901
310.000000 2.6901
311.000000 2.6901
312.000000 2.6901
313.000000 2.6901
314.000000 2.6901
315.000000 2.6901
316.000000 2.6901
317.000000 2.6901
318.000000 2.6901
319.000000 2.6901
320.000000 2.6901
321.000000 2.6901
322.000000 2.6901
323.000000 2.6901
324.000000 2.6901
325.000000 2.6901
326.000000 2.6901
327.000000 2.6901
328.000000 2.6901
329.000000 2.6901
330.000000 2.6901
331.000000 2.6901
332.000000 2.6901
333.000000 2.6901
334.000000 2.6901
335.000000 2.6901
336.000000 2.6901
337.000000 2.6901
338.000000 2.6901
339.000000 2.6901
340.000000 2.6901
341.000000 2.6901
342.000000 2.6901
343.000000 2.6901
344.000000 2.6901
345.000000 2.6901
346.000000 2.6901
347.000000 2.6901
348.000000 2.6901
349.000000 2.6901
350.000000 2.6901
351.000000 2.6901
352.000000 2.6901
353.000000 2.6901
354.000000 2.6901
355.000000 2.6901
356.000000 2.6901
357.000000 2.6901
358.000000 2.6901
359.000000 2.6901
360.000000 2.6901
361.000000 2.6901
362.000000 2.6901
363.000000 2.6901
364.000000 2.6901
365.000000 2.6901
366.000000 2.6901
367.000000 2.6901
368.000000 2.6901
369.000000 2.6901
370.000000 2.6901
371.000000 2.6901
372.000000 2.6901
373.000000 2.6901
374.000000 2.6901
375.000000 2.6901
376.000000 2.6901
377.000000 2.6901
378.000000 2.6901
379.000000 2.6901
380.000000 2.6901
381.000000 2.6901
382.000000 2.6901
383.000000 2.6901
384.000000 2.6901
385.000000 2.6901
386.000000 2.6901
387.000000 2.6901
388.000000 2.6901
389.000000 2.6901
390.000000 2.6901
391.000000 2.6901
392.000000 2.6901
393.000000 2.6901
394.000000 2.6901
395.000000 2.6901
396.000000 2.6901
397.000000 2.6901
398.000000 2.6901
399.000000 2.6901
400.000000 2.6901
401.000000 2.6901
402.000000 2.6901
403.000000 2.6901
404.000000 2.6901
405.000000 2.6901
406.000000 2.6901
407.000000 2.6901
408.000000 2.6901
409.000000 2.6901
410.000000 2.6901
411.000000 2.6901
412.000000 2.6901
413.000000 2.6901
414.000000 2.6901
415.000000 2.6901
416.000000 2.6901
417.000000 2.6901
418.000000 2.6901
419.000000 2.6901
420.000000 2.6901
421.000000 2.6901
422.000000 2.6901
423.000000 2.6901
424.000000 2.6901
425.000000 2.6901
426.000000 2.6901
427.000000 2.6901
428.000000 2.6901
429.000000 2.6901
430.000000 2.6901
431.000000 2.6901
432.000000 2.6901
433.000000 2.6901
434.000000 2.6901
435.000000 2.6901
436.000000 2.6901
437.000000 2.6901
438.000000 2.6901
439.000000 2.6901
440.000000 2.6901
441.000000 2.6901
442.000000 2.6901
443.000000 2.6901
444.000000 2.6901
445.000000 2.6901
446.000000 2.6901
447.000000 2.6901
448.000000 2.6901
449.000000 2.6901
450.000000 2.6901
451.000000 2.6901
452.000000 2.6901
453.000000 2.6901
454.000000 2.6901
455.000000 2.6901
456.000000 2.6901
457.000000 2.6901
458.000000 2.6901
459.000000 2.6901
460.000000 2.6901
461.000000 2.6901
462.000000 2.6901
463.000000 2.6901
464.000000 2.6901
465.000000 2.6901
466.000000 2.6901
467.000000 2.6901
468.000000 2.6901
469.000000 2.6901
470.000000 2.6901
471.000000 2.6901
472.000000 2.6901
473.000000 2.6901
474.000000 2.6901
475.000000 2.6901
476.000000 2.6901
477.000000 2.6901
478.000000 2.6901
479.000000 2.6901
480.000000 2.6901
481.000000 2.6901
482.000000 2.6901
483.000000 2.6901
484.000000 2.6901
485.000000 2.6901
486.000000 2.6901
487.000000 2.6901
488.000000 2.6901
489.000000 2.6901
490.000000 2.6901
491.000000 2.6901
492.000000 2.6901
493.000000 2.6901
494.000000 2.6901
495.000000 2.6901
496.000000 2.6901
497.000000 2.6901
498.000000 2.6901
499.000000 2.6901
500.000000 2.6901
