1.000000 0
2.000000 0
3.000000 0
4.000000 0
5.000000 0
6.000000 0
7.000000 0
8.000000 0.093006
9.000000 0.18169
10.000000 0.26624
11.000000 0.34687
12.000000 0.42375
13.000000 0.49705
14.000000 0.56694
15.000000 0.63358
16.000000 0.69713
17.000000 0.75772
18.000000 0.81549
19.000000 0.87058
20.000000 0.9231
21.000000 0.97319
22.000000 1.0209
23.000000 1.0665
24.000000 1.1099
25.000000 1.1513
26.000000 1.1908
27.000000 1.2284
28.000000 1.2643
29.000000 1.2985
30.000000 1.3312
31.000000 1.3623
32.000000 1.3919
33.000000 1.4202
34.000000 1.4472
35.000000 1.4729
36.000000 1.4974
37.000000 1.5208
38.000000 1.5431
39.000000 1.5644
40.000000 1.5846
41.000000 1.604
42.000000 1.6224
43.000000 1.64
44.000000 1.6567
45.000000 1.6727
46.000000 1.688
47.000000 1.7025
48.000000 1.7163
49.000000 1.7295
50.000000 1.7421
51.000000 1.7541
52.000000 1.7656
53.000000 1.7765
54.000000 1.7869
55.000000 1.7969
56.000000 1.8063
57.000000 1.8153
58.000000 1.8239
59.000000 1.8322
60.000000 1.84
61.000000 1.8474
62.000000 1.8546
63.000000 1.8613
64.000000 1.8678
65.000000 1.874
66.000000 1.8799
67.000000 1.8855
68.000000 1.8908
69.000000 1.8959
70.000000 1.9008
71.000000 1.9054
72.000000 1.9098
73.000000 1.914
74.000000 1.9181
75.000000 1.9219
76.000000 1.9255
77.000000 1.929
78.000000 1.9323
79.000000 1.9355
80.000000 1.9385
81.000000 1.9414
82.000000 1.9442
83.000000 1.9468
84.000000 1.9493
85.000000 1.9517
86.000000 1.9539
87.000000 1.9561
88.000000 1.9582
89.000000 1.9601
90.000000 1.962
91.000000 1.9638
92.000000 1.9655
93.000000 1.9671
94.000000 1.9687
95.000000 1.9702
96.000000 1.9716
97.000000 1.9729
98.000000 1.9742
99.000000 1.9754
100.000000 1.9766
101.000000 1.9777
102.000000 1.9787
103.000000 1.9798
104.000000 1.9807
105.000000 1.9816
106.000000 1.9825
107.000000 1.9834
108.000000 1.9842
109.000000 1.9849
110.000000 1.9856
111.000000 1.9863
112.000000 1.987
113.000000 1.9876
114.000000 1.9882
115.000000 1.9888
116.000000 1.9893
117.000000 1.9898
118.000000 1.9903
119.000000 1.9908
120.000000 1.9913
121.000000 1.9917
122.000000 1.9921
123.000000 1.9925
124.000000 1.9929
125.000000 1.9932
126.000000 1.9936
127.000000 1.9939
128.000000 1.9942
129.000000 1.9945
130.000000 1.9948
131.000000 1.995
132.000000 1.9953
133.000000 1.9955
134.000000 1.9958
135.000000 1.996
136.000000 1.9962
137.000000 1.9964
138.000000 1.9966
139.000000 1.9968
140.000000 1.9969
141.000000 1.9971
142.000000 1.9973
143.000000 1.9974
144.000000 1.9975
145.000000 1.9977
146.000000 1.9978
147.000000 1.9979
148.000000 1.9981
149.000000 1.9982
150.000000 1.9983
151.000000 1.9984
152.000000 1.9985
153.000000 1.9986
154.000000 1.9987
155.000000 1.9987
156.000000 1.9988
157.000000 1.9989
158.000000 1.999
159.000000 1.9991
160.000000 1.9991
161.000000 1.9992
162.000000 1.9992
163.000000 1.9993
164.000000 1.9994
165.000000 1.9994
166.000000 1.9995
167.000000 1.9995
168.000000 1.9996
169.000000 1.9996
170.000000 1.9996
171.000000 1.9997
172.000000 1.9997
173.000000 1.9998
174.000000 1.9998
175.000000 1.9998
176.000000 1.9999
177.000000 1.9999
178.000000 1.9999
179.000000 1.9999
180.000000 2
181.000000 2
182.000000 2
183.000000 2
184.000000 2.0001
185.000000 2.0001
186.000000 2.0001
187.000000 2.0001
188.000000 2.0001
189.000000 2.0001
190.000000 2.0002
191.000000 2.0002
192.000000 2.0002
193.000000 2.0002
194.000000 2.0002
195.000000 2.0002
196.000000 2.0002
197.000000 2.0003
198.000000 2.0003
199.000000 2.0003
200.000000 2.0003
201.000000 2.0003
202.000000 2.0003
203.000000 2.0003
204.000000 2.0003
205.000000 2.0003
206.000000 2.0003
207.000000 2.0003
208.000000 2.0004
209.000000 2.0004
210.000000 2.0004
211.000000 2.0004
212.000000 2.0004
213.000000 2.0004
214.000000 2.0004
215.000000 2.0004
216.000000 2.0004
217.000000 2.0004
218.000000 2.0004
219.000000 2.0004
220.000000 2.0004
221.000000 2.0004
222.000000 2.0004
223.000000 2.0004
224.000000 2.0004
225.000000 2.0004
226.000000 2.0004
227.000000 2.0004
228.000000 2.0004
229.000000 2.0004
230.000000 2.0004
231.000000 2.0004
232.000000 2.0005
233.000000 2.0005
234.000000 2.0005
235.000000 2.0005
236.000000 2.0005
237.000000 2.0005
238.000000 2.0005
239.000000 2.0005
240.000000 2.0005
241.000000 2.0005
242.000000 2.0005
243.000000 2.0005
244.000000 2.0005
245.000000 2.0005
246.000000 2.0005
247.000000 2.0005
248.000000 2.0005
249.000000 2.0005
250.000000 2.0005
251.000000 2.0005
252.000000 2.0005
253.000000 2.0005
254.000000 2.0005
255.000000 2.0005
256.000000 2.0005
257.000000 2.0005
258.000000 2.0005
259.000000 2.0005
260.000000 2.0005
261.000000 2.0005
262.000000 2.0005
263.000000 2.0005
264.000000 2.0005
265.000000 2.0005
266.000000 2.0005
267.000000 2.0005
268.000000 2.0005
269.000000 2.0005
270.000000 2.0005
271.000000 2.0005
272.000000 2.0005
273.000000 2.0005
274.000000 2.0005
275.000000 2.0005
276.000000 2.0005
277.000000 2.0005
278.000000 2.0005
279.000000 2.0005
280.000000 2.0005
281.000000 2.0005
282.000000 2.0005
283.000000 2.0005
284.000000 2.0005
285.000000 2.0005
286.000000 2.0005
287.000000 2.0005
288.000000 2.0005
289.000000 2.0005
290.000000 2.0005
291.000000 2.0005
292.000000 2.0005
293.000000 2.0005
294.000000 2.0005
295.000000 2.0005
296.000000 2.0005
297.000000 2.0005
298.000000 2.0005
299.000000 2.0005
300.000000 2.0005
301.000000 2.0005
302.000000 2.0005
303.000000 2.0005
304.000000 2.0005
305.000000 2.0005
306.000000 2.0005
307.000000 2.0005
308.000000 2.0005
309.000000 2.0005
310.000000 2.0005
311.000000 2.0005
312.000000 2.0005
313.000000 2.0005
314.000000 2.0005
315.000000 2.0005
316.000000 2.0005
317.000000 2.0005
318.000000 2.0005
319.000000 2.0005
320.000000 2.0005
321.000000 2.0005
322.000000 2.0005
323.000000 2.0005
324.000000 2.0005
325.000000 2.0005
326.000000 2.0005
327.000000 2.0005
328.000000 2.0005
329.000000 2.0005
330.000000 2.0005
331.000000 2.0005
332.000000 2.0005
333.000000 2.0005
334.000000 2.0005
335.000000 2.0005
336.000000 2.0005
337.000000 2.0005
338.000000 2.0005
339.000000 2.0005
340.000000 2.0005
341.000000 2.0005
342.000000 2.0005
343.000000 2.0005
344.000000 2.0005
345.000000 2.0005
346.000000 2.0005
347.000000 2.0005
348.000000 2.0005
349.000000 2.0005
350.000000 2.0005
351.000000 2.0005
352.000000 2.0005
353.000000 2.0005
354.000000 2.0005
355.000000 2.0005
356.000000 2.0005
357.000000 2.0005
358.000000 2.0005
359.000000 2.0005
360.000000 2.0005
361.000000 2.0005
362.000000 2.0005
363.000000 2.0005
364.000000 2.0005
365.000000 2.0005
366.000000 2.0005
367.000000 2.0005
368.000000 2.0005
369.000000 2.0005
370.000000 2.0005
371.000000 2.0005
372.000000 2.0005
373.000000 2.0005
374.000000 2.0005
375.000000 2.0005
376.000000 2.0005
377.000000 2.0005
378.000000 2.0005
379.000000 2.0005
380.000000 2.0005
381.000000 2.0005
382.000000 2.0005
383.000000 2.0005
384.000000 2.0005
385.000000 2.0005
386.000000 2.0005
387.000000 2.0005
388.000000 2.0005
389.000000 2.0005
390.000000 2.0005
391.000000 2.0005
392.000000 2.0005
393.000000 2.0005
394.000000 2.0005
395.000000 2.0005
396.000000 2.0005
397.000000 2.0005
398.000000 2.0005
399.000000 2.0005
400.000000 2.0005
401.000000 2.0005
402.000000 2.0005
403.000000 2.0005
404.000000 2.0005
405.000000 2.0005
406.000000 2.0005
407.000000 2.0005
408.000000 2.0005
409.000000 2.0005
410.000000 2.0005
411.000000 2.0005
412.000000 2.0005
413.000000 2.0005
414.000000 2.0005
415.000000 2.0005
416.000000 2.0005
417.000000 2.0005
418.000000 2.0005
419.000000 2.0005
420.000000 2.0005
421.000000 2.0005
422.000000 2.0005
423.000000 2.0005
424.000000 2.0005
425.000000 2.0005
426.000000 2.0005
427.000000 2.0005
428.000000 2.0005
429.000000 2.0005
430.000000 2.0005
431.000000 2.0005
432.000000 2.0005
433.000000 2.0005
434.000000 2.0005
435.000000 2.0005
436.000000 2.0005
437.000000 2.0005
438.000000 2.0005
439.000000 2.0005
440.000000 2.0005
441.000000 2.0005
442.000000 2.0005
443.000000 2.0005
444.000000 2.0005
445.000000 2.0005
446.000000 2.0005
447.000000 2.0005
448.000000 2.0005
449.000000 2.0005
450.000000 2.0005
451.000000 2.0005
452.000000 2.0005
453.000000 2.0005
454.000000 2.0005
455.000000 2.0005
456.000000 2.0005
457.000000 2.0005
458.000000 2.0005
459.000000 2.0005
460.000000 2.0005
461.000000 2.0005
462.000000 2.0005
463.000000 2.0005
464.000000 2.0005
465.000000 2.0005
466.000000 2.0005
467.000000 2.0005
468.000000 2.0005
469.000000 2.0005
470.000000 2.0005
471.000000 2.0005
472.000000 2.0005
473.000000 2.0005
474.000000 2.0005
475.000000 2.0005
476.000000 2.0005
477.000000 2.0005
478.000000 2.0005
479.000000 2.0005
480.000000 2.0005
481.000000 2.0005
482.000000 2.0005
483.000000 2.0005
484.000000 2.0005
485.000000 2.0005
486.000000 2.0005
487.000000 2.0005
488.000000 2.0005
489.000000 2.0005
490.000000 2.0005
491.000000 2.0005
492.000000 2.0005
