1.000000 0
2.000000 0
3.000000 0
4.000000 0.10575
5.000000 0.19907
6.000000 0.28141
7.000000 0.35407
8.000000 0.41817
9.000000 0.47473
10.000000 0.52463
11.000000 0.56865
12.000000 0.60748
13.000000 0.64173
14.000000 0.67195
15.000000 0.69859
16.000000 0.72209
17.000000 0.74282
18.000000 0.76109
19.000000 0.77721
20.000000 0.79142
21.000000 0.80395
22.000000 0.81499
23.000000 0.82473
24.000000 0.83331
25.000000 0.84087
26.000000 0.84754
27.000000 0.85341
28.000000 0.85859
29.000000 0.86315
30.000000 0.86717
31.000000 0.87071
32.000000 0.87383
33.000000 0.87658
34.000000 0.879
35.000000 0.88113
36.000000 0.883
37.000000 0.88465
38.000000 0.88611
39.000000 0.88739
40.000000 0.88852
41.000000 0.88951
42.000000 0.89038
43.000000 0.89115
44.000000 0.89182
45.000000 0.89242
46.000000 0.89294
47.000000 0.8934
48.000000 0.8938
49.000000 0.89416
50.000000 0.89447
51.000000 0.89474
52.000000 0.89498
53.000000 0.8952
54.000000 0.89538
55.000000 0.89555
56.000000 0.89569
57.000000 0.89581
58.000000 0.89592
59.000000 0.89602
60.000000 0.89611
61.000000 0.89618
62.000000 0.89625
63.000000 0.8963
64.000000 0.89635
65.000000 0.8964
66.000000 0.89644
67.000000 0.89647
68.000000 0.8965
69.000000 0.89653
70.000000 0.89655
71.000000 0.89657
72.000000 0.89659
73.000000 0.8966
74.000000 0.89661
75.000000 0.89663
76.000000 0.89664
77.000000 0.89664
78.000000 0.89665
79.000000 0.89666
80.000000 0.89666
81.000000 0.89667
82.000000 0.89667
83.000000 0.89668
84.000000 0.89668
85.000000 0.89668
86.000000 0.89669
87.000000 0.89669
88.000000 0.89669
89.000000 0.89669
90.000000 0.89669
91.000000 0.8967
92.000000 0.8967
93.000000 0.8967
94.000000 0.8967
95.000000 0.8967
96.000000 0.8967
97.000000 0.8967
98.000000 0.8967
99.000000 0.8967
100.000000 0.8967
101.000000 0.8967
102.000000 0.8967
103.000000 0.8967
104.000000 0.8967
105.000000 0.8967
106.000000 0.8967
107.000000 0.8967
108.000000 0.8967
109.000000 0.8967
110.000000 0.8967
111.000000 0.8967
112.000000 0.8967
113.000000 0.8967
114.000000 0.8967
115.000000 0.8967
116.000000 0.8967
117.000000 0.8967
118.000000 0.8967
119.000000 0.8967
120.000000 0.8967
121.000000 0.8967
122.000000 0.8967
123.000000 0.8967
124.000000 0.8967
125.000000 0.8967
126.000000 0.8967
127.000000 0.8967
128.000000 0.8967
129.000000 0.8967
130.000000 0.8967
131.000000 0.8967
132.000000 0.8967
133.000000 0.8967
134.000000 0.8967
135.000000 0.8967
136.000000 0.8967
137.000000 0.8967
138.000000 0.8967
139.000000 0.8967
140.000000 0.8967
141.000000 0.8967
142.000000 0.8967
143.000000 0.8967
144.000000 0.8967
145.000000 0.8967
146.000000 0.8967
147.000000 0.8967
148.000000 0.8967
149.000000 0.8967
150.000000 0.8967
151.000000 0.8967
152.000000 0.8967
153.000000 0.8967
154.000000 0.8967
155.000000 0.8967
156.000000 0.8967
157.000000 0.8967
158.000000 0.8967
159.000000 0.8967
160.000000 0.8967
161.000000 0.8967
162.000000 0.8967
163.000000 0.8967
164.000000 0.8967
165.000000 0.8967
166.000000 0.8967
167.000000 0.8967
168.000000 0.8967
169.000000 0.8967
170.000000 0.8967
171.000000 0.8967
172.000000 0.8967
173.000000 0.8967
174.000000 0.8967
175.000000 0.8967
176.000000 0.8967
177.000000 0.8967
178.000000 0.8967
179.000000 0.8967
180.000000 0.8967
181.000000 0.8967
182.000000 0.8967
183.000000 0.8967
184.000000 0.8967
185.000000 0.8967
186.000000 0.8967
187.000000 0.8967
188.000000 0.8967
189.000000 0.8967
190.000000 0.8967
191.000000 0.8967
192.000000 0.8967
193.000000 0.8967
194.000000 0.8967
195.000000 0.8967
196.000000 0.8967
197.000000 0.8967
198.000000 0.8967
199.000000 0.8967
200.000000 0.8967
201.000000 0.8967
202.000000 0.8967
203.000000 0.8967
204.000000 0.8967
205.000000 0.8967
206.000000 0.8967
207.000000 0.8967
208.000000 0.8967
209.000000 0.8967
210.000000 0.8967
211.000000 0.8967
212.000000 0.8967
213.000000 0.8967
214.000000 0.8967
215.000000 0.8967
216.000000 0.8967
217.000000 0.8967
218.000000 0.8967
219.000000 0.8967
220.000000 0.8967
221.000000 0.8967
222.000000 0.8967
223.000000 0.8967
224.000000 0.8967
225.000000 0.8967
226.000000 0.8967
227.000000 0.8967
228.000000 0.8967
229.000000 0.8967
230.000000 0.8967
231.000000 0.8967
232.000000 0.8967
233.000000 0.8967
234.000000 0.8967
235.000000 0.8967
236.000000 0.8967
237.000000 0.8967
238.000000 0.8967
239.000000 0.8967
240.000000 0.8967
241.000000 0.8967
242.000000 0.8967
243.000000 0.8967
244.000000 0.8967
245.000000 0.8967
246.000000 0.8967
247.000000 0.8967
248.000000 0.8967
249.000000 0.8967
250.000000 0.8967
251.000000 0.8967
252.000000 0.8967
253.000000 0.8967
254.000000 0.8967
255.000000 0.8967
256.000000 0.8967
257.000000 0.8967
258.000000 0.8967
259.000000 0.8967
260.000000 0.8967
261.000000 0.8967
262.000000 0.8967
263.000000 0.8967
264.000000 0.8967
265.000000 0.8967
266.000000 0.8967
267.000000 0.8967
268.000000 0.8967
269.000000 0.8967
270.000000 0.8967
271.000000 0.8967
272.000000 0.8967
273.000000 0.8967
274.000000 0.8967
275.000000 0.8967
276.000000 0.8967
277.000000 0.8967
278.000000 0.8967
279.000000 0.8967
280.000000 0.8967
281.000000 0.8967
282.000000 0.8967
283.000000 0.8967
284.000000 0.8967
285.000000 0.8967
286.000000 0.8967
287.000000 0.8967
288.000000 0.8967
289.000000 0.8967
290.000000 0.8967
291.000000 0.8967
292.000000 0.8967
293.000000 0.8967
294.000000 0.8967
295.000000 0.8967
296.000000 0.8967
297.000000 0.8967
298.000000 0.8967
299.000000 0.8967
300.000000 0.8967
301.000000 0.8967
302.000000 0.8967
303.000000 0.8967
304.000000 0.8967
305.000000 0.8967
306.000000 0.8967
307.000000 0.8967
308.000000 0.8967
309.000000 0.8967
310.000000 0.8967
311.000000 0.8967
312.000000 0.8967
313.000000 0.8967
314.000000 0.8967
315.000000 0.8967
316.000000 0.8967
317.000000 0.8967
318.000000 0.8967
319.000000 0.8967
320.000000 0.8967
321.000000 0.8967
322.000000 0.8967
323.000000 0.8967
324.000000 0.8967
325.000000 0.8967
326.000000 0.8967
327.000000 0.8967
328.000000 0.8967
329.000000 0.8967
330.000000 0.8967
331.000000 0.8967
332.000000 0.8967
333.000000 0.8967
334.000000 0.8967
335.000000 0.8967
336.000000 0.8967
337.000000 0.8967
338.000000 0.8967
339.000000 0.8967
340.000000 0.8967
341.000000 0.8967
342.000000 0.8967
343.000000 0.8967
344.000000 0.8967
345.000000 0.8967
346.000000 0.8967
347.000000 0.8967
348.000000 0.8967
349.000000 0.8967
350.000000 0.8967
351.000000 0.8967
352.000000 0.8967
353.000000 0.8967
354.000000 0.8967
355.000000 0.8967
356.000000 0.8967
357.000000 0.8967
358.000000 0.8967
359.000000 0.8967
360.000000 0.8967
361.000000 0.8967
362.000000 0.8967
363.000000 0.8967
364.000000 0.8967
365.000000 0.8967
366.000000 0.8967
367.000000 0.8967
368.000000 0.8967
369.000000 0.8967
370.000000 0.8967
371.000000 0.8967
372.000000 0.8967
373.000000 0.8967
374.000000 0.8967
375.000000 0.8967
376.000000 0.8967
377.000000 0.8967
378.000000 0.8967
379.000000 0.8967
380.000000 0.8967
381.000000 0.8967
382.000000 0.8967
383.000000 0.8967
384.000000 0.8967
385.000000 0.8967
386.000000 0.8967
387.000000 0.8967
388.000000 0.8967
389.000000 0.8967
390.000000 0.8967
391.000000 0.8967
392.000000 0.8967
393.000000 0.8967
394.000000 0.8967
395.000000 0.8967
396.000000 0.8967
397.000000 0.8967
398.000000 0.8967
399.000000 0.8967
400.000000 0.8967
401.000000 0.8967
402.000000 0.8967
403.000000 0.8967
404.000000 0.8967
405.000000 0.8967
406.000000 0.8967
407.000000 0.8967
408.000000 0.8967
409.000000 0.8967
410.000000 0.8967
411.000000 0.8967
412.000000 0.8967
413.000000 0.8967
414.000000 0.8967
415.000000 0.8967
416.000000 0.8967
417.000000 0.8967
418.000000 0.8967
419.000000 0.8967
420.000000 0.8967
421.000000 0.8967
422.000000 0.8967
423.000000 0.8967
424.000000 0.8967
425.000000 0.8967
426.000000 0.8967
427.000000 0.8967
428.000000 0.8967
429.000000 0.8967
430.000000 0.8967
431.000000 0.8967
432.000000 0.8967
433.000000 0.8967
434.000000 0.8967
435.000000 0.8967
436.000000 0.8967
437.000000 0.8967
438.000000 0.8967
439.000000 0.8967
440.000000 0.8967
441.000000 0.8967
442.000000 0.8967
443.000000 0.8967
444.000000 0.8967
445.000000 0.8967
446.000000 0.8967
447.000000 0.8967
448.000000 0.8967
449.000000 0.8967
450.000000 0.8967
451.000000 0.8967
452.000000 0.8967
453.000000 0.8967
454.000000 0.8967
455.000000 0.8967
456.000000 0.8967
457.000000 0.8967
458.000000 0.8967
459.000000 0.8967
460.000000 0.8967
461.000000 0.8967
462.000000 0.8967
463.000000 0.8967
464.000000 0.8967
465.000000 0.8967
466.000000 0.8967
467.000000 0.8967
468.000000 0.8967
469.000000 0.8967
470.000000 0.8967
471.000000 0.8967
472.000000 0.8967
473.000000 0.8967
474.000000 0.8967
475.000000 0.8967
476.000000 0.8967
477.000000 0.8967
478.000000 0.8967
479.000000 0.8967
480.000000 0.8967
481.000000 0.8967
482.000000 0.8967
483.000000 0.8967
484.000000 0.8967
485.000000 0.8967
486.000000 0.8967
487.000000 0.8967
488.000000 0.8967
489.000000 0.8967
490.000000 0.8967
491.000000 0.8967
492.000000 0.8967
