0.000000 0
1.000000 0
2.000000 0
3.000000 0
4.000000 0
5.000000 0
6.000000 0
7.000000 0
8.000000 0
9.000000 0
10.000000 0.045919
11.000000 0.12001
12.000000 0.20824
13.000000 0.30232
14.000000 0.39641
15.000000 0.60812
16.000000 0.8976
17.000000 1.2338
18.000000 1.5909
19.000000 1.9486
20.000000 2.2916
21.000000 2.6096
22.000000 2.8993
23.000000 3.1588
24.000000 3.3876
25.000000 3.5861
26.000000 3.7558
27.000000 3.8987
28.000000 4.0174
29.000000 4.1148
30.000000 4.194
31.000000 4.2581
32.000000 4.3101
33.000000 4.3525
34.000000 4.3878
35.000000 4.4181
36.000000 4.445
37.000000 4.47
38.000000 4.494
39.000000 4.5179
40.000000 4.5422
41.000000 4.5672
42.000000 4.5929
43.000000 4.6195
44.000000 4.6467
45.000000 4.6743
46.000000 4.7021
47.000000 4.7298
48.000000 4.7572
49.000000 4.7838
50.000000 4.8096
51.000000 4.8342
52.000000 4.8574
53.000000 4.8792
54.000000 4.8994
55.000000 4.918
56.000000 4.9349
57.000000 4.9501
58.000000 4.9637
59.000000 4.9756
60.000000 4.9861
61.000000 4.9951
62.000000 5.0028
63.000000 5.0093
64.000000 5.0147
65.000000 5.0191
66.000000 5.0225
67.000000 5.0252
68.000000 5.0272
69.000000 5.0286
70.000000 5.0296
71.000000 5.03
72.000000 5.0302
73.000000 5.03
74.000000 5.0296
75.000000 5.029
76.000000 5.0282
77.000000 5.0273
78.000000 5.0263
79.000000 5.0253
80.000000 5.0242
81.000000 5.0231
82.000000 5.0219
83.000000 5.0208
84.000000 5.0197
85.000000 5.0185
86.000000 5.0174
87.000000 5.0163
88.000000 5.0153
89.000000 5.0142
90.000000 5.0132
91.000000 5.0123
92.000000 5.0113
93.000000 5.0104
94.000000 5.0096
95.000000 5.0087
96.000000 5.0079
97.000000 5.0072
98.000000 5.0065
99.000000 5.0059
100.000000 5.0052
101.000000 5.0047
102.000000 5.0041
103.000000 5.0036
104.000000 5.0032
105.000000 5.0028
106.000000 5.0024
107.000000 5.002
108.000000 5.0017
109.000000 5.0014
110.000000 5.0012
111.000000 5.0009
112.000000 5.0007
113.000000 5.0005
114.000000 5.0004
115.000000 5.0002
116.000000 5.0001
117.000000 5
118.000000 4.9999
119.000000 4.9998
120.000000 4.9997
121.000000 4.9997
122.000000 4.9996
123.000000 4.9996
124.000000 4.9995
125.000000 4.9995
126.000000 4.9995
127.000000 4.9995
128.000000 4.9995
129.000000 4.9995
130.000000 4.9995
131.000000 4.9995
132.000000 4.9995
133.000000 4.9995
134.000000 4.9995
135.000000 4.9995
136.000000 4.9995
137.000000 4.9995
138.000000 4.9995
139.000000 4.9996
140.000000 4.9996
141.000000 4.9996
142.000000 4.9996
143.000000 4.9997
144.000000 4.9997
145.000000 4.9997
146.000000 4.9998
147.000000 4.9998
148.000000 4.9998
149.000000 4.9998
150.000000 4.9998
151.000000 4.9999
152.000000 4.9999
153.000000 4.9999
154.000000 4.9999
155.000000 4.9999
156.000000 4.9999
157.000000 5
158.000000 5
159.000000 5
160.000000 5
161.000000 4.9999
162.000000 4.9999
163.000000 4.9998
164.000000 4.9998
165.000000 4.9997
166.000000 4.9997
167.000000 4.9998
168.000000 4.9999
169.000000 5.0001
170.000000 5.0003
171.000000 5.0005
172.000000 5.0007
173.000000 5.0009
174.000000 5.0011
175.000000 5.0013
176.000000 5.0015
177.000000 5.0016
178.000000 5.0018
179.000000 5.0019
180.000000 5.0019
181.000000 5.002
182.000000 5.002
183.000000 5.0021
184.000000 5.0021
185.000000 5.0021
186.000000 5.002
187.000000 5.002
188.000000 5.002
189.000000 5.002
190.000000 5.0019
191.000000 5.0019
192.000000 5.0018
193.000000 5.0018
194.000000 5.0018
195.000000 5.0017
196.000000 5.0017
197.000000 5.0016
198.000000 5.0016
199.000000 5.0015
200.000000 5.0015
201.000000 5.0014
202.000000 5.0532
203.000000 5.1479
204.000000 5.278
205.000000 5.4345
206.000000 5.6118
207.000000 5.714
208.000000 5.7551
209.000000 5.7482
210.000000 5.705
211.000000 5.635
212.000000 5.5455
213.000000 5.4425
214.000000 5.3282
215.000000 5.2046
216.000000 5.074
217.000000 4.9383
218.000000 4.7994
219.000000 4.6589
220.000000 4.5182
221.000000 4.3784
222.000000 4.2405
223.000000 4.1051
224.000000 3.9729
225.000000 3.8442
226.000000 3.7194
227.000000 3.5989
228.000000 3.4828
229.000000 3.3714
230.000000 3.2647
231.000000 3.1628
232.000000 3.0657
233.000000 2.9736
234.000000 2.8863
235.000000 2.8039
236.000000 2.7263
237.000000 2.6535
238.000000 2.5852
239.000000 2.5215
240.000000 2.4623
241.000000 2.4073
242.000000 2.3565
243.000000 2.3096
244.000000 2.2666
245.000000 2.2273
246.000000 2.1914
247.000000 2.1589
248.000000 2.1295
249.000000 2.103
250.000000 2.0793
251.000000 2.0582
252.000000 2.0395
253.000000 2.0231
254.000000 2.0087
255.000000 1.9962
256.000000 1.9854
257.000000 1.9763
258.000000 1.9686
259.000000 1.9622
260.000000 1.957
261.000000 1.9528
262.000000 1.9496
263.000000 1.9473
264.000000 1.9457
265.000000 1.9448
266.000000 1.9444
267.000000 1.9446
268.000000 1.9451
269.000000 1.9461
270.000000 1.9473
271.000000 1.9488
272.000000 1.9505
273.000000 1.9523
274.000000 1.9543
275.000000 1.9564
276.000000 1.9585
277.000000 1.9607
278.000000 1.9629
279.000000 1.9651
280.000000 1.9673
281.000000 1.9694
282.000000 1.9715
283.000000 1.9736
284.000000 1.9755
285.000000 1.9774
286.000000 1.9793
287.000000 1.981
288.000000 1.9827
289.000000 1.9843
290.000000 1.9858
291.000000 1.9872
292.000000 1.9885
293.000000 1.9897
294.000000 1.9908
295.000000 1.9919
296.000000 1.9929
297.000000 1.9938
298.000000 1.9946
299.000000 1.9954
300.000000 1.9961
301.000000 1.9967
302.000000 2.0728
303.000000 2.2059
304.000000 2.3807
305.000000 2.584
306.000000 2.807
307.000000 3.0257
308.000000 3.2306
309.000000 3.4164
310.000000 3.5797
311.000000 3.7176
312.000000 3.8286
313.000000 3.9124
314.000000 3.9692
315.000000 4
316.000000 4.0064
317.000000 3.9908
318.000000 3.9555
319.000000 3.9034
320.000000 3.8373
321.000000 3.7599
322.000000 3.6739
323.000000 3.5816
324.000000 3.4854
325.000000 3.3871
326.000000 3.2885
327.000000 3.191
328.000000 3.0958
329.000000 3.0039
330.000000 2.916
331.000000 2.8326
332.000000 2.7541
333.000000 2.6806
334.000000 2.6122
335.000000 2.5488
336.000000 2.4904
337.000000 2.4368
338.000000 2.3877
339.000000 2.3428
340.000000 2.3019
341.000000 2.2648
342.000000 2.231
343.000000 2.2005
344.000000 2.1728
345.000000 2.1477
346.000000 2.1251
347.000000 2.1047
348.000000 2.0863
349.000000 2.0698
350.000000 2.0549
351.000000 2.0417
352.000000 2.0298
353.000000 2.0193
354.000000 2.01
355.000000 2.0019
356.000000 1.9947
357.000000 1.9886
358.000000 1.9832
359.000000 1.9786
360.000000 1.9748
361.000000 1.9715
362.000000 1.9688
363.000000 1.9667
364.000000 1.9651
365.000000 1.9639
366.000000 1.9631
367.000000 1.9627
368.000000 1.9626
369.000000 1.9627
370.000000 1.9632
371.000000 1.9638
372.000000 1.9646
373.000000 1.9656
374.000000 1.9667
375.000000 1.9679
376.000000 1.9692
377.000000 1.9706
378.000000 1.9719
379.000000 1.9734
380.000000 1.9748
381.000000 1.9762
382.000000 1.9776
383.000000 1.979
384.000000 1.9803
385.000000 1.9816
386.000000 1.9829
387.000000 1.9841
388.000000 1.9853
389.000000 1.9864
390.000000 1.9875
391.000000 1.9885
392.000000 1.9894
393.000000 1.9903
394.000000 1.9912
395.000000 1.992
396.000000 1.9927
397.000000 1.9934
398.000000 1.9941
399.000000 1.9947
400.000000 1.9952
401.000000 1.9957
402.000000 1.9962
403.000000 1.9967
404.000000 1.9971
405.000000 1.9974
406.000000 1.9978
407.000000 1.9981
408.000000 1.9983
409.000000 1.9986
410.000000 1.9988
411.000000 1.999
412.000000 1.9992
413.000000 1.9994
414.000000 1.9996
415.000000 1.9997
416.000000 1.9998
417.000000 1.9999
418.000000 2
419.000000 2.0001
420.000000 2.0002
421.000000 2.0002
422.000000 2.0003
423.000000 2.0003
424.000000 2.0003
425.000000 2.0004
426.000000 2.0004
427.000000 2.0004
428.000000 2.0004
429.000000 2.0004
430.000000 2.0005
431.000000 2.0005
432.000000 2.0005
433.000000 2.0005
434.000000 2.0004
435.000000 2.0004
436.000000 2.0004
437.000000 2.0004
438.000000 2.0004
439.000000 2.0004
440.000000 2.0004
441.000000 2.0003
442.000000 2.0003
443.000000 2.0003
444.000000 2.0003
445.000000 2.0002
446.000000 2.0002
447.000000 2.0002
448.000000 2.0002
449.000000 2.0002
450.000000 2.0002
451.000000 2.0001
452.000000 2.0001
453.000000 2.0001
454.000000 2.0001
455.000000 2.0001
456.000000 2.0001
457.000000 2.0001
458.000000 2.0001
459.000000 2.0001
460.000000 2.0001
461.000000 2.0001
462.000000 2.0001
463.000000 2
464.000000 2
465.000000 1.9999
466.000000 1.9998
467.000000 1.9997
468.000000 1.9996
469.000000 1.9995
470.000000 1.9994
471.000000 1.9993
472.000000 1.9992
473.000000 1.9991
474.000000 1.999
475.000000 1.9989
476.000000 1.9988
477.000000 1.9987
478.000000 1.9986
479.000000 1.9985
480.000000 1.9985
481.000000 1.9984
482.000000 1.9984
483.000000 1.9984
484.000000 1.9983
485.000000 1.9983
486.000000 1.9983
487.000000 1.9983
488.000000 1.9983
489.000000 1.9983
490.000000 1.9983
491.000000 1.9984
492.000000 1.9984
493.000000 1.9984
494.000000 1.9985
495.000000 1.9985
496.000000 1.9985
497.000000 1.9986
498.000000 1.9986
499.000000 1.9987
500.000000 1.9987
501.000000 1.9988
502.000000 2.0102
503.000000 2.0212
504.000000 2.0227
505.000000 2.0125
506.000000 1.9884
507.000000 2.132
508.000000 2.3941
509.000000 2.7349
510.000000 3.1208
511.000000 3.5251
512.000000 3.9278
513.000000 4.3145
514.000000 4.6805
515.000000 5.0224
516.000000 5.3382
517.000000 5.6272
518.000000 5.8895
519.000000 6.1261
520.000000 6.3386
521.000000 6.5291
522.000000 6.7003
523.000000 6.8547
524.000000 6.9948
525.000000 7.1231
526.000000 7.2416
527.000000 7.3522
528.000000 7.4565
529.000000 7.5558
530.000000 7.6509
531.000000 7.7428
532.000000 7.8317
533.000000 7.9181
534.000000 8.0021
535.000000 8.0835
536.000000 8.1625
537.000000 8.2387
538.000000 8.312
539.000000 8.3822
540.000000 8.449
541.000000 8.5123
542.000000 8.5719
543.000000 8.6278
544.000000 8.6797
545.000000 8.7277
546.000000 8.7718
547.000000 8.8121
548.000000 8.8486
549.000000 8.8814
550.000000 8.9108
551.000000 8.9369
552.000000 8.9598
553.000000 8.9798
554.000000 8.9971
555.000000 9.0119
556.000000 9.0244
557.000000 9.0349
558.000000 9.0435
559.000000 9.0505
560.000000 9.0559
561.000000 9.0601
562.000000 9.0631
563.000000 9.0652
564.000000 9.0664
565.000000 9.0668
566.000000 9.0666
567.000000 9.0659
568.000000 9.0648
569.000000 9.0633
570.000000 9.0615
571.000000 9.0594
572.000000 9.0572
573.000000 9.0549
574.000000 9.0524
575.000000 9.0499
576.000000 9.0473
577.000000 9.0448
578.000000 9.0422
579.000000 9.0396
580.000000 9.0371
581.000000 9.0346
582.000000 9.0322
583.000000 9.0299
584.000000 9.0276
585.000000 9.0255
586.000000 9.0234
587.000000 9.0214
588.000000 9.0195
589.000000 9.0177
590.000000 9.016
591.000000 9.0144
592.000000 9.0129
593.000000 9.0115
594.000000 9.0102
595.000000 9.0091
596.000000 9.0079
597.000000 9.0069
598.000000 9.006
599.000000 9.0051
600.000000 9.0043
601.000000 9.0036
602.000000 9.003
603.000000 9.0024
604.000000 9.0019
605.000000 9.0015
606.000000 9.001
607.000000 9.0007
608.000000 9.0004
609.000000 9.0001
610.000000 8.9998
611.000000 8.9996
612.000000 8.9994
613.000000 8.9993
614.000000 8.9992
615.000000 8.9991
616.000000 8.999
617.000000 8.9989
618.000000 8.9989
619.000000 8.9988
620.000000 8.9988
621.000000 8.9988
622.000000 8.9988
623.000000 8.9988
624.000000 8.9988
625.000000 8.9988
626.000000 8.9988
627.000000 8.9988
628.000000 8.9989
629.000000 8.9989
630.000000 8.999
631.000000 8.999
632.000000 8.9991
633.000000 8.9991
634.000000 8.9992
635.000000 8.9992
636.000000 8.9993
637.000000 8.9993
638.000000 8.9994
639.000000 8.9995
640.000000 8.9995
641.000000 8.9996
642.000000 8.9996
643.000000 8.9997
644.000000 8.9997
645.000000 8.9997
646.000000 8.9998
647.000000 8.9998
648.000000 8.9998
649.000000 8.9999
650.000000 8.9999
651.000000 8.9999
652.000000 8.9999
653.000000 8.9999
654.000000 8.9998
655.000000 8.9997
656.000000 8.9996
657.000000 8.9995
658.000000 8.9995
659.000000 8.9996
660.000000 8.9998
661.000000 9
662.000000 9.0003
663.000000 9.0007
664.000000 9.001
665.000000 9.0014
666.000000 9.0017
667.000000 9.0021
668.000000 9.0024
669.000000 9.0026
670.000000 9.0029
671.000000 9.0031
672.000000 9.0033
673.000000 9.0035
674.000000 9.0036
675.000000 9.0037
676.000000 9.0038
677.000000 9.0038
678.000000 9.0038
679.000000 9.0039
680.000000 9.0039
681.000000 9.0038
682.000000 9.0038
683.000000 9.0038
684.000000 9.0038
685.000000 9.0037
686.000000 9.0036
687.000000 9.0036
688.000000 9.0035
689.000000 9.0035
690.000000 9.0034
691.000000 9.0033
692.000000 9.0032
693.000000 9.0031
694.000000 9.003
695.000000 9.0029
696.000000 9.0028
697.000000 9.0027
698.000000 9.0026
699.000000 9.0025
700.000000 9.0024
701.000000 8.889
702.000000 8.6899
703.000000 8.4283
704.000000 8.1239
705.000000 7.7899
706.000000 7.4622
707.000000 7.1552
708.000000 6.8767
709.000000 6.632
710.000000 6.4253
711.000000 6.2589
712.000000 6.1333
713.000000 6.0482
714.000000 6.0021
715.000000 5.9925
716.000000 6.016
717.000000 6.0689
718.000000 6.147
719.000000 6.2461
720.000000 6.3621
721.000000 6.4912
722.000000 6.6295
723.000000 6.7739
724.000000 6.9212
725.000000 7.0691
726.000000 7.2152
727.000000 7.3579
728.000000 7.4956
729.000000 7.6274
730.000000 7.7524
731.000000 7.8702
732.000000 7.9803
733.000000 8.0829
734.000000 8.1778
735.000000 8.2653
736.000000 8.3457
737.000000 8.4193
738.000000 8.4865
739.000000 8.5477
740.000000 8.6034
741.000000 8.6539
742.000000 8.6997
743.000000 8.7412
744.000000 8.7787
745.000000 8.8126
746.000000 8.8431
747.000000 8.8707
748.000000 8.8954
749.000000 8.9177
750.000000 8.9376
751.000000 8.9553
752.000000 8.9711
753.000000 8.9851
754.000000 8.9974
755.000000 9.0081
756.000000 9.0175
757.000000 9.0255
758.000000 9.0323
759.000000 9.038
760.000000 9.0427
761.000000 9.0465
762.000000 9.0494
763.000000 9.0516
764.000000 9.0531
765.000000 9.0539
766.000000 9.0543
767.000000 9.0541
768.000000 9.0536
769.000000 9.0527
770.000000 9.0514
771.000000 9.05
772.000000 9.0483
773.000000 9.0464
774.000000 9.0444
775.000000 9.0423
776.000000 9.0402
777.000000 9.038
778.000000 9.0358
779.000000 9.0336
780.000000 9.0315
781.000000 9.0293
782.000000 9.0272
783.000000 9.0252
784.000000 9.0233
785.000000 9.0214
786.000000 9.0196
787.000000 9.0179
788.000000 9.0163
789.000000 9.0148
790.000000 9.0133
791.000000 9.012
792.000000 9.0107
793.000000 9.0095
794.000000 9.0085
795.000000 9.0074
796.000000 9.0065
797.000000 9.0057
798.000000 9.0049
799.000000 9.0042
800.000000 9.0035
801.000000 9.0029
802.000000 9.0024
803.000000 9.0019
804.000000 9.0015
805.000000 9.0011
806.000000 9.0008
807.000000 9.0005
808.000000 9.0002
809.000000 9
810.000000 8.9998
811.000000 8.9997
812.000000 8.9995
813.000000 8.9994
814.000000 8.9993
815.000000 8.9992
816.000000 8.9991
817.000000 8.9991
818.000000 8.9991
819.000000 8.999
820.000000 8.999
821.000000 8.999
822.000000 8.999
823.000000 8.999
824.000000 8.999
825.000000 8.9991
826.000000 8.9991
827.000000 8.9991
828.000000 8.9991
829.000000 8.9992
830.000000 8.9992
831.000000 8.9992
832.000000 8.9993
833.000000 8.9993
834.000000 8.9993
835.000000 8.9994
836.000000 8.9994
837.000000 8.9995
838.000000 8.9995
839.000000 8.9995
840.000000 8.9996
841.000000 8.9996
842.000000 8.9997
843.000000 8.9997
844.000000 8.9997
845.000000 8.9998
846.000000 8.9998
847.000000 8.9998
848.000000 8.9999
849.000000 8.9999
850.000000 8.9999
851.000000 8.9999
852.000000 8.9999
853.000000 8.9999
854.000000 8.9999
855.000000 8.9999
856.000000 8.9999
857.000000 8.9999
858.000000 8.9999
859.000000 8.9999
860.000000 8.9999
861.000000 9
862.000000 9
863.000000 9.0001
864.000000 9.0002
865.000000 9.0003
866.000000 9.0005
867.000000 9.0006
868.000000 9.0008
869.000000 9.0009
870.000000 9.0011
871.000000 9.0013
872.000000 9.0014
873.000000 9.0016
874.000000 9.0017
875.000000 9.0019
876.000000 9.002
877.000000 9.0021
878.000000 9.0022
879.000000 9.0023
880.000000 9.0024
881.000000 9.0024
882.000000 9.0025
883.000000 9.0025
884.000000 9.0025
885.000000 9.0025
886.000000 9.0025
887.000000 9.0025
888.000000 9.0025
889.000000 9.0025
890.000000 9.0025
891.000000 9.0024
892.000000 9.0024
893.000000 9.0023
894.000000 9.0023
895.000000 9.0022
896.000000 9.0021
897.000000 9.0021
898.000000 9.002
899.000000 9.0019
900.000000 9.0018
901.000000 9.0018
902.000000 9.0017
903.000000 9.0016
904.000000 9.0015
905.000000 9.0015
906.000000 9.0014
907.000000 9.0013
908.000000 9.0012
909.000000 9.0012
910.000000 9.0011
911.000000 9.001
912.000000 9.0009
913.000000 9.0009
914.000000 9.0008
915.000000 9.0007
916.000000 9.0007
917.000000 9.0006
918.000000 9.0006
919.000000 9.0005
920.000000 9.0005
921.000000 9.0004
922.000000 9.0004
923.000000 9.0003
924.000000 9.0003
925.000000 9.0003
926.000000 9.0002
927.000000 9.0002
928.000000 9.0002
929.000000 9.0001
930.000000 9.0001
931.000000 9.0001
932.000000 9.0001
933.000000 9
934.000000 9
935.000000 9
936.000000 9
937.000000 9
938.000000 9
939.000000 9
940.000000 9
941.000000 8.9999
942.000000 8.9999
943.000000 8.9999
944.000000 8.9999
945.000000 8.9999
946.000000 8.9999
947.000000 8.9999
948.000000 8.9999
949.000000 8.9999
950.000000 8.9999
951.000000 8.9999
952.000000 8.9999
953.000000 8.9999
954.000000 8.9999
955.000000 8.9999
956.000000 8.9999
957.000000 8.9999
958.000000 8.9999
959.000000 8.9999
960.000000 8.9999
961.000000 9
962.000000 9
963.000000 9
964.000000 9
965.000000 9
966.000000 9
967.000000 9
968.000000 9
969.000000 9
970.000000 9
971.000000 9
972.000000 9
973.000000 9
974.000000 9
975.000000 9
976.000000 9
977.000000 9
978.000000 9
979.000000 9
980.000000 9
981.000000 9
982.000000 9
983.000000 9
984.000000 9
985.000000 9
986.000000 9
987.000000 9
988.000000 9
989.000000 9
990.000000 9
991.000000 9
992.000000 9
993.000000 9
994.000000 9
995.000000 9
996.000000 9
997.000000 9
998.000000 9
999.000000 9
