0.000000 0
1.000000 0
2.000000 0
3.000000 0
4.000000 0
5.000000 0
6.000000 0
7.000000 0
8.000000 1.321
9.000000 2.3221
10.000000 3.0655
11.000000 3.5846
12.000000 3.9156
13.000000 4.0967
14.000000 4.1628
15.000000 4.1788
16.000000 4.153
17.000000 4.0945
18.000000 4.0118
19.000000 3.9126
20.000000 3.804
21.000000 3.6918
22.000000 3.582
23.000000 3.4787
24.000000 3.3846
25.000000 3.3011
26.000000 3.2288
27.000000 3.1675
28.000000 3.1167
29.000000 3.0753
30.000000 3.0423
31.000000 3.0163
32.000000 2.9961
33.000000 2.9804
34.000000 2.9681
35.000000 2.958
36.000000 2.9493
37.000000 2.9413
38.000000 2.9334
39.000000 2.925
40.000000 2.9159
41.000000 2.906
42.000000 2.895
43.000000 2.8831
44.000000 2.8702
45.000000 2.8566
46.000000 2.8424
47.000000 2.8277
48.000000 2.8128
49.000000 2.7979
50.000000 2.783
51.000000 2.7685
52.000000 2.7544
53.000000 2.7409
54.000000 2.7281
55.000000 2.716
56.000000 2.7047
57.000000 2.6943
58.000000 2.6847
59.000000 2.6761
60.000000 2.6683
61.000000 2.6613
62.000000 2.6551
63.000000 2.6497
64.000000 2.645
65.000000 2.6409
66.000000 2.6374
67.000000 2.6345
68.000000 2.632
69.000000 2.63
70.000000 2.6283
71.000000 2.627
72.000000 2.6259
73.000000 2.6251
74.000000 2.6246
75.000000 2.6242
76.000000 2.624
77.000000 2.6239
78.000000 2.6239
79.000000 2.624
80.000000 2.6241
81.000000 2.6244
82.000000 2.6247
83.000000 2.625
84.000000 2.6253
85.000000 2.6257
86.000000 2.6261
87.000000 2.6266
88.000000 2.627
89.000000 2.6275
90.000000 2.628
91.000000 2.6285
92.000000 2.629
93.000000 2.6295
94.000000 2.6299
95.000000 2.6304
96.000000 2.6308
97.000000 2.6312
98.000000 2.6316
99.000000 2.632
100.000000 2.6324
101.000000 2.6327
102.000000 2.6331
103.000000 2.6334
104.000000 2.6337
105.000000 2.634
106.000000 2.6342
107.000000 2.6344
108.000000 2.6347
109.000000 2.6348
110.000000 2.635
111.000000 2.6352
112.000000 2.6353
113.000000 2.6354
114.000000 2.6356
115.000000 2.6357
116.000000 2.6358
117.000000 2.6359
118.000000 2.636
119.000000 2.636
120.000000 2.6361
121.000000 2.6361
122.000000 2.6362
123.000000 2.6362
124.000000 2.6363
125.000000 2.6363
126.000000 2.6363
127.000000 2.6363
128.000000 2.6364
129.000000 2.6364
130.000000 2.6364
131.000000 2.6365
132.000000 2.6365
133.000000 2.6365
134.000000 2.6366
135.000000 2.6366
136.000000 2.6366
137.000000 2.6366
138.000000 2.6366
139.000000 2.6366
140.000000 2.6366
141.000000 2.6366
142.000000 2.6366
143.000000 2.6366
144.000000 2.6366
145.000000 2.6366
146.000000 2.6366
147.000000 2.6365
148.000000 2.6365
149.000000 2.6365
150.000000 2.6365
151.000000 2.6364
152.000000 2.6364
153.000000 2.6364
154.000000 2.6363
155.000000 2.6363
156.000000 2.6363
157.000000 2.6364
158.000000 2.6368
159.000000 2.6376
160.000000 2.6384
161.000000 2.6392
162.000000 2.6399
163.000000 2.6404
164.000000 2.6408
165.000000 2.641
166.000000 2.6411
167.000000 2.6411
168.000000 2.641
169.000000 2.6408
170.000000 2.6406
171.000000 2.6403
172.000000 2.64
173.000000 2.6397
174.000000 2.6394
175.000000 2.6391
176.000000 2.6388
177.000000 2.6385
178.000000 2.6382
179.000000 2.638
180.000000 2.6378
181.000000 2.6376
182.000000 2.6374
183.000000 2.6372
184.000000 2.6371
185.000000 2.637
186.000000 2.6369
187.000000 2.6368
188.000000 2.6367
189.000000 2.6366
190.000000 2.6365
191.000000 2.6365
192.000000 2.6364
193.000000 2.6364
194.000000 2.6363
195.000000 2.6362
196.000000 2.6362
197.000000 2.6362
198.000000 2.6361
199.000000 2.6361
200.000000 1.6578
201.000000 0.8274
202.000000 0.14411
203.000000 -0.40819
204.000000 -0.85187
205.000000 -1.2053
206.000000 -1.484
207.000000 -1.7269
208.000000 -1.935
209.000000 -2.1096
210.000000 -2.2525
211.000000 -2.3662
212.000000 -2.4532
213.000000 -2.5167
214.000000 -2.5602
215.000000 -2.5868
216.000000 -2.5991
217.000000 -2.5993
218.000000 -2.5894
219.000000 -2.5709
220.000000 -2.5453
221.000000 -2.5138
222.000000 -2.4775
223.000000 -2.4374
224.000000 -2.3944
225.000000 -2.3491
226.000000 -2.3022
227.000000 -2.2542
228.000000 -2.2056
229.000000 -2.1569
230.000000 -2.1084
231.000000 -2.0603
232.000000 -2.013
233.000000 -1.9668
234.000000 -1.9217
235.000000 -1.878
236.000000 -1.8358
237.000000 -1.7952
238.000000 -1.7564
239.000000 -1.7193
240.000000 -1.6841
241.000000 -1.6508
242.000000 -1.6193
243.000000 -1.5898
244.000000 -1.5621
245.000000 -1.5362
246.000000 -1.5122
247.000000 -1.49
248.000000 -1.4694
249.000000 -1.4504
250.000000 -1.4331
251.000000 -1.4173
252.000000 -1.4029
253.000000 -1.3898
254.000000 -1.3781
255.000000 -1.3676
256.000000 -1.3582
257.000000 -1.3498
258.000000 -1.3424
259.000000 -1.336
260.000000 -1.3303
261.000000 -1.3255
262.000000 -1.3213
263.000000 -1.3178
264.000000 -1.3148
265.000000 -1.3124
266.000000 -1.3105
267.000000 -1.3089
268.000000 -1.3078
269.000000 -1.307
270.000000 -1.3064
271.000000 -1.3061
272.000000 -1.306
273.000000 -1.3062
274.000000 -1.3065
275.000000 -1.3069
276.000000 -1.3075
277.000000 -1.3081
278.000000 -1.3089
279.000000 -1.3096
280.000000 -1.3105
281.000000 -1.3114
282.000000 -1.3123
283.000000 -1.3133
284.000000 -1.3142
285.000000 -1.3152
286.000000 -1.3161
287.000000 -1.317
288.000000 -1.3179
289.000000 -1.3188
290.000000 -1.3196
291.000000 -1.3204
292.000000 -1.3212
293.000000 -1.3219
294.000000 -1.3226
295.000000 -1.3233
296.000000 -1.3239
297.000000 -1.3245
298.000000 -1.3251
299.000000 -1.3256
300.000000 -1.5028
301.000000 -1.722
302.000000 -1.9483
303.000000 -2.1781
304.000000 -2.4118
305.000000 -2.6451
306.000000 -2.873
307.000000 -3.0955
308.000000 -3.3087
309.000000 -3.5086
310.000000 -3.6921
311.000000 -3.8571
312.000000 -4.0023
313.000000 -4.127
314.000000 -4.2313
315.000000 -4.3157
316.000000 -4.3813
317.000000 -4.4293
318.000000 -4.4612
319.000000 -4.4787
320.000000 -4.4834
321.000000 -4.4771
322.000000 -4.4615
323.000000 -4.4383
324.000000 -4.4089
325.000000 -4.3747
326.000000 -4.3372
327.000000 -4.2973
328.000000 -4.256
329.000000 -4.2142
330.000000 -4.1725
331.000000 -4.1316
332.000000 -4.0917
333.000000 -4.0534
334.000000 -4.0167
335.000000 -3.9819
336.000000 -3.949
337.000000 -3.9182
338.000000 -3.8893
339.000000 -3.8624
340.000000 -3.8374
341.000000 -3.8141
342.000000 -3.7927
343.000000 -3.7728
344.000000 -3.7544
345.000000 -3.7375
346.000000 -3.7219
347.000000 -3.7076
348.000000 -3.6944
349.000000 -3.6824
350.000000 -3.6717
351.000000 -3.6621
352.000000 -3.6535
353.000000 -3.6458
354.000000 -3.6388
355.000000 -3.6325
356.000000 -3.6267
357.000000 -3.6215
358.000000 -3.6168
359.000000 -3.6125
360.000000 -3.6088
361.000000 -3.6054
362.000000 -3.6024
363.000000 -3.5998
364.000000 -3.5975
365.000000 -3.5956
366.000000 -3.5939
367.000000 -3.5925
368.000000 -3.5913
369.000000 -3.5903
370.000000 -3.5896
371.000000 -3.589
372.000000 -3.5886
373.000000 -3.5883
374.000000 -3.5882
375.000000 -3.5881
376.000000 -3.5882
377.000000 -3.5883
378.000000 -3.5886
379.000000 -3.5888
380.000000 -3.5892
381.000000 -3.5895
382.000000 -3.5899
383.000000 -3.5903
384.000000 -3.5908
385.000000 -3.5912
386.000000 -3.5917
387.000000 -3.5922
388.000000 -3.5926
389.000000 -3.5931
390.000000 -3.5935
391.000000 -3.5939
392.000000 -3.5944
393.000000 -3.5948
394.000000 -3.5951
395.000000 -3.5955
396.000000 -3.5959
397.000000 -3.5962
398.000000 -3.5965
399.000000 -3.5969
400.000000 -3.5971
401.000000 -3.5974
402.000000 -3.5977
403.000000 -3.5979
404.000000 -3.5981
405.000000 -3.5983
406.000000 -3.5985
407.000000 -3.5987
408.000000 -3.5989
409.000000 -3.599
410.000000 -3.5992
411.000000 -3.5993
412.000000 -3.5994
413.000000 -3.5995
414.000000 -3.5996
415.000000 -3.5997
416.000000 -3.5998
417.000000 -3.5999
418.000000 -3.5999
419.000000 -3.6
420.000000 -3.6001
421.000000 -3.6001
422.000000 -3.6002
423.000000 -3.6002
424.000000 -3.6003
425.000000 -3.6003
426.000000 -3.6003
427.000000 -3.6004
428.000000 -3.6004
429.000000 -3.6004
430.000000 -3.6005
431.000000 -3.6005
432.000000 -3.6005
433.000000 -3.6005
434.000000 -3.6006
435.000000 -3.6006
436.000000 -3.6006
437.000000 -3.6006
438.000000 -3.6006
439.000000 -3.6006
440.000000 -3.6006
441.000000 -3.6006
442.000000 -3.6006
443.000000 -3.6005
444.000000 -3.6005
445.000000 -3.6005
446.000000 -3.6005
447.000000 -3.6005
448.000000 -3.6005
449.000000 -3.6005
450.000000 -3.6005
451.000000 -3.6007
452.000000 -3.6008
453.000000 -3.601
454.000000 -3.6013
455.000000 -3.6015
456.000000 -3.6018
457.000000 -3.6021
458.000000 -3.6023
459.000000 -3.6026
460.000000 -3.6028
461.000000 -3.603
462.000000 -3.6031
463.000000 -3.6033
464.000000 -3.6034
465.000000 -3.6035
466.000000 -3.6035
467.000000 -3.6035
468.000000 -3.6035
469.000000 -3.6034
470.000000 -3.6033
471.000000 -3.6032
472.000000 -3.6031
473.000000 -3.603
474.000000 -3.6028
475.000000 -3.6027
476.000000 -3.6025
477.000000 -3.6023
478.000000 -3.6022
479.000000 -3.602
480.000000 -3.6018
481.000000 -3.6017
482.000000 -3.6015
483.000000 -3.6014
484.000000 -3.6012
485.000000 -3.6011
486.000000 -3.6009
487.000000 -3.6008
488.000000 -3.6007
489.000000 -3.6006
490.000000 -3.6005
491.000000 -3.6004
492.000000 -3.6003
493.000000 -3.6003
494.000000 -3.6002
495.000000 -3.6002
496.000000 -3.6001
497.000000 -3.6001
498.000000 -3.6
499.000000 -3.6
500.000000 -1.6268
501.000000 -0.072121
502.000000 1.1268
503.000000 2.0141
504.000000 2.6408
505.000000 3.0576
506.000000 3.3095
507.000000 3.4874
508.000000 3.6003
509.000000 3.6582
510.000000 3.6708
511.000000 3.6474
512.000000 3.5967
513.000000 3.5269
514.000000 3.4461
515.000000 3.3605
516.000000 3.2745
517.000000 3.1912
518.000000 3.1123
519.000000 3.0387
520.000000 2.9708
521.000000 2.9084
522.000000 2.8512
523.000000 2.7985
524.000000 2.7496
525.000000 2.7037
526.000000 2.6601
527.000000 2.618
528.000000 2.577
529.000000 2.5365
530.000000 2.4961
531.000000 2.4557
532.000000 2.4151
533.000000 2.3743
534.000000 2.3333
535.000000 2.2922
536.000000 2.2512
537.000000 2.2106
538.000000 2.1705
539.000000 2.1311
540.000000 2.0927
541.000000 2.0556
542.000000 2.0198
543.000000 1.9855
544.000000 1.953
545.000000 1.9222
546.000000 1.8934
547.000000 1.8665
548.000000 1.8415
549.000000 1.8184
550.000000 1.7973
551.000000 1.7781
552.000000 1.7607
553.000000 1.745
554.000000 1.731
555.000000 1.7186
556.000000 1.7076
557.000000 1.6979
558.000000 1.6895
559.000000 1.6823
560.000000 1.676
561.000000 1.6708
562.000000 1.6663
563.000000 1.6626
564.000000 1.6596
565.000000 1.6573
566.000000 1.6554
567.000000 1.654
568.000000 1.653
569.000000 1.6524
570.000000 1.652
571.000000 1.6519
572.000000 1.652
573.000000 1.6523
574.000000 1.6528
575.000000 1.6534
576.000000 1.6542
577.000000 1.655
578.000000 1.6559
579.000000 1.6568
580.000000 1.6578
581.000000 1.6589
582.000000 1.66
583.000000 1.6612
584.000000 1.6623
585.000000 1.6634
586.000000 1.6645
587.000000 1.6656
588.000000 1.6666
589.000000 1.6676
590.000000 1.6685
591.000000 1.6695
592.000000 1.6703
593.000000 1.6712
594.000000 1.672
595.000000 1.6728
596.000000 1.6735
597.000000 1.6741
598.000000 1.6747
599.000000 1.6753
600.000000 1.6758
601.000000 1.6763
602.000000 1.6767
603.000000 1.6771
604.000000 1.6775
605.000000 1.6778
606.000000 1.6781
607.000000 1.6784
608.000000 1.6787
609.000000 1.6789
610.000000 1.6791
611.000000 1.6793
612.000000 1.6794
613.000000 1.6796
614.000000 1.6797
615.000000 1.6798
616.000000 1.6799
617.000000 1.6799
618.000000 1.68
619.000000 1.6801
620.000000 1.6801
621.000000 1.6802
622.000000 1.6803
623.000000 1.6803
624.000000 1.6804
625.000000 1.6804
626.000000 1.6805
627.000000 1.6805
628.000000 1.6805
629.000000 1.6806
630.000000 1.6806
631.000000 1.6806
632.000000 1.6805
633.000000 1.6805
634.000000 1.6805
635.000000 1.6805
636.000000 1.6805
637.000000 1.6805
638.000000 1.6805
639.000000 1.6804
640.000000 1.6804
641.000000 1.6804
642.000000 1.6803
643.000000 1.6803
644.000000 1.6802
645.000000 1.6802
646.000000 1.6801
647.000000 1.6801
648.000000 1.6801
649.000000 1.6801
650.000000 1.6808
651.000000 1.6819
652.000000 1.6832
653.000000 1.6845
654.000000 1.6856
655.000000 1.6865
656.000000 1.6872
657.000000 1.6877
658.000000 1.688
659.000000 1.6881
660.000000 1.6882
661.000000 1.6881
662.000000 1.6879
663.000000 1.6876
664.000000 1.6872
665.000000 1.6869
666.000000 1.6864
667.000000 1.686
668.000000 1.6856
669.000000 1.6851
670.000000 1.6847
671.000000 1.6843
672.000000 1.6839
673.000000 1.6835
674.000000 1.6832
675.000000 1.6829
676.000000 1.6825
677.000000 1.6823
678.000000 1.682
679.000000 1.6817
680.000000 1.6815
681.000000 1.6813
682.000000 1.6811
683.000000 1.6809
684.000000 1.6807
685.000000 1.6805
686.000000 1.6803
687.000000 1.6802
688.000000 1.68
689.000000 1.6799
690.000000 1.6798
691.000000 1.6796
692.000000 1.6795
693.000000 1.6794
694.000000 1.6794
695.000000 1.6793
696.000000 1.6792
697.000000 1.6792
698.000000 1.6791
699.000000 1.9442
700.000000 2.2724
701.000000 2.6113
702.000000 2.9553
703.000000 3.3054
704.000000 3.655
705.000000 3.9964
706.000000 4.3297
707.000000 4.6491
708.000000 4.9487
709.000000 5.2238
710.000000 5.4711
711.000000 5.6887
712.000000 5.8756
713.000000 6.0319
714.000000 6.1585
715.000000 6.2568
716.000000 6.3288
717.000000 6.3766
718.000000 6.4027
719.000000 6.4097
720.000000 6.4002
721.000000 6.3768
722.000000 6.3419
723.000000 6.2977
724.000000 6.2466
725.000000 6.1902
726.000000 6.1303
727.000000 6.0684
728.000000 6.0057
729.000000 5.9432
730.000000 5.8818
731.000000 5.8221
732.000000 5.7646
733.000000 5.7096
734.000000 5.6574
735.000000 5.6082
736.000000 5.5619
737.000000 5.5187
738.000000 5.4783
739.000000 5.4408
740.000000 5.4061
741.000000 5.3739
742.000000 5.3441
743.000000 5.3167
744.000000 5.2913
745.000000 5.268
746.000000 5.2466
747.000000 5.2269
748.000000 5.2088
749.000000 5.1922
750.000000 5.177
751.000000 5.1631
752.000000 5.1505
753.000000 5.139
754.000000 5.1286
755.000000 5.1192
756.000000 5.1108
757.000000 5.1033
758.000000 5.0965
759.000000 5.0906
760.000000 5.0854
761.000000 5.0809
762.000000 5.077
763.000000 5.0737
764.000000 5.0709
765.000000 5.0686
766.000000 5.0667
767.000000 5.0653
768.000000 5.0642
769.000000 5.0634
770.000000 5.0629
771.000000 5.0627
772.000000 5.0626
773.000000 5.0628
774.000000 5.0632
775.000000 5.0636
776.000000 5.0642
777.000000 5.0649
778.000000 5.0657
779.000000 5.0665
780.000000 5.0674
781.000000 5.0683
782.000000 5.0692
783.000000 5.0702
784.000000 5.0711
785.000000 5.0721
786.000000 5.073
787.000000 5.0739
788.000000 5.0748
789.000000 5.0756
790.000000 5.0764
791.000000 5.0772
792.000000 5.078
793.000000 5.0787
794.000000 5.0793
795.000000 5.08
796.000000 5.0806
797.000000 5.0811
798.000000 5.0816
799.000000 5.0821
800.000000 5.0826
801.000000 5.083
802.000000 5.0834
803.000000 5.0837
804.000000 5.084
805.000000 5.0843
806.000000 5.0846
807.000000 5.0848
808.000000 5.085
809.000000 5.0852
810.000000 5.0854
811.000000 5.0855
812.000000 5.0856
813.000000 5.0858
814.000000 5.0859
815.000000 5.0859
816.000000 5.086
817.000000 5.0861
818.000000 5.0861
819.000000 5.0862
820.000000 5.0862
821.000000 5.0862
822.000000 5.0863
823.000000 5.0863
824.000000 5.0863
825.000000 5.0863
826.000000 5.0864
827.000000 5.0864
828.000000 5.0864
829.000000 5.0864
830.000000 5.0864
831.000000 5.0864
832.000000 5.0864
833.000000 5.0864
834.000000 5.0864
835.000000 5.0864
836.000000 5.0864
837.000000 5.0864
838.000000 5.0863
839.000000 5.0863
840.000000 5.0863
841.000000 5.0863
842.000000 5.0862
843.000000 5.0862
844.000000 5.0862
845.000000 5.0862
846.000000 5.0861
847.000000 5.0861
848.000000 5.0861
849.000000 5.0862
850.000000 5.0864
851.000000 5.0866
852.000000 5.0869
853.000000 5.0873
854.000000 5.0877
855.000000 5.0881
856.000000 5.0884
857.000000 5.0888
858.000000 5.0892
859.000000 5.0895
860.000000 5.0898
861.000000 5.0901
862.000000 5.0903
863.000000 5.0904
864.000000 5.0906
865.000000 5.0906
866.000000 5.0906
867.000000 5.0906
868.000000 5.0905
869.000000 5.0904
870.000000 5.0902
871.000000 5.0901
872.000000 5.0898
873.000000 5.0896
874.000000 5.0894
875.000000 5.0891
876.000000 5.0889
877.000000 5.0886
878.000000 5.0884
879.000000 5.0881
880.000000 5.0879
881.000000 5.0876
882.000000 5.0874
883.000000 5.0872
884.000000 5.087
885.000000 5.0868
886.000000 5.0866
887.000000 5.0865
888.000000 5.0863
889.000000 5.0862
890.000000 5.086
891.000000 5.0859
892.000000 5.0858
893.000000 5.0857
894.000000 5.0856
895.000000 5.0856
896.000000 5.0855
897.000000 5.0854
898.000000 5.0854
899.000000 5.0854
900.000000 5.0853
901.000000 5.0853
902.000000 5.0853
903.000000 5.0853
904.000000 5.0853
905.000000 5.0853
906.000000 5.0853
907.000000 5.0853
908.000000 5.0853
909.000000 5.0853
910.000000 5.0853
911.000000 5.0853
912.000000 5.0853
913.000000 5.0854
914.000000 5.0854
915.000000 5.0854
916.000000 5.0854
917.000000 5.0855
918.000000 5.0855
919.000000 5.0855
920.000000 5.0855
921.000000 5.0856
922.000000 5.0856
923.000000 5.0856
924.000000 5.0856
925.000000 5.0857
926.000000 5.0857
927.000000 5.0857
928.000000 5.0857
929.000000 5.0857
930.000000 5.0858
931.000000 5.0858
932.000000 5.0858
933.000000 5.0858
934.000000 5.0858
935.000000 5.0858
936.000000 5.0859
937.000000 5.0859
938.000000 5.0859
939.000000 5.0859
940.000000 5.0859
941.000000 5.0859
942.000000 5.0859
943.000000 5.0859
944.000000 5.0859
945.000000 5.0859
946.000000 5.0859
947.000000 5.086
948.000000 5.086
949.000000 5.086
950.000000 5.086
951.000000 5.086
952.000000 5.086
953.000000 5.086
954.000000 5.086
955.000000 5.086
956.000000 5.086
957.000000 5.086
958.000000 5.086
959.000000 5.086
960.000000 5.086
961.000000 5.086
962.000000 5.086
963.000000 5.086
964.000000 5.086
965.000000 5.086
966.000000 5.086
967.000000 5.086
968.000000 5.086
969.000000 5.086
970.000000 5.086
971.000000 5.086
972.000000 5.086
973.000000 5.086
974.000000 5.086
975.000000 5.086
976.000000 5.086
977.000000 5.086
978.000000 5.086
979.000000 5.086
980.000000 5.086
981.000000 5.086
982.000000 5.086
983.000000 5.086
984.000000 5.086
985.000000 5.086
986.000000 5.086
987.000000 5.086
988.000000 5.086
989.000000 5.086
990.000000 5.086
991.000000 5.086
992.000000 5.086
993.000000 5.0859
994.000000 5.0859
995.000000 5.0859
996.000000 5.0859
997.000000 5.0859
998.000000 5.0859
999.000000 5.0859
