0.000000 0
1.000000 0
2.000000 0
3.000000 0
4.000000 0
5.000000 0
6.000000 0
7.000000 0
8.000000 3.6375
9.000000 3.1125
10.000000 3.1875
11.000000 3.2625
12.000000 1.5885
13.000000 -0.0046331
14.000000 -1.3425
15.000000 -2.5407
16.000000 -3.6426
17.000000 -4.3507
18.000000 -4.7635
19.000000 -4.9875
20.000000 -4.7814
21.000000 -4.3615
22.000000 -3.7994
23.000000 -3.1737
24.000000 -2.5201
25.000000 -1.9145
26.000000 -1.3799
27.000000 -0.91619
28.000000 -0.55847
29.000000 -0.29667
30.000000 -0.11636
31.000000 0.0023216
32.000000 0.075516
33.000000 0.12325
34.000000 0.16014
35.000000 0.19319
36.000000 0.23059
37.000000 0.27474
38.000000 0.32469
39.000000 0.37663
40.000000 0.42608
41.000000 0.46777
42.000000 0.49696
43.000000 0.51066
44.000000 0.50683
45.000000 0.48503
46.000000 0.44618
47.000000 0.39246
48.000000 0.32682
49.000000 0.25273
50.000000 0.17375
51.000000 0.093228
52.000000 0.014057
53.000000 -0.061417
54.000000 -0.13147
55.000000 -0.19501
56.000000 -0.25148
57.000000 -0.3008
58.000000 -0.34319
59.000000 -0.37912
60.000000 -0.40915
61.000000 -0.43386
62.000000 -0.4538
63.000000 -0.46943
64.000000 -0.48115
65.000000 -0.48926
66.000000 -0.49401
67.000000 -0.4956
68.000000 -0.49423
69.000000 -0.49009
70.000000 -0.48343
71.000000 -0.4745
72.000000 -0.46363
73.000000 -0.45114
74.000000 -0.43741
75.000000 -0.42281
76.000000 -0.40773
77.000000 -0.39253
78.000000 -0.37754
79.000000 -0.36304
80.000000 -0.34931
81.000000 -0.33652
82.000000 -0.32483
83.000000 -0.31435
84.000000 -0.30514
85.000000 -0.29723
86.000000 -0.29061
87.000000 -0.28524
88.000000 -0.28109
89.000000 -0.27808
90.000000 -0.27615
91.000000 -0.2752
92.000000 -0.27517
93.000000 -0.27595
94.000000 -0.27745
95.000000 -0.27959
96.000000 -0.28227
97.000000 -0.2854
98.000000 -0.28889
99.000000 -0.29265
100.000000 -0.29661
101.000000 -0.30068
102.000000 -0.30479
103.000000 -0.30888
104.000000 -0.31287
105.000000 -0.31672
106.000000 -0.32039
107.000000 -0.32383
108.000000 -0.32702
109.000000 -0.32994
110.000000 -0.33257
111.000000 -0.3349
112.000000 -0.33694
113.000000 -0.33868
114.000000 -0.34015
115.000000 -0.34134
116.000000 -0.34227
117.000000 -0.34297
118.000000 -0.34345
119.000000 -0.34374
120.000000 -0.34386
121.000000 -0.34383
122.000000 -0.34367
123.000000 -0.3434
124.000000 -0.34306
125.000000 -0.34266
126.000000 -0.34221
127.000000 -0.34174
128.000000 -0.34126
129.000000 -0.34079
130.000000 -0.34034
131.000000 -0.33992
132.000000 -0.33954
133.000000 -0.33921
134.000000 -0.33894
135.000000 -0.33872
136.000000 -0.33857
137.000000 -0.33848
138.000000 -0.33845
139.000000 -0.33849
140.000000 -0.33858
141.000000 -0.33874
142.000000 -0.33894
143.000000 -0.33919
144.000000 -0.33949
145.000000 -0.33983
146.000000 -0.3402
147.000000 -0.3406
148.000000 -0.34102
149.000000 -0.34146
150.000000 -0.34191
151.000000 -0.34237
152.000000 -0.34284
153.000000 -0.3433
154.000000 -0.34376
155.000000 -0.34422
156.000000 -0.34466
157.000000 -0.34509
158.000000 -0.34551
159.000000 -0.34591
160.000000 -0.34629
161.000000 -0.34666
162.000000 -0.347
163.000000 -0.34733
164.000000 -0.34764
165.000000 -0.34794
166.000000 -0.34821
167.000000 -0.34847
168.000000 -0.34871
169.000000 -0.34894
170.000000 -0.34915
171.000000 -0.34936
172.000000 -0.34955
173.000000 -0.34973
174.000000 -0.3499
175.000000 -0.35007
176.000000 -0.35023
177.000000 -0.35039
178.000000 -0.35054
179.000000 -0.35069
180.000000 -0.35083
181.000000 -0.35098
182.000000 -0.35112
183.000000 -0.35127
184.000000 -0.35141
185.000000 -0.35156
186.000000 -0.35171
187.000000 -0.35186
188.000000 -0.352
189.000000 -0.35216
190.000000 -0.35231
191.000000 -0.35246
192.000000 -0.35262
193.000000 -0.35277
194.000000 -0.35293
195.000000 -0.35309
196.000000 -0.35325
197.000000 -0.35341
198.000000 -0.35356
199.000000 -0.35372
200.000000 -0.35388
201.000000 5.1022
202.000000 4.3146
203.000000 4.4269
204.000000 4.5393
205.000000 5.701
206.000000 5.4921
207.000000 5.6376
208.000000 5.8689
209.000000 6.1371
210.000000 6.2668
211.000000 6.5334
212.000000 6.8477
213.000000 7.0057
214.000000 7.1102
215.000000 7.1763
216.000000 7.1606
217.000000 7.058
218.000000 6.897
219.000000 6.6811
220.000000 6.4061
221.000000 6.1104
222.000000 5.8064
223.000000 5.5043
224.000000 5.2153
225.000000 4.9506
226.000000 4.7142
227.000000 4.5086
228.000000 4.3371
229.000000 4.1973
230.000000 4.0865
231.000000 4.0017
232.000000 3.9399
233.000000 3.898
234.000000 3.8732
235.000000 3.8637
236.000000 3.8674
237.000000 3.8831
238.000000 3.9099
239.000000 3.947
240.000000 3.9937
241.000000 4.0492
242.000000 4.1126
243.000000 4.1829
244.000000 4.2587
245.000000 4.3388
246.000000 4.4218
247.000000 4.506
248.000000 4.5901
249.000000 4.6727
250.000000 4.7526
251.000000 4.8288
252.000000 4.9004
253.000000 4.9668
254.000000 5.0277
255.000000 5.0829
256.000000 5.1322
257.000000 5.1757
258.000000 5.2137
259.000000 5.2463
260.000000 5.2741
261.000000 5.2972
262.000000 5.3161
263.000000 5.3312
264.000000 5.3429
265.000000 5.3516
266.000000 5.3576
267.000000 5.3614
268.000000 5.3634
269.000000 5.3638
270.000000 5.3631
271.000000 5.3616
272.000000 5.3596
273.000000 5.3573
274.000000 5.3551
275.000000 5.3532
276.000000 5.3518
277.000000 5.3511
278.000000 5.3512
279.000000 5.3522
280.000000 5.3542
281.000000 5.3572
282.000000 5.3614
283.000000 5.3666
284.000000 5.3728
285.000000 5.38
286.000000 5.3882
287.000000 5.3972
288.000000 5.4071
289.000000 5.4176
290.000000 5.4287
291.000000 5.4403
292.000000 5.4524
293.000000 5.4647
294.000000 5.4773
295.000000 5.4901
296.000000 5.5029
297.000000 5.5157
298.000000 5.5284
299.000000 5.5409
300.000000 5.5533
301.000000 12.84
302.000000 11.802
303.000000 11.964
304.000000 12.125
305.000000 12.286
306.000000 11.187
307.000000 10.571
308.000000 10.116
309.000000 9.7513
310.000000 9.4792
311.000000 9.5058
312.000000 9.6854
313.000000 9.9615
314.000000 10.308
315.000000 10.7
316.000000 11.05
317.000000 11.332
318.000000 11.531
319.000000 11.638
320.000000 11.647
321.000000 11.576
322.000000 11.442
323.000000 11.263
324.000000 11.061
325.000000 10.856
326.000000 10.664
327.000000 10.495
328.000000 10.356
329.000000 10.25
330.000000 10.175
331.000000 10.128
332.000000 10.104
333.000000 10.098
334.000000 10.103
335.000000 10.116
336.000000 10.133
337.000000 10.151
338.000000 10.169
339.000000 10.188
340.000000 10.207
341.000000 10.227
342.000000 10.251
343.000000 10.277
344.000000 10.309
345.000000 10.345
346.000000 10.386
347.000000 10.431
348.000000 10.48
349.000000 10.531
350.000000 10.583
351.000000 10.636
352.000000 10.689
353.000000 10.739
354.000000 10.788
355.000000 10.833
356.000000 10.876
357.000000 10.915
358.000000 10.95
359.000000 10.983
360.000000 11.013
361.000000 11.039
362.000000 11.064
363.000000 11.086
364.000000 11.106
365.000000 11.124
366.000000 11.14
367.000000 11.156
368.000000 11.169
369.000000 11.182
370.000000 11.193
371.000000 11.204
372.000000 11.214
373.000000 11.223
374.000000 11.231
375.000000 11.239
376.000000 11.247
377.000000 11.255
378.000000 11.262
379.000000 11.27
380.000000 11.278
381.000000 11.286
382.000000 11.295
383.000000 11.304
384.000000 11.313
385.000000 11.323
386.000000 11.333
387.000000 11.343
388.000000 11.354
389.000000 11.365
390.000000 11.377
391.000000 11.388
392.000000 11.4
393.000000 11.412
394.000000 11.425
395.000000 11.437
396.000000 11.449
397.000000 11.461
398.000000 11.474
399.000000 11.486
400.000000 11.498
401.000000 11.51
402.000000 11.522
403.000000 11.534
404.000000 11.545
405.000000 11.556
406.000000 11.567
407.000000 11.578
408.000000 11.588
409.000000 11.599
410.000000 11.609
411.000000 11.619
412.000000 11.628
413.000000 11.637
414.000000 11.646
415.000000 11.655
416.000000 11.664
417.000000 11.672
418.000000 11.68
419.000000 11.688
420.000000 11.696
421.000000 11.704
422.000000 11.711
423.000000 11.718
424.000000 11.726
425.000000 11.733
426.000000 11.74
427.000000 11.747
428.000000 11.754
429.000000 11.76
430.000000 11.767
431.000000 11.773
432.000000 11.78
433.000000 11.786
434.000000 11.793
435.000000 11.799
436.000000 11.805
437.000000 11.811
438.000000 11.818
439.000000 11.824
440.000000 11.83
441.000000 11.836
442.000000 11.841
443.000000 11.847
444.000000 11.853
445.000000 11.859
446.000000 11.864
447.000000 11.87
448.000000 11.875
449.000000 11.881
450.000000 11.886
451.000000 11.892
452.000000 11.897
453.000000 11.902
454.000000 11.907
455.000000 11.912
456.000000 11.917
457.000000 11.922
458.000000 11.927
459.000000 11.932
460.000000 11.936
461.000000 11.941
462.000000 11.945
463.000000 11.95
464.000000 11.954
465.000000 11.959
466.000000 11.963
467.000000 11.967
468.000000 11.971
469.000000 11.975
470.000000 11.979
471.000000 11.983
472.000000 11.987
473.000000 11.991
474.000000 11.995
475.000000 11.998
476.000000 12.002
477.000000 12.006
478.000000 12.009
479.000000 12.013
480.000000 12.016
481.000000 12.02
482.000000 12.023
483.000000 12.027
484.000000 12.03
485.000000 12.033
486.000000 12.036
487.000000 12.04
488.000000 12.043
489.000000 12.046
490.000000 12.049
491.000000 12.052
492.000000 12.055
493.000000 12.058
494.000000 12.061
495.000000 12.064
496.000000 12.066
497.000000 12.069
498.000000 12.072
499.000000 12.075
500.000000 12.077
501.000000 12.08
502.000000 12.082
503.000000 12.085
504.000000 12.088
505.000000 9.6414
506.000000 8.1899
507.000000 6.7574
508.000000 5.4073
509.000000 4.1289
510.000000 3.3365
511.000000 2.7482
512.000000 2.3168
513.000000 2.4198
514.000000 2.7721
515.000000 3.2923
516.000000 3.9304
517.000000 4.6545
518.000000 5.3694
519.000000 6.0499
520.000000 6.6989
521.000000 7.2557
522.000000 7.722
523.000000 8.1056
524.000000 8.4188
525.000000 8.6703
526.000000 8.8774
527.000000 9.0531
528.000000 9.2023
529.000000 9.3346
530.000000 9.4543
531.000000 9.5625
532.000000 9.6573
533.000000 9.7363
534.000000 9.7961
535.000000 9.8332
536.000000 9.846
537.000000 9.8332
538.000000 9.7951
539.000000 9.733
540.000000 9.6497
541.000000 9.5485
542.000000 9.4335
543.000000 9.3092
544.000000 9.1795
545.000000 9.0483
546.000000 8.9189
547.000000 8.794
548.000000 8.6757
549.000000 8.5655
550.000000 8.4642
551.000000 8.3723
552.000000 8.2899
553.000000 8.2168
554.000000 8.1527
555.000000 8.0972
556.000000 8.0499
557.000000 8.0103
558.000000 7.9781
559.000000 7.9527
560.000000 7.9337
561.000000 7.9208
562.000000 7.9134
563.000000 7.9111
564.000000 7.9133
565.000000 7.9194
566.000000 7.9289
567.000000 7.9411
568.000000 7.9554
569.000000 7.9712
570.000000 7.9878
571.000000 8.0048
572.000000 8.0216
573.000000 8.0378
574.000000 8.053
575.000000 8.0668
576.000000 8.0791
577.000000 8.0897
578.000000 8.0985
579.000000 8.1053
580.000000 8.1102
581.000000 8.1131
582.000000 8.1142
583.000000 8.1135
584.000000 8.1111
585.000000 8.1071
586.000000 8.1017
587.000000 8.0949
588.000000 8.087
589.000000 8.0781
590.000000 8.0683
591.000000 8.0577
592.000000 8.0467
593.000000 8.0352
594.000000 8.0234
595.000000 8.0115
596.000000 7.9996
597.000000 7.9877
598.000000 7.9761
599.000000 7.9647
600.000000 7.9537
601.000000 7.943
602.000000 7.9329
603.000000 7.9232
604.000000 7.9141
605.000000 7.9055
606.000000 7.8974
607.000000 7.8899
608.000000 7.8829
609.000000 7.8764
610.000000 7.8704
611.000000 7.8649
612.000000 7.8597
613.000000 7.855
614.000000 7.8506
615.000000 7.8465
616.000000 7.8426
617.000000 7.8391
618.000000 7.8357
619.000000 7.8325
620.000000 7.8294
621.000000 7.8264
622.000000 7.8235
623.000000 7.8206
624.000000 7.8178
625.000000 7.8149
626.000000 7.8121
627.000000 7.8092
628.000000 7.8063
629.000000 7.8033
630.000000 7.8003
631.000000 7.7972
632.000000 7.794
633.000000 7.7909
634.000000 7.7876
635.000000 7.7843
636.000000 7.781
637.000000 7.7776
638.000000 7.7742
639.000000 7.7707
640.000000 7.7673
641.000000 7.7638
642.000000 7.7603
643.000000 7.7569
644.000000 7.7534
645.000000 7.75
646.000000 7.7466
647.000000 7.7432
648.000000 7.7399
649.000000 7.7366
650.000000 7.7334
651.000000 7.7302
652.000000 7.7271
653.000000 7.724
654.000000 7.721
655.000000 7.7181
656.000000 7.7152
657.000000 7.7124
658.000000 7.7096
659.000000 7.707
660.000000 7.7043
661.000000 7.7017
662.000000 7.6992
663.000000 7.6967
664.000000 7.6943
665.000000 7.6919
666.000000 7.6896
667.000000 7.6873
668.000000 7.6851
669.000000 7.6829
670.000000 7.6807
671.000000 7.6786
672.000000 7.6765
673.000000 7.6744
674.000000 7.6724
675.000000 7.6704
676.000000 7.6684
677.000000 7.6664
678.000000 7.6645
679.000000 7.6626
680.000000 7.6607
681.000000 7.6588
682.000000 7.6569
683.000000 7.6551
684.000000 7.6533
685.000000 7.6515
686.000000 7.6497
687.000000 7.648
688.000000 7.6462
689.000000 7.6445
690.000000 7.6428
691.000000 7.6411
692.000000 7.6395
693.000000 7.6378
694.000000 7.6362
695.000000 7.6346
696.000000 7.633
697.000000 7.6315
698.000000 7.6299
699.000000 7.6284
700.000000 -3.2856
701.000000 -1.7121
702.000000 -1.9385
703.000000 -2.165
704.000000 -2.3914
705.000000 -0.72908
706.000000 0.20826
707.000000 0.90321
708.000000 1.4632
709.000000 1.8832
710.000000 1.8547
711.000000 1.5962
712.000000 1.1925
713.000000 0.68187
714.000000 0.10423
715.000000 -0.41118
716.000000 -0.82614
717.000000 -1.1166
718.000000 -1.2677
719.000000 -1.2736
720.000000 -1.159
721.000000 -0.95045
722.000000 -0.67473
723.000000 -0.36479
724.000000 -0.050624
725.000000 0.24501
726.000000 0.5059
727.000000 0.72134
728.000000 0.88785
729.000000 1.0073
730.000000 1.0845
731.000000 1.1271
732.000000 1.1435
733.000000 1.142
734.000000 1.1295
735.000000 1.1114
736.000000 1.0913
737.000000 1.0707
738.000000 1.05
739.000000 1.0283
740.000000 1.0043
741.000000 0.97627
742.000000 0.94264
743.000000 0.90234
744.000000 0.85481
745.000000 0.80012
746.000000 0.73892
747.000000 0.67235
748.000000 0.60187
749.000000 0.52913
750.000000 0.4558
751.000000 0.38343
752.000000 0.31339
753.000000 0.24674
754.000000 0.18427
755.000000 0.12646
756.000000 0.073526
757.000000 0.025452
758.000000 -0.017939
759.000000 -0.056938
760.000000 -0.091901
761.000000 -0.12321
762.000000 -0.15123
763.000000 -0.1763
764.000000 -0.19873
765.000000 -0.21878
766.000000 -0.23669
767.000000 -0.25266
768.000000 -0.2669
769.000000 -0.27958
770.000000 -0.29091
771.000000 -0.30108
772.000000 -0.31028
773.000000 -0.31874
774.000000 -0.32666
775.000000 -0.33424
776.000000 -0.34169
777.000000 -0.34918
778.000000 -0.35688
779.000000 -0.36493
780.000000 -0.37343
781.000000 -0.38246
782.000000 -0.3921
783.000000 -0.40237
784.000000 -0.41328
785.000000 -0.42482
786.000000 -0.43696
787.000000 -0.44968
788.000000 -0.46292
789.000000 -0.47662
790.000000 -0.49074
791.000000 -0.50521
792.000000 -0.51997
793.000000 -0.53495
794.000000 -0.5501
795.000000 -0.56535
796.000000 -0.58066
797.000000 -0.59595
798.000000 -0.61119
799.000000 -0.62633
800.000000 -0.64132
801.000000 -0.65611
802.000000 -0.67068
803.000000 -0.68499
804.000000 -0.69902
805.000000 -0.71274
806.000000 -0.72614
807.000000 -0.73921
808.000000 -0.75193
809.000000 -0.76431
810.000000 -0.77635
811.000000 -0.78804
812.000000 -0.79941
813.000000 -0.81045
814.000000 -0.82119
815.000000 -0.83163
816.000000 -0.84179
817.000000 -0.85168
818.000000 -0.86133
819.000000 -0.87075
820.000000 -0.87996
821.000000 -0.88898
822.000000 -0.89781
823.000000 -0.90648
824.000000 -0.915
825.000000 -0.92339
826.000000 -0.93165
827.000000 -0.9398
828.000000 -0.94785
829.000000 -0.9558
830.000000 -0.96367
831.000000 -0.97146
832.000000 -0.97918
833.000000 -0.98683
834.000000 -0.99441
835.000000 -1.0019
836.000000 -1.0094
837.000000 -1.0168
838.000000 -1.0241
839.000000 -1.0314
840.000000 -1.0386
841.000000 -1.0457
842.000000 -1.0528
843.000000 -1.0598
844.000000 -1.0667
845.000000 -1.0736
846.000000 -1.0804
847.000000 -1.0871
848.000000 -1.0937
849.000000 -1.1003
850.000000 -1.1068
851.000000 -1.1131
852.000000 -1.1194
853.000000 -1.1256
854.000000 -1.1318
855.000000 -1.1378
856.000000 -1.1437
857.000000 -1.1496
858.000000 -1.1554
859.000000 -1.161
860.000000 -1.1666
861.000000 -1.1722
862.000000 -1.1776
863.000000 -1.1829
864.000000 -1.1882
865.000000 -1.1934
866.000000 -1.1985
867.000000 -1.2035
868.000000 -1.2084
869.000000 -1.2133
870.000000 -1.2181
871.000000 -1.2228
872.000000 -1.2275
873.000000 -1.2321
874.000000 -1.2366
875.000000 -1.2411
876.000000 -1.2455
877.000000 -1.2498
878.000000 -1.2541
879.000000 -1.2583
880.000000 -1.2625
881.000000 -1.2666
882.000000 -1.2707
883.000000 -1.2747
884.000000 -1.2786
885.000000 -1.2825
886.000000 -1.2864
887.000000 -1.2902
888.000000 -1.2939
889.000000 -1.2976
890.000000 -1.3013
891.000000 -1.3049
892.000000 -1.3085
893.000000 -1.312
894.000000 -1.3154
895.000000 -1.3189
896.000000 -1.3222
897.000000 -1.3256
898.000000 -1.3288
899.000000 -1.3321
900.000000 -1.3353
901.000000 -1.3384
902.000000 -1.3415
903.000000 -1.3446
904.000000 -1.3476
905.000000 -1.3506
906.000000 -1.3535
907.000000 -1.3565
908.000000 -1.3593
909.000000 -1.3621
910.000000 -1.3649
911.000000 -1.3677
912.000000 -1.3704
913.000000 -1.373
914.000000 -1.3757
915.000000 -1.3783
916.000000 -1.3808
917.000000 -1.3834
918.000000 -1.3858
919.000000 -1.3883
920.000000 -1.3907
921.000000 -1.3931
922.000000 -1.3955
923.000000 -1.3978
924.000000 -1.4001
925.000000 -1.4023
926.000000 -1.4046
927.000000 -1.4068
928.000000 -1.4089
929.000000 -1.4111
930.000000 -1.4132
931.000000 -1.4153
932.000000 -1.4173
933.000000 -1.4194
934.000000 -1.4213
935.000000 -1.4233
936.000000 -1.4253
937.000000 -1.4272
938.000000 -1.4291
939.000000 -1.4309
940.000000 -1.4328
941.000000 -1.4346
942.000000 -1.4364
943.000000 -1.4381
944.000000 -1.4399
945.000000 -1.4416
946.000000 -1.4433
947.000000 -1.445
948.000000 -1.4466
949.000000 -1.4483
950.000000 -1.4499
951.000000 -1.4514
952.000000 -1.453
953.000000 -1.4545
954.000000 -1.4561
955.000000 -1.4576
956.000000 -1.459
957.000000 -1.4605
958.000000 -1.4619
959.000000 -1.4633
960.000000 -1.4647
961.000000 -1.4661
962.000000 -1.4675
963.000000 -1.4688
964.000000 -1.4702
965.000000 -1.4715
966.000000 -1.4727
967.000000 -1.474
968.000000 -1.4753
969.000000 -1.4765
970.000000 -1.4777
971.000000 -1.4789
972.000000 -1.4801
973.000000 -1.4813
974.000000 -1.4824
975.000000 -1.4836
976.000000 -1.4847
977.000000 -1.4858
978.000000 -1.4869
979.000000 -1.488
980.000000 -1.489
981.000000 -1.4901
982.000000 -1.4911
983.000000 -1.4921
984.000000 -1.4931
985.000000 -1.4941
986.000000 -1.4951
987.000000 -1.4961
988.000000 -1.497
989.000000 -1.498
990.000000 -1.4989
991.000000 -1.4998
992.000000 -1.5007
993.000000 -1.5016
994.000000 -1.5025
995.000000 -1.5033
996.000000 -1.5042
997.000000 -1.505
998.000000 -1.5059
999.000000 -1.5067
