0.000000 0
1.000000 0
2.000000 0
3.000000 0
4.000000 0
5.000000 0
6.000000 0
7.000000 0
8.000000 0
9.000000 0
10.000000 0
11.000000 0.96166
12.000000 2.0176
13.000000 2.927
14.000000 3.7167
15.000000 4.4175
16.000000 4.8725
17.000000 5.1153
18.000000 5.2143
19.000000 5.051
20.000000 4.7303
21.000000 4.3121
22.000000 3.8514
23.000000 3.3779
24.000000 2.9384
25.000000 2.5526
26.000000 2.2226
27.000000 1.9669
28.000000 1.7815
29.000000 1.6562
30.000000 1.5774
31.000000 1.5329
32.000000 1.5089
33.000000 1.4948
34.000000 1.4847
35.000000 1.4731
36.000000 1.4578
37.000000 1.439
38.000000 1.4189
39.000000 1.4004
40.000000 1.3868
41.000000 1.3811
42.000000 1.3854
43.000000 1.4009
44.000000 1.4278
45.000000 1.4654
46.000000 1.5121
47.000000 1.566
48.000000 1.6246
49.000000 1.6854
50.000000 1.7462
51.000000 1.805
52.000000 1.8602
53.000000 1.9107
54.000000 1.9558
55.000000 1.9952
56.000000 2.0289
57.000000 2.0572
58.000000 2.0804
59.000000 2.0991
60.000000 2.1138
61.000000 2.1248
62.000000 2.1326
63.000000 2.1376
64.000000 2.1401
65.000000 2.1402
66.000000 2.1382
67.000000 2.1343
68.000000 2.1286
69.000000 2.1213
70.000000 2.1127
71.000000 2.103
72.000000 2.0924
73.000000 2.0812
74.000000 2.0697
75.000000 2.058
76.000000 2.0465
77.000000 2.0355
78.000000 2.0249
79.000000 2.0151
80.000000 2.0062
81.000000 1.9981
82.000000 1.9911
83.000000 1.985
84.000000 1.98
85.000000 1.9759
86.000000 1.9728
87.000000 1.9706
88.000000 1.9692
89.000000 1.9685
90.000000 1.9685
91.000000 1.9692
92.000000 1.9703
93.000000 1.972
94.000000 1.974
95.000000 1.9763
96.000000 1.9789
97.000000 1.9817
98.000000 1.9846
99.000000 1.9876
100.000000 1.9906
101.000000 1.9935
102.000000 1.9964
103.000000 1.9991
104.000000 2.0017
105.000000 2.0041
106.000000 2.0063
107.000000 2.0083
108.000000 2.0101
109.000000 2.0116
110.000000 2.0129
111.000000 2.014
112.000000 2.0148
113.000000 2.0154
114.000000 2.0159
115.000000 2.0161
116.000000 2.0162
117.000000 2.0162
118.000000 2.016
119.000000 2.0157
120.000000 2.0153
121.000000 2.0148
122.000000 2.0143
123.000000 2.0137
124.000000 2.0131
125.000000 2.0125
126.000000 2.0119
127.000000 2.0113
128.000000 2.0107
129.000000 2.0101
130.000000 2.0096
131.000000 2.0091
132.000000 2.0087
133.000000 2.0083
134.000000 2.0079
135.000000 2.0076
136.000000 2.0073
137.000000 2.0071
138.000000 2.007
139.000000 2.0069
140.000000 2.0068
141.000000 2.0067
142.000000 2.0067
143.000000 2.0068
144.000000 2.0068
145.000000 2.0069
146.000000 2.007
147.000000 2.0071
148.000000 2.0072
149.000000 2.0073
150.000000 2.0074
151.000000 2.0075
152.000000 2.0077
153.000000 2.0078
154.000000 2.0079
155.000000 2.008
156.000000 2.0081
157.000000 2.0082
158.000000 2.0082
159.000000 2.0083
160.000000 2.0083
161.000000 2.0083
162.000000 2.0084
163.000000 2.0084
164.000000 2.0083
165.000000 2.0083
166.000000 2.0083
167.000000 2.0082
168.000000 2.0082
169.000000 2.0081
170.000000 2.0081
171.000000 2.008
172.000000 2.0079
173.000000 2.0078
174.000000 2.0078
175.000000 2.0077
176.000000 2.0076
177.000000 2.0075
178.000000 2.0074
179.000000 2.0073
180.000000 2.0072
181.000000 2.0072
182.000000 2.0071
183.000000 2.007
184.000000 2.0069
185.000000 2.0068
186.000000 2.0068
187.000000 2.0067
188.000000 2.0066
189.000000 2.0066
190.000000 2.0065
191.000000 2.0064
192.000000 2.0064
193.000000 2.0063
194.000000 2.0063
195.000000 2.0062
196.000000 2.0062
197.000000 2.0061
198.000000 2.0061
199.000000 2.006
200.000000 2.006
201.000000 2.0059
202.000000 2.0059
203.000000 2.0059
204.000000 1.4288
205.000000 1.5221
206.000000 1.5292
207.000000 1.4748
208.000000 1.391
209.000000 1.3803
210.000000 1.3066
211.000000 1.1978
212.000000 1.1714
213.000000 1.1885
214.000000 1.2336
215.000000 1.3273
216.000000 1.4749
217.000000 1.6604
218.000000 1.8786
219.000000 2.1301
220.000000 2.3934
221.000000 2.6577
222.000000 2.9157
223.000000 3.1601
224.000000 3.3839
225.000000 3.5842
226.000000 3.7594
227.000000 3.9082
228.000000 4.0321
229.000000 4.1334
230.000000 4.2147
231.000000 4.2782
232.000000 4.3266
233.000000 4.3621
234.000000 4.3863
235.000000 4.4009
236.000000 4.4071
237.000000 4.4056
238.000000 4.3972
239.000000 4.3826
240.000000 4.3624
241.000000 4.3373
242.000000 4.3082
243.000000 4.276
244.000000 4.2415
245.000000 4.2059
246.000000 4.1701
247.000000 4.135
248.000000 4.1017
249.000000 4.0708
250.000000 4.043
251.000000 4.0187
252.000000 3.9984
253.000000 3.9822
254.000000 3.9702
255.000000 3.9624
256.000000 3.9586
257.000000 3.9585
258.000000 3.962
259.000000 3.9688
260.000000 3.9784
261.000000 3.9907
262.000000 4.0052
263.000000 4.0217
264.000000 4.0398
265.000000 4.0593
266.000000 4.0798
267.000000 4.1011
268.000000 4.1229
269.000000 4.1449
270.000000 4.167
271.000000 4.189
272.000000 4.2105
273.000000 4.2316
274.000000 4.252
275.000000 4.2715
276.000000 4.2902
277.000000 4.3078
278.000000 4.3245
279.000000 4.34
280.000000 4.3545
281.000000 4.3679
282.000000 4.3803
283.000000 4.3917
284.000000 4.4022
285.000000 4.4117
286.000000 4.4205
287.000000 4.4285
288.000000 4.4358
289.000000 4.4425
290.000000 4.4487
291.000000 4.4545
292.000000 4.4599
293.000000 4.465
294.000000 4.4699
295.000000 4.4745
296.000000 4.4791
297.000000 4.4836
298.000000 4.4881
299.000000 4.4926
300.000000 4.4972
301.000000 4.5018
302.000000 4.5065
303.000000 4.5114
304.000000 4.5163
305.000000 5.2137
306.000000 5.7454
307.000000 6.1502
308.000000 6.4764
309.000000 6.7319
310.000000 6.8061
311.000000 6.7649
312.000000 6.6524
313.000000 6.4914
314.000000 6.3014
315.000000 6.1334
316.000000 6.0094
317.000000 5.9411
318.000000 5.9345
319.000000 5.9915
320.000000 6.1021
321.000000 6.2538
322.000000 6.4337
323.000000 6.6273
324.000000 6.8206
325.000000 7.0032
326.000000 7.1675
327.000000 7.3088
328.000000 7.4255
329.000000 7.5184
330.000000 7.59
331.000000 7.644
332.000000 7.6843
333.000000 7.715
334.000000 7.7395
335.000000 7.7603
336.000000 7.7794
337.000000 7.7976
338.000000 7.8153
339.000000 7.8322
340.000000 7.8478
341.000000 7.8613
342.000000 7.8722
343.000000 7.8801
344.000000 7.8846
345.000000 7.8859
346.000000 7.8842
347.000000 7.8802
348.000000 7.8745
349.000000 7.8678
350.000000 7.8609
351.000000 7.8545
352.000000 7.8491
353.000000 7.8454
354.000000 7.8436
355.000000 7.8438
356.000000 7.8462
357.000000 7.8508
358.000000 7.8573
359.000000 7.8657
360.000000 7.8758
361.000000 7.8872
362.000000 7.8999
363.000000 7.9137
364.000000 7.9284
365.000000 7.9438
366.000000 7.9598
367.000000 7.9763
368.000000 7.9933
369.000000 8.0105
370.000000 8.028
371.000000 8.0456
372.000000 8.0632
373.000000 8.0808
374.000000 8.0982
375.000000 8.1154
376.000000 8.1322
377.000000 8.1487
378.000000 8.1647
379.000000 8.1801
380.000000 8.1951
381.000000 8.2094
382.000000 8.2232
383.000000 8.2363
384.000000 8.2489
385.000000 8.2609
386.000000 8.2724
387.000000 8.2833
388.000000 8.2937
389.000000 8.3037
390.000000 8.3133
391.000000 8.3225
392.000000 8.3314
393.000000 8.3399
394.000000 8.3482
395.000000 8.3562
396.000000 8.3641
397.000000 8.3717
398.000000 8.3792
399.000000 8.3866
400.000000 8.3939
401.000000 8.4011
402.000000 8.4082
403.000000 8.4153
404.000000 8.4223
405.000000 8.4294
406.000000 8.4364
407.000000 8.4434
408.000000 8.4503
409.000000 8.4573
410.000000 8.4643
411.000000 8.4713
412.000000 8.4782
413.000000 8.4852
414.000000 8.4921
415.000000 8.499
416.000000 8.5059
417.000000 8.5127
418.000000 8.5195
419.000000 8.5262
420.000000 8.5329
421.000000 8.5395
422.000000 8.546
423.000000 8.5525
424.000000 8.5589
425.000000 8.5652
426.000000 8.5714
427.000000 8.5775
428.000000 8.5836
429.000000 8.5895
430.000000 8.5953
431.000000 8.6011
432.000000 8.6067
433.000000 8.6123
434.000000 8.6177
435.000000 8.6231
436.000000 8.6283
437.000000 8.6335
438.000000 8.6386
439.000000 8.6435
440.000000 8.6484
441.000000 8.6533
442.000000 8.658
443.000000 8.6627
444.000000 8.6672
445.000000 8.6718
446.000000 8.6762
447.000000 8.6806
448.000000 8.6849
449.000000 8.6891
450.000000 8.6933
451.000000 8.6975
452.000000 8.7015
453.000000 8.7056
454.000000 8.7095
455.000000 8.7135
456.000000 8.7173
457.000000 8.7211
458.000000 8.7249
459.000000 8.7286
460.000000 8.7323
461.000000 8.736
462.000000 8.7395
463.000000 8.7431
464.000000 8.7466
465.000000 8.75
466.000000 8.7535
467.000000 8.7568
468.000000 8.7602
469.000000 8.7634
470.000000 8.7667
471.000000 8.7699
472.000000 8.773
473.000000 8.7762
474.000000 8.7792
475.000000 8.7823
476.000000 8.7853
477.000000 8.7882
478.000000 8.7911
479.000000 8.794
480.000000 8.7968
481.000000 8.7996
482.000000 8.8024
483.000000 8.8051
484.000000 8.8077
485.000000 8.8104
486.000000 8.813
487.000000 8.8155
488.000000 8.8181
489.000000 8.8205
490.000000 8.823
491.000000 8.8254
492.000000 8.8278
493.000000 8.8302
494.000000 8.8325
495.000000 8.8348
496.000000 8.837
497.000000 8.8393
498.000000 8.8414
499.000000 8.8436
500.000000 8.8457
501.000000 8.8478
502.000000 8.8499
503.000000 8.852
504.000000 10.2
505.000000 11.196
506.000000 12.103
507.000000 12.931
508.000000 13.689
509.000000 14.153
510.000000 14.447
511.000000 14.62
512.000000 14.476
513.000000 14.146
514.000000 13.699
515.000000 13.178
516.000000 12.608
517.000000 12.046
518.000000 11.517
519.000000 11.02
520.000000 10.591
521.000000 10.231
522.000000 9.935
523.000000 9.6948
524.000000 9.5026
525.000000 9.3466
526.000000 9.2171
527.000000 9.1093
528.000000 9.0165
529.000000 8.935
530.000000 8.8634
531.000000 8.8024
532.000000 8.7529
533.000000 8.717
534.000000 8.6965
535.000000 8.6923
536.000000 8.705
537.000000 8.7341
538.000000 8.7785
539.000000 8.8363
540.000000 8.9048
541.000000 8.9813
542.000000 9.0626
543.000000 9.1461
544.000000 9.229
545.000000 9.3091
546.000000 9.3846
547.000000 9.4541
548.000000 9.5168
549.000000 9.5722
550.000000 9.6201
551.000000 9.6605
552.000000 9.6938
553.000000 9.7202
554.000000 9.7402
555.000000 9.7542
556.000000 9.7628
557.000000 9.7662
558.000000 9.7649
559.000000 9.7594
560.000000 9.7499
561.000000 9.7369
562.000000 9.7209
563.000000 9.7022
564.000000 9.6812
565.000000 9.6585
566.000000 9.6345
567.000000 9.6096
568.000000 9.5842
569.000000 9.5588
570.000000 9.5338
571.000000 9.5094
572.000000 9.486
573.000000 9.4638
574.000000 9.4429
575.000000 9.4236
576.000000 9.4058
577.000000 9.3897
578.000000 9.3753
579.000000 9.3625
580.000000 9.3513
581.000000 9.3416
582.000000 9.3333
583.000000 9.3264
584.000000 9.3207
585.000000 9.3162
586.000000 9.3126
587.000000 9.3099
588.000000 9.308
589.000000 9.3067
590.000000 9.306
591.000000 9.3056
592.000000 9.3056
593.000000 9.3058
594.000000 9.306
595.000000 9.3063
596.000000 9.3066
597.000000 9.3067
598.000000 9.3067
599.000000 9.3064
600.000000 9.3059
601.000000 9.3051
602.000000 9.3039
603.000000 9.3025
604.000000 9.3008
605.000000 9.2987
606.000000 9.2964
607.000000 9.2937
608.000000 9.2908
609.000000 9.2876
610.000000 9.2842
611.000000 9.2806
612.000000 9.2768
613.000000 9.2729
614.000000 9.2689
615.000000 9.2648
616.000000 9.2606
617.000000 9.2564
618.000000 9.2522
619.000000 9.248
620.000000 9.2439
621.000000 9.2398
622.000000 9.2357
623.000000 9.2318
624.000000 9.2279
625.000000 9.2241
626.000000 9.2205
627.000000 9.2169
628.000000 9.2135
629.000000 9.2102
630.000000 9.207
631.000000 9.2039
632.000000 9.201
633.000000 9.1981
634.000000 9.1954
635.000000 9.1927
636.000000 9.1902
637.000000 9.1877
638.000000 9.1853
639.000000 9.183
640.000000 9.1808
641.000000 9.1786
642.000000 9.1764
643.000000 9.1744
644.000000 9.1723
645.000000 9.1703
646.000000 9.1683
647.000000 9.1663
648.000000 9.1644
649.000000 9.1624
650.000000 9.1605
651.000000 9.1586
652.000000 9.1567
653.000000 9.1548
654.000000 9.1529
655.000000 9.151
656.000000 9.1492
657.000000 9.1473
658.000000 9.1454
659.000000 9.1436
660.000000 9.1417
661.000000 9.1399
662.000000 9.1381
663.000000 9.1362
664.000000 9.1344
665.000000 9.1326
666.000000 9.1309
667.000000 9.1291
668.000000 9.1274
669.000000 9.1256
670.000000 9.1239
671.000000 9.1223
672.000000 9.1206
673.000000 9.119
674.000000 9.1173
675.000000 9.1157
676.000000 9.1142
677.000000 9.1126
678.000000 9.1111
679.000000 9.1096
680.000000 9.1081
681.000000 9.1067
682.000000 9.1052
683.000000 9.1038
684.000000 9.1025
685.000000 9.1011
686.000000 9.0997
687.000000 9.0984
688.000000 9.0971
689.000000 9.0958
690.000000 9.0946
691.000000 9.0933
692.000000 9.0921
693.000000 9.0909
694.000000 9.0897
695.000000 9.0885
696.000000 9.0874
697.000000 9.0862
698.000000 9.0851
699.000000 9.084
700.000000 9.0829
701.000000 9.0818
702.000000 9.0807
703.000000 9.0796
704.000000 8.0401
705.000000 7.2494
706.000000 6.6492
707.000000 6.1671
708.000000 5.7913
709.000000 5.6875
710.000000 5.757
711.000000 5.9337
712.000000 6.183
713.000000 6.4762
714.000000 6.7362
715.000000 6.9302
716.000000 7.0409
717.000000 7.0589
718.000000 6.9814
719.000000 6.8236
720.000000 6.604
721.000000 6.3419
722.000000 6.0593
723.000000 5.7769
724.000000 5.5105
725.000000 5.2714
726.000000 5.0666
727.000000 4.8987
728.000000 4.7662
729.000000 4.6655
730.000000 4.5911
731.000000 4.537
732.000000 4.4972
733.000000 4.4666
734.000000 4.4413
735.000000 4.4185
736.000000 4.3968
737.000000 4.3758
738.000000 4.3559
739.000000 4.3378
740.000000 4.3227
741.000000 4.3114
742.000000 4.3047
743.000000 4.3028
744.000000 4.3057
745.000000 4.3129
746.000000 4.3236
747.000000 4.3368
748.000000 4.3515
749.000000 4.3663
750.000000 4.3804
751.000000 4.3928
752.000000 4.4027
753.000000 4.4098
754.000000 4.4137
755.000000 4.4143
756.000000 4.4117
757.000000 4.406
758.000000 4.3975
759.000000 4.3865
760.000000 4.3733
761.000000 4.3582
762.000000 4.3415
763.000000 4.3234
764.000000 4.3042
765.000000 4.284
766.000000 4.2629
767.000000 4.2413
768.000000 4.2191
769.000000 4.1965
770.000000 4.1737
771.000000 4.1508
772.000000 4.1279
773.000000 4.1053
774.000000 4.0829
775.000000 4.061
776.000000 4.0396
777.000000 4.0189
778.000000 3.9989
779.000000 3.9797
780.000000 3.9613
781.000000 3.9437
782.000000 3.927
783.000000 3.9111
784.000000 3.8961
785.000000 3.8818
786.000000 3.8682
787.000000 3.8554
788.000000 3.8432
789.000000 3.8315
790.000000 3.8204
791.000000 3.8098
792.000000 3.7996
793.000000 3.7897
794.000000 3.7802
795.000000 3.771
796.000000 3.762
797.000000 3.7531
798.000000 3.7445
799.000000 3.7359
800.000000 3.7275
801.000000 3.7191
802.000000 3.7108
803.000000 3.7025
804.000000 3.6941
805.000000 3.6858
806.000000 3.6775
807.000000 3.6691
808.000000 3.6608
809.000000 3.6524
810.000000 3.644
811.000000 3.6356
812.000000 3.6272
813.000000 3.6187
814.000000 3.6103
815.000000 3.6019
816.000000 3.5936
817.000000 3.5853
818.000000 3.577
819.000000 3.5688
820.000000 3.5607
821.000000 3.5527
822.000000 3.5447
823.000000 3.5368
824.000000 3.5291
825.000000 3.5214
826.000000 3.5139
827.000000 3.5065
828.000000 3.4992
829.000000 3.492
830.000000 3.485
831.000000 3.4781
832.000000 3.4713
833.000000 3.4646
834.000000 3.4581
835.000000 3.4516
836.000000 3.4453
837.000000 3.4391
838.000000 3.4331
839.000000 3.4271
840.000000 3.4212
841.000000 3.4155
842.000000 3.4098
843.000000 3.4042
844.000000 3.3988
845.000000 3.3934
846.000000 3.3881
847.000000 3.3828
848.000000 3.3777
849.000000 3.3726
850.000000 3.3676
851.000000 3.3626
852.000000 3.3578
853.000000 3.3529
854.000000 3.3482
855.000000 3.3435
856.000000 3.3389
857.000000 3.3343
858.000000 3.3297
859.000000 3.3253
860.000000 3.3209
861.000000 3.3165
862.000000 3.3122
863.000000 3.3079
864.000000 3.3037
865.000000 3.2996
866.000000 3.2955
867.000000 3.2914
868.000000 3.2874
869.000000 3.2835
870.000000 3.2796
871.000000 3.2758
872.000000 3.272
873.000000 3.2682
874.000000 3.2645
875.000000 3.2609
876.000000 3.2573
877.000000 3.2538
878.000000 3.2503
879.000000 3.2468
880.000000 3.2434
881.000000 3.2401
882.000000 3.2368
883.000000 3.2335
884.000000 3.2303
885.000000 3.2272
886.000000 3.224
887.000000 3.221
888.000000 3.2179
889.000000 3.215
890.000000 3.212
891.000000 3.2091
892.000000 3.2062
893.000000 3.2034
894.000000 3.2006
895.000000 3.1979
896.000000 3.1952
897.000000 3.1925
898.000000 3.1899
899.000000 3.1873
900.000000 3.1848
901.000000 3.1822
902.000000 3.1798
903.000000 3.1773
904.000000 3.1749
905.000000 3.1725
906.000000 3.1701
907.000000 3.1678
908.000000 3.1655
909.000000 3.1633
910.000000 3.161
911.000000 3.1588
912.000000 3.1567
913.000000 3.1545
914.000000 3.1524
915.000000 3.1503
916.000000 3.1483
917.000000 3.1462
918.000000 3.1442
919.000000 3.1423
920.000000 3.1403
921.000000 3.1384
922.000000 3.1365
923.000000 3.1347
924.000000 3.1328
925.000000 3.131
926.000000 3.1292
927.000000 3.1274
928.000000 3.1257
929.000000 3.124
930.000000 3.1223
931.000000 3.1206
932.000000 3.119
933.000000 3.1173
934.000000 3.1157
935.000000 3.1141
936.000000 3.1126
937.000000 3.111
938.000000 3.1095
939.000000 3.108
940.000000 3.1066
941.000000 3.1051
942.000000 3.1037
943.000000 3.1022
944.000000 3.1008
945.000000 3.0995
946.000000 3.0981
947.000000 3.0968
948.000000 3.0954
949.000000 3.0941
950.000000 3.0929
951.000000 3.0916
952.000000 3.0903
953.000000 3.0891
954.000000 3.0879
955.000000 3.0867
956.000000 3.0855
957.000000 3.0843
958.000000 3.0832
959.000000 3.082
960.000000 3.0809
961.000000 3.0798
962.000000 3.0787
963.000000 3.0777
964.000000 3.0766
965.000000 3.0756
966.000000 3.0745
967.000000 3.0735
968.000000 3.0725
969.000000 3.0715
970.000000 3.0705
971.000000 3.0696
972.000000 3.0686
973.000000 3.0677
974.000000 3.0668
975.000000 3.0658
976.000000 3.0649
977.000000 3.0641
978.000000 3.0632
979.000000 3.0623
980.000000 3.0615
981.000000 3.0606
982.000000 3.0598
983.000000 3.059
984.000000 3.0582
985.000000 3.0574
986.000000 3.0566
987.000000 3.0558
988.000000 3.0551
989.000000 3.0543
990.000000 3.0536
991.000000 3.0528
992.000000 3.0521
993.000000 3.0514
994.000000 3.0507
995.000000 3.05
996.000000 3.0493
997.000000 3.0487
998.000000 3.048
999.000000 3.0473
