0.000000 0
1.000000 0
2.000000 0
3.000000 0
4.000000 0
5.000000 0
6.000000 0
7.000000 0
8.000000 9.0938
9.000000 7.7812
10.000000 7.9688
11.000000 7.7251
12.000000 7.6433
13.000000 7.5582
14.000000 7.4816
15.000000 7.6199
16.000000 6.3764
17.000000 5.7666
18.000000 5.2084
19.000000 4.8039
20.000000 4.4616
21.000000 4.1572
22.000000 3.8717
23.000000 3.522
24.000000 3.3352
25.000000 3.1513
26.000000 2.9781
27.000000 2.7921
28.000000 2.5965
29.000000 2.3968
30.000000 2.1998
31.000000 2.0294
32.000000 1.8658
33.000000 1.7211
34.000000 1.599
35.000000 1.5053
36.000000 1.4426
37.000000 1.4109
38.000000 1.409
39.000000 1.4309
40.000000 1.4746
41.000000 1.536
42.000000 1.6112
43.000000 1.696
44.000000 1.7864
45.000000 1.8793
46.000000 1.9717
47.000000 2.0622
48.000000 2.1494
49.000000 2.2321
50.000000 2.31
51.000000 2.3824
52.000000 2.4493
53.000000 2.5106
54.000000 2.5663
55.000000 2.6162
56.000000 2.6603
57.000000 2.6986
58.000000 2.7309
59.000000 2.7574
60.000000 2.778
61.000000 2.793
62.000000 2.8026
63.000000 2.807
64.000000 2.8067
65.000000 2.8022
66.000000 2.794
67.000000 2.7827
68.000000 2.7688
69.000000 2.7529
70.000000 2.7356
71.000000 2.7174
72.000000 2.6987
73.000000 2.68
74.000000 2.6617
75.000000 2.644
76.000000 2.6272
77.000000 2.6115
78.000000 2.597
79.000000 2.584
80.000000 2.5723
81.000000 2.5622
82.000000 2.5536
83.000000 2.5465
84.000000 2.5409
85.000000 2.5367
86.000000 2.5338
87.000000 2.5323
88.000000 2.532
89.000000 2.5327
90.000000 2.5344
91.000000 2.537
92.000000 2.5403
93.000000 2.5442
94.000000 2.5486
95.000000 2.5534
96.000000 2.5585
97.000000 2.5637
98.000000 2.569
99.000000 2.5742
100.000000 2.5794
101.000000 2.5844
102.000000 2.5891
103.000000 2.5936
104.000000 2.5977
105.000000 2.6016
106.000000 2.605
107.000000 2.6081
108.000000 2.6108
109.000000 2.6132
110.000000 2.6152
111.000000 2.6168
112.000000 2.6181
113.000000 2.6191
114.000000 2.6198
115.000000 2.6203
116.000000 2.6205
117.000000 2.6206
118.000000 2.6204
119.000000 2.6201
120.000000 2.6197
121.000000 2.6192
122.000000 2.6187
123.000000 2.6181
124.000000 2.6175
125.000000 2.6168
126.000000 2.6162
127.000000 2.6157
128.000000 2.6152
129.000000 2.6147
130.000000 2.6143
131.000000 2.614
132.000000 2.6137
133.000000 2.6135
134.000000 2.6134
135.000000 2.6134
136.000000 2.6135
137.000000 2.6136
138.000000 2.6138
139.000000 2.614
140.000000 2.6143
141.000000 2.6147
142.000000 2.6151
143.000000 2.6155
144.000000 2.616
145.000000 2.6165
146.000000 2.617
147.000000 2.6175
148.000000 2.618
149.000000 2.6186
150.000000 2.6191
151.000000 2.6196
152.000000 2.6201
153.000000 2.6206
154.000000 2.621
155.000000 2.6215
156.000000 2.6219
157.000000 2.6223
158.000000 2.6227
159.000000 2.623
160.000000 2.6234
161.000000 2.6237
162.000000 2.624
163.000000 2.6242
164.000000 2.6245
165.000000 2.6247
166.000000 2.6249
167.000000 2.6251
168.000000 2.6253
169.000000 2.6254
170.000000 2.6256
171.000000 2.6257
172.000000 2.6259
173.000000 2.626
174.000000 2.6261
175.000000 2.6262
176.000000 2.6263
177.000000 2.6265
178.000000 2.6266
179.000000 2.6267
180.000000 2.6268
181.000000 2.6269
182.000000 2.627
183.000000 2.6271
184.000000 2.6273
185.000000 2.6274
186.000000 2.6275
187.000000 2.6276
188.000000 2.6278
189.000000 2.6279
190.000000 2.628
191.000000 2.6281
192.000000 2.6283
193.000000 2.6284
194.000000 2.6285
195.000000 2.6287
196.000000 2.6288
197.000000 2.6289
198.000000 2.6291
199.000000 2.6292
200.000000 2.6293
201.000000 -2.8268
202.000000 -2.0392
203.000000 -2.1516
204.000000 -2.9107
205.000000 -3.4269
206.000000 -3.9482
207.000000 -4.4568
208.000000 -5.0784
209.000000 -4.7002
210.000000 -4.6294
211.000000 -4.5316
212.000000 -4.3267
213.000000 -4.0594
214.000000 -3.743
215.000000 -3.3834
216.000000 -2.9423
217.000000 -2.591
218.000000 -2.244
219.000000 -1.9062
220.000000 -1.587
221.000000 -1.2893
222.000000 -1.0153
223.000000 -0.76564
224.000000 -0.55269
225.000000 -0.35891
226.000000 -0.18747
227.000000 -0.039133
228.000000 0.085814
229.000000 0.1873
230.000000 0.26546
231.000000 0.32035
232.000000 0.35458
233.000000 0.36784
234.000000 0.36123
235.000000 0.3363
236.000000 0.29497
237.000000 0.23941
238.000000 0.17197
239.000000 0.095161
240.000000 0.011119
241.000000 -0.077832
242.000000 -0.16953
243.000000 -0.26201
244.000000 -0.35355
245.000000 -0.44267
246.000000 -0.52817
247.000000 -0.60909
248.000000 -0.68466
249.000000 -0.75432
250.000000 -0.8177
251.000000 -0.87456
252.000000 -0.92483
253.000000 -0.96852
254.000000 -1.0057
255.000000 -1.0367
256.000000 -1.0616
257.000000 -1.0809
258.000000 -1.0948
259.000000 -1.1039
260.000000 -1.1085
261.000000 -1.1091
262.000000 -1.1063
263.000000 -1.1005
264.000000 -1.0922
265.000000 -1.082
266.000000 -1.0703
267.000000 -1.0576
268.000000 -1.0443
269.000000 -1.0308
270.000000 -1.0175
271.000000 -1.0046
272.000000 -0.99243
273.000000 -0.98122
274.000000 -0.97113
275.000000 -0.96231
276.000000 -0.95485
277.000000 -0.94882
278.000000 -0.94423
279.000000 -0.9411
280.000000 -0.93939
281.000000 -0.93907
282.000000 -0.94005
283.000000 -0.94226
284.000000 -0.9456
285.000000 -0.94997
286.000000 -0.95525
287.000000 -0.96133
288.000000 -0.96809
289.000000 -0.9754
290.000000 -0.98315
291.000000 -0.99123
292.000000 -0.99954
293.000000 -1.008
294.000000 -1.0164
295.000000 -1.0248
296.000000 -1.0331
297.000000 -1.0411
298.000000 -1.0489
299.000000 -1.0564
300.000000 -1.0636
301.000000 -1.0703
302.000000 -1.0767
303.000000 -1.0827
304.000000 -1.9507
305.000000 -2.4944
306.000000 -3.0444
307.000000 -3.577
308.000000 -4.0942
309.000000 -4.4484
310.000000 -4.7329
311.000000 -4.962
312.000000 -5.0009
313.000000 -4.9446
314.000000 -4.8197
315.000000 -4.6427
316.000000 -4.4246
317.000000 -4.1989
318.000000 -3.9755
319.000000 -3.7546
320.000000 -3.5586
321.000000 -3.3887
322.000000 -3.2436
323.000000 -3.1202
324.000000 -3.0166
325.000000 -2.9273
326.000000 -2.8486
327.000000 -2.779
328.000000 -2.7154
329.000000 -2.6566
330.000000 -2.6022
331.000000 -2.5531
332.000000 -2.5102
333.000000 -2.4747
334.000000 -2.4481
335.000000 -2.4311
336.000000 -2.4243
337.000000 -2.4278
338.000000 -2.4413
339.000000 -2.4639
340.000000 -2.4945
341.000000 -2.5317
342.000000 -2.5741
343.000000 -2.62
344.000000 -2.668
345.000000 -2.7169
346.000000 -2.7656
347.000000 -2.813
348.000000 -2.8586
349.000000 -2.9019
350.000000 -2.9425
351.000000 -2.9802
352.000000 -3.0149
353.000000 -3.0467
354.000000 -3.0755
355.000000 -3.1014
356.000000 -3.1245
357.000000 -3.1448
358.000000 -3.1623
359.000000 -3.1774
360.000000 -3.1899
361.000000 -3.2
362.000000 -3.208
363.000000 -3.2139
364.000000 -3.218
365.000000 -3.2204
366.000000 -3.2214
367.000000 -3.2212
368.000000 -3.2201
369.000000 -3.2182
370.000000 -3.2159
371.000000 -3.2132
372.000000 -3.2104
373.000000 -3.2077
374.000000 -3.2052
375.000000 -3.203
376.000000 -3.2012
377.000000 -3.1999
378.000000 -3.1991
379.000000 -3.199
380.000000 -3.1995
381.000000 -3.2005
382.000000 -3.2022
383.000000 -3.2045
384.000000 -3.2074
385.000000 -3.2108
386.000000 -3.2147
387.000000 -3.2191
388.000000 -3.2239
389.000000 -3.2291
390.000000 -3.2346
391.000000 -3.2403
392.000000 -3.2463
393.000000 -3.2524
394.000000 -3.2586
395.000000 -3.2649
396.000000 -3.2712
397.000000 -3.2775
398.000000 -3.2837
399.000000 -3.2898
400.000000 -3.2958
401.000000 -3.3017
402.000000 -3.3073
403.000000 -3.3128
404.000000 -3.3181
405.000000 -3.3232
406.000000 -3.3281
407.000000 -3.3327
408.000000 -3.3372
409.000000 -3.3414
410.000000 -3.3455
411.000000 -3.3493
412.000000 -3.353
413.000000 -3.3565
414.000000 -3.3599
415.000000 -3.3631
416.000000 -3.3662
417.000000 -3.3691
418.000000 -3.372
419.000000 -3.3748
420.000000 -3.3774
421.000000 -3.3801
422.000000 -3.3827
423.000000 -3.3852
424.000000 -3.3877
425.000000 -3.3901
426.000000 -3.3926
427.000000 -3.395
428.000000 -3.3974
429.000000 -3.3998
430.000000 -3.4022
431.000000 -3.4046
432.000000 -3.4071
433.000000 -3.4095
434.000000 -3.4119
435.000000 -3.4143
436.000000 -3.4167
437.000000 -3.4191
438.000000 -3.4215
439.000000 -3.4239
440.000000 -3.4263
441.000000 -3.4287
442.000000 -3.4311
443.000000 -3.4334
444.000000 -3.4357
445.000000 -3.4381
446.000000 -3.4404
447.000000 -3.4426
448.000000 -3.4449
449.000000 -3.4471
450.000000 -3.4492
451.000000 -3.4514
452.000000 -3.4535
453.000000 -3.4556
454.000000 -3.4576
455.000000 -3.4597
456.000000 -3.4616
457.000000 -3.4636
458.000000 -3.4655
459.000000 -3.4674
460.000000 -3.4692
461.000000 -3.471
462.000000 -3.4728
463.000000 -3.4746
464.000000 -3.4763
465.000000 -3.478
466.000000 -3.4796
467.000000 -3.4813
468.000000 -3.4829
469.000000 -3.4845
470.000000 -3.486
471.000000 -3.4876
472.000000 -3.4891
473.000000 -3.4906
474.000000 -3.492
475.000000 -3.4935
476.000000 -3.4949
477.000000 -3.4963
478.000000 -3.4977
479.000000 -3.4991
480.000000 -3.5004
481.000000 -3.5018
482.000000 -3.5031
483.000000 -3.5044
484.000000 -3.5057
485.000000 -3.507
486.000000 -3.5082
487.000000 -3.5095
488.000000 -3.5107
489.000000 -3.5119
490.000000 -3.5131
491.000000 -3.5143
492.000000 -3.5155
493.000000 -3.5166
494.000000 -3.5178
495.000000 -3.5189
496.000000 -3.52
497.000000 -3.5211
498.000000 -3.5222
499.000000 -3.5233
500.000000 -3.5243
501.000000 9.2059
502.000000 7.3674
503.000000 7.6288
504.000000 7.8903
505.000000 8.1519
506.000000 8.4134
507.000000 8.6749
508.000000 9.2267
509.000000 7.7302
510.000000 7.0724
511.000000 6.4482
512.000000 5.9062
513.000000 5.385
514.000000 4.8688
515.000000 4.3427
516.000000 3.6982
517.000000 3.2764
518.000000 2.8604
519.000000 2.4613
520.000000 2.0617
521.000000 1.6669
522.000000 1.2838
523.000000 0.91967
524.000000 0.60662
525.000000 0.31314
526.000000 0.053483
527.000000 -0.16824
528.000000 -0.34586
529.000000 -0.47691
530.000000 -0.56131
531.000000 -0.60045
532.000000 -0.60206
533.000000 -0.56777
534.000000 -0.50256
535.000000 -0.41134
536.000000 -0.29964
537.000000 -0.17277
538.000000 -0.035562
539.000000 0.10754
540.000000 0.25353
541.000000 0.39938
542.000000 0.54275
543.000000 0.68166
544.000000 0.81461
545.000000 0.94042
546.000000 1.0582
547.000000 1.1673
548.000000 1.2671
549.000000 1.3571
550.000000 1.4371
551.000000 1.5069
552.000000 1.5664
553.000000 1.6157
554.000000 1.655
555.000000 1.6847
556.000000 1.7053
557.000000 1.7174
558.000000 1.7218
559.000000 1.7192
560.000000 1.7105
561.000000 1.6966
562.000000 1.6784
563.000000 1.6568
564.000000 1.6326
565.000000 1.6068
566.000000 1.5799
567.000000 1.5527
568.000000 1.5257
569.000000 1.4996
570.000000 1.4746
571.000000 1.4512
572.000000 1.4296
573.000000 1.4102
574.000000 1.393
575.000000 1.3781
576.000000 1.3657
577.000000 1.3557
578.000000 1.3481
579.000000 1.3428
580.000000 1.3398
581.000000 1.3389
582.000000 1.34
583.000000 1.3429
584.000000 1.3474
585.000000 1.3533
586.000000 1.3604
587.000000 1.3686
588.000000 1.3776
589.000000 1.3872
590.000000 1.3973
591.000000 1.4077
592.000000 1.4182
593.000000 1.4287
594.000000 1.439
595.000000 1.4491
596.000000 1.4588
597.000000 1.4681
598.000000 1.4769
599.000000 1.4851
600.000000 1.4927
601.000000 1.4997
602.000000 1.5061
603.000000 1.5118
604.000000 1.5169
605.000000 1.5215
606.000000 1.5254
607.000000 1.5289
608.000000 1.5318
609.000000 1.5343
610.000000 1.5364
611.000000 1.5381
612.000000 1.5395
613.000000 1.5406
614.000000 1.5415
615.000000 1.5423
616.000000 1.5429
617.000000 1.5433
618.000000 1.5438
619.000000 1.5442
620.000000 1.5446
621.000000 1.545
622.000000 1.5455
623.000000 1.5461
624.000000 1.5467
625.000000 1.5474
626.000000 1.5483
627.000000 1.5492
628.000000 1.5503
629.000000 1.5514
630.000000 1.5527
631.000000 1.554
632.000000 1.5555
633.000000 1.557
634.000000 1.5586
635.000000 1.5603
636.000000 1.5621
637.000000 1.5639
638.000000 1.5657
639.000000 1.5676
640.000000 1.5695
641.000000 1.5713
642.000000 1.5732
643.000000 1.5751
644.000000 1.577
645.000000 1.5788
646.000000 1.5806
647.000000 1.5823
648.000000 1.5841
649.000000 1.5858
650.000000 1.5874
651.000000 1.589
652.000000 1.5905
653.000000 1.592
654.000000 1.5934
655.000000 1.5948
656.000000 1.5961
657.000000 1.5974
658.000000 1.5987
659.000000 1.5999
660.000000 1.601
661.000000 1.6022
662.000000 1.6033
663.000000 1.6043
664.000000 1.6053
665.000000 1.6063
666.000000 1.6073
667.000000 1.6083
668.000000 1.6092
669.000000 1.6101
670.000000 1.611
671.000000 1.6119
672.000000 1.6128
673.000000 1.6137
674.000000 1.6145
675.000000 1.6154
676.000000 1.6162
677.000000 1.6171
678.000000 1.6179
679.000000 1.6187
680.000000 1.6196
681.000000 1.6204
682.000000 1.6212
683.000000 1.622
684.000000 1.6228
685.000000 1.6236
686.000000 1.6244
687.000000 1.6252
688.000000 1.626
689.000000 1.6267
690.000000 1.6275
691.000000 1.6282
692.000000 1.629
693.000000 1.6297
694.000000 1.6304
695.000000 1.6312
696.000000 1.6319
697.000000 1.6326
698.000000 1.6332
699.000000 1.6339
700.000000 1.6346
701.000000 1.6352
702.000000 1.6359
703.000000 2.93
704.000000 3.7384
705.000000 4.5568
706.000000 5.3497
707.000000 6.12
708.000000 6.6463
709.000000 7.0685
710.000000 7.408
711.000000 7.4627
712.000000 7.3749
713.000000 7.1844
714.000000 6.9161
715.000000 6.5863
716.000000 6.2453
717.000000 5.9078
718.000000 5.5743
719.000000 5.2782
720.000000 5.0213
721.000000 4.8016
722.000000 4.6144
723.000000 4.4568
724.000000 4.3207
725.000000 4.2004
726.000000 4.0937
727.000000 3.996
728.000000 3.9053
729.000000 3.8213
730.000000 3.745
731.000000 3.6779
732.000000 3.622
733.000000 3.5792
734.000000 3.5509
735.000000 3.5378
736.000000 3.5401
737.000000 3.5573
738.000000 3.5883
739.000000 3.6312
740.000000 3.684
741.000000 3.7445
742.000000 3.8104
743.000000 3.8795
744.000000 3.9498
745.000000 4.0198
746.000000 4.0881
747.000000 4.1537
748.000000 4.2158
749.000000 4.274
750.000000 4.3279
751.000000 4.3774
752.000000 4.4225
753.000000 4.4632
754.000000 4.4996
755.000000 4.5318
756.000000 4.5599
757.000000 4.584
758.000000 4.6043
759.000000 4.6209
760.000000 4.6341
761.000000 4.6439
762.000000 4.6508
763.000000 4.655
764.000000 4.6567
765.000000 4.6563
766.000000 4.6542
767.000000 4.6507
768.000000 4.6461
769.000000 4.6408
770.000000 4.635
771.000000 4.6291
772.000000 4.6234
773.000000 4.6179
774.000000 4.613
775.000000 4.6087
776.000000 4.6051
777.000000 4.6024
778.000000 4.6007
779.000000 4.5998
780.000000 4.5999
781.000000 4.6009
782.000000 4.6028
783.000000 4.6056
784.000000 4.6093
785.000000 4.6137
786.000000 4.6188
787.000000 4.6246
788.000000 4.6309
789.000000 4.6377
790.000000 4.645
791.000000 4.6525
792.000000 4.6604
793.000000 4.6684
794.000000 4.6765
795.000000 4.6846
796.000000 4.6928
797.000000 4.7008
798.000000 4.7088
799.000000 4.7165
800.000000 4.7241
801.000000 4.7314
802.000000 4.7385
803.000000 4.7452
804.000000 4.7517
805.000000 4.7579
806.000000 4.7638
807.000000 4.7693
808.000000 4.7746
809.000000 4.7796
810.000000 4.7844
811.000000 4.7889
812.000000 4.7931
813.000000 4.7971
814.000000 4.801
815.000000 4.8046
816.000000 4.8081
817.000000 4.8115
818.000000 4.8147
819.000000 4.8178
820.000000 4.8209
821.000000 4.8238
822.000000 4.8267
823.000000 4.8296
824.000000 4.8325
825.000000 4.8353
826.000000 4.8381
827.000000 4.8409
828.000000 4.8437
829.000000 4.8465
830.000000 4.8493
831.000000 4.8522
832.000000 4.855
833.000000 4.8579
834.000000 4.8607
835.000000 4.8636
836.000000 4.8665
837.000000 4.8694
838.000000 4.8723
839.000000 4.8752
840.000000 4.8781
841.000000 4.881
842.000000 4.8838
843.000000 4.8867
844.000000 4.8895
845.000000 4.8923
846.000000 4.895
847.000000 4.8978
848.000000 4.9005
849.000000 4.9031
850.000000 4.9057
851.000000 4.9083
852.000000 4.9109
853.000000 4.9134
854.000000 4.9158
855.000000 4.9182
856.000000 4.9206
857.000000 4.9229
858.000000 4.9252
859.000000 4.9274
860.000000 4.9296
861.000000 4.9318
862.000000 4.9339
863.000000 4.936
864.000000 4.938
865.000000 4.94
866.000000 4.942
867.000000 4.9439
868.000000 4.9458
869.000000 4.9477
870.000000 4.9496
871.000000 4.9514
872.000000 4.9532
873.000000 4.955
874.000000 4.9567
875.000000 4.9584
876.000000 4.9601
877.000000 4.9618
878.000000 4.9634
879.000000 4.9651
880.000000 4.9667
881.000000 4.9683
882.000000 4.9699
883.000000 4.9714
884.000000 4.973
885.000000 4.9745
886.000000 4.976
887.000000 4.9775
888.000000 4.9789
889.000000 4.9804
890.000000 4.9818
891.000000 4.9832
892.000000 4.9846
893.000000 4.986
894.000000 4.9874
895.000000 4.9887
896.000000 4.99
897.000000 4.9914
898.000000 4.9926
899.000000 4.9939
900.000000 4.9952
901.000000 4.9964
902.000000 4.9976
903.000000 4.9989
904.000000 5
905.000000 5.0012
906.000000 5.0024
907.000000 5.0035
908.000000 5.0046
909.000000 5.0057
910.000000 5.0068
911.000000 5.0079
912.000000 5.009
913.000000 5.01
914.000000 5.0111
915.000000 5.0121
916.000000 5.0131
917.000000 5.0141
918.000000 5.015
919.000000 5.016
920.000000 5.017
921.000000 5.0179
922.000000 5.0188
923.000000 5.0197
924.000000 5.0206
925.000000 5.0215
926.000000 5.0224
927.000000 5.0232
928.000000 5.0241
929.000000 5.0249
930.000000 5.0258
931.000000 5.0266
932.000000 5.0274
933.000000 5.0282
934.000000 5.029
935.000000 5.0297
936.000000 5.0305
937.000000 5.0313
938.000000 5.032
939.000000 5.0327
940.000000 5.0335
941.000000 5.0342
942.000000 5.0349
943.000000 5.0356
944.000000 5.0363
945.000000 5.0369
946.000000 5.0376
947.000000 5.0383
948.000000 5.0389
949.000000 5.0395
950.000000 5.0402
951.000000 5.0408
952.000000 5.0414
953.000000 5.042
954.000000 5.0426
955.000000 5.0432
956.000000 5.0438
957.000000 5.0444
958.000000 5.0449
959.000000 5.0455
960.000000 5.046
961.000000 5.0466
962.000000 5.0471
963.000000 5.0476
964.000000 5.0482
965.000000 5.0487
966.000000 5.0492
967.000000 5.0497
968.000000 5.0502
969.000000 5.0507
970.000000 5.0511
971.000000 5.0516
972.000000 5.0521
973.000000 5.0525
974.000000 5.053
975.000000 5.0535
976.000000 5.0539
977.000000 5.0543
978.000000 5.0548
979.000000 5.0552
980.000000 5.0556
981.000000 5.056
982.000000 5.0564
983.000000 5.0568
984.000000 5.0572
985.000000 5.0576
986.000000 5.058
987.000000 5.0584
988.000000 5.0588
989.000000 5.0591
990.000000 5.0595
991.000000 5.0598
992.000000 5.0602
993.000000 5.0606
994.000000 5.0609
995.000000 5.0612
996.000000 5.0616
997.000000 5.0619
998.000000 5.0622
999.000000 5.0626
