0.000000 0
1.000000 0
2.000000 0
3.000000 0
4.000000 0
5.000000 0
6.000000 0
7.000000 0
8.000000 0
9.000000 0
10.000000 0.23707
11.000000 0.41932
12.000000 0.59062
13.000000 0.75192
14.000000 0.7901
15.000000 1.5669
16.000000 2.1011
17.000000 2.5559
18.000000 2.9037
19.000000 3.1925
20.000000 3.4448
21.000000 3.6755
22.000000 3.9331
23.000000 4.1003
24.000000 4.2475
25.000000 4.3825
26.000000 4.5198
27.000000 4.6599
28.000000 4.7999
29.000000 4.9354
30.000000 5.0527
31.000000 5.161
32.000000 5.255
33.000000 5.3325
34.000000 5.3899
35.000000 5.4258
36.000000 5.4403
37.000000 5.4347
38.000000 5.4128
39.000000 5.3766
40.000000 5.3291
41.000000 5.2732
42.000000 5.2117
43.000000 5.1475
44.000000 5.0828
45.000000 5.0196
46.000000 4.959
47.000000 4.9019
48.000000 4.849
49.000000 4.8006
50.000000 4.7569
51.000000 4.7179
52.000000 4.6836
53.000000 4.6539
54.000000 4.6286
55.000000 4.6079
56.000000 4.5915
57.000000 4.5794
58.000000 4.5716
59.000000 4.5678
60.000000 4.5678
61.000000 4.5715
62.000000 4.5785
63.000000 4.5885
64.000000 4.6011
65.000000 4.6159
66.000000 4.6325
67.000000 4.6505
68.000000 4.6694
69.000000 4.6888
70.000000 4.7085
71.000000 4.728
72.000000 4.7471
73.000000 4.7655
74.000000 4.7831
75.000000 4.7997
76.000000 4.8152
77.000000 4.8296
78.000000 4.8426
79.000000 4.8544
80.000000 4.8649
81.000000 4.8742
82.000000 4.8822
83.000000 4.889
84.000000 4.8948
85.000000 4.8994
86.000000 4.9031
87.000000 4.9059
88.000000 4.9079
89.000000 4.9092
90.000000 4.9099
91.000000 4.91
92.000000 4.9098
93.000000 4.9091
94.000000 4.9083
95.000000 4.9072
96.000000 4.9061
97.000000 4.905
98.000000 4.9038
99.000000 4.9028
100.000000 4.9019
101.000000 4.9012
102.000000 4.9006
103.000000 4.9003
104.000000 4.9002
105.000000 4.9003
106.000000 4.9007
107.000000 4.9013
108.000000 4.9022
109.000000 4.9032
110.000000 4.9045
111.000000 4.906
112.000000 4.9076
113.000000 4.9094
114.000000 4.9113
115.000000 4.9133
116.000000 4.9154
117.000000 4.9176
118.000000 4.9198
119.000000 4.922
120.000000 4.9243
121.000000 4.9265
122.000000 4.9287
123.000000 4.9309
124.000000 4.933
125.000000 4.9351
126.000000 4.9371
127.000000 4.939
128.000000 4.9408
129.000000 4.9426
130.000000 4.9442
131.000000 4.9458
132.000000 4.9472
133.000000 4.9486
134.000000 4.9499
135.000000 4.9511
136.000000 4.9523
137.000000 4.9534
138.000000 4.9544
139.000000 4.9553
140.000000 4.9562
141.000000 4.957
142.000000 4.9578
143.000000 4.9585
144.000000 4.9592
145.000000 4.9599
146.000000 4.9606
147.000000 4.9612
148.000000 4.9618
149.000000 4.9624
150.000000 4.963
151.000000 4.9636
152.000000 4.9642
153.000000 4.9648
154.000000 4.9653
155.000000 4.9659
156.000000 4.9665
157.000000 4.9671
158.000000 4.9676
159.000000 4.9682
160.000000 4.9688
161.000000 4.9694
162.000000 4.97
163.000000 4.9706
164.000000 4.9711
165.000000 4.9717
166.000000 4.9723
167.000000 4.9729
168.000000 4.9734
169.000000 4.974
170.000000 4.9745
171.000000 4.9751
172.000000 4.9756
173.000000 4.9761
174.000000 4.9766
175.000000 4.9771
176.000000 4.9776
177.000000 4.9781
178.000000 4.9786
179.000000 4.979
180.000000 4.9795
181.000000 4.9799
182.000000 4.9803
183.000000 4.9808
184.000000 4.9811
185.000000 4.9815
186.000000 4.9819
187.000000 4.9823
188.000000 4.9826
189.000000 4.983
190.000000 4.9833
191.000000 4.9836
192.000000 4.984
193.000000 4.9843
194.000000 4.9846
195.000000 4.9849
196.000000 4.9852
197.000000 4.9854
198.000000 4.9857
199.000000 4.986
200.000000 4.9863
201.000000 4.9865
202.000000 4.9868
203.000000 5.3426
204.000000 5.6162
205.000000 5.8734
206.000000 6.1156
207.000000 6.4125
208.000000 6.1625
209.000000 5.9965
210.000000 5.833
211.000000 5.6143
212.000000 5.3568
213.000000 5.0711
214.000000 4.7629
215.000000 4.4126
216.000000 4.1119
217.000000 3.828
218.000000 3.5577
219.000000 3.3055
220.000000 3.0733
221.000000 2.8622
222.000000 2.6724
223.000000 2.5101
224.000000 2.3663
225.000000 2.2407
226.000000 2.1335
227.000000 2.0444
228.000000 1.973
229.000000 1.9188
230.000000 1.8813
231.000000 1.8588
232.000000 1.8507
233.000000 1.856
234.000000 1.8736
235.000000 1.9018
236.000000 1.9391
237.000000 1.9835
238.000000 2.0334
239.000000 2.0872
240.000000 2.1432
241.000000 2.1999
242.000000 2.256
243.000000 2.3103
244.000000 2.3618
245.000000 2.4099
246.000000 2.4538
247.000000 2.4933
248.000000 2.5279
249.000000 2.5576
250.000000 2.5823
251.000000 2.602
252.000000 2.6168
253.000000 2.627
254.000000 2.6328
255.000000 2.6344
256.000000 2.6322
257.000000 2.6264
258.000000 2.6176
259.000000 2.6059
260.000000 2.5918
261.000000 2.5757
262.000000 2.558
263.000000 2.5391
264.000000 2.5192
265.000000 2.4988
266.000000 2.4781
267.000000 2.4576
268.000000 2.4373
269.000000 2.4176
270.000000 2.3987
271.000000 2.3807
272.000000 2.3637
273.000000 2.3478
274.000000 2.3332
275.000000 2.3198
276.000000 2.3077
277.000000 2.2968
278.000000 2.2872
279.000000 2.2787
280.000000 2.2714
281.000000 2.2652
282.000000 2.2599
283.000000 2.2555
284.000000 2.2519
285.000000 2.249
286.000000 2.2467
287.000000 2.245
288.000000 2.2437
289.000000 2.2427
290.000000 2.242
291.000000 2.2414
292.000000 2.241
293.000000 2.2406
294.000000 2.2402
295.000000 2.2397
296.000000 2.2391
297.000000 2.2384
298.000000 2.2375
299.000000 2.2363
300.000000 2.235
301.000000 2.2335
302.000000 2.2317
303.000000 2.7039
304.000000 3.0661
305.000000 3.4063
306.000000 3.7263
307.000000 4.0279
308.000000 4.2305
309.000000 4.3744
310.000000 4.4751
311.000000 4.4621
312.000000 4.3783
313.000000 4.2467
314.000000 4.0814
315.000000 3.8913
316.000000 3.6968
317.000000 3.5069
318.000000 3.323
319.000000 3.1577
320.000000 3.0132
321.000000 2.8886
322.000000 2.7819
323.000000 2.6912
324.000000 2.6129
325.000000 2.5441
326.000000 2.4832
327.000000 2.4283
328.000000 2.378
329.000000 2.3321
330.000000 2.2906
331.000000 2.2542
332.000000 2.2234
333.000000 2.1991
334.000000 2.1817
335.000000 2.1713
336.000000 2.168
337.000000 2.1714
338.000000 2.1808
339.000000 2.1955
340.000000 2.2144
341.000000 2.2364
342.000000 2.2603
343.000000 2.2854
344.000000 2.3105
345.000000 2.335
346.000000 2.3582
347.000000 2.3797
348.000000 2.3992
349.000000 2.4165
350.000000 2.4315
351.000000 2.4442
352.000000 2.4546
353.000000 2.4628
354.000000 2.4688
355.000000 2.4728
356.000000 2.4749
357.000000 2.4751
358.000000 2.4736
359.000000 2.4705
360.000000 2.4659
361.000000 2.4599
362.000000 2.4527
363.000000 2.4444
364.000000 2.4352
365.000000 2.4252
366.000000 2.4147
367.000000 2.4038
368.000000 2.3927
369.000000 2.3814
370.000000 2.3702
371.000000 2.3592
372.000000 2.3485
373.000000 2.3382
374.000000 2.3283
375.000000 2.3189
376.000000 2.3101
377.000000 2.3018
378.000000 2.2941
379.000000 2.2871
380.000000 2.2806
381.000000 2.2747
382.000000 2.2693
383.000000 2.2644
384.000000 2.26
385.000000 2.2561
386.000000 2.2526
387.000000 2.2494
388.000000 2.2466
389.000000 2.2441
390.000000 2.2418
391.000000 2.2397
392.000000 2.2378
393.000000 2.236
394.000000 2.2343
395.000000 2.2326
396.000000 2.231
397.000000 2.2294
398.000000 2.2278
399.000000 2.2261
400.000000 2.2244
401.000000 2.2226
402.000000 2.2207
403.000000 2.2188
404.000000 2.2167
405.000000 2.2146
406.000000 2.2124
407.000000 2.2101
408.000000 2.2077
409.000000 2.2053
410.000000 2.2028
411.000000 2.2002
412.000000 2.1976
413.000000 2.1949
414.000000 2.1922
415.000000 2.1895
416.000000 2.1868
417.000000 2.184
418.000000 2.1813
419.000000 2.1786
420.000000 2.1759
421.000000 2.1733
422.000000 2.1707
423.000000 2.1681
424.000000 2.1655
425.000000 2.163
426.000000 2.1606
427.000000 2.1582
428.000000 2.1559
429.000000 2.1536
430.000000 2.1514
431.000000 2.1492
432.000000 2.1471
433.000000 2.1451
434.000000 2.1431
435.000000 2.1411
436.000000 2.1392
437.000000 2.1373
438.000000 2.1355
439.000000 2.1337
440.000000 2.132
441.000000 2.1303
442.000000 2.1286
443.000000 2.127
444.000000 2.1254
445.000000 2.1238
446.000000 2.1222
447.000000 2.1207
448.000000 2.1191
449.000000 2.1176
450.000000 2.1161
451.000000 2.1146
452.000000 2.1132
453.000000 2.1117
454.000000 2.1103
455.000000 2.1089
456.000000 2.1075
457.000000 2.1061
458.000000 2.1047
459.000000 2.1033
460.000000 2.102
461.000000 2.1006
462.000000 2.0993
463.000000 2.098
464.000000 2.0966
465.000000 2.0954
466.000000 2.0941
467.000000 2.0928
468.000000 2.0916
469.000000 2.0903
470.000000 2.0891
471.000000 2.0879
472.000000 2.0867
473.000000 2.0855
474.000000 2.0844
475.000000 2.0832
476.000000 2.0821
477.000000 2.081
478.000000 2.0799
479.000000 2.0788
480.000000 2.0777
481.000000 2.0767
482.000000 2.0756
483.000000 2.0746
484.000000 2.0736
485.000000 2.0726
486.000000 2.0716
487.000000 2.0707
488.000000 2.0697
489.000000 2.0688
490.000000 2.0679
491.000000 2.067
492.000000 2.0661
493.000000 2.0652
494.000000 2.0643
495.000000 2.0635
496.000000 2.0626
497.000000 2.0618
498.000000 2.061
499.000000 2.0601
500.000000 2.0593
501.000000 2.0586
502.000000 2.0578
503.000000 2.057
504.000000 2.0562
505.000000 2.0555
506.000000 2.0547
507.000000 1.8944
508.000000 2.8373
509.000000 3.4816
510.000000 4.0449
511.000000 4.5379
512.000000 4.9979
513.000000 5.4401
514.000000 5.8756
515.000000 6.3663
516.000000 6.7334
517.000000 7.0694
518.000000 7.3841
519.000000 7.6891
520.000000 7.9834
521.000000 8.2636
522.000000 8.5252
523.000000 8.7503
524.000000 8.9539
525.000000 9.1312
526.000000 9.2797
527.000000 9.3961
528.000000 9.4791
529.000000 9.5294
530.000000 9.5483
531.000000 9.541
532.000000 9.5098
533.000000 9.4582
534.000000 9.3901
535.000000 9.3095
536.000000 9.22
537.000000 9.1253
538.000000 9.0284
539.000000 8.9315
540.000000 8.8368
541.000000 8.7457
542.000000 8.6595
543.000000 8.5792
544.000000 8.5055
545.000000 8.4388
546.000000 8.3794
547.000000 8.3275
548.000000 8.2833
549.000000 8.2468
550.000000 8.2179
551.000000 8.1966
552.000000 8.1825
553.000000 8.1754
554.000000 8.1749
555.000000 8.1805
556.000000 8.1917
557.000000 8.2078
558.000000 8.2283
559.000000 8.2523
560.000000 8.2794
561.000000 8.3087
562.000000 8.3396
563.000000 8.3716
564.000000 8.4041
565.000000 8.4365
566.000000 8.4684
567.000000 8.4995
568.000000 8.5293
569.000000 8.5577
570.000000 8.5843
571.000000 8.6092
572.000000 8.632
573.000000 8.6528
574.000000 8.6716
575.000000 8.6883
576.000000 8.7029
577.000000 8.7157
578.000000 8.7265
579.000000 8.7356
580.000000 8.743
581.000000 8.749
582.000000 8.7536
583.000000 8.7569
584.000000 8.7592
585.000000 8.7607
586.000000 8.7613
587.000000 8.7614
588.000000 8.7611
589.000000 8.7604
590.000000 8.7595
591.000000 8.7585
592.000000 8.7576
593.000000 8.7567
594.000000 8.7561
595.000000 8.7557
596.000000 8.7555
597.000000 8.7557
598.000000 8.7563
599.000000 8.7572
600.000000 8.7585
601.000000 8.7602
602.000000 8.7623
603.000000 8.7647
604.000000 8.7675
605.000000 8.7705
606.000000 8.7739
607.000000 8.7775
608.000000 8.7813
609.000000 8.7853
610.000000 8.7894
611.000000 8.7937
612.000000 8.798
613.000000 8.8024
614.000000 8.8068
615.000000 8.8112
616.000000 8.8155
617.000000 8.8198
618.000000 8.824
619.000000 8.8281
620.000000 8.8321
621.000000 8.8359
622.000000 8.8396
623.000000 8.8432
624.000000 8.8466
625.000000 8.8499
626.000000 8.853
627.000000 8.856
628.000000 8.8588
629.000000 8.8615
630.000000 8.864
631.000000 8.8665
632.000000 8.8688
633.000000 8.871
634.000000 8.8731
635.000000 8.8751
636.000000 8.877
637.000000 8.8788
638.000000 8.8806
639.000000 8.8823
640.000000 8.884
641.000000 8.8856
642.000000 8.8872
643.000000 8.8888
644.000000 8.8903
645.000000 8.8919
646.000000 8.8934
647.000000 8.8949
648.000000 8.8964
649.000000 8.8979
650.000000 8.8993
651.000000 8.9008
652.000000 8.9023
653.000000 8.9038
654.000000 8.9052
655.000000 8.9067
656.000000 8.9081
657.000000 8.9096
658.000000 8.911
659.000000 8.9125
660.000000 8.9139
661.000000 8.9153
662.000000 8.9167
663.000000 8.9181
664.000000 8.9194
665.000000 8.9208
666.000000 8.9221
667.000000 8.9234
668.000000 8.9247
669.000000 8.926
670.000000 8.9272
671.000000 8.9285
672.000000 8.9297
673.000000 8.9308
674.000000 8.932
675.000000 8.9331
676.000000 8.9342
677.000000 8.9353
678.000000 8.9363
679.000000 8.9374
680.000000 8.9384
681.000000 8.9394
682.000000 8.9404
683.000000 8.9413
684.000000 8.9422
685.000000 8.9431
686.000000 8.944
687.000000 8.9449
688.000000 8.9458
689.000000 8.9466
690.000000 8.9474
691.000000 8.9482
692.000000 8.949
693.000000 8.9498
694.000000 8.9506
695.000000 8.9514
696.000000 8.9521
697.000000 8.9528
698.000000 8.9536
699.000000 8.9543
700.000000 8.955
701.000000 8.9557
702.000000 8.2451
703.000000 7.699
704.000000 7.1858
705.000000 6.7026
706.000000 6.2467
707.000000 5.9389
708.000000 5.7191
709.000000 5.5638
710.000000 5.579
711.000000 5.7003
712.000000 5.8931
713.000000 6.1365
714.000000 6.417
715.000000 6.704
716.000000 6.9843
717.000000 7.2554
718.000000 7.4989
719.000000 7.7113
720.000000 7.8937
721.000000 8.0495
722.000000 8.1815
723.000000 8.2949
724.000000 8.3944
725.000000 8.4819
726.000000 8.5607
727.000000 8.6327
728.000000 8.6983
729.000000 8.7573
730.000000 8.8089
731.000000 8.8521
732.000000 8.8858
733.000000 8.9093
734.000000 8.9222
735.000000 8.9247
736.000000 8.9172
737.000000 8.9007
738.000000 8.8764
739.000000 8.8459
740.000000 8.8108
741.000000 8.7727
742.000000 8.7331
743.000000 8.6934
744.000000 8.6546
745.000000 8.6178
746.000000 8.5836
747.000000 8.5524
748.000000 8.5245
749.000000 8.5
750.000000 8.4791
751.000000 8.4616
752.000000 8.4474
753.000000 8.4365
754.000000 8.4286
755.000000 8.4236
756.000000 8.4214
757.000000 8.4218
758.000000 8.4247
759.000000 8.4298
760.000000 8.4369
761.000000 8.4459
762.000000 8.4566
763.000000 8.4686
764.000000 8.4817
765.000000 8.4958
766.000000 8.5104
767.000000 8.5254
768.000000 8.5406
769.000000 8.5557
770.000000 8.5706
771.000000 8.5851
772.000000 8.5991
773.000000 8.6123
774.000000 8.6249
775.000000 8.6366
776.000000 8.6476
777.000000 8.6576
778.000000 8.6668
779.000000 8.6751
780.000000 8.6827
781.000000 8.6894
782.000000 8.6953
783.000000 8.7006
784.000000 8.7052
785.000000 8.7092
786.000000 8.7127
787.000000 8.7157
788.000000 8.7184
789.000000 8.7206
790.000000 8.7226
791.000000 8.7243
792.000000 8.7259
793.000000 8.7273
794.000000 8.7287
795.000000 8.7301
796.000000 8.7314
797.000000 8.7328
798.000000 8.7343
799.000000 8.7359
800.000000 8.7375
801.000000 8.7394
802.000000 8.7413
803.000000 8.7434
804.000000 8.7456
805.000000 8.748
806.000000 8.7505
807.000000 8.7532
808.000000 8.756
809.000000 8.7588
810.000000 8.7618
811.000000 8.7649
812.000000 8.768
813.000000 8.7712
814.000000 8.7745
815.000000 8.7777
816.000000 8.781
817.000000 8.7843
818.000000 8.7876
819.000000 8.7908
820.000000 8.794
821.000000 8.7972
822.000000 8.8003
823.000000 8.8034
824.000000 8.8064
825.000000 8.8093
826.000000 8.8122
827.000000 8.815
828.000000 8.8178
829.000000 8.8204
830.000000 8.823
831.000000 8.8255
832.000000 8.8279
833.000000 8.8303
834.000000 8.8326
835.000000 8.8349
836.000000 8.837
837.000000 8.8392
838.000000 8.8413
839.000000 8.8433
840.000000 8.8453
841.000000 8.8472
842.000000 8.8491
843.000000 8.851
844.000000 8.8528
845.000000 8.8547
846.000000 8.8565
847.000000 8.8582
848.000000 8.86
849.000000 8.8617
850.000000 8.8634
851.000000 8.8651
852.000000 8.8668
853.000000 8.8685
854.000000 8.8702
855.000000 8.8718
856.000000 8.8734
857.000000 8.8751
858.000000 8.8767
859.000000 8.8783
860.000000 8.8799
861.000000 8.8814
862.000000 8.883
863.000000 8.8846
864.000000 8.8861
865.000000 8.8876
866.000000 8.8891
867.000000 8.8906
868.000000 8.8921
869.000000 8.8935
870.000000 8.895
871.000000 8.8964
872.000000 8.8978
873.000000 8.8992
874.000000 8.9005
875.000000 8.9019
876.000000 8.9032
877.000000 8.9045
878.000000 8.9058
879.000000 8.907
880.000000 8.9083
881.000000 8.9095
882.000000 8.9107
883.000000 8.9119
884.000000 8.9131
885.000000 8.9143
886.000000 8.9154
887.000000 8.9165
888.000000 8.9176
889.000000 8.9187
890.000000 8.9198
891.000000 8.9209
892.000000 8.9219
893.000000 8.923
894.000000 8.924
895.000000 8.925
896.000000 8.926
897.000000 8.927
898.000000 8.9279
899.000000 8.9289
900.000000 8.9298
901.000000 8.9307
902.000000 8.9317
903.000000 8.9326
904.000000 8.9335
905.000000 8.9343
906.000000 8.9352
907.000000 8.9361
908.000000 8.9369
909.000000 8.9378
910.000000 8.9386
911.000000 8.9394
912.000000 8.9402
913.000000 8.941
914.000000 8.9418
915.000000 8.9426
916.000000 8.9434
917.000000 8.9441
918.000000 8.9449
919.000000 8.9456
920.000000 8.9463
921.000000 8.947
922.000000 8.9478
923.000000 8.9485
924.000000 8.9491
925.000000 8.9498
926.000000 8.9505
927.000000 8.9512
928.000000 8.9518
929.000000 8.9525
930.000000 8.9531
931.000000 8.9537
932.000000 8.9544
933.000000 8.955
934.000000 8.9556
935.000000 8.9562
936.000000 8.9568
937.000000 8.9573
938.000000 8.9579
939.000000 8.9585
940.000000 8.959
941.000000 8.9596
942.000000 8.9601
943.000000 8.9607
944.000000 8.9612
945.000000 8.9617
946.000000 8.9622
947.000000 8.9627
948.000000 8.9632
949.000000 8.9637
950.000000 8.9642
951.000000 8.9647
952.000000 8.9652
953.000000 8.9656
954.000000 8.9661
955.000000 8.9665
956.000000 8.967
957.000000 8.9674
958.000000 8.9679
959.000000 8.9683
960.000000 8.9687
961.000000 8.9692
962.000000 8.9696
963.000000 8.97
964.000000 8.9704
965.000000 8.9708
966.000000 8.9712
967.000000 8.9716
968.000000 8.9719
969.000000 8.9723
970.000000 8.9727
971.000000 8.9731
972.000000 8.9734
973.000000 8.9738
974.000000 8.9741
975.000000 8.9745
976.000000 8.9748
977.000000 8.9752
978.000000 8.9755
979.000000 8.9758
980.000000 8.9762
981.000000 8.9765
982.000000 8.9768
983.000000 8.9771
984.000000 8.9774
985.000000 8.9777
986.000000 8.978
987.000000 8.9783
988.000000 8.9786
989.000000 8.9789
990.000000 8.9792
991.000000 8.9795
992.000000 8.9797
993.000000 8.98
994.000000 8.9803
995.000000 8.9806
996.000000 8.9808
997.000000 8.9811
998.000000 8.9813
999.000000 8.9816
