0.000000 2
1.000000 2
2.000000 2
3.000000 2
4.000000 2
5.000000 2
6.000000 2
7.000000 2
8.000000 2
9.000000 2
10.000000 2
11.000000 2
12.000000 2
13.000000 2
14.000000 2
15.000000 2
16.000000 2
17.000000 2
18.000000 2
19.000000 2
20.000000 2
21.000000 2
22.000000 2
23.000000 2
24.000000 2
25.000000 2
26.000000 2
27.000000 2
28.000000 2
29.000000 2
30.000000 2
31.000000 2
32.000000 2
33.000000 2
34.000000 2
35.000000 2
36.000000 2
37.000000 2
38.000000 2
39.000000 2
40.000000 2
41.000000 2
42.000000 2
43.000000 2
44.000000 2
45.000000 2
46.000000 2
47.000000 2
48.000000 2
49.000000 2
50.000000 2
51.000000 2
52.000000 2
53.000000 2
54.000000 2
55.000000 2
56.000000 2
57.000000 2
58.000000 2
59.000000 2
60.000000 2
61.000000 2
62.000000 2
63.000000 2
64.000000 2
65.000000 2
66.000000 2
67.000000 2
68.000000 2
69.000000 2
70.000000 2
71.000000 2
72.000000 2
73.000000 2
74.000000 2
75.000000 2
76.000000 2
77.000000 2
78.000000 2
79.000000 2
80.000000 2
81.000000 2
82.000000 2
83.000000 2
84.000000 2
85.000000 2
86.000000 2
87.000000 2
88.000000 2
89.000000 2
90.000000 2
91.000000 2
92.000000 2
93.000000 2
94.000000 2
95.000000 2
96.000000 2
97.000000 2
98.000000 2
99.000000 2
100.000000 2
101.000000 2
102.000000 2
103.000000 2
104.000000 2
105.000000 2
106.000000 2
107.000000 2
108.000000 2
109.000000 2
110.000000 2
111.000000 2
112.000000 2
113.000000 2
114.000000 2
115.000000 2
116.000000 2
117.000000 2
118.000000 2
119.000000 2
120.000000 2
121.000000 2
122.000000 2
123.000000 2
124.000000 2
125.000000 2
126.000000 2
127.000000 2
128.000000 2
129.000000 2
130.000000 2
131.000000 2
132.000000 2
133.000000 2
134.000000 2
135.000000 2
136.000000 2
137.000000 2
138.000000 2
139.000000 2
140.000000 2
141.000000 2
142.000000 2
143.000000 2
144.000000 2
145.000000 2
146.000000 2
147.000000 2
148.000000 2
149.000000 2
150.000000 2
151.000000 2
152.000000 2
153.000000 2
154.000000 2
155.000000 2
156.000000 2
157.000000 2
158.000000 2
159.000000 2
160.000000 2
161.000000 2
162.000000 2
163.000000 2
164.000000 2
165.000000 2
166.000000 2
167.000000 2
168.000000 2
169.000000 2
170.000000 2
171.000000 2
172.000000 2
173.000000 2
174.000000 2
175.000000 2
176.000000 2
177.000000 2
178.000000 2
179.000000 2
180.000000 2
181.000000 2
182.000000 2
183.000000 2
184.000000 2
185.000000 2
186.000000 2
187.000000 2
188.000000 2
189.000000 2
190.000000 2
191.000000 2
192.000000 2
193.000000 2
194.000000 2
195.000000 2
196.000000 2
197.000000 2
198.000000 2
199.000000 2
200.000000 5
201.000000 5
202.000000 5
203.000000 5
204.000000 5
205.000000 5
206.000000 5
207.000000 5
208.000000 5
209.000000 5
210.000000 5
211.000000 5
212.000000 5
213.000000 5
214.000000 5
215.000000 5
216.000000 5
217.000000 5
218.000000 5
219.000000 5
220.000000 5
221.000000 5
222.000000 5
223.000000 5
224.000000 5
225.000000 5
226.000000 5
227.000000 5
228.000000 5
229.000000 5
230.000000 5
231.000000 5
232.000000 5
233.000000 5
234.000000 5
235.000000 5
236.000000 5
237.000000 5
238.000000 5
239.000000 5
240.000000 5
241.000000 5
242.000000 5
243.000000 5
244.000000 5
245.000000 5
246.000000 5
247.000000 5
248.000000 5
249.000000 5
250.000000 5
251.000000 5
252.000000 5
253.000000 5
254.000000 5
255.000000 5
256.000000 5
257.000000 5
258.000000 5
259.000000 5
260.000000 5
261.000000 5
262.000000 5
263.000000 5
264.000000 5
265.000000 5
266.000000 5
267.000000 5
268.000000 5
269.000000 5
270.000000 5
271.000000 5
272.000000 5
273.000000 5
274.000000 5
275.000000 5
276.000000 5
277.000000 5
278.000000 5
279.000000 5
280.000000 5
281.000000 5
282.000000 5
283.000000 5
284.000000 5
285.000000 5
286.000000 5
287.000000 5
288.000000 5
289.000000 5
290.000000 5
291.000000 5
292.000000 5
293.000000 5
294.000000 5
295.000000 5
296.000000 5
297.000000 5
298.000000 5
299.000000 5
300.000000 9
301.000000 9
302.000000 9
303.000000 9
304.000000 9
305.000000 9
306.000000 9
307.000000 9
308.000000 9
309.000000 9
310.000000 9
311.000000 9
312.000000 9
313.000000 9
314.000000 9
315.000000 9
316.000000 9
317.000000 9
318.000000 9
319.000000 9
320.000000 9
321.000000 9
322.000000 9
323.000000 9
324.000000 9
325.000000 9
326.000000 9
327.000000 9
328.000000 9
329.000000 9
330.000000 9
331.000000 9
332.000000 9
333.000000 9
334.000000 9
335.000000 9
336.000000 9
337.000000 9
338.000000 9
339.000000 9
340.000000 9
341.000000 9
342.000000 9
343.000000 9
344.000000 9
345.000000 9
346.000000 9
347.000000 9
348.000000 9
349.000000 9
350.000000 9
351.000000 9
352.000000 9
353.000000 9
354.000000 9
355.000000 9
356.000000 9
357.000000 9
358.000000 9
359.000000 9
360.000000 9
361.000000 9
362.000000 9
363.000000 9
364.000000 9
365.000000 9
366.000000 9
367.000000 9
368.000000 9
369.000000 9
370.000000 9
371.000000 9
372.000000 9
373.000000 9
374.000000 9
375.000000 9
376.000000 9
377.000000 9
378.000000 9
379.000000 9
380.000000 9
381.000000 9
382.000000 9
383.000000 9
384.000000 9
385.000000 9
386.000000 9
387.000000 9
388.000000 9
389.000000 9
390.000000 9
391.000000 9
392.000000 9
393.000000 9
394.000000 9
395.000000 9
396.000000 9
397.000000 9
398.000000 9
399.000000 9
400.000000 9
401.000000 9
402.000000 9
403.000000 9
404.000000 9
405.000000 9
406.000000 9
407.000000 9
408.000000 9
409.000000 9
410.000000 9
411.000000 9
412.000000 9
413.000000 9
414.000000 9
415.000000 9
416.000000 9
417.000000 9
418.000000 9
419.000000 9
420.000000 9
421.000000 9
422.000000 9
423.000000 9
424.000000 9
425.000000 9
426.000000 9
427.000000 9
428.000000 9
429.000000 9
430.000000 9
431.000000 9
432.000000 9
433.000000 9
434.000000 9
435.000000 9
436.000000 9
437.000000 9
438.000000 9
439.000000 9
440.000000 9
441.000000 9
442.000000 9
443.000000 9
444.000000 9
445.000000 9
446.000000 9
447.000000 9
448.000000 9
449.000000 9
450.000000 9
451.000000 9
452.000000 9
453.000000 9
454.000000 9
455.000000 9
456.000000 9
457.000000 9
458.000000 9
459.000000 9
460.000000 9
461.000000 9
462.000000 9
463.000000 9
464.000000 9
465.000000 9
466.000000 9
467.000000 9
468.000000 9
469.000000 9
470.000000 9
471.000000 9
472.000000 9
473.000000 9
474.000000 9
475.000000 9
476.000000 9
477.000000 9
478.000000 9
479.000000 9
480.000000 9
481.000000 9
482.000000 9
483.000000 9
484.000000 9
485.000000 9
486.000000 9
487.000000 9
488.000000 9
489.000000 9
490.000000 9
491.000000 9
492.000000 9
493.000000 9
494.000000 9
495.000000 9
496.000000 9
497.000000 9
498.000000 9
499.000000 9
500.000000 9
501.000000 9
502.000000 9
503.000000 9
504.000000 9
505.000000 9
506.000000 9
507.000000 9
508.000000 9
509.000000 9
510.000000 9
511.000000 9
512.000000 9
513.000000 9
514.000000 9
515.000000 9
516.000000 9
517.000000 9
518.000000 9
519.000000 9
520.000000 9
521.000000 9
522.000000 9
523.000000 9
524.000000 9
525.000000 9
526.000000 9
527.000000 9
528.000000 9
529.000000 9
530.000000 9
531.000000 9
532.000000 9
533.000000 9
534.000000 9
535.000000 9
536.000000 9
537.000000 9
538.000000 9
539.000000 9
540.000000 9
541.000000 9
542.000000 9
543.000000 9
544.000000 9
545.000000 9
546.000000 9
547.000000 9
548.000000 9
549.000000 9
550.000000 9
551.000000 9
552.000000 9
553.000000 9
554.000000 9
555.000000 9
556.000000 9
557.000000 9
558.000000 9
559.000000 9
560.000000 9
561.000000 9
562.000000 9
563.000000 9
564.000000 9
565.000000 9
566.000000 9
567.000000 9
568.000000 9
569.000000 9
570.000000 9
571.000000 9
572.000000 9
573.000000 9
574.000000 9
575.000000 9
576.000000 9
577.000000 9
578.000000 9
579.000000 9
580.000000 9
581.000000 9
582.000000 9
583.000000 9
584.000000 9
585.000000 9
586.000000 9
587.000000 9
588.000000 9
589.000000 9
590.000000 9
591.000000 9
592.000000 9
593.000000 9
594.000000 9
595.000000 9
596.000000 9
597.000000 9
598.000000 9
599.000000 9
600.000000 9
601.000000 9
602.000000 9
603.000000 9
604.000000 9
605.000000 9
606.000000 9
607.000000 9
608.000000 9
609.000000 9
610.000000 9
611.000000 9
612.000000 9
613.000000 9
614.000000 9
615.000000 9
616.000000 9
617.000000 9
618.000000 9
619.000000 9
620.000000 9
621.000000 9
622.000000 9
623.000000 9
624.000000 9
625.000000 9
626.000000 9
627.000000 9
628.000000 9
629.000000 9
630.000000 9
631.000000 9
632.000000 9
633.000000 9
634.000000 9
635.000000 9
636.000000 9
637.000000 9
638.000000 9
639.000000 9
640.000000 9
641.000000 9
642.000000 9
643.000000 9
644.000000 9
645.000000 9
646.000000 9
647.000000 9
648.000000 9
649.000000 9
650.000000 9
651.000000 9
652.000000 9
653.000000 9
654.000000 9
655.000000 9
656.000000 9
657.000000 9
658.000000 9
659.000000 9
660.000000 9
661.000000 9
662.000000 9
663.000000 9
664.000000 9
665.000000 9
666.000000 9
667.000000 9
668.000000 9
669.000000 9
670.000000 9
671.000000 9
672.000000 9
673.000000 9
674.000000 9
675.000000 9
676.000000 9
677.000000 9
678.000000 9
679.000000 9
680.000000 9
681.000000 9
682.000000 9
683.000000 9
684.000000 9
685.000000 9
686.000000 9
687.000000 9
688.000000 9
689.000000 9
690.000000 9
691.000000 9
692.000000 9
693.000000 9
694.000000 9
695.000000 9
696.000000 9
697.000000 9
698.000000 9
699.000000 3
700.000000 3
701.000000 3
702.000000 3
703.000000 3
704.000000 3
705.000000 3
706.000000 3
707.000000 3
708.000000 3
709.000000 3
710.000000 3
711.000000 3
712.000000 3
713.000000 3
714.000000 3
715.000000 3
716.000000 3
717.000000 3
718.000000 3
719.000000 3
720.000000 3
721.000000 3
722.000000 3
723.000000 3
724.000000 3
725.000000 3
726.000000 3
727.000000 3
728.000000 3
729.000000 3
730.000000 3
731.000000 3
732.000000 3
733.000000 3
734.000000 3
735.000000 3
736.000000 3
737.000000 3
738.000000 3
739.000000 3
740.000000 3
741.000000 3
742.000000 3
743.000000 3
744.000000 3
745.000000 3
746.000000 3
747.000000 3
748.000000 3
749.000000 3
750.000000 3
751.000000 3
752.000000 3
753.000000 3
754.000000 3
755.000000 3
756.000000 3
757.000000 3
758.000000 3
759.000000 3
760.000000 3
761.000000 3
762.000000 3
763.000000 3
764.000000 3
765.000000 3
766.000000 3
767.000000 3
768.000000 3
769.000000 3
770.000000 3
771.000000 3
772.000000 3
773.000000 3
774.000000 3
775.000000 3
776.000000 3
777.000000 3
778.000000 3
779.000000 3
780.000000 3
781.000000 3
782.000000 3
783.000000 3
784.000000 3
785.000000 3
786.000000 3
787.000000 3
788.000000 3
789.000000 3
790.000000 3
791.000000 3
792.000000 3
793.000000 3
794.000000 3
795.000000 3
796.000000 3
797.000000 3
798.000000 3
799.000000 3
800.000000 3
801.000000 3
802.000000 3
803.000000 3
804.000000 3
805.000000 3
806.000000 3
807.000000 3
808.000000 3
809.000000 3
810.000000 3
811.000000 3
812.000000 3
813.000000 3
814.000000 3
815.000000 3
816.000000 3
817.000000 3
818.000000 3
819.000000 3
820.000000 3
821.000000 3
822.000000 3
823.000000 3
824.000000 3
825.000000 3
826.000000 3
827.000000 3
828.000000 3
829.000000 3
830.000000 3
831.000000 3
832.000000 3
833.000000 3
834.000000 3
835.000000 3
836.000000 3
837.000000 3
838.000000 3
839.000000 3
840.000000 3
841.000000 3
842.000000 3
843.000000 3
844.000000 3
845.000000 3
846.000000 3
847.000000 3
848.000000 3
849.000000 3
850.000000 3
851.000000 3
852.000000 3
853.000000 3
854.000000 3
855.000000 3
856.000000 3
857.000000 3
858.000000 3
859.000000 3
860.000000 3
861.000000 3
862.000000 3
863.000000 3
864.000000 3
865.000000 3
866.000000 3
867.000000 3
868.000000 3
869.000000 3
870.000000 3
871.000000 3
872.000000 3
873.000000 3
874.000000 3
875.000000 3
876.000000 3
877.000000 3
878.000000 3
879.000000 3
880.000000 3
881.000000 3
882.000000 3
883.000000 3
884.000000 3
885.000000 3
886.000000 3
887.000000 3
888.000000 3
889.000000 3
890.000000 3
891.000000 3
892.000000 3
893.000000 3
894.000000 3
895.000000 3
896.000000 3
897.000000 3
898.000000 3
899.000000 3
900.000000 3
901.000000 3
902.000000 3
903.000000 3
904.000000 3
905.000000 3
906.000000 3
907.000000 3
908.000000 3
909.000000 3
910.000000 3
911.000000 3
912.000000 3
913.000000 3
914.000000 3
915.000000 3
916.000000 3
917.000000 3
918.000000 3
919.000000 3
920.000000 3
921.000000 3
922.000000 3
923.000000 3
924.000000 3
925.000000 3
926.000000 3
927.000000 3
928.000000 3
929.000000 3
930.000000 3
931.000000 3
932.000000 3
933.000000 3
934.000000 3
935.000000 3
936.000000 3
937.000000 3
938.000000 3
939.000000 3
940.000000 3
941.000000 3
942.000000 3
943.000000 3
944.000000 3
945.000000 3
946.000000 3
947.000000 3
948.000000 3
949.000000 3
950.000000 3
951.000000 3
952.000000 3
953.000000 3
954.000000 3
955.000000 3
956.000000 3
957.000000 3
958.000000 3
959.000000 3
960.000000 3
961.000000 3
962.000000 3
963.000000 3
964.000000 3
965.000000 3
966.000000 3
967.000000 3
968.000000 3
969.000000 3
970.000000 3
971.000000 3
972.000000 3
973.000000 3
974.000000 3
975.000000 3
976.000000 3
977.000000 3
978.000000 3
979.000000 3
980.000000 3
981.000000 3
982.000000 3
983.000000 3
984.000000 3
985.000000 3
986.000000 3
987.000000 3
988.000000 3
989.000000 3
990.000000 3
991.000000 3
992.000000 3
993.000000 3
994.000000 3
995.000000 3
996.000000 3
997.000000 3
998.000000 3
999.000000 3
