0.000000 0
1.000000 0
2.000000 0
3.000000 0
4.000000 0
5.000000 0
6.000000 0
7.000000 0
8.000000 0
9.000000 0
10.000000 0.026079
11.000000 0.075442
12.000000 0.16579
13.000000 0.24902
14.000000 0.32146
15.000000 0.49468
16.000000 0.73971
17.000000 1.0543
18.000000 1.4216
19.000000 1.819
20.000000 2.2022
21.000000 2.5359
22.000000 2.8728
23.000000 3.1478
24.000000 3.3888
25.000000 3.6066
26.000000 3.8174
27.000000 4.0164
28.000000 4.1927
29.000000 4.3595
30.000000 4.5059
31.000000 4.6355
32.000000 4.7658
33.000000 4.8747
34.000000 4.96
35.000000 4.9821
36.000000 5.0041
37.000000 4.9942
38.000000 4.9761
39.000000 4.9335
40.000000 4.8733
41.000000 4.7952
42.000000 4.733
43.000000 4.6693
44.000000 4.6289
45.000000 4.6043
46.000000 4.6316
47.000000 4.6656
48.000000 4.6782
49.000000 4.7385
50.000000 4.7592
51.000000 4.7695
52.000000 4.7896
53.000000 4.8272
54.000000 4.8749
55.000000 4.9066
56.000000 4.9352
57.000000 4.9609
58.000000 4.9581
59.000000 4.9234
60.000000 4.9173
61.000000 4.9211
62.000000 4.8978
63.000000 4.8905
64.000000 4.8944
65.000000 4.8969
66.000000 4.9036
67.000000 4.9053
68.000000 4.9106
69.000000 4.9005
70.000000 4.8907
71.000000 4.9012
72.000000 4.9284
73.000000 4.9562
74.000000 4.9966
75.000000 5.034
76.000000 5.0996
77.000000 5.1246
78.000000 5.1217
79.000000 5.1369
80.000000 5.137
81.000000 5.1324
82.000000 5.0942
83.000000 5.0518
84.000000 5.0255
85.000000 5.0115
86.000000 5.0227
87.000000 5.0107
88.000000 4.9905
89.000000 4.98
90.000000 4.9721
91.000000 4.9641
92.000000 4.981
93.000000 5.0068
94.000000 5.046
95.000000 5.0486
96.000000 5.0808
97.000000 5.0979
98.000000 5.1277
99.000000 5.136
100.000000 5.1568
101.000000 5.1544
102.000000 5.1313
103.000000 5.102
104.000000 5.0992
105.000000 5.1232
106.000000 5.1569
107.000000 5.1657
108.000000 5.1519
109.000000 5.1731
110.000000 5.1925
111.000000 5.2066
112.000000 5.2117
113.000000 5.2264
114.000000 5.2235
115.000000 5.2438
116.000000 5.2434
117.000000 5.2435
118.000000 5.2597
119.000000 5.3044
120.000000 5.3572
121.000000 5.3758
122.000000 5.4094
123.000000 5.3942
124.000000 5.3615
125.000000 5.3135
126.000000 5.2633
127.000000 5.2364
128.000000 5.216
129.000000 5.1872
130.000000 5.1313
131.000000 5.1109
132.000000 5.0807
133.000000 5.0825
134.000000 5.0779
135.000000 5.046
136.000000 5.0262
137.000000 5.0178
138.000000 5.0231
139.000000 5.0284
140.000000 5.0232
141.000000 5.019
142.000000 5.0009
143.000000 4.9438
144.000000 4.9075
145.000000 4.8757
146.000000 4.8646
147.000000 4.8785
148.000000 4.8796
149.000000 4.9074
150.000000 4.9075
151.000000 4.8751
152.000000 4.8597
153.000000 4.8879
154.000000 4.9
155.000000 4.9418
156.000000 4.9681
157.000000 4.9647
158.000000 4.9724
159.000000 4.9583
160.000000 4.9531
161.000000 4.949
162.000000 4.9373
163.000000 4.9468
164.000000 4.926
165.000000 4.9476
166.000000 4.9617
167.000000 4.9668
168.000000 4.9775
169.000000 5.0055
170.000000 5.0408
171.000000 5.0736
172.000000 5.0959
173.000000 5.1483
174.000000 5.154
175.000000 5.1535
176.000000 5.1562
177.000000 5.1883
178.000000 5.2034
179.000000 5.1952
180.000000 5.1703
181.000000 5.1542
182.000000 5.0985
183.000000 5.0532
184.000000 5.0399
185.000000 5.0529
186.000000 5.0386
187.000000 5.0475
188.000000 5.0295
189.000000 5.0491
190.000000 5.0535
191.000000 5.0508
192.000000 5.0296
193.000000 4.9895
194.000000 4.9681
195.000000 4.9876
196.000000 4.9767
197.000000 4.9554
198.000000 4.963
199.000000 4.9932
200.000000 5.022
201.000000 5.0693
202.000000 5.1128
203.000000 5.2222
204.000000 5.3532
205.000000 5.5064
206.000000 5.698
207.000000 5.8087
208.000000 5.8387
209.000000 5.8424
210.000000 5.7953
211.000000 5.7261
212.000000 5.64
213.000000 5.5298
214.000000 5.3944
215.000000 5.2492
216.000000 5.1247
217.000000 5.008
218.000000 4.863
219.000000 4.7309
220.000000 4.5868
221.000000 4.4348
222.000000 4.251
223.000000 4.0743
224.000000 3.9089
225.000000 3.7682
226.000000 3.6451
227.000000 3.5181
228.000000 3.4198
229.000000 3.306
230.000000 3.2004
231.000000 3.0617
232.000000 2.9387
233.000000 2.8436
234.000000 2.7492
235.000000 2.664
236.000000 2.575
237.000000 2.4831
238.000000 2.4251
239.000000 2.4136
240.000000 2.4167
241.000000 2.3941
242.000000 2.3643
243.000000 2.315
244.000000 2.2896
245.000000 2.226
246.000000 2.1805
247.000000 2.1344
248.000000 2.1275
249.000000 2.1617
250.000000 2.1959
251.000000 2.2251
252.000000 2.228
253.000000 2.251
254.000000 2.2643
255.000000 2.2313
256.000000 2.225
257.000000 2.1923
258.000000 2.1841
259.000000 2.1901
260.000000 2.173
261.000000 2.1686
262.000000 2.1999
263.000000 2.2166
264.000000 2.2103
265.000000 2.1768
266.000000 2.143
267.000000 2.1299
268.000000 2.0999
269.000000 2.0458
270.000000 1.9923
271.000000 1.9785
272.000000 1.9701
273.000000 1.9729
274.000000 1.9434
275.000000 1.9182
276.000000 1.8901
277.000000 1.9048
278.000000 1.9258
279.000000 1.9749
280.000000 1.9983
281.000000 2.0288
282.000000 2.0388
283.000000 2.0622
284.000000 2.0364
285.000000 2.0349
286.000000 2.0665
287.000000 2.0731
288.000000 2.0821
289.000000 2.083
290.000000 2.0732
291.000000 2.0625
292.000000 2.0571
293.000000 2.0528
294.000000 2.0757
295.000000 2.0982
296.000000 2.1037
297.000000 2.1192
298.000000 2.1373
299.000000 2.1589
300.000000 2.1401
301.000000 2.0895
302.000000 2.1357
303.000000 2.2442
304.000000 2.3917
305.000000 2.5793
306.000000 2.8151
307.000000 3.0254
308.000000 3.198
309.000000 3.3462
310.000000 3.4664
311.000000 3.5698
312.000000 3.6435
313.000000 3.669
314.000000 3.6971
315.000000 3.7082
316.000000 3.7021
317.000000 3.6621
318.000000 3.589
319.000000 3.5203
320.000000 3.4504
321.000000 3.3748
322.000000 3.3047
323.000000 3.2368
324.000000 3.1896
325.000000 3.1126
326.000000 2.9945
327.000000 2.8539
328.000000 2.7446
329.000000 2.654
330.000000 2.6011
331.000000 2.546
332.000000 2.508
333.000000 2.4827
334.000000 2.4722
335.000000 2.4529
336.000000 2.4688
337.000000 2.479
338.000000 2.4815
339.000000 2.4856
340.000000 2.4792
341.000000 2.4699
342.000000 2.4484
343.000000 2.4262
344.000000 2.388
345.000000 2.3773
346.000000 2.3342
347.000000 2.2619
348.000000 2.2276
349.000000 2.1882
350.000000 2.1867
351.000000 2.213
352.000000 2.237
353.000000 2.2367
354.000000 2.2023
355.000000 2.1776
356.000000 2.1372
357.000000 2.1012
358.000000 2.0662
359.000000 2.0289
360.000000 1.9892
361.000000 1.9527
362.000000 1.9339
363.000000 1.9313
364.000000 1.9061
365.000000 1.912
366.000000 1.9397
367.000000 1.9411
368.000000 1.9619
369.000000 2.0236
370.000000 2.0673
371.000000 2.1232
372.000000 2.1292
373.000000 2.1376
374.000000 2.1328
375.000000 2.0845
376.000000 2.0469
377.000000 2.0201
378.000000 2.0135
379.000000 2.0082
380.000000 2.0069
381.000000 1.9889
382.000000 1.9977
383.000000 2.0111
384.000000 2.0115
385.000000 2.0175
386.000000 2.0043
387.000000 1.9754
388.000000 1.9569
389.000000 1.9545
390.000000 1.9298
391.000000 1.9135
392.000000 1.8747
393.000000 1.8467
394.000000 1.8403
395.000000 1.8483
396.000000 1.8606
397.000000 1.8821
398.000000 1.9015
399.000000 1.9158
400.000000 1.8976
401.000000 1.9202
402.000000 1.9432
403.000000 1.9611
404.000000 1.9491
405.000000 1.9612
406.000000 1.9918
407.000000 2.0138
408.000000 2.0548
409.000000 2.0845
410.000000 2.0944
411.000000 2.0809
412.000000 2.0842
413.000000 2.0594
414.000000 2.0546
415.000000 2.0636
416.000000 2.0616
417.000000 2.0826
418.000000 2.092
419.000000 2.0898
420.000000 2.098
421.000000 2.1089
422.000000 2.1034
423.000000 2.0916
424.000000 2.1097
425.000000 2.1486
426.000000 2.1662
427.000000 2.1739
428.000000 2.1805
429.000000 2.1761
430.000000 2.1785
431.000000 2.1679
432.000000 2.1787
433.000000 2.1775
434.000000 2.1465
435.000000 2.0979
436.000000 2.0777
437.000000 2.0713
438.000000 2.0643
439.000000 2.0733
440.000000 2.074
441.000000 2.0762
442.000000 2.0569
443.000000 2.0359
444.000000 2.0474
445.000000 2.0605
446.000000 2.0556
447.000000 2.0784
448.000000 2.0954
449.000000 2.0929
450.000000 2.084
451.000000 2.0733
452.000000 2.083
453.000000 2.0878
454.000000 2.0918
455.000000 2.0945
456.000000 2.126
457.000000 2.1146
458.000000 2.075
459.000000 2.0379
460.000000 1.9874
461.000000 1.9336
462.000000 1.8992
463.000000 1.8914
464.000000 1.8993
465.000000 1.9214
466.000000 1.9705
467.000000 2.0223
468.000000 2.0631
469.000000 2.079
470.000000 2.1156
471.000000 2.1566
472.000000 2.198
473.000000 2.2448
474.000000 2.2891
475.000000 2.3557
476.000000 2.4112
477.000000 2.4851
478.000000 2.5305
479.000000 2.5371
480.000000 2.496
481.000000 2.4656
482.000000 2.4525
483.000000 2.4499
484.000000 2.4007
485.000000 2.3574
486.000000 2.2933
487.000000 2.2392
488.000000 2.2048
489.000000 2.1647
490.000000 2.1718
491.000000 2.1625
492.000000 2.179
493.000000 2.1812
494.000000 2.1816
495.000000 2.2024
496.000000 2.1964
497.000000 2.2228
498.000000 2.2301
499.000000 2.2331
500.000000 2.2356
501.000000 2.2338
502.000000 2.2347
503.000000 2.2112
504.000000 2.2194
505.000000 2.2401
506.000000 2.2671
507.000000 2.4516
508.000000 2.7113
509.000000 3.0058
510.000000 3.3741
511.000000 3.7496
512.000000 4.1623
513.000000 4.5615
514.000000 4.9557
515.000000 5.2932
516.000000 5.5873
517.000000 5.8265
518.000000 6.064
519.000000 6.2751
520.000000 6.4781
521.000000 6.6232
522.000000 6.725
523.000000 6.854
524.000000 6.9738
525.000000 7.0868
526.000000 7.2103
527.000000 7.2957
528.000000 7.3958
529.000000 7.5184
530.000000 7.6433
531.000000 7.719
532.000000 7.757
533.000000 7.7982
534.000000 7.8875
535.000000 7.9593
536.000000 8.0436
537.000000 8.1085
538.000000 8.1783
539.000000 8.2154
540.000000 8.2532
541.000000 8.3018
542.000000 8.3206
543.000000 8.3863
544.000000 8.4397
545.000000 8.525
546.000000 8.6043
547.000000 8.6923
548.000000 8.7364
549.000000 8.7661
550.000000 8.7936
551.000000 8.8453
552.000000 8.9188
553.000000 8.9768
554.000000 9.0194
555.000000 9.0559
556.000000 9.0742
557.000000 9.0634
558.000000 9.0552
559.000000 9.0626
560.000000 9.0871
561.000000 9.1109
562.000000 9.0959
563.000000 9.0646
564.000000 9.0184
565.000000 8.9837
566.000000 8.9864
567.000000 8.9673
568.000000 8.9597
569.000000 8.9715
570.000000 8.9594
571.000000 8.9653
572.000000 8.9968
573.000000 9.0431
574.000000 9.1017
575.000000 9.1361
576.000000 9.1941
577.000000 9.2259
578.000000 9.275
579.000000 9.2913
580.000000 9.3171
581.000000 9.3316
582.000000 9.3361
583.000000 9.3215
584.000000 9.3421
585.000000 9.3594
586.000000 9.3365
587.000000 9.3177
588.000000 9.3031
589.000000 9.2889
590.000000 9.2251
591.000000 9.1886
592.000000 9.1516
593.000000 9.1226
594.000000 9.1077
595.000000 9.1337
596.000000 9.1612
597.000000 9.191
598.000000 9.2071
599.000000 9.1942
600.000000 9.1708
601.000000 9.159
602.000000 9.1409
603.000000 9.1065
604.000000 9.0583
605.000000 9.0334
606.000000 9.0021
607.000000 8.9756
608.000000 8.9849
609.000000 9.0266
610.000000 9.047
611.000000 9.0651
612.000000 9.0663
613.000000 9.0455
614.000000 9.0451
615.000000 9.0522
616.000000 9.0848
617.000000 9.0999
618.000000 9.124
619.000000 9.1255
620.000000 9.1162
621.000000 9.1294
622.000000 9.1626
623.000000 9.1964
624.000000 9.2022
625.000000 9.1742
626.000000 9.1275
627.000000 9.0733
628.000000 9.0253
629.000000 9.0105
630.000000 8.9697
631.000000 8.9461
632.000000 8.9314
633.000000 8.9187
634.000000 8.8803
635.000000 8.8441
636.000000 8.7899
637.000000 8.7445
638.000000 8.7331
639.000000 8.7378
640.000000 8.7363
641.000000 8.7608
642.000000 8.7833
643.000000 8.8051
644.000000 8.8337
645.000000 8.861
646.000000 8.8719
647.000000 8.8808
648.000000 8.8898
649.000000 8.9051
650.000000 8.9379
651.000000 8.9879
652.000000 8.996
653.000000 9.0235
654.000000 9.0345
655.000000 9.069
656.000000 9.0862
657.000000 9.0711
658.000000 9.0295
659.000000 8.9884
660.000000 8.9404
661.000000 8.8991
662.000000 8.867
663.000000 8.8292
664.000000 8.7886
665.000000 8.7715
666.000000 8.7749
667.000000 8.8073
668.000000 8.7984
669.000000 8.8195
670.000000 8.8537
671.000000 8.9156
672.000000 8.967
673.000000 8.9765
674.000000 8.9809
675.000000 8.9873
676.000000 9.0241
677.000000 9.055
678.000000 9.0775
679.000000 9.1101
680.000000 9.147
681.000000 9.1554
682.000000 9.1516
683.000000 9.1564
684.000000 9.1445
685.000000 9.1364
686.000000 9.1204
687.000000 9.0928
688.000000 9.0503
689.000000 9.0196
690.000000 8.9999
691.000000 8.9728
692.000000 8.978
693.000000 8.985
694.000000 8.9727
695.000000 8.9752
696.000000 9.0055
697.000000 9.0204
698.000000 9.032
699.000000 9.0307
700.000000 9.0083
701.000000 8.8962
702.000000 8.7217
703.000000 8.4946
704.000000 8.2066
705.000000 7.8465
706.000000 7.4835
707.000000 7.1467
708.000000 6.8396
709.000000 6.5606
710.000000 6.3615
711.000000 6.1997
712.000000 6.1017
713.000000 6.0717
714.000000 6.0779
715.000000 6.1085
716.000000 6.1734
717.000000 6.2676
718.000000 6.3897
719.000000 6.5379
720.000000 6.7067
721.000000 6.8639
722.000000 6.9964
723.000000 7.1225
724.000000 7.2306
725.000000 7.3196
726.000000 7.4078
727.000000 7.5161
728.000000 7.6267
729.000000 7.7392
730.000000 7.8547
731.000000 7.9569
732.000000 8.0844
733.000000 8.2217
734.000000 8.3429
735.000000 8.4333
736.000000 8.5098
737.000000 8.5652
738.000000 8.574
739.000000 8.5511
740.000000 8.5397
741.000000 8.5405
742.000000 8.5178
743.000000 8.5074
744.000000 8.4807
745.000000 8.4909
746.000000 8.5254
747.000000 8.5938
748.000000 8.6604
749.000000 8.7408
750.000000 8.8222
751.000000 8.8945
752.000000 8.9576
753.000000 9.0104
754.000000 9.0173
755.000000 9.001
756.000000 9.0251
757.000000 9.0086
758.000000 8.985
759.000000 8.9767
760.000000 8.9932
761.000000 8.9597
762.000000 8.9302
763.000000 8.9106
764.000000 8.8991
765.000000 8.8985
766.000000 8.8833
767.000000 8.8648
768.000000 8.8423
769.000000 8.8273
770.000000 8.8172
771.000000 8.8426
772.000000 8.8825
773.000000 8.9203
774.000000 8.9344
775.000000 8.9307
776.000000 8.8955
777.000000 8.891
778.000000 8.8795
779.000000 8.8727
780.000000 8.8764
781.000000 8.861
782.000000 8.8325
783.000000 8.803
784.000000 8.7979
785.000000 8.8107
786.000000 8.8576
787.000000 8.927
788.000000 8.9654
789.000000 8.9992
790.000000 9.008
791.000000 9.006
792.000000 8.976
793.000000 8.9341
794.000000 8.9229
795.000000 8.9312
796.000000 8.9608
797.000000 9.0087
798.000000 9.0542
799.000000 9.0632
800.000000 9.1059
801.000000 9.148
802.000000 9.1979
803.000000 9.239
804.000000 9.2853
805.000000 9.3396
806.000000 9.3605
807.000000 9.3962
808.000000 9.3992
809.000000 9.3946
810.000000 9.4067
811.000000 9.3949
812.000000 9.3901
813.000000 9.3826
814.000000 9.3726
815.000000 9.3432
816.000000 9.3364
817.000000 9.3285
818.000000 9.3208
819.000000 9.3354
820.000000 9.3456
821.000000 9.3081
822.000000 9.245
823.000000 9.1872
824.000000 9.1685
825.000000 9.1565
826.000000 9.1688
827.000000 9.1896
828.000000 9.1855
829.000000 9.192
830.000000 9.2035
831.000000 9.1965
832.000000 9.2122
833.000000 9.2099
834.000000 9.1749
835.000000 9.1361
836.000000 9.0971
837.000000 9.0577
838.000000 8.9892
839.000000 8.9502
840.000000 8.9204
841.000000 8.8955
842.000000 8.8892
843.000000 8.9049
844.000000 8.9238
845.000000 8.9109
846.000000 8.9157
847.000000 8.9366
848.000000 8.9734
849.000000 9.0239
850.000000 9.0409
851.000000 9.0469
852.000000 9.0294
853.000000 9.0007
854.000000 8.9696
855.000000 8.9749
856.000000 8.9491
857.000000 8.924
858.000000 8.917
859.000000 8.9133
860.000000 8.9467
861.000000 9.0013
862.000000 9.0394
863.000000 9.0746
864.000000 9.0687
865.000000 9.0568
866.000000 9.024
867.000000 8.9965
868.000000 9.0028
869.000000 9.029
870.000000 9.0194
871.000000 9.0188
872.000000 9.0155
873.000000 8.9857
874.000000 8.9874
875.000000 9.0165
876.000000 9.0118
877.000000 9.0175
878.000000 9.0455
879.000000 9.096
880.000000 9.1466
881.000000 9.2013
882.000000 9.2089
883.000000 9.1914
884.000000 9.1857
885.000000 9.1736
886.000000 9.1533
887.000000 9.1304
888.000000 9.0872
889.000000 9.0304
890.000000 8.9897
891.000000 8.9747
892.000000 8.9613
893.000000 8.9346
894.000000 8.9013
895.000000 8.8775
896.000000 8.8461
897.000000 8.8291
898.000000 8.8095
899.000000 8.8134
900.000000 8.8051
901.000000 8.8045
902.000000 8.8126
903.000000 8.8323
904.000000 8.8222
905.000000 8.8202
906.000000 8.8513
907.000000 8.8618
908.000000 8.8968
909.000000 8.9497
910.000000 8.9947
911.000000 9.0137
912.000000 9.0238
913.000000 9.0154
914.000000 8.9756
915.000000 8.9471
916.000000 8.9232
917.000000 8.8888
918.000000 8.8852
919.000000 8.8966
920.000000 8.908
921.000000 8.9059
922.000000 8.9187
923.000000 8.9142
924.000000 8.9252
925.000000 8.925
926.000000 8.9436
927.000000 8.9756
928.000000 9.0142
929.000000 9.0264
930.000000 9.0084
931.000000 8.9769
932.000000 8.9411
933.000000 8.8909
934.000000 8.8331
935.000000 8.8232
936.000000 8.8489
937.000000 8.8883
938.000000 8.9184
939.000000 8.929
940.000000 8.9383
941.000000 8.9574
942.000000 8.9689
943.000000 9.0168
944.000000 9.0507
945.000000 9.0681
946.000000 9.1135
947.000000 9.1439
948.000000 9.128
949.000000 9.1167
950.000000 9.1182
951.000000 9.1071
952.000000 9.0846
953.000000 9.0723
954.000000 9.0727
955.000000 9.0768
956.000000 9.096
957.000000 9.1178
958.000000 9.1179
959.000000 9.1003
960.000000 9.0666
961.000000 9.0407
962.000000 9.0508
963.000000 9.0846
964.000000 9.091
965.000000 9.0951
966.000000 9.0889
967.000000 9.1107
968.000000 9.1304
969.000000 9.1322
970.000000 9.113
971.000000 9.1289
972.000000 9.1346
973.000000 9.1324
974.000000 9.1263
975.000000 9.1221
976.000000 9.1249
977.000000 9.121
978.000000 9.0966
979.000000 9.0943
980.000000 9.0986
981.000000 9.0862
982.000000 9.0707
983.000000 9.0552
984.000000 9.0068
985.000000 8.9867
986.000000 8.9654
987.000000 8.9271
988.000000 8.9259
989.000000 8.9496
990.000000 8.9628
991.000000 8.9711
992.000000 8.9911
993.000000 8.9972
994.000000 9.0189
995.000000 9.0514
996.000000 9.0509
997.000000 9.0618
998.000000 9.0419
999.000000 9.0558
