0.000000 0
1.000000 0
2.000000 0
3.000000 0
4.000000 0
5.000000 0
6.000000 0
7.000000 0
8.000000 0
9.000000 0
10.000000 0
11.000000 0.12184
12.000000 0.37633
13.000000 0.7308
14.000000 1.1907
15.000000 1.6469
16.000000 2.0902
17.000000 2.476
18.000000 2.8098
19.000000 3.0806
20.000000 3.3172
21.000000 3.5334
22.000000 3.6935
23.000000 3.8017
24.000000 3.9018
25.000000 3.9454
26.000000 3.9504
27.000000 3.9195
28.000000 3.871
29.000000 3.811
30.000000 3.735
31.000000 3.6222
32.000000 3.4925
33.000000 3.3573
34.000000 3.2411
35.000000 3.0832
36.000000 2.9085
37.000000 2.7106
38.000000 2.5492
39.000000 2.3922
40.000000 2.26
41.000000 2.1758
42.000000 2.1144
43.000000 2.0708
44.000000 2.0109
45.000000 1.9777
46.000000 1.9278
47.000000 1.8606
48.000000 1.8201
49.000000 1.7811
50.000000 1.7642
51.000000 1.7687
52.000000 1.7663
53.000000 1.748
54.000000 1.7392
55.000000 1.7297
56.000000 1.7527
57.000000 1.7818
58.000000 1.769
59.000000 1.793
60.000000 1.7984
61.000000 1.7603
62.000000 1.7422
63.000000 1.7319
64.000000 1.6968
65.000000 1.629
66.000000 1.5912
67.000000 1.6066
68.000000 1.6327
69.000000 1.665
70.000000 1.7147
71.000000 1.7931
72.000000 1.8942
73.000000 1.9628
74.000000 2.023
75.000000 2.073
76.000000 2.1262
77.000000 2.1313
78.000000 2.1316
79.000000 2.1055
80.000000 2.0784
81.000000 2.0834
82.000000 2.1042
83.000000 2.1167
84.000000 2.0914
85.000000 2.0742
86.000000 2.0589
87.000000 2.0325
88.000000 2.0393
89.000000 2.0469
90.000000 2.0708
91.000000 2.0623
92.000000 2.0604
93.000000 2.0549
94.000000 2.0716
95.000000 2.0452
96.000000 2.0163
97.000000 1.9577
98.000000 1.9196
99.000000 1.8429
100.000000 1.7801
101.000000 1.7527
102.000000 1.7768
103.000000 1.767
104.000000 1.7354
105.000000 1.7414
106.000000 1.7672
107.000000 1.7972
108.000000 1.7991
109.000000 1.8145
110.000000 1.8076
111.000000 1.8429
112.000000 1.8506
113.000000 1.8603
114.000000 1.8969
115.000000 1.936
116.000000 1.9696
117.000000 1.9659
118.000000 1.98
119.000000 1.9559
120.000000 1.9476
121.000000 1.9265
122.000000 1.9197
123.000000 1.9495
124.000000 1.9781
125.000000 1.9873
126.000000 1.9382
127.000000 1.9369
128.000000 1.8995
129.000000 1.8745
130.000000 1.8484
131.000000 1.8028
132.000000 1.7537
133.000000 1.7532
134.000000 1.7892
135.000000 1.8631
136.000000 1.9468
137.000000 2.0122
138.000000 2.0602
139.000000 2.0581
140.000000 2.0523
141.000000 2.0387
142.000000 2.053
143.000000 2.0508
144.000000 2.0627
145.000000 2.0555
146.000000 2.0338
147.000000 1.9836
148.000000 1.9142
149.000000 1.8988
150.000000 1.8391
151.000000 1.8452
152.000000 1.8307
153.000000 1.7713
154.000000 1.7429
155.000000 1.7251
156.000000 1.7471
157.000000 1.7724
158.000000 1.7622
159.000000 1.7728
160.000000 1.7815
161.000000 1.8241
162.000000 1.851
163.000000 1.8453
164.000000 1.8446
165.000000 1.8537
166.000000 1.8389
167.000000 1.8796
168.000000 1.9134
169.000000 1.9837
170.000000 2.0305
171.000000 2.1075
172.000000 2.1863
173.000000 2.2365
174.000000 2.2341
175.000000 2.238
176.000000 2.2114
177.000000 2.1658
178.000000 2.1111
179.000000 2.0668
180.000000 2.0644
181.000000 2.0645
182.000000 2.0315
183.000000 2.0317
184.000000 1.9896
185.000000 2.0059
186.000000 1.9977
187.000000 1.9984
188.000000 1.982
189.000000 1.9432
190.000000 1.9274
191.000000 1.9661
192.000000 1.987
193.000000 2.0129
194.000000 2.051
195.000000 2.1021
196.000000 2.1466
197.000000 2.2116
198.000000 2.2168
199.000000 2.2053
200.000000 2.1869
201.000000 2.1514
202.000000 2.1206
203.000000 1.9957
204.000000 1.8514
205.000000 1.7566
206.000000 1.6652
207.000000 1.6243
208.000000 1.6314
209.000000 1.6364
210.000000 1.6269
211.000000 1.6569
212.000000 1.7169
213.000000 1.8149
214.000000 1.8747
215.000000 1.9907
216.000000 2.0943
217.000000 2.1962
218.000000 2.3018
219.000000 2.4286
220.000000 2.5794
221.000000 2.7412
222.000000 2.8836
223.000000 3.0298
224.000000 3.1761
225.000000 3.2827
226.000000 3.3858
227.000000 3.4621
228.000000 3.5694
229.000000 3.6568
230.000000 3.7529
231.000000 3.8315
232.000000 3.8833
233.000000 3.9087
234.000000 3.9674
235.000000 4.0757
236.000000 4.1787
237.000000 4.2684
238.000000 4.3563
239.000000 4.4118
240.000000 4.4919
241.000000 4.5512
242.000000 4.6095
243.000000 4.6409
244.000000 4.678
245.000000 4.7478
246.000000 4.8001
247.000000 4.8552
248.000000 4.9052
249.000000 4.9498
250.000000 5.0077
251.000000 5.0379
252.000000 5.0992
253.000000 5.1002
254.000000 5.1183
255.000000 5.1584
256.000000 5.1468
257.000000 5.1359
258.000000 5.156
259.000000 5.1492
260.000000 5.1285
261.000000 5.0952
262.000000 5.0545
263.000000 5.0499
264.000000 5.0558
265.000000 5.0454
266.000000 5.0359
267.000000 5.0501
268.000000 5.1113
269.000000 5.1677
270.000000 5.19
271.000000 5.1972
272.000000 5.1596
273.000000 5.1674
274.000000 5.1339
275.000000 5.1286
276.000000 5.083
277.000000 5.0332
278.000000 4.9829
279.000000 4.9907
280.000000 4.998
281.000000 5.0274
282.000000 5.073
283.000000 5.0951
284.000000 5.1211
285.000000 5.1448
286.000000 5.1286
287.000000 5.1381
288.000000 5.1759
289.000000 5.2432
290.000000 5.3305
291.000000 5.3786
292.000000 5.3795
293.000000 5.3681
294.000000 5.3384
295.000000 5.289
296.000000 5.2419
297.000000 5.19
298.000000 5.1887
299.000000 5.2238
300.000000 5.2538
301.000000 5.2912
302.000000 5.3233
303.000000 5.2914
304.000000 5.3349
305.000000 5.3942
306.000000 5.5159
307.000000 5.6765
308.000000 5.8642
309.000000 6.0276
310.000000 6.1761
311.000000 6.3655
312.000000 6.5121
313.000000 6.6333
314.000000 6.7291
315.000000 6.8053
316.000000 6.9106
317.000000 6.9876
318.000000 7.1126
319.000000 7.2486
320.000000 7.3768
321.000000 7.495
322.000000 7.5833
323.000000 7.6574
324.000000 7.7625
325.000000 7.8787
326.000000 8.0168
327.000000 8.1347
328.000000 8.2408
329.000000 8.3474
330.000000 8.4473
331.000000 8.4929
332.000000 8.5725
333.000000 8.6183
334.000000 8.6374
335.000000 8.6618
336.000000 8.6879
337.000000 8.7209
338.000000 8.7853
339.000000 8.8326
340.000000 8.8767
341.000000 8.9174
342.000000 8.9107
343.000000 8.882
344.000000 8.8468
345.000000 8.8302
346.000000 8.8108
347.000000 8.8282
348.000000 8.8186
349.000000 8.7605
350.000000 8.7159
351.000000 8.6965
352.000000 8.6984
353.000000 8.7084
354.000000 8.7286
355.000000 8.7377
356.000000 8.7239
357.000000 8.7082
358.000000 8.6845
359.000000 8.6951
360.000000 8.6861
361.000000 8.7117
362.000000 8.7491
363.000000 8.7793
364.000000 8.8333
365.000000 8.8896
366.000000 8.9076
367.000000 8.9525
368.000000 8.9674
369.000000 8.9897
370.000000 9.0405
371.000000 9.0753
372.000000 9.1097
373.000000 9.1642
374.000000 9.186
375.000000 9.1555
376.000000 9.1009
377.000000 9.0142
378.000000 8.9636
379.000000 8.9346
380.000000 8.908
381.000000 8.9338
382.000000 8.9409
383.000000 8.9336
384.000000 8.908
385.000000 8.8959
386.000000 8.876
387.000000 8.8252
388.000000 8.7657
389.000000 8.7098
390.000000 8.721
391.000000 8.7393
392.000000 8.7442
393.000000 8.7746
394.000000 8.7903
395.000000 8.7913
396.000000 8.758
397.000000 8.7437
398.000000 8.7425
399.000000 8.7253
400.000000 8.6783
401.000000 8.667
402.000000 8.6719
403.000000 8.6921
404.000000 8.7128
405.000000 8.7582
406.000000 8.7851
407.000000 8.804
408.000000 8.8348
409.000000 8.8613
410.000000 8.9085
411.000000 8.9578
412.000000 8.9741
413.000000 8.974
414.000000 8.9397
415.000000 8.8833
416.000000 8.8382
417.000000 8.8057
418.000000 8.762
419.000000 8.7242
420.000000 8.7414
421.000000 8.7688
422.000000 8.784
423.000000 8.7781
424.000000 8.7548
425.000000 8.7244
426.000000 8.7147
427.000000 8.686
428.000000 8.6691
429.000000 8.6336
430.000000 8.5963
431.000000 8.5865
432.000000 8.6255
433.000000 8.6693
434.000000 8.7341
435.000000 8.7995
436.000000 8.8283
437.000000 8.8527
438.000000 8.8546
439.000000 8.8579
440.000000 8.8858
441.000000 8.9594
442.000000 8.9913
443.000000 9.0261
444.000000 9.0475
445.000000 9.087
446.000000 9.0961
447.000000 9.0714
448.000000 9.0773
449.000000 9.0907
450.000000 9.0973
451.000000 9.0783
452.000000 9.1079
453.000000 9.1082
454.000000 9.0788
455.000000 9.0246
456.000000 8.9375
457.000000 8.844
458.000000 8.8169
459.000000 8.792
460.000000 8.7845
461.000000 8.8168
462.000000 8.8601
463.000000 8.9106
464.000000 8.935
465.000000 8.9538
466.000000 8.9466
467.000000 8.9068
468.000000 8.8919
469.000000 8.8636
470.000000 8.8154
471.000000 8.7744
472.000000 8.7867
473.000000 8.8461
474.000000 8.8945
475.000000 8.9404
476.000000 8.9512
477.000000 8.9851
478.000000 9.0007
479.000000 9.0484
480.000000 9.0239
481.000000 8.9956
482.000000 8.9408
483.000000 8.9107
484.000000 8.9089
485.000000 8.8799
486.000000 8.856
487.000000 8.7997
488.000000 8.7617
489.000000 8.6883
490.000000 8.626
491.000000 8.5953
492.000000 8.5819
493.000000 8.6099
494.000000 8.6164
495.000000 8.6229
496.000000 8.6335
497.000000 8.6515
498.000000 8.6723
499.000000 8.6854
500.000000 8.7349
501.000000 8.8218
502.000000 8.9252
503.000000 9.2446
504.000000 9.6502
505.000000 10.088
506.000000 10.59
507.000000 11.084
508.000000 11.584
509.000000 12.02
510.000000 12.394
511.000000 12.652
512.000000 12.831
513.000000 12.927
514.000000 12.99
515.000000 12.968
516.000000 12.929
517.000000 12.805
518.000000 12.644
519.000000 12.485
520.000000 12.343
521.000000 12.212
522.000000 12.075
523.000000 11.887
524.000000 11.687
525.000000 11.52
526.000000 11.362
527.000000 11.157
528.000000 10.941
529.000000 10.719
530.000000 10.564
531.000000 10.438
532.000000 10.335
533.000000 10.186
534.000000 10.045
535.000000 9.8848
536.000000 9.7521
537.000000 9.6016
538.000000 9.4406
539.000000 9.3548
540.000000 9.248
541.000000 9.1816
542.000000 9.1582
543.000000 9.1624
544.000000 9.1139
545.000000 9.0774
546.000000 9.0739
547.000000 9.1038
548.000000 9.1292
549.000000 9.177
550.000000 9.2004
551.000000 9.209
552.000000 9.1906
553.000000 9.1622
554.000000 9.1571
555.000000 9.1569
556.000000 9.1658
557.000000 9.165
558.000000 9.1114
559.000000 9.0423
560.000000 8.9586
561.000000 8.8877
562.000000 8.8398
563.000000 8.7834
564.000000 8.7203
565.000000 8.662
566.000000 8.6018
567.000000 8.551
568.000000 8.5474
569.000000 8.5473
570.000000 8.576
571.000000 8.6033
572.000000 8.6419
573.000000 8.6682
574.000000 8.737
575.000000 8.8064
576.000000 8.8991
577.000000 8.952
578.000000 9.0156
579.000000 9.033
580.000000 9.0852
581.000000 9.1171
582.000000 9.1315
583.000000 9.1612
584.000000 9.1758
585.000000 9.2151
586.000000 9.2264
587.000000 9.2328
588.000000 9.2202
589.000000 9.1858
590.000000 9.174
591.000000 9.1789
592.000000 9.159
593.000000 9.1652
594.000000 9.121
595.000000 9.0898
596.000000 9.0145
597.000000 8.973
598.000000 8.9417
599.000000 8.9097
600.000000 8.8843
601.000000 8.8525
602.000000 8.8535
603.000000 8.8709
604.000000 8.8968
605.000000 8.922
606.000000 8.9402
607.000000 8.9884
608.000000 8.9913
609.000000 8.9749
610.000000 8.9852
611.000000 9.0039
612.000000 9.0123
613.000000 9.0013
614.000000 9.0001
615.000000 8.9716
616.000000 8.9557
617.000000 8.981
618.000000 9.045
619.000000 9.0702
620.000000 9.0722
621.000000 9.0554
622.000000 9.0371
623.000000 9.0085
624.000000 9.0086
625.000000 9.0475
626.000000 9.0528
627.000000 9.0494
628.000000 9.0548
629.000000 9.0584
630.000000 9.0093
631.000000 8.9707
632.000000 8.9126
633.000000 8.8839
634.000000 8.8709
635.000000 8.88
636.000000 8.8622
637.000000 8.885
638.000000 8.8817
639.000000 8.8514
640.000000 8.841
641.000000 8.8523
642.000000 8.8515
643.000000 8.853
644.000000 8.8495
645.000000 8.8857
646.000000 8.9386
647.000000 8.9866
648.000000 9.0237
649.000000 9.0729
650.000000 9.1335
651.000000 9.1981
652.000000 9.2701
653.000000 9.3179
654.000000 9.3105
655.000000 9.3164
656.000000 9.2884
657.000000 9.2806
658.000000 9.2349
659.000000 9.1838
660.000000 9.1173
661.000000 9.057
662.000000 9.0174
663.000000 9.008
664.000000 8.9886
665.000000 8.9801
666.000000 8.9651
667.000000 8.9968
668.000000 9.0329
669.000000 9.0425
670.000000 9.0379
671.000000 9.0407
672.000000 9.0791
673.000000 9.1012
674.000000 9.1081
675.000000 9.1004
676.000000 9.0902
677.000000 9.0773
678.000000 9.0991
679.000000 9.1663
680.000000 9.2176
681.000000 9.2631
682.000000 9.2875
683.000000 9.3087
684.000000 9.2813
685.000000 9.2469
686.000000 9.2075
687.000000 9.2003
688.000000 9.2129
689.000000 9.219
690.000000 9.2068
691.000000 9.2126
692.000000 9.2591
693.000000 9.2782
694.000000 9.2821
695.000000 9.2763
696.000000 9.2464
697.000000 9.2384
698.000000 9.2633
699.000000 9.2581
700.000000 9.2752
701.000000 9.2357
702.000000 9.1838
703.000000 9.0021
704.000000 8.7173
705.000000 8.4117
706.000000 8.0706
707.000000 7.6829
708.000000 7.3251
709.000000 7.0106
710.000000 6.7285
711.000000 6.4483
712.000000 6.2351
713.000000 6.0619
714.000000 5.9093
715.000000 5.8057
716.000000 5.7282
717.000000 5.6086
718.000000 5.4497
719.000000 5.3154
720.000000 5.1918
721.000000 5.0397
722.000000 4.911
723.000000 4.8092
724.000000 4.7186
725.000000 4.6056
726.000000 4.5066
727.000000 4.4163
728.000000 4.3381
729.000000 4.2783
730.000000 4.2158
731.000000 4.1367
732.000000 4.0289
733.000000 3.9219
734.000000 3.8183
735.000000 3.718
736.000000 3.6439
737.000000 3.5935
738.000000 3.5341
739.000000 3.4737
740.000000 3.3793
741.000000 3.3084
742.000000 3.2733
743.000000 3.2576
744.000000 3.2256
745.000000 3.1951
746.000000 3.1603
747.000000 3.122
748.000000 3.0842
749.000000 3.0543
750.000000 3.0122
751.000000 2.9857
752.000000 3.0011
753.000000 3.0083
754.000000 2.9911
755.000000 2.9932
756.000000 3.0145
757.000000 2.9913
758.000000 3.0043
759.000000 3.0053
760.000000 3.0193
761.000000 3.0484
762.000000 3.0384
763.000000 2.9896
764.000000 2.944
765.000000 2.889
766.000000 2.8706
767.000000 2.906
768.000000 2.9558
769.000000 3.0183
770.000000 3.0435
771.000000 3.0899
772.000000 3.0979
773.000000 3.1158
774.000000 3.1128
775.000000 3.1183
776.000000 3.0904
777.000000 3.0291
778.000000 2.9505
779.000000 2.8934
780.000000 2.9083
781.000000 2.8967
782.000000 2.9461
783.000000 3.0031
784.000000 3.027
785.000000 3.0796
786.000000 3.0882
787.000000 3.1239
788.000000 3.1369
789.000000 3.1521
790.000000 3.1505
791.000000 3.1557
792.000000 3.1718
793.000000 3.1757
794.000000 3.1557
795.000000 3.1011
796.000000 3.0827
797.000000 3.0714
798.000000 3.0542
799.000000 3.0641
800.000000 3.0785
801.000000 3.0632
802.000000 3.0563
803.000000 3.0411
804.000000 3.0284
805.000000 3.0053
806.000000 3.0143
807.000000 3.0075
808.000000 2.9755
809.000000 2.9704
810.000000 2.9711
811.000000 2.9396
812.000000 2.9385
813.000000 2.9548
814.000000 3.0056
815.000000 3.0465
816.000000 3.0495
817.000000 2.9995
818.000000 2.9383
819.000000 2.8673
820.000000 2.8211
821.000000 2.8161
822.000000 2.8188
823.000000 2.8094
824.000000 2.7623
825.000000 2.7553
826.000000 2.7874
827.000000 2.7913
828.000000 2.8424
829.000000 2.8578
830.000000 2.8637
831.000000 2.8443
832.000000 2.8013
833.000000 2.7781
834.000000 2.7374
835.000000 2.7397
836.000000 2.7311
837.000000 2.7674
838.000000 2.8317
839.000000 2.8832
840.000000 2.897
841.000000 2.899
842.000000 2.9193
843.000000 2.9366
844.000000 2.9515
845.000000 3.0093
846.000000 3.0709
847.000000 3.1204
848.000000 3.132
849.000000 3.137
850.000000 3.1318
851.000000 3.1522
852.000000 3.1322
853.000000 3.0797
854.000000 3.0532
855.000000 3.0073
856.000000 3.0192
857.000000 3.0665
858.000000 3.0693
859.000000 3.0864
860.000000 3.0756
861.000000 3.0632
862.000000 3.0735
863.000000 3.0903
864.000000 3.1307
865.000000 3.2017
866.000000 3.2233
867.000000 3.2585
868.000000 3.2776
869.000000 3.2661
870.000000 3.2899
871.000000 3.3259
872.000000 3.3226
873.000000 3.3166
874.000000 3.3019
875.000000 3.3097
876.000000 3.3246
877.000000 3.3586
878.000000 3.3318
879.000000 3.3071
880.000000 3.2978
881.000000 3.2929
882.000000 3.2591
883.000000 3.2219
884.000000 3.1473
885.000000 3.0339
886.000000 2.9381
887.000000 2.8607
888.000000 2.8289
889.000000 2.803
890.000000 2.7525
891.000000 2.7174
892.000000 2.6903
893.000000 2.7077
894.000000 2.721
895.000000 2.7379
896.000000 2.7307
897.000000 2.7552
898.000000 2.7868
899.000000 2.8287
900.000000 2.8268
901.000000 2.8406
902.000000 2.8876
903.000000 2.8947
904.000000 2.9205
905.000000 2.9551
906.000000 2.9675
907.000000 2.9399
908.000000 2.9017
909.000000 2.8572
910.000000 2.8041
911.000000 2.7658
912.000000 2.7342
913.000000 2.7061
914.000000 2.7448
915.000000 2.7822
916.000000 2.7936
917.000000 2.8107
918.000000 2.8462
919.000000 2.8435
920.000000 2.8252
921.000000 2.7855
922.000000 2.778
923.000000 2.7643
924.000000 2.7725
925.000000 2.7345
926.000000 2.7042
927.000000 2.6671
928.000000 2.6409
929.000000 2.6345
930.000000 2.6161
931.000000 2.6337
932.000000 2.6721
933.000000 2.7095
934.000000 2.7348
935.000000 2.7206
936.000000 2.7291
937.000000 2.7842
938.000000 2.8319
939.000000 2.9158
940.000000 2.9697
941.000000 3.0028
942.000000 3.0264
943.000000 3.0267
944.000000 2.9954
945.000000 2.9918
946.000000 2.9753
947.000000 2.9371
948.000000 2.8953
949.000000 2.865
950.000000 2.8283
951.000000 2.8085
952.000000 2.8156
953.000000 2.8307
954.000000 2.8594
955.000000 2.871
956.000000 2.8782
957.000000 2.8782
958.000000 2.9038
959.000000 2.9604
960.000000 2.9773
961.000000 3.0015
962.000000 3.0047
963.000000 3.0412
964.000000 3.0721
965.000000 3.0912
966.000000 3.0849
967.000000 3.0954
968.000000 3.0774
969.000000 3.0503
970.000000 3.0605
971.000000 3.0634
972.000000 3.0493
973.000000 3.0721
974.000000 3.0791
975.000000 3.1315
976.000000 3.1647
977.000000 3.1535
978.000000 3.1347
979.000000 3.089
980.000000 3.0303
981.000000 3.0074
982.000000 2.9571
983.000000 2.9189
984.000000 2.9096
985.000000 2.9342
986.000000 2.9308
987.000000 2.9389
988.000000 2.9925
989.000000 3.0325
990.000000 3.08
991.000000 3.139
992.000000 3.1682
993.000000 3.1587
994.000000 3.1093
995.000000 3.0657
996.000000 3.0276
997.000000 2.9889
998.000000 2.9221
999.000000 2.9043
