0.000000 0
1.000000 0
2.000000 0
3.000000 0
4.000000 0
5.000000 0
6.000000 0
7.000000 0
8.000000 0
9.000000 0
10.000000 0.12026
11.000000 0.26408
12.000000 0.5727
13.000000 0.62273
14.000000 0.61496
15.000000 1.2764
16.000000 1.7562
17.000000 2.3074
18.000000 2.8222
19.000000 3.2632
20.000000 3.5196
21.000000 3.6279
22.000000 4.1541
23.000000 4.1778
24.000000 4.3963
25.000000 4.5841
26.000000 4.8505
27.000000 5.0781
28.000000 5.251
29.000000 5.5258
30.000000 5.6904
31.000000 5.8604
32.000000 6.111
33.000000 6.1764
34.000000 6.248
35.000000 5.9795
36.000000 6.074
37.000000 5.8582
38.000000 5.7889
39.000000 5.5598
40.000000 5.3319
41.000000 5.0792
42.000000 5.0109
43.000000 4.8575
44.000000 4.7961
45.000000 4.724
46.000000 4.8785
47.000000 4.8261
48.000000 4.6119
49.000000 4.8936
50.000000 4.6041
51.000000 4.5601
52.000000 4.5857
53.000000 4.6599
54.000000 4.6842
55.000000 4.5348
56.000000 4.5368
57.000000 4.5171
58.000000 4.3652
59.000000 4.1846
60.000000 4.3518
61.000000 4.3633
62.000000 4.1608
63.000000 4.2881
64.000000 4.3663
65.000000 4.3691
66.000000 4.4271
67.000000 4.4755
68.000000 4.547
69.000000 4.5024
70.000000 4.5515
71.000000 4.687
72.000000 4.7931
73.000000 4.821
74.000000 4.8968
75.000000 4.8956
76.000000 5.1133
77.000000 4.9329
78.000000 4.8094
79.000000 4.9563
80.000000 4.8627
81.000000 4.8931
82.000000 4.725
83.000000 4.7222
84.000000 4.7679
85.000000 4.8207
86.000000 5.0072
87.000000 4.8651
88.000000 4.8452
89.000000 4.9167
90.000000 4.967
91.000000 4.9713
92.000000 5.111
93.000000 5.1528
94.000000 5.2581
95.000000 5.0631
96.000000 5.2852
97.000000 5.1889
98.000000 5.3115
99.000000 5.2028
100.000000 5.2892
101.000000 5.1712
102.000000 5.0729
103.000000 5.0555
104.000000 5.1478
105.000000 5.2789
106.000000 5.3174
107.000000 5.1877
108.000000 5.0158
109.000000 5.2276
110.000000 5.2003
111.000000 5.2028
112.000000 5.1237
113.000000 5.1464
114.000000 4.9964
115.000000 5.1594
116.000000 5.0661
117.000000 5.0508
118.000000 5.1336
119.000000 5.2782
120.000000 5.3812
121.000000 5.1974
122.000000 5.3785
123.000000 5.1073
124.000000 5.0753
125.000000 4.9848
126.000000 4.9052
127.000000 4.9893
128.000000 4.9456
129.000000 4.8878
130.000000 4.6655
131.000000 4.8769
132.000000 4.7627
133.000000 4.9795
134.000000 4.9521
135.000000 4.8062
136.000000 4.867
137.000000 4.9022
138.000000 4.9892
139.000000 4.9448
140.000000 4.8513
141.000000 4.8331
142.000000 4.7478
143.000000 4.52
144.000000 4.6387
145.000000 4.6207
146.000000 4.7141
147.000000 4.8566
148.000000 4.7704
149.000000 5.0008
150.000000 4.8783
151.000000 4.7763
152.000000 4.9298
153.000000 5.2051
154.000000 5.1016
155.000000 5.2804
156.000000 5.2179
157.000000 5.0599
158.000000 5.155
159.000000 5.0282
160.000000 5.053
161.000000 5.0029
162.000000 4.9224
163.000000 5.0058
164.000000 4.7548
165.000000 5.0108
166.000000 4.925
167.000000 4.9047
168.000000 4.9451
169.000000 5.081
170.000000 5.129
171.000000 5.1191
172.000000 5.0968
173.000000 5.3184
174.000000 5.0361
175.000000 5.0523
176.000000 5.0462
177.000000 5.2279
178.000000 5.1331
179.000000 5.0214
180.000000 4.9444
181.000000 5.0246
182.000000 4.8035
183.000000 4.875
184.000000 5.0165
185.000000 5.1494
186.000000 4.9584
187.000000 5.126
188.000000 4.9578
189.000000 5.178
190.000000 5.0967
191.000000 5.1
192.000000 4.9832
193.000000 4.8057
194.000000 4.882
195.000000 5.0863
196.000000 4.8876
197.000000 4.8032
198.000000 4.9329
199.000000 5.0284
200.000000 5.0342
201.000000 5.217
202.000000 4.9177
203.000000 5.4563
204.000000 5.6902
205.000000 5.9773
206.000000 6.3595
207.000000 6.6067
208.000000 6.2744
209.000000 6.2267
210.000000 5.9881
211.000000 5.7719
212.000000 5.5389
213.000000 5.1932
214.000000 4.7693
215.000000 4.3893
216.000000 4.2369
217.000000 4.0111
218.000000 3.5731
219.000000 3.4106
220.000000 3.0975
221.000000 2.8749
222.000000 2.472
223.000000 2.3226
224.000000 2.1689
225.000000 2.1044
226.000000 2.0633
227.000000 1.8775
228.000000 1.9612
229.000000 1.7773
230.000000 1.8359
231.000000 1.6145
232.000000 1.6827
233.000000 1.791
234.000000 1.7469
235.000000 1.8258
236.000000 1.8144
237.000000 1.8036
238.000000 2.0101
239.000000 2.2984
240.000000 2.4452
241.000000 2.3345
242.000000 2.3835
243.000000 2.2857
244.000000 2.4975
245.000000 2.3197
246.000000 2.453
247.000000 2.4049
248.000000 2.5959
249.000000 2.8546
250.000000 2.8837
251.000000 2.9378
252.000000 2.8211
253.000000 3.007
254.000000 2.9951
255.000000 2.7697
256.000000 2.9373
257.000000 2.6869
258.000000 2.816
259.000000 2.8714
260.000000 2.7204
261.000000 2.7562
262.000000 2.921
263.000000 2.859
264.000000 2.7385
265.000000 2.6039
266.000000 2.5393
267.000000 2.6081
268.000000 2.4718
269.000000 2.2838
270.000000 2.1654
271.000000 2.3003
272.000000 2.2157
273.000000 2.2674
274.000000 2.0264
275.000000 2.0452
276.000000 1.9919
277.000000 2.2623
278.000000 2.2777
279.000000 2.4859
280.000000 2.3566
281.000000 2.4619
282.000000 2.3978
283.000000 2.5406
284.000000 2.2459
285.000000 2.3588
286.000000 2.5247
287.000000 2.3216
288.000000 2.3392
289.000000 2.2704
290.000000 2.2206
291.000000 2.1967
292.000000 2.2221
293.000000 2.2037
294.000000 2.3236
295.000000 2.3577
296.000000 2.2823
297.000000 2.3841
298.000000 2.4309
299.000000 2.5409
300.000000 2.3448
301.000000 2.1697
302.000000 2.2711
303.000000 2.7251
304.000000 3.0406
305.000000 3.373
306.000000 3.8146
307.000000 3.9511
308.000000 4.0489
309.000000 4.1886
310.000000 4.2257
311.000000 4.2547
312.000000 4.1422
313.000000 3.8334
314.000000 3.7791
315.000000 3.5944
316.000000 3.4433
317.000000 3.1614
318.000000 2.877
319.000000 2.8162
320.000000 2.7138
321.000000 2.6175
322.000000 2.5508
323.000000 2.4386
324.000000 2.5029
325.000000 2.2855
326.000000 2.047
327.000000 1.8277
328.000000 1.8991
329.000000 1.8905
330.000000 2.05
331.000000 1.9483
332.000000 2.0064
333.000000 2.0752
334.000000 2.2095
335.000000 2.2369
336.000000 2.5456
337.000000 2.5931
338.000000 2.6284
339.000000 2.7234
340.000000 2.728
341.000000 2.7836
342.000000 2.768
343.000000 2.7886
344.000000 2.6603
345.000000 2.8196
346.000000 2.6226
347.000000 2.4374
348.000000 2.6906
349.000000 2.5908
350.000000 2.7773
351.000000 2.9164
352.000000 2.9306
353.000000 2.8061
354.000000 2.6317
355.000000 2.7219
356.000000 2.5553
357.000000 2.5236
358.000000 2.4323
359.000000 2.3142
360.000000 2.206
361.000000 2.148
362.000000 2.2023
363.000000 2.2317
364.000000 2.0507
365.000000 2.2075
366.000000 2.3086
367.000000 2.1644
368.000000 2.2721
369.000000 2.5302
370.000000 2.4539
371.000000 2.5865
372.000000 2.3241
373.000000 2.3833
374.000000 2.3294
375.000000 2.0724
376.000000 2.1299
377.000000 2.0924
378.000000 2.1943
379.000000 2.1851
380.000000 2.2529
381.000000 2.1758
382.000000 2.3665
383.000000 2.451
384.000000 2.3807
385.000000 2.4598
386.000000 2.344
387.000000 2.2584
388.000000 2.2648
389.000000 2.3383
390.000000 2.1624
391.000000 2.2054
392.000000 2.0271
393.000000 2.0477
394.000000 2.1338
395.000000 2.1886
396.000000 2.1854
397.000000 2.204
398.000000 2.2287
399.000000 2.2309
400.000000 2.0437
401.000000 2.2954
402.000000 2.3124
403.000000 2.3003
404.000000 2.1274
405.000000 2.2608
406.000000 2.3779
407.000000 2.2932
408.000000 2.4636
409.000000 2.3708
410.000000 2.2715
411.000000 2.1331
412.000000 2.2683
413.000000 2.0766
414.000000 2.1574
415.000000 2.2118
416.000000 2.1054
417.000000 2.2891
418.000000 2.2535
419.000000 2.2383
420.000000 2.3173
421.000000 2.3925
422.000000 2.3356
423.000000 2.2966
424.000000 2.4699
425.000000 2.5674
426.000000 2.4483
427.000000 2.3938
428.000000 2.4114
429.000000 2.3273
430.000000 2.3758
431.000000 2.2711
432.000000 2.3966
433.000000 2.2829
434.000000 2.1059
435.000000 1.9534
436.000000 2.0612
437.000000 2.0846
438.000000 2.0372
439.000000 2.0883
440.000000 1.9776
441.000000 2.0001
442.000000 1.8976
443.000000 1.9004
444.000000 2.087
445.000000 2.1057
446.000000 1.9936
447.000000 2.1432
448.000000 2.131
449.000000 2.0757
450.000000 2.1017
451.000000 2.1097
452.000000 2.2494
453.000000 2.2212
454.000000 2.2426
455.000000 2.2346
456.000000 2.4437
457.000000 2.2035
458.000000 2.0895
459.000000 2.1226
460.000000 2.0207
461.000000 1.9719
462.000000 2.0438
463.000000 2.1421
464.000000 2.1597
465.000000 2.2172
466.000000 2.3957
467.000000 2.4045
468.000000 2.4074
469.000000 2.3201
470.000000 2.4926
471.000000 2.5363
472.000000 2.5872
473.000000 2.6836
474.000000 2.6915
475.000000 2.8709
476.000000 2.8173
477.000000 2.979
478.000000 2.8357
479.000000 2.675
480.000000 2.3886
481.000000 2.4135
482.000000 2.4432
483.000000 2.4483
484.000000 2.1333
485.000000 2.1211
486.000000 1.9429
487.000000 1.9582
488.000000 2.0833
489.000000 1.994
490.000000 2.2497
491.000000 2.0973
492.000000 2.2983
493.000000 2.2419
494.000000 2.2744
495.000000 2.4238
496.000000 2.2192
497.000000 2.423
498.000000 2.2692
499.000000 2.2344
500.000000 2.1984
501.000000 2.1477
502.000000 2.0855
503.000000 1.8908
504.000000 2.1245
505.000000 2.1669
506.000000 2.2855
507.000000 2.0933
508.000000 2.8418
509.000000 3.2712
510.000000 4.0655
511.000000 4.5051
512.000000 5.175
513.000000 5.5915
514.000000 6.131
515.000000 6.4538
516.000000 6.8111
517.000000 7.0467
518.000000 7.5014
519.000000 7.7797
520.000000 8.1524
521.000000 8.2111
522.000000 8.2864
523.000000 8.7354
524.000000 8.8868
525.000000 9.0586
526.000000 9.3114
527.000000 9.2091
528.000000 9.3788
529.000000 9.5617
530.000000 9.6774
531.000000 9.4298
532.000000 9.2397
533.000000 9.2019
534.000000 9.4055
535.000000 9.2052
536.000000 9.225
537.000000 8.9968
538.000000 8.9265
539.000000 8.7032
540.000000 8.6658
541.000000 8.6748
542.000000 8.373
543.000000 8.6189
544.000000 8.4124
545.000000 8.5498
546.000000 8.4563
547.000000 8.5368
548.000000 8.2769
549.000000 8.1903
550.000000 8.1785
551.000000 8.2678
552.000000 8.401
553.000000 8.2937
554.000000 8.2391
555.000000 8.2353
556.000000 8.2221
557.000000 8.1501
558.000000 8.2032
559.000000 8.3098
560.000000 8.4119
561.000000 8.475
562.000000 8.3289
563.000000 8.3274
564.000000 8.2643
565.000000 8.3708
566.000000 8.6161
567.000000 8.4848
568.000000 8.5599
569.000000 8.6873
570.000000 8.5626
571.000000 8.7
572.000000 8.876
573.000000 8.9698
574.000000 9.0552
575.000000 8.9249
576.000000 9.1305
577.000000 8.9647
578.000000 9.1442
579.000000 8.938
580.000000 9.01
581.000000 8.9364
582.000000 8.8894
583.000000 8.786
584.000000 8.9792
585.000000 9.0015
586.000000 8.7586
587.000000 8.8072
588.000000 8.8328
589.000000 8.8552
590.000000 8.5534
591.000000 8.7405
592.000000 8.6939
593.000000 8.7117
594.000000 8.7939
595.000000 9.0348
596.000000 9.0405
597.000000 9.087
598.000000 9.1071
599.000000 8.9853
600.000000 8.9638
601.000000 9.0397
602.000000 8.9806
603.000000 8.847
604.000000 8.6994
605.000000 8.7846
606.000000 8.674
607.000000 8.6685
608.000000 8.8341
609.000000 8.9699
610.000000 8.8308
611.000000 8.854
612.000000 8.8144
613.000000 8.7008
614.000000 8.8699
615.000000 8.907
616.000000 9.0376
617.000000 8.9049
618.000000 9.0276
619.000000 8.9396
620.000000 8.8975
621.000000 9.0433
622.000000 9.1475
623.000000 9.1511
624.000000 8.9951
625.000000 8.852
626.000000 8.7472
627.000000 8.6593
628.000000 8.6611
629.000000 8.8171
630.000000 8.5755
631.000000 8.619
632.000000 8.6395
633.000000 8.6493
634.000000 8.5273
635.000000 8.5765
636.000000 8.4427
637.000000 8.4377
638.000000 8.6263
639.000000 8.6822
640.000000 8.6114
641.000000 8.7781
642.000000 8.7846
643.000000 8.8062
644.000000 8.8758
645.000000 8.9189
646.000000 8.8391
647.000000 8.8545
648.000000 8.8578
649.000000 8.8754
650.000000 8.9635
651.000000 9.0853
652.000000 8.8461
653.000000 9.0011
654.000000 8.8897
655.000000 9.0545
656.000000 8.9871
657.000000 8.8291
658.000000 8.6902
659.000000 8.6706
660.000000 8.6337
661.000000 8.6397
662.000000 8.6868
663.000000 8.6294
664.000000 8.5858
665.000000 8.7227
666.000000 8.8195
667.000000 9.0319
668.000000 8.8055
669.000000 9.0031
670.000000 9.0566
671.000000 9.2364
672.000000 9.2411
673.000000 9.0111
674.000000 9.0127
675.000000 8.9709
676.000000 9.1975
677.000000 9.1479
678.000000 9.1062
679.000000 9.1624
680.000000 9.2269
681.000000 9.0932
682.000000 9.0436
683.000000 9.1195
684.000000 8.9846
685.000000 8.9918
686.000000 8.9278
687.000000 8.8341
688.000000 8.7162
689.000000 8.7906
690.000000 8.8336
691.000000 8.7415
692.000000 8.9392
693.000000 8.9496
694.000000 8.8303
695.000000 8.9364
696.000000 9.1057
697.000000 9.0382
698.000000 9.0641
699.000000 9.0291
700.000000 8.9085
701.000000 9.045
702.000000 8.4657
703.000000 7.9957
704.000000 7.3872
705.000000 6.6873
706.000000 6.221
707.000000 5.9461
708.000000 5.7373
709.000000 5.5171
710.000000 5.7522
711.000000 5.7805
712.000000 6.0906
713.000000 6.5357
714.000000 6.8009
715.000000 7.0455
716.000000 7.3675
717.000000 7.6693
718.000000 7.8905
719.000000 8.1467
720.000000 8.3801
721.000000 8.4056
722.000000 8.3469
723.000000 8.4292
724.000000 8.424
725.000000 8.3742
726.000000 8.4237
727.000000 8.5851
728.000000 8.6284
729.000000 8.6967
730.000000 8.8172
731.000000 8.8008
732.000000 9.0299
733.000000 9.1792
734.000000 9.1869
735.000000 9.0661
736.000000 9.033
737.000000 8.9632
738.000000 8.6906
739.000000 8.4839
740.000000 8.4362
741.000000 8.3904
742.000000 8.1336
743.000000 8.1569
744.000000 7.9585
745.000000 8.1027
746.000000 8.2005
747.000000 8.4141
748.000000 8.4264
749.000000 8.5602
750.000000 8.6613
751.000000 8.6644
752.000000 8.7414
753.000000 8.7673
754.000000 8.5399
755.000000 8.3643
756.000000 8.6316
757.000000 8.3332
758.000000 8.2744
759.000000 8.3045
760.000000 8.4277
761.000000 8.1041
762.000000 8.1453
763.000000 8.2028
764.000000 8.2212
765.000000 8.3107
766.000000 8.2445
767.000000 8.2514
768.000000 8.2379
769.000000 8.3308
770.000000 8.3572
771.000000 8.5694
772.000000 8.6474
773.000000 8.6501
774.000000 8.545
775.000000 8.4922
776.000000 8.3353
777.000000 8.5475
778.000000 8.4835
779.000000 8.4888
780.000000 8.5656
781.000000 8.4461
782.000000 8.4228
783.000000 8.436
784.000000 8.5984
785.000000 8.6759
786.000000 8.8659
787.000000 9.0152
788.000000 8.8549
789.000000 8.8856
790.000000 8.7839
791.000000 8.7739
792.000000 8.6239
793.000000 8.5431
794.000000 8.6741
795.000000 8.7019
796.000000 8.8237
797.000000 8.9693
798.000000 9.0246
799.000000 8.8818
800.000000 9.1765
801.000000 9.2435
802.000000 9.3384
803.000000 9.3474
804.000000 9.4058
805.000000 9.4936
806.000000 9.3214
807.000000 9.4955
808.000000 9.266
809.000000 9.2072
810.000000 9.3176
811.000000 9.1405
812.000000 9.1751
813.000000 9.0969
814.000000 9.0848
815.000000 8.9203
816.000000 9.058
817.000000 9.0162
818.000000 8.9717
819.000000 9.0736
820.000000 9.0512
821.000000 8.799
822.000000 8.6716
823.000000 8.6923
824.000000 8.8583
825.000000 8.8293
826.000000 8.9673
827.000000 8.9918
828.000000 8.8448
829.000000 8.9352
830.000000 8.9973
831.000000 8.8806
832.000000 9.0114
833.000000 8.9048
834.000000 8.6963
835.000000 8.6477
836.000000 8.6268
837.000000 8.5952
838.000000 8.3829
839.000000 8.5283
840.000000 8.4961
841.000000 8.4482
842.000000 8.5337
843.000000 8.6666
844.000000 8.7117
845.000000 8.5507
846.000000 8.7061
847.000000 8.8136
848.000000 8.9168
849.000000 9.0602
850.000000 8.8784
851.000000 8.8784
852.000000 8.7531
853.000000 8.7329
854.000000 8.7062
855.000000 8.9087
856.000000 8.7024
857.000000 8.7132
858.000000 8.8255
859.000000 8.8399
860.000000 9.0809
861.000000 9.2168
862.000000 9.1718
863.000000 9.1867
864.000000 8.9941
865.000000 9.0218
866.000000 8.8797
867.000000 8.866
868.000000 9.0017
869.000000 9.04
870.000000 8.7917
871.000000 8.8385
872.000000 8.8554
873.000000 8.684
874.000000 8.8893
875.000000 9.0716
876.000000 8.8762
877.000000 8.9624
878.000000 9.1305
879.000000 9.2913
880.000000 9.342
881.000000 9.4779
882.000000 9.2491
883.000000 9.119
884.000000 9.2346
885.000000 9.2013
886.000000 9.1331
887.000000 9.0839
888.000000 8.941
889.000000 8.8166
890.000000 8.8779
891.000000 9.0059
892.000000 8.952
893.000000 8.8365
894.000000 8.7543
895.000000 8.7804
896.000000 8.677
897.000000 8.7329
898.000000 8.6366
899.000000 8.7423
900.000000 8.591
901.000000 8.6073
902.000000 8.6539
903.000000 8.7256
904.000000 8.5465
905.000000 8.6103
906.000000 8.8371
907.000000 8.7031
908.000000 8.8903
909.000000 9.0454
910.000000 9.0563
911.000000 8.9822
912.000000 9.0166
913.000000 8.9585
914.000000 8.7866
915.000000 8.8974
916.000000 8.8844
917.000000 8.7442
918.000000 8.8695
919.000000 8.9121
920.000000 8.8981
921.000000 8.8013
922.000000 8.9298
923.000000 8.8278
924.000000 8.9638
925.000000 8.9098
926.000000 9.0284
927.000000 9.0968
928.000000 9.1689
929.000000 9.0783
930.000000 8.9171
931.000000 8.8356
932.000000 8.7948
933.000000 8.677
934.000000 8.5679
935.000000 8.7405
936.000000 8.8567
937.000000 8.9054
938.000000 8.8773
939.000000 8.7959
940.000000 8.8349
941.000000 8.9222
942.000000 8.9151
943.000000 9.1442
944.000000 9.0566
945.000000 8.9672
946.000000 9.1977
947.000000 9.1808
948.000000 8.9651
949.000000 9.0186
950.000000 9.1172
951.000000 9.0374
952.000000 8.9925
953.000000 9.0661
954.000000 9.1149
955.000000 9.0984
956.000000 9.1989
957.000000 9.203
958.000000 9.0727
959.000000 8.9975
960.000000 8.8982
961.000000 8.8949
962.000000 9.0397
963.000000 9.1543
964.000000 8.9774
965.000000 8.9696
966.000000 8.8959
967.000000 9.1069
968.000000 9.1298
969.000000 9.0442
970.000000 8.918
971.000000 9.1316
972.000000 9.0918
973.000000 9.0869
974.000000 9.0797
975.000000 9.0656
976.000000 9.1103
977.000000 9.0765
978.000000 8.9575
979.000000 9.0559
980.000000 9.0707
981.000000 8.985
982.000000 8.9739
983.000000 8.9807
984.000000 8.7455
985.000000 8.9351
986.000000 8.9246
987.000000 8.7758
988.000000 8.9671
989.000000 9.0941
990.000000 9.0032
991.000000 8.9841
992.000000 9.0825
993.000000 8.9988
994.000000 9.0708
995.000000 9.1761
996.000000 8.9798
997.000000 9.0864
998.000000 8.8867
999.000000 9.1498
