0.000000 0
1.000000 0
2.000000 0
3.000000 0
4.000000 0
5.000000 0
6.000000 0
7.000000 0
8.000000 0
9.000000 0
10.000000 0
11.000000 0.81671
12.000000 1.7052
13.000000 2.6544
14.000000 3.7874
15.000000 4.3822
16.000000 4.9114
17.000000 5.0836
18.000000 5.2337
19.000000 5.0096
20.000000 4.8878
21.000000 4.6337
22.000000 4.1251
23.000000 3.6535
24.000000 3.4627
25.000000 2.9873
26.000000 2.629
27.000000 2.3629
28.000000 2.2392
29.000000 2.1156
30.000000 2.0259
31.000000 1.7902
32.000000 1.7133
33.000000 1.6017
34.000000 1.6058
35.000000 1.1845
36.000000 0.92863
37.000000 0.59029
38.000000 0.58382
39.000000 0.38746
40.000000 0.40716
41.000000 0.61933
42.000000 0.74978
43.000000 0.94223
44.000000 0.98907
45.000000 1.3574
46.000000 1.3269
47.000000 1.3923
48.000000 1.6116
49.000000 1.6729
50.000000 1.7971
51.000000 1.9152
52.000000 1.9137
53.000000 1.8061
54.000000 1.9148
55.000000 1.9178
56.000000 2.0922
57.000000 2.0612
58.000000 1.8217
59.000000 2.087
60.000000 1.9178
61.000000 1.6586
62.000000 1.8115
63.000000 1.8706
64.000000 1.6492
65.000000 1.4791
66.000000 1.7365
67.000000 2.0035
68.000000 2.003
69.000000 2.1205
70.000000 2.3172
71.000000 2.553
72.000000 2.7165
73.000000 2.6205
74.000000 2.6544
75.000000 2.6231
76.000000 2.5617
77.000000 2.2332
78.000000 2.1408
79.000000 1.8671
80.000000 1.726
81.000000 1.8269
82.000000 1.9217
83.000000 1.8584
84.000000 1.7227
85.000000 1.8572
86.000000 1.8906
87.000000 1.8556
88.000000 2.0801
89.000000 2.1154
90.000000 2.2245
91.000000 2.0792
92.000000 2.1959
93.000000 2.1533
94.000000 2.2663
95.000000 1.969
96.000000 1.9413
97.000000 1.7019
98.000000 1.7127
99.000000 1.3633
100.000000 1.3657
101.000000 1.5026
102.000000 1.7351
103.000000 1.5035
104.000000 1.4655
105.000000 1.7781
106.000000 1.9233
107.000000 1.9795
108.000000 1.8693
109.000000 1.9856
110.000000 1.8082
111.000000 2.0729
112.000000 1.8964
113.000000 1.9541
114.000000 2.0907
115.000000 2.1086
116.000000 2.0967
117.000000 1.9313
118.000000 2.1309
119.000000 1.8587
120.000000 2.0015
121.000000 1.8858
122.000000 1.9833
123.000000 2.1269
124.000000 2.0746
125.000000 1.9525
126.000000 1.5992
127.000000 1.8926
128.000000 1.5694
129.000000 1.669
130.000000 1.6317
131.000000 1.5331
132.000000 1.4795
133.000000 1.7942
134.000000 2.056
135.000000 2.3505
136.000000 2.5264
137.000000 2.569
138.000000 2.5331
139.000000 2.2811
140.000000 2.2206
141.000000 2.0455
142.000000 2.0829
143.000000 1.8971
144.000000 1.9748
145.000000 1.8684
146.000000 1.8293
147.000000 1.7028
148.000000 1.6419
149.000000 1.9343
150.000000 1.6258
151.000000 2.0229
152.000000 1.8426
153.000000 1.589
154.000000 1.7951
155.000000 1.8615
156.000000 2.0267
157.000000 1.9459
158.000000 1.7461
159.000000 1.8491
160.000000 1.7634
161.000000 1.9364
162.000000 1.7935
163.000000 1.6711
164.000000 1.7317
165.000000 1.781
166.000000 1.635
167.000000 1.9912
168.000000 2.0229
169.000000 2.3309
170.000000 2.2943
171.000000 2.6841
172.000000 2.7113
173.000000 2.5877
174.000000 2.29
175.000000 2.3387
176.000000 2.0122
177.000000 1.7818
178.000000 1.6686
179.000000 1.6966
180.000000 1.8585
181.000000 1.8001
182.000000 1.6377
183.000000 1.9136
184.000000 1.6866
185.000000 2.0838
186.000000 1.9791
187.000000 2.1299
188.000000 1.9976
189.000000 1.8487
190.000000 1.9584
191.000000 2.2132
192.000000 2.0606
193.000000 2.106
194.000000 2.2093
195.000000 2.2846
196.000000 2.2881
197.000000 2.5211
198.000000 2.1984
199.000000 2.1557
200.000000 2.1204
201.000000 2.0014
202.000000 1.9733
203.000000 1.9426
204.000000 1.2241
205.000000 1.4912
206.000000 1.4268
207.000000 1.5714
208.000000 1.6565
209.000000 1.4811
210.000000 1.2167
211.000000 1.2298
212.000000 1.2234
213.000000 1.278
214.000000 1.0111
215.000000 1.4165
216.000000 1.363
217.000000 1.5191
218.000000 1.7239
219.000000 2.1258
220.000000 2.4399
221.000000 2.7504
222.000000 2.9362
223.000000 3.2414
224.000000 3.4613
225.000000 3.4209
226.000000 3.6583
227.000000 3.6861
228.000000 4.0142
229.000000 3.9782
230.000000 4.1447
231.000000 4.1183
232.000000 4.0081
233.000000 3.8763
234.000000 4.1079
235.000000 4.3948
236.000000 4.3934
237.000000 4.4116
238.000000 4.5403
239.000000 4.3888
240.000000 4.6028
241.000000 4.4746
242.000000 4.4554
243.000000 4.1676
244.000000 4.129
245.000000 4.2257
246.000000 4.0505
247.000000 4.1247
248.000000 4.1064
249.000000 4.1836
250.000000 4.3179
251.000000 4.2462
252.000000 4.4676
253.000000 4.0443
254.000000 4.1762
255.000000 4.2182
256.000000 3.8719
257.000000 3.8407
258.000000 4.0007
259.000000 3.8206
260.000000 3.7472
261.000000 3.7571
262.000000 3.7209
263.000000 3.9334
264.000000 3.9983
265.000000 3.9369
266.000000 3.9481
267.000000 4.1247
268.000000 4.4077
269.000000 4.4379
270.000000 4.3378
271.000000 4.3399
272.000000 4.1227
273.000000 4.4147
274.000000 4.1308
275.000000 4.3132
276.000000 4.0379
277.000000 4.0839
278.000000 4.0933
279.000000 4.5253
280.000000 4.5119
281.000000 4.7152
282.000000 4.8644
283.000000 4.7474
284.000000 4.7874
285.000000 4.7135
286.000000 4.4242
287.000000 4.524
288.000000 4.6907
289.000000 4.8603
290.000000 4.9758
291.000000 4.8726
292.000000 4.6951
293.000000 4.6861
294.000000 4.5277
295.000000 4.3892
296.000000 4.3662
297.000000 4.3343
298.000000 4.61
299.000000 4.8172
300.000000 4.8538
301.000000 4.9701
302.000000 4.9683
303.000000 4.6711
304.000000 4.5863
305.000000 4.9821
306.000000 5.561
307.000000 5.9418
308.000000 6.2945
309.000000 6.314
310.000000 6.3358
311.000000 6.564
312.000000 6.236
313.000000 6.0195
314.000000 5.7734
315.000000 5.5707
316.000000 5.6213
317.000000 5.4794
318.000000 5.855
319.000000 6.0307
320.000000 6.2303
321.000000 6.4518
322.000000 6.6218
323.000000 6.7666
324.000000 7.1382
325.000000 7.3533
326.000000 7.6501
327.000000 7.6838
328.000000 7.7762
329.000000 7.9054
330.000000 7.9989
331.000000 7.8316
332.000000 8.1831
333.000000 8.0159
334.000000 7.8922
335.000000 7.9563
336.000000 7.9879
337.000000 8.0245
338.000000 8.2528
339.000000 8.1853
340.000000 8.1586
341.000000 8.0996
342.000000 7.7632
343.000000 7.5296
344.000000 7.4264
345.000000 7.3786
346.000000 7.2726
347.000000 7.4414
348.000000 7.2703
349.000000 7.0295
350.000000 7.1933
351.000000 7.4161
352.000000 7.5052
353.000000 7.6151
354.000000 7.7401
355.000000 7.6466
356.000000 7.4976
357.000000 7.4547
358.000000 7.3726
359.000000 7.5012
360.000000 7.3636
361.000000 7.6219
362.000000 7.7531
363.000000 7.8449
364.000000 8.1158
365.000000 8.2577
366.000000 8.1334
367.000000 8.4142
368.000000 8.2923
369.000000 8.4018
370.000000 8.5784
371.000000 8.5408
372.000000 8.5884
373.000000 8.666
374.000000 8.4285
375.000000 8.0415
376.000000 7.8733
377.000000 7.5635
378.000000 7.6789
379.000000 7.7654
380.000000 7.8383
381.000000 8.2685
382.000000 8.2457
383.000000 8.2914
384.000000 8.2339
385.000000 8.3647
386.000000 8.1875
387.000000 7.9344
388.000000 7.7939
389.000000 7.7389
390.000000 8.0278
391.000000 7.9977
392.000000 7.9885
393.000000 8.2051
394.000000 8.2085
395.000000 8.1611
396.000000 8.035
397.000000 8.2004
398.000000 8.2313
399.000000 8.0932
400.000000 7.9295
401.000000 8.1353
402.000000 8.1833
403.000000 8.2341
404.000000 8.3445
405.000000 8.521
406.000000 8.4382
407.000000 8.4387
408.000000 8.5935
409.000000 8.5659
410.000000 8.6815
411.000000 8.6924
412.000000 8.479
413.000000 8.407
414.000000 8.1845
415.000000 8.0549
416.000000 8.0413
417.000000 8.0865
418.000000 8.007
419.000000 8.0933
420.000000 8.474
421.000000 8.542
422.000000 8.5171
423.000000 8.4715
424.000000 8.4104
425.000000 8.3079
426.000000 8.3889
427.000000 8.1976
428.000000 8.1996
429.000000 7.9747
430.000000 7.9471
431.000000 8.0488
432.000000 8.325
433.000000 8.3687
434.000000 8.6185
435.000000 8.7084
436.000000 8.5412
437.000000 8.5626
438.000000 8.4966
439.000000 8.5402
440.000000 8.7173
441.000000 9.0017
442.000000 8.7788
443.000000 8.8952
444.000000 8.8949
445.000000 9.0653
446.000000 8.8882
447.000000 8.7664
448.000000 8.9322
449.000000 8.8982
450.000000 8.8149
451.000000 8.6815
452.000000 9.0243
453.000000 8.822
454.000000 8.6777
455.000000 8.509
456.000000 8.2427
457.000000 8.0827
458.000000 8.3498
459.000000 8.2128
460.000000 8.2791
461.000000 8.5726
462.000000 8.7505
463.000000 8.8677
464.000000 8.8847
465.000000 8.9835
466.000000 8.8686
467.000000 8.6757
468.000000 8.7938
469.000000 8.6031
470.000000 8.3595
471.000000 8.3543
472.000000 8.648
473.000000 8.894
474.000000 8.8768
475.000000 8.9942
476.000000 8.8956
477.000000 9.0412
478.000000 8.877
479.000000 8.9954
480.000000 8.4554
481.000000 8.3835
482.000000 8.1022
483.000000 8.2265
484.000000 8.344
485.000000 8.2042
486.000000 8.2878
487.000000 8.1196
488.000000 8.3137
489.000000 8.0956
490.000000 8.2626
491.000000 8.4875
492.000000 8.5991
493.000000 8.8884
494.000000 8.7824
495.000000 8.8622
496.000000 8.8679
497.000000 8.863
498.000000 8.7969
499.000000 8.6727
500.000000 8.8945
501.000000 9.0542
502.000000 9.1985
503.000000 9.3248
504.000000 10.359
505.000000 11.165
506.000000 12.339
507.000000 13.145
508.000000 14.106
509.000000 14.5
510.000000 14.823
511.000000 14.7
512.000000 14.549
513.000000 14.135
514.000000 13.795
515.000000 13.03
516.000000 12.624
517.000000 11.747
518.000000 11.184
519.000000 10.855
520.000000 10.651
521.000000 10.476
522.000000 10.271
523.000000 9.8427
524.000000 9.676
525.000000 9.7396
526.000000 9.63
527.000000 9.1958
528.000000 9.0224
529.000000 8.8347
530.000000 9.0155
531.000000 8.9879
532.000000 9.0244
533.000000 8.6348
534.000000 8.6425
535.000000 8.457
536.000000 8.5588
537.000000 8.336
538.000000 8.2072
539.000000 8.6019
540.000000 8.3763
541.000000 8.6903
542.000000 9.0226
543.000000 9.3211
544.000000 9.1084
545.000000 9.3731
546.000000 9.6708
547.000000 9.8481
548.000000 9.8748
549.000000 10.096
550.000000 9.9981
551.000000 9.917
552.000000 9.7943
553.000000 9.781
554.000000 9.8743
555.000000 9.8476
556.000000 9.8647
557.000000 9.8228
558.000000 9.5249
559.000000 9.4464
560.000000 9.2813
561.000000 9.2941
562.000000 9.3317
563.000000 9.2065
564.000000 9.0988
565.000000 9.0747
566.000000 8.9898
567.000000 9.0245
568.000000 9.2728
569.000000 9.2813
570.000000 9.4473
571.000000 9.4603
572.000000 9.5751
573.000000 9.4871
574.000000 9.8167
575.000000 9.8057
576.000000 9.9498
577.000000 9.6933
578.000000 9.7946
579.000000 9.4722
580.000000 9.6327
581.000000 9.4267
582.000000 9.3112
583.000000 9.3997
584.000000 9.3439
585.000000 9.5409
586.000000 9.4274
587.000000 9.4947
588.000000 9.3645
589.000000 9.2285
590.000000 9.3773
591.000000 9.4327
592.000000 9.2856
593.000000 9.4772
594.000000 9.2741
595.000000 9.369
596.000000 9.0976
597.000000 9.307
598.000000 9.2469
599.000000 9.1646
600.000000 9.093
601.000000 9.02
602.000000 9.1396
603.000000 9.1831
604.000000 9.2081
605.000000 9.1957
606.000000 9.2041
607.000000 9.426
608.000000 9.21
609.000000 9.188
610.000000 9.4266
611.000000 9.4591
612.000000 9.3398
613.000000 9.2043
614.000000 9.2806
615.000000 9.0817
616.000000 9.168
617.000000 9.4398
618.000000 9.6389
619.000000 9.4124
620.000000 9.3533
621.000000 9.2875
622.000000 9.2221
623.000000 9.0704
624.000000 9.2282
625.000000 9.3718
626.000000 9.0948
627.000000 9.0507
628.000000 9.1372
629.000000 9.0966
630.000000 8.8014
631.000000 8.9197
632.000000 8.7862
633.000000 8.8899
634.000000 8.9735
635.000000 9.1252
636.000000 8.9902
637.000000 9.2986
638.000000 9.1436
639.000000 9.0272
640.000000 9.1861
641.000000 9.327
642.000000 9.1838
643.000000 9.2117
644.000000 9.2051
645.000000 9.4051
646.000000 9.4329
647.000000 9.4189
648.000000 9.3706
649.000000 9.4958
650.000000 9.5549
651.000000 9.6195
652.000000 9.7345
653.000000 9.6202
654.000000 9.3379
655.000000 9.3876
656.000000 9.1553
657.000000 9.1824
658.000000 8.8837
659.000000 8.788
660.000000 8.61
661.000000 8.6278
662.000000 8.7209
663.000000 8.9484
664.000000 8.9299
665.000000 9.1036
666.000000 9.1324
667.000000 9.5044
668.000000 9.567
669.000000 9.4471
670.000000 9.4105
671.000000 9.4136
672.000000 9.5937
673.000000 9.3938
674.000000 9.2637
675.000000 9.075
676.000000 8.999
677.000000 8.9206
678.000000 9.1529
679.000000 9.439
680.000000 9.3833
681.000000 9.4633
682.000000 9.448
683.000000 9.4253
684.000000 9.0647
685.000000 9.0181
686.000000 8.936
687.000000 9.0562
688.000000 9.1239
689.000000 9.1107
690.000000 9.075
691.000000 9.3068
692.000000 9.6008
693.000000 9.4989
694.000000 9.5046
695.000000 9.5242
696.000000 9.3425
697.000000 9.4267
698.000000 9.5714
699.000000 9.3691
700.000000 9.4789
701.000000 9.1025
702.000000 8.8442
703.000000 8.7776
704.000000 7.6139
705.000000 6.9223
706.000000 6.1904
707.000000 5.4807
708.000000 5.329
709.000000 5.4829
710.000000 5.659
711.000000 5.8493
712.000000 6.5198
713.000000 7.0006
714.000000 7.314
715.000000 7.7894
716.000000 7.9812
717.000000 7.6163
718.000000 7.2067
719.000000 7.0852
720.000000 6.681
721.000000 6.0478
722.000000 5.811
723.000000 5.586
724.000000 5.2496
725.000000 4.8472
726.000000 4.8167
727.000000 4.7153
728.000000 4.7314
729.000000 4.8487
730.000000 4.8963
731.000000 4.8108
732.000000 4.656
733.000000 4.6498
734.000000 4.5788
735.000000 4.501
736.000000 4.5202
737.000000 4.5217
738.000000 4.3262
739.000000 4.2428
740.000000 3.9293
741.000000 4.0007
742.000000 4.1414
743.000000 4.2693
744.000000 4.2278
745.000000 4.3705
746.000000 4.4782
747.000000 4.5268
748.000000 4.6341
749.000000 4.7247
750.000000 4.661
751.000000 4.7016
752.000000 4.9012
753.000000 4.7196
754.000000 4.5107
755.000000 4.5292
756.000000 4.4963
757.000000 4.0807
758.000000 4.2858
759.000000 4.1961
760.000000 4.2473
761.000000 4.3627
762.000000 4.1852
763.000000 3.9625
764.000000 3.9568
765.000000 3.8804
766.000000 4.0749
767.000000 4.3731
768.000000 4.4951
769.000000 4.6325
770.000000 4.5446
771.000000 4.7528
772.000000 4.5288
773.000000 4.5993
774.000000 4.3868
775.000000 4.3467
776.000000 3.957
777.000000 3.6368
778.000000 3.4397
779.000000 3.4799
780.000000 3.82
781.000000 3.6083
782.000000 4.0776
783.000000 4.1756
784.000000 4.0984
785.000000 4.3633
786.000000 4.2224
787.000000 4.4491
788.000000 4.2931
789.000000 4.2846
790.000000 4.0561
791.000000 3.9875
792.000000 3.935
793.000000 3.7899
794.000000 3.6143
795.000000 3.4339
796.000000 3.6798
797.000000 3.7084
798.000000 3.7095
799.000000 3.9581
800.000000 4.0122
801.000000 3.8657
802.000000 3.9199
803.000000 3.9021
804.000000 3.7924
805.000000 3.6523
806.000000 3.7847
807.000000 3.5758
808.000000 3.3861
809.000000 3.4532
810.000000 3.4102
811.000000 3.115
812.000000 3.3409
813.000000 3.4761
814.000000 3.6977
815.000000 3.6835
816.000000 3.57
817.000000 3.3245
818.000000 3.2694
819.000000 3.1261
820.000000 3.1925
821.000000 3.3428
822.000000 3.3572
823.000000 3.2683
824.000000 3.0797
825.000000 3.403
826.000000 3.6309
827.000000 3.4923
828.000000 3.8625
829.000000 3.6944
830.000000 3.6538
831.000000 3.4187
832.000000 3.2529
833.000000 3.2225
834.000000 2.9934
835.000000 3.1528
836.000000 2.9993
837.000000 3.2806
838.000000 3.4789
839.000000 3.4958
840.000000 3.3958
841.000000 3.4555
842.000000 3.6151
843.000000 3.5534
844.000000 3.578
845.000000 3.9302
846.000000 3.9736
847.000000 3.9424
848.000000 3.7529
849.000000 3.801
850.000000 3.6532
851.000000 3.7069
852.000000 3.3117
853.000000 3.0469
854.000000 3.1045
855.000000 2.8969
856.000000 3.2259
857.000000 3.4245
858.000000 3.2637
859.000000 3.4452
860.000000 3.3926
861.000000 3.4476
862.000000 3.568
863.000000 3.5962
864.000000 3.6909
865.000000 3.8099
866.000000 3.4953
867.000000 3.5786
868.000000 3.4859
869.000000 3.2914
870.000000 3.5296
871.000000 3.5922
872.000000 3.3458
873.000000 3.3528
874.000000 3.3774
875.000000 3.5221
876.000000 3.5898
877.000000 3.7974
878.000000 3.4829
879.000000 3.5508
880.000000 3.6623
881.000000 3.6531
882.000000 3.3986
883.000000 3.3135
884.000000 2.9334
885.000000 2.5197
886.000000 2.4801
887.000000 2.4731
888.000000 2.6104
889.000000 2.5809
890.000000 2.4872
891.000000 2.6449
892.000000 2.7549
893.000000 3.068
894.000000 3.0418
895.000000 3.1188
896.000000 2.9994
897.000000 3.2509
898.000000 3.2672
899.000000 3.3495
900.000000 3.1131
901.000000 3.2923
902.000000 3.4546
903.000000 3.1886
904.000000 3.3719
905.000000 3.4627
906.000000 3.3283
907.000000 3.106
908.000000 3.1017
909.000000 3.0212
910.000000 2.8599
911.000000 2.9046
912.000000 2.8517
913.000000 2.7937
914.000000 3.1189
915.000000 3.0598
916.000000 2.9469
917.000000 3.0721
918.000000 3.2457
919.000000 2.9836
920.000000 2.9184
921.000000 2.8145
922.000000 2.9612
923.000000 2.8266
924.000000 2.9602
925.000000 2.7144
926.000000 2.7983
927.000000 2.7128
928.000000 2.755
929.000000 2.8056
930.000000 2.7091
931.000000 2.8755
932.000000 2.943
933.000000 2.908
934.000000 2.8782
935.000000 2.7033
936.000000 2.9266
937.000000 3.2424
938.000000 3.2909
939.000000 3.5959
940.000000 3.5036
941.000000 3.4392
942.000000 3.414
943.000000 3.282
944.000000 3.073
945.000000 3.1815
946.000000 3.013
947.000000 2.8007
948.000000 2.7489
949.000000 2.7709
950.000000 2.6071
951.000000 2.6525
952.000000 2.8386
953.000000 2.9132
954.000000 3.0428
955.000000 3.0328
956.000000 3.0913
957.000000 3.0451
958.000000 3.1898
959.000000 3.314
960.000000 3.0575
961.000000 3.1243
962.000000 3.0274
963.000000 3.2675
964.000000 3.2349
965.000000 3.2302
966.000000 3.0907
967.000000 3.1953
968.000000 3.0011
969.000000 2.9828
970.000000 3.2008
971.000000 3.0702
972.000000 2.9636
973.000000 3.2402
974.000000 3.193
975.000000 3.4613
976.000000 3.3557
977.000000 3.152
978.000000 3.1067
979.000000 2.9015
980.000000 2.7099
981.000000 2.8476
982.000000 2.6234
983.000000 2.6665
984.000000 2.8191
985.000000 3.0078
986.000000 2.8333
987.000000 3.0292
988.000000 3.3913
989.000000 3.3564
990.000000 3.4883
991.000000 3.6904
992.000000 3.5136
993.000000 3.2588
994.000000 2.9792
995.000000 2.9699
996.000000 2.8216
997.000000 2.7108
998.000000 2.4774
999.000000 2.7257
