0.000000 0
1.000000 0
2.000000 0
3.000000 0
4.000000 0
5.000000 0
6.000000 0
7.000000 0
8.000000 0
9.000000 0
10.000000 0
11.000000 0.1397
12.000000 0.43588
13.000000 0.82432
14.000000 1.2544
15.000000 1.6915
16.000000 2.1113
17.000000 2.496
18.000000 2.8371
19.000000 3.1294
20.000000 3.37
21.000000 3.5581
22.000000 3.6951
23.000000 3.7837
24.000000 3.8283
25.000000 3.8338
26.000000 3.8059
27.000000 3.7503
28.000000 3.6727
29.000000 3.5786
30.000000 3.4729
31.000000 3.3599
32.000000 3.2436
33.000000 3.1272
34.000000 3.0133
35.000000 2.9041
36.000000 2.8009
37.000000 2.705
38.000000 2.6169
39.000000 2.5371
40.000000 2.4653
41.000000 2.4016
42.000000 2.3454
43.000000 2.2963
44.000000 2.2536
45.000000 2.2167
46.000000 2.1849
47.000000 2.1576
48.000000 2.1343
49.000000 2.1142
50.000000 2.097
51.000000 2.0821
52.000000 2.0692
53.000000 2.0578
54.000000 2.0479
55.000000 2.039
56.000000 2.031
57.000000 2.0238
58.000000 2.0173
59.000000 2.0113
60.000000 2.0059
61.000000 2.0009
62.000000 1.9964
63.000000 1.9923
64.000000 1.9887
65.000000 1.9854
66.000000 1.9826
67.000000 1.9802
68.000000 1.9781
69.000000 1.9764
70.000000 1.9751
71.000000 1.9741
72.000000 1.9734
73.000000 1.973
74.000000 1.9729
75.000000 1.973
76.000000 1.9733
77.000000 1.9739
78.000000 1.9746
79.000000 1.9754
80.000000 1.9763
81.000000 1.9773
82.000000 1.9784
83.000000 1.9795
84.000000 1.9807
85.000000 1.9819
86.000000 1.983
87.000000 1.9842
88.000000 1.9853
89.000000 1.9864
90.000000 1.9874
91.000000 1.9884
92.000000 1.9894
93.000000 1.9903
94.000000 1.9912
95.000000 1.992
96.000000 1.9928
97.000000 1.9936
98.000000 1.9942
99.000000 1.9949
100.000000 1.9955
101.000000 1.996
102.000000 1.9965
103.000000 1.997
104.000000 1.9974
105.000000 1.9978
106.000000 1.9981
107.000000 1.9984
108.000000 1.9987
109.000000 1.999
110.000000 1.9992
111.000000 1.9994
112.000000 1.9996
113.000000 1.9998
114.000000 1.9999
115.000000 2
116.000000 2.0001
117.000000 2.0002
118.000000 2.0003
119.000000 2.0003
120.000000 2.0004
121.000000 2.0004
122.000000 2.0005
123.000000 2.0005
124.000000 2.0005
125.000000 2.0005
126.000000 2.0005
127.000000 2.0005
128.000000 2.0005
129.000000 2.0005
130.000000 2.0005
131.000000 2.0004
132.000000 2.0004
133.000000 2.0004
134.000000 2.0004
135.000000 2.0004
136.000000 2.0004
137.000000 2.0004
138.000000 2.0004
139.000000 2.0004
140.000000 2.0003
141.000000 2.0003
142.000000 2.0003
143.000000 2.0003
144.000000 2.0003
145.000000 2.0003
146.000000 2.0003
147.000000 2.0002
148.000000 2.0002
149.000000 2.0002
150.000000 2.0002
151.000000 2.0002
152.000000 2.0002
153.000000 2.0001
154.000000 2.0001
155.000000 2.0001
156.000000 2.0001
157.000000 2.0001
158.000000 2.0001
159.000000 2
160.000000 2
161.000000 2.0001
162.000000 2.0002
163.000000 2.0003
164.000000 2.0005
165.000000 2.0007
166.000000 2.0009
167.000000 2.0011
168.000000 2.0012
169.000000 2.0013
170.000000 2.0014
171.000000 2.0014
172.000000 2.0014
173.000000 2.0013
174.000000 2.0012
175.000000 2.001
176.000000 2.0008
177.000000 2.0007
178.000000 2.0004
179.000000 2.0002
180.000000 2
181.000000 1.9998
182.000000 1.9996
183.000000 1.9994
184.000000 1.9992
185.000000 1.9991
186.000000 1.9989
187.000000 1.9988
188.000000 1.9987
189.000000 1.9987
190.000000 1.9986
191.000000 1.9986
192.000000 1.9985
193.000000 1.9985
194.000000 1.9985
195.000000 1.9985
196.000000 1.9986
197.000000 1.9986
198.000000 1.9986
199.000000 1.9987
200.000000 1.9987
201.000000 1.9987
202.000000 1.9988
203.000000 1.8954
204.000000 1.7919
205.000000 1.6995
206.000000 1.6262
207.000000 1.5739
208.000000 1.5457
209.000000 1.5428
210.000000 1.5625
211.000000 1.6021
212.000000 1.6595
213.000000 1.7329
214.000000 1.8203
215.000000 1.9202
216.000000 2.0306
217.000000 2.1498
218.000000 2.276
219.000000 2.4074
220.000000 2.5423
221.000000 2.6792
222.000000 2.8167
223.000000 2.9535
224.000000 3.0886
225.000000 3.221
226.000000 3.3499
227.000000 3.4747
228.000000 3.5947
229.000000 3.7097
230.000000 3.8192
231.000000 3.9231
232.000000 4.0213
233.000000 4.1138
234.000000 4.2004
235.000000 4.2814
236.000000 4.3569
237.000000 4.427
238.000000 4.4918
239.000000 4.5517
240.000000 4.6068
241.000000 4.6574
242.000000 4.7037
243.000000 4.7459
244.000000 4.7843
245.000000 4.8191
246.000000 4.8505
247.000000 4.8788
248.000000 4.9042
249.000000 4.9269
250.000000 4.947
251.000000 4.9649
252.000000 4.9806
253.000000 4.9943
254.000000 5.0063
255.000000 5.0165
256.000000 5.0253
257.000000 5.0327
258.000000 5.0388
259.000000 5.0438
260.000000 5.0478
261.000000 5.0508
262.000000 5.0531
263.000000 5.0546
264.000000 5.0555
265.000000 5.0558
266.000000 5.0556
267.000000 5.055
268.000000 5.0541
269.000000 5.0528
270.000000 5.0513
271.000000 5.0496
272.000000 5.0477
273.000000 5.0457
274.000000 5.0436
275.000000 5.0414
276.000000 5.0392
277.000000 5.0369
278.000000 5.0347
279.000000 5.0325
280.000000 5.0304
281.000000 5.0283
282.000000 5.0262
283.000000 5.0243
284.000000 5.0224
285.000000 5.0205
286.000000 5.0188
287.000000 5.0171
288.000000 5.0156
289.000000 5.0141
290.000000 5.0127
291.000000 5.0114
292.000000 5.0102
293.000000 5.009
294.000000 5.008
295.000000 5.007
296.000000 5.0061
297.000000 5.0053
298.000000 5.0045
299.000000 5.0038
300.000000 5.0032
301.000000 5.0026
302.000000 5.0021
303.000000 4.9829
304.000000 5.0532
305.000000 5.1867
306.000000 5.3623
307.000000 5.562
308.000000 5.7747
309.000000 5.9915
310.000000 6.205
311.000000 6.4096
312.000000 6.6015
313.000000 6.7787
314.000000 6.9402
315.000000 7.0858
316.000000 7.2164
317.000000 7.333
318.000000 7.4372
319.000000 7.5305
320.000000 7.6146
321.000000 7.6912
322.000000 7.7617
323.000000 7.8274
324.000000 7.8896
325.000000 7.9492
326.000000 8.0069
327.000000 8.0633
328.000000 8.1187
329.000000 8.1734
330.000000 8.2274
331.000000 8.2808
332.000000 8.3333
333.000000 8.3849
334.000000 8.4354
335.000000 8.4845
336.000000 8.5319
337.000000 8.5776
338.000000 8.6213
339.000000 8.6627
340.000000 8.7019
341.000000 8.7386
342.000000 8.7728
343.000000 8.8046
344.000000 8.8337
345.000000 8.8604
346.000000 8.8847
347.000000 8.9066
348.000000 8.9263
349.000000 8.9438
350.000000 8.9593
351.000000 8.9729
352.000000 8.9847
353.000000 8.995
354.000000 9.0037
355.000000 9.011
356.000000 9.0171
357.000000 9.0221
358.000000 9.0261
359.000000 9.0293
360.000000 9.0318
361.000000 9.0336
362.000000 9.0349
363.000000 9.0357
364.000000 9.0361
365.000000 9.0362
366.000000 9.036
367.000000 9.0355
368.000000 9.0349
369.000000 9.0341
370.000000 9.0332
371.000000 9.0322
372.000000 9.0311
373.000000 9.03
374.000000 9.0288
375.000000 9.0276
376.000000 9.0264
377.000000 9.0251
378.000000 9.0239
379.000000 9.0226
380.000000 9.0214
381.000000 9.0202
382.000000 9.019
383.000000 9.0179
384.000000 9.0168
385.000000 9.0157
386.000000 9.0146
387.000000 9.0136
388.000000 9.0126
389.000000 9.0117
390.000000 9.0108
391.000000 9.0099
392.000000 9.0091
393.000000 9.0083
394.000000 9.0076
395.000000 9.0069
396.000000 9.0063
397.000000 9.0057
398.000000 9.0051
399.000000 9.0046
400.000000 9.0041
401.000000 9.0036
402.000000 9.0032
403.000000 9.0028
404.000000 9.0025
405.000000 9.0021
406.000000 9.0018
407.000000 9.0016
408.000000 9.0013
409.000000 9.0011
410.000000 9.0009
411.000000 9.0007
412.000000 9.0006
413.000000 9.0004
414.000000 9.0003
415.000000 9.0002
416.000000 9.0001
417.000000 9
418.000000 8.9999
419.000000 8.9999
420.000000 8.9998
421.000000 8.9998
422.000000 8.9997
423.000000 8.9997
424.000000 8.9997
425.000000 8.9997
426.000000 8.9997
427.000000 8.9996
428.000000 8.9996
429.000000 8.9996
430.000000 8.9996
431.000000 8.9996
432.000000 8.9996
433.000000 8.9997
434.000000 8.9997
435.000000 8.9997
436.000000 8.9997
437.000000 8.9997
438.000000 8.9997
439.000000 8.9997
440.000000 8.9997
441.000000 8.9997
442.000000 8.9997
443.000000 8.9997
444.000000 8.9998
445.000000 8.9998
446.000000 8.9998
447.000000 8.9998
448.000000 8.9998
449.000000 8.9998
450.000000 8.9998
451.000000 8.9999
452.000000 8.9999
453.000000 8.9999
454.000000 8.9999
455.000000 8.9998
456.000000 8.9998
457.000000 8.9998
458.000000 8.9997
459.000000 8.9996
460.000000 8.9996
461.000000 8.9995
462.000000 8.9994
463.000000 8.9994
464.000000 8.9993
465.000000 8.9992
466.000000 8.9992
467.000000 8.9992
468.000000 8.9992
469.000000 8.9992
470.000000 8.9992
471.000000 8.9992
472.000000 8.9993
473.000000 8.9994
474.000000 8.9994
475.000000 8.9995
476.000000 8.9996
477.000000 8.9998
478.000000 8.9999
479.000000 9
480.000000 9.0001
481.000000 9.0002
482.000000 9.0004
483.000000 9.0005
484.000000 9.0006
485.000000 9.0007
486.000000 9.0008
487.000000 9.0009
488.000000 9.001
489.000000 9.001
490.000000 9.0011
491.000000 9.0011
492.000000 9.0012
493.000000 9.0012
494.000000 9.0012
495.000000 9.0012
496.000000 9.0012
497.000000 9.0012
498.000000 9.0012
499.000000 9.0012
500.000000 9.0012
501.000000 9.0011
502.000000 9.0011
503.000000 9.2097
504.000000 9.5749
505.000000 10.025
506.000000 10.504
507.000000 10.976
508.000000 11.414
509.000000 11.801
510.000000 12.129
511.000000 12.395
512.000000 12.597
513.000000 12.736
514.000000 12.815
515.000000 12.837
516.000000 12.808
517.000000 12.734
518.000000 12.622
519.000000 12.479
520.000000 12.311
521.000000 12.126
522.000000 11.928
523.000000 11.724
524.000000 11.518
525.000000 11.313
526.000000 11.113
527.000000 10.921
528.000000 10.738
529.000000 10.565
530.000000 10.404
531.000000 10.255
532.000000 10.118
533.000000 9.9924
534.000000 9.8784
535.000000 9.7753
536.000000 9.6823
537.000000 9.5986
538.000000 9.5236
539.000000 9.4565
540.000000 9.3964
541.000000 9.3426
542.000000 9.2945
543.000000 9.2515
544.000000 9.213
545.000000 9.1785
546.000000 9.1475
547.000000 9.1197
548.000000 9.0948
549.000000 9.0725
550.000000 9.0526
551.000000 9.0347
552.000000 9.0188
553.000000 9.0047
554.000000 8.9922
555.000000 8.9813
556.000000 8.9718
557.000000 8.9637
558.000000 8.9567
559.000000 8.951
560.000000 8.9463
561.000000 8.9425
562.000000 8.9397
563.000000 8.9377
564.000000 8.9364
565.000000 8.9358
566.000000 8.9358
567.000000 8.9363
568.000000 8.9373
569.000000 8.9387
570.000000 8.9404
571.000000 8.9423
572.000000 8.9445
573.000000 8.9469
574.000000 8.9494
575.000000 8.9519
576.000000 8.9546
577.000000 8.9572
578.000000 8.9599
579.000000 8.9625
580.000000 8.965
581.000000 8.9675
582.000000 8.9699
583.000000 8.9723
584.000000 8.9745
585.000000 8.9766
586.000000 8.9787
587.000000 8.9806
588.000000 8.9824
589.000000 8.9842
590.000000 8.9858
591.000000 8.9873
592.000000 8.9887
593.000000 8.99
594.000000 8.9912
595.000000 8.9923
596.000000 8.9933
597.000000 8.9943
598.000000 8.9951
599.000000 8.9959
600.000000 8.9966
601.000000 8.9972
602.000000 8.9978
603.000000 8.9983
604.000000 8.9988
605.000000 8.9992
606.000000 8.9995
607.000000 8.9998
608.000000 9.0001
609.000000 9.0003
610.000000 9.0005
611.000000 9.0007
612.000000 9.0008
613.000000 9.0009
614.000000 9.001
615.000000 9.0011
616.000000 9.0011
617.000000 9.0012
618.000000 9.0012
619.000000 9.0012
620.000000 9.0012
621.000000 9.0011
622.000000 9.0011
623.000000 9.0011
624.000000 9.001
625.000000 9.001
626.000000 9.001
627.000000 9.0009
628.000000 9.0009
629.000000 9.0009
630.000000 9.0008
631.000000 9.0008
632.000000 9.0008
633.000000 9.0008
634.000000 9.0007
635.000000 9.0007
636.000000 9.0006
637.000000 9.0006
638.000000 9.0006
639.000000 9.0005
640.000000 9.0005
641.000000 9.0005
642.000000 9.0004
643.000000 9.0004
644.000000 9.0004
645.000000 9.0003
646.000000 9.0003
647.000000 9.0003
648.000000 9.0002
649.000000 9.0002
650.000000 9.0001
651.000000 9.0001
652.000000 9.0001
653.000000 9.0001
654.000000 9.0003
655.000000 9.0005
656.000000 9.0008
657.000000 9.0011
658.000000 9.0015
659.000000 9.0018
660.000000 9.002
661.000000 9.0022
662.000000 9.0023
663.000000 9.0024
664.000000 9.0024
665.000000 9.0023
666.000000 9.0022
667.000000 9.002
668.000000 9.0017
669.000000 9.0015
670.000000 9.0012
671.000000 9.0008
672.000000 9.0005
673.000000 9.0001
674.000000 8.9998
675.000000 8.9995
676.000000 8.9992
677.000000 8.9989
678.000000 8.9986
679.000000 8.9983
680.000000 8.9981
681.000000 8.9979
682.000000 8.9978
683.000000 8.9976
684.000000 8.9975
685.000000 8.9974
686.000000 8.9974
687.000000 8.9973
688.000000 8.9973
689.000000 8.9973
690.000000 8.9973
691.000000 8.9973
692.000000 8.9974
693.000000 8.9974
694.000000 8.9974
695.000000 8.9975
696.000000 8.9976
697.000000 8.9976
698.000000 8.9977
699.000000 8.9978
700.000000 8.9979
701.000000 8.998
702.000000 8.998
703.000000 8.9981
704.000000 8.9982
705.000000 8.9983
706.000000 8.9984
707.000000 8.9985
708.000000 8.9986
709.000000 8.9986
710.000000 8.9987
711.000000 8.9988
712.000000 8.9989
713.000000 8.999
714.000000 8.999
715.000000 8.9991
716.000000 8.9992
717.000000 8.9993
718.000000 8.9993
719.000000 8.9994
720.000000 8.9994
721.000000 8.9995
722.000000 8.9996
723.000000 8.9996
724.000000 8.9997
725.000000 8.9997
726.000000 8.9997
727.000000 8.9998
728.000000 8.9998
729.000000 8.9998
730.000000 8.9999
731.000000 8.9999
732.000000 8.9999
733.000000 9
734.000000 9
735.000000 9
736.000000 9
737.000000 9
738.000000 9
739.000000 9
740.000000 9.0001
741.000000 9.0001
742.000000 9.0001
743.000000 9.0001
744.000000 9.0001
745.000000 9.0001
746.000000 9.0001
747.000000 9.0001
748.000000 9.0001
749.000000 9.0001
750.000000 9.0001
751.000000 9.0001
752.000000 9.0001
753.000000 8.9703
754.000000 8.8923
755.000000 8.7605
756.000000 8.5783
757.000000 8.354
758.000000 8.0986
759.000000 7.8246
760.000000 7.544
761.000000 7.2676
762.000000 7.005
763.000000 6.7646
764.000000 6.5531
765.000000 6.3756
766.000000 6.2359
767.000000 6.1359
768.000000 6.0765
769.000000 6.057
770.000000 6.0759
771.000000 6.1306
772.000000 6.218
773.000000 6.3345
774.000000 6.4762
775.000000 6.639
776.000000 6.8188
777.000000 7.0116
778.000000 7.2137
779.000000 7.4216
780.000000 7.6319
781.000000 7.8419
782.000000 8.0489
783.000000 8.251
784.000000 8.4462
785.000000 8.6331
786.000000 8.8106
787.000000 8.9779
788.000000 9.1343
789.000000 9.2795
790.000000 9.4134
791.000000 9.536
792.000000 9.6475
793.000000 9.748
794.000000 9.8381
795.000000 9.918
796.000000 9.9883
797.000000 10.049
798.000000 10.102
799.000000 10.147
800.000000 10.184
801.000000 10.213
802.000000 10.237
803.000000 10.254
804.000000 10.266
805.000000 10.273
806.000000 10.275
807.000000 10.273
808.000000 10.267
809.000000 10.258
810.000000 10.245
811.000000 10.229
812.000000 10.211
813.000000 10.191
814.000000 10.168
815.000000 10.144
816.000000 10.119
817.000000 10.092
818.000000 10.064
819.000000 10.035
820.000000 10.006
821.000000 9.9755
822.000000 9.9451
823.000000 9.9144
824.000000 9.8837
825.000000 9.853
826.000000 9.8225
827.000000 9.7922
828.000000 9.7622
829.000000 9.7327
830.000000 9.7037
831.000000 9.6752
832.000000 9.6473
833.000000 9.6201
834.000000 9.5936
835.000000 9.5678
836.000000 9.5428
837.000000 9.5185
838.000000 9.495
839.000000 9.4723
840.000000 9.4504
841.000000 9.4294
842.000000 9.409
843.000000 9.3895
844.000000 9.3708
845.000000 9.3528
846.000000 9.3356
847.000000 9.3191
848.000000 9.3034
849.000000 9.2883
850.000000 9.2739
851.000000 9.2602
852.000000 9.2472
853.000000 9.2347
854.000000 9.2228
855.000000 9.2116
856.000000 9.2008
857.000000 9.1907
858.000000 9.181
859.000000 9.1718
860.000000 9.1631
861.000000 9.1548
862.000000 9.1469
863.000000 9.1395
864.000000 9.1324
865.000000 9.1257
866.000000 9.1194
867.000000 9.1134
868.000000 9.1077
869.000000 9.1023
870.000000 9.0972
871.000000 9.0924
872.000000 9.0878
873.000000 9.0835
874.000000 9.0794
875.000000 9.0755
876.000000 9.0718
877.000000 9.0683
878.000000 9.065
879.000000 9.0618
880.000000 9.0588
881.000000 9.056
882.000000 9.0533
883.000000 9.0508
884.000000 9.0484
885.000000 9.0461
886.000000 9.0439
887.000000 9.0418
888.000000 9.0398
889.000000 9.038
890.000000 9.0362
891.000000 9.0345
892.000000 9.0329
893.000000 9.0314
894.000000 9.0299
895.000000 9.0286
896.000000 9.0273
897.000000 9.026
898.000000 9.0248
899.000000 9.0237
900.000000 9.0226
901.000000 9.0216
902.000000 9.0206
903.000000 9.0197
904.000000 9.0188
905.000000 9.0179
906.000000 9.017
907.000000 9.0161
908.000000 9.0152
909.000000 9.0143
910.000000 9.0134
911.000000 9.0126
912.000000 9.0118
913.000000 9.0111
914.000000 9.0104
915.000000 9.0097
916.000000 9.0092
917.000000 9.0086
918.000000 9.0082
919.000000 9.0078
920.000000 9.0075
921.000000 9.0072
922.000000 9.007
923.000000 9.0069
924.000000 9.0068
925.000000 9.0067
926.000000 9.0066
927.000000 9.0066
928.000000 9.0066
929.000000 9.0066
930.000000 9.0066
931.000000 9.0066
932.000000 9.0066
933.000000 9.0066
934.000000 9.0065
935.000000 9.0065
936.000000 9.0065
937.000000 9.0064
938.000000 9.0063
939.000000 9.0062
940.000000 9.0061
941.000000 9.006
942.000000 9.0059
943.000000 9.0058
944.000000 9.0056
945.000000 9.0054
946.000000 9.0053
947.000000 9.0051
948.000000 9.0049
949.000000 9.0047
950.000000 9.0045
951.000000 9.0043
952.000000 9.0041
953.000000 9.0039
954.000000 9.0036
955.000000 9.0034
956.000000 9.0032
957.000000 9.003
958.000000 9.0028
959.000000 9.0026
960.000000 9.0024
961.000000 9.0022
962.000000 9.002
963.000000 9.0018
964.000000 9.0017
965.000000 9.0015
966.000000 9.0013
967.000000 9.0012
968.000000 9.001
969.000000 9.0009
970.000000 9.0007
971.000000 9.0006
972.000000 9.0005
973.000000 9.0003
974.000000 9.0002
975.000000 9.0001
976.000000 9
977.000000 8.9999
978.000000 8.9999
979.000000 8.9998
980.000000 8.9997
981.000000 8.9996
982.000000 8.9996
983.000000 8.9995
984.000000 8.9995
985.000000 8.9994
986.000000 8.9994
987.000000 8.9994
988.000000 8.9994
989.000000 8.9993
990.000000 8.9993
991.000000 8.9993
992.000000 8.9993
993.000000 8.9993
994.000000 8.9993
995.000000 8.9993
996.000000 8.9993
997.000000 8.9993
998.000000 8.9993
999.000000 8.9993
