1.000000 33.42
2.000000 33.42
3.000000 33.42
4.000000 33.42
5.000000 33.42
6.000000 33.42
7.000000 33.42
8.000000 33.42
9.000000 33.42
10.000000 33.42
11.000000 33.42
12.000000 33.42
13.000000 33.42
14.000000 33.42
15.000000 33.42
16.000000 33.42
17.000000 33.42
18.000000 33.42
19.000000 33.42
20.000000 34.06
21.000000 34.06
22.000000 34.12
23.000000 34.18
24.000000 34.25
25.000000 34.31
26.000000 34.37
27.000000 34.43
28.000000 34.5
29.000000 34.56
30.000000 34.56
31.000000 34.62
32.000000 34.68
33.000000 34.75
34.000000 34.81
35.000000 34.87
36.000000 34.87
37.000000 34.93
38.000000 35
39.000000 35
40.000000 35.06
41.000000 35.06
42.000000 35.12
43.000000 35.12
44.000000 35.18
45.000000 35.18
46.000000 35.25
47.000000 35.25
48.000000 35.25
49.000000 35.31
50.000000 35.31
51.000000 35.31
52.000000 35.37
53.000000 35.37
54.000000 35.37
55.000000 35.43
56.000000 35.43
57.000000 35.43
58.000000 35.5
59.000000 35.5
60.000000 35.56
61.000000 35.56
62.000000 35.62
63.000000 35.62
64.000000 35.62
65.000000 35.62
66.000000 35.62
67.000000 35.56
68.000000 35.62
69.000000 35.62
70.000000 35.62
71.000000 35.62
72.000000 35.62
73.000000 35.62
74.000000 35.62
75.000000 35.62
76.000000 35.62
77.000000 35.62
78.000000 35.62
79.000000 35.62
80.000000 35.62
81.000000 35.62
82.000000 35.62
83.000000 35.62
84.000000 35.62
85.000000 35.62
86.000000 35.62
87.000000 35.62
88.000000 35.68
89.000000 35.62
90.000000 35.68
91.000000 35.68
92.000000 35.68
93.000000 35.68
94.000000 35.68
95.000000 35.68
96.000000 35.68
97.000000 35.68
98.000000 35.68
99.000000 35.68
100.000000 35.68
101.000000 35.68
102.000000 35.68
103.000000 35.68
104.000000 35.68
105.000000 35.68
106.000000 35.68
107.000000 35.68
108.000000 35.68
109.000000 35.68
110.000000 35.68
111.000000 35.68
112.000000 35.68
113.000000 35.68
114.000000 35.68
115.000000 35.68
116.000000 35.68
117.000000 35.68
118.000000 35.68
119.000000 35.68
120.000000 35.68
121.000000 35.62
122.000000 35.68
123.000000 35.68
124.000000 35.68
125.000000 35.68
126.000000 35.68
127.000000 35.68
128.000000 35.68
129.000000 35.68
130.000000 35.62
131.000000 35.62
132.000000 35.68
133.000000 35.68
134.000000 35.68
135.000000 35.68
136.000000 35.75
137.000000 35.75
138.000000 35.75
139.000000 35.75
140.000000 35.75
141.000000 35.81
142.000000 35.81
143.000000 35.81
144.000000 35.81
145.000000 35.81
146.000000 35.81
147.000000 35.81
148.000000 35.75
149.000000 35.75
150.000000 35.75
151.000000 35.75
152.000000 35.75
153.000000 35.75
154.000000 35.75
155.000000 35.75
156.000000 35.75
157.000000 35.75
158.000000 35.75
159.000000 35.75
160.000000 35.75
161.000000 35.75
162.000000 35.75
163.000000 35.81
164.000000 35.81
165.000000 35.81
166.000000 35.81
167.000000 35.81
168.000000 35.81
169.000000 35.81
170.000000 35.81
171.000000 35.87
172.000000 35.87
173.000000 35.87
174.000000 35.87
175.000000 35.87
176.000000 35.87
177.000000 35.87
178.000000 35.87
179.000000 35.87
180.000000 35.87
181.000000 35.87
182.000000 35.87
183.000000 35.87
184.000000 35.87
185.000000 35.87
186.000000 35.87
187.000000 35.87
188.000000 35.87
189.000000 35.93
190.000000 35.93
191.000000 35.93
192.000000 35.93
193.000000 35.93
194.000000 35.93
195.000000 35.93
196.000000 35.93
197.000000 35.93
198.000000 36
199.000000 36
200.000000 36
201.000000 36
202.000000 36.06
203.000000 36.06
204.000000 36.06
205.000000 36.06
206.000000 36.06
207.000000 36.06
208.000000 36.06
209.000000 36.06
210.000000 36.06
211.000000 36.06
212.000000 36
213.000000 36.06
214.000000 36
215.000000 36.06
216.000000 36.06
217.000000 36.06
218.000000 36.06
219.000000 36.06
220.000000 36.06
221.000000 36.06
222.000000 36
223.000000 36
224.000000 36
225.000000 36
226.000000 36
227.000000 36
228.000000 36
229.000000 36
230.000000 36
231.000000 36
232.000000 36
233.000000 36
234.000000 35.93
235.000000 35.93
236.000000 35.93
237.000000 35.93
238.000000 35.93
239.000000 35.87
240.000000 35.87
241.000000 35.87
242.000000 35.87
243.000000 35.87
244.000000 35.87
245.000000 35.87
246.000000 35.87
247.000000 35.87
248.000000 35.87
249.000000 35.87
250.000000 35.87
251.000000 35.87
252.000000 35.87
253.000000 35.87
254.000000 35.87
255.000000 35.87
256.000000 35.87
257.000000 35.93
258.000000 35.93
259.000000 35.93
260.000000 35.93
261.000000 36
262.000000 36
263.000000 36
264.000000 36
265.000000 36.06
266.000000 36.06
267.000000 36.06
268.000000 36.12
269.000000 36.12
270.000000 36.12
271.000000 36.12
272.000000 36.12
273.000000 36.12
274.000000 36.12
275.000000 36.12
276.000000 36.12
277.000000 36.12
278.000000 36.18
279.000000 36.18
280.000000 36.18
281.000000 36.18
282.000000 36.18
283.000000 36.18
284.000000 36.12
285.000000 36.12
286.000000 36.12
287.000000 36.12
288.000000 36.12
289.000000 36.12
290.000000 36.12
291.000000 36.12
292.000000 36.12
293.000000 36.12
294.000000 36.12
295.000000 36.12
296.000000 36.12
297.000000 36.18
298.000000 36.18
299.000000 36.18
300.000000 36.18
301.000000 36.18
302.000000 36.12
303.000000 36.12
304.000000 36.12
305.000000 36.12
306.000000 36.12
307.000000 36.12
308.000000 36.12
309.000000 36.12
310.000000 36.12
311.000000 36.12
312.000000 36.12
313.000000 36.12
314.000000 36.12
315.000000 36.12
316.000000 36.06
317.000000 36.06
318.000000 36.06
319.000000 36.06
320.000000 36
321.000000 36
322.000000 36
323.000000 36
324.000000 36
325.000000 36
326.000000 36
327.000000 36
328.000000 36
329.000000 36
330.000000 36
331.000000 36
332.000000 36
333.000000 36
334.000000 36
335.000000 36
336.000000 36
337.000000 36
338.000000 36
339.000000 36
340.000000 36
341.000000 36
342.000000 36.06
343.000000 36.06
344.000000 36.06
345.000000 36.06
346.000000 36.06
347.000000 36.06
348.000000 36.06
349.000000 36.06
350.000000 36.06
351.000000 36.06
352.000000 36.06
353.000000 36.06
354.000000 36.06
355.000000 36.06
356.000000 36.06
357.000000 36.06
358.000000 36.06
359.000000 36.06
360.000000 36.06
361.000000 36.06
362.000000 36.06
363.000000 36.06
364.000000 36.06
365.000000 36.06
366.000000 36
367.000000 36
368.000000 36
369.000000 36
370.000000 36
371.000000 36
372.000000 36
373.000000 36
374.000000 36.06
375.000000 36.06
376.000000 36.06
377.000000 36.06
378.000000 36.06
379.000000 36.06
380.000000 36.06
381.000000 36.06
382.000000 36.06
383.000000 36.06
384.000000 36.06
385.000000 36.06
386.000000 36.06
387.000000 36.06
388.000000 36.06
389.000000 36.06
390.000000 36
391.000000 36
392.000000 36
393.000000 36
394.000000 36
395.000000 35.93
396.000000 35.93
397.000000 35.93
398.000000 35.93
399.000000 35.93
400.000000 35.93
401.000000 35.93
402.000000 35.93
403.000000 35.93
404.000000 35.93
405.000000 35.93
406.000000 35.93
407.000000 35.93
408.000000 35.93
409.000000 35.87
410.000000 35.87
411.000000 35.93
412.000000 35.87
413.000000 35.93
414.000000 35.93
415.000000 35.93
416.000000 35.93
417.000000 36
418.000000 36
419.000000 36.06
420.000000 36.12
421.000000 36.18
422.000000 36.25
423.000000 36.31
424.000000 36.37
425.000000 36.5
426.000000 36.56
427.000000 36.68
428.000000 36.75
429.000000 36.87
430.000000 37
431.000000 37.06
432.000000 37.18
433.000000 37.31
434.000000 37.43
435.000000 37.56
436.000000 37.68
437.000000 37.81
438.000000 37.93
439.000000 38.06
440.000000 38.18
441.000000 38.31
442.000000 38.43
443.000000 38.56
444.000000 38.68
445.000000 38.87
446.000000 38.93
447.000000 39.06
448.000000 39.18
449.000000 39.25
450.000000 39.37
451.000000 39.43
452.000000 39.5
453.000000 39.62
454.000000 39.68
455.000000 39.75
456.000000 39.81
457.000000 39.87
458.000000 40
459.000000 40
460.000000 40.12
461.000000 40.12
462.000000 40.25
463.000000 40.25
464.000000 40.31
465.000000 40.37
466.000000 40.43
467.000000 40.5
468.000000 40.5
469.000000 40.56
470.000000 40.56
471.000000 40.62
472.000000 40.62
473.000000 40.68
474.000000 40.68
475.000000 40.68
476.000000 40.75
477.000000 40.75
478.000000 40.81
479.000000 40.81
480.000000 40.81
481.000000 40.75
482.000000 40.75
483.000000 40.75
484.000000 40.75
485.000000 40.68
486.000000 40.68
487.000000 40.68
488.000000 40.62
489.000000 40.62
490.000000 40.56
491.000000 40.56
492.000000 40.5
493.000000 40.5
494.000000 40.43
495.000000 40.43
496.000000 40.37
497.000000 40.37
498.000000 40.31
499.000000 40.31
500.000000 40.25
501.000000 40.25
502.000000 40.25
503.000000 40.25
504.000000 40.25
505.000000 40.18
506.000000 40.18
507.000000 40.18
508.000000 40.12
509.000000 40.12
510.000000 40.06
511.000000 40.06
512.000000 40
513.000000 40
514.000000 39.93
515.000000 39.93
516.000000 39.87
517.000000 39.87
518.000000 39.81
519.000000 39.81
520.000000 39.81
521.000000 39.81
522.000000 39.75
523.000000 39.75
524.000000 39.68
525.000000 39.68
526.000000 39.68
527.000000 39.68
528.000000 39.68
529.000000 39.68
530.000000 39.62
531.000000 39.68
532.000000 39.62
533.000000 39.62
534.000000 39.62
535.000000 39.62
536.000000 39.62
537.000000 39.62
538.000000 39.62
539.000000 39.62
540.000000 39.68
541.000000 39.62
542.000000 39.68
543.000000 39.68
544.000000 39.68
545.000000 39.68
546.000000 39.68
547.000000 39.68
548.000000 39.75
549.000000 39.75
550.000000 39.75
551.000000 39.75
552.000000 39.75
553.000000 39.75
554.000000 39.75
555.000000 39.68
556.000000 39.68
557.000000 39.68
558.000000 39.75
559.000000 39.68
560.000000 39.68
561.000000 39.68
562.000000 39.68
563.000000 39.75
564.000000 39.75
565.000000 39.75
566.000000 39.75
567.000000 39.81
568.000000 39.81
569.000000 39.87
570.000000 39.87
571.000000 39.93
572.000000 39.93
573.000000 39.93
574.000000 40
575.000000 40
576.000000 40
577.000000 40
578.000000 40
579.000000 40
580.000000 40
581.000000 40
582.000000 40
583.000000 40
584.000000 40
585.000000 40
586.000000 40
587.000000 40
588.000000 40
589.000000 40.06
590.000000 40.06
591.000000 40.06
592.000000 40.06
593.000000 40.06
594.000000 40.06
595.000000 40.06
596.000000 40.06
597.000000 40.06
598.000000 40.06
599.000000 40.06
600.000000 40.06
601.000000 40.06
602.000000 40.06
603.000000 40.06
604.000000 40.06
605.000000 40.06
606.000000 40.06
607.000000 40.06
608.000000 40.06
609.000000 40.06
610.000000 40.12
611.000000 40.12
612.000000 40.12
613.000000 40.12
614.000000 40.12
615.000000 40.18
616.000000 40.18
617.000000 40.12
618.000000 40.18
619.000000 40.12
620.000000 40.18
621.000000 40.18
622.000000 40.18
623.000000 40.18
624.000000 40.18
625.000000 40.25
626.000000 40.25
627.000000 40.25
628.000000 40.25
629.000000 40.25
630.000000 40.25
631.000000 40.25
632.000000 40.25
633.000000 40.25
634.000000 40.25
635.000000 40.31
636.000000 40.31
637.000000 40.31
638.000000 40.31
639.000000 40.31
640.000000 40.31
641.000000 40.31
642.000000 40.31
643.000000 40.31
644.000000 40.31
645.000000 40.31
646.000000 40.31
647.000000 40.31
648.000000 40.25
649.000000 40.25
650.000000 40.25
651.000000 40.25
652.000000 40.25
653.000000 40.25
654.000000 40.25
655.000000 40.25
656.000000 40.25
657.000000 40.31
658.000000 40.31
659.000000 40.31
660.000000 40.31
661.000000 40.31
662.000000 40.31
663.000000 40.31
664.000000 40.31
665.000000 40.25
666.000000 40.25
667.000000 40.25
668.000000 40.25
669.000000 40.25
670.000000 40.18
671.000000 40.25
672.000000 40.18
673.000000 40.18
674.000000 40.18
675.000000 40.18
676.000000 40.18
677.000000 40.12
678.000000 40.12
679.000000 40.12
680.000000 40.12
681.000000 40.12
682.000000 40.12
683.000000 40.06
684.000000 40.06
685.000000 40.06
686.000000 40.06
687.000000 40.06
688.000000 40.06
689.000000 40.06
690.000000 40.06
691.000000 40.06
692.000000 40.06
693.000000 40.06
694.000000 40.06
695.000000 40.06
696.000000 40
697.000000 40
698.000000 40
699.000000 40
700.000000 40
701.000000 40
702.000000 40
703.000000 40
704.000000 40
705.000000 40
706.000000 40
707.000000 40
708.000000 40
709.000000 40
710.000000 40
711.000000 40
712.000000 40
713.000000 40
714.000000 39.93
715.000000 39.93
716.000000 39.93
717.000000 39.93
718.000000 39.93
719.000000 39.93
720.000000 39.93
721.000000 39.93
722.000000 39.93
723.000000 39.93
724.000000 39.87
725.000000 39.93
726.000000 39.87
727.000000 39.87
728.000000 39.87
729.000000 39.87
730.000000 39.87
731.000000 39.87
732.000000 39.87
733.000000 39.87
734.000000 39.87
735.000000 39.87
736.000000 39.87
737.000000 39.87
738.000000 39.87
739.000000 39.87
740.000000 39.81
741.000000 39.81
742.000000 39.81
743.000000 39.81
744.000000 39.81
745.000000 39.81
746.000000 39.81
747.000000 39.81
748.000000 39.81
749.000000 39.81
750.000000 39.81
751.000000 39.81
752.000000 39.81
753.000000 39.81
754.000000 39.81
755.000000 39.81
756.000000 39.87
757.000000 39.87
758.000000 39.87
759.000000 39.87
760.000000 39.87
761.000000 39.87
762.000000 39.93
763.000000 39.93
764.000000 39.93
765.000000 39.93
766.000000 39.93
767.000000 39.93
768.000000 39.93
769.000000 40
770.000000 40
771.000000 40
772.000000 40
773.000000 40.06
774.000000 40.06
775.000000 40.06
776.000000 40.06
777.000000 40.06
778.000000 40.06
779.000000 40.06
780.000000 40.06
781.000000 40.06
782.000000 40.06
783.000000 40.06
784.000000 40.06
785.000000 40.06
786.000000 40.12
787.000000 40.12
788.000000 40.12
789.000000 40.12
790.000000 40.12
791.000000 40.12
792.000000 40.12
793.000000 40.12
794.000000 40.12
795.000000 40.18
796.000000 40.18
797.000000 40.18
798.000000 40.18
799.000000 40.18
800.000000 40.18
801.000000 40.18
802.000000 40.18
803.000000 40.18
804.000000 40.12
805.000000 40.12
806.000000 40.12
807.000000 40.12
808.000000 40.12
809.000000 40.12
810.000000 40.12
811.000000 40.12
812.000000 40.18
813.000000 40.18
814.000000 40.18
815.000000 40.18
816.000000 40.18
817.000000 40.18
818.000000 40.18
819.000000 40.18
820.000000 40.12
821.000000 40.18
822.000000 40.18
823.000000 40.18
824.000000 40.18
825.000000 40.18
826.000000 40.12
827.000000 40.06
828.000000 40.06
829.000000 40.06
830.000000 40.06
831.000000 40
832.000000 40
833.000000 39.93
834.000000 39.93
835.000000 39.93
836.000000 39.93
837.000000 39.93
838.000000 39.93
839.000000 39.93
840.000000 39.93
841.000000 39.93
842.000000 39.93
843.000000 39.93
844.000000 39.93
845.000000 39.93
846.000000 39.93
847.000000 39.87
848.000000 39.87
849.000000 39.81
850.000000 39.81
851.000000 39.81
852.000000 39.75
853.000000 39.75
854.000000 39.68
855.000000 39.68
856.000000 39.68
857.000000 39.68
858.000000 39.68
859.000000 39.68
860.000000 39.68
861.000000 39.68
862.000000 39.68
863.000000 39.62
864.000000 39.62
865.000000 39.62
866.000000 39.62
867.000000 39.62
868.000000 39.68
