1.000000 27
2.000000 27
3.000000 27
4.000000 27
5.000000 27
6.000000 27
7.000000 27
8.000000 27
9.000000 27
10.000000 27
11.000000 27
12.000000 27
13.000000 27
14.000000 27
15.000000 27
16.000000 27
17.000000 27
18.000000 27
19.000000 27
20.000000 28.872
21.000000 30.61
22.000000 32.162
23.000000 33.537
24.000000 34.735
25.000000 35.776
26.000000 36.671
27.000000 37.428
28.000000 38.048
29.000000 38.55
30.000000 39.002
31.000000 39.35
32.000000 39.601
33.000000 39.756
34.000000 39.831
35.000000 39.834
36.000000 39.829
37.000000 39.761
38.000000 39.626
39.000000 39.498
40.000000 39.32
41.000000 39.155
42.000000 38.945
43.000000 38.754
44.000000 38.523
45.000000 38.313
46.000000 38.058
47.000000 37.828
48.000000 37.622
49.000000 37.382
50.000000 37.169
51.000000 36.982
52.000000 36.76
53.000000 36.565
54.000000 36.396
55.000000 36.192
56.000000 36.015
57.000000 35.862
58.000000 35.665
59.000000 35.493
60.000000 35.288
61.000000 35.11
62.000000 34.899
63.000000 34.715
64.000000 34.557
65.000000 34.421
66.000000 34.308
67.000000 34.272
68.000000 34.192
69.000000 34.128
70.000000 34.08
71.000000 34.046
72.000000 34.023
73.000000 34.012
74.000000 34.011
75.000000 34.019
76.000000 34.034
77.000000 34.056
78.000000 34.084
79.000000 34.117
80.000000 34.155
81.000000 34.196
82.000000 34.24
83.000000 34.287
84.000000 34.337
85.000000 34.387
86.000000 34.439
87.000000 34.492
88.000000 34.488
89.000000 34.546
90.000000 34.546
91.000000 34.55
92.000000 34.558
93.000000 34.569
94.000000 34.583
95.000000 34.599
96.000000 34.618
97.000000 34.639
98.000000 34.662
99.000000 34.687
100.000000 34.713
101.000000 34.741
102.000000 34.77
103.000000 34.8
104.000000 34.83
105.000000 34.862
106.000000 34.894
107.000000 34.926
108.000000 34.959
109.000000 34.992
110.000000 35.026
111.000000 35.059
112.000000 35.093
113.000000 35.127
114.000000 35.161
115.000000 35.195
116.000000 35.228
117.000000 35.262
118.000000 35.296
119.000000 35.329
120.000000 35.362
121.000000 35.454
122.000000 35.482
123.000000 35.511
124.000000 35.54
125.000000 35.569
126.000000 35.598
127.000000 35.627
128.000000 35.656
129.000000 35.686
130.000000 35.773
131.000000 35.856
132.000000 35.877
133.000000 35.898
134.000000 35.92
135.000000 35.943
136.000000 35.898
137.000000 35.858
138.000000 35.824
139.000000 35.795
140.000000 35.77
141.000000 35.691
142.000000 35.621
143.000000 35.559
144.000000 35.505
145.000000 35.458
146.000000 35.417
147.000000 35.382
148.000000 35.412
149.000000 35.442
150.000000 35.474
151.000000 35.506
152.000000 35.539
153.000000 35.573
154.000000 35.606
155.000000 35.64
156.000000 35.674
157.000000 35.707
158.000000 35.741
159.000000 35.774
160.000000 35.807
161.000000 35.84
162.000000 35.872
163.000000 35.846
164.000000 35.824
165.000000 35.805
166.000000 35.79
167.000000 35.777
168.000000 35.768
169.000000 35.762
170.000000 35.758
171.000000 35.699
172.000000 35.646
173.000000 35.599
174.000000 35.558
175.000000 35.523
176.000000 35.492
177.000000 35.466
178.000000 35.445
179.000000 35.428
180.000000 35.414
181.000000 35.404
182.000000 35.397
183.000000 35.393
184.000000 35.391
185.000000 35.392
186.000000 35.395
187.000000 35.399
188.000000 35.406
189.000000 35.356
190.000000 35.311
191.000000 35.272
192.000000 35.237
193.000000 35.207
194.000000 35.181
195.000000 35.159
196.000000 35.14
197.000000 35.125
198.000000 35.045
199.000000 34.973
200.000000 34.908
201.000000 34.85
202.000000 34.74
203.000000 34.64
204.000000 34.549
205.000000 34.467
206.000000 34.393
207.000000 34.328
208.000000 34.269
209.000000 34.216
210.000000 34.17
211.000000 34.129
212.000000 34.152
213.000000 34.117
214.000000 34.144
215.000000 34.112
216.000000 34.085
217.000000 34.061
218.000000 34.04
219.000000 34.022
220.000000 34.024
221.000000 34.045
222.000000 34.138
223.000000 34.238
224.000000 34.342
225.000000 34.448
226.000000 34.555
227.000000 34.659
228.000000 34.761
229.000000 34.858
230.000000 34.95
231.000000 35.036
232.000000 35.116
233.000000 35.189
234.000000 35.322
235.000000 35.443
236.000000 35.552
237.000000 35.65
238.000000 35.736
239.000000 35.869
240.000000 35.988
241.000000 36.094
242.000000 36.187
243.000000 36.269
244.000000 36.339
245.000000 36.399
246.000000 36.45
247.000000 36.493
248.000000 36.528
249.000000 36.556
250.000000 36.578
251.000000 36.595
252.000000 36.607
253.000000 36.614
254.000000 36.619
255.000000 36.62
256.000000 36.619
257.000000 36.558
258.000000 36.499
259.000000 36.443
260.000000 36.389
261.000000 36.27
262.000000 36.158
263.000000 36.054
264.000000 35.957
265.000000 35.809
266.000000 35.673
267.000000 35.548
268.000000 35.376
269.000000 35.218
270.000000 35.073
271.000000 34.942
272.000000 34.823
273.000000 34.716
274.000000 34.619
275.000000 34.533
276.000000 34.456
277.000000 34.388
278.000000 34.271
279.000000 34.164
280.000000 34.069
281.000000 33.983
282.000000 33.907
283.000000 33.84
284.000000 33.837
285.000000 33.838
286.000000 33.842
287.000000 33.847
288.000000 33.853
289.000000 33.861
290.000000 33.869
291.000000 33.877
292.000000 33.886
293.000000 33.894
294.000000 33.902
295.000000 33.909
296.000000 33.916
297.000000 33.865
298.000000 33.817
299.000000 33.773
300.000000 33.731
301.000000 33.693
302.000000 33.715
303.000000 33.736
304.000000 33.755
305.000000 33.772
306.000000 33.788
307.000000 33.802
308.000000 33.815
309.000000 33.826
310.000000 33.835
311.000000 33.843
312.000000 33.85
313.000000 33.855
314.000000 33.859
315.000000 33.861
316.000000 33.921
317.000000 33.975
318.000000 34.024
319.000000 34.069
320.000000 34.167
321.000000 34.257
322.000000 34.339
323.000000 34.413
324.000000 34.481
325.000000 34.541
326.000000 34.595
327.000000 34.644
328.000000 34.687
329.000000 34.724
330.000000 34.758
331.000000 34.788
332.000000 34.814
333.000000 34.837
334.000000 34.856
335.000000 34.872
336.000000 34.885
337.000000 34.894
338.000000 34.901
339.000000 34.906
340.000000 34.909
341.000000 34.91
342.000000 34.851
343.000000 34.795
344.000000 34.741
345.000000 34.69
346.000000 34.642
347.000000 34.596
348.000000 34.555
349.000000 34.516
350.000000 34.481
351.000000 34.448
352.000000 34.419
353.000000 34.392
354.000000 34.367
355.000000 34.345
356.000000 34.325
357.000000 34.308
358.000000 34.292
359.000000 34.277
360.000000 34.265
361.000000 34.253
362.000000 34.243
363.000000 34.234
364.000000 34.225
365.000000 34.217
366.000000 34.267
367.000000 34.313
368.000000 34.356
369.000000 34.395
370.000000 34.431
371.000000 34.463
372.000000 34.492
373.000000 34.518
374.000000 34.483
375.000000 34.45
376.000000 34.417
377.000000 34.387
378.000000 34.358
379.000000 34.331
380.000000 34.305
381.000000 34.281
382.000000 34.259
383.000000 34.237
384.000000 34.218
385.000000 34.2
386.000000 34.183
387.000000 34.167
388.000000 34.153
389.000000 34.139
390.000000 34.183
391.000000 34.224
392.000000 34.262
393.000000 34.296
394.000000 34.328
395.000000 34.424
396.000000 34.512
397.000000 34.593
398.000000 34.667
399.000000 34.733
400.000000 34.794
401.000000 38.707
402.000000 42.34
403.000000 45.701
404.000000 48.803
405.000000 51.658
406.000000 54.28
407.000000 56.681
408.000000 58.875
409.000000 60.932
410.000000 62.806
411.000000 64.449
412.000000 65.997
413.000000 67.341
414.000000 68.555
415.000000 69.65
416.000000 70.637
417.000000 71.458
418.000000 72.196
419.000000 72.802
420.000000 73.288
421.000000 73.666
422.000000 73.938
423.000000 74.124
424.000000 74.235
425.000000 74.21
426.000000 74.131
427.000000 73.946
428.000000 73.714
429.000000 73.394
430.000000 72.984
431.000000 72.562
432.000000 72.074
433.000000 71.515
434.000000 70.906
435.000000 70.241
436.000000 69.536
437.000000 68.786
438.000000 68.007
439.000000 67.193
440.000000 66.357
441.000000 65.492
442.000000 64.612
443.000000 63.71
444.000000 62.796
445.000000 61.806
446.000000 60.871
447.000000 59.92
448.000000 58.965
449.000000 58.053
450.000000 57.135
451.000000 56.268
452.000000 55.439
453.000000 54.597
454.000000 53.8
455.000000 53.034
456.000000 52.307
457.000000 51.614
458.000000 50.885
459.000000 50.246
460.000000 49.575
461.000000 48.987
462.000000 48.351
463.000000 47.794
464.000000 47.252
465.000000 46.722
466.000000 46.201
467.000000 45.679
468.000000 45.222
469.000000 44.766
470.000000 44.367
471.000000 43.963
472.000000 43.611
473.000000 43.247
474.000000 42.93
475.000000 42.655
476.000000 42.35
477.000000 42.084
478.000000 41.795
479.000000 41.54
480.000000 41.317
481.000000 41.181
482.000000 41.065
483.000000 40.968
484.000000 40.887
485.000000 40.888
486.000000 40.897
487.000000 40.911
488.000000 40.987
489.000000 41.061
490.000000 41.191
491.000000 41.313
492.000000 41.485
493.000000 41.645
494.000000 41.859
495.000000 42.056
496.000000 42.294
497.000000 42.51
498.000000 42.763
499.000000 42.993
500.000000 43.257
501.000000 43.496
502.000000 43.71
503.000000 43.902
504.000000 44.073
505.000000 44.291
506.000000 44.485
507.000000 44.658
508.000000 44.867
509.000000 45.053
510.000000 45.275
511.000000 45.473
512.000000 45.706
513.000000 45.914
514.000000 46.166
515.000000 46.391
516.000000 46.65
517.000000 46.882
518.000000 47.148
519.000000 47.386
520.000000 47.6
521.000000 47.791
522.000000 48.018
523.000000 48.222
524.000000 48.472
525.000000 48.696
526.000000 48.898
527.000000 49.078
528.000000 49.238
529.000000 49.38
530.000000 49.564
531.000000 49.671
532.000000 49.822
533.000000 49.958
534.000000 50.078
535.000000 50.185
536.000000 50.28
537.000000 50.364
538.000000 50.439
539.000000 50.505
540.000000 50.505
541.000000 50.56
542.000000 50.551
543.000000 50.54
544.000000 50.528
545.000000 50.515
546.000000 50.503
547.000000 50.49
548.000000 50.411
549.000000 50.338
550.000000 50.271
551.000000 50.209
552.000000 50.154
553.000000 50.104
554.000000 50.059
555.000000 50.088
556.000000 50.117
557.000000 50.146
558.000000 50.109
559.000000 50.143
560.000000 50.178
561.000000 50.213
562.000000 50.248
563.000000 50.215
564.000000 50.187
565.000000 50.164
566.000000 50.145
567.000000 50.073
568.000000 50.01
569.000000 49.896
570.000000 49.794
571.000000 49.645
572.000000 49.511
573.000000 49.39
574.000000 49.213
575.000000 49.053
576.000000 48.909
577.000000 48.779
578.000000 48.663
579.000000 48.559
580.000000 48.467
581.000000 48.386
582.000000 48.316
583.000000 48.254
584.000000 48.201
585.000000 48.156
586.000000 48.118
587.000000 48.086
588.000000 48.059
589.000000 47.98
590.000000 47.911
591.000000 47.85
592.000000 47.796
593.000000 47.75
594.000000 47.71
595.000000 47.676
596.000000 47.648
597.000000 47.626
598.000000 47.608
599.000000 47.593
600.000000 47.583
601.000000 47.613
602.000000 47.678
603.000000 47.773
604.000000 47.891
605.000000 48.027
606.000000 48.179
607.000000 48.34
608.000000 48.509
609.000000 48.682
610.000000 48.799
611.000000 48.919
612.000000 49.041
613.000000 49.162
614.000000 49.281
615.000000 49.338
616.000000 49.395
617.000000 49.509
618.000000 49.557
619.000000 49.66
620.000000 49.697
621.000000 49.729
622.000000 49.756
623.000000 49.777
624.000000 49.792
625.000000 49.733
626.000000 49.673
627.000000 49.611
628.000000 49.547
629.000000 49.48
630.000000 49.411
631.000000 49.34
632.000000 49.266
633.000000 49.189
634.000000 49.11
635.000000 48.97
636.000000 48.832
637.000000 48.695
638.000000 48.559
639.000000 48.424
640.000000 48.291
641.000000 48.159
642.000000 48.028
643.000000 47.898
644.000000 47.77
645.000000 47.641
646.000000 47.514
647.000000 47.389
648.000000 47.322
649.000000 47.252
650.000000 47.181
651.000000 47.107
652.000000 47.032
653.000000 46.956
654.000000 46.879
655.000000 46.801
656.000000 46.724
657.000000 46.589
658.000000 46.458
659.000000 46.331
660.000000 46.209
661.000000 46.092
662.000000 45.979
663.000000 45.87
664.000000 45.765
665.000000 45.723
666.000000 45.681
667.000000 45.638
668.000000 45.595
669.000000 45.552
670.000000 45.577
671.000000 45.53
672.000000 45.552
673.000000 45.569
674.000000 45.582
675.000000 45.591
676.000000 45.597
677.000000 45.658
678.000000 45.712
679.000000 45.758
680.000000 45.799
681.000000 45.834
682.000000 45.864
683.000000 45.949
684.000000 46.025
685.000000 46.094
686.000000 46.157
687.000000 46.213
688.000000 46.265
689.000000 46.311
690.000000 46.353
691.000000 46.392
692.000000 46.427
693.000000 46.459
694.000000 46.489
695.000000 46.516
696.000000 46.6
697.000000 46.677
698.000000 46.75
699.000000 46.817
700.000000 46.879
701.000000 46.937
702.000000 46.99
703.000000 47.039
704.000000 47.083
705.000000 47.124
706.000000 47.162
707.000000 47.196
708.000000 47.227
709.000000 47.256
710.000000 47.283
711.000000 47.308
712.000000 47.331
713.000000 47.352
714.000000 47.44
715.000000 47.522
716.000000 47.599
717.000000 47.67
718.000000 47.737
719.000000 47.8
720.000000 47.858
721.000000 47.911
722.000000 47.961
723.000000 48.007
724.000000 48.108
725.000000 48.145
726.000000 48.236
727.000000 48.321
728.000000 48.4
729.000000 48.472
730.000000 48.539
731.000000 48.6
732.000000 48.656
733.000000 48.708
734.000000 48.755
735.000000 48.798
736.000000 48.838
737.000000 48.874
738.000000 48.906
739.000000 48.936
740.000000 49.02
741.000000 49.098
742.000000 49.169
743.000000 49.233
744.000000 49.292
745.000000 49.346
746.000000 49.394
747.000000 49.438
748.000000 49.477
749.000000 49.512
750.000000 49.544
751.000000 49.571
752.000000 49.596
753.000000 49.619
754.000000 49.639
755.000000 49.658
756.000000 49.618
757.000000 49.582
758.000000 49.548
759.000000 49.517
760.000000 49.49
761.000000 49.466
762.000000 49.387
763.000000 49.315
764.000000 49.249
765.000000 49.189
766.000000 49.134
767.000000 49.085
768.000000 49.041
769.000000 48.933
770.000000 48.834
771.000000 48.743
772.000000 48.659
773.000000 48.525
774.000000 48.402
775.000000 48.288
776.000000 48.184
777.000000 48.089
778.000000 48.003
779.000000 47.925
780.000000 47.855
781.000000 47.793
782.000000 47.737
783.000000 47.687
784.000000 47.643
785.000000 47.605
786.000000 47.513
787.000000 47.43
788.000000 47.355
789.000000 47.288
790.000000 47.226
791.000000 47.171
792.000000 47.121
793.000000 47.077
794.000000 47.037
795.000000 46.943
796.000000 46.858
797.000000 46.78
798.000000 46.71
799.000000 46.646
800.000000 46.588
801.000000 46.536
802.000000 46.49
803.000000 46.449
804.000000 46.471
805.000000 46.495
806.000000 46.519
807.000000 46.543
808.000000 46.567
809.000000 46.592
810.000000 46.615
811.000000 46.638
812.000000 46.602
813.000000 46.568
814.000000 46.538
815.000000 46.51
816.000000 46.483
817.000000 46.459
818.000000 46.436
819.000000 46.416
820.000000 46.454
821.000000 46.431
822.000000 46.409
823.000000 46.387
824.000000 46.366
825.000000 46.346
826.000000 46.383
827.000000 46.473
828.000000 46.556
829.000000 46.63
830.000000 46.697
831.000000 46.814
832.000000 46.921
833.000000 47.084
834.000000 47.233
835.000000 47.367
836.000000 47.488
837.000000 47.595
838.000000 47.691
839.000000 47.775
840.000000 47.85
841.000000 47.914
842.000000 47.97
843.000000 48.018
844.000000 48.058
845.000000 48.092
846.000000 48.119
847.000000 48.2
848.000000 48.272
849.000000 48.394
850.000000 48.504
851.000000 48.604
852.000000 48.752
853.000000 48.887
854.000000 49.077
855.000000 49.25
856.000000 49.408
857.000000 49.551
858.000000 49.68
859.000000 49.796
860.000000 49.9
861.000000 49.994
862.000000 50.077
863.000000 50.21
864.000000 50.33
865.000000 50.44
866.000000 50.54
867.000000 50.63
868.000000 50.655
