1.000000 33.93
2.000000 33.93
3.000000 33.93
4.000000 33.87
5.000000 33.87
6.000000 33.87
7.000000 33.81
8.000000 33.81
9.000000 33.81
10.000000 33.75
11.000000 33.75
12.000000 33.75
13.000000 33.75
14.000000 33.81
15.000000 33.81
16.000000 33.81
17.000000 33.87
18.000000 33.87
19.000000 33.87
20.000000 33.93
21.000000 34
22.000000 34.06
23.000000 34.06
24.000000 34.12
25.000000 34.18
26.000000 34.25
27.000000 34.31
28.000000 34.37
29.000000 34.5
30.000000 34.56
31.000000 34.62
32.000000 34.68
33.000000 34.81
34.000000 34.87
35.000000 34.93
36.000000 35.06
37.000000 35.12
38.000000 35.25
39.000000 35.37
40.000000 35.43
41.000000 35.56
42.000000 35.62
43.000000 35.75
44.000000 35.87
45.000000 35.93
46.000000 36.06
47.000000 36.12
48.000000 36.25
49.000000 36.31
50.000000 36.37
51.000000 36.43
52.000000 36.56
53.000000 36.56
54.000000 36.62
55.000000 36.68
56.000000 36.75
57.000000 36.81
58.000000 36.81
59.000000 36.87
60.000000 36.93
61.000000 36.93
62.000000 37
63.000000 37.06
64.000000 37.06
65.000000 37.12
66.000000 37.12
67.000000 37.12
68.000000 37.18
69.000000 37.18
70.000000 37.18
71.000000 37.18
72.000000 37.18
73.000000 37.18
74.000000 37.18
75.000000 37.18
76.000000 37.18
77.000000 37.18
78.000000 37.18
79.000000 37.18
80.000000 37.18
81.000000 37.12
82.000000 37.12
83.000000 37.12
84.000000 37.12
85.000000 37.06
86.000000 37.06
87.000000 37.06
88.000000 37
89.000000 37
90.000000 37
91.000000 36.93
92.000000 36.93
93.000000 36.87
94.000000 36.87
95.000000 36.87
96.000000 36.81
97.000000 36.81
98.000000 36.75
99.000000 36.75
100.000000 36.68
101.000000 36.68
102.000000 36.68
103.000000 36.62
104.000000 36.56
105.000000 36.56
106.000000 36.5
107.000000 36.43
108.000000 36.37
109.000000 36.37
110.000000 36.31
111.000000 36.25
112.000000 36.25
113.000000 36.18
114.000000 36.18
115.000000 36.12
116.000000 36.12
117.000000 36.12
118.000000 36.06
119.000000 36.06
120.000000 36
121.000000 36
122.000000 36
123.000000 35.93
124.000000 35.93
125.000000 35.87
126.000000 35.87
127.000000 35.87
128.000000 35.81
129.000000 35.81
130.000000 35.81
131.000000 35.81
132.000000 35.75
133.000000 35.75
134.000000 35.75
135.000000 35.75
136.000000 35.68
137.000000 35.68
138.000000 35.68
139.000000 35.68
140.000000 35.68
141.000000 35.68
142.000000 35.68
143.000000 35.68
144.000000 35.68
145.000000 35.62
146.000000 35.62
147.000000 35.62
148.000000 35.62
149.000000 35.62
150.000000 35.62
151.000000 35.62
152.000000 35.62
153.000000 35.62
154.000000 35.62
155.000000 35.62
156.000000 35.68
157.000000 35.68
158.000000 35.68
159.000000 35.68
160.000000 35.68
161.000000 35.68
162.000000 35.75
163.000000 35.75
164.000000 35.75
165.000000 35.75
166.000000 35.81
167.000000 35.81
168.000000 35.81
169.000000 35.81
170.000000 35.81
171.000000 35.81
172.000000 35.87
173.000000 35.87
174.000000 35.87
175.000000 35.81
176.000000 35.87
177.000000 35.87
178.000000 35.87
179.000000 35.87
180.000000 35.87
181.000000 35.87
182.000000 35.93
183.000000 35.93
184.000000 35.93
185.000000 35.93
186.000000 35.93
187.000000 35.93
188.000000 35.93
189.000000 35.93
190.000000 36
191.000000 36
192.000000 35.93
193.000000 35.93
194.000000 35.93
195.000000 35.93
196.000000 35.93
197.000000 35.93
198.000000 35.93
199.000000 35.93
200.000000 36
201.000000 36
202.000000 36
203.000000 36.06
204.000000 36.06
205.000000 36.12
206.000000 36.12
207.000000 36.12
208.000000 36.12
209.000000 36.12
210.000000 36.12
211.000000 36.12
212.000000 36.12
213.000000 36.12
214.000000 36.12
215.000000 36.12
216.000000 36.06
217.000000 36.06
218.000000 36.06
219.000000 36.06
220.000000 36.06
221.000000 36.06
222.000000 36
223.000000 36
224.000000 36
225.000000 36
226.000000 36
227.000000 36
228.000000 36
229.000000 36
230.000000 36
231.000000 36
232.000000 36
233.000000 36
234.000000 36
235.000000 36
236.000000 36
237.000000 36
238.000000 36
239.000000 36
240.000000 36.06
241.000000 36.06
242.000000 36.06
243.000000 36.06
244.000000 36.06
245.000000 36.12
246.000000 36.12
247.000000 36.12
248.000000 36.12
249.000000 36.12
250.000000 36.12
251.000000 36.12
252.000000 36.12
253.000000 36.12
254.000000 36.12
255.000000 36.12
256.000000 36.12
257.000000 36.12
258.000000 36.12
259.000000 36.12
260.000000 36.12
261.000000 36.06
262.000000 36.06
263.000000 36.06
264.000000 36.06
265.000000 36.06
266.000000 36
267.000000 36
268.000000 36
269.000000 36
270.000000 36
271.000000 35.93
272.000000 35.93
273.000000 35.93
274.000000 35.93
275.000000 35.87
276.000000 35.87
277.000000 35.87
278.000000 35.87
279.000000 35.87
280.000000 35.81
281.000000 35.81
282.000000 35.81
283.000000 35.81
284.000000 35.81
285.000000 35.81
286.000000 35.87
287.000000 35.87
288.000000 35.93
289.000000 35.93
290.000000 35.93
291.000000 35.93
292.000000 35.93
293.000000 36
294.000000 36
295.000000 36
296.000000 36
297.000000 36
298.000000 36
299.000000 36
300.000000 36
301.000000 36
302.000000 36
303.000000 36
304.000000 36
305.000000 36
306.000000 36
307.000000 36
308.000000 36
309.000000 35.93
310.000000 35.93
311.000000 35.93
312.000000 35.93
313.000000 35.93
314.000000 35.93
315.000000 35.93
316.000000 35.93
317.000000 35.93
318.000000 35.93
319.000000 35.93
320.000000 35.93
321.000000 35.93
322.000000 36
323.000000 36
324.000000 36
325.000000 36
326.000000 36.06
327.000000 36.06
328.000000 36.06
329.000000 36.06
330.000000 36.06
331.000000 36.06
332.000000 36.06
333.000000 36.06
334.000000 36.06
335.000000 36.06
336.000000 36.06
337.000000 36.06
338.000000 36.06
339.000000 36.06
340.000000 36.06
341.000000 36.06
342.000000 36.06
343.000000 36.06
344.000000 36.06
345.000000 36.06
346.000000 36.06
347.000000 36.06
348.000000 36.06
349.000000 36.12
350.000000 36.06
351.000000 36.12
352.000000 36.12
353.000000 36.12
354.000000 36.06
355.000000 36.06
356.000000 36.06
357.000000 36.06
358.000000 36.06
359.000000 36.06
360.000000 36
361.000000 36
362.000000 36
363.000000 36
364.000000 36
365.000000 36
366.000000 36
367.000000 36
368.000000 36
369.000000 36
370.000000 36
371.000000 36
372.000000 36
373.000000 36
374.000000 36
375.000000 36
376.000000 36
377.000000 36
378.000000 36
379.000000 36
380.000000 35.93
381.000000 35.93
382.000000 35.93
383.000000 35.93
384.000000 35.93
385.000000 35.93
386.000000 35.93
387.000000 35.93
388.000000 35.93
389.000000 35.93
390.000000 35.93
391.000000 35.93
392.000000 35.93
393.000000 35.93
394.000000 35.93
395.000000 35.93
396.000000 36
397.000000 36
398.000000 36
399.000000 36
400.000000 36
401.000000 36
402.000000 36
403.000000 36
404.000000 36
405.000000 36.06
406.000000 36.06
407.000000 36.06
408.000000 36.06
409.000000 36.06
410.000000 36.12
411.000000 36.18
412.000000 36.18
413.000000 36.25
414.000000 36.31
415.000000 36.37
416.000000 36.43
417.000000 36.5
418.000000 36.62
419.000000 36.68
420.000000 36.81
421.000000 36.93
422.000000 37
423.000000 37.12
424.000000 37.25
425.000000 37.43
426.000000 37.56
427.000000 37.68
428.000000 37.81
429.000000 38
430.000000 38.12
431.000000 38.25
432.000000 38.43
433.000000 38.56
434.000000 38.75
435.000000 38.93
436.000000 39.06
437.000000 39.25
438.000000 39.37
439.000000 39.56
440.000000 39.68
441.000000 39.81
442.000000 39.93
443.000000 40.06
444.000000 40.25
445.000000 40.31
446.000000 40.5
447.000000 40.62
448.000000 40.75
449.000000 40.87
450.000000 40.93
451.000000 41.06
452.000000 41.12
453.000000 41.25
454.000000 41.31
455.000000 41.37
456.000000 41.5
457.000000 41.56
458.000000 41.56
459.000000 41.62
460.000000 41.62
461.000000 41.68
462.000000 41.68
463.000000 41.68
464.000000 41.75
465.000000 41.75
466.000000 41.75
467.000000 41.81
468.000000 41.81
469.000000 41.81
470.000000 41.81
471.000000 41.81
472.000000 41.81
473.000000 41.81
474.000000 41.81
475.000000 41.75
476.000000 41.75
477.000000 41.75
478.000000 41.68
479.000000 41.68
480.000000 41.62
481.000000 41.62
482.000000 41.56
483.000000 41.56
484.000000 41.5
485.000000 41.5
486.000000 41.43
487.000000 41.37
488.000000 41.31
489.000000 41.25
490.000000 41.18
491.000000 41.12
492.000000 41.06
493.000000 41.06
494.000000 41
495.000000 40.93
496.000000 40.87
497.000000 40.81
498.000000 40.81
499.000000 40.75
500.000000 40.68
501.000000 40.62
502.000000 40.62
503.000000 40.56
504.000000 40.56
505.000000 40.56
506.000000 40.5
507.000000 40.43
508.000000 40.43
509.000000 40.37
510.000000 40.31
511.000000 40.31
512.000000 40.25
513.000000 40.18
514.000000 40.18
515.000000 40.12
516.000000 40.06
517.000000 40.06
518.000000 40
519.000000 40
520.000000 39.93
521.000000 39.87
522.000000 39.87
523.000000 39.81
524.000000 39.81
525.000000 39.75
526.000000 39.75
527.000000 39.75
528.000000 39.68
529.000000 39.68
530.000000 39.62
531.000000 39.62
532.000000 39.56
533.000000 39.56
534.000000 39.5
535.000000 39.5
536.000000 39.5
537.000000 39.43
538.000000 39.43
539.000000 39.43
540.000000 39.37
541.000000 39.37
542.000000 39.37
543.000000 39.37
544.000000 39.37
545.000000 39.37
546.000000 39.31
547.000000 39.31
548.000000 39.31
549.000000 39.31
550.000000 39.37
551.000000 39.37
552.000000 39.37
553.000000 39.37
554.000000 39.43
555.000000 39.43
556.000000 39.43
557.000000 39.5
558.000000 39.5
559.000000 39.5
560.000000 39.5
561.000000 39.56
562.000000 39.5
563.000000 39.56
564.000000 39.56
565.000000 39.56
566.000000 39.62
567.000000 39.62
568.000000 39.62
569.000000 39.62
570.000000 39.62
571.000000 39.68
572.000000 39.68
573.000000 39.68
574.000000 39.68
575.000000 39.68
576.000000 39.75
577.000000 39.75
578.000000 39.75
579.000000 39.75
580.000000 39.81
581.000000 39.81
582.000000 39.87
583.000000 39.87
584.000000 39.93
585.000000 39.93
586.000000 40
587.000000 40
588.000000 40
589.000000 40.06
590.000000 40.06
591.000000 40.06
592.000000 40.12
593.000000 40.12
594.000000 40.18
595.000000 40.18
596.000000 40.18
597.000000 40.18
598.000000 40.25
599.000000 40.25
600.000000 40.25
601.000000 40.25
602.000000 40.31
603.000000 40.37
604.000000 40.37
605.000000 40.37
606.000000 40.37
607.000000 40.37
608.000000 40.37
609.000000 40.37
610.000000 40.37
611.000000 40.37
612.000000 40.37
613.000000 40.37
614.000000 40.37
615.000000 40.37
616.000000 40.37
617.000000 40.43
618.000000 40.43
619.000000 40.43
620.000000 40.5
621.000000 40.5
622.000000 40.5
623.000000 40.5
624.000000 40.56
625.000000 40.56
626.000000 40.56
627.000000 40.56
628.000000 40.56
629.000000 40.56
630.000000 40.56
631.000000 40.5
632.000000 40.5
633.000000 40.5
634.000000 40.5
635.000000 40.5
636.000000 40.43
637.000000 40.43
638.000000 40.43
639.000000 40.37
640.000000 40.37
641.000000 40.31
642.000000 40.31
643.000000 40.25
644.000000 40.18
645.000000 40.18
646.000000 40.18
647.000000 40.12
648.000000 40.12
649.000000 40.06
650.000000 40.06
651.000000 40
652.000000 40
653.000000 40
654.000000 39.93
655.000000 39.93
656.000000 39.93
657.000000 39.93
658.000000 39.93
659.000000 39.87
660.000000 39.87
661.000000 39.87
662.000000 39.81
663.000000 39.81
664.000000 39.81
665.000000 39.81
666.000000 39.75
667.000000 39.75
668.000000 39.75
669.000000 39.75
670.000000 39.75
671.000000 39.75
672.000000 39.75
673.000000 39.75
674.000000 39.75
675.000000 39.75
676.000000 39.75
677.000000 39.75
678.000000 39.75
679.000000 39.75
680.000000 39.75
681.000000 39.75
682.000000 39.75
683.000000 39.75
684.000000 39.75
685.000000 39.75
686.000000 39.75
687.000000 39.81
688.000000 39.81
689.000000 39.81
690.000000 39.81
691.000000 39.81
692.000000 39.81
693.000000 39.87
694.000000 39.87
695.000000 39.87
696.000000 39.87
697.000000 39.87
698.000000 39.87
699.000000 39.87
700.000000 39.87
701.000000 39.87
702.000000 39.87
703.000000 39.87
704.000000 39.87
705.000000 39.87
706.000000 39.87
707.000000 39.87
708.000000 39.87
709.000000 39.87
710.000000 39.81
711.000000 39.81
712.000000 39.81
713.000000 39.81
714.000000 39.81
715.000000 39.81
716.000000 39.87
717.000000 39.87
718.000000 39.87
719.000000 39.87
720.000000 39.87
721.000000 39.87
722.000000 39.87
723.000000 39.87
724.000000 39.93
725.000000 40
726.000000 40
727.000000 40
728.000000 40.06
729.000000 40.06
730.000000 40.06
731.000000 40.12
732.000000 40.12
733.000000 40.12
734.000000 40.12
735.000000 40.12
736.000000 40.12
737.000000 40.18
738.000000 40.18
739.000000 40.18
740.000000 40.18
741.000000 40.18
742.000000 40.18
743.000000 40.18
744.000000 40.18
745.000000 40.18
746.000000 40.25
747.000000 40.25
748.000000 40.31
749.000000 40.31
750.000000 40.31
751.000000 40.31
752.000000 40.31
753.000000 40.25
754.000000 40.25
755.000000 40.25
756.000000 40.25
757.000000 40.25
758.000000 40.25
759.000000 40.25
760.000000 40.25
761.000000 40.18
762.000000 40.18
763.000000 40.18
764.000000 40.12
765.000000 40.12
766.000000 40.06
767.000000 40.06
768.000000 40.06
769.000000 40
770.000000 40
771.000000 40
772.000000 40
773.000000 40
774.000000 39.93
775.000000 39.93
776.000000 39.93
777.000000 39.93
778.000000 39.93
779.000000 39.93
780.000000 39.93
781.000000 39.93
782.000000 39.93
783.000000 39.93
784.000000 39.93
785.000000 39.93
786.000000 39.93
787.000000 39.93
788.000000 39.93
789.000000 39.93
790.000000 39.93
791.000000 39.93
792.000000 39.93
793.000000 39.93
794.000000 39.93
795.000000 39.93
796.000000 39.93
797.000000 39.93
798.000000 39.93
799.000000 39.93
800.000000 39.93
801.000000 39.93
802.000000 39.93
803.000000 39.93
804.000000 39.93
805.000000 39.93
806.000000 39.93
807.000000 39.93
808.000000 39.93
809.000000 39.93
810.000000 39.93
811.000000 39.93
812.000000 39.93
813.000000 39.87
814.000000 39.87
815.000000 39.87
816.000000 39.81
817.000000 39.81
818.000000 39.81
819.000000 39.75
820.000000 39.75
821.000000 39.75
822.000000 39.75
823.000000 39.75
824.000000 39.75
825.000000 39.75
826.000000 39.75
827.000000 39.75
828.000000 39.75
829.000000 39.75
830.000000 39.75
831.000000 39.75
832.000000 39.75
833.000000 39.75
834.000000 39.75
835.000000 39.75
836.000000 39.75
837.000000 39.75
838.000000 39.75
839.000000 39.81
840.000000 39.81
841.000000 39.81
842.000000 39.81
843.000000 39.81
844.000000 39.81
845.000000 39.87
846.000000 39.87
847.000000 39.87
848.000000 39.87
849.000000 39.87
850.000000 39.87
851.000000 39.87
852.000000 39.93
853.000000 39.93
854.000000 39.93
855.000000 39.93
856.000000 40
857.000000 40
858.000000 40.06
859.000000 40.06
860.000000 40.06
861.000000 40.06
862.000000 40.06
863.000000 40.06
864.000000 40.06
865.000000 40.06
866.000000 40.12
867.000000 40.12
868.000000 40.12
869.000000 40.12
870.000000 40.18
871.000000 0
872.000000 0
873.000000 0
874.000000 0
875.000000 0
876.000000 0
877.000000 0
878.000000 0
879.000000 0
880.000000 0
881.000000 0
882.000000 0
883.000000 0
884.000000 0
885.000000 0
886.000000 0
887.000000 0
888.000000 0
889.000000 0
890.000000 0
891.000000 0
892.000000 0
893.000000 0
894.000000 0
895.000000 0
896.000000 0
897.000000 0
898.000000 0
899.000000 0
900.000000 0
901.000000 0
902.000000 0
903.000000 0
904.000000 0
905.000000 0
906.000000 0
907.000000 0
908.000000 0
909.000000 0
910.000000 0
911.000000 0
912.000000 0
913.000000 0
914.000000 0
915.000000 0
916.000000 0
917.000000 0
918.000000 0
919.000000 0
920.000000 0
921.000000 0
922.000000 0
923.000000 0
924.000000 0
925.000000 0
926.000000 0
927.000000 0
928.000000 0
929.000000 0
930.000000 0
931.000000 0
932.000000 0
933.000000 0
934.000000 0
935.000000 0
936.000000 0
937.000000 0
938.000000 0
939.000000 0
940.000000 0
941.000000 0
942.000000 0
943.000000 0
944.000000 0
945.000000 0
946.000000 0
947.000000 0
948.000000 0
949.000000 0
950.000000 0
951.000000 0
952.000000 0
953.000000 0
954.000000 0
955.000000 0
956.000000 0
957.000000 0
958.000000 0
959.000000 0
960.000000 0
961.000000 0
962.000000 0
963.000000 0
964.000000 0
965.000000 0
966.000000 0
967.000000 0
968.000000 0
969.000000 0
970.000000 0
971.000000 0
972.000000 0
973.000000 0
974.000000 0
975.000000 0
976.000000 0
977.000000 0
978.000000 0
979.000000 0
980.000000 0
981.000000 0
982.000000 0
983.000000 0
984.000000 0
985.000000 0
986.000000 0
987.000000 0
988.000000 0
989.000000 0
990.000000 0
991.000000 0
992.000000 0
993.000000 0
994.000000 0
995.000000 0
996.000000 0
997.000000 0
998.000000 0
999.000000 0
1000.000000 0
