1.000000 0
2.000000 0
3.000000 0.00028788
4.000000 0.00083887
5.000000 0.0016301
6.000000 0.0026403
7.000000 0.00385
8.000000 0.0052411
9.000000 0.0067968
10.000000 0.0085017
11.000000 0.010341
12.000000 0.012303
13.000000 0.014374
14.000000 0.016543
15.000000 0.0188
16.000000 0.021136
17.000000 0.023541
18.000000 0.026007
19.000000 0.028527
20.000000 0.031094
21.000000 0.033701
22.000000 0.036343
23.000000 0.039014
24.000000 0.04171
25.000000 0.044425
26.000000 0.047155
27.000000 0.049897
28.000000 0.052648
29.000000 0.055402
30.000000 0.058159
31.000000 0.060915
32.000000 0.063667
33.000000 0.066414
34.000000 0.069153
35.000000 0.071882
36.000000 0.0746
37.000000 0.077305
38.000000 0.079996
39.000000 0.082671
40.000000 0.085329
41.000000 0.087969
42.000000 0.09059
43.000000 0.093192
44.000000 0.095773
45.000000 0.098334
46.000000 0.10087
47.000000 0.10339
48.000000 0.10588
49.000000 0.10835
50.000000 0.1108
51.000000 0.11322
52.000000 0.11562
53.000000 0.118
54.000000 0.12035
55.000000 0.12268
56.000000 0.12498
57.000000 0.12726
58.000000 0.12951
59.000000 0.13174
60.000000 0.13394
61.000000 0.13612
62.000000 0.13828
63.000000 0.14041
64.000000 0.14251
65.000000 0.14459
66.000000 0.14665
67.000000 0.14869
68.000000 0.1507
69.000000 0.15268
70.000000 0.15464
71.000000 0.15658
72.000000 0.1585
73.000000 0.16039
74.000000 0.16226
75.000000 0.16411
76.000000 0.16594
77.000000 0.16774
78.000000 0.16952
79.000000 0.17128
80.000000 0.17302
81.000000 0.17473
82.000000 0.17643
83.000000 0.1781
84.000000 0.17976
85.000000 0.18139
86.000000 0.183
87.000000 0.1846
88.000000 0.18617
89.000000 0.18772
90.000000 0.18926
91.000000 0.19077
92.000000 0.19227
93.000000 0.19374
94.000000 0.1952
95.000000 0.19664
96.000000 0.19806
97.000000 0.19947
98.000000 0.20086
99.000000 0.20222
100.000000 0.20358
101.000000 0.20491
102.000000 0.20623
103.000000 0.20753
104.000000 0.20882
105.000000 0.21008
106.000000 0.21134
107.000000 0.21257
108.000000 0.2138
109.000000 0.215
110.000000 0.21619
111.000000 0.21737
112.000000 0.21853
113.000000 0.21967
114.000000 0.2208
115.000000 0.22192
116.000000 0.22302
117.000000 0.22411
118.000000 0.22519
119.000000 0.22625
120.000000 0.2273
121.000000 0.22833
122.000000 0.22935
123.000000 0.23036
124.000000 0.23136
125.000000 0.23234
126.000000 0.23331
127.000000 0.23427
128.000000 0.23522
129.000000 0.23615
130.000000 0.23707
131.000000 0.23798
132.000000 0.23888
133.000000 0.23977
134.000000 0.24064
135.000000 0.24151
136.000000 0.24236
137.000000 0.24321
138.000000 0.24404
139.000000 0.24486
140.000000 0.24567
141.000000 0.24647
142.000000 0.24726
143.000000 0.24804
144.000000 0.24882
145.000000 0.24958
146.000000 0.25033
147.000000 0.25107
148.000000 0.2518
149.000000 0.25253
150.000000 0.25324
151.000000 0.25394
152.000000 0.25464
153.000000 0.25533
154.000000 0.25601
155.000000 0.25667
156.000000 0.25734
157.000000 0.25799
158.000000 0.25863
159.000000 0.25927
160.000000 0.2599
161.000000 0.26052
162.000000 0.26113
163.000000 0.26173
164.000000 0.26233
165.000000 0.26292
166.000000 0.2635
167.000000 0.26408
168.000000 0.26464
169.000000 0.2652
170.000000 0.26575
171.000000 0.2663
172.000000 0.26684
173.000000 0.26737
174.000000 0.2679
175.000000 0.26841
176.000000 0.26893
177.000000 0.26943
178.000000 0.26993
179.000000 0.27042
180.000000 0.27091
181.000000 0.27139
182.000000 0.27186
183.000000 0.27233
184.000000 0.27279
185.000000 0.27325
186.000000 0.2737
187.000000 0.27414
188.000000 0.27458
189.000000 0.27501
190.000000 0.27544
191.000000 0.27586
192.000000 0.27628
193.000000 0.27669
194.000000 0.2771
195.000000 0.2775
196.000000 0.2779
197.000000 0.27829
198.000000 0.27867
199.000000 0.27905
200.000000 0.27943
201.000000 0.2798
202.000000 0.28017
203.000000 0.28053
204.000000 0.28089
205.000000 0.28124
206.000000 0.28159
207.000000 0.28193
208.000000 0.28227
209.000000 0.28261
210.000000 0.28294
211.000000 0.28327
212.000000 0.28359
213.000000 0.28391
214.000000 0.28422
215.000000 0.28453
216.000000 0.28484
217.000000 0.28514
218.000000 0.28544
219.000000 0.28573
220.000000 0.28603
221.000000 0.28631
222.000000 0.2866
223.000000 0.28688
224.000000 0.28715
225.000000 0.28743
226.000000 0.2877
227.000000 0.28796
228.000000 0.28823
229.000000 0.28849
230.000000 0.28874
231.000000 0.28899
232.000000 0.28924
233.000000 0.28949
234.000000 0.28973
235.000000 0.28997
236.000000 0.29021
237.000000 0.29045
238.000000 0.29068
239.000000 0.29091
240.000000 0.29113
241.000000 0.29135
242.000000 0.29157
243.000000 0.29179
244.000000 0.292
245.000000 0.29222
246.000000 0.29242
247.000000 0.29263
248.000000 0.29283
249.000000 0.29303
250.000000 0.29323
251.000000 0.29343
252.000000 0.29362
253.000000 0.29381
254.000000 0.294
255.000000 0.29419
256.000000 0.29437
257.000000 0.29455
258.000000 0.29473
259.000000 0.29491
260.000000 0.29508
261.000000 0.29525
262.000000 0.29542
263.000000 0.29559
264.000000 0.29576
265.000000 0.29592
266.000000 0.29608
267.000000 0.29624
268.000000 0.2964
269.000000 0.29656
270.000000 0.29671
271.000000 0.29686
272.000000 0.29701
273.000000 0.29716
274.000000 0.2973
275.000000 0.29745
276.000000 0.29759
277.000000 0.29773
278.000000 0.29787
279.000000 0.298
280.000000 0.29814
281.000000 0.29827
282.000000 0.2984
283.000000 0.29853
284.000000 0.29866
285.000000 0.29879
286.000000 0.29891
287.000000 0.29904
288.000000 0.29916
289.000000 0.29928
290.000000 0.2994
291.000000 0.29952
292.000000 0.29963
293.000000 0.29975
294.000000 0.29986
295.000000 0.29997
296.000000 0.30008
297.000000 0.30019
298.000000 0.3003
299.000000 0.3004
300.000000 0.30051
301.000000 0.30061
302.000000 0.30071
303.000000 0.30081
304.000000 0.30091
305.000000 0.30101
306.000000 0.30111
307.000000 0.3012
308.000000 0.3013
309.000000 0.30139
310.000000 0.30148
311.000000 0.30157
312.000000 0.30166
313.000000 0.30175
314.000000 0.30184
315.000000 0.30192
316.000000 0.30201
317.000000 0.30209
318.000000 0.30218
319.000000 0.30226
320.000000 0.30234
321.000000 0.30242
322.000000 0.3025
323.000000 0.30258
324.000000 0.30265
325.000000 0.30273
326.000000 0.3028
327.000000 0.30288
328.000000 0.30295
329.000000 0.30302
330.000000 0.30309
331.000000 0.30316
332.000000 0.30323
333.000000 0.3033
334.000000 0.30337
335.000000 0.30344
336.000000 0.3035
337.000000 0.30357
338.000000 0.30363
339.000000 0.30369
340.000000 0.30376
341.000000 0.30382
342.000000 0.30388
343.000000 0.30394
344.000000 0.304
345.000000 0.30406
346.000000 0.30412
347.000000 0.30417
348.000000 0.30423
349.000000 0.30429
350.000000 0.30434
351.000000 0.3044
352.000000 0.30445
353.000000 0.3045
354.000000 0.30455
355.000000 0.30461
356.000000 0.30466
357.000000 0.30471
358.000000 0.30476
359.000000 0.30481
360.000000 0.30485
361.000000 0.3049
362.000000 0.30495
363.000000 0.305
364.000000 0.30504
365.000000 0.30509
366.000000 0.30513
367.000000 0.30518
368.000000 0.30522
369.000000 0.30526
370.000000 0.30531
371.000000 0.30535
372.000000 0.30539
373.000000 0.30543
374.000000 0.30547
375.000000 0.30551
376.000000 0.30555
377.000000 0.30559
378.000000 0.30563
379.000000 0.30567
380.000000 0.3057
381.000000 0.30574
382.000000 0.30578
383.000000 0.30581
384.000000 0.30585
385.000000 0.30588
386.000000 0.30592
387.000000 0.30595
388.000000 0.30599
389.000000 0.30602
390.000000 0.30605
391.000000 0.30609
392.000000 0.30612
393.000000 0.30615
394.000000 0.30618
395.000000 0.30621
396.000000 0.30624
397.000000 0.30627
398.000000 0.3063
399.000000 0.30633
400.000000 0.30636
401.000000 0.30639
402.000000 0.30642
403.000000 0.30645
404.000000 0.30647
405.000000 0.3065
406.000000 0.30653
407.000000 0.30655
408.000000 0.30658
409.000000 0.30661
410.000000 0.30663
411.000000 0.30666
412.000000 0.30668
413.000000 0.30671
414.000000 0.30673
415.000000 0.30675
416.000000 0.30678
417.000000 0.3068
418.000000 0.30682
419.000000 0.30685
420.000000 0.30687
421.000000 0.30689
422.000000 0.30691
423.000000 0.30694
424.000000 0.30696
425.000000 0.30698
426.000000 0.307
427.000000 0.30702
428.000000 0.30704
429.000000 0.30706
430.000000 0.30708
431.000000 0.3071
432.000000 0.30712
433.000000 0.30714
434.000000 0.30716
435.000000 0.30717
436.000000 0.30719
437.000000 0.30721
438.000000 0.30723
439.000000 0.30725
440.000000 0.30726
441.000000 0.30728
442.000000 0.3073
443.000000 0.30731
444.000000 0.30733
445.000000 0.30735
446.000000 0.30736
447.000000 0.30738
448.000000 0.3074
449.000000 0.30741
450.000000 0.30743
