1.000000 33.8700000000000
2.000000 33.8700000000000
3.000000 33.8700000000000
4.000000 33.8700000000000
5.000000 33.8700000000000
6.000000 33.8700000000000
7.000000 33.8700000000000
8.000000 33.8700000000000
9.000000 33.8700000000000
10.000000 33.8700000000000
11.000000 33.8700000000000
12.000000 33.8700000000000
13.000000 33.8700000000000
14.000000 33.8700000000000
15.000000 33.8700000000000
16.000000 33.8700000000000
17.000000 33.8700000000000
18.000000 33.8700000000000
19.000000 33.8700000000000
20.000000 33.9300000000000
21.000000 33.9300000000000
22.000000 34
23.000000 34
24.000000 34
25.000000 34.0600000000000
26.000000 34.0600000000000
27.000000 34.1200000000000
28.000000 34.1200000000000
29.000000 34.1800000000000
30.000000 34.2500000000000
31.000000 34.2500000000000
32.000000 34.3100000000000
33.000000 34.3100000000000
34.000000 34.3700000000000
35.000000 34.3700000000000
36.000000 34.4300000000000
37.000000 34.4300000000000
38.000000 34.5000000000000
39.000000 34.5000000000000
40.000000 34.5600000000000
41.000000 34.6200000000000
42.000000 34.6200000000000
43.000000 34.6800000000000
44.000000 34.7500000000000
45.000000 34.7500000000000
46.000000 34.8100000000000
47.000000 34.8700000000000
48.000000 34.8700000000000
49.000000 34.9300000000000
50.000000 34.9300000000000
51.000000 35
52.000000 35.0600000000000
53.000000 35.0600000000000
54.000000 35.1200000000000
55.000000 35.1800000000000
56.000000 35.2500000000000
57.000000 35.2500000000000
58.000000 35.3100000000000
59.000000 35.3100000000000
60.000000 35.3700000000000
61.000000 35.3700000000000
62.000000 35.4300000000000
63.000000 35.5000000000000
64.000000 35.5000000000000
65.000000 35.5600000000000
66.000000 35.5600000000000
67.000000 35.6200000000000
68.000000 35.6200000000000
69.000000 35.6800000000000
70.000000 35.7500000000000
71.000000 35.7500000000000
72.000000 35.7500000000000
73.000000 35.8100000000000
74.000000 35.8700000000000
75.000000 35.8700000000000
76.000000 35.9300000000000
77.000000 35.9300000000000
78.000000 35.9300000000000
79.000000 36
80.000000 36
81.000000 36
82.000000 36
83.000000 36
84.000000 36.0600000000000
85.000000 36.0600000000000
86.000000 36.0600000000000
87.000000 36.1200000000000
88.000000 36.1200000000000
89.000000 36.1800000000000
90.000000 36.1800000000000
91.000000 36.2500000000000
92.000000 36.2500000000000
93.000000 36.3100000000000
94.000000 36.3100000000000
95.000000 36.3100000000000
96.000000 36.3100000000000
97.000000 36.3100000000000
98.000000 36.3100000000000
99.000000 36.3100000000000
100.000000 36.3100000000000
101.000000 36.3100000000000
102.000000 36.3700000000000
103.000000 36.3700000000000
104.000000 36.3700000000000
105.000000 36.4300000000000
106.000000 36.4300000000000
107.000000 36.5000000000000
108.000000 36.5600000000000
109.000000 36.6200000000000
110.000000 36.6800000000000
111.000000 36.8100000000000
112.000000 36.8700000000000
113.000000 36.9300000000000
114.000000 37
115.000000 37.1200000000000
116.000000 37.1800000000000
117.000000 37.2500000000000
118.000000 37.3700000000000
119.000000 37.4300000000000
120.000000 37.5600000000000
121.000000 37.6200000000000
122.000000 37.7500000000000
123.000000 37.8100000000000
124.000000 37.8700000000000
125.000000 38
126.000000 38.0600000000000
127.000000 38.1800000000000
128.000000 38.2500000000000
129.000000 38.3100000000000
130.000000 38.3700000000000
131.000000 38.4300000000000
132.000000 38.5000000000000
133.000000 38.6200000000000
134.000000 38.6800000000000
135.000000 38.7500000000000
136.000000 38.8100000000000
137.000000 38.8100000000000
138.000000 38.8700000000000
139.000000 38.9300000000000
140.000000 39
141.000000 39
142.000000 39.0600000000000
143.000000 39.1200000000000
144.000000 39.1200000000000
145.000000 39.1800000000000
146.000000 39.1800000000000
147.000000 39.1800000000000
148.000000 39.2500000000000
149.000000 39.2500000000000
150.000000 39.3100000000000
151.000000 39.3100000000000
152.000000 39.3700000000000
153.000000 39.3700000000000
154.000000 39.4300000000000
155.000000 39.5000000000000
156.000000 39.5600000000000
157.000000 39.6200000000000
158.000000 39.6800000000000
159.000000 39.7500000000000
160.000000 39.7500000000000
161.000000 39.8100000000000
162.000000 39.8100000000000
163.000000 39.8700000000000
164.000000 39.8700000000000
165.000000 39.9300000000000
166.000000 39.9300000000000
167.000000 40
168.000000 40
169.000000 40.0600000000000
170.000000 40.1200000000000
171.000000 40.1200000000000
172.000000 40.1800000000000
173.000000 40.2500000000000
174.000000 40.2500000000000
175.000000 40.3100000000000
176.000000 40.3700000000000
177.000000 40.3700000000000
178.000000 40.4300000000000
179.000000 40.4300000000000
180.000000 40.4300000000000
181.000000 40.5000000000000
182.000000 40.5000000000000
183.000000 40.5600000000000
184.000000 40.5600000000000
185.000000 40.6200000000000
186.000000 40.6200000000000
187.000000 40.6200000000000
188.000000 40.6800000000000
189.000000 40.6800000000000
190.000000 40.6800000000000
191.000000 40.6800000000000
192.000000 40.6800000000000
193.000000 40.7500000000000
194.000000 40.8100000000000
195.000000 40.8700000000000
196.000000 40.9300000000000
197.000000 41
198.000000 41.0600000000000
199.000000 41.1200000000000
200.000000 41.1800000000000
201.000000 41.2500000000000
202.000000 41.2500000000000
203.000000 41.3100000000000
204.000000 41.3100000000000
205.000000 41.3700000000000
206.000000 41.4300000000000
207.000000 41.4300000000000
208.000000 41.5000000000000
209.000000 41.5000000000000
210.000000 41.5600000000000
211.000000 41.5600000000000
212.000000 41.5600000000000
213.000000 41.6200000000000
214.000000 41.6200000000000
215.000000 41.6800000000000
216.000000 41.6800000000000
217.000000 41.6800000000000
218.000000 41.6800000000000
219.000000 41.6800000000000
220.000000 41.6800000000000
221.000000 41.6800000000000
222.000000 41.6800000000000
223.000000 41.7500000000000
224.000000 41.7500000000000
225.000000 41.7500000000000
226.000000 41.8100000000000
227.000000 41.8100000000000
228.000000 41.8700000000000
229.000000 41.8700000000000
230.000000 41.9300000000000
231.000000 41.9300000000000
232.000000 41.9300000000000
233.000000 41.9300000000000
234.000000 41.9300000000000
235.000000 41.8700000000000
236.000000 41.8700000000000
237.000000 41.8700000000000
238.000000 41.8700000000000
239.000000 41.8700000000000
240.000000 41.8700000000000
241.000000 41.8700000000000
242.000000 41.8700000000000
243.000000 41.8700000000000
244.000000 41.8700000000000
245.000000 41.8700000000000
246.000000 41.9300000000000
247.000000 42
248.000000 42
249.000000 42.0600000000000
250.000000 42.0600000000000
251.000000 42.1200000000000
252.000000 42.1200000000000
253.000000 42.1200000000000
254.000000 42.1800000000000
255.000000 42.1800000000000
256.000000 42.2500000000000
257.000000 42.2500000000000
258.000000 42.3100000000000
259.000000 42.3100000000000
260.000000 42.3100000000000
261.000000 42.3100000000000
262.000000 42.3100000000000
263.000000 42.3100000000000
264.000000 42.3100000000000
265.000000 42.3100000000000
266.000000 42.3100000000000
267.000000 42.3100000000000
268.000000 42.3700000000000
269.000000 42.3700000000000
270.000000 42.4300000000000
271.000000 42.4300000000000
272.000000 42.5000000000000
273.000000 42.5000000000000
274.000000 42.5000000000000
275.000000 42.5000000000000
276.000000 42.5000000000000
277.000000 42.5600000000000
278.000000 42.5600000000000
279.000000 42.5600000000000
280.000000 42.5600000000000
281.000000 42.6200000000000
282.000000 42.5600000000000
283.000000 42.5600000000000
284.000000 42.5600000000000
285.000000 42.5600000000000
286.000000 42.5600000000000
287.000000 42.5000000000000
288.000000 42.5000000000000
289.000000 42.5000000000000
290.000000 42.5000000000000
291.000000 42.5000000000000
292.000000 42.5600000000000
293.000000 42.5600000000000
294.000000 42.6200000000000
295.000000 42.6200000000000
296.000000 42.6800000000000
297.000000 42.6800000000000
298.000000 42.7500000000000
299.000000 42.8100000000000
300.000000 42.8100000000000
301.000000 42.8700000000000
302.000000 42.8700000000000
303.000000 42.9300000000000
304.000000 42.9300000000000
305.000000 42.9300000000000
306.000000 42.9300000000000
307.000000 42.9300000000000
308.000000 42.9300000000000
309.000000 42.9300000000000
310.000000 42.9300000000000
311.000000 42.9300000000000
312.000000 42.8700000000000
313.000000 42.8700000000000
314.000000 42.8700000000000
315.000000 42.8100000000000
316.000000 42.8100000000000
317.000000 42.8100000000000
318.000000 42.8100000000000
319.000000 42.8100000000000
320.000000 42.8100000000000
321.000000 42.8100000000000
322.000000 42.8100000000000
323.000000 42.8100000000000
324.000000 42.8700000000000
325.000000 42.8700000000000
326.000000 42.8700000000000
327.000000 42.8700000000000
328.000000 42.8700000000000
329.000000 42.8700000000000
330.000000 42.8700000000000
331.000000 42.9300000000000
332.000000 42.9300000000000
333.000000 42.9300000000000
334.000000 43
335.000000 43
336.000000 43.0600000000000
337.000000 43.0600000000000
338.000000 43.1200000000000
339.000000 43.1200000000000
340.000000 43.1200000000000
341.000000 43.1200000000000
342.000000 43.1200000000000
343.000000 43.1800000000000
344.000000 43.1800000000000
345.000000 43.1800000000000
346.000000 43.1800000000000
347.000000 43.2500000000000
348.000000 43.2500000000000
349.000000 43.1800000000000
350.000000 43.1800000000000
351.000000 43.1800000000000
352.000000 43.1800000000000
353.000000 43.1800000000000
354.000000 43.1800000000000
