1.000000 33.75
2.000000 33.75
3.000000 33.75
4.000000 33.75
5.000000 33.75
6.000000 33.75
7.000000 33.75
8.000000 33.68
9.000000 33.68
10.000000 33.68
11.000000 33.68
12.000000 33.68
13.000000 33.68
14.000000 33.68
15.000000 33.75
16.000000 33.81
17.000000 33.81
18.000000 33.87
19.000000 33.93
20.000000 34
21.000000 34.06
22.000000 34.06
23.000000 34.12
24.000000 34.18
25.000000 34.25
26.000000 34.31
27.000000 34.31
28.000000 34.37
29.000000 34.43
30.000000 34.5
31.000000 34.56
32.000000 34.62
33.000000 34.68
34.000000 34.75
35.000000 34.81
36.000000 34.93
37.000000 35
38.000000 35.12
39.000000 35.18
40.000000 35.25
41.000000 35.37
42.000000 35.43
43.000000 35.56
44.000000 35.62
45.000000 35.68
46.000000 35.81
47.000000 35.87
48.000000 35.93
49.000000 36
50.000000 36.06
51.000000 36.12
52.000000 36.18
53.000000 36.25
54.000000 36.31
55.000000 36.37
56.000000 36.43
57.000000 36.5
58.000000 36.56
59.000000 36.56
60.000000 36.62
61.000000 36.68
62.000000 36.75
63.000000 36.81
64.000000 36.87
65.000000 36.87
66.000000 37
67.000000 37.06
68.000000 37.12
69.000000 37.12
70.000000 37.18
71.000000 37.25
72.000000 37.31
73.000000 37.31
74.000000 37.37
75.000000 37.43
76.000000 37.43
77.000000 37.5
78.000000 37.56
79.000000 37.56
80.000000 37.62
81.000000 37.68
82.000000 37.68
83.000000 37.75
84.000000 37.75
85.000000 37.81
86.000000 37.81
87.000000 37.87
88.000000 37.87
89.000000 37.87
90.000000 37.93
91.000000 37.93
92.000000 37.93
93.000000 38
94.000000 38.06
95.000000 38.06
96.000000 38.12
97.000000 38.18
98.000000 38.18
99.000000 38.25
100.000000 38.31
101.000000 38.37
102.000000 38.37
103.000000 38.43
104.000000 38.5
105.000000 38.5
106.000000 38.56
107.000000 38.56
108.000000 38.62
109.000000 38.62
110.000000 38.68
111.000000 38.68
112.000000 38.75
113.000000 38.75
114.000000 38.81
115.000000 38.81
116.000000 38.81
117.000000 38.87
118.000000 38.87
119.000000 38.93
120.000000 38.93
121.000000 39
122.000000 39
123.000000 39.06
124.000000 39.06
125.000000 39.12
126.000000 39.12
127.000000 39.12
128.000000 39.18
129.000000 39.18
130.000000 39.18
131.000000 39.18
132.000000 39.25
133.000000 39.25
134.000000 39.25
135.000000 39.31
136.000000 39.31
137.000000 39.37
138.000000 39.37
139.000000 39.43
140.000000 39.43
141.000000 39.43
142.000000 39.43
143.000000 39.43
144.000000 39.43
145.000000 39.5
146.000000 39.5
147.000000 39.56
148.000000 39.56
149.000000 39.56
150.000000 39.56
151.000000 39.56
152.000000 39.56
153.000000 39.56
154.000000 39.62
155.000000 39.62
156.000000 39.62
157.000000 39.62
158.000000 39.56
159.000000 39.56
160.000000 39.62
161.000000 39.62
162.000000 39.62
163.000000 39.62
164.000000 39.62
165.000000 39.68
166.000000 39.68
167.000000 39.68
168.000000 39.68
169.000000 39.68
170.000000 39.68
171.000000 39.68
172.000000 39.68
173.000000 39.75
174.000000 39.75
175.000000 39.75
176.000000 39.75
177.000000 39.75
178.000000 39.75
179.000000 39.75
180.000000 39.75
181.000000 39.81
182.000000 39.81
183.000000 39.81
184.000000 39.81
185.000000 39.81
186.000000 39.81
187.000000 39.81
188.000000 39.87
189.000000 39.87
190.000000 39.87
191.000000 39.87
192.000000 39.93
193.000000 39.93
194.000000 39.93
195.000000 40
196.000000 40
197.000000 40
198.000000 40
199.000000 40
200.000000 40
201.000000 40.06
202.000000 40.06
203.000000 40.06
204.000000 40.06
205.000000 40.06
206.000000 40.06
207.000000 40.12
208.000000 40.12
209.000000 40.12
210.000000 40.12
211.000000 40.12
212.000000 40.12
213.000000 40.12
214.000000 40.12
215.000000 40.12
216.000000 40.06
217.000000 40.06
218.000000 40.06
219.000000 40.12
220.000000 40.12
221.000000 40.12
222.000000 40.18
223.000000 40.18
224.000000 40.18
225.000000 40.25
226.000000 40.25
227.000000 40.25
228.000000 40.25
229.000000 40.31
230.000000 40.31
231.000000 40.31
232.000000 40.31
233.000000 40.31
234.000000 40.31
235.000000 40.31
236.000000 40.31
237.000000 40.31
238.000000 40.31
239.000000 40.31
240.000000 40.37
241.000000 40.37
242.000000 40.37
243.000000 40.43
244.000000 40.43
245.000000 40.5
246.000000 40.5
247.000000 40.5
248.000000 40.5
249.000000 40.56
250.000000 40.56
251.000000 40.56
252.000000 40.5
253.000000 40.5
254.000000 40.5
255.000000 40.5
256.000000 40.5
257.000000 40.5
258.000000 40.43
259.000000 40.43
260.000000 40.43
261.000000 40.43
262.000000 40.5
263.000000 40.5
264.000000 40.5
265.000000 40.5
266.000000 40.5
267.000000 40.56
268.000000 40.56
269.000000 40.56
270.000000 40.56
271.000000 40.56
272.000000 40.56
273.000000 40.56
274.000000 40.56
275.000000 40.56
276.000000 40.56
277.000000 40.56
278.000000 40.56
279.000000 40.56
280.000000 40.56
281.000000 40.62
282.000000 40.62
283.000000 40.62
284.000000 40.62
285.000000 40.62
286.000000 40.62
287.000000 40.62
288.000000 40.62
289.000000 40.62
290.000000 40.62
291.000000 40.62
292.000000 40.62
293.000000 40.62
294.000000 40.62
295.000000 40.62
296.000000 40.62
297.000000 40.62
298.000000 40.62
299.000000 40.62
300.000000 40.62
301.000000 40.62
302.000000 40.68
303.000000 40.68
304.000000 40.68
305.000000 40.68
306.000000 40.68
307.000000 40.68
308.000000 40.75
309.000000 40.75
310.000000 40.75
311.000000 40.75
312.000000 40.75
313.000000 40.75
314.000000 40.75
315.000000 40.75
316.000000 40.81
317.000000 40.81
318.000000 40.81
319.000000 40.81
320.000000 40.81
321.000000 40.81
322.000000 40.81
323.000000 40.81
324.000000 40.81
325.000000 40.81
326.000000 40.81
327.000000 40.81
328.000000 40.81
329.000000 40.81
330.000000 40.81
331.000000 40.81
332.000000 40.81
333.000000 40.81
334.000000 40.81
335.000000 40.81
336.000000 40.81
337.000000 40.87
338.000000 40.87
339.000000 40.87
340.000000 40.87
341.000000 40.81
342.000000 40.81
343.000000 40.81
344.000000 40.81
345.000000 40.81
346.000000 40.81
347.000000 40.81
348.000000 40.81
349.000000 40.81
350.000000 40.75
351.000000 40.75
352.000000 40.75
353.000000 40.75
354.000000 40.75
355.000000 40.81
356.000000 40.81
357.000000 40.81
358.000000 40.81
359.000000 40.81
360.000000 40.81
361.000000 40.81
362.000000 40.81
363.000000 40.81
364.000000 40.81
365.000000 40.87
366.000000 40.87
367.000000 40.87
368.000000 40.87
369.000000 40.87
370.000000 40.87
371.000000 40.87
372.000000 40.87
373.000000 40.87
374.000000 40.87
375.000000 40.81
376.000000 40.81
377.000000 40.87
378.000000 40.87
379.000000 40.87
380.000000 40.87
381.000000 40.93
382.000000 40.93
383.000000 40.93
384.000000 40.87
385.000000 40.87
386.000000 40.93
387.000000 40.87
388.000000 40.87
389.000000 40.87
390.000000 40.87
391.000000 40.93
392.000000 40.93
393.000000 40.93
394.000000 40.87
395.000000 40.87
396.000000 40.87
397.000000 40.87
398.000000 40.87
399.000000 40.81
400.000000 40.81
401.000000 40.81
402.000000 40.81
403.000000 40.81
404.000000 40.81
405.000000 40.81
406.000000 40.81
407.000000 40.81
408.000000 40.81
409.000000 40.81
410.000000 40.81
411.000000 40.81
412.000000 40.81
413.000000 40.81
414.000000 40.81
415.000000 40.81
416.000000 40.75
417.000000 40.75
418.000000 40.75
419.000000 40.75
420.000000 40.75
421.000000 40.68
422.000000 40.68
423.000000 40.68
424.000000 40.68
425.000000 40.62
426.000000 40.62
427.000000 40.62
428.000000 40.62
429.000000 40.62
430.000000 40.62
431.000000 40.62
432.000000 40.62
433.000000 40.62
434.000000 40.68
435.000000 40.68
436.000000 40.68
437.000000 40.68
438.000000 40.68
439.000000 40.68
440.000000 40.68
441.000000 40.68
442.000000 40.68
443.000000 40.68
444.000000 40.68
445.000000 40.68
446.000000 40.68
447.000000 40.68
448.000000 40.75
449.000000 40.75
450.000000 40.75
451.000000 40.81
452.000000 40.81
453.000000 40.81
454.000000 40.81
455.000000 40.87
456.000000 40.87
457.000000 40.81
458.000000 40.87
459.000000 40.87
460.000000 40.87
461.000000 40.87
462.000000 40.87
463.000000 40.87
464.000000 40.87
465.000000 40.87
466.000000 40.87
467.000000 40.87
468.000000 40.87
469.000000 40.87
470.000000 40.87
471.000000 40.87
472.000000 40.87
473.000000 40.87
474.000000 40.87
475.000000 40.81
476.000000 40.81
477.000000 40.81
478.000000 40.81
479.000000 40.81
480.000000 40.81
481.000000 40.81
482.000000 40.81
483.000000 40.81
484.000000 40.81
485.000000 40.81
486.000000 40.81
487.000000 40.81
488.000000 40.81
489.000000 40.81
490.000000 40.81
491.000000 40.81
492.000000 40.81
493.000000 40.81
494.000000 40.81
495.000000 40.81
496.000000 40.81
497.000000 40.81
498.000000 40.81
499.000000 40.81
500.000000 40.81
501.000000 40.81
502.000000 40.81
503.000000 40.81
