0.000000 0
1.000000 0
2.000000 0.00028653
3.000000 0.00083888
4.000000 0.0016376
5.000000 0.0026643
6.000000 0.0039018
7.000000 0.0053339
8.000000 0.0069456
9.000000 0.0087224
10.000000 0.010651
11.000000 0.012719
12.000000 0.014914
13.000000 0.017226
14.000000 0.019644
15.000000 0.022158
16.000000 0.024759
17.000000 0.027439
18.000000 0.030189
19.000000 0.033003
20.000000 0.035872
21.000000 0.038791
22.000000 0.041754
23.000000 0.044754
24.000000 0.047786
25.000000 0.050845
26.000000 0.053927
27.000000 0.057028
28.000000 0.060142
29.000000 0.063266
30.000000 0.066398
31.000000 0.069532
32.000000 0.072668
33.000000 0.075801
34.000000 0.078928
35.000000 0.082049
36.000000 0.08516
37.000000 0.088258
38.000000 0.091344
39.000000 0.094413
40.000000 0.097466
41.000000 0.1005
42.000000 0.10351
43.000000 0.10651
44.000000 0.10948
45.000000 0.11242
46.000000 0.11534
47.000000 0.11824
48.000000 0.12111
49.000000 0.12396
50.000000 0.12677
51.000000 0.12956
52.000000 0.13232
53.000000 0.13505
54.000000 0.13775
55.000000 0.14042
56.000000 0.14307
57.000000 0.14568
58.000000 0.14826
59.000000 0.15081
60.000000 0.15333
61.000000 0.15582
62.000000 0.15828
63.000000 0.16071
64.000000 0.16311
65.000000 0.16547
66.000000 0.16781
67.000000 0.17012
68.000000 0.17239
69.000000 0.17464
70.000000 0.17686
71.000000 0.17904
72.000000 0.1812
73.000000 0.18332
74.000000 0.18542
75.000000 0.18749
76.000000 0.18953
77.000000 0.19154
78.000000 0.19352
79.000000 0.19548
80.000000 0.1974
81.000000 0.1993
82.000000 0.20117
83.000000 0.20302
84.000000 0.20483
85.000000 0.20663
86.000000 0.20839
87.000000 0.21013
88.000000 0.21184
89.000000 0.21353
90.000000 0.21519
91.000000 0.21683
92.000000 0.21845
93.000000 0.22004
94.000000 0.2216
95.000000 0.22314
96.000000 0.22466
97.000000 0.22616
98.000000 0.22763
99.000000 0.22909
100.000000 0.23051
101.000000 0.23192
102.000000 0.23331
103.000000 0.23467
104.000000 0.23602
105.000000 0.23734
106.000000 0.23865
107.000000 0.23993
108.000000 0.24119
109.000000 0.24244
110.000000 0.24366
111.000000 0.24487
112.000000 0.24606
113.000000 0.24723
114.000000 0.24838
115.000000 0.24951
116.000000 0.25063
117.000000 0.25172
118.000000 0.25281
119.000000 0.25387
120.000000 0.25492
121.000000 0.25595
122.000000 0.25697
123.000000 0.25797
124.000000 0.25895
125.000000 0.25992
126.000000 0.26087
127.000000 0.26181
128.000000 0.26274
129.000000 0.26365
130.000000 0.26454
131.000000 0.26542
132.000000 0.26629
133.000000 0.26714
134.000000 0.26798
135.000000 0.26881
136.000000 0.26963
137.000000 0.27043
138.000000 0.27122
139.000000 0.27199
140.000000 0.27276
141.000000 0.27351
142.000000 0.27425
143.000000 0.27498
144.000000 0.2757
145.000000 0.27641
146.000000 0.2771
147.000000 0.27778
148.000000 0.27846
149.000000 0.27912
150.000000 0.27977
151.000000 0.28042
152.000000 0.28105
153.000000 0.28167
154.000000 0.28228
155.000000 0.28288
156.000000 0.28348
157.000000 0.28406
158.000000 0.28464
159.000000 0.2852
160.000000 0.28576
161.000000 0.28631
162.000000 0.28684
163.000000 0.28738
164.000000 0.2879
165.000000 0.28841
166.000000 0.28892
167.000000 0.28942
168.000000 0.28991
169.000000 0.29039
170.000000 0.29086
171.000000 0.29133
172.000000 0.29179
173.000000 0.29224
174.000000 0.29269
175.000000 0.29313
176.000000 0.29356
177.000000 0.29398
178.000000 0.2944
179.000000 0.29481
180.000000 0.29522
181.000000 0.29561
182.000000 0.29601
183.000000 0.29639
184.000000 0.29677
185.000000 0.29714
186.000000 0.29751
187.000000 0.29787
188.000000 0.29823
189.000000 0.29858
190.000000 0.29893
191.000000 0.29927
192.000000 0.2996
193.000000 0.29993
194.000000 0.30025
195.000000 0.30057
196.000000 0.30089
197.000000 0.30119
198.000000 0.3015
199.000000 0.3018
200.000000 0.30209
201.000000 0.30238
202.000000 0.30267
203.000000 0.30295
204.000000 0.30322
205.000000 0.30349
206.000000 0.30376
207.000000 0.30402
208.000000 0.30428
209.000000 0.30454
210.000000 0.30479
211.000000 0.30504
212.000000 0.30528
213.000000 0.30552
214.000000 0.30575
215.000000 0.30598
216.000000 0.30621
217.000000 0.30644
218.000000 0.30666
219.000000 0.30688
220.000000 0.30709
221.000000 0.3073
222.000000 0.30751
223.000000 0.30771
224.000000 0.30791
225.000000 0.30811
226.000000 0.3083
227.000000 0.30849
228.000000 0.30868
229.000000 0.30887
230.000000 0.30905
231.000000 0.30923
232.000000 0.30941
233.000000 0.30958
234.000000 0.30975
235.000000 0.30992
236.000000 0.31008
237.000000 0.31025
238.000000 0.31041
239.000000 0.31057
240.000000 0.31072
241.000000 0.31087
242.000000 0.31103
243.000000 0.31117
244.000000 0.31132
245.000000 0.31146
246.000000 0.3116
247.000000 0.31174
248.000000 0.31188
249.000000 0.31201
250.000000 0.31215
251.000000 0.31228
252.000000 0.31241
253.000000 0.31253
254.000000 0.31266
255.000000 0.31278
256.000000 0.3129
257.000000 0.31302
258.000000 0.31313
259.000000 0.31325
260.000000 0.31336
261.000000 0.31347
262.000000 0.31358
263.000000 0.31369
264.000000 0.3138
265.000000 0.3139
266.000000 0.314
267.000000 0.3141
268.000000 0.3142
269.000000 0.3143
270.000000 0.3144
271.000000 0.31449
272.000000 0.31459
273.000000 0.31468
274.000000 0.31477
275.000000 0.31486
276.000000 0.31494
277.000000 0.31503
278.000000 0.31512
279.000000 0.3152
280.000000 0.31528
281.000000 0.31536
282.000000 0.31544
283.000000 0.31552
284.000000 0.3156
285.000000 0.31567
286.000000 0.31575
287.000000 0.31582
288.000000 0.31589
289.000000 0.31596
290.000000 0.31603
291.000000 0.3161
292.000000 0.31617
293.000000 0.31624
294.000000 0.3163
295.000000 0.31637
296.000000 0.31643
297.000000 0.31649
298.000000 0.31655
299.000000 0.31662
300.000000 0.31667
301.000000 0.31673
302.000000 0.31679
303.000000 0.31685
304.000000 0.3169
305.000000 0.31696
306.000000 0.31701
307.000000 0.31707
308.000000 0.31712
309.000000 0.31717
310.000000 0.31722
311.000000 0.31727
312.000000 0.31732
313.000000 0.31737
314.000000 0.31742
315.000000 0.31746
316.000000 0.31751
317.000000 0.31756
318.000000 0.3176
319.000000 0.31764
320.000000 0.31769
321.000000 0.31773
322.000000 0.31777
323.000000 0.31781
324.000000 0.31786
325.000000 0.3179
326.000000 0.31793
327.000000 0.31797
328.000000 0.31801
329.000000 0.31805
330.000000 0.31809
331.000000 0.31812
332.000000 0.31816
333.000000 0.31819
334.000000 0.31823
335.000000 0.31826
336.000000 0.3183
337.000000 0.31833
338.000000 0.31836
339.000000 0.31839
340.000000 0.31842
341.000000 0.31846
342.000000 0.31849
343.000000 0.31852
344.000000 0.31855
345.000000 0.31857
346.000000 0.3186
347.000000 0.31863
348.000000 0.31866
349.000000 0.31869
350.000000 0.31871
351.000000 0.31874
352.000000 0.31877
353.000000 0.31879
354.000000 0.31882
355.000000 0.31884
356.000000 0.31887
357.000000 0.31889
358.000000 0.31891
359.000000 0.31894
360.000000 0.31896
361.000000 0.31898
362.000000 0.319
363.000000 0.31903
364.000000 0.31905
365.000000 0.31907
366.000000 0.31909
367.000000 0.31911
368.000000 0.31913
369.000000 0.31915
370.000000 0.31917
371.000000 0.31919
372.000000 0.31921
373.000000 0.31923
374.000000 0.31924
375.000000 0.31926
376.000000 0.31928
377.000000 0.3193
378.000000 0.31932
379.000000 0.31933
380.000000 0.31935
381.000000 0.31937
382.000000 0.31938
383.000000 0.3194
384.000000 0.31941
385.000000 0.31943
386.000000 0.31944
387.000000 0.31946
388.000000 0.31947
389.000000 0.31949
390.000000 0.3195
391.000000 0.31952
392.000000 0.31953
393.000000 0.31954
394.000000 0.31956
395.000000 0.31957
396.000000 0.31958
397.000000 0.31959
398.000000 0.31961
399.000000 0.31962
400.000000 0.31963
401.000000 0.31964
402.000000 0.31966
403.000000 0.31967
404.000000 0.31968
405.000000 0.31969
406.000000 0.3197
407.000000 0.31971
408.000000 0.31972
409.000000 0.31973
410.000000 0.31974
411.000000 0.31975
412.000000 0.31976
413.000000 0.31977
414.000000 0.31978
415.000000 0.31979
416.000000 0.3198
417.000000 0.31981
418.000000 0.31982
419.000000 0.31983
420.000000 0.31984
421.000000 0.31985
422.000000 0.31985
423.000000 0.31986
424.000000 0.31987
425.000000 0.31988
426.000000 0.31989
427.000000 0.31989
428.000000 0.3199
429.000000 0.31991
430.000000 0.31992
431.000000 0.31992
432.000000 0.31993
433.000000 0.31994
434.000000 0.31995
435.000000 0.31995
436.000000 0.31996
437.000000 0.31997
438.000000 0.31997
439.000000 0.31998
440.000000 0.31999
441.000000 0.31999
442.000000 0.32
443.000000 0.32
444.000000 0.32001
445.000000 0.32002
446.000000 0.32002
447.000000 0.32003
448.000000 0.32003
449.000000 0.32004
450.000000 0.32004
451.000000 0.32005
452.000000 0.32006
453.000000 0.32006
454.000000 0.32007
455.000000 0.32007
456.000000 0.32008
457.000000 0.32008
458.000000 0.32009
459.000000 0.32009
460.000000 0.32009
461.000000 0.3201
462.000000 0.3201
463.000000 0.32011
464.000000 0.32011
465.000000 0.32012
466.000000 0.32012
467.000000 0.32013
468.000000 0.32013
469.000000 0.32013
470.000000 0.32014
471.000000 0.32014
472.000000 0.32015
473.000000 0.32015
474.000000 0.32015
475.000000 0.32016
476.000000 0.32016
477.000000 0.32016
478.000000 0.32017
479.000000 0.32017
480.000000 0.32017
481.000000 0.32018
482.000000 0.32018
483.000000 0.32018
484.000000 0.32019
485.000000 0.32019
486.000000 0.32019
487.000000 0.3202
488.000000 0.3202
489.000000 0.3202
490.000000 0.3202
491.000000 0.32021
492.000000 0.32021
493.000000 0.32021
494.000000 0.32022
495.000000 0.32022
496.000000 0.32022
497.000000 0.32022
498.000000 0.32023
499.000000 0.32023
