0.000000 0
1.000000 0
2.000000 2.6766e-05
3.000000 7.9242e-05
4.000000 0.00015641
5.000000 0.00025728
6.000000 0.00038089
7.000000 0.00052633
8.000000 0.0006927
9.000000 0.00087913
10.000000 0.0010848
11.000000 0.0013089
12.000000 0.0015506
13.000000 0.0018092
14.000000 0.002084
15.000000 0.0023742
16.000000 0.0026792
17.000000 0.0029982
18.000000 0.0033308
19.000000 0.0036762
20.000000 0.0040338
21.000000 0.0044031
22.000000 0.0047836
23.000000 0.0051746
24.000000 0.0055757
25.000000 0.0059863
26.000000 0.0064061
27.000000 0.0068344
28.000000 0.0072709
29.000000 0.0077151
30.000000 0.0081666
31.000000 0.008625
32.000000 0.0090899
33.000000 0.009561
34.000000 0.010038
35.000000 0.01052
36.000000 0.011007
37.000000 0.011499
38.000000 0.011995
39.000000 0.012496
40.000000 0.013
41.000000 0.013508
42.000000 0.014019
43.000000 0.014533
44.000000 0.01505
45.000000 0.015569
46.000000 0.016091
47.000000 0.016614
48.000000 0.01714
49.000000 0.017667
50.000000 0.018195
51.000000 0.018724
52.000000 0.019255
53.000000 0.019786
54.000000 0.020318
55.000000 0.020851
56.000000 0.021383
57.000000 0.021916
58.000000 0.022449
59.000000 0.022982
60.000000 0.023514
61.000000 0.024047
62.000000 0.024578
63.000000 0.025109
64.000000 0.025639
65.000000 0.026168
66.000000 0.026697
67.000000 0.027224
68.000000 0.02775
69.000000 0.028275
70.000000 0.028798
71.000000 0.02932
72.000000 0.02984
73.000000 0.030359
74.000000 0.030876
75.000000 0.031391
76.000000 0.031904
77.000000 0.032416
78.000000 0.032925
79.000000 0.033433
80.000000 0.033938
81.000000 0.034441
82.000000 0.034942
83.000000 0.035441
84.000000 0.035937
85.000000 0.036431
86.000000 0.036923
87.000000 0.037413
88.000000 0.037899
89.000000 0.038384
90.000000 0.038866
91.000000 0.039345
92.000000 0.039822
93.000000 0.040296
94.000000 0.040768
95.000000 0.041236
96.000000 0.041703
97.000000 0.042166
98.000000 0.042627
99.000000 0.043085
100.000000 0.04354
101.000000 0.043993
102.000000 0.044443
103.000000 0.04489
104.000000 0.045334
105.000000 0.045775
106.000000 0.046214
107.000000 0.046649
108.000000 0.047082
109.000000 0.047512
110.000000 0.04794
111.000000 0.048364
112.000000 0.048785
113.000000 0.049204
114.000000 0.04962
115.000000 0.050033
116.000000 0.050443
117.000000 0.05085
118.000000 0.051255
119.000000 0.051656
120.000000 0.052055
121.000000 0.052451
122.000000 0.052844
123.000000 0.053234
124.000000 0.053621
125.000000 0.054006
126.000000 0.054388
127.000000 0.054767
128.000000 0.055143
129.000000 0.055516
130.000000 0.055887
131.000000 0.056255
132.000000 0.05662
133.000000 0.056982
134.000000 0.057342
135.000000 0.057699
136.000000 0.058053
137.000000 0.058404
138.000000 0.058753
139.000000 0.059099
140.000000 0.059443
141.000000 0.059783
142.000000 0.060121
143.000000 0.060457
144.000000 0.06079
145.000000 0.06112
146.000000 0.061448
147.000000 0.061773
148.000000 0.062095
149.000000 0.062415
150.000000 0.062733
151.000000 0.063048
152.000000 0.06336
153.000000 0.06367
154.000000 0.063977
155.000000 0.064282
156.000000 0.064585
157.000000 0.064885
158.000000 0.065182
159.000000 0.065478
160.000000 0.065771
161.000000 0.066061
162.000000 0.066349
163.000000 0.066635
164.000000 0.066918
165.000000 0.067199
166.000000 0.067478
167.000000 0.067755
168.000000 0.068029
169.000000 0.068301
170.000000 0.068571
171.000000 0.068838
172.000000 0.069103
173.000000 0.069367
174.000000 0.069628
175.000000 0.069886
176.000000 0.070143
177.000000 0.070397
178.000000 0.07065
179.000000 0.0709
180.000000 0.071148
181.000000 0.071394
182.000000 0.071638
183.000000 0.07188
184.000000 0.07212
185.000000 0.072358
186.000000 0.072594
187.000000 0.072828
188.000000 0.07306
189.000000 0.07329
190.000000 0.073518
191.000000 0.073744
192.000000 0.073969
193.000000 0.074191
194.000000 0.074412
195.000000 0.07463
196.000000 0.074847
197.000000 0.075062
198.000000 0.075275
199.000000 0.075486
200.000000 0.075696
201.000000 0.075904
202.000000 0.076109
203.000000 0.076314
204.000000 0.076516
205.000000 0.076717
206.000000 0.076916
207.000000 0.077113
208.000000 0.077309
209.000000 0.077503
210.000000 0.077695
211.000000 0.077886
212.000000 0.078075
213.000000 0.078262
214.000000 0.078448
215.000000 0.078632
216.000000 0.078815
217.000000 0.078996
218.000000 0.079175
219.000000 0.079353
220.000000 0.07953
221.000000 0.079705
222.000000 0.079878
223.000000 0.08005
224.000000 0.08022
225.000000 0.080389
226.000000 0.080557
227.000000 0.080723
228.000000 0.080888
229.000000 0.081051
230.000000 0.081213
231.000000 0.081373
232.000000 0.081532
233.000000 0.08169
234.000000 0.081846
235.000000 0.082001
236.000000 0.082154
237.000000 0.082307
238.000000 0.082458
239.000000 0.082607
240.000000 0.082756
241.000000 0.082903
242.000000 0.083048
243.000000 0.083193
244.000000 0.083336
245.000000 0.083478
246.000000 0.083619
247.000000 0.083759
248.000000 0.083897
249.000000 0.084034
250.000000 0.08417
251.000000 0.084305
252.000000 0.084439
253.000000 0.084571
254.000000 0.084702
255.000000 0.084832
256.000000 0.084962
257.000000 0.085089
258.000000 0.085216
259.000000 0.085342
260.000000 0.085467
261.000000 0.08559
262.000000 0.085713
263.000000 0.085834
264.000000 0.085954
265.000000 0.086074
266.000000 0.086192
267.000000 0.086309
268.000000 0.086425
269.000000 0.08654
270.000000 0.086655
271.000000 0.086768
272.000000 0.08688
273.000000 0.086991
274.000000 0.087101
275.000000 0.087211
276.000000 0.087319
277.000000 0.087426
278.000000 0.087533
279.000000 0.087638
280.000000 0.087743
281.000000 0.087847
282.000000 0.087949
283.000000 0.088051
284.000000 0.088152
285.000000 0.088252
286.000000 0.088352
287.000000 0.08845
288.000000 0.088548
289.000000 0.088644
290.000000 0.08874
291.000000 0.088835
292.000000 0.088929
293.000000 0.089023
294.000000 0.089115
295.000000 0.089207
296.000000 0.089298
297.000000 0.089388
298.000000 0.089477
299.000000 0.089566
300.000000 0.089653
301.000000 0.08974
302.000000 0.089827
303.000000 0.089912
304.000000 0.089997
305.000000 0.090081
306.000000 0.090164
307.000000 0.090247
308.000000 0.090329
309.000000 0.09041
310.000000 0.09049
311.000000 0.09057
312.000000 0.090649
313.000000 0.090727
314.000000 0.090805
315.000000 0.090882
316.000000 0.090958
317.000000 0.091034
318.000000 0.091109
319.000000 0.091183
320.000000 0.091256
321.000000 0.091329
322.000000 0.091402
323.000000 0.091474
324.000000 0.091545
325.000000 0.091615
326.000000 0.091685
327.000000 0.091754
328.000000 0.091823
329.000000 0.091891
330.000000 0.091958
331.000000 0.092025
332.000000 0.092091
333.000000 0.092157
334.000000 0.092222
335.000000 0.092287
336.000000 0.092351
337.000000 0.092414
338.000000 0.092477
339.000000 0.092539
340.000000 0.092601
341.000000 0.092662
342.000000 0.092723
343.000000 0.092783
344.000000 0.092843
345.000000 0.092902
346.000000 0.09296
347.000000 0.093019
348.000000 0.093076
349.000000 0.093133
350.000000 0.09319
351.000000 0.093246
352.000000 0.093301
353.000000 0.093357
354.000000 0.093411
355.000000 0.093465
356.000000 0.093519
357.000000 0.093572
358.000000 0.093625
359.000000 0.093677
360.000000 0.093729
361.000000 0.09378
362.000000 0.093831
363.000000 0.093882
364.000000 0.093932
365.000000 0.093981
366.000000 0.09403
367.000000 0.094079
368.000000 0.094127
369.000000 0.094175
370.000000 0.094223
371.000000 0.09427
372.000000 0.094316
373.000000 0.094362
374.000000 0.094408
375.000000 0.094454
376.000000 0.094499
377.000000 0.094543
378.000000 0.094587
379.000000 0.094631
380.000000 0.094675
381.000000 0.094718
382.000000 0.09476
383.000000 0.094803
384.000000 0.094845
385.000000 0.094886
386.000000 0.094927
387.000000 0.094968
388.000000 0.095009
389.000000 0.095049
390.000000 0.095089
391.000000 0.095128
392.000000 0.095167
393.000000 0.095206
394.000000 0.095244
395.000000 0.095282
396.000000 0.09532
397.000000 0.095358
398.000000 0.095395
399.000000 0.095431
400.000000 0.095468
401.000000 0.095504
402.000000 0.09554
403.000000 0.095575
404.000000 0.09561
405.000000 0.095645
406.000000 0.09568
407.000000 0.095714
408.000000 0.095748
409.000000 0.095782
410.000000 0.095815
411.000000 0.095848
412.000000 0.095881
413.000000 0.095913
414.000000 0.095946
415.000000 0.095978
416.000000 0.096009
417.000000 0.096041
418.000000 0.096072
419.000000 0.096103
420.000000 0.096133
421.000000 0.096163
422.000000 0.096193
423.000000 0.096223
424.000000 0.096253
425.000000 0.096282
426.000000 0.096311
427.000000 0.09634
428.000000 0.096368
429.000000 0.096396
430.000000 0.096424
431.000000 0.096452
432.000000 0.096479
433.000000 0.096507
434.000000 0.096534
435.000000 0.09656
436.000000 0.096587
437.000000 0.096613
438.000000 0.096639
439.000000 0.096665
440.000000 0.096691
441.000000 0.096716
442.000000 0.096741
443.000000 0.096766
444.000000 0.096791
445.000000 0.096816
446.000000 0.09684
447.000000 0.096864
448.000000 0.096888
449.000000 0.096912
450.000000 0.096935
451.000000 0.096958
452.000000 0.096981
453.000000 0.097004
454.000000 0.097027
455.000000 0.097049
456.000000 0.097071
457.000000 0.097094
458.000000 0.097115
459.000000 0.097137
460.000000 0.097159
461.000000 0.09718
462.000000 0.097201
463.000000 0.097222
464.000000 0.097243
465.000000 0.097263
466.000000 0.097284
467.000000 0.097304
468.000000 0.097324
469.000000 0.097344
470.000000 0.097363
471.000000 0.097383
472.000000 0.097402
473.000000 0.097421
474.000000 0.09744
475.000000 0.097459
476.000000 0.097478
477.000000 0.097496
478.000000 0.097515
479.000000 0.097533
480.000000 0.097551
481.000000 0.097569
482.000000 0.097586
483.000000 0.097604
484.000000 0.097621
485.000000 0.097639
486.000000 0.097656
487.000000 0.097673
488.000000 0.097689
489.000000 0.097706
490.000000 0.097722
491.000000 0.097739
492.000000 0.097755
493.000000 0.097771
494.000000 0.097787
495.000000 0.097803
496.000000 0.097818
497.000000 0.097834
498.000000 0.097849
499.000000 0.097865
