0.000000 0
1.000000 0
2.000000 0
3.000000 0
4.000000 0
5.000000 0.00029893
6.000000 0.00087105
7.000000 0.0016925
8.000000 0.0027412
9.000000 0.0039965
10.000000 0.0054396
11.000000 0.0070528
12.000000 0.0088199
13.000000 0.010726
14.000000 0.012756
15.000000 0.014899
16.000000 0.017141
17.000000 0.019472
18.000000 0.021882
19.000000 0.02436
20.000000 0.0269
21.000000 0.029492
22.000000 0.032128
23.000000 0.034803
24.000000 0.03751
25.000000 0.040243
26.000000 0.042997
27.000000 0.045766
28.000000 0.048546
29.000000 0.051334
30.000000 0.054125
31.000000 0.056916
32.000000 0.059704
33.000000 0.062485
34.000000 0.065258
35.000000 0.068019
36.000000 0.070767
37.000000 0.073499
38.000000 0.076214
39.000000 0.078909
40.000000 0.081585
41.000000 0.084239
42.000000 0.086869
43.000000 0.089476
44.000000 0.092058
45.000000 0.094613
46.000000 0.097143
47.000000 0.099645
48.000000 0.10212
49.000000 0.10457
50.000000 0.10698
51.000000 0.10937
52.000000 0.11173
53.000000 0.11406
54.000000 0.11636
55.000000 0.11863
56.000000 0.12087
57.000000 0.12308
58.000000 0.12527
59.000000 0.12742
60.000000 0.12954
61.000000 0.13163
62.000000 0.13369
63.000000 0.13573
64.000000 0.13773
65.000000 0.1397
66.000000 0.14165
67.000000 0.14357
68.000000 0.14546
69.000000 0.14732
70.000000 0.14915
71.000000 0.15096
72.000000 0.15273
73.000000 0.15448
74.000000 0.15621
75.000000 0.15791
76.000000 0.15958
77.000000 0.16122
78.000000 0.16284
79.000000 0.16444
80.000000 0.16601
81.000000 0.16756
82.000000 0.16908
83.000000 0.17057
84.000000 0.17205
85.000000 0.1735
86.000000 0.17493
87.000000 0.17633
88.000000 0.17771
89.000000 0.17907
90.000000 0.18041
91.000000 0.18173
92.000000 0.18303
93.000000 0.1843
94.000000 0.18556
95.000000 0.18679
96.000000 0.18801
97.000000 0.1892
98.000000 0.19038
99.000000 0.19153
100.000000 0.19267
101.000000 0.19379
102.000000 0.19489
103.000000 0.19598
104.000000 0.19704
105.000000 0.19809
106.000000 0.19912
107.000000 0.20014
108.000000 0.20114
109.000000 0.20212
110.000000 0.20309
111.000000 0.20404
112.000000 0.20497
113.000000 0.20589
114.000000 0.2068
115.000000 0.20769
116.000000 0.20856
117.000000 0.20942
118.000000 0.21027
119.000000 0.2111
120.000000 0.21192
121.000000 0.21273
122.000000 0.21352
123.000000 0.2143
124.000000 0.21507
125.000000 0.21582
126.000000 0.21657
127.000000 0.2173
128.000000 0.21801
129.000000 0.21872
130.000000 0.21942
131.000000 0.2201
132.000000 0.22077
133.000000 0.22143
134.000000 0.22208
135.000000 0.22272
136.000000 0.22335
137.000000 0.22397
138.000000 0.22458
139.000000 0.22518
140.000000 0.22577
141.000000 0.22635
142.000000 0.22692
143.000000 0.22748
144.000000 0.22803
145.000000 0.22857
146.000000 0.2291
147.000000 0.22963
148.000000 0.23014
149.000000 0.23065
150.000000 0.23115
151.000000 0.23164
152.000000 0.23212
153.000000 0.2326
154.000000 0.23306
155.000000 0.23352
156.000000 0.23398
157.000000 0.23442
158.000000 0.23486
159.000000 0.23529
160.000000 0.23571
161.000000 0.23613
162.000000 0.23653
163.000000 0.23694
164.000000 0.23733
165.000000 0.23772
166.000000 0.2381
167.000000 0.23848
168.000000 0.23885
169.000000 0.23922
170.000000 0.23957
171.000000 0.23993
172.000000 0.24027
173.000000 0.24061
174.000000 0.24095
175.000000 0.24128
176.000000 0.2416
177.000000 0.24192
178.000000 0.24224
179.000000 0.24254
180.000000 0.24285
181.000000 0.24315
182.000000 0.24344
183.000000 0.24373
184.000000 0.24401
185.000000 0.24429
186.000000 0.24457
187.000000 0.24484
188.000000 0.2451
189.000000 0.24536
190.000000 0.24562
191.000000 0.24587
192.000000 0.24612
193.000000 0.24637
194.000000 0.24661
195.000000 0.24684
196.000000 0.24708
197.000000 0.24731
198.000000 0.24753
199.000000 0.24775
200.000000 0.24797
201.000000 0.24818
202.000000 0.2484
203.000000 0.2486
204.000000 0.24881
205.000000 0.24901
206.000000 0.2492
207.000000 0.2494
208.000000 0.24959
209.000000 0.24978
210.000000 0.24996
211.000000 0.25014
212.000000 0.25032
213.000000 0.2505
214.000000 0.25067
215.000000 0.25084
216.000000 0.25101
217.000000 0.25117
218.000000 0.25133
219.000000 0.25149
220.000000 0.25165
221.000000 0.2518
222.000000 0.25195
223.000000 0.2521
224.000000 0.25225
225.000000 0.25239
226.000000 0.25253
227.000000 0.25267
228.000000 0.25281
229.000000 0.25294
230.000000 0.25308
231.000000 0.25321
232.000000 0.25333
233.000000 0.25346
234.000000 0.25358
235.000000 0.25371
236.000000 0.25383
237.000000 0.25394
238.000000 0.25406
239.000000 0.25417
240.000000 0.25429
241.000000 0.2544
242.000000 0.25451
243.000000 0.25461
244.000000 0.25472
245.000000 0.25482
246.000000 0.25492
247.000000 0.25502
248.000000 0.25512
249.000000 0.25522
250.000000 0.25531
251.000000 0.25541
252.000000 0.2555
253.000000 0.25559
254.000000 0.25568
255.000000 0.25576
256.000000 0.25585
257.000000 0.25594
258.000000 0.25602
259.000000 0.2561
260.000000 0.25618
261.000000 0.25626
262.000000 0.25634
263.000000 0.25642
264.000000 0.25649
265.000000 0.25656
266.000000 0.25664
267.000000 0.25671
268.000000 0.25678
269.000000 0.25685
270.000000 0.25692
271.000000 0.25698
272.000000 0.25705
273.000000 0.25712
274.000000 0.25718
275.000000 0.25724
276.000000 0.2573
277.000000 0.25736
278.000000 0.25742
279.000000 0.25748
280.000000 0.25754
281.000000 0.2576
282.000000 0.25765
283.000000 0.25771
284.000000 0.25776
285.000000 0.25782
286.000000 0.25787
287.000000 0.25792
288.000000 0.25797
289.000000 0.25802
290.000000 0.25807
291.000000 0.25812
292.000000 0.25816
293.000000 0.25821
294.000000 0.25826
295.000000 0.2583
296.000000 0.25835
297.000000 0.25839
298.000000 0.25843
299.000000 0.25848
300.000000 0.25852
301.000000 0.25856
302.000000 0.2586
303.000000 0.25864
304.000000 0.25868
305.000000 0.25871
306.000000 0.25875
307.000000 0.25879
308.000000 0.25882
309.000000 0.25886
310.000000 0.2589
311.000000 0.25893
312.000000 0.25896
313.000000 0.259
314.000000 0.25903
315.000000 0.25906
316.000000 0.25909
317.000000 0.25913
318.000000 0.25916
319.000000 0.25919
320.000000 0.25922
321.000000 0.25925
322.000000 0.25928
323.000000 0.2593
324.000000 0.25933
325.000000 0.25936
326.000000 0.25939
327.000000 0.25941
328.000000 0.25944
329.000000 0.25946
330.000000 0.25949
331.000000 0.25951
332.000000 0.25954
333.000000 0.25956
334.000000 0.25959
335.000000 0.25961
336.000000 0.25963
337.000000 0.25965
338.000000 0.25968
339.000000 0.2597
340.000000 0.25972
341.000000 0.25974
342.000000 0.25976
343.000000 0.25978
344.000000 0.2598
345.000000 0.25982
346.000000 0.25984
347.000000 0.25986
348.000000 0.25988
349.000000 0.2599
350.000000 0.25992
351.000000 0.25993
352.000000 0.25995
353.000000 0.25997
354.000000 0.25998
355.000000 0.26
356.000000 0.26002
357.000000 0.26003
358.000000 0.26005
359.000000 0.26007
360.000000 0.26008
361.000000 0.2601
362.000000 0.26011
363.000000 0.26013
364.000000 0.26014
365.000000 0.26015
366.000000 0.26017
367.000000 0.26018
368.000000 0.26019
369.000000 0.26021
370.000000 0.26022
371.000000 0.26023
372.000000 0.26025
373.000000 0.26026
374.000000 0.26027
375.000000 0.26028
376.000000 0.26029
377.000000 0.26031
378.000000 0.26032
379.000000 0.26033
380.000000 0.26034
381.000000 0.26035
382.000000 0.26036
383.000000 0.26037
384.000000 0.26038
385.000000 0.26039
386.000000 0.2604
387.000000 0.26041
388.000000 0.26042
389.000000 0.26043
390.000000 0.26044
391.000000 0.26045
392.000000 0.26046
393.000000 0.26047
394.000000 0.26048
395.000000 0.26048
396.000000 0.26049
397.000000 0.2605
398.000000 0.26051
399.000000 0.26052
400.000000 0.26053
401.000000 0.26053
402.000000 0.26054
403.000000 0.26055
404.000000 0.26056
405.000000 0.26056
406.000000 0.26057
407.000000 0.26058
408.000000 0.26058
409.000000 0.26059
410.000000 0.2606
411.000000 0.2606
412.000000 0.26061
413.000000 0.26062
414.000000 0.26062
415.000000 0.26063
416.000000 0.26064
417.000000 0.26064
418.000000 0.26065
419.000000 0.26065
420.000000 0.26066
421.000000 0.26066
422.000000 0.26067
423.000000 0.26068
424.000000 0.26068
425.000000 0.26069
426.000000 0.26069
427.000000 0.2607
428.000000 0.2607
429.000000 0.26071
430.000000 0.26071
431.000000 0.26072
432.000000 0.26072
433.000000 0.26072
434.000000 0.26073
435.000000 0.26073
436.000000 0.26074
437.000000 0.26074
438.000000 0.26075
439.000000 0.26075
440.000000 0.26075
441.000000 0.26076
442.000000 0.26076
443.000000 0.26077
444.000000 0.26077
445.000000 0.26077
446.000000 0.26078
447.000000 0.26078
448.000000 0.26078
449.000000 0.26079
450.000000 0.26079
451.000000 0.2608
452.000000 0.2608
453.000000 0.2608
454.000000 0.2608
455.000000 0.26081
456.000000 0.26081
457.000000 0.26081
458.000000 0.26082
459.000000 0.26082
460.000000 0.26082
461.000000 0.26083
462.000000 0.26083
463.000000 0.26083
464.000000 0.26083
465.000000 0.26084
466.000000 0.26084
467.000000 0.26084
468.000000 0.26084
469.000000 0.26085
470.000000 0.26085
471.000000 0.26085
472.000000 0.26085
473.000000 0.26086
474.000000 0.26086
475.000000 0.26086
476.000000 0.26086
477.000000 0.26087
478.000000 0.26087
479.000000 0.26087
480.000000 0.26087
481.000000 0.26087
482.000000 0.26088
483.000000 0.26088
484.000000 0.26088
485.000000 0.26088
486.000000 0.26088
487.000000 0.26089
488.000000 0.26089
489.000000 0.26089
490.000000 0.26089
491.000000 0.26089
492.000000 0.2609
493.000000 0.2609
494.000000 0.2609
495.000000 0.2609
496.000000 0.2609
497.000000 0.2609
498.000000 0.2609
499.000000 0.26091
