0.000000 0
1.000000 0
2.000000 2.4259e-05
3.000000 7.1883e-05
4.000000 0.000142
5.000000 0.00023377
6.000000 0.00034638
7.000000 0.00047903
8.000000 0.00063096
9.000000 0.00080141
10.000000 0.00098966
11.000000 0.001195
12.000000 0.0014168
13.000000 0.0016543
14.000000 0.001907
15.000000 0.0021742
16.000000 0.0024553
17.000000 0.0027496
18.000000 0.0030568
19.000000 0.0033761
20.000000 0.0037072
21.000000 0.0040494
22.000000 0.0044022
23.000000 0.0047653
24.000000 0.005138
25.000000 0.00552
26.000000 0.0059109
27.000000 0.0063101
28.000000 0.0067173
29.000000 0.0071321
30.000000 0.0075541
31.000000 0.007983
32.000000 0.0084183
33.000000 0.0088597
34.000000 0.0093068
35.000000 0.0097595
36.000000 0.010217
37.000000 0.01068
38.000000 0.011147
39.000000 0.011618
40.000000 0.012094
41.000000 0.012573
42.000000 0.013055
43.000000 0.013541
44.000000 0.014029
45.000000 0.01452
46.000000 0.015014
47.000000 0.01551
48.000000 0.016008
49.000000 0.016508
50.000000 0.017009
51.000000 0.017512
52.000000 0.018017
53.000000 0.018522
54.000000 0.019028
55.000000 0.019535
56.000000 0.020043
57.000000 0.02055
58.000000 0.021059
59.000000 0.021567
60.000000 0.022076
61.000000 0.022584
62.000000 0.023092
63.000000 0.0236
64.000000 0.024107
65.000000 0.024613
66.000000 0.025119
67.000000 0.025624
68.000000 0.026128
69.000000 0.026631
70.000000 0.027133
71.000000 0.027634
72.000000 0.028134
73.000000 0.028632
74.000000 0.029128
75.000000 0.029623
76.000000 0.030117
77.000000 0.030609
78.000000 0.031099
79.000000 0.031587
80.000000 0.032074
81.000000 0.032558
82.000000 0.033041
83.000000 0.033521
84.000000 0.033999
85.000000 0.034476
86.000000 0.03495
87.000000 0.035422
88.000000 0.035891
89.000000 0.036359
90.000000 0.036824
91.000000 0.037286
92.000000 0.037746
93.000000 0.038204
94.000000 0.038659
95.000000 0.039112
96.000000 0.039562
97.000000 0.04001
98.000000 0.040455
99.000000 0.040898
100.000000 0.041338
101.000000 0.041775
102.000000 0.04221
103.000000 0.042641
104.000000 0.043071
105.000000 0.043497
106.000000 0.043921
107.000000 0.044342
108.000000 0.044761
109.000000 0.045176
110.000000 0.045589
111.000000 0.046
112.000000 0.046407
113.000000 0.046812
114.000000 0.047214
115.000000 0.047613
116.000000 0.048009
117.000000 0.048403
118.000000 0.048793
119.000000 0.049181
120.000000 0.049567
121.000000 0.049949
122.000000 0.050329
123.000000 0.050706
124.000000 0.05108
125.000000 0.051451
126.000000 0.05182
127.000000 0.052186
128.000000 0.052549
129.000000 0.052909
130.000000 0.053267
131.000000 0.053622
132.000000 0.053974
133.000000 0.054324
134.000000 0.054671
135.000000 0.055015
136.000000 0.055356
137.000000 0.055695
138.000000 0.056031
139.000000 0.056364
140.000000 0.056695
141.000000 0.057023
142.000000 0.057349
143.000000 0.057672
144.000000 0.057992
145.000000 0.05831
146.000000 0.058625
147.000000 0.058937
148.000000 0.059247
149.000000 0.059555
150.000000 0.05986
151.000000 0.060162
152.000000 0.060462
153.000000 0.060759
154.000000 0.061054
155.000000 0.061347
156.000000 0.061637
157.000000 0.061925
158.000000 0.06221
159.000000 0.062493
160.000000 0.062773
161.000000 0.063051
162.000000 0.063327
163.000000 0.0636
164.000000 0.063871
165.000000 0.06414
166.000000 0.064406
167.000000 0.06467
168.000000 0.064932
169.000000 0.065192
170.000000 0.065449
171.000000 0.065704
172.000000 0.065957
173.000000 0.066208
174.000000 0.066456
175.000000 0.066703
176.000000 0.066947
177.000000 0.067189
178.000000 0.067429
179.000000 0.067667
180.000000 0.067902
181.000000 0.068136
182.000000 0.068368
183.000000 0.068597
184.000000 0.068825
185.000000 0.06905
186.000000 0.069274
187.000000 0.069495
188.000000 0.069715
189.000000 0.069933
190.000000 0.070148
191.000000 0.070362
192.000000 0.070574
193.000000 0.070784
194.000000 0.070992
195.000000 0.071198
196.000000 0.071402
197.000000 0.071605
198.000000 0.071806
199.000000 0.072005
200.000000 0.072202
201.000000 0.072397
202.000000 0.072591
203.000000 0.072782
204.000000 0.072972
205.000000 0.073161
206.000000 0.073347
207.000000 0.073532
208.000000 0.073716
209.000000 0.073897
210.000000 0.074077
211.000000 0.074256
212.000000 0.074432
213.000000 0.074607
214.000000 0.074781
215.000000 0.074953
216.000000 0.075123
217.000000 0.075292
218.000000 0.075459
219.000000 0.075625
220.000000 0.075789
221.000000 0.075952
222.000000 0.076113
223.000000 0.076272
224.000000 0.076431
225.000000 0.076587
226.000000 0.076743
227.000000 0.076897
228.000000 0.077049
229.000000 0.0772
230.000000 0.07735
231.000000 0.077498
232.000000 0.077645
233.000000 0.077791
234.000000 0.077935
235.000000 0.078078
236.000000 0.078219
237.000000 0.078359
238.000000 0.078498
239.000000 0.078636
240.000000 0.078772
241.000000 0.078908
242.000000 0.079041
243.000000 0.079174
244.000000 0.079305
245.000000 0.079436
246.000000 0.079565
247.000000 0.079692
248.000000 0.079819
249.000000 0.079944
250.000000 0.080068
251.000000 0.080192
252.000000 0.080313
253.000000 0.080434
254.000000 0.080554
255.000000 0.080672
256.000000 0.08079
257.000000 0.080906
258.000000 0.081021
259.000000 0.081136
260.000000 0.081249
261.000000 0.081361
262.000000 0.081472
263.000000 0.081582
264.000000 0.081691
265.000000 0.081798
266.000000 0.081905
267.000000 0.082011
268.000000 0.082116
269.000000 0.08222
270.000000 0.082323
271.000000 0.082425
272.000000 0.082526
273.000000 0.082626
274.000000 0.082725
275.000000 0.082823
276.000000 0.082921
277.000000 0.083017
278.000000 0.083113
279.000000 0.083207
280.000000 0.083301
281.000000 0.083394
282.000000 0.083486
283.000000 0.083577
284.000000 0.083667
285.000000 0.083756
286.000000 0.083845
287.000000 0.083932
288.000000 0.084019
289.000000 0.084105
290.000000 0.08419
291.000000 0.084275
292.000000 0.084358
293.000000 0.084441
294.000000 0.084523
295.000000 0.084605
296.000000 0.084685
297.000000 0.084765
298.000000 0.084844
299.000000 0.084922
300.000000 0.085
301.000000 0.085077
302.000000 0.085153
303.000000 0.085228
304.000000 0.085303
305.000000 0.085377
306.000000 0.08545
307.000000 0.085522
308.000000 0.085594
309.000000 0.085665
310.000000 0.085736
311.000000 0.085806
312.000000 0.085875
313.000000 0.085943
314.000000 0.086011
315.000000 0.086078
316.000000 0.086145
317.000000 0.086211
318.000000 0.086276
319.000000 0.086341
320.000000 0.086405
321.000000 0.086469
322.000000 0.086532
323.000000 0.086594
324.000000 0.086656
325.000000 0.086717
326.000000 0.086777
327.000000 0.086837
328.000000 0.086897
329.000000 0.086956
330.000000 0.087014
331.000000 0.087072
332.000000 0.087129
333.000000 0.087186
334.000000 0.087242
335.000000 0.087297
336.000000 0.087352
337.000000 0.087407
338.000000 0.087461
339.000000 0.087515
340.000000 0.087568
341.000000 0.08762
342.000000 0.087672
343.000000 0.087724
344.000000 0.087775
345.000000 0.087825
346.000000 0.087875
347.000000 0.087925
348.000000 0.087974
349.000000 0.088023
350.000000 0.088071
351.000000 0.088119
352.000000 0.088166
353.000000 0.088213
354.000000 0.088259
355.000000 0.088305
356.000000 0.08835
357.000000 0.088396
358.000000 0.08844
359.000000 0.088484
360.000000 0.088528
361.000000 0.088572
362.000000 0.088615
363.000000 0.088657
364.000000 0.088699
365.000000 0.088741
366.000000 0.088783
367.000000 0.088824
368.000000 0.088864
369.000000 0.088904
370.000000 0.088944
371.000000 0.088984
372.000000 0.089023
373.000000 0.089061
374.000000 0.0891
375.000000 0.089138
376.000000 0.089175
377.000000 0.089213
378.000000 0.08925
379.000000 0.089286
380.000000 0.089322
381.000000 0.089358
382.000000 0.089394
383.000000 0.089429
384.000000 0.089464
385.000000 0.089498
386.000000 0.089532
387.000000 0.089566
388.000000 0.0896
389.000000 0.089633
390.000000 0.089666
391.000000 0.089699
392.000000 0.089731
393.000000 0.089763
394.000000 0.089795
395.000000 0.089826
396.000000 0.089857
397.000000 0.089888
398.000000 0.089918
399.000000 0.089948
400.000000 0.089978
401.000000 0.090008
402.000000 0.090037
403.000000 0.090066
404.000000 0.090095
405.000000 0.090124
406.000000 0.090152
407.000000 0.09018
408.000000 0.090208
409.000000 0.090235
410.000000 0.090262
411.000000 0.090289
412.000000 0.090316
413.000000 0.090342
414.000000 0.090369
415.000000 0.090394
416.000000 0.09042
417.000000 0.090446
418.000000 0.090471
419.000000 0.090496
420.000000 0.09052
421.000000 0.090545
422.000000 0.090569
423.000000 0.090593
424.000000 0.090617
425.000000 0.090641
426.000000 0.090664
427.000000 0.090687
428.000000 0.09071
429.000000 0.090733
430.000000 0.090755
431.000000 0.090777
432.000000 0.090799
433.000000 0.090821
434.000000 0.090843
435.000000 0.090864
436.000000 0.090885
437.000000 0.090906
438.000000 0.090927
439.000000 0.090948
440.000000 0.090968
441.000000 0.090988
442.000000 0.091008
443.000000 0.091028
444.000000 0.091048
445.000000 0.091067
446.000000 0.091087
447.000000 0.091106
448.000000 0.091125
449.000000 0.091143
450.000000 0.091162
451.000000 0.09118
452.000000 0.091199
453.000000 0.091217
454.000000 0.091235
455.000000 0.091252
456.000000 0.09127
457.000000 0.091287
458.000000 0.091304
459.000000 0.091321
460.000000 0.091338
461.000000 0.091355
462.000000 0.091371
463.000000 0.091388
464.000000 0.091404
465.000000 0.09142
466.000000 0.091436
467.000000 0.091452
468.000000 0.091467
469.000000 0.091483
470.000000 0.091498
471.000000 0.091513
472.000000 0.091528
473.000000 0.091543
474.000000 0.091558
475.000000 0.091573
476.000000 0.091587
477.000000 0.091602
478.000000 0.091616
479.000000 0.09163
480.000000 0.091644
481.000000 0.091658
482.000000 0.091671
483.000000 0.091685
484.000000 0.091698
485.000000 0.091711
486.000000 0.091725
487.000000 0.091738
488.000000 0.091751
489.000000 0.091763
490.000000 0.091776
491.000000 0.091789
492.000000 0.091801
493.000000 0.091813
494.000000 0.091825
495.000000 0.091838
496.000000 0.09185
497.000000 0.091861
498.000000 0.091873
499.000000 0.091885
