0.000000 0
1.000000 0
2.000000 0
3.000000 0
4.000000 0
5.000000 0
6.000000 0
7.000000 0
8.000000 37.43
9.000000 37.43
10.000000 37.43
11.000000 37.43
12.000000 37.43
13.000000 37.43
14.000000 37.43
15.000000 37.43
16.000000 37.43
17.000000 37.43
18.000000 37.43
19.000000 37.5
20.000000 37.5
21.000000 37.5
22.000000 37.5
23.000000 37.5
24.000000 37.5
25.000000 37.43
26.000000 37.43
27.000000 37.43
28.000000 37.43
29.000000 37.37
30.000000 37.37
31.000000 37.31
32.000000 37.25
33.000000 37.18
34.000000 37.18
35.000000 37.12
36.000000 37.06
37.000000 37
38.000000 36.93
39.000000 36.81
40.000000 36.75
41.000000 36.68
42.000000 36.56
43.000000 36.5
44.000000 36.37
45.000000 36.31
46.000000 36.18
47.000000 36.12
48.000000 36.06
49.000000 35.93
50.000000 35.87
51.000000 35.75
52.000000 35.68
53.000000 35.62
54.000000 35.56
55.000000 35.43
56.000000 35.37
57.000000 35.31
58.000000 35.25
59.000000 35.18
60.000000 35.12
61.000000 35.06
62.000000 35
63.000000 34.93
64.000000 34.87
65.000000 34.81
66.000000 34.75
67.000000 34.75
68.000000 34.68
69.000000 34.68
70.000000 34.68
71.000000 34.62
72.000000 34.62
73.000000 34.62
74.000000 34.62
75.000000 34.56
76.000000 34.56
77.000000 34.62
78.000000 34.62
79.000000 34.62
80.000000 34.62
81.000000 34.68
82.000000 34.68
83.000000 34.68
84.000000 34.75
85.000000 34.81
86.000000 34.81
87.000000 34.87
88.000000 34.93
89.000000 35
90.000000 35.06
91.000000 35.06
92.000000 35.12
93.000000 35.18
94.000000 35.25
95.000000 35.31
96.000000 35.37
97.000000 35.43
98.000000 35.5
99.000000 35.56
100.000000 35.68
101.000000 35.75
102.000000 35.81
103.000000 35.87
104.000000 35.93
105.000000 36
106.000000 36.06
107.000000 36.12
108.000000 36.18
109.000000 36.25
110.000000 36.31
111.000000 36.37
112.000000 36.37
113.000000 36.43
114.000000 36.5
115.000000 36.56
116.000000 36.62
117.000000 36.62
118.000000 36.68
119.000000 36.68
120.000000 36.75
121.000000 36.81
122.000000 36.81
123.000000 36.87
124.000000 36.87
125.000000 36.93
126.000000 36.93
127.000000 36.93
128.000000 37
129.000000 37
130.000000 37
131.000000 37.06
132.000000 37.06
133.000000 37.06
134.000000 37.06
135.000000 37.12
136.000000 37.12
137.000000 37.12
138.000000 37.12
139.000000 37.12
140.000000 37.12
141.000000 37.12
142.000000 37.12
143.000000 37.12
144.000000 37.12
145.000000 37.12
146.000000 37.12
147.000000 37.12
148.000000 37.12
149.000000 37.12
150.000000 37.12
151.000000 37.12
152.000000 37.12
153.000000 37.12
154.000000 37.12
155.000000 37.12
156.000000 37.12
157.000000 37.12
158.000000 37.12
159.000000 37.06
160.000000 37.06
161.000000 37.06
162.000000 37.06
163.000000 37.06
164.000000 37.06
165.000000 37.06
166.000000 37.06
167.000000 37.06
168.000000 37.06
169.000000 37.06
170.000000 37.12
171.000000 37.12
172.000000 37.12
173.000000 37.12
174.000000 37.12
175.000000 37.12
176.000000 37.12
177.000000 37.18
178.000000 37.18
179.000000 37.18
180.000000 37.18
181.000000 37.25
182.000000 37.25
183.000000 37.25
184.000000 37.25
185.000000 37.31
186.000000 37.31
187.000000 37.31
188.000000 37.31
189.000000 37.31
190.000000 37.37
191.000000 37.37
192.000000 37.37
193.000000 37.37
194.000000 37.43
195.000000 37.43
196.000000 37.43
197.000000 37.43
198.000000 37.5
199.000000 37.5
200.000000 37.5
201.000000 37.56
202.000000 37.56
203.000000 37.56
204.000000 37.56
205.000000 37.56
206.000000 37.62
207.000000 37.62
208.000000 37.62
209.000000 37.62
210.000000 37.62
211.000000 37.68
212.000000 37.68
213.000000 37.68
214.000000 37.75
215.000000 37.81
216.000000 37.81
217.000000 37.87
218.000000 37.93
219.000000 38
220.000000 38
221.000000 38.12
222.000000 38.18
223.000000 38.25
224.000000 38.31
225.000000 38.43
226.000000 38.5
227.000000 38.56
228.000000 38.68
229.000000 38.81
230.000000 38.87
231.000000 39
232.000000 39.06
233.000000 39.18
234.000000 39.25
235.000000 39.37
236.000000 39.5
237.000000 39.62
238.000000 39.68
239.000000 39.81
240.000000 39.87
241.000000 40
242.000000 40.12
243.000000 40.18
244.000000 40.31
245.000000 40.37
246.000000 40.43
247.000000 40.56
248.000000 40.62
249.000000 40.68
250.000000 40.75
251.000000 40.87
252.000000 40.87
253.000000 40.93
254.000000 41
255.000000 41.06
256.000000 41.12
257.000000 41.18
258.000000 41.25
259.000000 41.25
260.000000 41.31
261.000000 41.37
262.000000 41.37
263.000000 41.43
264.000000 41.43
265.000000 41.43
266.000000 41.43
267.000000 41.43
268.000000 41.5
269.000000 41.5
270.000000 41.5
271.000000 41.5
272.000000 41.5
273.000000 41.5
274.000000 41.5
275.000000 41.5
276.000000 41.5
277.000000 41.5
278.000000 41.43
279.000000 41.43
280.000000 41.43
281.000000 41.37
282.000000 41.37
283.000000 41.37
284.000000 41.31
285.000000 41.31
286.000000 41.25
287.000000 41.25
288.000000 41.25
289.000000 41.18
290.000000 41.18
291.000000 41.12
292.000000 41.12
293.000000 41.06
294.000000 41.06
295.000000 41
296.000000 41
297.000000 41
298.000000 40.93
299.000000 40.93
300.000000 40.87
301.000000 40.87
302.000000 40.87
303.000000 40.81
304.000000 40.81
305.000000 40.81
306.000000 40.75
307.000000 40.75
308.000000 40.75
309.000000 40.68
310.000000 40.68
311.000000 40.68
312.000000 40.62
313.000000 40.62
314.000000 40.62
315.000000 40.62
316.000000 40.62
317.000000 40.62
318.000000 40.62
319.000000 40.62
320.000000 40.68
321.000000 40.68
322.000000 40.68
323.000000 40.68
324.000000 40.68
325.000000 40.68
326.000000 40.68
327.000000 40.68
328.000000 40.68
329.000000 40.68
330.000000 40.68
331.000000 40.68
332.000000 40.68
333.000000 40.68
334.000000 40.68
335.000000 40.68
336.000000 40.68
337.000000 40.68
338.000000 40.75
339.000000 40.68
340.000000 40.75
341.000000 40.75
342.000000 40.75
343.000000 40.75
344.000000 40.81
345.000000 40.81
346.000000 40.81
347.000000 40.81
348.000000 40.81
349.000000 40.81
350.000000 40.87
351.000000 40.87
352.000000 40.87
353.000000 40.87
354.000000 40.87
355.000000 40.93
356.000000 40.93
357.000000 40.93
358.000000 41
359.000000 41
360.000000 41
361.000000 41
362.000000 41
363.000000 41
364.000000 41
365.000000 41
366.000000 41.06
367.000000 41.06
368.000000 41.06
369.000000 41.06
370.000000 41.12
371.000000 41.12
372.000000 41.12
373.000000 41.12
374.000000 41.12
375.000000 41.12
376.000000 41.12
377.000000 41.12
378.000000 41.12
379.000000 41.12
380.000000 41.12
381.000000 41.12
382.000000 41.12
383.000000 41.12
384.000000 41.12
385.000000 41.12
386.000000 41.12
387.000000 41.12
388.000000 41.06
389.000000 41.06
390.000000 41.06
391.000000 41.06
392.000000 41.06
393.000000 41.06
394.000000 41.06
395.000000 41.06
396.000000 41
397.000000 41
398.000000 41
399.000000 41
400.000000 41
401.000000 41
402.000000 41
403.000000 41
404.000000 41
405.000000 41
406.000000 41
407.000000 41
408.000000 40.93
409.000000 40.93
410.000000 40.93
411.000000 40.93
412.000000 40.93
413.000000 40.93
414.000000 40.93
415.000000 40.93
416.000000 40.93
417.000000 40.93
418.000000 40.93
419.000000 40.93
420.000000 40.93
421.000000 40.93
422.000000 40.93
423.000000 40.93
424.000000 40.93
425.000000 40.87
426.000000 40.93
427.000000 40.93
428.000000 40.93
429.000000 40.93
430.000000 40.93
431.000000 40.93
432.000000 40.93
433.000000 40.93
434.000000 40.87
435.000000 40.87
436.000000 40.87
437.000000 40.87
438.000000 40.87
439.000000 40.87
440.000000 40.87
441.000000 40.87
442.000000 40.87
443.000000 40.87
444.000000 40.87
445.000000 40.87
446.000000 40.87
447.000000 40.87
448.000000 40.87
449.000000 40.87
450.000000 40.93
451.000000 40.93
452.000000 40.93
453.000000 40.87
454.000000 40.93
455.000000 40.93
456.000000 40.93
457.000000 40.93
458.000000 40.93
459.000000 40.93
460.000000 40.93
461.000000 40.93
462.000000 40.93
463.000000 40.93
464.000000 41
465.000000 41
466.000000 41
467.000000 41
468.000000 41
469.000000 41
470.000000 41.06
471.000000 41
472.000000 41.06
473.000000 41.06
474.000000 41.06
475.000000 41.06
476.000000 41.06
477.000000 41.06
478.000000 41.06
479.000000 41.06
480.000000 41.06
481.000000 41.06
482.000000 41.06
483.000000 41.12
484.000000 41.06
485.000000 41.06
486.000000 41.12
487.000000 41.12
488.000000 41.12
489.000000 41.06
490.000000 41.12
491.000000 41.12
492.000000 41.12
493.000000 41.12
494.000000 41.06
495.000000 41.06
496.000000 41.06
497.000000 41.06
498.000000 41.06
499.000000 41.06
500.000000 0
501.000000 0
502.000000 0
503.000000 0
504.000000 0
505.000000 0
506.000000 0
507.000000 0
508.000000 0
509.000000 0
510.000000 0
511.000000 0
512.000000 0
513.000000 0
514.000000 0
515.000000 0
516.000000 0
517.000000 0
518.000000 0
519.000000 0
520.000000 0
521.000000 0
522.000000 0
523.000000 0
524.000000 0
525.000000 0
526.000000 0
527.000000 0
528.000000 0
529.000000 0
530.000000 0
531.000000 0
532.000000 0
533.000000 0
534.000000 0
535.000000 0
536.000000 0
537.000000 0
538.000000 0
539.000000 0
540.000000 0
541.000000 0
542.000000 0
543.000000 0
544.000000 0
545.000000 0
546.000000 0
547.000000 0
548.000000 0
549.000000 0
550.000000 0
551.000000 0
552.000000 0
553.000000 0
554.000000 0
555.000000 0
556.000000 0
557.000000 0
558.000000 0
559.000000 0
560.000000 0
561.000000 0
562.000000 0
563.000000 0
564.000000 0
565.000000 0
566.000000 0
567.000000 0
568.000000 0
569.000000 0
570.000000 0
571.000000 0
572.000000 0
573.000000 0
574.000000 0
575.000000 0
576.000000 0
577.000000 0
578.000000 0
579.000000 0
580.000000 0
581.000000 0
582.000000 0
583.000000 0
584.000000 0
585.000000 0
586.000000 0
587.000000 0
588.000000 0
589.000000 0
590.000000 0
591.000000 0
592.000000 0
593.000000 0
594.000000 0
595.000000 0
596.000000 0
597.000000 0
598.000000 0
599.000000 0
600.000000 0
601.000000 0
602.000000 0
603.000000 0
604.000000 0
605.000000 0
606.000000 0
607.000000 0
608.000000 0
609.000000 0
610.000000 0
611.000000 0
612.000000 0
613.000000 0
614.000000 0
615.000000 0
616.000000 0
617.000000 0
618.000000 0
619.000000 0
620.000000 0
621.000000 0
622.000000 0
623.000000 0
624.000000 0
625.000000 0
626.000000 0
627.000000 0
628.000000 0
629.000000 0
630.000000 0
631.000000 0
632.000000 0
633.000000 0
634.000000 0
635.000000 0
636.000000 0
637.000000 0
638.000000 0
639.000000 0
640.000000 0
641.000000 0
642.000000 0
643.000000 0
644.000000 0
645.000000 0
646.000000 0
647.000000 0
648.000000 0
649.000000 0
650.000000 0
651.000000 0
652.000000 0
653.000000 0
654.000000 0
655.000000 0
656.000000 0
657.000000 0
658.000000 0
659.000000 0
660.000000 0
661.000000 0
662.000000 0
663.000000 0
664.000000 0
665.000000 0
666.000000 0
667.000000 0
668.000000 0
669.000000 0
670.000000 0
671.000000 0
672.000000 0
673.000000 0
674.000000 0
675.000000 0
676.000000 0
677.000000 0
678.000000 0
679.000000 0
680.000000 0
681.000000 0
682.000000 0
683.000000 0
684.000000 0
685.000000 0
686.000000 0
687.000000 0
688.000000 0
689.000000 0
690.000000 0
691.000000 0
692.000000 0
693.000000 0
694.000000 0
695.000000 0
696.000000 0
697.000000 0
698.000000 0
699.000000 0
700.000000 0
701.000000 0
702.000000 0
703.000000 0
704.000000 0
705.000000 0
706.000000 0
707.000000 0
708.000000 0
709.000000 0
710.000000 0
711.000000 0
712.000000 0
713.000000 0
714.000000 0
715.000000 0
716.000000 0
717.000000 0
718.000000 0
719.000000 0
720.000000 0
721.000000 0
722.000000 0
723.000000 0
724.000000 0
725.000000 0
726.000000 0
727.000000 0
728.000000 0
729.000000 0
730.000000 0
731.000000 0
732.000000 0
733.000000 0
734.000000 0
735.000000 0
736.000000 0
737.000000 0
738.000000 0
739.000000 0
740.000000 0
741.000000 0
742.000000 0
743.000000 0
744.000000 0
745.000000 0
746.000000 0
747.000000 0
748.000000 0
749.000000 0
750.000000 0
751.000000 0
752.000000 0
753.000000 0
754.000000 0
755.000000 0
756.000000 0
757.000000 0
758.000000 0
759.000000 0
760.000000 0
761.000000 0
762.000000 0
763.000000 0
764.000000 0
765.000000 0
766.000000 0
767.000000 0
768.000000 0
769.000000 0
770.000000 0
771.000000 0
772.000000 0
773.000000 0
774.000000 0
775.000000 0
776.000000 0
777.000000 0
778.000000 0
779.000000 0
780.000000 0
781.000000 0
782.000000 0
783.000000 0
784.000000 0
785.000000 0
786.000000 0
787.000000 0
788.000000 0
789.000000 0
790.000000 0
791.000000 0
792.000000 0
793.000000 0
794.000000 0
795.000000 0
796.000000 0
797.000000 0
798.000000 0
799.000000 0
800.000000 0
801.000000 0
802.000000 0
803.000000 0
804.000000 0
805.000000 0
806.000000 0
807.000000 0
808.000000 0
809.000000 0
810.000000 0
811.000000 0
812.000000 0
813.000000 0
814.000000 0
815.000000 0
816.000000 0
817.000000 0
818.000000 0
819.000000 0
820.000000 0
821.000000 0
822.000000 0
823.000000 0
824.000000 0
825.000000 0
826.000000 0
827.000000 0
828.000000 0
829.000000 0
830.000000 0
831.000000 0
832.000000 0
833.000000 0
834.000000 0
835.000000 0
836.000000 0
837.000000 0
838.000000 0
839.000000 0
840.000000 0
841.000000 0
842.000000 0
843.000000 0
844.000000 0
845.000000 0
846.000000 0
847.000000 0
848.000000 0
849.000000 0
850.000000 0
851.000000 0
852.000000 0
853.000000 0
854.000000 0
855.000000 0
856.000000 0
857.000000 0
858.000000 0
859.000000 0
860.000000 0
861.000000 0
862.000000 0
863.000000 0
864.000000 0
865.000000 0
866.000000 0
867.000000 0
868.000000 0
869.000000 0
870.000000 0
871.000000 0
872.000000 0
873.000000 0
874.000000 0
875.000000 0
876.000000 0
877.000000 0
878.000000 0
879.000000 0
880.000000 0
881.000000 0
882.000000 0
883.000000 0
884.000000 0
885.000000 0
886.000000 0
887.000000 0
888.000000 0
889.000000 0
890.000000 0
891.000000 0
892.000000 0
893.000000 0
894.000000 0
895.000000 0
896.000000 0
897.000000 0
898.000000 0
899.000000 0
900.000000 0
901.000000 0
902.000000 0
903.000000 0
904.000000 0
905.000000 0
906.000000 0
907.000000 0
908.000000 0
909.000000 0
910.000000 0
911.000000 0
912.000000 0
913.000000 0
914.000000 0
915.000000 0
916.000000 0
917.000000 0
918.000000 0
919.000000 0
920.000000 0
921.000000 0
922.000000 0
923.000000 0
924.000000 0
925.000000 0
926.000000 0
927.000000 0
928.000000 0
929.000000 0
930.000000 0
931.000000 0
932.000000 0
933.000000 0
934.000000 0
935.000000 0
936.000000 0
937.000000 0
938.000000 0
939.000000 0
940.000000 0
941.000000 0
942.000000 0
943.000000 0
944.000000 0
945.000000 0
946.000000 0
947.000000 0
948.000000 0
949.000000 0
950.000000 0
951.000000 0
952.000000 0
953.000000 0
954.000000 0
955.000000 0
956.000000 0
957.000000 0
958.000000 0
959.000000 0
960.000000 0
961.000000 0
962.000000 0
963.000000 0
964.000000 0
965.000000 0
966.000000 0
967.000000 0
968.000000 0
969.000000 0
970.000000 0
971.000000 0
972.000000 0
973.000000 0
974.000000 0
975.000000 0
976.000000 0
977.000000 0
978.000000 0
979.000000 0
980.000000 0
981.000000 0
982.000000 0
983.000000 0
984.000000 0
985.000000 0
986.000000 0
987.000000 0
988.000000 0
989.000000 0
990.000000 0
991.000000 0
992.000000 0
993.000000 0
994.000000 0
995.000000 0
996.000000 0
997.000000 0
998.000000 0
999.000000 0
