0.000000 0
1.000000 0
2.000000 0
3.000000 0
4.000000 0
5.000000 0
6.000000 0
7.000000 0
8.000000 0
9.000000 0
10.000000 0
11.000000 0
12.000000 0.003
13.000000 0.003
14.000000 0.006
15.000000 0.0095
16.000000 0.0095
17.000000 0.0125
18.000000 0.0155
19.000000 0.0185
20.000000 0.022
21.000000 0.022
22.000000 0.025
23.000000 0.028
24.000000 0.031
25.000000 0.0345
26.000000 0.0375
27.000000 0.0405
28.000000 0.0435
29.000000 0.047
30.000000 0.047
31.000000 0.05
32.000000 0.053
33.000000 0.056
34.000000 0.0595
35.000000 0.0625
36.000000 0.0655
37.000000 0.0685
38.000000 0.072
39.000000 0.075
40.000000 0.078
41.000000 0.081
42.000000 0.0845
43.000000 0.0875
44.000000 0.0905
45.000000 0.0935
46.000000 0.0935
47.000000 0.097
48.000000 0.1
49.000000 0.103
50.000000 0.103
51.000000 0.106
52.000000 0.1095
53.000000 0.1125
54.000000 0.1155
55.000000 0.1185
56.000000 0.122
57.000000 0.125
58.000000 0.125
59.000000 0.128
60.000000 0.131
61.000000 0.1345
62.000000 0.1345
63.000000 0.1375
64.000000 0.1435
65.000000 0.1435
66.000000 0.147
67.000000 0.15
68.000000 0.153
69.000000 0.153
70.000000 0.156
71.000000 0.156
72.000000 0.1595
73.000000 0.1595
74.000000 0.1625
75.000000 0.1625
76.000000 0.1655
77.000000 0.1655
78.000000 0.1655
79.000000 0.1685
80.000000 0.1685
81.000000 0.172
82.000000 0.172
83.000000 0.172
84.000000 0.172
85.000000 0.175
86.000000 0.175
87.000000 0.175
88.000000 0.178
89.000000 0.178
90.000000 0.181
91.000000 0.181
92.000000 0.1845
93.000000 0.1845
94.000000 0.1875
95.000000 0.1875
96.000000 0.1875
97.000000 0.1905
98.000000 0.1905
99.000000 0.1905
100.000000 0.1905
101.000000 0.1935
102.000000 0.1935
103.000000 0.1935
104.000000 0.197
105.000000 0.197
106.000000 0.197
107.000000 0.2
108.000000 0.2
109.000000 0.2
110.000000 0.2
111.000000 0.2
112.000000 0.203
113.000000 0.203
114.000000 0.203
115.000000 0.206
116.000000 0.206
117.000000 0.2095
118.000000 0.2095
119.000000 0.2095
120.000000 0.2095
121.000000 0.2095
122.000000 0.2125
123.000000 0.2125
124.000000 0.2125
125.000000 0.2155
126.000000 0.2155
127.000000 0.2155
128.000000 0.2155
129.000000 0.2155
130.000000 0.2185
131.000000 0.2185
132.000000 0.222
133.000000 0.222
134.000000 0.222
135.000000 0.222
136.000000 0.222
137.000000 0.222
138.000000 0.225
139.000000 0.225
140.000000 0.225
141.000000 0.225
142.000000 0.225
143.000000 0.225
144.000000 0.225
145.000000 0.225
146.000000 0.225
147.000000 0.225
148.000000 0.225
149.000000 0.225
150.000000 0.225
151.000000 0.225
152.000000 0.225
153.000000 0.225
154.000000 0.228
155.000000 0.228
156.000000 0.231
157.000000 0.231
158.000000 0.231
159.000000 0.231
160.000000 0.231
161.000000 0.231
162.000000 0.231
163.000000 0.231
164.000000 0.231
165.000000 0.231
166.000000 0.231
167.000000 0.231
168.000000 0.231
169.000000 0.2345
170.000000 0.2345
171.000000 0.2345
172.000000 0.2345
173.000000 0.2345
174.000000 0.2345
175.000000 0.2345
176.000000 0.2345
177.000000 0.2345
178.000000 0.2375
179.000000 0.2375
180.000000 0.2375
181.000000 0.2375
182.000000 0.2375
183.000000 0.2405
184.000000 0.2405
185.000000 0.2405
186.000000 0.2435
187.000000 0.2435
188.000000 0.2435
189.000000 0.2435
190.000000 0.2435
191.000000 0.2435
192.000000 0.2435
193.000000 0.2435
194.000000 0.2435
195.000000 0.2435
196.000000 0.2435
197.000000 0.2405
198.000000 0.2405
199.000000 0.2405
200.000000 0.2405
201.000000 0.2405
202.000000 0.2405
203.000000 0.2435
204.000000 0.2435
205.000000 0.2435
206.000000 0.2435
207.000000 0.247
208.000000 0.247
209.000000 0.247
210.000000 0.247
211.000000 0.247
212.000000 0.247
213.000000 0.247
214.000000 0.247
215.000000 0.247
216.000000 0.247
217.000000 0.247
218.000000 0.247
219.000000 0.247
220.000000 0.247
221.000000 0.247
222.000000 0.247
223.000000 0.247
224.000000 0.247
225.000000 0.247
226.000000 0.247
227.000000 0.247
228.000000 0.247
229.000000 0.25
230.000000 0.25
231.000000 0.25
232.000000 0.25
233.000000 0.25
234.000000 0.25
235.000000 0.25
236.000000 0.25
237.000000 0.25
238.000000 0.25
239.000000 0.25
240.000000 0.25
241.000000 0.253
242.000000 0.253
243.000000 0.253
244.000000 0.256
245.000000 0.256
246.000000 0.256
247.000000 0.256
248.000000 0.256
249.000000 0.2595
250.000000 0.2595
251.000000 0.2595
252.000000 0.2595
253.000000 0.2625
254.000000 0.2625
255.000000 0.2625
256.000000 0.2655
257.000000 0.2655
258.000000 0.2625
259.000000 0.2625
260.000000 0.2625
261.000000 0.2625
262.000000 0.2625
263.000000 0.2625
264.000000 0.2625
265.000000 0.2655
266.000000 0.2655
267.000000 0.2655
268.000000 0.2655
269.000000 0.2655
270.000000 0.2655
271.000000 0.2625
272.000000 0.2625
273.000000 0.2625
274.000000 0.2625
275.000000 0.2625
276.000000 0.2625
277.000000 0.2625
278.000000 0.2625
279.000000 0.2625
280.000000 0.2625
281.000000 0.2625
282.000000 0.2625
283.000000 0.2625
284.000000 0.2625
285.000000 0.2625
286.000000 0.2625
287.000000 0.2625
288.000000 0.2625
289.000000 0.2625
290.000000 0.2625
291.000000 0.2625
292.000000 0.2625
293.000000 0.2595
294.000000 0.2595
295.000000 0.2595
296.000000 0.2595
297.000000 0.2595
298.000000 0.2595
299.000000 0.2595
300.000000 0.2625
301.000000 0.2625
302.000000 0.2595
303.000000 0.2595
304.000000 0.2595
305.000000 0.2625
306.000000 0.2625
307.000000 0.2625
308.000000 0.2625
309.000000 0.2625
310.000000 0.2625
311.000000 0.2625
312.000000 0.2625
313.000000 0.2625
314.000000 0.2625
315.000000 0.2625
316.000000 0.2595
317.000000 0.2595
318.000000 0.2625
319.000000 0.2595
320.000000 0.2595
321.000000 0.2595
322.000000 0.2595
323.000000 0.256
324.000000 0.2595
325.000000 0.256
326.000000 0.2595
327.000000 0.2595
328.000000 0.2595
329.000000 0.2595
330.000000 0.2595
331.000000 0.2595
332.000000 0.2595
333.000000 0.2595
334.000000 0.2595
335.000000 0.2595
336.000000 0.2595
337.000000 0.2595
338.000000 0.2595
339.000000 0.2595
340.000000 0.2595
341.000000 0.2625
342.000000 0.2625
343.000000 0.2625
344.000000 0.2625
345.000000 0.2625
346.000000 0.2595
347.000000 0.2595
348.000000 0.2595
349.000000 0.2595
