0.000000 0
1.000000 0
2.000000 0
3.000000 0
4.000000 -0.003
5.000000 -0.003
6.000000 -0.003
7.000000 -0.003
8.000000 -0.003
9.000000 -0.003
10.000000 -0.003
11.000000 -0.003
12.000000 -0.003
13.000000 -0.003
14.000000 -0.003
15.000000 0
16.000000 0
17.000000 0
18.000000 0
19.000000 0
20.000000 0
21.000000 0
22.000000 0
23.000000 0
24.000000 0
25.000000 0
26.000000 0
27.000000 0
28.000000 0
29.000000 0
30.000000 0
31.000000 0
32.000000 0
33.000000 0
34.000000 0
35.000000 0
36.000000 0
37.000000 0
38.000000 0
39.000000 0
40.000000 0.003
41.000000 0.003
42.000000 0.003
43.000000 0.003
44.000000 0.003
45.000000 0.003
46.000000 0.003
47.000000 0.003
48.000000 0.0065
49.000000 0.0065
50.000000 0.0065
51.000000 0.0065
52.000000 0.0065
53.000000 0.0065
54.000000 0.0095
55.000000 0.0095
56.000000 0.0095
57.000000 0.0095
58.000000 0.0125
59.000000 0.0125
60.000000 0.0125
61.000000 0.0125
62.000000 0.0155
63.000000 0.0155
64.000000 0.0155
65.000000 0.0155
66.000000 0.0155
67.000000 0.0155
68.000000 0.019
69.000000 0.019
70.000000 0.019
71.000000 0.022
72.000000 0.022
73.000000 0.022
74.000000 0.025
75.000000 0.025
76.000000 0.025
77.000000 0.025
78.000000 0.025
79.000000 0.025
80.000000 0.028
81.000000 0.028
82.000000 0.028
83.000000 0.028
84.000000 0.028
85.000000 0.0315
86.000000 0.0315
87.000000 0.0315
88.000000 0.0315
89.000000 0.0315
90.000000 0.0345
91.000000 0.0345
92.000000 0.0345
93.000000 0.0345
94.000000 0.0345
95.000000 0.0375
96.000000 0.0375
97.000000 0.0375
98.000000 0.0375
99.000000 0.0375
100.000000 0.0405
101.000000 0.0405
102.000000 0.0405
103.000000 0.0405
104.000000 0.0405
105.000000 0.044
106.000000 0.0405
107.000000 0.044
108.000000 0.044
109.000000 0.044
110.000000 0.044
111.000000 0.044
112.000000 0.044
113.000000 0.047
114.000000 0.047
115.000000 0.047
116.000000 0.047
117.000000 0.047
118.000000 0.05
119.000000 0.05
120.000000 0.05
121.000000 0.05
122.000000 0.053
123.000000 0.053
124.000000 0.053
125.000000 0.0565
126.000000 0.0565
127.000000 0.0565
128.000000 0.0565
129.000000 0.0565
130.000000 0.0595
131.000000 0.0595
132.000000 0.0595
133.000000 0.0595
134.000000 0.0625
135.000000 0.0625
136.000000 0.0625
137.000000 0.0655
138.000000 0.0655
139.000000 0.0655
140.000000 0.069
141.000000 0.069
142.000000 0.069
143.000000 0.069
144.000000 0.069
145.000000 0.069
146.000000 0.069
147.000000 0.069
148.000000 0.069
149.000000 0.069
150.000000 0.069
151.000000 0.0655
152.000000 0.0655
153.000000 0.0655
154.000000 0.0655
155.000000 0.0655
156.000000 0.0655
157.000000 0.0655
158.000000 0.0655
159.000000 0.069
160.000000 0.0655
161.000000 0.0655
162.000000 0.0655
163.000000 0.069
164.000000 0.0655
165.000000 0.0655
166.000000 0.069
167.000000 0.069
168.000000 0.069
169.000000 0.069
170.000000 0.069
171.000000 0.069
172.000000 0.0655
173.000000 0.069
174.000000 0.069
175.000000 0.069
176.000000 0.069
177.000000 0.069
178.000000 0.069
179.000000 0.069
180.000000 0.069
181.000000 0.069
182.000000 0.069
183.000000 0.069
184.000000 0.069
185.000000 0.069
186.000000 0.069
187.000000 0.072
188.000000 0.072
189.000000 0.072
190.000000 0.072
191.000000 0.072
192.000000 0.072
193.000000 0.072
194.000000 0.072
195.000000 0.072
196.000000 0.072
197.000000 0.072
198.000000 0.072
199.000000 0.072
200.000000 0.072
201.000000 0.072
202.000000 0.072
203.000000 0.072
204.000000 0.075
205.000000 0.072
206.000000 0.072
207.000000 0.072
208.000000 0.075
209.000000 0.075
210.000000 0.072
211.000000 0.072
212.000000 0.072
213.000000 0.072
214.000000 0.075
215.000000 0.075
216.000000 0.075
217.000000 0.075
218.000000 0.075
219.000000 0.075
220.000000 0.075
221.000000 0.075
222.000000 0.078
223.000000 0.075
224.000000 0.075
225.000000 0.078
226.000000 0.075
227.000000 0.078
228.000000 0.078
229.000000 0.075
230.000000 0.075
231.000000 0.075
232.000000 0.078
233.000000 0.078
234.000000 0.078
235.000000 0.078
236.000000 0.078
237.000000 0.078
238.000000 0.078
239.000000 0.078
240.000000 0.078
241.000000 0.078
242.000000 0.078
243.000000 0.078
244.000000 0.078
245.000000 0.078
246.000000 0.078
247.000000 0.078
248.000000 0.078
249.000000 0.078
250.000000 0.078
251.000000 0.078
252.000000 0.0815
253.000000 0.078
254.000000 0.078
255.000000 0.078
256.000000 0.0815
257.000000 0.0815
258.000000 0.0815
259.000000 0.0815
260.000000 0.0815
261.000000 0.0815
262.000000 0.0815
263.000000 0.0815
264.000000 0.0845
265.000000 0.0845
266.000000 0.0845
267.000000 0.0845
268.000000 0.0845
269.000000 0.0845
270.000000 0.0845
271.000000 0.0845
272.000000 0.0845
273.000000 0.0845
274.000000 0.0845
275.000000 0.0845
276.000000 0.0845
277.000000 0.0845
278.000000 0.0845
279.000000 0.0845
280.000000 0.0845
281.000000 0.0845
282.000000 0.0875
283.000000 0.0875
284.000000 0.0875
285.000000 0.0845
286.000000 0.0845
287.000000 0.0845
288.000000 0.0875
289.000000 0.0875
290.000000 0.0875
291.000000 0.0845
292.000000 0.0845
293.000000 0.0845
294.000000 0.0845
295.000000 0.0845
296.000000 0.0845
297.000000 0.0845
298.000000 0.0845
299.000000 0.0845
300.000000 0.0845
301.000000 0.0845
302.000000 0.0845
303.000000 0.0845
304.000000 0.0845
305.000000 0.0845
306.000000 0.0845
307.000000 0.0845
308.000000 0.0845
309.000000 0.0875
310.000000 0.0875
311.000000 0.0875
312.000000 0.0845
313.000000 0.0845
314.000000 0.0845
315.000000 0.0845
316.000000 0.0845
317.000000 0.0845
318.000000 0.0845
319.000000 0.0845
320.000000 0.0845
321.000000 0.0845
322.000000 0.0845
323.000000 0.0845
324.000000 0.0815
325.000000 0.0815
326.000000 0.0815
327.000000 0.0815
328.000000 0.0815
329.000000 0.0815
330.000000 0.0815
331.000000 0.0815
332.000000 0.0815
333.000000 0.0815
334.000000 0.0815
335.000000 0.0815
336.000000 0.0815
337.000000 0.0815
338.000000 0.0815
339.000000 0.0815
340.000000 0.0815
341.000000 0.0815
342.000000 0.0815
343.000000 0.0815
344.000000 0.0815
345.000000 0.0815
346.000000 0.0815
347.000000 0.0845
348.000000 0.0845
349.000000 0.0845
