0.000000 0
1.000000 0
2.000000 0.003
3.000000 0.003
4.000000 0.003
5.000000 0.003
6.000000 0.003
7.000000 0.003
8.000000 0.003
9.000000 0.003
10.000000 0.003
11.000000 0.003
12.000000 0.003
13.000000 0.0065
14.000000 0.0065
15.000000 0.0065
16.000000 0.0065
17.000000 0.0065
18.000000 0.0065
19.000000 0.0065
20.000000 0.0065
21.000000 0.0065
22.000000 0.0065
23.000000 0.0065
24.000000 0.0065
25.000000 0.0065
26.000000 0.0065
27.000000 0.0065
28.000000 0.0065
29.000000 0.0065
30.000000 0.0065
31.000000 0.0065
32.000000 0.0065
33.000000 0.0065
34.000000 0.0095
35.000000 0.0095
36.000000 0.0095
37.000000 0.0095
38.000000 0.0095
39.000000 0.0095
40.000000 0.0095
41.000000 0.0095
42.000000 0.0125
43.000000 0.0125
44.000000 0.0125
45.000000 0.0125
46.000000 0.0125
47.000000 0.0125
48.000000 0.0125
49.000000 0.0125
50.000000 0.0125
51.000000 0.0125
52.000000 0.0155
53.000000 0.0155
54.000000 0.0155
55.000000 0.0155
56.000000 0.0155
57.000000 0.0155
58.000000 0.0155
59.000000 0.019
60.000000 0.019
61.000000 0.019
62.000000 0.019
63.000000 0.019
64.000000 0.022
65.000000 0.022
66.000000 0.022
67.000000 0.022
68.000000 0.025
69.000000 0.025
70.000000 0.025
71.000000 0.025
72.000000 0.025
73.000000 0.028
74.000000 0.028
75.000000 0.028
76.000000 0.028
77.000000 0.028
78.000000 0.028
79.000000 0.028
80.000000 0.0315
81.000000 0.0315
82.000000 0.0315
83.000000 0.0315
84.000000 0.0315
85.000000 0.0315
86.000000 0.0315
87.000000 0.0315
88.000000 0.0315
89.000000 0.0345
90.000000 0.0345
91.000000 0.0345
92.000000 0.0375
93.000000 0.0375
94.000000 0.0375
95.000000 0.0375
96.000000 0.0405
97.000000 0.0405
98.000000 0.0405
99.000000 0.0405
100.000000 0.044
101.000000 0.044
102.000000 0.044
103.000000 0.044
104.000000 0.047
105.000000 0.047
106.000000 0.047
107.000000 0.047
108.000000 0.047
109.000000 0.047
110.000000 0.047
111.000000 0.047
112.000000 0.05
113.000000 0.05
114.000000 0.05
115.000000 0.05
116.000000 0.05
117.000000 0.05
118.000000 0.05
119.000000 0.053
120.000000 0.053
121.000000 0.053
122.000000 0.053
123.000000 0.0565
124.000000 0.0565
125.000000 0.0565
126.000000 0.0565
127.000000 0.0565
128.000000 0.0565
129.000000 0.0565
130.000000 0.0595
131.000000 0.0595
132.000000 0.0595
133.000000 0.0595
134.000000 0.0595
135.000000 0.0595
136.000000 0.0595
137.000000 0.0625
138.000000 0.0625
139.000000 0.0625
140.000000 0.0625
141.000000 0.0625
142.000000 0.0625
143.000000 0.0625
144.000000 0.0625
145.000000 0.0655
146.000000 0.0655
147.000000 0.0655
148.000000 0.0655
149.000000 0.0655
150.000000 0.0655
151.000000 0.0655
152.000000 0.069
153.000000 0.069
154.000000 0.069
155.000000 0.069
156.000000 0.069
157.000000 0.069
158.000000 0.069
159.000000 0.069
160.000000 0.069
161.000000 0.069
162.000000 0.069
163.000000 0.069
164.000000 0.069
165.000000 0.069
166.000000 0.069
167.000000 0.069
168.000000 0.069
169.000000 0.069
170.000000 0.072
171.000000 0.072
172.000000 0.072
173.000000 0.072
174.000000 0.072
175.000000 0.072
176.000000 0.072
177.000000 0.072
178.000000 0.075
179.000000 0.075
180.000000 0.075
181.000000 0.075
182.000000 0.075
183.000000 0.075
184.000000 0.075
185.000000 0.075
186.000000 0.075
187.000000 0.075
188.000000 0.075
189.000000 0.075
190.000000 0.075
191.000000 0.075
192.000000 0.075
193.000000 0.075
194.000000 0.075
195.000000 0.075
196.000000 0.075
197.000000 0.075
198.000000 0.075
199.000000 0.075
200.000000 0.075
201.000000 0.078
202.000000 0.075
203.000000 0.078
204.000000 0.078
205.000000 0.078
206.000000 0.078
207.000000 0.075
208.000000 0.075
209.000000 0.075
210.000000 0.075
211.000000 0.075
212.000000 0.075
213.000000 0.075
214.000000 0.075
215.000000 0.075
216.000000 0.075
217.000000 0.075
218.000000 0.078
219.000000 0.078
220.000000 0.078
221.000000 0.078
222.000000 0.078
223.000000 0.078
224.000000 0.078
225.000000 0.078
226.000000 0.078
227.000000 0.078
228.000000 0.078
229.000000 0.078
230.000000 0.0815
231.000000 0.0815
232.000000 0.0815
233.000000 0.0815
234.000000 0.0815
235.000000 0.0815
236.000000 0.0815
237.000000 0.0815
238.000000 0.0815
239.000000 0.0815
240.000000 0.0815
241.000000 0.0815
242.000000 0.0815
243.000000 0.0815
244.000000 0.0845
245.000000 0.0845
246.000000 0.0815
247.000000 0.0815
248.000000 0.0845
249.000000 0.0845
250.000000 0.0845
251.000000 0.0845
252.000000 0.0845
253.000000 0.0845
254.000000 0.0845
255.000000 0.0845
256.000000 0.0845
257.000000 0.0845
258.000000 0.0845
259.000000 0.0845
260.000000 0.0845
261.000000 0.0845
262.000000 0.0845
263.000000 0.0845
264.000000 0.0845
265.000000 0.0845
266.000000 0.0845
267.000000 0.0845
268.000000 0.0875
269.000000 0.0845
270.000000 0.0875
271.000000 0.0845
272.000000 0.0875
273.000000 0.0845
274.000000 0.0845
275.000000 0.0875
276.000000 0.0875
277.000000 0.0875
278.000000 0.0875
279.000000 0.0875
280.000000 0.0875
281.000000 0.0875
282.000000 0.0875
283.000000 0.0875
284.000000 0.0875
285.000000 0.0875
286.000000 0.0875
287.000000 0.0875
288.000000 0.0875
289.000000 0.0875
290.000000 0.0875
291.000000 0.0875
292.000000 0.0875
293.000000 0.0875
294.000000 0.0875
295.000000 0.0875
296.000000 0.0875
297.000000 0.0875
298.000000 0.0875
299.000000 0.0875
300.000000 0.0875
301.000000 0.0875
302.000000 0.0875
303.000000 0.0875
304.000000 0.0875
305.000000 0.0875
306.000000 0.0875
307.000000 0.0875
308.000000 0.0875
309.000000 0.0875
310.000000 0.0875
311.000000 0.0905
312.000000 0.0905
313.000000 0.0905
314.000000 0.0905
315.000000 0.0905
316.000000 0.0905
317.000000 0.0905
318.000000 0.0905
319.000000 0.0905
320.000000 0.0905
321.000000 0.0905
322.000000 0.0905
323.000000 0.0905
324.000000 0.0905
325.000000 0.0905
326.000000 0.0905
327.000000 0.0905
328.000000 0.0905
329.000000 0.0905
330.000000 0.0905
331.000000 0.0905
332.000000 0.094
333.000000 0.094
334.000000 0.094
335.000000 0.094
336.000000 0.094
337.000000 0.094
338.000000 0.094
339.000000 0.094
340.000000 0.094
341.000000 0.094
342.000000 0.094
343.000000 0.094
344.000000 0.094
345.000000 0.094
346.000000 0.094
347.000000 0.094
348.000000 0.094
349.000000 0.094
