0.000000 0
1.000000 0
2.000000 0
3.000000 0
4.000000 0
5.000000 -0.003
6.000000 -0.003
7.000000 0
8.000000 0
9.000000 -0.003
10.000000 0
11.000000 0
12.000000 0
13.000000 0.0035
14.000000 0.0035
15.000000 0.0065
16.000000 0.0095
17.000000 0.0095
18.000000 0.0125
19.000000 0.016
20.000000 0.019
21.000000 0.022
22.000000 0.025
23.000000 0.0285
24.000000 0.0315
25.000000 0.0345
26.000000 0.0375
27.000000 0.041
28.000000 0.044
29.000000 0.047
30.000000 0.05
31.000000 0.0565
32.000000 0.0595
33.000000 0.0625
34.000000 0.066
35.000000 0.069
36.000000 0.075
37.000000 0.0785
38.000000 0.0815
39.000000 0.0845
40.000000 0.0875
41.000000 0.091
42.000000 0.094
43.000000 0.097
44.000000 0.1035
45.000000 0.1065
46.000000 0.1095
47.000000 0.1125
48.000000 0.116
49.000000 0.119
50.000000 0.122
51.000000 0.125
52.000000 0.1285
53.000000 0.1315
54.000000 0.1345
55.000000 0.1375
56.000000 0.141
57.000000 0.147
58.000000 0.147
59.000000 0.15
60.000000 0.1535
61.000000 0.1565
62.000000 0.1595
63.000000 0.1625
64.000000 0.166
65.000000 0.169
66.000000 0.169
67.000000 0.172
68.000000 0.175
69.000000 0.1785
70.000000 0.1815
71.000000 0.1815
72.000000 0.1845
73.000000 0.1875
74.000000 0.191
75.000000 0.194
76.000000 0.194
77.000000 0.197
78.000000 0.197
79.000000 0.2
80.000000 0.2035
81.000000 0.2065
82.000000 0.2065
83.000000 0.2095
84.000000 0.2125
85.000000 0.2125
86.000000 0.216
87.000000 0.216
88.000000 0.219
89.000000 0.219
90.000000 0.222
91.000000 0.222
92.000000 0.225
93.000000 0.225
94.000000 0.2285
95.000000 0.2285
96.000000 0.2315
97.000000 0.2315
98.000000 0.2345
99.000000 0.2345
100.000000 0.2345
101.000000 0.2375
102.000000 0.2375
103.000000 0.241
104.000000 0.241
105.000000 0.241
106.000000 0.244
107.000000 0.244
108.000000 0.244
109.000000 0.244
110.000000 0.244
111.000000 0.244
112.000000 0.244
113.000000 0.244
114.000000 0.244
115.000000 0.244
116.000000 0.247
117.000000 0.247
118.000000 0.247
119.000000 0.25
120.000000 0.25
121.000000 0.2535
122.000000 0.2535
123.000000 0.2535
124.000000 0.2565
125.000000 0.2565
126.000000 0.2565
127.000000 0.2595
128.000000 0.2595
129.000000 0.2595
130.000000 0.2595
131.000000 0.2625
132.000000 0.2595
133.000000 0.2625
134.000000 0.2625
135.000000 0.2625
136.000000 0.2625
137.000000 0.2625
138.000000 0.2625
139.000000 0.2625
140.000000 0.2625
141.000000 0.2625
142.000000 0.266
143.000000 0.266
144.000000 0.266
145.000000 0.269
146.000000 0.269
147.000000 0.269
148.000000 0.272
149.000000 0.272
150.000000 0.272
151.000000 0.275
152.000000 0.275
153.000000 0.275
154.000000 0.2785
155.000000 0.2785
156.000000 0.2785
157.000000 0.2785
158.000000 0.2815
159.000000 0.2815
160.000000 0.2815
161.000000 0.2845
162.000000 0.2845
163.000000 0.2845
164.000000 0.2875
165.000000 0.2875
166.000000 0.2875
167.000000 0.2875
168.000000 0.291
169.000000 0.291
170.000000 0.291
171.000000 0.291
172.000000 0.291
173.000000 0.291
174.000000 0.291
175.000000 0.291
176.000000 0.294
177.000000 0.294
178.000000 0.294
179.000000 0.294
180.000000 0.294
181.000000 0.297
182.000000 0.297
183.000000 0.297
184.000000 0.297
185.000000 0.297
186.000000 0.297
187.000000 0.297
188.000000 0.297
189.000000 0.297
190.000000 0.297
191.000000 0.3
192.000000 0.3
193.000000 0.3
194.000000 0.3
195.000000 0.3
196.000000 0.3
197.000000 0.3
198.000000 0.3
199.000000 0.3
200.000000 0.3035
201.000000 0.3035
202.000000 0.3035
203.000000 0.3035
204.000000 0.3035
205.000000 0.3065
206.000000 0.3065
207.000000 0.3065
208.000000 0.3065
209.000000 0.3065
210.000000 0.3065
211.000000 0.3065
212.000000 0.3065
213.000000 0.3065
214.000000 0.3065
215.000000 0.3095
216.000000 0.3095
217.000000 0.3095
218.000000 0.3095
219.000000 0.3095
220.000000 0.3095
221.000000 0.3095
222.000000 0.3095
223.000000 0.3095
224.000000 0.3095
225.000000 0.3095
226.000000 0.3095
227.000000 0.3095
228.000000 0.3095
229.000000 0.3095
230.000000 0.3095
231.000000 0.3095
232.000000 0.3095
233.000000 0.3095
234.000000 0.3095
235.000000 0.3095
236.000000 0.3095
237.000000 0.3095
238.000000 0.3095
239.000000 0.3095
240.000000 0.3095
241.000000 0.3095
242.000000 0.3095
243.000000 0.3125
244.000000 0.3125
245.000000 0.3125
246.000000 0.3125
247.000000 0.3125
248.000000 0.3125
249.000000 0.3125
250.000000 0.3125
251.000000 0.3125
252.000000 0.3125
253.000000 0.316
254.000000 0.316
255.000000 0.316
256.000000 0.316
257.000000 0.316
258.000000 0.316
259.000000 0.316
260.000000 0.316
261.000000 0.316
262.000000 0.3125
263.000000 0.3125
264.000000 0.3125
265.000000 0.316
266.000000 0.316
267.000000 0.316
268.000000 0.3125
269.000000 0.316
270.000000 0.316
271.000000 0.316
272.000000 0.316
273.000000 0.316
274.000000 0.316
275.000000 0.316
276.000000 0.316
277.000000 0.316
278.000000 0.316
279.000000 0.3125
280.000000 0.3125
281.000000 0.3125
282.000000 0.3125
283.000000 0.3125
284.000000 0.3125
285.000000 0.3125
286.000000 0.3125
287.000000 0.3125
288.000000 0.3125
289.000000 0.3125
290.000000 0.3125
291.000000 0.3125
292.000000 0.3125
293.000000 0.3125
294.000000 0.3125
295.000000 0.3125
296.000000 0.3125
297.000000 0.3125
298.000000 0.3125
299.000000 0.3125
300.000000 0.3125
301.000000 0.3125
302.000000 0.3125
303.000000 0.3125
304.000000 0.3125
305.000000 0.3125
306.000000 0.3125
307.000000 0.3125
308.000000 0.3125
309.000000 0.316
310.000000 0.316
311.000000 0.316
312.000000 0.316
313.000000 0.316
314.000000 0.316
315.000000 0.316
316.000000 0.316
317.000000 0.316
318.000000 0.316
319.000000 0.316
320.000000 0.319
321.000000 0.319
322.000000 0.319
323.000000 0.319
324.000000 0.319
325.000000 0.319
326.000000 0.322
327.000000 0.319
328.000000 0.319
329.000000 0.322
330.000000 0.322
331.000000 0.322
332.000000 0.322
333.000000 0.322
334.000000 0.322
335.000000 0.322
336.000000 0.322
337.000000 0.322
338.000000 0.322
339.000000 0.322
340.000000 0.322
341.000000 0.322
342.000000 0.322
343.000000 0.322
344.000000 0.322
345.000000 0.319
346.000000 0.319
347.000000 0.319
348.000000 0.322
349.000000 0.322
