0.000000 39.18
1.000000 39.18
2.000000 39.18
3.000000 39.18
4.000000 39.18
5.000000 39.12
6.000000 39.12
7.000000 39.18
8.000000 39.18
9.000000 39.12
10.000000 39.18
11.000000 39.18
12.000000 39.18
13.000000 39.25
14.000000 39.25
15.000000 39.31
16.000000 39.37
17.000000 39.37
18.000000 39.43
19.000000 39.5
20.000000 39.56
21.000000 39.62
22.000000 39.68
23.000000 39.75
24.000000 39.81
25.000000 39.87
26.000000 39.93
27.000000 40
28.000000 40.06
29.000000 40.12
30.000000 40.18
31.000000 40.31
32.000000 40.37
33.000000 40.43
34.000000 40.5
35.000000 40.56
36.000000 40.68
37.000000 40.75
38.000000 40.81
39.000000 40.87
40.000000 40.93
41.000000 41
42.000000 41.06
43.000000 41.12
44.000000 41.25
45.000000 41.31
46.000000 41.37
47.000000 41.43
48.000000 41.5
49.000000 41.56
50.000000 41.62
51.000000 41.68
52.000000 41.75
53.000000 41.81
54.000000 41.87
55.000000 41.93
56.000000 42
57.000000 42.12
58.000000 42.12
59.000000 42.18
60.000000 42.25
61.000000 42.31
62.000000 42.37
63.000000 42.43
64.000000 42.5
65.000000 42.56
66.000000 42.56
67.000000 42.62
68.000000 42.68
69.000000 42.75
70.000000 42.81
71.000000 42.81
72.000000 42.87
73.000000 42.93
74.000000 43
75.000000 43.06
76.000000 43.06
77.000000 43.12
78.000000 43.12
79.000000 43.18
80.000000 43.25
81.000000 43.31
82.000000 43.31
83.000000 43.37
84.000000 43.43
85.000000 43.43
86.000000 43.5
87.000000 43.5
88.000000 43.56
89.000000 43.56
90.000000 43.62
91.000000 43.62
92.000000 43.68
93.000000 43.68
94.000000 43.75
95.000000 43.75
96.000000 43.81
97.000000 43.81
98.000000 43.87
99.000000 43.87
100.000000 43.87
101.000000 43.93
102.000000 43.93
103.000000 44
104.000000 44
105.000000 44
106.000000 44.06
107.000000 44.06
108.000000 44.06
109.000000 44.06
110.000000 44.06
111.000000 44.06
112.000000 44.06
113.000000 44.06
114.000000 44.06
115.000000 44.06
116.000000 44.12
117.000000 44.12
118.000000 44.12
119.000000 44.18
120.000000 44.18
121.000000 44.25
122.000000 44.25
123.000000 44.25
124.000000 44.31
125.000000 44.31
126.000000 44.31
127.000000 44.37
128.000000 44.37
129.000000 44.37
130.000000 44.37
131.000000 44.43
132.000000 44.37
133.000000 44.43
134.000000 44.43
135.000000 44.43
136.000000 44.43
137.000000 44.43
138.000000 44.43
139.000000 44.43
140.000000 44.43
141.000000 44.43
142.000000 44.5
143.000000 44.5
144.000000 44.5
145.000000 44.56
146.000000 44.56
147.000000 44.56
148.000000 44.62
149.000000 44.62
150.000000 44.62
151.000000 44.68
152.000000 44.68
153.000000 44.68
154.000000 44.75
155.000000 44.75
156.000000 44.75
157.000000 44.75
158.000000 44.81
159.000000 44.81
160.000000 44.81
161.000000 44.87
162.000000 44.87
163.000000 44.87
164.000000 44.93
165.000000 44.93
166.000000 44.93
167.000000 44.93
168.000000 45
169.000000 45
170.000000 45
171.000000 45
172.000000 45
173.000000 45
174.000000 45
175.000000 45
176.000000 45.06
177.000000 45.06
178.000000 45.06
179.000000 45.06
180.000000 45.06
181.000000 45.12
182.000000 45.12
183.000000 45.12
184.000000 45.12
185.000000 45.12
186.000000 45.12
187.000000 45.12
188.000000 45.12
189.000000 45.12
190.000000 45.12
191.000000 45.18
192.000000 45.18
193.000000 45.18
194.000000 45.18
195.000000 45.18
196.000000 45.18
197.000000 45.18
198.000000 45.18
199.000000 45.18
200.000000 45.25
201.000000 45.25
202.000000 45.25
203.000000 45.25
204.000000 45.25
205.000000 45.31
206.000000 45.31
207.000000 45.31
208.000000 45.31
209.000000 45.31
210.000000 45.31
211.000000 45.31
212.000000 45.31
213.000000 45.31
214.000000 45.31
215.000000 45.37
216.000000 45.37
217.000000 45.37
218.000000 45.37
219.000000 45.37
220.000000 45.37
221.000000 45.37
222.000000 45.37
223.000000 45.37
224.000000 45.37
225.000000 45.37
226.000000 45.37
227.000000 45.37
228.000000 45.37
229.000000 45.37
230.000000 45.37
231.000000 45.37
232.000000 45.37
233.000000 45.37
234.000000 45.37
235.000000 45.37
236.000000 45.37
237.000000 45.37
238.000000 45.37
239.000000 45.37
240.000000 45.37
241.000000 45.37
242.000000 45.37
243.000000 45.43
244.000000 45.43
245.000000 45.43
246.000000 45.43
247.000000 45.43
248.000000 45.43
249.000000 45.43
250.000000 45.43
251.000000 45.43
252.000000 45.43
253.000000 45.5
254.000000 45.5
255.000000 45.5
256.000000 45.5
257.000000 45.5
258.000000 45.5
259.000000 45.5
260.000000 45.5
261.000000 45.5
262.000000 45.43
263.000000 45.43
264.000000 45.43
265.000000 45.5
266.000000 45.5
267.000000 45.5
268.000000 45.43
269.000000 45.5
270.000000 45.5
271.000000 45.5
272.000000 45.5
273.000000 45.5
274.000000 45.5
275.000000 45.5
276.000000 45.5
277.000000 45.5
278.000000 45.5
279.000000 45.43
280.000000 45.43
281.000000 45.43
282.000000 45.43
283.000000 45.43
284.000000 45.43
285.000000 45.43
286.000000 45.43
287.000000 45.43
288.000000 45.43
289.000000 45.43
290.000000 45.43
291.000000 45.43
292.000000 45.43
293.000000 45.43
294.000000 45.43
295.000000 45.43
296.000000 45.43
297.000000 45.43
298.000000 45.43
299.000000 45.43
300.000000 45.43
301.000000 45.43
302.000000 45.43
303.000000 45.43
304.000000 45.43
305.000000 45.43
306.000000 45.43
307.000000 45.43
308.000000 45.43
309.000000 45.5
310.000000 45.5
311.000000 45.5
312.000000 45.5
313.000000 45.5
314.000000 45.5
315.000000 45.5
316.000000 45.5
317.000000 45.5
318.000000 45.5
319.000000 45.5
320.000000 45.56
321.000000 45.56
322.000000 45.56
323.000000 45.56
324.000000 45.56
325.000000 45.56
326.000000 45.62
327.000000 45.56
328.000000 45.56
329.000000 45.62
330.000000 45.62
331.000000 45.62
332.000000 45.62
333.000000 45.62
334.000000 45.62
335.000000 45.62
336.000000 45.62
337.000000 45.62
338.000000 45.62
339.000000 45.62
340.000000 45.62
341.000000 45.62
342.000000 45.62
343.000000 45.62
344.000000 45.62
345.000000 45.56
346.000000 45.56
347.000000 45.56
348.000000 45.62
349.000000 45.62
