0.000000 38.87
1.000000 38.81
2.000000 38.87
3.000000 38.87
4.000000 38.87
5.000000 38.87
6.000000 38.87
7.000000 38.87
8.000000 38.87
9.000000 38.87
10.000000 38.87
11.000000 38.87
12.000000 38.87
13.000000 38.87
14.000000 38.87
15.000000 38.87
16.000000 38.87
17.000000 38.87
18.000000 38.87
19.000000 38.87
20.000000 38.87
21.000000 38.87
22.000000 38.87
23.000000 38.87
24.000000 38.87
25.000000 38.87
26.000000 38.87
27.000000 38.93
28.000000 38.93
29.000000 38.93
30.000000 38.93
31.000000 38.93
32.000000 38.93
33.000000 38.93
34.000000 38.93
35.000000 38.93
36.000000 38.93
37.000000 39
38.000000 39
39.000000 39
40.000000 39
41.000000 39
42.000000 39.06
43.000000 39.06
44.000000 39.06
45.000000 39.06
46.000000 39.06
47.000000 39.06
48.000000 39.06
49.000000 39.06
50.000000 39.12
51.000000 39.12
52.000000 39.12
53.000000 39.12
54.000000 39.12
55.000000 39.18
56.000000 39.18
57.000000 39.18
58.000000 39.18
59.000000 39.18
60.000000 39.18
61.000000 39.25
62.000000 39.25
63.000000 39.25
64.000000 39.25
65.000000 39.25
66.000000 39.25
67.000000 39.25
68.000000 39.31
69.000000 39.31
70.000000 39.31
71.000000 39.31
72.000000 39.31
73.000000 39.31
74.000000 39.31
75.000000 39.37
76.000000 39.31
77.000000 39.37
78.000000 39.37
79.000000 39.37
80.000000 39.37
81.000000 39.37
82.000000 39.43
83.000000 39.43
84.000000 39.43
85.000000 39.43
86.000000 39.43
87.000000 39.43
88.000000 39.43
89.000000 39.43
90.000000 39.5
91.000000 39.5
92.000000 39.5
93.000000 39.5
94.000000 39.5
95.000000 39.5
96.000000 39.5
97.000000 39.5
98.000000 39.5
99.000000 39.5
100.000000 39.5
101.000000 39.5
102.000000 39.5
103.000000 39.5
104.000000 39.5
105.000000 39.56
106.000000 39.56
107.000000 39.56
108.000000 39.56
109.000000 39.56
110.000000 39.56
111.000000 39.56
112.000000 39.56
113.000000 39.56
114.000000 39.62
115.000000 39.62
116.000000 39.62
117.000000 39.62
118.000000 39.62
119.000000 39.62
120.000000 39.68
121.000000 39.68
122.000000 39.68
123.000000 39.68
124.000000 39.68
125.000000 39.68
126.000000 39.68
127.000000 39.68
128.000000 39.68
129.000000 39.68
130.000000 39.68
131.000000 39.68
132.000000 39.75
133.000000 39.68
134.000000 39.68
135.000000 39.75
136.000000 39.75
137.000000 39.75
138.000000 39.75
139.000000 39.75
140.000000 39.75
141.000000 39.75
142.000000 39.75
143.000000 39.75
144.000000 39.75
145.000000 39.81
146.000000 39.81
147.000000 39.81
148.000000 39.81
149.000000 39.81
150.000000 39.81
151.000000 39.75
152.000000 39.75
153.000000 39.75
154.000000 39.75
155.000000 39.75
156.000000 39.75
157.000000 39.75
158.000000 39.75
159.000000 39.81
160.000000 39.81
161.000000 39.81
162.000000 39.81
163.000000 39.81
164.000000 39.81
165.000000 39.81
166.000000 39.81
167.000000 39.81
168.000000 39.81
169.000000 39.81
170.000000 39.81
171.000000 39.87
172.000000 39.87
173.000000 39.87
174.000000 39.87
175.000000 39.87
176.000000 39.87
177.000000 39.87
178.000000 39.87
179.000000 39.87
180.000000 39.87
181.000000 39.87
182.000000 39.87
183.000000 39.87
184.000000 39.87
185.000000 39.93
186.000000 39.93
187.000000 39.93
188.000000 39.93
189.000000 39.93
190.000000 39.93
191.000000 39.93
192.000000 39.93
193.000000 39.93
194.000000 39.93
195.000000 39.93
196.000000 39.93
197.000000 39.93
198.000000 39.93
199.000000 40
200.000000 40
201.000000 40
202.000000 40
203.000000 40
204.000000 40
205.000000 40
206.000000 40
207.000000 40
208.000000 40
209.000000 40
210.000000 39.93
211.000000 39.93
212.000000 39.93
213.000000 39.93
214.000000 39.93
215.000000 39.93
216.000000 39.93
217.000000 39.93
218.000000 39.93
219.000000 39.93
220.000000 39.93
221.000000 39.93
222.000000 40
223.000000 40
224.000000 40
225.000000 40
226.000000 39.93
227.000000 40
228.000000 39.93
229.000000 40
230.000000 40
231.000000 40
232.000000 40
233.000000 40
234.000000 40
235.000000 40
236.000000 40
237.000000 40
238.000000 40
239.000000 40
240.000000 40.06
241.000000 40.06
242.000000 40.06
243.000000 40.06
244.000000 40.06
245.000000 40.06
246.000000 40.12
247.000000 40.06
248.000000 40.12
249.000000 40.12
250.000000 40.12
251.000000 40.12
252.000000 40.12
253.000000 40.12
254.000000 40.18
255.000000 40.18
256.000000 40.18
257.000000 40.18
258.000000 40.18
259.000000 40.18
260.000000 40.18
261.000000 40.18
262.000000 40.18
263.000000 40.18
264.000000 40.12
265.000000 40.12
266.000000 40.12
267.000000 40.12
268.000000 40.18
269.000000 40.18
270.000000 40.18
271.000000 40.18
272.000000 40.18
273.000000 40.18
274.000000 40.12
275.000000 40.12
276.000000 40.12
277.000000 40.12
278.000000 40.12
279.000000 40.12
280.000000 40.12
281.000000 40.12
282.000000 40.12
283.000000 40.12
284.000000 40.12
285.000000 40.12
286.000000 40.12
287.000000 40.12
288.000000 40.12
289.000000 40.12
290.000000 40.12
291.000000 40.12
292.000000 40.12
293.000000 40.18
294.000000 40.18
295.000000 40.18
296.000000 40.18
297.000000 40.18
298.000000 40.18
299.000000 40.18
300.000000 40.18
301.000000 40.18
302.000000 40.25
303.000000 40.25
304.000000 40.18
305.000000 40.18
306.000000 40.18
307.000000 40.18
308.000000 40.25
309.000000 40.25
310.000000 40.25
311.000000 40.25
312.000000 40.25
313.000000 40.25
314.000000 40.25
315.000000 40.25
316.000000 40.25
317.000000 40.25
318.000000 40.25
319.000000 40.25
320.000000 40.25
321.000000 40.25
322.000000 40.25
323.000000 40.25
324.000000 40.25
325.000000 40.25
326.000000 40.25
327.000000 40.25
328.000000 40.25
329.000000 40.25
330.000000 40.25
331.000000 40.25
332.000000 40.25
333.000000 40.25
334.000000 40.25
335.000000 40.25
336.000000 40.18
337.000000 40.18
338.000000 40.18
339.000000 40.18
340.000000 40.18
341.000000 40.18
342.000000 40.18
343.000000 40.18
344.000000 40.18
345.000000 40.18
346.000000 40.18
347.000000 40.18
348.000000 40.18
349.000000 40.18
