0.000000 36.31
1.000000 36.31
2.000000 36.31
3.000000 36.31
4.000000 36.31
5.000000 36.31
6.000000 36.31
7.000000 36.31
8.000000 36.31
9.000000 36.31
10.000000 36.31
11.000000 36.31
12.000000 36.31
13.000000 36.31
14.000000 36.37
15.000000 36.31
16.000000 36.31
17.000000 36.31
18.000000 36.31
19.000000 36.31
20.000000 36.31
21.000000 36.31
22.000000 36.31
23.000000 36.31
24.000000 36.31
25.000000 36.31
26.000000 36.31
27.000000 36.31
28.000000 36.31
29.000000 36.37
30.000000 36.37
31.000000 36.37
32.000000 36.37
33.000000 36.37
34.000000 36.37
35.000000 36.37
36.000000 36.37
37.000000 36.37
38.000000 36.43
39.000000 36.43
40.000000 36.43
41.000000 36.43
42.000000 36.37
43.000000 36.43
44.000000 36.43
45.000000 36.43
46.000000 36.43
47.000000 36.43
48.000000 36.43
49.000000 36.5
50.000000 36.5
51.000000 36.5
52.000000 36.5
53.000000 36.5
54.000000 36.5
55.000000 36.5
56.000000 36.5
57.000000 36.56
58.000000 36.56
59.000000 36.56
60.000000 36.56
61.000000 36.56
62.000000 36.56
63.000000 36.56
64.000000 36.56
65.000000 36.62
66.000000 36.62
67.000000 36.68
68.000000 36.68
69.000000 36.68
70.000000 36.68
71.000000 36.68
72.000000 36.75
73.000000 36.75
74.000000 36.75
75.000000 36.75
76.000000 36.81
77.000000 36.81
78.000000 36.81
79.000000 36.81
80.000000 36.81
81.000000 36.87
82.000000 36.81
83.000000 36.87
84.000000 36.87
85.000000 36.87
86.000000 36.87
87.000000 36.87
88.000000 36.87
89.000000 36.87
90.000000 36.87
91.000000 36.87
92.000000 36.87
93.000000 36.87
94.000000 36.87
95.000000 36.87
96.000000 36.87
97.000000 36.87
98.000000 36.87
99.000000 36.87
100.000000 36.87
101.000000 36.87
102.000000 36.87
103.000000 36.93
104.000000 36.93
105.000000 36.93
106.000000 36.93
107.000000 37
108.000000 37
109.000000 37
110.000000 37
111.000000 37
112.000000 37
113.000000 37
114.000000 37
115.000000 37
116.000000 37
117.000000 37.06
118.000000 37.06
119.000000 37.06
120.000000 37.06
121.000000 37.06
122.000000 37.06
123.000000 37.06
124.000000 37.06
125.000000 37.06
126.000000 37.06
127.000000 37.12
128.000000 37.12
129.000000 37.12
130.000000 37.12
131.000000 37.12
132.000000 37.12
133.000000 37.12
134.000000 37.18
135.000000 37.18
136.000000 37.18
137.000000 37.12
138.000000 37.12
139.000000 37.18
140.000000 37.18
141.000000 37.18
142.000000 37.18
143.000000 37.18
144.000000 37.18
145.000000 37.18
146.000000 37.18
147.000000 37.18
148.000000 37.25
149.000000 37.25
150.000000 37.25
151.000000 37.25
152.000000 37.25
153.000000 37.25
154.000000 37.25
155.000000 37.25
156.000000 37.25
157.000000 37.25
158.000000 37.31
159.000000 37.31
160.000000 37.25
161.000000 37.25
162.000000 37.25
163.000000 37.31
164.000000 37.31
165.000000 37.31
166.000000 37.31
167.000000 37.31
168.000000 37.31
169.000000 37.31
170.000000 37.31
171.000000 37.31
172.000000 37.31
173.000000 37.37
174.000000 37.37
175.000000 37.37
176.000000 37.31
177.000000 37.31
178.000000 37.31
179.000000 37.31
180.000000 37.31
181.000000 37.37
182.000000 37.37
183.000000 37.37
184.000000 37.37
185.000000 37.37
186.000000 37.37
187.000000 37.37
188.000000 37.37
189.000000 37.37
190.000000 37.37
191.000000 37.37
192.000000 37.43
193.000000 37.43
194.000000 37.43
195.000000 37.43
196.000000 37.43
197.000000 37.43
198.000000 37.43
199.000000 37.5
200.000000 37.5
201.000000 37.5
202.000000 37.5
203.000000 37.5
204.000000 37.43
205.000000 37.43
206.000000 37.43
207.000000 37.43
208.000000 37.43
209.000000 37.43
210.000000 37.43
211.000000 37.43
212.000000 37.43
213.000000 37.43
214.000000 37.43
215.000000 37.43
216.000000 37.43
217.000000 37.43
218.000000 37.43
219.000000 37.37
220.000000 37.43
221.000000 37.43
222.000000 37.43
223.000000 37.43
224.000000 37.43
225.000000 37.43
226.000000 37.43
227.000000 37.43
228.000000 37.43
229.000000 37.43
230.000000 37.43
231.000000 37.43
232.000000 37.43
233.000000 37.43
234.000000 37.43
235.000000 37.43
236.000000 37.43
237.000000 37.43
238.000000 37.43
239.000000 37.43
240.000000 37.43
241.000000 37.43
242.000000 37.43
243.000000 37.43
244.000000 37.43
245.000000 37.43
246.000000 37.43
247.000000 37.5
248.000000 37.43
249.000000 37.5
250.000000 37.43
251.000000 37.43
252.000000 37.5
253.000000 37.43
254.000000 37.5
255.000000 37.5
256.000000 37.5
257.000000 37.5
258.000000 37.5
259.000000 37.5
260.000000 37.43
261.000000 37.43
262.000000 37.43
263.000000 37.43
264.000000 37.43
265.000000 37.43
266.000000 37.43
267.000000 37.43
268.000000 37.37
269.000000 37.43
270.000000 37.43
271.000000 37.43
272.000000 37.43
273.000000 37.43
274.000000 37.43
275.000000 37.43
276.000000 37.43
277.000000 37.43
278.000000 37.43
279.000000 37.43
280.000000 37.43
281.000000 37.43
282.000000 37.5
283.000000 37.5
284.000000 37.5
285.000000 37.5
286.000000 37.5
287.000000 37.5
288.000000 37.5
289.000000 37.5
290.000000 37.5
291.000000 37.5
292.000000 37.56
293.000000 37.56
294.000000 37.56
295.000000 37.56
296.000000 37.5
297.000000 37.5
298.000000 37.5
299.000000 37.5
300.000000 37.5
301.000000 37.5
302.000000 37.5
303.000000 37.5
304.000000 37.5
305.000000 37.56
306.000000 37.56
307.000000 37.56
308.000000 37.56
309.000000 37.56
310.000000 37.56
311.000000 37.56
312.000000 37.56
313.000000 37.56
314.000000 37.56
315.000000 37.5
316.000000 37.5
317.000000 37.5
318.000000 37.5
319.000000 37.5
320.000000 37.5
321.000000 37.5
322.000000 37.5
323.000000 37.43
324.000000 37.43
325.000000 37.43
326.000000 37.43
327.000000 37.5
328.000000 37.5
329.000000 37.5
330.000000 37.5
331.000000 37.5
332.000000 37.5
333.000000 37.5
334.000000 37.5
335.000000 37.5
336.000000 37.5
337.000000 37.5
338.000000 37.5
339.000000 37.43
340.000000 37.43
341.000000 37.43
342.000000 37.43
343.000000 37.43
344.000000 37.43
345.000000 37.43
346.000000 37.43
347.000000 37.43
348.000000 37.43
349.000000 37.43
