0.000000 36
1.000000 36
2.000000 36
3.000000 36
4.000000 36
5.000000 36
6.000000 36
7.000000 36
8.000000 36
9.000000 36
10.000000 36.06
11.000000 36.06
12.000000 36.06
13.000000 36.12
14.000000 36.12
15.000000 36.12
16.000000 36.18
17.000000 36.18
18.000000 36.25
19.000000 36.25
20.000000 36.31
21.000000 36.37
22.000000 36.37
23.000000 36.43
24.000000 36.43
25.000000 36.5
26.000000 36.56
27.000000 36.62
28.000000 36.68
29.000000 36.75
30.000000 36.75
31.000000 36.81
32.000000 36.87
33.000000 36.93
34.000000 36.93
35.000000 37
36.000000 37.06
37.000000 37.12
38.000000 37.12
39.000000 37.18
40.000000 37.18
41.000000 37.25
42.000000 37.31
43.000000 37.31
44.000000 37.37
45.000000 37.43
46.000000 37.43
47.000000 37.5
48.000000 37.56
49.000000 37.56
50.000000 37.62
51.000000 37.68
52.000000 37.68
53.000000 37.75
54.000000 37.81
55.000000 37.87
56.000000 37.87
57.000000 37.93
58.000000 38
59.000000 38
60.000000 38.06
61.000000 38.12
62.000000 38.18
63.000000 38.18
64.000000 38.25
65.000000 38.25
66.000000 38.31
67.000000 38.31
68.000000 38.37
69.000000 38.37
70.000000 38.43
71.000000 38.43
72.000000 38.5
73.000000 38.5
74.000000 38.56
75.000000 38.56
76.000000 38.62
77.000000 38.62
78.000000 38.68
79.000000 38.68
80.000000 38.75
81.000000 38.75
82.000000 38.81
83.000000 38.81
84.000000 38.81
85.000000 38.81
86.000000 38.81
87.000000 38.81
88.000000 38.87
89.000000 38.87
90.000000 38.87
91.000000 38.87
92.000000 38.93
93.000000 38.93
94.000000 38.93
95.000000 39
96.000000 39
97.000000 39
98.000000 39.06
99.000000 39.06
100.000000 39.06
101.000000 39.06
102.000000 39.06
103.000000 39.06
104.000000 39.06
105.000000 39.12
106.000000 39.12
107.000000 39.18
108.000000 39.18
109.000000 39.18
110.000000 39.18
111.000000 39.25
112.000000 39.25
113.000000 39.25
114.000000 39.25
115.000000 39.31
116.000000 39.31
117.000000 39.31
118.000000 39.37
119.000000 39.37
120.000000 39.37
121.000000 39.43
122.000000 39.43
123.000000 39.43
124.000000 39.43
125.000000 39.43
126.000000 39.43
127.000000 39.43
128.000000 39.43
129.000000 39.43
130.000000 39.43
131.000000 39.43
132.000000 39.43
133.000000 39.5
134.000000 39.5
135.000000 39.5
136.000000 39.56
137.000000 39.56
138.000000 39.56
139.000000 39.56
140.000000 39.56
141.000000 39.62
142.000000 39.62
143.000000 39.62
144.000000 39.62
145.000000 39.62
146.000000 39.62
147.000000 39.62
148.000000 39.62
149.000000 39.62
150.000000 39.62
151.000000 39.62
152.000000 39.62
153.000000 39.62
154.000000 39.62
155.000000 39.62
156.000000 39.62
157.000000 39.62
158.000000 39.62
159.000000 39.62
160.000000 39.62
161.000000 39.68
162.000000 39.68
163.000000 39.68
164.000000 39.68
165.000000 39.68
166.000000 39.68
167.000000 39.68
168.000000 39.68
169.000000 39.68
170.000000 39.68
171.000000 39.68
172.000000 39.68
173.000000 39.68
174.000000 39.68
175.000000 39.68
176.000000 39.75
177.000000 39.75
178.000000 39.75
179.000000 39.75
180.000000 39.75
181.000000 39.81
182.000000 39.81
183.000000 39.81
184.000000 39.81
185.000000 39.81
186.000000 39.81
187.000000 39.81
188.000000 39.81
189.000000 39.81
190.000000 39.81
191.000000 39.81
192.000000 39.81
193.000000 39.81
194.000000 39.81
195.000000 39.81
196.000000 39.75
197.000000 39.81
198.000000 39.75
199.000000 39.81
200.000000 39.75
201.000000 39.75
202.000000 39.81
203.000000 39.81
204.000000 39.81
205.000000 39.81
206.000000 39.81
207.000000 39.81
208.000000 39.87
209.000000 39.87
210.000000 39.87
211.000000 39.87
212.000000 39.87
213.000000 39.87
214.000000 39.87
215.000000 39.87
216.000000 39.93
217.000000 39.87
218.000000 39.93
219.000000 39.93
220.000000 39.93
221.000000 39.93
222.000000 39.93
223.000000 39.93
224.000000 40
225.000000 40
226.000000 40
227.000000 40
228.000000 40
229.000000 40
230.000000 40
231.000000 40
232.000000 40
233.000000 39.93
234.000000 39.93
235.000000 39.93
236.000000 39.93
237.000000 40
238.000000 40
239.000000 40
240.000000 40
241.000000 40
242.000000 40
243.000000 40
244.000000 40
245.000000 40.06
246.000000 40.06
247.000000 40.06
248.000000 40.06
249.000000 40.06
250.000000 40.06
251.000000 40.06
252.000000 40.06
253.000000 40.06
254.000000 40
255.000000 40
256.000000 40
257.000000 40
258.000000 40
259.000000 40
260.000000 40
261.000000 40
262.000000 40
263.000000 40
264.000000 40.06
265.000000 40.06
266.000000 40.06
267.000000 40.06
268.000000 40.06
269.000000 40.06
270.000000 40.06
271.000000 40.06
272.000000 40.06
273.000000 40.06
274.000000 40.06
275.000000 40.06
276.000000 40.06
277.000000 40.06
278.000000 40.06
279.000000 40.06
280.000000 40.06
281.000000 40.06
282.000000 40.06
283.000000 40.06
284.000000 40.06
285.000000 40.06
286.000000 40.06
287.000000 40.06
288.000000 40.06
289.000000 40.06
290.000000 40.06
291.000000 40.06
292.000000 40.06
293.000000 40.06
294.000000 40.06
295.000000 40.06
296.000000 40.06
297.000000 40.12
298.000000 40.06
299.000000 40.12
300.000000 40.06
301.000000 40.06
302.000000 40.12
303.000000 40.06
304.000000 40.06
305.000000 40.06
306.000000 40.06
307.000000 40.06
308.000000 40.06
309.000000 40.06
310.000000 40.06
311.000000 40.06
312.000000 40.12
313.000000 40.06
314.000000 40.06
315.000000 40.06
316.000000 40.12
317.000000 40.12
318.000000 40.12
319.000000 40.12
320.000000 40.12
321.000000 40.12
322.000000 40.12
323.000000 40.06
324.000000 40.12
325.000000 40.12
326.000000 40.12
327.000000 40.12
328.000000 40.12
329.000000 40.12
330.000000 40.12
331.000000 40.12
332.000000 40.12
333.000000 40.12
334.000000 40.12
335.000000 40.12
336.000000 40.12
337.000000 40.12
338.000000 40.12
339.000000 40.12
340.000000 40.18
341.000000 40.18
342.000000 40.18
343.000000 40.18
344.000000 40.25
345.000000 40.18
346.000000 40.18
347.000000 40.18
348.000000 40.18
349.000000 40.18
