0.000000 38.62
1.000000 38.62
2.000000 38.62
3.000000 38.62
4.000000 38.62
5.000000 38.68
6.000000 38.62
7.000000 38.68
8.000000 38.68
9.000000 38.68
10.000000 38.68
11.000000 38.68
12.000000 38.68
13.000000 38.68
14.000000 38.68
15.000000 38.68
16.000000 38.68
17.000000 38.68
18.000000 38.68
19.000000 38.68
20.000000 38.68
21.000000 38.68
22.000000 38.68
23.000000 38.75
24.000000 38.75
25.000000 38.75
26.000000 38.75
27.000000 38.75
28.000000 38.75
29.000000 38.75
30.000000 38.75
31.000000 38.75
32.000000 38.75
33.000000 38.75
34.000000 38.81
35.000000 38.81
36.000000 38.81
37.000000 38.81
38.000000 38.81
39.000000 38.81
40.000000 38.81
41.000000 38.81
42.000000 38.81
43.000000 38.81
44.000000 38.81
45.000000 38.81
46.000000 38.81
47.000000 38.81
48.000000 38.81
49.000000 38.81
50.000000 38.81
51.000000 38.81
52.000000 38.81
53.000000 38.87
54.000000 38.87
55.000000 38.87
56.000000 38.87
57.000000 38.87
58.000000 38.87
59.000000 38.87
60.000000 38.87
61.000000 38.87
62.000000 38.93
63.000000 38.93
64.000000 38.93
65.000000 38.93
66.000000 38.93
67.000000 38.93
68.000000 38.93
69.000000 39
70.000000 39
71.000000 39
72.000000 39
73.000000 39
74.000000 39
75.000000 39
76.000000 39
77.000000 39
78.000000 39
79.000000 39
80.000000 39
81.000000 39
82.000000 39
83.000000 39
84.000000 39
85.000000 39
86.000000 39
87.000000 39.06
88.000000 39
89.000000 39
90.000000 39
91.000000 39
92.000000 39
93.000000 39
94.000000 39
95.000000 39
96.000000 39
97.000000 39
98.000000 39
99.000000 39.06
100.000000 39.06
101.000000 39.06
102.000000 39.06
103.000000 39.06
104.000000 39.06
105.000000 39.06
106.000000 39.06
107.000000 39.06
108.000000 39.06
109.000000 39.06
110.000000 39.12
111.000000 39.12
112.000000 39.12
113.000000 39.12
114.000000 39.12
115.000000 39.12
116.000000 39.12
117.000000 39.12
118.000000 39.12
119.000000 39.12
120.000000 39.12
121.000000 39.18
122.000000 39.18
123.000000 39.18
124.000000 39.18
125.000000 39.18
126.000000 39.18
127.000000 39.18
128.000000 39.25
129.000000 39.25
130.000000 39.25
131.000000 39.25
132.000000 39.25
133.000000 39.25
134.000000 39.25
135.000000 39.25
136.000000 39.25
137.000000 39.25
138.000000 39.25
139.000000 39.25
140.000000 39.31
141.000000 39.31
142.000000 39.31
143.000000 39.31
144.000000 39.31
145.000000 39.31
146.000000 39.31
147.000000 39.31
148.000000 39.31
149.000000 39.31
150.000000 39.31
151.000000 39.31
152.000000 39.31
153.000000 39.31
154.000000 39.37
155.000000 39.37
156.000000 39.37
157.000000 39.37
158.000000 39.37
159.000000 39.37
160.000000 39.37
161.000000 39.43
162.000000 39.43
163.000000 39.43
164.000000 39.43
165.000000 39.43
166.000000 39.43
167.000000 39.43
168.000000 39.43
169.000000 39.43
170.000000 39.43
171.000000 39.43
172.000000 39.43
173.000000 39.43
174.000000 39.43
175.000000 39.43
176.000000 39.43
177.000000 39.43
178.000000 39.43
179.000000 39.43
180.000000 39.43
181.000000 39.37
182.000000 39.37
183.000000 39.37
184.000000 39.37
185.000000 39.37
186.000000 39.37
187.000000 39.31
188.000000 39.31
189.000000 39.31
190.000000 39.31
191.000000 39.31
192.000000 39.37
193.000000 39.37
194.000000 39.37
195.000000 39.31
196.000000 39.31
197.000000 39.31
198.000000 39.31
199.000000 39.25
200.000000 39.25
201.000000 39.25
202.000000 39.31
203.000000 39.31
204.000000 39.31
205.000000 39.31
206.000000 39.31
207.000000 39.31
208.000000 39.37
209.000000 39.37
210.000000 39.37
211.000000 39.37
212.000000 39.37
213.000000 39.43
214.000000 39.43
215.000000 39.43
216.000000 39.43
217.000000 39.43
218.000000 39.43
219.000000 39.43
220.000000 39.5
221.000000 39.5
222.000000 39.5
223.000000 39.5
224.000000 39.5
225.000000 39.5
226.000000 39.5
227.000000 39.5
228.000000 39.5
229.000000 39.5
230.000000 39.5
231.000000 39.56
232.000000 39.56
233.000000 39.56
234.000000 39.56
235.000000 39.56
236.000000 39.56
237.000000 39.56
238.000000 39.56
239.000000 39.56
240.000000 39.56
241.000000 39.56
242.000000 39.56
243.000000 39.56
244.000000 39.56
245.000000 39.56
246.000000 39.62
247.000000 39.62
248.000000 39.62
249.000000 39.62
250.000000 39.62
251.000000 39.62
252.000000 39.62
253.000000 39.62
254.000000 39.62
255.000000 39.62
256.000000 39.62
257.000000 39.62
258.000000 39.62
259.000000 39.62
260.000000 39.62
261.000000 39.62
262.000000 39.62
263.000000 39.62
264.000000 39.62
265.000000 39.62
266.000000 39.62
267.000000 39.62
268.000000 39.62
269.000000 39.62
270.000000 39.62
271.000000 39.62
272.000000 39.62
273.000000 39.62
274.000000 39.62
275.000000 39.62
276.000000 39.62
277.000000 39.62
278.000000 39.62
279.000000 39.68
280.000000 39.68
281.000000 39.68
282.000000 39.68
283.000000 39.68
284.000000 39.68
285.000000 39.68
286.000000 39.68
287.000000 39.68
288.000000 39.68
289.000000 39.68
290.000000 39.68
291.000000 39.68
292.000000 39.68
293.000000 39.62
294.000000 39.62
295.000000 39.62
296.000000 39.62
297.000000 39.62
298.000000 39.62
299.000000 39.62
300.000000 39.62
301.000000 39.62
302.000000 39.62
303.000000 39.68
304.000000 39.68
305.000000 39.68
306.000000 39.68
307.000000 39.68
308.000000 39.62
309.000000 39.62
310.000000 39.62
311.000000 39.62
312.000000 39.62
313.000000 39.62
314.000000 39.62
315.000000 39.62
316.000000 39.62
317.000000 39.62
318.000000 39.62
319.000000 39.62
320.000000 39.56
321.000000 39.56
322.000000 39.56
323.000000 39.56
324.000000 39.56
325.000000 39.56
326.000000 39.56
327.000000 39.56
328.000000 39.56
329.000000 39.56
330.000000 39.56
331.000000 39.56
332.000000 39.56
333.000000 39.62
334.000000 39.62
335.000000 39.62
336.000000 39.62
337.000000 39.62
338.000000 39.62
339.000000 39.62
340.000000 39.62
341.000000 39.62
342.000000 39.62
343.000000 39.62
344.000000 39.62
345.000000 39.62
346.000000 39.56
347.000000 39.56
348.000000 39.56
349.000000 39.56
