0.000000 36.06
1.000000 36.06
2.000000 36.06
3.000000 36.06
4.000000 36.06
5.000000 36.06
6.000000 36.06
7.000000 36.06
8.000000 36.06
9.000000 36.06
10.000000 36.06
11.000000 36.06
12.000000 36.12
13.000000 36.12
14.000000 36.18
15.000000 36.25
16.000000 36.25
17.000000 36.31
18.000000 36.37
19.000000 36.43
20.000000 36.5
21.000000 36.5
22.000000 36.56
23.000000 36.62
24.000000 36.68
25.000000 36.75
26.000000 36.81
27.000000 36.87
28.000000 36.93
29.000000 37
30.000000 37
31.000000 37.06
32.000000 37.12
33.000000 37.18
34.000000 37.25
35.000000 37.31
36.000000 37.37
37.000000 37.43
38.000000 37.5
39.000000 37.56
40.000000 37.62
41.000000 37.68
42.000000 37.75
43.000000 37.81
44.000000 37.87
45.000000 37.93
46.000000 37.93
47.000000 38
48.000000 38.06
49.000000 38.12
50.000000 38.12
51.000000 38.18
52.000000 38.25
53.000000 38.31
54.000000 38.37
55.000000 38.43
56.000000 38.5
57.000000 38.56
58.000000 38.56
59.000000 38.62
60.000000 38.68
61.000000 38.75
62.000000 38.75
63.000000 38.81
64.000000 38.93
65.000000 38.93
66.000000 39
67.000000 39.06
68.000000 39.12
69.000000 39.12
70.000000 39.18
71.000000 39.18
72.000000 39.25
73.000000 39.25
74.000000 39.31
75.000000 39.31
76.000000 39.37
77.000000 39.37
78.000000 39.37
79.000000 39.43
80.000000 39.43
81.000000 39.5
82.000000 39.5
83.000000 39.5
84.000000 39.5
85.000000 39.56
86.000000 39.56
87.000000 39.56
88.000000 39.62
89.000000 39.62
90.000000 39.68
91.000000 39.68
92.000000 39.75
93.000000 39.75
94.000000 39.81
95.000000 39.81
96.000000 39.81
97.000000 39.87
98.000000 39.87
99.000000 39.87
100.000000 39.87
101.000000 39.93
102.000000 39.93
103.000000 39.93
104.000000 40
105.000000 40
106.000000 40
107.000000 40.06
108.000000 40.06
109.000000 40.06
110.000000 40.06
111.000000 40.06
112.000000 40.12
113.000000 40.12
114.000000 40.12
115.000000 40.18
116.000000 40.18
117.000000 40.25
118.000000 40.25
119.000000 40.25
120.000000 40.25
121.000000 40.25
122.000000 40.31
123.000000 40.31
124.000000 40.31
125.000000 40.37
126.000000 40.37
127.000000 40.37
128.000000 40.37
129.000000 40.37
130.000000 40.43
131.000000 40.43
132.000000 40.5
133.000000 40.5
134.000000 40.5
135.000000 40.5
136.000000 40.5
137.000000 40.5
138.000000 40.56
139.000000 40.56
140.000000 40.56
141.000000 40.56
142.000000 40.56
143.000000 40.56
144.000000 40.56
145.000000 40.56
146.000000 40.56
147.000000 40.56
148.000000 40.56
149.000000 40.56
150.000000 40.56
151.000000 40.56
152.000000 40.56
153.000000 40.56
154.000000 40.62
155.000000 40.62
156.000000 40.68
157.000000 40.68
158.000000 40.68
159.000000 40.68
160.000000 40.68
161.000000 40.68
162.000000 40.68
163.000000 40.68
164.000000 40.68
165.000000 40.68
166.000000 40.68
167.000000 40.68
168.000000 40.68
169.000000 40.75
170.000000 40.75
171.000000 40.75
172.000000 40.75
173.000000 40.75
174.000000 40.75
175.000000 40.75
176.000000 40.75
177.000000 40.75
178.000000 40.81
179.000000 40.81
180.000000 40.81
181.000000 40.81
182.000000 40.81
183.000000 40.87
184.000000 40.87
185.000000 40.87
186.000000 40.93
187.000000 40.93
188.000000 40.93
189.000000 40.93
190.000000 40.93
191.000000 40.93
192.000000 40.93
193.000000 40.93
194.000000 40.93
195.000000 40.93
196.000000 40.93
197.000000 40.87
198.000000 40.87
199.000000 40.87
200.000000 40.87
201.000000 40.87
202.000000 40.87
203.000000 40.93
204.000000 40.93
205.000000 40.93
206.000000 40.93
207.000000 41
208.000000 41
209.000000 41
210.000000 41
211.000000 41
212.000000 41
213.000000 41
214.000000 41
215.000000 41
216.000000 41
217.000000 41
218.000000 41
219.000000 41
220.000000 41
221.000000 41
222.000000 41
223.000000 41
224.000000 41
225.000000 41
226.000000 41
227.000000 41
228.000000 41
229.000000 41.06
230.000000 41.06
231.000000 41.06
232.000000 41.06
233.000000 41.06
234.000000 41.06
235.000000 41.06
236.000000 41.06
237.000000 41.06
238.000000 41.06
239.000000 41.06
240.000000 41.06
241.000000 41.12
242.000000 41.12
243.000000 41.12
244.000000 41.18
245.000000 41.18
246.000000 41.18
247.000000 41.18
248.000000 41.18
249.000000 41.25
250.000000 41.25
251.000000 41.25
252.000000 41.25
253.000000 41.31
254.000000 41.31
255.000000 41.31
256.000000 41.37
257.000000 41.37
258.000000 41.31
259.000000 41.31
260.000000 41.31
261.000000 41.31
262.000000 41.31
263.000000 41.31
264.000000 41.31
265.000000 41.37
266.000000 41.37
267.000000 41.37
268.000000 41.37
269.000000 41.37
270.000000 41.37
271.000000 41.31
272.000000 41.31
273.000000 41.31
274.000000 41.31
275.000000 41.31
276.000000 41.31
277.000000 41.31
278.000000 41.31
279.000000 41.31
280.000000 41.31
281.000000 41.31
282.000000 41.31
283.000000 41.31
284.000000 41.31
285.000000 41.31
286.000000 41.31
287.000000 41.31
288.000000 41.31
289.000000 41.31
290.000000 41.31
291.000000 41.31
292.000000 41.31
293.000000 41.25
294.000000 41.25
295.000000 41.25
296.000000 41.25
297.000000 41.25
298.000000 41.25
299.000000 41.25
300.000000 41.31
301.000000 41.31
302.000000 41.25
303.000000 41.25
304.000000 41.25
305.000000 41.31
306.000000 41.31
307.000000 41.31
308.000000 41.31
309.000000 41.31
310.000000 41.31
311.000000 41.31
312.000000 41.31
313.000000 41.31
314.000000 41.31
315.000000 41.31
316.000000 41.25
317.000000 41.25
318.000000 41.31
319.000000 41.25
320.000000 41.25
321.000000 41.25
322.000000 41.25
323.000000 41.18
324.000000 41.25
325.000000 41.18
326.000000 41.25
327.000000 41.25
328.000000 41.25
329.000000 41.25
330.000000 41.25
331.000000 41.25
332.000000 41.25
333.000000 41.25
334.000000 41.25
335.000000 41.25
336.000000 41.25
337.000000 41.25
338.000000 41.25
339.000000 41.25
340.000000 41.25
341.000000 41.31
342.000000 41.31
343.000000 41.31
344.000000 41.31
345.000000 41.31
346.000000 41.25
347.000000 41.25
348.000000 41.25
349.000000 41.25
