0.000000 36
1.000000 36
2.000000 36
3.000000 36
4.000000 36
5.000000 36
6.000000 36
7.000000 36
8.000000 36
9.000000 36
10.000000 36
11.000000 36
12.000000 36
13.000000 36
14.000000 36.06
15.000000 36.06
16.000000 36.06
17.000000 36.12
18.000000 36.12
19.000000 36.12
20.000000 36.18
21.000000 36.18
22.000000 36.18
23.000000 36.25
24.000000 36.25
25.000000 36.31
26.000000 36.31
27.000000 36.37
28.000000 36.37
29.000000 36.43
30.000000 36.43
31.000000 36.5
32.000000 36.5
33.000000 36.56
34.000000 36.56
35.000000 36.62
36.000000 36.62
37.000000 36.68
38.000000 36.68
39.000000 36.75
40.000000 36.75
41.000000 36.81
42.000000 36.81
43.000000 36.87
44.000000 36.87
45.000000 36.93
46.000000 36.93
47.000000 36.93
48.000000 37
49.000000 37
50.000000 37.06
51.000000 37.06
52.000000 37.12
53.000000 37.12
54.000000 37.18
55.000000 37.18
56.000000 37.18
57.000000 37.25
58.000000 37.25
59.000000 37.25
60.000000 37.31
61.000000 37.31
62.000000 37.37
63.000000 37.37
64.000000 37.43
65.000000 37.43
66.000000 37.5
67.000000 37.5
68.000000 37.5
69.000000 37.56
70.000000 37.56
71.000000 37.62
72.000000 37.62
73.000000 37.62
74.000000 37.68
75.000000 37.68
76.000000 37.68
77.000000 37.75
78.000000 37.75
79.000000 37.75
80.000000 37.81
81.000000 37.81
82.000000 37.87
83.000000 37.87
84.000000 37.87
85.000000 37.87
86.000000 37.87
87.000000 37.87
88.000000 37.93
89.000000 37.93
90.000000 37.93
91.000000 37.93
92.000000 37.93
93.000000 37.93
94.000000 38
95.000000 38
96.000000 38
97.000000 38
98.000000 38
99.000000 38
100.000000 38.06
101.000000 38.06
102.000000 38.06
103.000000 38.12
104.000000 38.12
105.000000 38.12
106.000000 38.12
107.000000 38.18
108.000000 38.18
109.000000 38.18
110.000000 38.18
111.000000 38.18
112.000000 38.18
113.000000 38.18
114.000000 38.18
115.000000 38.25
116.000000 38.25
117.000000 38.25
118.000000 38.25
119.000000 38.25
120.000000 38.25
121.000000 38.25
122.000000 38.25
123.000000 38.25
124.000000 38.31
125.000000 38.31
126.000000 38.31
127.000000 38.31
128.000000 38.31
129.000000 38.31
130.000000 38.37
131.000000 38.31
132.000000 38.31
133.000000 38.31
134.000000 38.31
135.000000 38.31
136.000000 38.31
137.000000 38.37
138.000000 38.37
139.000000 38.31
140.000000 38.31
141.000000 38.37
142.000000 38.37
143.000000 38.37
144.000000 38.37
145.000000 38.37
146.000000 38.37
147.000000 38.37
148.000000 38.43
149.000000 38.43
150.000000 38.43
151.000000 38.43
152.000000 38.43
153.000000 38.43
154.000000 38.43
155.000000 38.43
156.000000 38.43
157.000000 38.43
158.000000 38.5
159.000000 38.43
160.000000 38.5
161.000000 38.5
162.000000 38.5
163.000000 38.5
164.000000 38.5
165.000000 38.5
166.000000 38.5
167.000000 38.5
168.000000 38.5
169.000000 38.5
170.000000 38.5
171.000000 38.43
172.000000 38.5
173.000000 38.5
174.000000 38.5
175.000000 38.5
176.000000 38.56
177.000000 38.56
178.000000 38.56
179.000000 38.56
180.000000 38.56
181.000000 38.56
182.000000 38.62
183.000000 38.56
184.000000 38.56
185.000000 38.56
186.000000 38.56
187.000000 38.56
188.000000 38.56
189.000000 38.56
190.000000 38.56
191.000000 38.56
192.000000 38.56
193.000000 38.56
194.000000 38.56
195.000000 38.62
196.000000 38.62
197.000000 38.62
198.000000 38.62
199.000000 38.62
200.000000 38.62
201.000000 38.62
202.000000 38.68
203.000000 38.68
204.000000 38.62
205.000000 38.62
206.000000 38.62
207.000000 38.62
208.000000 38.62
209.000000 38.62
210.000000 38.62
211.000000 38.62
212.000000 38.62
213.000000 38.62
214.000000 38.62
215.000000 38.62
216.000000 38.62
217.000000 38.62
218.000000 38.62
219.000000 38.68
220.000000 38.68
221.000000 38.62
222.000000 38.68
223.000000 38.68
224.000000 38.68
225.000000 38.62
226.000000 38.62
227.000000 38.62
228.000000 38.62
229.000000 38.56
230.000000 38.56
231.000000 38.56
232.000000 38.56
233.000000 38.62
234.000000 38.62
235.000000 38.62
236.000000 38.62
237.000000 38.62
238.000000 38.62
239.000000 38.62
240.000000 38.62
241.000000 38.62
242.000000 38.62
243.000000 38.62
244.000000 38.62
245.000000 38.62
246.000000 38.62
247.000000 38.62
248.000000 38.62
249.000000 38.68
250.000000 38.68
251.000000 38.68
252.000000 38.68
253.000000 38.68
254.000000 38.68
255.000000 38.68
256.000000 38.68
257.000000 38.68
258.000000 38.68
259.000000 38.68
260.000000 38.68
261.000000 38.68
262.000000 38.68
263.000000 38.68
264.000000 38.68
265.000000 38.62
266.000000 38.62
267.000000 38.68
268.000000 38.68
269.000000 38.68
270.000000 38.75
271.000000 38.75
272.000000 38.75
273.000000 38.75
274.000000 38.75
275.000000 38.75
276.000000 38.75
277.000000 38.75
278.000000 38.68
279.000000 38.68
280.000000 38.68
281.000000 38.68
282.000000 38.68
283.000000 38.68
284.000000 38.62
285.000000 38.62
286.000000 38.62
287.000000 38.62
288.000000 38.62
289.000000 38.62
290.000000 38.56
291.000000 38.56
292.000000 38.56
293.000000 38.56
294.000000 38.56
295.000000 38.56
296.000000 38.56
297.000000 38.56
298.000000 38.56
299.000000 38.56
300.000000 38.56
301.000000 38.56
302.000000 38.56
303.000000 38.56
304.000000 38.56
305.000000 38.56
306.000000 38.56
307.000000 38.62
308.000000 38.62
309.000000 38.62
310.000000 38.62
311.000000 38.62
312.000000 38.62
313.000000 38.62
314.000000 38.68
315.000000 38.62
316.000000 38.68
317.000000 38.68
318.000000 38.68
319.000000 38.68
320.000000 38.68
321.000000 38.68
322.000000 38.75
323.000000 38.68
324.000000 38.68
325.000000 38.75
326.000000 38.68
327.000000 38.75
328.000000 38.75
329.000000 38.75
330.000000 38.75
331.000000 38.75
332.000000 38.81
333.000000 38.81
334.000000 38.81
335.000000 38.81
336.000000 38.81
337.000000 38.81
338.000000 38.81
339.000000 38.81
340.000000 38.87
341.000000 38.87
342.000000 38.87
343.000000 38.87
344.000000 38.87
345.000000 38.93
346.000000 38.93
347.000000 38.93
348.000000 38.87
349.000000 38.87
