0.000000 38.87
1.000000 38.87
2.000000 38.93
3.000000 38.93
4.000000 38.93
5.000000 38.93
6.000000 38.93
7.000000 38.93
8.000000 38.93
9.000000 38.93
10.000000 38.93
11.000000 38.93
12.000000 38.93
13.000000 39
14.000000 39
15.000000 39
16.000000 39
17.000000 39
18.000000 39
19.000000 39
20.000000 39
21.000000 39
22.000000 39
23.000000 39
24.000000 39
25.000000 39
26.000000 39
27.000000 39
28.000000 39
29.000000 39
30.000000 39
31.000000 39
32.000000 39
33.000000 39
34.000000 39.06
35.000000 39.06
36.000000 39.06
37.000000 39.06
38.000000 39.06
39.000000 39.06
40.000000 39.06
41.000000 39.06
42.000000 39.12
43.000000 39.12
44.000000 39.12
45.000000 39.12
46.000000 39.12
47.000000 39.12
48.000000 39.12
49.000000 39.12
50.000000 39.12
51.000000 39.12
52.000000 39.18
53.000000 39.18
54.000000 39.18
55.000000 39.18
56.000000 39.18
57.000000 39.18
58.000000 39.18
59.000000 39.25
60.000000 39.25
61.000000 39.25
62.000000 39.25
63.000000 39.25
64.000000 39.31
65.000000 39.31
66.000000 39.31
67.000000 39.31
68.000000 39.37
69.000000 39.37
70.000000 39.37
71.000000 39.37
72.000000 39.37
73.000000 39.43
74.000000 39.43
75.000000 39.43
76.000000 39.43
77.000000 39.43
78.000000 39.43
79.000000 39.43
80.000000 39.5
81.000000 39.5
82.000000 39.5
83.000000 39.5
84.000000 39.5
85.000000 39.5
86.000000 39.5
87.000000 39.5
88.000000 39.5
89.000000 39.56
90.000000 39.56
91.000000 39.56
92.000000 39.62
93.000000 39.62
94.000000 39.62
95.000000 39.62
96.000000 39.68
97.000000 39.68
98.000000 39.68
99.000000 39.68
100.000000 39.75
101.000000 39.75
102.000000 39.75
103.000000 39.75
104.000000 39.81
105.000000 39.81
106.000000 39.81
107.000000 39.81
108.000000 39.81
109.000000 39.81
110.000000 39.81
111.000000 39.81
112.000000 39.87
113.000000 39.87
114.000000 39.87
115.000000 39.87
116.000000 39.87
117.000000 39.87
118.000000 39.87
119.000000 39.93
120.000000 39.93
121.000000 39.93
122.000000 39.93
123.000000 40
124.000000 40
125.000000 40
126.000000 40
127.000000 40
128.000000 40
129.000000 40
130.000000 40.06
131.000000 40.06
132.000000 40.06
133.000000 40.06
134.000000 40.06
135.000000 40.06
136.000000 40.06
137.000000 40.12
138.000000 40.12
139.000000 40.12
140.000000 40.12
141.000000 40.12
142.000000 40.12
143.000000 40.12
144.000000 40.12
145.000000 40.18
146.000000 40.18
147.000000 40.18
148.000000 40.18
149.000000 40.18
150.000000 40.18
151.000000 40.18
152.000000 40.25
153.000000 40.25
154.000000 40.25
155.000000 40.25
156.000000 40.25
157.000000 40.25
158.000000 40.25
159.000000 40.25
160.000000 40.25
161.000000 40.25
162.000000 40.25
163.000000 40.25
164.000000 40.25
165.000000 40.25
166.000000 40.25
167.000000 40.25
168.000000 40.25
169.000000 40.25
170.000000 40.31
171.000000 40.31
172.000000 40.31
173.000000 40.31
174.000000 40.31
175.000000 40.31
176.000000 40.31
177.000000 40.31
178.000000 40.37
179.000000 40.37
180.000000 40.37
181.000000 40.37
182.000000 40.37
183.000000 40.37
184.000000 40.37
185.000000 40.37
186.000000 40.37
187.000000 40.37
188.000000 40.37
189.000000 40.37
190.000000 40.37
191.000000 40.37
192.000000 40.37
193.000000 40.37
194.000000 40.37
195.000000 40.37
196.000000 40.37
197.000000 40.37
198.000000 40.37
199.000000 40.37
200.000000 40.37
201.000000 40.43
202.000000 40.37
203.000000 40.43
204.000000 40.43
205.000000 40.43
206.000000 40.43
207.000000 40.37
208.000000 40.37
209.000000 40.37
210.000000 40.37
211.000000 40.37
212.000000 40.37
213.000000 40.37
214.000000 40.37
215.000000 40.37
216.000000 40.37
217.000000 40.37
218.000000 40.43
219.000000 40.43
220.000000 40.43
221.000000 40.43
222.000000 40.43
223.000000 40.43
224.000000 40.43
225.000000 40.43
226.000000 40.43
227.000000 40.43
228.000000 40.43
229.000000 40.43
230.000000 40.5
231.000000 40.5
232.000000 40.5
233.000000 40.5
234.000000 40.5
235.000000 40.5
236.000000 40.5
237.000000 40.5
238.000000 40.5
239.000000 40.5
240.000000 40.5
241.000000 40.5
242.000000 40.5
243.000000 40.5
244.000000 40.56
245.000000 40.56
246.000000 40.5
247.000000 40.5
248.000000 40.56
249.000000 40.56
250.000000 40.56
251.000000 40.56
252.000000 40.56
253.000000 40.56
254.000000 40.56
255.000000 40.56
256.000000 40.56
257.000000 40.56
258.000000 40.56
259.000000 40.56
260.000000 40.56
261.000000 40.56
262.000000 40.56
263.000000 40.56
264.000000 40.56
265.000000 40.56
266.000000 40.56
267.000000 40.56
268.000000 40.62
269.000000 40.56
270.000000 40.62
271.000000 40.56
272.000000 40.62
273.000000 40.56
274.000000 40.56
275.000000 40.62
276.000000 40.62
277.000000 40.62
278.000000 40.62
279.000000 40.62
280.000000 40.62
281.000000 40.62
282.000000 40.62
283.000000 40.62
284.000000 40.62
285.000000 40.62
286.000000 40.62
287.000000 40.62
288.000000 40.62
289.000000 40.62
290.000000 40.62
291.000000 40.62
292.000000 40.62
293.000000 40.62
294.000000 40.62
295.000000 40.62
296.000000 40.62
297.000000 40.62
298.000000 40.62
299.000000 40.62
300.000000 40.62
301.000000 40.62
302.000000 40.62
303.000000 40.62
304.000000 40.62
305.000000 40.62
306.000000 40.62
307.000000 40.62
308.000000 40.62
309.000000 40.62
310.000000 40.62
311.000000 40.68
312.000000 40.68
313.000000 40.68
314.000000 40.68
315.000000 40.68
316.000000 40.68
317.000000 40.68
318.000000 40.68
319.000000 40.68
320.000000 40.68
321.000000 40.68
322.000000 40.68
323.000000 40.68
324.000000 40.68
325.000000 40.68
326.000000 40.68
327.000000 40.68
328.000000 40.68
329.000000 40.68
330.000000 40.68
331.000000 40.68
332.000000 40.75
333.000000 40.75
334.000000 40.75
335.000000 40.75
336.000000 40.75
337.000000 40.75
338.000000 40.75
339.000000 40.75
340.000000 40.75
341.000000 40.75
342.000000 40.75
343.000000 40.75
344.000000 40.75
345.000000 40.75
346.000000 40.75
347.000000 40.75
348.000000 40.75
349.000000 40.75
