0.000000 39.06
1.000000 39.06
2.000000 39.06
3.000000 39.06
4.000000 39.06
5.000000 39.06
6.000000 39.06
7.000000 39.06
8.000000 39.06
9.000000 39.06
10.000000 39.06
11.000000 39.06
12.000000 39.06
13.000000 39.06
14.000000 39.06
15.000000 39.12
16.000000 39.12
17.000000 39.12
18.000000 39.12
19.000000 39.12
20.000000 39.18
21.000000 39.18
22.000000 39.18
23.000000 39.25
24.000000 39.25
25.000000 39.31
26.000000 39.37
27.000000 39.37
28.000000 39.43
29.000000 39.5
30.000000 39.5
31.000000 39.56
32.000000 39.56
33.000000 39.62
34.000000 39.68
35.000000 39.68
36.000000 39.75
37.000000 39.75
38.000000 39.81
39.000000 39.81
40.000000 39.87
41.000000 39.93
42.000000 39.93
43.000000 40
44.000000 40.06
45.000000 40.06
46.000000 40.12
47.000000 40.12
48.000000 40.18
49.000000 40.18
50.000000 40.25
51.000000 40.25
52.000000 40.31
53.000000 40.31
54.000000 40.37
55.000000 40.37
56.000000 40.43
57.000000 40.5
58.000000 40.5
59.000000 40.56
60.000000 40.56
61.000000 40.62
62.000000 40.62
63.000000 40.62
64.000000 40.68
65.000000 40.68
66.000000 40.68
67.000000 40.75
68.000000 40.75
69.000000 40.81
70.000000 40.81
71.000000 40.87
72.000000 40.87
73.000000 40.87
74.000000 40.93
75.000000 40.93
76.000000 41
77.000000 41
78.000000 41
79.000000 41.06
80.000000 41.06
81.000000 41.12
82.000000 41.12
83.000000 41.12
84.000000 41.18
85.000000 41.18
86.000000 41.18
87.000000 41.18
88.000000 41.18
89.000000 41.18
90.000000 41.25
91.000000 41.25
92.000000 41.25
93.000000 41.25
94.000000 41.25
95.000000 41.31
96.000000 41.31
97.000000 41.31
98.000000 41.31
99.000000 41.31
100.000000 41.37
101.000000 41.37
102.000000 41.37
103.000000 41.37
104.000000 41.43
105.000000 41.43
106.000000 41.43
107.000000 41.43
108.000000 41.5
109.000000 41.5
110.000000 41.5
111.000000 41.5
112.000000 41.56
113.000000 41.56
114.000000 41.56
115.000000 41.56
116.000000 41.56
117.000000 41.56
118.000000 41.62
119.000000 41.62
120.000000 41.62
121.000000 41.62
122.000000 41.62
123.000000 41.68
124.000000 41.68
125.000000 41.68
126.000000 41.68
127.000000 41.68
128.000000 41.75
129.000000 41.75
130.000000 41.75
131.000000 41.75
132.000000 41.75
133.000000 41.75
134.000000 41.81
135.000000 41.81
136.000000 41.81
137.000000 41.81
138.000000 41.81
139.000000 41.81
140.000000 41.81
141.000000 41.81
142.000000 41.81
143.000000 41.81
144.000000 41.81
145.000000 41.87
146.000000 41.87
147.000000 41.87
148.000000 41.87
149.000000 41.87
150.000000 41.87
151.000000 41.87
152.000000 41.87
153.000000 41.87
154.000000 41.87
155.000000 41.87
156.000000 41.87
157.000000 41.87
158.000000 41.87
159.000000 41.87
160.000000 41.93
161.000000 41.87
162.000000 41.93
163.000000 41.87
164.000000 41.93
165.000000 41.93
166.000000 41.93
167.000000 41.93
168.000000 41.93
169.000000 41.93
170.000000 41.93
171.000000 41.93
172.000000 41.93
173.000000 41.93
174.000000 41.93
175.000000 41.93
176.000000 41.93
177.000000 41.93
178.000000 41.93
179.000000 41.93
180.000000 41.93
181.000000 41.93
182.000000 42
183.000000 42
184.000000 42
185.000000 42
186.000000 42
187.000000 42
188.000000 42
189.000000 42
190.000000 42
191.000000 42
192.000000 42
193.000000 42
194.000000 42
195.000000 42
196.000000 41.93
197.000000 41.93
198.000000 41.93
199.000000 41.93
200.000000 41.93
201.000000 41.93
202.000000 41.93
203.000000 41.93
204.000000 42
205.000000 42
206.000000 42
207.000000 42
208.000000 42
209.000000 42
210.000000 42
211.000000 42
212.000000 42
213.000000 42
214.000000 42
215.000000 42
216.000000 42
217.000000 42.06
218.000000 42.06
219.000000 42.06
220.000000 42.06
221.000000 42.06
222.000000 42.06
223.000000 42.06
224.000000 42.06
225.000000 42.06
226.000000 42.06
227.000000 42.06
228.000000 42.06
229.000000 42
230.000000 42.06
231.000000 42
232.000000 42
233.000000 42
234.000000 42
235.000000 42
236.000000 42
237.000000 42
238.000000 42
239.000000 42
240.000000 42
241.000000 42
242.000000 42
243.000000 42
244.000000 42
245.000000 42
246.000000 42
247.000000 42
248.000000 42
249.000000 42
250.000000 42
251.000000 42
252.000000 42
253.000000 42
254.000000 42
255.000000 42
256.000000 42.06
257.000000 42.06
258.000000 42.06
259.000000 42.06
260.000000 42.06
261.000000 42.06
262.000000 42.06
263.000000 42.06
264.000000 42.06
265.000000 42.12
266.000000 42.12
267.000000 42.12
268.000000 42.12
269.000000 42.12
270.000000 42.12
271.000000 42.12
272.000000 42.12
273.000000 42.12
274.000000 42.12
275.000000 42.12
276.000000 42.12
277.000000 42.12
278.000000 42.12
279.000000 42.12
280.000000 42.12
281.000000 42.18
282.000000 42.18
283.000000 42.18
284.000000 42.18
285.000000 42.18
286.000000 42.18
287.000000 42.18
288.000000 42.18
289.000000 42.18
290.000000 42.18
291.000000 42.18
292.000000 42.18
293.000000 42.18
294.000000 42.18
295.000000 42.18
296.000000 42.18
297.000000 42.18
298.000000 42.18
299.000000 42.18
300.000000 42.18
301.000000 42.18
302.000000 42.18
303.000000 42.18
304.000000 42.18
305.000000 42.18
306.000000 42.18
307.000000 42.18
308.000000 42.18
309.000000 42.18
310.000000 42.18
311.000000 42.18
312.000000 42.25
313.000000 42.18
314.000000 42.18
315.000000 42.18
316.000000 42.18
317.000000 42.18
318.000000 42.18
319.000000 42.18
320.000000 42.25
321.000000 42.25
322.000000 42.25
323.000000 42.25
324.000000 42.25
325.000000 42.25
326.000000 42.25
327.000000 42.25
328.000000 42.18
329.000000 42.18
330.000000 42.18
331.000000 42.18
332.000000 42.18
333.000000 42.18
334.000000 42.25
335.000000 42.18
336.000000 42.18
337.000000 42.18
338.000000 42.18
339.000000 42.18
340.000000 42.18
341.000000 42.18
342.000000 42.25
343.000000 42.25
344.000000 42.25
345.000000 42.25
346.000000 42.25
347.000000 42.25
348.000000 42.25
349.000000 42.25
