0.000000 38
1.000000 38
2.000000 38
3.000000 38
4.000000 38
5.000000 38
6.000000 38
7.000000 38
8.000000 38
9.000000 38
10.000000 38
11.000000 38
12.000000 38
13.000000 38
14.000000 38.06
15.000000 38.06
16.000000 38.06
17.000000 38.12
18.000000 38.12
19.000000 38.12
20.000000 38.12
21.000000 38.18
22.000000 38.18
23.000000 38.18
24.000000 38.18
25.000000 38.25
26.000000 38.25
27.000000 38.31
28.000000 38.31
29.000000 38.31
30.000000 38.37
31.000000 38.37
32.000000 38.37
33.000000 38.43
34.000000 38.43
35.000000 38.43
36.000000 38.43
37.000000 38.5
38.000000 38.5
39.000000 38.5
40.000000 38.5
41.000000 38.5
42.000000 38.5
43.000000 38.5
44.000000 38.5
45.000000 38.5
46.000000 38.5
47.000000 38.56
48.000000 38.56
49.000000 38.56
50.000000 38.56
51.000000 38.56
52.000000 38.56
53.000000 38.56
54.000000 38.56
55.000000 38.56
56.000000 38.5
57.000000 38.5
58.000000 38.5
59.000000 38.5
60.000000 38.5
61.000000 38.5
62.000000 38.5
63.000000 38.5
64.000000 38.5
65.000000 38.43
66.000000 38.43
67.000000 38.43
68.000000 38.43
69.000000 38.43
70.000000 38.43
71.000000 38.43
72.000000 38.37
73.000000 38.37
74.000000 38.37
75.000000 38.37
76.000000 38.37
77.000000 38.37
78.000000 38.31
79.000000 38.31
80.000000 38.31
81.000000 38.31
82.000000 38.31
83.000000 38.31
84.000000 38.25
85.000000 38.25
86.000000 38.25
87.000000 38.25
88.000000 38.25
89.000000 38.18
90.000000 38.18
91.000000 38.18
92.000000 38.18
93.000000 38.18
94.000000 38.18
95.000000 38.18
96.000000 38.12
97.000000 38.12
98.000000 38.12
99.000000 38.12
100.000000 38.12
101.000000 38.12
102.000000 38.12
103.000000 38.06
104.000000 38.06
105.000000 38.06
106.000000 38.06
107.000000 38.06
108.000000 38.06
109.000000 38.06
110.000000 38.06
111.000000 38.06
112.000000 38
113.000000 38
114.000000 38
115.000000 38
116.000000 38
117.000000 38
118.000000 38
119.000000 38
120.000000 37.93
121.000000 37.93
122.000000 37.93
123.000000 37.93
124.000000 37.93
125.000000 37.93
126.000000 37.93
127.000000 37.93
128.000000 37.93
129.000000 37.93
130.000000 37.93
131.000000 37.93
132.000000 37.93
133.000000 37.93
134.000000 37.93
135.000000 37.87
136.000000 37.87
137.000000 37.87
138.000000 37.87
139.000000 37.87
140.000000 37.87
141.000000 37.87
142.000000 37.87
143.000000 37.87
144.000000 37.87
145.000000 37.87
146.000000 37.87
147.000000 37.87
148.000000 37.87
149.000000 37.87
150.000000 37.87
151.000000 37.87
152.000000 37.87
153.000000 37.87
154.000000 37.87
155.000000 37.87
156.000000 37.87
157.000000 37.87
158.000000 37.87
159.000000 37.87
160.000000 37.87
161.000000 37.87
162.000000 37.87
163.000000 37.87
164.000000 37.87
165.000000 37.87
166.000000 37.87
167.000000 37.87
168.000000 37.87
169.000000 37.87
170.000000 37.93
171.000000 37.93
172.000000 37.93
173.000000 37.93
174.000000 37.93
175.000000 37.93
176.000000 37.93
177.000000 37.93
178.000000 37.93
179.000000 37.93
180.000000 37.93
181.000000 37.93
182.000000 37.93
183.000000 37.93
184.000000 37.93
185.000000 37.93
186.000000 37.93
187.000000 37.93
188.000000 37.93
189.000000 37.93
190.000000 37.93
191.000000 37.93
192.000000 37.93
193.000000 37.93
194.000000 37.93
195.000000 37.93
196.000000 37.93
197.000000 37.93
198.000000 37.93
199.000000 37.93
200.000000 37.93
201.000000 37.93
202.000000 37.93
203.000000 37.93
204.000000 37.93
205.000000 38
206.000000 38
207.000000 38
208.000000 38
209.000000 38.06
210.000000 38.06
211.000000 38.06
212.000000 38.06
213.000000 38.12
214.000000 38.12
215.000000 38.18
216.000000 38.18
217.000000 38.18
218.000000 38.25
219.000000 38.25
220.000000 38.31
221.000000 38.37
222.000000 38.37
223.000000 38.43
224.000000 38.5
225.000000 38.5
226.000000 38.56
227.000000 38.62
228.000000 38.62
229.000000 38.68
230.000000 38.75
231.000000 38.81
232.000000 38.87
233.000000 38.87
234.000000 38.93
235.000000 39
236.000000 39.06
237.000000 39.06
238.000000 39.12
239.000000 39.18
240.000000 39.25
241.000000 39.31
242.000000 39.31
243.000000 39.37
244.000000 39.43
245.000000 39.5
246.000000 39.56
247.000000 39.62
248.000000 39.68
249.000000 39.68
250.000000 39.75
251.000000 39.81
252.000000 39.87
253.000000 39.93
254.000000 40
255.000000 40
256.000000 40.06
257.000000 40.12
258.000000 40.18
259.000000 40.25
260.000000 40.31
261.000000 40.31
262.000000 40.37
263.000000 40.43
264.000000 40.43
265.000000 40.5
266.000000 40.56
267.000000 40.56
268.000000 40.62
269.000000 40.68
270.000000 40.68
271.000000 40.75
272.000000 40.75
273.000000 40.81
274.000000 40.81
275.000000 40.87
276.000000 40.87
277.000000 40.93
278.000000 40.93
279.000000 40.93
280.000000 41
281.000000 41
282.000000 41
283.000000 41.06
284.000000 41.06
285.000000 41.12
286.000000 41.12
287.000000 41.12
288.000000 41.18
289.000000 41.18
290.000000 41.18
291.000000 41.18
292.000000 41.18
293.000000 41.25
294.000000 41.25
295.000000 41.25
296.000000 41.25
297.000000 41.31
298.000000 41.31
299.000000 41.31
300.000000 41.25
301.000000 41.25
302.000000 41.31
303.000000 41.31
304.000000 41.31
305.000000 41.31
306.000000 41.37
307.000000 41.37
308.000000 41.37
309.000000 41.43
310.000000 41.43
311.000000 41.43
312.000000 41.43
313.000000 41.43
314.000000 41.43
315.000000 41.43
316.000000 41.43
317.000000 41.37
318.000000 41.37
319.000000 41.37
320.000000 41.37
321.000000 41.37
322.000000 41.37
323.000000 41.37
324.000000 41.37
325.000000 41.37
326.000000 41.31
327.000000 41.31
328.000000 41.31
329.000000 41.25
330.000000 41.25
331.000000 41.25
332.000000 41.18
333.000000 41.18
334.000000 41.18
335.000000 41.18
336.000000 41.18
337.000000 41.18
338.000000 41.18
339.000000 41.12
340.000000 41.12
341.000000 41.12
342.000000 41.12
343.000000 41.12
344.000000 41.12
345.000000 41.12
346.000000 41.12
347.000000 41.12
348.000000 41.12
349.000000 41.12
350.000000 41.12
351.000000 41.18
352.000000 41.18
353.000000 41.18
354.000000 41.18
355.000000 41.18
356.000000 41.18
357.000000 41.18
358.000000 41.18
359.000000 41.18
360.000000 41.18
361.000000 41.18
362.000000 41.18
363.000000 41.12
364.000000 41.12
365.000000 41.12
366.000000 41.12
367.000000 41.12
368.000000 41.06
369.000000 41.06
370.000000 41.06
371.000000 41.06
372.000000 41.06
373.000000 41
374.000000 41
375.000000 41
376.000000 41
377.000000 40.93
378.000000 41
379.000000 40.93
380.000000 40.93
381.000000 40.93
382.000000 40.93
383.000000 40.93
384.000000 40.93
385.000000 40.93
386.000000 40.93
387.000000 40.93
388.000000 40.93
389.000000 40.93
390.000000 40.93
391.000000 40.93
392.000000 40.93
393.000000 40.93
394.000000 40.93
395.000000 40.93
396.000000 40.93
397.000000 40.93
398.000000 40.93
399.000000 40.93
400.000000 40.93
401.000000 40.93
402.000000 40.93
403.000000 40.93
404.000000 40.93
405.000000 40.93
406.000000 40.93
407.000000 40.93
408.000000 40.93
409.000000 40.93
410.000000 40.93
411.000000 40.93
412.000000 40.93
413.000000 40.93
414.000000 40.93
415.000000 40.93
416.000000 40.93
417.000000 40.93
418.000000 40.93
419.000000 40.93
420.000000 40.93
421.000000 40.93
422.000000 40.93
423.000000 40.93
424.000000 40.93
425.000000 40.93
426.000000 41
427.000000 41
428.000000 41
429.000000 41
430.000000 41
431.000000 41
432.000000 41
433.000000 41
434.000000 41
435.000000 41
436.000000 41
437.000000 41
438.000000 41
439.000000 40.93
440.000000 40.93
441.000000 40.93
442.000000 40.93
443.000000 40.93
444.000000 40.93
445.000000 40.93
446.000000 40.93
447.000000 41
448.000000 41
449.000000 41
450.000000 41
451.000000 41
452.000000 41
453.000000 41
454.000000 41
455.000000 41
456.000000 41
457.000000 41
458.000000 41
459.000000 41
460.000000 41
461.000000 41
462.000000 41
463.000000 41
464.000000 41
465.000000 41
466.000000 41
467.000000 41
468.000000 41
469.000000 41
470.000000 41
471.000000 41
472.000000 41
473.000000 41
474.000000 41
475.000000 40.93
476.000000 41
477.000000 40.93
478.000000 40.93
479.000000 41
480.000000 41
481.000000 41
482.000000 41
483.000000 41
484.000000 41.06
485.000000 41.06
486.000000 41
487.000000 41
488.000000 41
489.000000 41
490.000000 41
