0.000000 36.25
1.000000 36.25
2.000000 36.25
3.000000 36.25
4.000000 36.25
5.000000 36.25
6.000000 36.25
7.000000 36.25
8.000000 36.25
9.000000 36.25
10.000000 36.25
11.000000 36.25
12.000000 36.25
13.000000 36.25
14.000000 36.25
15.000000 36.31
16.000000 36.31
17.000000 36.31
18.000000 36.37
19.000000 36.37
20.000000 36.37
21.000000 36.43
22.000000 36.43
23.000000 36.43
24.000000 36.5
25.000000 36.5
26.000000 36.56
27.000000 36.56
28.000000 36.56
29.000000 36.62
30.000000 36.62
31.000000 36.68
32.000000 36.75
33.000000 36.75
34.000000 36.81
35.000000 36.81
36.000000 36.87
37.000000 36.87
38.000000 36.93
39.000000 37
40.000000 37
41.000000 37.06
42.000000 37.06
43.000000 37.12
44.000000 37.12
45.000000 37.18
46.000000 37.18
47.000000 37.25
48.000000 37.25
49.000000 37.31
50.000000 37.31
51.000000 37.37
52.000000 37.37
53.000000 37.37
54.000000 37.43
55.000000 37.5
56.000000 37.5
57.000000 37.56
58.000000 37.56
59.000000 37.56
60.000000 37.62
61.000000 37.62
62.000000 37.62
63.000000 37.68
64.000000 37.68
65.000000 37.75
66.000000 37.75
67.000000 37.81
68.000000 37.81
69.000000 37.81
70.000000 37.87
71.000000 37.87
72.000000 37.93
73.000000 37.93
74.000000 37.93
75.000000 37.93
76.000000 38
77.000000 38
78.000000 38
79.000000 38.06
80.000000 38.06
81.000000 38.06
82.000000 38.06
83.000000 38.06
84.000000 38.06
85.000000 38.06
86.000000 38.12
87.000000 38.12
88.000000 38.12
89.000000 38.12
90.000000 38.06
91.000000 38.06
92.000000 38.06
93.000000 38.06
94.000000 38.06
95.000000 38.06
96.000000 38.06
97.000000 38.06
98.000000 38.06
99.000000 38.06
100.000000 38.06
101.000000 38.06
102.000000 38.06
103.000000 38.06
104.000000 38.06
105.000000 38.06
106.000000 38.06
107.000000 38.06
108.000000 38.06
109.000000 38.06
110.000000 38.12
111.000000 38.12
112.000000 38.12
113.000000 38.18
114.000000 38.18
115.000000 38.18
116.000000 38.25
117.000000 38.25
118.000000 38.25
119.000000 38.25
120.000000 38.31
121.000000 38.25
122.000000 38.25
123.000000 38.25
124.000000 38.25
125.000000 38.18
126.000000 38.25
127.000000 38.25
128.000000 38.25
129.000000 38.25
130.000000 38.25
131.000000 38.25
132.000000 38.25
133.000000 38.25
134.000000 38.25
135.000000 38.25
136.000000 38.25
137.000000 38.25
138.000000 38.25
139.000000 38.25
140.000000 38.18
141.000000 38.25
142.000000 38.18
143.000000 38.18
144.000000 38.12
145.000000 38.12
146.000000 38.06
147.000000 38.06
148.000000 38.06
149.000000 38.06
150.000000 38
151.000000 38
152.000000 37.93
153.000000 38
154.000000 37.93
155.000000 38
156.000000 38
157.000000 37.93
158.000000 37.93
159.000000 37.93
160.000000 37.93
161.000000 37.93
162.000000 37.93
163.000000 37.93
164.000000 37.93
165.000000 37.93
166.000000 37.93
167.000000 37.87
168.000000 37.87
169.000000 37.87
170.000000 37.87
171.000000 37.87
172.000000 37.93
173.000000 37.93
174.000000 37.93
175.000000 37.93
176.000000 37.93
177.000000 37.93
178.000000 37.93
179.000000 38
180.000000 38
181.000000 37.93
182.000000 37.93
183.000000 37.93
184.000000 37.87
185.000000 37.87
186.000000 37.87
187.000000 37.87
188.000000 37.87
189.000000 37.87
190.000000 37.87
191.000000 37.87
192.000000 37.87
193.000000 37.87
194.000000 37.87
195.000000 37.87
196.000000 37.87
197.000000 37.87
198.000000 37.87
199.000000 37.87
200.000000 37.87
201.000000 37.87
202.000000 37.93
203.000000 37.93
204.000000 38
205.000000 38
206.000000 38
207.000000 38.06
208.000000 38.06
209.000000 38.06
210.000000 38.06
211.000000 38.06
212.000000 38.12
213.000000 38.12
214.000000 38.12
215.000000 38.18
216.000000 38.18
217.000000 38.25
218.000000 38.25
219.000000 38.31
220.000000 38.31
221.000000 38.37
222.000000 38.37
223.000000 38.43
224.000000 38.5
225.000000 38.56
226.000000 38.56
227.000000 38.62
228.000000 38.68
229.000000 38.68
230.000000 38.75
231.000000 38.81
232.000000 38.81
233.000000 38.87
234.000000 38.87
235.000000 38.93
236.000000 38.93
237.000000 39
238.000000 39.06
239.000000 39.12
240.000000 39.18
241.000000 39.25
242.000000 39.31
243.000000 39.31
244.000000 39.37
245.000000 39.43
246.000000 39.5
247.000000 39.56
248.000000 39.62
249.000000 39.68
250.000000 39.75
251.000000 39.81
252.000000 39.87
253.000000 39.93
254.000000 39.93
255.000000 40
256.000000 40.06
257.000000 40.18
258.000000 40.25
259.000000 40.25
260.000000 40.31
261.000000 40.37
262.000000 40.37
263.000000 40.43
264.000000 40.43
265.000000 40.43
266.000000 40.5
267.000000 40.5
268.000000 40.56
269.000000 40.56
270.000000 40.62
271.000000 40.68
272.000000 40.68
273.000000 40.75
274.000000 40.75
275.000000 40.81
276.000000 40.81
277.000000 40.87
278.000000 40.87
279.000000 40.87
280.000000 40.93
281.000000 40.93
282.000000 40.93
283.000000 41
284.000000 41
285.000000 41
286.000000 41.06
287.000000 41.06
288.000000 41.06
289.000000 41.12
290.000000 41.18
291.000000 41.18
292.000000 41.18
293.000000 41.18
294.000000 41.25
295.000000 41.25
296.000000 41.25
297.000000 41.18
298.000000 41.18
299.000000 41.18
300.000000 41.18
301.000000 41.18
302.000000 41.18
303.000000 41.18
304.000000 41.18
305.000000 41.25
306.000000 41.25
307.000000 41.25
308.000000 41.25
309.000000 41.25
310.000000 41.25
311.000000 41.18
312.000000 41.18
313.000000 41.25
314.000000 41.25
315.000000 41.25
316.000000 41.25
317.000000 41.31
318.000000 41.31
319.000000 41.31
320.000000 41.25
321.000000 41.25
322.000000 41.25
323.000000 41.25
324.000000 41.25
325.000000 41.25
326.000000 41.25
327.000000 41.25
328.000000 41.25
329.000000 41.25
330.000000 41.25
331.000000 41.25
332.000000 41.25
333.000000 41.25
334.000000 41.18
335.000000 41.18
336.000000 41.18
337.000000 41.12
338.000000 41.12
339.000000 41.12
340.000000 41.12
341.000000 41.06
342.000000 41.06
343.000000 41.12
344.000000 41.06
345.000000 41.06
346.000000 41.06
347.000000 41.06
348.000000 41
349.000000 41
350.000000 41
351.000000 41
352.000000 41
353.000000 41
354.000000 41
355.000000 41
356.000000 41
357.000000 41
358.000000 41
359.000000 41
360.000000 41
361.000000 41
362.000000 41
363.000000 41
364.000000 40.93
365.000000 41
366.000000 40.93
367.000000 40.93
368.000000 40.93
369.000000 40.93
370.000000 40.93
371.000000 40.93
372.000000 40.87
373.000000 40.87
374.000000 40.87
375.000000 40.87
376.000000 40.87
377.000000 40.81
378.000000 40.81
379.000000 40.81
380.000000 40.81
381.000000 40.81
382.000000 40.81
383.000000 40.81
384.000000 40.81
385.000000 40.81
386.000000 40.81
387.000000 40.87
388.000000 40.87
389.000000 40.87
390.000000 40.87
391.000000 40.93
392.000000 40.93
393.000000 40.93
394.000000 40.87
395.000000 40.93
396.000000 40.87
397.000000 40.87
398.000000 40.87
399.000000 40.87
400.000000 40.87
401.000000 40.87
402.000000 40.87
403.000000 40.87
404.000000 40.87
405.000000 40.87
406.000000 40.87
407.000000 40.87
408.000000 40.87
409.000000 40.87
410.000000 40.87
411.000000 40.93
412.000000 40.93
413.000000 40.93
414.000000 40.93
415.000000 40.93
416.000000 40.93
417.000000 40.93
418.000000 40.93
419.000000 40.93
420.000000 40.93
421.000000 41
422.000000 41
423.000000 41
424.000000 41
425.000000 41
426.000000 41
427.000000 41.06
428.000000 41.06
429.000000 41.12
430.000000 41.12
431.000000 41.12
432.000000 41.18
433.000000 41.18
434.000000 41.25
435.000000 41.25
436.000000 41.25
437.000000 41.25
438.000000 41.25
439.000000 41.25
440.000000 41.25
441.000000 41.25
442.000000 41.25
443.000000 41.25
444.000000 41.25
445.000000 41.25
446.000000 41.18
447.000000 41.18
448.000000 41.18
449.000000 41.18
450.000000 41.18
451.000000 41.18
452.000000 41.18
453.000000 41.18
454.000000 41.18
455.000000 41.18
456.000000 41.18
457.000000 41.18
458.000000 41.18
459.000000 41.18
460.000000 41.18
461.000000 41.12
462.000000 41.12
463.000000 41.12
464.000000 41.12
465.000000 41.12
466.000000 41.06
467.000000 41.12
468.000000 41.12
469.000000 41.06
470.000000 41.06
471.000000 41.06
472.000000 41.12
473.000000 41.12
474.000000 41.18
475.000000 41.18
476.000000 41.18
477.000000 41.18
478.000000 41.18
479.000000 41.18
480.000000 41.18
481.000000 41.18
482.000000 41.12
483.000000 41.12
484.000000 41.12
485.000000 41.06
486.000000 41
487.000000 41
488.000000 41
489.000000 40.93
490.000000 40.93
