0.000000 35.62
1.000000 35.62
2.000000 35.62
3.000000 35.62
4.000000 35.56
5.000000 35.62
6.000000 35.62
7.000000 35.62
8.000000 35.62
9.000000 35.62
10.000000 35.62
11.000000 35.68
12.000000 35.68
13.000000 35.68
14.000000 35.68
15.000000 35.68
16.000000 35.68
17.000000 35.68
18.000000 35.68
19.000000 35.62
20.000000 35.62
21.000000 35.62
22.000000 35.62
23.000000 35.56
24.000000 35.56
25.000000 35.5
26.000000 35.5
27.000000 35.5
28.000000 35.43
29.000000 35.43
30.000000 35.43
31.000000 35.37
32.000000 35.37
33.000000 35.37
34.000000 35.37
35.000000 35.31
36.000000 35.31
37.000000 35.31
38.000000 35.31
39.000000 35.31
40.000000 35.25
41.000000 35.25
42.000000 35.25
43.000000 35.25
44.000000 35.18
45.000000 35.18
46.000000 35.18
47.000000 35.18
48.000000 35.18
49.000000 35.18
50.000000 35.18
51.000000 35.12
52.000000 35.12
53.000000 35.12
54.000000 35.12
55.000000 35.12
56.000000 35.18
57.000000 35.18
58.000000 35.18
59.000000 35.18
60.000000 35.18
61.000000 35.18
62.000000 35.18
63.000000 35.25
64.000000 35.25
65.000000 35.25
66.000000 35.31
67.000000 35.31
68.000000 35.37
69.000000 35.37
70.000000 35.37
71.000000 35.43
72.000000 35.5
73.000000 35.5
74.000000 35.56
75.000000 35.56
76.000000 35.62
77.000000 35.62
78.000000 35.68
79.000000 35.68
80.000000 35.75
81.000000 35.75
82.000000 35.81
83.000000 35.81
84.000000 35.87
85.000000 35.87
86.000000 35.93
87.000000 35.93
88.000000 36
89.000000 36.06
90.000000 36.06
91.000000 36.12
92.000000 36.12
93.000000 36.18
94.000000 36.18
95.000000 36.25
96.000000 36.25
97.000000 36.31
98.000000 36.31
99.000000 36.37
100.000000 36.43
101.000000 36.43
102.000000 36.43
103.000000 36.5
104.000000 36.56
105.000000 36.56
106.000000 36.62
107.000000 36.62
108.000000 36.62
109.000000 36.68
110.000000 36.68
111.000000 36.68
112.000000 36.75
113.000000 36.75
114.000000 36.81
115.000000 36.81
116.000000 36.81
117.000000 36.87
118.000000 36.87
119.000000 36.93
120.000000 37
121.000000 37
122.000000 37.06
123.000000 37.06
124.000000 37.12
125.000000 37.12
126.000000 37.12
127.000000 37.12
128.000000 37.12
129.000000 37.12
130.000000 37.12
131.000000 37.12
132.000000 37.12
133.000000 37.18
134.000000 37.18
135.000000 37.18
136.000000 37.25
137.000000 37.25
138.000000 37.31
139.000000 37.31
140.000000 37.31
141.000000 37.31
142.000000 37.31
143.000000 37.31
144.000000 37.31
145.000000 37.31
146.000000 37.37
147.000000 37.37
148.000000 37.37
149.000000 37.43
150.000000 37.43
151.000000 37.43
152.000000 37.43
153.000000 37.43
154.000000 37.37
155.000000 37.43
156.000000 37.43
157.000000 37.43
158.000000 37.43
159.000000 37.43
160.000000 37.43
161.000000 37.43
162.000000 37.43
163.000000 37.43
164.000000 37.43
165.000000 37.43
166.000000 37.43
167.000000 37.43
168.000000 37.43
169.000000 37.43
170.000000 37.43
171.000000 37.43
172.000000 37.43
173.000000 37.43
174.000000 37.43
175.000000 37.43
176.000000 37.43
177.000000 37.43
178.000000 37.43
179.000000 37.43
180.000000 37.5
181.000000 37.43
182.000000 37.5
183.000000 37.5
184.000000 37.5
185.000000 37.5
186.000000 37.5
187.000000 37.5
188.000000 37.5
189.000000 37.5
190.000000 37.5
191.000000 37.5
192.000000 37.56
193.000000 37.56
194.000000 37.56
195.000000 37.56
196.000000 37.56
197.000000 37.56
198.000000 37.56
199.000000 37.62
200.000000 37.62
201.000000 37.62
202.000000 37.62
203.000000 37.68
204.000000 37.68
205.000000 37.75
206.000000 37.81
207.000000 37.81
208.000000 37.87
209.000000 37.93
210.000000 38
211.000000 38.06
212.000000 38.18
213.000000 38.25
214.000000 38.25
215.000000 38.37
216.000000 38.43
217.000000 38.5
218.000000 38.62
219.000000 38.68
220.000000 38.75
221.000000 38.87
222.000000 38.93
223.000000 39.06
224.000000 39.12
225.000000 39.25
226.000000 39.31
227.000000 39.43
228.000000 39.5
229.000000 39.62
230.000000 39.75
231.000000 39.87
232.000000 40
233.000000 40.06
234.000000 40.18
235.000000 40.31
236.000000 40.37
237.000000 40.5
238.000000 40.56
239.000000 40.62
240.000000 40.68
241.000000 40.81
242.000000 40.87
243.000000 40.93
244.000000 41
245.000000 41
246.000000 41.12
247.000000 41.12
248.000000 41.18
249.000000 41.18
250.000000 41.25
251.000000 41.31
252.000000 41.31
253.000000 41.31
254.000000 41.31
255.000000 41.37
256.000000 41.37
257.000000 41.37
258.000000 41.37
259.000000 41.37
260.000000 41.37
261.000000 41.37
262.000000 41.37
263.000000 41.43
264.000000 41.43
265.000000 41.43
266.000000 41.43
267.000000 41.5
268.000000 41.5
269.000000 41.5
270.000000 41.5
271.000000 41.5
272.000000 41.5
273.000000 41.5
274.000000 41.43
275.000000 41.43
276.000000 41.43
277.000000 41.43
278.000000 41.43
279.000000 41.43
280.000000 41.43
281.000000 41.37
282.000000 41.37
283.000000 41.31
284.000000 41.31
285.000000 41.25
286.000000 41.25
287.000000 41.25
288.000000 41.18
289.000000 41.18
290.000000 41.12
291.000000 41.12
292.000000 41.12
293.000000 41.06
294.000000 41
295.000000 41
296.000000 40.93
297.000000 40.93
298.000000 40.93
299.000000 40.93
300.000000 40.87
301.000000 40.87
302.000000 40.81
303.000000 40.81
304.000000 40.81
305.000000 40.81
306.000000 40.75
307.000000 40.75
308.000000 40.75
309.000000 40.68
310.000000 40.68
311.000000 40.68
312.000000 40.62
313.000000 40.62
314.000000 40.62
315.000000 40.62
316.000000 40.62
317.000000 40.68
318.000000 40.62
319.000000 40.62
320.000000 40.62
321.000000 40.62
322.000000 40.62
323.000000 40.62
324.000000 40.68
325.000000 40.68
326.000000 40.68
327.000000 40.68
328.000000 40.68
329.000000 40.68
330.000000 40.68
331.000000 40.75
332.000000 40.75
333.000000 40.81
334.000000 40.81
335.000000 40.87
336.000000 40.81
337.000000 40.81
338.000000 40.81
339.000000 40.87
340.000000 40.87
341.000000 40.93
342.000000 40.93
343.000000 41
344.000000 41
345.000000 41
346.000000 41
347.000000 41
348.000000 41
349.000000 41
350.000000 41
351.000000 41
352.000000 41.06
353.000000 41.06
354.000000 41.06
355.000000 41.06
356.000000 41.06
357.000000 41.06
358.000000 41.06
359.000000 41.06
360.000000 41.06
361.000000 41.06
362.000000 41.06
363.000000 41.12
364.000000 41.12
365.000000 41.12
366.000000 41.12
367.000000 41.12
368.000000 41.12
369.000000 41.12
370.000000 41.12
371.000000 41.12
372.000000 41.18
373.000000 41.18
374.000000 41.18
375.000000 41.18
376.000000 41.18
377.000000 41.18
378.000000 41.18
379.000000 41.18
380.000000 41.18
381.000000 41.18
382.000000 41.18
383.000000 41.18
384.000000 41.18
385.000000 41.18
386.000000 41.18
387.000000 41.18
388.000000 41.18
389.000000 41.18
390.000000 41.18
391.000000 41.18
392.000000 41.18
393.000000 41.12
394.000000 41.12
395.000000 41.12
396.000000 41.12
397.000000 41.06
398.000000 41.06
399.000000 41.06
400.000000 41.06
401.000000 41.06
402.000000 41
403.000000 41
404.000000 41
405.000000 41
406.000000 41
407.000000 41
408.000000 41
409.000000 41
410.000000 41
411.000000 41
412.000000 41
413.000000 41
414.000000 41
415.000000 41
416.000000 41
417.000000 41
418.000000 41
419.000000 41
420.000000 40.93
421.000000 40.93
422.000000 40.93
423.000000 40.93
424.000000 40.93
425.000000 40.87
426.000000 40.87
427.000000 40.87
428.000000 40.81
429.000000 40.81
430.000000 40.81
431.000000 40.81
432.000000 40.81
433.000000 40.81
434.000000 40.81
435.000000 40.81
436.000000 40.81
437.000000 40.81
438.000000 40.81
439.000000 40.81
440.000000 40.81
441.000000 40.81
442.000000 40.81
443.000000 40.87
444.000000 40.87
445.000000 40.87
446.000000 40.93
447.000000 40.93
448.000000 40.93
449.000000 40.93
450.000000 40.93
451.000000 40.93
452.000000 40.93
453.000000 40.93
454.000000 40.93
455.000000 40.93
456.000000 40.93
457.000000 41
458.000000 41
459.000000 41
460.000000 41
461.000000 41
462.000000 41
463.000000 41
464.000000 40.93
465.000000 40.93
466.000000 40.93
467.000000 40.93
468.000000 40.93
469.000000 40.93
470.000000 40.93
471.000000 40.93
472.000000 40.93
473.000000 40.93
474.000000 41
475.000000 41
476.000000 40.93
477.000000 41
478.000000 40.93
479.000000 41
480.000000 41
481.000000 41
482.000000 41
483.000000 41.06
484.000000 41.06
485.000000 41.06
486.000000 41.06
487.000000 41.06
488.000000 41.06
489.000000 41.06
490.000000 41.06
