0.000000 37.43
1.000000 37.43
2.000000 37.43
3.000000 37.43
4.000000 37.43
5.000000 37.43
6.000000 37.43
7.000000 37.43
8.000000 37.43
9.000000 37.43
10.000000 37.5
11.000000 37.5
12.000000 37.5
13.000000 37.5
14.000000 37.5
15.000000 37.5
16.000000 37.43
17.000000 37.43
18.000000 37.43
19.000000 37.43
20.000000 37.37
21.000000 37.37
22.000000 37.31
23.000000 37.25
24.000000 37.18
25.000000 37.18
26.000000 37.12
27.000000 37.06
28.000000 37
29.000000 36.93
30.000000 36.81
31.000000 36.75
32.000000 36.68
33.000000 36.56
34.000000 36.5
35.000000 36.37
36.000000 36.31
37.000000 36.18
38.000000 36.12
39.000000 36.06
40.000000 35.93
41.000000 35.87
42.000000 35.75
43.000000 35.68
44.000000 35.62
45.000000 35.56
46.000000 35.43
47.000000 35.37
48.000000 35.31
49.000000 35.25
50.000000 35.18
51.000000 35.12
52.000000 35.06
53.000000 35
54.000000 34.93
55.000000 34.87
56.000000 34.81
57.000000 34.75
58.000000 34.75
59.000000 34.68
60.000000 34.68
61.000000 34.68
62.000000 34.62
63.000000 34.62
64.000000 34.62
65.000000 34.62
66.000000 34.56
67.000000 34.56
68.000000 34.62
69.000000 34.62
70.000000 34.62
71.000000 34.62
72.000000 34.68
73.000000 34.68
74.000000 34.68
75.000000 34.75
76.000000 34.81
77.000000 34.81
78.000000 34.87
79.000000 34.93
80.000000 35
81.000000 35.06
82.000000 35.06
83.000000 35.12
84.000000 35.18
85.000000 35.25
86.000000 35.31
87.000000 35.37
88.000000 35.43
89.000000 35.5
90.000000 35.56
91.000000 35.68
92.000000 35.75
93.000000 35.81
94.000000 35.87
95.000000 35.93
96.000000 36
97.000000 36.06
98.000000 36.12
99.000000 36.18
100.000000 36.25
101.000000 36.31
102.000000 36.37
103.000000 36.37
104.000000 36.43
105.000000 36.5
106.000000 36.56
107.000000 36.62
108.000000 36.62
109.000000 36.68
110.000000 36.68
111.000000 36.75
112.000000 36.81
113.000000 36.81
114.000000 36.87
115.000000 36.87
116.000000 36.93
117.000000 36.93
118.000000 36.93
119.000000 37
120.000000 37
121.000000 37
122.000000 37.06
123.000000 37.06
124.000000 37.06
125.000000 37.06
126.000000 37.12
127.000000 37.12
128.000000 37.12
129.000000 37.12
130.000000 37.12
131.000000 37.12
132.000000 37.12
133.000000 37.12
134.000000 37.12
135.000000 37.12
136.000000 37.12
137.000000 37.12
138.000000 37.12
139.000000 37.12
140.000000 37.12
141.000000 37.12
142.000000 37.12
143.000000 37.12
144.000000 37.12
145.000000 37.12
146.000000 37.12
147.000000 37.12
148.000000 37.12
149.000000 37.12
150.000000 37.06
151.000000 37.06
152.000000 37.06
153.000000 37.06
154.000000 37.06
155.000000 37.06
156.000000 37.06
157.000000 37.06
158.000000 37.06
159.000000 37.06
160.000000 37.06
161.000000 37.12
162.000000 37.12
163.000000 37.12
164.000000 37.12
165.000000 37.12
166.000000 37.12
167.000000 37.12
168.000000 37.18
169.000000 37.18
170.000000 37.18
171.000000 37.18
172.000000 37.25
173.000000 37.25
174.000000 37.25
175.000000 37.25
176.000000 37.31
177.000000 37.31
178.000000 37.31
179.000000 37.31
180.000000 37.31
181.000000 37.37
182.000000 37.37
183.000000 37.37
184.000000 37.37
185.000000 37.43
186.000000 37.43
187.000000 37.43
188.000000 37.43
189.000000 37.5
190.000000 37.5
191.000000 37.5
192.000000 37.56
193.000000 37.56
194.000000 37.56
195.000000 37.56
196.000000 37.56
197.000000 37.62
198.000000 37.62
199.000000 37.62
200.000000 37.62
201.000000 37.62
202.000000 37.68
203.000000 37.68
204.000000 37.68
205.000000 37.75
206.000000 37.81
207.000000 37.81
208.000000 37.87
209.000000 37.93
210.000000 38
211.000000 38
212.000000 38.12
213.000000 38.18
214.000000 38.25
215.000000 38.31
216.000000 38.43
217.000000 38.5
218.000000 38.56
219.000000 38.68
220.000000 38.81
221.000000 38.87
222.000000 39
223.000000 39.06
224.000000 39.18
225.000000 39.25
226.000000 39.37
227.000000 39.5
228.000000 39.62
229.000000 39.68
230.000000 39.81
231.000000 39.87
232.000000 40
233.000000 40.12
234.000000 40.18
235.000000 40.31
236.000000 40.37
237.000000 40.43
238.000000 40.56
239.000000 40.62
240.000000 40.68
241.000000 40.75
242.000000 40.87
243.000000 40.87
244.000000 40.93
245.000000 41
246.000000 41.06
247.000000 41.12
248.000000 41.18
249.000000 41.25
250.000000 41.25
251.000000 41.31
252.000000 41.37
253.000000 41.37
254.000000 41.43
255.000000 41.43
256.000000 41.43
257.000000 41.43
258.000000 41.43
259.000000 41.5
260.000000 41.5
261.000000 41.5
262.000000 41.5
263.000000 41.5
264.000000 41.5
265.000000 41.5
266.000000 41.5
267.000000 41.5
268.000000 41.5
269.000000 41.43
270.000000 41.43
271.000000 41.43
272.000000 41.37
273.000000 41.37
274.000000 41.37
275.000000 41.31
276.000000 41.31
277.000000 41.25
278.000000 41.25
279.000000 41.25
280.000000 41.18
281.000000 41.18
282.000000 41.12
283.000000 41.12
284.000000 41.06
285.000000 41.06
286.000000 41
287.000000 41
288.000000 41
289.000000 40.93
290.000000 40.93
291.000000 40.87
292.000000 40.87
293.000000 40.87
294.000000 40.81
295.000000 40.81
296.000000 40.81
297.000000 40.75
298.000000 40.75
299.000000 40.75
300.000000 40.68
301.000000 40.68
302.000000 40.68
303.000000 40.62
304.000000 40.62
305.000000 40.62
306.000000 40.62
307.000000 40.62
308.000000 40.62
309.000000 40.62
310.000000 40.62
311.000000 40.68
312.000000 40.68
313.000000 40.68
314.000000 40.68
315.000000 40.68
316.000000 40.68
317.000000 40.68
318.000000 40.68
319.000000 40.68
320.000000 40.68
321.000000 40.68
322.000000 40.68
323.000000 40.68
324.000000 40.68
325.000000 40.68
326.000000 40.68
327.000000 40.68
328.000000 40.68
329.000000 40.75
330.000000 40.68
331.000000 40.75
332.000000 40.75
333.000000 40.75
334.000000 40.75
335.000000 40.81
336.000000 40.81
337.000000 40.81
338.000000 40.81
339.000000 40.81
340.000000 40.81
341.000000 40.87
342.000000 40.87
343.000000 40.87
344.000000 40.87
345.000000 40.87
346.000000 40.93
347.000000 40.93
348.000000 40.93
349.000000 41
350.000000 41
351.000000 41
352.000000 41
353.000000 41
354.000000 41
355.000000 41
356.000000 41
357.000000 41.06
358.000000 41.06
359.000000 41.06
360.000000 41.06
361.000000 41.12
362.000000 41.12
363.000000 41.12
364.000000 41.12
365.000000 41.12
366.000000 41.12
367.000000 41.12
368.000000 41.12
369.000000 41.12
370.000000 41.12
371.000000 41.12
372.000000 41.12
373.000000 41.12
374.000000 41.12
375.000000 41.12
376.000000 41.12
377.000000 41.12
378.000000 41.12
379.000000 41.06
380.000000 41.06
381.000000 41.06
382.000000 41.06
383.000000 41.06
384.000000 41.06
385.000000 41.06
386.000000 41.06
387.000000 41
388.000000 41
389.000000 41
390.000000 41
391.000000 41
392.000000 41
393.000000 41
394.000000 41
395.000000 41
396.000000 41
397.000000 41
398.000000 41
399.000000 40.93
400.000000 40.93
401.000000 40.93
402.000000 40.93
403.000000 40.93
404.000000 40.93
405.000000 40.93
406.000000 40.93
407.000000 40.93
408.000000 40.93
409.000000 40.93
410.000000 40.93
411.000000 40.93
412.000000 40.93
413.000000 40.93
414.000000 40.93
415.000000 40.93
416.000000 40.87
417.000000 40.93
418.000000 40.93
419.000000 40.93
420.000000 40.93
421.000000 40.93
422.000000 40.93
423.000000 40.93
424.000000 40.93
425.000000 40.87
426.000000 40.87
427.000000 40.87
428.000000 40.87
429.000000 40.87
430.000000 40.87
431.000000 40.87
432.000000 40.87
433.000000 40.87
434.000000 40.87
435.000000 40.87
436.000000 40.87
437.000000 40.87
438.000000 40.87
439.000000 40.87
440.000000 40.87
441.000000 40.93
442.000000 40.93
443.000000 40.93
444.000000 40.87
445.000000 40.93
446.000000 40.93
447.000000 40.93
448.000000 40.93
449.000000 40.93
450.000000 40.93
451.000000 40.93
452.000000 40.93
453.000000 40.93
454.000000 40.93
455.000000 41
456.000000 41
457.000000 41
458.000000 41
459.000000 41
460.000000 41
461.000000 41.06
462.000000 41
463.000000 41.06
464.000000 41.06
465.000000 41.06
466.000000 41.06
467.000000 41.06
468.000000 41.06
469.000000 41.06
470.000000 41.06
471.000000 41.06
472.000000 41.06
473.000000 41.06
474.000000 41.12
475.000000 41.06
476.000000 41.06
477.000000 41.12
478.000000 41.12
479.000000 41.12
480.000000 41.06
481.000000 41.12
482.000000 41.12
483.000000 41.12
484.000000 41.12
485.000000 41.06
486.000000 41.06
487.000000 41.06
488.000000 41.06
489.000000 41.06
490.000000 41.06
