0.000000 38
1.000000 38
2.000000 38
3.000000 38
4.000000 38
5.000000 38
6.000000 38
7.000000 38
8.000000 38
9.000000 38
10.000000 38
11.000000 38
12.000000 38
13.000000 38
14.000000 38
15.000000 38
16.000000 38
17.000000 38
18.000000 38
19.000000 38
20.000000 38
21.000000 38
22.000000 38
23.000000 38
24.000000 38
25.000000 38
26.000000 38
27.000000 38
28.000000 38
29.000000 38
30.000000 38
31.000000 38
32.000000 38
33.000000 38
34.000000 38
35.000000 38
36.000000 38
37.000000 38
38.000000 38
39.000000 38
40.000000 38
41.000000 38
42.000000 38
43.000000 38
44.000000 38
45.000000 38
46.000000 38
47.000000 38
48.000000 38
49.000000 38
50.000000 38
51.000000 38
52.000000 38
53.000000 38
54.000000 38
55.000000 38
56.000000 38
57.000000 38
58.000000 38
59.000000 38
60.000000 38
61.000000 38
62.000000 38
63.000000 38
64.000000 38
65.000000 38
66.000000 38
67.000000 38
68.000000 38
69.000000 38
70.000000 38
71.000000 38
72.000000 38
73.000000 38
74.000000 38
75.000000 38
76.000000 38
77.000000 38
78.000000 38
79.000000 38
80.000000 38
81.000000 38
82.000000 38
83.000000 38
84.000000 38
85.000000 38
86.000000 38
87.000000 38
88.000000 38
89.000000 38
90.000000 38
91.000000 38
92.000000 38
93.000000 38
94.000000 38
95.000000 38
96.000000 38
97.000000 38
98.000000 38
99.000000 38
100.000000 38
101.000000 38
102.000000 38
103.000000 38
104.000000 38
105.000000 38
106.000000 38
107.000000 38
108.000000 38
109.000000 38
110.000000 38
111.000000 38
112.000000 38
113.000000 38
114.000000 38
115.000000 38
116.000000 38
117.000000 38
118.000000 38
119.000000 38
120.000000 38
121.000000 38
122.000000 38
123.000000 38
124.000000 38
125.000000 38
126.000000 38
127.000000 38
128.000000 38
129.000000 38
130.000000 38
131.000000 38
132.000000 38
133.000000 38
134.000000 38
135.000000 38
136.000000 38
137.000000 38
138.000000 38
139.000000 38
140.000000 38
141.000000 38
142.000000 38
143.000000 38
144.000000 38
145.000000 38
146.000000 38
147.000000 38
148.000000 38
149.000000 38
150.000000 38
151.000000 38
152.000000 38
153.000000 38
154.000000 38
155.000000 38
156.000000 38
157.000000 38
158.000000 38
159.000000 38
160.000000 38
161.000000 38
162.000000 38
163.000000 38
164.000000 38
165.000000 38
166.000000 38
167.000000 38
168.000000 38
169.000000 38
170.000000 38
171.000000 38
172.000000 38
173.000000 38
174.000000 38
175.000000 38
176.000000 38
177.000000 38
178.000000 38
179.000000 38
180.000000 38
181.000000 38
182.000000 38
183.000000 38
184.000000 38
185.000000 38
186.000000 38
187.000000 38
188.000000 38
189.000000 38
190.000000 38
191.000000 38
192.000000 38
193.000000 38
194.000000 38
195.000000 38
196.000000 38
197.000000 38
198.000000 38
199.000000 38
200.000000 41
201.000000 41
202.000000 41
203.000000 41
204.000000 41
205.000000 41
206.000000 41
207.000000 41
208.000000 41
209.000000 41
210.000000 41
211.000000 41
212.000000 41
213.000000 41
214.000000 41
215.000000 41
216.000000 41
217.000000 41
218.000000 41
219.000000 41
220.000000 41
221.000000 41
222.000000 41
223.000000 41
224.000000 41
225.000000 41
226.000000 41
227.000000 41
228.000000 41
229.000000 41
230.000000 41
231.000000 41
232.000000 41
233.000000 41
234.000000 41
235.000000 41
236.000000 41
237.000000 41
238.000000 41
239.000000 41
240.000000 41
241.000000 41
242.000000 41
243.000000 41
244.000000 41
245.000000 41
246.000000 41
247.000000 41
248.000000 41
249.000000 41
250.000000 41
251.000000 41
252.000000 41
253.000000 41
254.000000 41
255.000000 41
256.000000 41
257.000000 41
258.000000 41
259.000000 41
260.000000 41
261.000000 41
262.000000 41
263.000000 41
264.000000 41
265.000000 41
266.000000 41
267.000000 41
268.000000 41
269.000000 41
270.000000 41
271.000000 41
272.000000 41
273.000000 41
274.000000 41
275.000000 41
276.000000 41
277.000000 41
278.000000 41
279.000000 41
280.000000 41
281.000000 41
282.000000 41
283.000000 41
284.000000 41
285.000000 41
286.000000 41
287.000000 41
288.000000 41
289.000000 41
290.000000 41
291.000000 41
292.000000 41
293.000000 41
294.000000 41
295.000000 41
296.000000 41
297.000000 41
298.000000 41
299.000000 41
300.000000 41
301.000000 41
302.000000 41
303.000000 41
304.000000 41
305.000000 41
306.000000 41
307.000000 41
308.000000 41
309.000000 41
310.000000 41
311.000000 41
312.000000 41
313.000000 41
314.000000 41
315.000000 41
316.000000 41
317.000000 41
318.000000 41
319.000000 41
320.000000 41
321.000000 41
322.000000 41
323.000000 41
324.000000 41
325.000000 41
326.000000 41
327.000000 41
328.000000 41
329.000000 41
330.000000 41
331.000000 41
332.000000 41
333.000000 41
334.000000 41
335.000000 41
336.000000 41
337.000000 41
338.000000 41
339.000000 41
340.000000 41
341.000000 41
342.000000 41
343.000000 41
344.000000 41
345.000000 41
346.000000 41
347.000000 41
348.000000 41
349.000000 41
350.000000 41
351.000000 41
352.000000 41
353.000000 41
354.000000 41
355.000000 41
356.000000 41
357.000000 41
358.000000 41
359.000000 41
360.000000 41
361.000000 41
362.000000 41
363.000000 41
364.000000 41
365.000000 41
366.000000 41
367.000000 41
368.000000 41
369.000000 41
370.000000 41
371.000000 41
372.000000 41
373.000000 41
374.000000 41
375.000000 41
376.000000 41
377.000000 41
378.000000 41
379.000000 41
380.000000 41
381.000000 41
382.000000 41
383.000000 41
384.000000 41
385.000000 41
386.000000 41
387.000000 41
388.000000 41
389.000000 41
390.000000 41
391.000000 41
392.000000 41
393.000000 41
394.000000 41
395.000000 41
396.000000 41
397.000000 41
398.000000 41
399.000000 41
400.000000 41
401.000000 41
402.000000 41
403.000000 41
404.000000 41
405.000000 41
406.000000 41
407.000000 41
408.000000 41
409.000000 41
410.000000 41
411.000000 41
412.000000 41
413.000000 41
414.000000 41
415.000000 41
416.000000 41
417.000000 41
418.000000 41
419.000000 41
420.000000 41
421.000000 41
422.000000 41
423.000000 41
424.000000 41
425.000000 41
426.000000 41
427.000000 41
428.000000 41
429.000000 41
430.000000 41
431.000000 41
432.000000 41
433.000000 41
434.000000 41
435.000000 41
436.000000 41
437.000000 41
438.000000 41
439.000000 41
440.000000 41
441.000000 41
442.000000 41
443.000000 41
444.000000 41
445.000000 41
446.000000 41
447.000000 41
448.000000 41
449.000000 41
450.000000 41
451.000000 41
452.000000 41
453.000000 41
454.000000 41
455.000000 41
456.000000 41
457.000000 41
458.000000 41
459.000000 41
460.000000 41
461.000000 41
462.000000 41
463.000000 41
464.000000 41
465.000000 41
466.000000 41
467.000000 41
468.000000 41
469.000000 41
470.000000 41
471.000000 41
472.000000 41
473.000000 41
474.000000 41
475.000000 41
476.000000 41
477.000000 41
478.000000 41
479.000000 41
480.000000 41
481.000000 41
482.000000 41
483.000000 41
484.000000 41
485.000000 41
486.000000 41
487.000000 41
488.000000 41
489.000000 41
490.000000 41
491.000000 41
492.000000 41
493.000000 41
494.000000 41
495.000000 41
496.000000 41
497.000000 41
498.000000 41
499.000000 41
