0
0
0.00017079
0.00050283
0.00098696
0.0016144
0.0023769
0.0032665
0.0042754
0.0053964
0.0066225
0.0079472
0.009364
0.010867
0.01245
0.014108
0.015835
0.017627
0.019479
0.021385
0.023343
0.025347
0.027393
0.029479
0.0316
0.033752
0.035934
0.038141
0.04037
0.04262
0.044887
0.047168
0.049462
0.051766
0.054078
0.056396
0.058718
0.061042
0.063367
0.06569
0.068011
0.070327
0.072639
0.074943
0.07724
0.079527
0.081804
0.08407
0.086324
0.088565
0.090792
0.093005
0.095202
0.097384
0.099549
0.1017
0.10383
0.10594
0.10803
0.11011
0.11216
0.1142
0.11621
0.11821
0.12018
0.12214
0.12407
0.12598
0.12787
0.12974
0.13159
0.13341
0.13522
0.137
0.13876
0.1405
0.14222
0.14391
0.14559
0.14724
0.14887
0.15048
0.15207
0.15364
0.15518
0.15671
0.15821
0.1597
0.16116
0.1626
0.16402
0.16542
0.16681
0.16817
0.16951
0.17083
0.17213
0.17342
0.17468
0.17593
0.17715
0.17836
0.17955
0.18072
0.18188
0.18301
0.18413
0.18523
0.18632
0.18738
0.18843
0.18947
0.19049
0.19149
0.19247
0.19344
0.1944
0.19534
0.19626
0.19717
0.19807
0.19895
0.19981
0.20067
0.2015
0.20233
0.20314
0.20394
0.20472
0.20549
0.20625
0.207
0.20773
0.20845
0.20916
0.20986
0.21055
0.21122
0.21188
0.21254
0.21318
0.21381
0.21443
0.21504
0.21563
0.21622
0.2168
0.21737
0.21793
0.21848
0.21902
0.21955
0.22007
0.22058
0.22109
0.22158
0.22207
0.22255
0.22302
0.22348
0.22393
0.22438
0.22482
0.22525
0.22567
0.22609
0.2265
0.2269
0.22729
0.22768
0.22806
0.22844
0.2288
0.22917
0.22952
0.22987
0.23021
0.23055
0.23088
0.2312
0.23152
0.23184
0.23214
0.23245
0.23274
0.23304
0.23332
0.23361
0.23388
0.23415
0.23442
0.23468
0.23494
0.2352
0.23544
0.23569
0.23593
0.23616
0.2364
0.23662
0.23685
0.23707
0.23728
0.23749
0.2377
0.23791
0.23811
0.2383
0.2385
0.23869
0.23887
0.23906
0.23924
0.23941
0.23959
0.23976
0.23993
0.24009
0.24025
0.24041
0.24057
0.24072
0.24087
0.24102
0.24116
0.2413
0.24144
0.24158
0.24172
0.24185
0.24198
0.24211
0.24223
0.24236
0.24248
0.2426
0.24271
0.24283
0.24294
0.24305
0.24316
0.24327
0.24337
0.24347
0.24357
0.24367
0.24377
0.24387
0.24396
0.24405
0.24414
0.24423
0.24432
0.2444
0.24449
0.24457
0.24465
0.24473
0.24481
0.24489
0.24496
0.24504
0.24511
0.24518
0.24525
0.24532
0.24539
0.24545
0.24552
0.24558
0.24565
0.24571
0.24577
0.24583
0.24589
0.24594
0.246
0.24606
0.24611
0.24616
0.24622
0.24627
0.24632
0.24637
0.24642
0.24646
0.24651
0.24656
0.2466
0.24665
0.24669
0.24673
0.24678
0.24682
0.24686
0.2469
0.24694
0.24698
0.24701
0.24705
