1.000000 0
2.000000 0
3.000000 3.2196e-05
4.000000 9.5206e-05
5.000000 0.00018769
6.000000 0.00030836
7.000000 0.00045597
8.000000 0.0006293
9.000000 0.00082719
10.000000 0.0010485
11.000000 0.0012922
12.000000 0.0015571
13.000000 0.0018423
14.000000 0.0021468
15.000000 0.0024696
16.000000 0.0028098
17.000000 0.0031666
18.000000 0.003539
19.000000 0.0039262
20.000000 0.0043275
21.000000 0.0047421
22.000000 0.0051692
23.000000 0.0056081
24.000000 0.0060582
25.000000 0.0065187
26.000000 0.006989
27.000000 0.0074685
28.000000 0.0079566
29.000000 0.0084527
30.000000 0.0089563
31.000000 0.0094668
32.000000 0.0099837
33.000000 0.010507
34.000000 0.011035
35.000000 0.011568
36.000000 0.012106
37.000000 0.012648
38.000000 0.013194
39.000000 0.013742
40.000000 0.014294
41.000000 0.014849
42.000000 0.015406
43.000000 0.015964
44.000000 0.016524
45.000000 0.017086
46.000000 0.017648
47.000000 0.018211
48.000000 0.018775
49.000000 0.019338
50.000000 0.019902
51.000000 0.020465
52.000000 0.021028
53.000000 0.02159
54.000000 0.02215
55.000000 0.02271
56.000000 0.023268
57.000000 0.023825
58.000000 0.02438
59.000000 0.024933
60.000000 0.025484
61.000000 0.026033
62.000000 0.026579
63.000000 0.027123
64.000000 0.027665
65.000000 0.028203
66.000000 0.028739
67.000000 0.029272
68.000000 0.029802
69.000000 0.030328
70.000000 0.030851
71.000000 0.031371
72.000000 0.031888
73.000000 0.032401
74.000000 0.03291
75.000000 0.033416
76.000000 0.033918
77.000000 0.034416
78.000000 0.034911
79.000000 0.035402
80.000000 0.035888
81.000000 0.036371
82.000000 0.03685
83.000000 0.037324
84.000000 0.037795
85.000000 0.038262
86.000000 0.038724
87.000000 0.039182
88.000000 0.039636
89.000000 0.040086
90.000000 0.040532
91.000000 0.040973
92.000000 0.04141
93.000000 0.041843
94.000000 0.042272
95.000000 0.042696
96.000000 0.043117
97.000000 0.043533
98.000000 0.043944
99.000000 0.044352
100.000000 0.044755
101.000000 0.045154
102.000000 0.045549
103.000000 0.045939
104.000000 0.046326
105.000000 0.046708
106.000000 0.047086
107.000000 0.047459
108.000000 0.047829
109.000000 0.048194
110.000000 0.048556
111.000000 0.048913
112.000000 0.049266
113.000000 0.049615
114.000000 0.04996
115.000000 0.050302
116.000000 0.050639
117.000000 0.050972
118.000000 0.051301
119.000000 0.051626
120.000000 0.051948
121.000000 0.052265
122.000000 0.052579
123.000000 0.052889
124.000000 0.053195
125.000000 0.053497
126.000000 0.053796
127.000000 0.054091
128.000000 0.054382
129.000000 0.05467
130.000000 0.054954
131.000000 0.055234
132.000000 0.055511
133.000000 0.055785
134.000000 0.056055
135.000000 0.056321
136.000000 0.056584
137.000000 0.056844
138.000000 0.0571
139.000000 0.057353
140.000000 0.057603
141.000000 0.057849
142.000000 0.058093
143.000000 0.058333
144.000000 0.05857
145.000000 0.058804
146.000000 0.059034
147.000000 0.059262
148.000000 0.059487
149.000000 0.059708
150.000000 0.059927
151.000000 0.060143
152.000000 0.060355
153.000000 0.060565
154.000000 0.060772
155.000000 0.060977
156.000000 0.061178
157.000000 0.061377
158.000000 0.061573
159.000000 0.061766
160.000000 0.061957
161.000000 0.062145
162.000000 0.062331
163.000000 0.062514
164.000000 0.062694
165.000000 0.062872
166.000000 0.063047
167.000000 0.06322
168.000000 0.063391
169.000000 0.063559
170.000000 0.063725
171.000000 0.063888
172.000000 0.06405
173.000000 0.064209
174.000000 0.064365
175.000000 0.06452
176.000000 0.064672
177.000000 0.064822
178.000000 0.06497
179.000000 0.065116
180.000000 0.06526
181.000000 0.065402
182.000000 0.065541
183.000000 0.065679
184.000000 0.065815
185.000000 0.065949
186.000000 0.066081
187.000000 0.06621
188.000000 0.066339
189.000000 0.066465
190.000000 0.066589
191.000000 0.066712
192.000000 0.066833
193.000000 0.066952
194.000000 0.067069
195.000000 0.067185
196.000000 0.067299
197.000000 0.067411
198.000000 0.067522
199.000000 0.067631
200.000000 0.067738
201.000000 0.067844
202.000000 0.067948
203.000000 0.068051
204.000000 0.068152
205.000000 0.068252
206.000000 0.068351
207.000000 0.068447
208.000000 0.068543
209.000000 0.068637
210.000000 0.068729
211.000000 0.068821
212.000000 0.068911
213.000000 0.068999
214.000000 0.069086
215.000000 0.069172
216.000000 0.069257
217.000000 0.06934
218.000000 0.069422
219.000000 0.069503
220.000000 0.069583
221.000000 0.069662
222.000000 0.069739
223.000000 0.069815
224.000000 0.06989
225.000000 0.069964
226.000000 0.070037
227.000000 0.070109
228.000000 0.070179
229.000000 0.070249
230.000000 0.070317
231.000000 0.070385
232.000000 0.070451
233.000000 0.070517
234.000000 0.070581
235.000000 0.070645
236.000000 0.070707
237.000000 0.070769
238.000000 0.070829
239.000000 0.070889
240.000000 0.070948
241.000000 0.071006
242.000000 0.071063
243.000000 0.071119
244.000000 0.071174
245.000000 0.071229
246.000000 0.071283
247.000000 0.071335
248.000000 0.071388
249.000000 0.071439
250.000000 0.071489
251.000000 0.071539
252.000000 0.071588
253.000000 0.071636
254.000000 0.071683
255.000000 0.07173
256.000000 0.071776
257.000000 0.071821
258.000000 0.071866
259.000000 0.07191
260.000000 0.071953
261.000000 0.071996
262.000000 0.072038
263.000000 0.072079
264.000000 0.07212
265.000000 0.07216
266.000000 0.072199
267.000000 0.072238
268.000000 0.072276
269.000000 0.072314
270.000000 0.072351
271.000000 0.072387
272.000000 0.072423
273.000000 0.072458
274.000000 0.072493
275.000000 0.072527
276.000000 0.072561
277.000000 0.072594
278.000000 0.072627
279.000000 0.072659
280.000000 0.072691
281.000000 0.072722
282.000000 0.072753
283.000000 0.072783
284.000000 0.072813
285.000000 0.072842
286.000000 0.072871
287.000000 0.072899
288.000000 0.072927
289.000000 0.072955
290.000000 0.072982
291.000000 0.073008
292.000000 0.073035
293.000000 0.07306
294.000000 0.073086
295.000000 0.073111
296.000000 0.073136
297.000000 0.07316
298.000000 0.073184
299.000000 0.073207
300.000000 0.07323
301.000000 0.073253
302.000000 0.073276
303.000000 0.073298
304.000000 0.073319
305.000000 0.073341
306.000000 0.073362
307.000000 0.073383
308.000000 0.073403
309.000000 0.073423
310.000000 0.073443
311.000000 0.073462
312.000000 0.073482
313.000000 0.0735
314.000000 0.073519
315.000000 0.073537
316.000000 0.073555
317.000000 0.073573
318.000000 0.07359
319.000000 0.073608
320.000000 0.073624
321.000000 0.073641
322.000000 0.073657
323.000000 0.073674
324.000000 0.073689
325.000000 0.073705
326.000000 0.07372
327.000000 0.073735
328.000000 0.07375
329.000000 0.073765
330.000000 0.073779
331.000000 0.073794
332.000000 0.073808
333.000000 0.073821
334.000000 0.073835
335.000000 0.073848
336.000000 0.073861
337.000000 0.073874
338.000000 0.073887
339.000000 0.073899
340.000000 0.073912
341.000000 0.073924
342.000000 0.073936
343.000000 0.073947
344.000000 0.073959
345.000000 0.07397
346.000000 0.073981
347.000000 0.073993
348.000000 0.074003
349.000000 0.074014
350.000000 0.074024
351.000000 0.074035
352.000000 0.074045
353.000000 0.074055
354.000000 0.074065
355.000000 0.074075
356.000000 0.074084
357.000000 0.074093
358.000000 0.074103
359.000000 0.074112
360.000000 0.074121
361.000000 0.07413
362.000000 0.074138
363.000000 0.074147
364.000000 0.074155
365.000000 0.074163
366.000000 0.074171
367.000000 0.074179
368.000000 0.074187
369.000000 0.074195
370.000000 0.074203
371.000000 0.07421
372.000000 0.074218
373.000000 0.074225
374.000000 0.074232
375.000000 0.074239
376.000000 0.074246
377.000000 0.074253
378.000000 0.07426
379.000000 0.074266
380.000000 0.074273
381.000000 0.074279
382.000000 0.074285
383.000000 0.074292
384.000000 0.074298
385.000000 0.074304
386.000000 0.07431
387.000000 0.074315
388.000000 0.074321
389.000000 0.074327
390.000000 0.074332
391.000000 0.074338
392.000000 0.074343
393.000000 0.074348
394.000000 0.074354
395.000000 0.074359
396.000000 0.074364
397.000000 0.074369
398.000000 0.074374
399.000000 0.074378
400.000000 0.074383
