1.000000 32.31
2.000000 32.31
3.000000 32.31
4.000000 32.37
5.000000 32.37
6.000000 32.37
7.000000 32.37
8.000000 32.37
9.000000 32.37
10.000000 32.37
11.000000 32.37
12.000000 32.43
13.000000 32.43
14.000000 32.43
15.000000 32.43
16.000000 32.5
17.000000 32.5
18.000000 32.5
19.000000 32.5
20.000000 32.5
21.000000 32.5
22.000000 32.5
23.000000 32.56
24.000000 32.56
25.000000 32.56
26.000000 32.56
27.000000 32.62
28.000000 32.56
29.000000 32.62
30.000000 32.62
31.000000 32.62
32.000000 32.62
33.000000 32.62
34.000000 32.68
35.000000 32.68
36.000000 32.68
37.000000 32.68
38.000000 32.68
39.000000 32.75
40.000000 32.75
41.000000 32.81
42.000000 32.81
43.000000 32.87
44.000000 32.87
45.000000 32.87
46.000000 32.87
47.000000 32.87
48.000000 32.93
49.000000 32.93
50.000000 32.93
51.000000 32.93
52.000000 32.93
53.000000 32.93
54.000000 33
55.000000 33
56.000000 33
57.000000 33.06
58.000000 33.06
59.000000 33.06
60.000000 33.12
61.000000 33.12
62.000000 33.12
63.000000 33.12
64.000000 33.12
65.000000 33.18
66.000000 33.18
67.000000 33.18
68.000000 33.25
69.000000 33.25
70.000000 33.25
71.000000 33.31
72.000000 33.31
73.000000 33.31
74.000000 33.37
75.000000 33.37
76.000000 33.37
77.000000 33.37
78.000000 33.37
79.000000 33.43
80.000000 33.43
81.000000 33.43
82.000000 33.37
83.000000 33.43
84.000000 33.43
85.000000 33.43
86.000000 33.5
87.000000 33.5
88.000000 33.56
89.000000 33.56
90.000000 33.56
91.000000 33.56
92.000000 33.56
93.000000 33.56
94.000000 33.56
95.000000 33.62
96.000000 33.62
97.000000 33.62
98.000000 33.62
99.000000 33.62
100.000000 33.62
101.000000 33.68
102.000000 33.68
103.000000 33.68
104.000000 33.68
105.000000 33.68
106.000000 33.68
107.000000 33.68
108.000000 33.75
109.000000 33.75
110.000000 33.75
111.000000 33.75
112.000000 33.75
113.000000 33.81
114.000000 33.81
115.000000 33.81
116.000000 33.81
117.000000 33.87
118.000000 33.87
119.000000 33.87
120.000000 33.87
121.000000 33.87
122.000000 33.87
123.000000 33.87
124.000000 33.87
125.000000 33.87
126.000000 33.87
127.000000 33.93
128.000000 33.93
129.000000 33.93
130.000000 33.93
131.000000 33.93
132.000000 33.93
133.000000 33.93
134.000000 33.93
135.000000 34
136.000000 34
137.000000 34
138.000000 34.06
139.000000 34.06
140.000000 34.06
141.000000 34.06
142.000000 34.06
143.000000 34.12
144.000000 34.12
145.000000 34.12
146.000000 34.12
147.000000 34.12
148.000000 34.12
149.000000 34.12
150.000000 34.12
151.000000 34.12
152.000000 34.12
153.000000 34.12
154.000000 34.12
155.000000 34.12
156.000000 34.12
157.000000 34.12
158.000000 34.12
159.000000 34.12
160.000000 34.12
161.000000 34.12
162.000000 34.12
163.000000 34.12
164.000000 34.12
165.000000 34.12
166.000000 34.12
167.000000 34.12
168.000000 34.12
169.000000 34.12
170.000000 34.18
171.000000 34.12
172.000000 34.18
173.000000 34.18
174.000000 34.18
175.000000 34.18
176.000000 34.18
177.000000 34.25
178.000000 34.25
179.000000 34.31
180.000000 34.25
181.000000 34.31
182.000000 34.37
183.000000 34.37
184.000000 34.37
185.000000 34.37
186.000000 34.37
187.000000 34.37
188.000000 34.37
189.000000 34.37
190.000000 34.43
191.000000 34.37
192.000000 34.37
193.000000 34.37
194.000000 34.37
195.000000 34.37
196.000000 34.37
197.000000 34.31
198.000000 34.31
199.000000 34.37
200.000000 34.31
201.000000 34.31
202.000000 34.37
203.000000 34.37
204.000000 34.37
205.000000 34.37
206.000000 34.37
207.000000 34.43
208.000000 34.37
209.000000 34.37
210.000000 34.37
211.000000 34.37
212.000000 34.37
213.000000 34.37
214.000000 34.37
215.000000 34.37
216.000000 34.37
217.000000 34.37
218.000000 34.37
219.000000 34.37
220.000000 34.37
221.000000 34.37
222.000000 34.37
223.000000 34.37
224.000000 34.37
225.000000 34.37
226.000000 34.37
227.000000 34.31
228.000000 34.31
229.000000 34.31
230.000000 34.31
231.000000 34.37
232.000000 34.31
233.000000 34.31
234.000000 34.31
235.000000 34.31
236.000000 34.31
237.000000 34.31
238.000000 34.31
239.000000 34.31
240.000000 34.31
241.000000 34.31
242.000000 34.31
243.000000 34.31
244.000000 34.31
245.000000 34.31
246.000000 34.37
247.000000 34.31
248.000000 34.37
249.000000 34.37
250.000000 34.37
251.000000 34.37
252.000000 34.37
253.000000 34.43
254.000000 34.43
255.000000 34.43
256.000000 34.43
257.000000 34.43
258.000000 34.43
259.000000 34.43
260.000000 34.43
261.000000 34.43
262.000000 34.43
263.000000 34.5
264.000000 34.5
265.000000 34.43
266.000000 34.5
267.000000 34.5
268.000000 34.5
269.000000 34.5
270.000000 34.56
271.000000 34.56
272.000000 34.5
273.000000 34.56
274.000000 34.56
275.000000 34.56
276.000000 34.56
277.000000 34.56
278.000000 34.62
279.000000 34.62
280.000000 34.62
281.000000 34.62
282.000000 34.62
283.000000 34.62
284.000000 34.62
285.000000 34.62
286.000000 34.62
287.000000 34.62
288.000000 34.62
289.000000 34.62
290.000000 34.62
291.000000 34.56
292.000000 34.56
293.000000 34.56
294.000000 34.56
295.000000 34.56
296.000000 34.56
297.000000 34.56
298.000000 34.56
299.000000 34.56
300.000000 34.62
301.000000 34.62
302.000000 34.62
303.000000 34.62
304.000000 34.62
305.000000 34.62
306.000000 34.68
307.000000 34.62
308.000000 34.68
309.000000 34.68
310.000000 34.62
311.000000 34.62
312.000000 34.62
313.000000 34.62
314.000000 34.56
315.000000 34.56
316.000000 34.56
317.000000 34.62
318.000000 34.62
319.000000 34.62
320.000000 34.62
321.000000 34.56
322.000000 34.56
323.000000 34.56
324.000000 34.56
325.000000 34.5
326.000000 34.5
327.000000 34.5
328.000000 34.5
329.000000 34.43
330.000000 34.5
331.000000 34.5
332.000000 34.43
333.000000 34.5
334.000000 34.5
335.000000 34.5
336.000000 34.5
337.000000 34.5
338.000000 34.5
339.000000 34.56
340.000000 34.56
341.000000 34.56
342.000000 34.56
343.000000 34.56
344.000000 34.62
345.000000 34.62
346.000000 34.62
347.000000 34.62
348.000000 34.62
349.000000 34.62
350.000000 34.62
351.000000 34.62
352.000000 34.68
353.000000 34.68
354.000000 34.68
355.000000 34.68
356.000000 34.68
357.000000 34.68
358.000000 34.68
359.000000 34.68
360.000000 34.62
361.000000 34.62
362.000000 34.62
363.000000 34.62
364.000000 34.62
365.000000 34.62
366.000000 34.62
367.000000 34.62
368.000000 34.62
369.000000 34.62
370.000000 34.62
371.000000 34.62
372.000000 34.62
373.000000 34.56
374.000000 34.56
375.000000 34.56
376.000000 34.56
377.000000 34.56
378.000000 34.5
379.000000 34.5
380.000000 34.5
381.000000 0
382.000000 0
383.000000 0
384.000000 0
385.000000 0
386.000000 0
387.000000 0
388.000000 0
389.000000 0
390.000000 0
391.000000 0
392.000000 0
393.000000 0
394.000000 0
395.000000 0
396.000000 0
397.000000 0
398.000000 0
399.000000 0
400.000000 0
401.000000 0
402.000000 0
403.000000 0
404.000000 0
405.000000 0
406.000000 0
407.000000 0
408.000000 0
409.000000 0
410.000000 0
411.000000 0
412.000000 0
413.000000 0
414.000000 0
415.000000 0
416.000000 0
417.000000 0
418.000000 0
419.000000 0
420.000000 0
421.000000 0
422.000000 0
423.000000 0
424.000000 0
425.000000 0
426.000000 0
427.000000 0
428.000000 0
429.000000 0
430.000000 0
431.000000 0
432.000000 0
433.000000 0
434.000000 0
435.000000 0
436.000000 0
437.000000 0
438.000000 0
439.000000 0
440.000000 0
441.000000 0
442.000000 0
443.000000 0
444.000000 0
445.000000 0
446.000000 0
447.000000 0
448.000000 0
449.000000 0
450.000000 0
451.000000 0
452.000000 0
453.000000 0
454.000000 0
455.000000 0
456.000000 0
457.000000 0
458.000000 0
459.000000 0
460.000000 0
461.000000 0
462.000000 0
463.000000 0
464.000000 0
465.000000 0
466.000000 0
467.000000 0
468.000000 0
469.000000 0
470.000000 0
471.000000 0
472.000000 0
473.000000 0
474.000000 0
475.000000 0
476.000000 0
477.000000 0
478.000000 0
479.000000 0
480.000000 0
481.000000 0
482.000000 0
483.000000 0
484.000000 0
485.000000 0
486.000000 0
487.000000 0
488.000000 0
489.000000 0
490.000000 0
491.000000 0
492.000000 0
493.000000 0
494.000000 0
495.000000 0
496.000000 0
497.000000 0
498.000000 0
499.000000 0
500.000000 0
