1.000000 27
2.000000 27
3.000000 27
4.000000 27
5.000000 27
6.000000 27
7.000000 27
8.000000 27
9.000000 27
10.000000 27
11.000000 27
12.000000 27
13.000000 27
14.000000 27
15.000000 27
16.000000 27
17.000000 27
18.000000 27
19.000000 27
20.000000 26.942
21.000000 29.767
22.000000 32.408
23.000000 34.93
24.000000 37.22
25.000000 39.346
26.000000 41.374
27.000000 43.248
28.000000 44.977
29.000000 46.568
30.000000 48.028
31.000000 49.366
32.000000 50.656
33.000000 51.766
34.000000 52.843
35.000000 53.822
36.000000 54.71
37.000000 55.514
38.000000 56.24
39.000000 56.895
40.000000 57.484
41.000000 58.014
42.000000 58.49
43.000000 58.917
44.000000 59.232
45.000000 59.512
46.000000 59.762
47.000000 59.927
48.000000 60.014
49.000000 60.089
50.000000 60.097
51.000000 60.034
52.000000 59.917
53.000000 59.751
54.000000 59.541
55.000000 59.35
56.000000 59.111
57.000000 58.839
58.000000 58.538
59.000000 58.212
60.000000 57.853
61.000000 57.477
62.000000 57.026
63.000000 56.557
64.000000 56.081
65.000000 55.601
66.000000 55.117
67.000000 54.622
68.000000 54.07
69.000000 53.522
70.000000 52.971
71.000000 52.427
72.000000 51.833
73.000000 51.241
74.000000 50.603
75.000000 49.981
76.000000 49.365
77.000000 48.765
78.000000 48.18
79.000000 47.542
80.000000 46.923
81.000000 46.321
82.000000 45.735
83.000000 45.156
84.000000 44.591
85.000000 44.041
86.000000 43.437
87.000000 42.849
88.000000 42.276
89.000000 41.717
90.000000 41.162
91.000000 40.619
92.000000 40.087
93.000000 39.565
94.000000 39.043
95.000000 38.586
96.000000 38.134
97.000000 37.683
98.000000 37.293
99.000000 36.899
100.000000 36.56
101.000000 36.271
102.000000 35.96
103.000000 35.696
104.000000 35.416
105.000000 35.178
106.000000 34.922
107.000000 34.704
108.000000 34.521
109.000000 34.371
110.000000 34.249
111.000000 34.154
112.000000 34.081
113.000000 34.029
114.000000 33.996
115.000000 33.978
116.000000 33.974
117.000000 33.982
118.000000 34
119.000000 34.084
120.000000 34.169
121.000000 34.351
122.000000 34.617
123.000000 34.953
124.000000 35.402
125.000000 35.891
126.000000 36.412
127.000000 37.022
128.000000 37.641
129.000000 38.261
130.000000 38.933
131.000000 39.591
132.000000 40.288
133.000000 40.958
134.000000 41.657
135.000000 42.387
136.000000 43.133
137.000000 43.833
138.000000 44.484
139.000000 45.145
140.000000 45.755
141.000000 46.314
142.000000 46.824
143.000000 47.343
144.000000 47.809
145.000000 48.225
146.000000 48.593
147.000000 48.914
148.000000 49.188
149.000000 49.419
150.000000 49.609
151.000000 49.757
152.000000 49.867
153.000000 49.94
154.000000 49.979
155.000000 49.986
156.000000 49.964
157.000000 49.915
158.000000 49.841
159.000000 49.744
160.000000 49.626
161.000000 49.488
162.000000 49.332
163.000000 49.158
164.000000 48.969
165.000000 48.71
166.000000 48.443
167.000000 48.171
168.000000 47.836
169.000000 47.5
170.000000 47.165
171.000000 46.707
172.000000 46.259
173.000000 45.765
174.000000 45.283
175.000000 44.759
176.000000 44.253
177.000000 43.709
178.000000 43.121
179.000000 42.558
180.000000 42.021
181.000000 41.452
182.000000 40.911
183.000000 40.342
184.000000 39.803
185.000000 39.295
186.000000 38.815
187.000000 38.303
188.000000 37.878
189.000000 37.478
190.000000 37.044
191.000000 36.636
192.000000 36.252
193.000000 35.893
194.000000 35.555
195.000000 35.24
196.000000 34.946
197.000000 34.605
198.000000 34.289
199.000000 33.995
200.000000 33.724
201.000000 33.475
202.000000 33.246
203.000000 33.038
204.000000 32.846
205.000000 32.672
206.000000 32.513
207.000000 32.369
208.000000 32.239
209.000000 32.123
210.000000 32.02
211.000000 31.997
212.000000 31.982
213.000000 31.974
214.000000 31.972
215.000000 31.976
216.000000 31.985
217.000000 32.055
218.000000 32.126
219.000000 32.198
220.000000 32.27
221.000000 32.403
222.000000 32.537
223.000000 32.731
224.000000 32.927
225.000000 33.124
226.000000 33.39
227.000000 33.655
228.000000 33.977
229.000000 34.349
230.000000 34.713
231.000000 35.067
232.000000 35.47
233.000000 35.858
234.000000 36.233
235.000000 36.663
236.000000 37.077
237.000000 37.473
238.000000 37.908
239.000000 38.321
240.000000 38.711
241.000000 39.135
242.000000 39.53
243.000000 39.957
244.000000 40.353
245.000000 40.786
246.000000 41.183
247.000000 41.604
248.000000 41.987
249.000000 42.332
250.000000 42.642
251.000000 42.918
252.000000 43.159
253.000000 43.369
254.000000 43.547
255.000000 43.696
256.000000 43.817
257.000000 43.912
258.000000 43.981
259.000000 44.028
260.000000 44.111
261.000000 44.112
262.000000 44.095
263.000000 44.118
264.000000 44.123
265.000000 44.108
266.000000 44.075
267.000000 44.027
268.000000 44.02
269.000000 43.995
270.000000 43.954
271.000000 43.895
272.000000 43.819
273.000000 43.728
274.000000 43.624
275.000000 43.449
276.000000 43.267
277.000000 43.078
278.000000 42.824
279.000000 42.57
280.000000 42.316
281.000000 42.005
282.000000 41.701
283.000000 41.402
284.000000 41.111
285.000000 40.761
286.000000 40.425
287.000000 40.045
288.000000 39.685
289.000000 39.286
290.000000 38.91
291.000000 38.555
292.000000 38.222
293.000000 37.911
294.000000 37.564
295.000000 37.241
296.000000 36.942
297.000000 36.598
298.000000 36.278
299.000000 35.984
300.000000 35.712
301.000000 35.464
302.000000 35.238
303.000000 35.033
304.000000 34.791
305.000000 34.572
306.000000 34.375
307.000000 34.198
308.000000 34.041
309.000000 33.902
310.000000 33.781
311.000000 33.678
312.000000 33.592
313.000000 33.522
314.000000 33.466
315.000000 33.48
316.000000 33.503
317.000000 33.534
318.000000 33.64
319.000000 33.749
320.000000 33.858
321.000000 33.97
322.000000 34.083
323.000000 34.199
324.000000 34.317
325.000000 34.493
326.000000 34.669
327.000000 34.842
328.000000 35.016
329.000000 35.247
330.000000 35.474
331.000000 35.696
332.000000 35.914
333.000000 36.127
334.000000 36.335
335.000000 36.596
336.000000 36.849
337.000000 37.093
338.000000 37.328
339.000000 37.556
340.000000 37.841
341.000000 38.114
342.000000 38.431
343.000000 38.733
344.000000 39.02
345.000000 39.35
346.000000 39.661
347.000000 39.956
348.000000 40.291
349.000000 40.605
350.000000 40.897
351.000000 41.234
352.000000 41.546
353.000000 41.89
354.000000 42.205
355.000000 42.435
356.000000 42.699
357.000000 42.937
358.000000 43.15
359.000000 43.339
360.000000 43.507
361.000000 43.71
362.000000 43.889
363.000000 44.046
364.000000 44.183
365.000000 44.301
366.000000 44.402
367.000000 44.485
368.000000 44.497
369.000000 44.5
370.000000 44.551
371.000000 44.591
372.000000 44.563
373.000000 44.528
374.000000 44.487
375.000000 44.438
376.000000 44.384
377.000000 44.266
378.000000 44.146
379.000000 44.024
380.000000 43.9
381.000000 43.707
382.000000 43.517
383.000000 43.274
384.000000 43.039
385.000000 42.753
386.000000 42.479
387.000000 42.215
388.000000 41.903
389.000000 41.605
390.000000 41.253
391.000000 40.92
392.000000 40.548
393.000000 40.199
394.000000 39.871
395.000000 39.505
396.000000 39.165
397.000000 38.788
398.000000 38.437
399.000000 38.044
400.000000 37.679
401.000000 37.285
402.000000 36.922
403.000000 36.589
404.000000 36.225
405.000000 35.834
406.000000 35.475
407.000000 35.08
408.000000 34.661
409.000000 34.28
410.000000 33.875
411.000000 33.507
412.000000 33.174
413.000000 32.874
414.000000 32.548
415.000000 32.256
416.000000 31.998
417.000000 31.77
418.000000 31.572
419.000000 31.402
420.000000 31.259
421.000000 31.138
422.000000 31.097
423.000000 31.071
424.000000 31.059
425.000000 31.061
426.000000 31.075
427.000000 31.099
428.000000 31.133
429.000000 31.176
430.000000 31.284
431.000000 31.395
432.000000 31.508
433.000000 31.678
434.000000 31.844
435.000000 32.007
436.000000 32.233
437.000000 32.449
438.000000 32.656
439.000000 32.852
440.000000 33.04
441.000000 33.218
442.000000 33.39
443.000000 33.553
444.000000 33.708
445.000000 33.856
446.000000 33.996
447.000000 34.128
448.000000 34.253
449.000000 34.371
450.000000 34.482
451.000000 34.587
452.000000 34.685
453.000000 34.836
454.000000 34.919
455.000000 35.052
456.000000 35.174
457.000000 35.285
458.000000 35.442
459.000000 35.585
460.000000 35.713
461.000000 35.828
462.000000 35.987
463.000000 36.131
464.000000 36.258
465.000000 36.37
466.000000 36.466
467.000000 36.548
468.000000 36.614
469.000000 36.665
470.000000 36.646
471.000000 36.619
472.000000 36.584
473.000000 36.539
474.000000 36.488
475.000000 36.429
476.000000 36.364
477.000000 36.292
478.000000 36.213
479.000000 36.128
480.000000 36.038
481.000000 35.942
482.000000 35.84
483.000000 35.732
484.000000 35.618
485.000000 35.44
486.000000 35.261
487.000000 35.14
488.000000 34.955
489.000000 34.771
490.000000 34.585
491.000000 34.4
492.000000 34.213
493.000000 34.027
494.000000 33.785
495.000000 33.547
496.000000 33.314
497.000000 33.086
498.000000 32.863
499.000000 32.644
500.000000 32.431
501.000000 32.221
502.000000 32.016
503.000000 31.818
504.000000 31.625
505.000000 31.435
506.000000 31.25
507.000000 31.069
508.000000 30.891
509.000000 30.717
510.000000 30.478
511.000000 30.248
512.000000 30.028
513.000000 29.817
514.000000 29.615
515.000000 29.422
516.000000 29.24
517.000000 29.067
518.000000 28.905
519.000000 28.821
520.000000 28.744
521.000000 28.673
522.000000 28.668
523.000000 28.668
524.000000 28.729
525.000000 28.79
526.000000 28.851
527.000000 28.969
528.000000 29.083
529.000000 29.26
530.000000 29.43
531.000000 29.593
532.000000 29.749
533.000000 29.899
534.000000 30.044
535.000000 30.183
536.000000 30.318
537.000000 30.448
538.000000 30.574
539.000000 30.694
540.000000 30.808
541.000000 30.917
542.000000 31.019
543.000000 31.173
544.000000 31.317
545.000000 31.451
546.000000 31.575
547.000000 31.69
548.000000 31.852
549.000000 32.002
550.000000 32.14
551.000000 32.323
552.000000 32.491
553.000000 32.646
554.000000 32.787
555.000000 32.983
556.000000 33.163
557.000000 33.328
558.000000 33.48
559.000000 33.62
560.000000 33.747
561.000000 33.863
562.000000 33.968
563.000000 34.065
564.000000 34.152
565.000000 34.23
566.000000 34.299
567.000000 34.359
568.000000 34.412
569.000000 34.513
570.000000 34.601
571.000000 34.677
572.000000 34.74
573.000000 34.85
574.000000 34.945
575.000000 35.085
576.000000 35.15
577.000000 35.262
578.000000 35.359
579.000000 35.442
580.000000 35.512
581.000000 35.571
582.000000 35.618
583.000000 35.655
584.000000 35.683
585.000000 35.7
586.000000 35.774
587.000000 35.836
588.000000 35.887
589.000000 35.984
590.000000 36.009
591.000000 36.082
592.000000 36.143
593.000000 36.193
594.000000 36.289
595.000000 36.37
596.000000 36.437
597.000000 36.493
598.000000 36.595
599.000000 36.684
600.000000 36.702
