1.000000 32.2
2.000000 32.2
3.000000 32.2
4.000000 32.2
5.000000 32.2
6.000000 32.2
7.000000 32.2
8.000000 32.2
9.000000 32.2
10.000000 32.2
11.000000 32.2
12.000000 32.2
13.000000 32.2
14.000000 32.2
15.000000 32.2
16.000000 32.2
17.000000 32.2
18.000000 32.2
19.000000 32.2
20.000000 32.18
21.000000 32.18
22.000000 32.18
23.000000 32.12
24.000000 32.12
25.000000 32.12
26.000000 32.18
27.000000 32.12
28.000000 32.12
29.000000 32.12
30.000000 32.12
31.000000 32.12
32.000000 32.18
33.000000 32.18
34.000000 32.18
35.000000 32.18
36.000000 32.18
37.000000 32.18
38.000000 32.25
39.000000 32.25
40.000000 32.25
41.000000 32.31
42.000000 32.37
43.000000 32.37
44.000000 32.43
45.000000 32.43
46.000000 32.5
47.000000 32.56
48.000000 32.62
49.000000 32.68
50.000000 32.68
51.000000 32.75
52.000000 32.87
53.000000 32.93
54.000000 32.93
55.000000 33.06
56.000000 33.12
57.000000 33.18
58.000000 33.25
59.000000 33.37
60.000000 33.43
61.000000 33.5
62.000000 33.62
63.000000 33.68
64.000000 33.81
65.000000 33.93
66.000000 34
67.000000 34.06
68.000000 34.18
69.000000 34.25
70.000000 34.37
71.000000 34.43
72.000000 34.5
73.000000 34.62
74.000000 34.68
75.000000 34.81
76.000000 34.87
77.000000 35
78.000000 35.06
79.000000 35.12
80.000000 35.25
81.000000 35.31
82.000000 35.37
83.000000 35.5
84.000000 35.56
85.000000 35.62
86.000000 35.68
87.000000 35.75
88.000000 35.81
89.000000 35.87
90.000000 36
91.000000 36
92.000000 36.12
93.000000 36.18
94.000000 36.25
95.000000 36.31
96.000000 36.37
97.000000 36.43
98.000000 36.5
99.000000 36.56
100.000000 36.56
101.000000 36.68
102.000000 36.68
103.000000 36.75
104.000000 36.81
105.000000 36.81
106.000000 36.81
107.000000 36.87
108.000000 36.87
109.000000 36.87
110.000000 36.93
111.000000 36.93
112.000000 36.93
113.000000 36.93
114.000000 36.93
115.000000 36.93
116.000000 36.93
117.000000 36.93
118.000000 36.93
119.000000 36.93
120.000000 36.93
121.000000 36.87
122.000000 36.87
123.000000 36.81
124.000000 36.81
125.000000 36.81
126.000000 36.81
127.000000 36.75
128.000000 36.75
129.000000 36.68
130.000000 36.68
131.000000 36.68
132.000000 36.68
133.000000 36.62
134.000000 36.62
135.000000 36.62
136.000000 36.56
137.000000 36.56
138.000000 36.5
139.000000 36.5
140.000000 36.5
141.000000 36.43
142.000000 36.37
143.000000 36.37
144.000000 36.31
145.000000 36.31
146.000000 36.31
147.000000 36.25
148.000000 36.25
149.000000 36.25
150.000000 36.18
151.000000 36.18
152.000000 36.12
153.000000 36.06
154.000000 36.06
155.000000 36.06
156.000000 36
157.000000 35.93
158.000000 35.93
159.000000 35.87
160.000000 35.87
161.000000 35.87
162.000000 35.81
163.000000 35.81
164.000000 35.81
165.000000 35.75
166.000000 35.68
167.000000 35.68
168.000000 35.68
169.000000 35.68
170.000000 35.62
171.000000 35.62
172.000000 35.62
173.000000 35.62
174.000000 35.56
175.000000 35.56
176.000000 35.56
177.000000 35.56
178.000000 35.62
179.000000 35.56
180.000000 35.56
181.000000 35.56
182.000000 35.56
183.000000 35.56
184.000000 35.56
185.000000 35.62
186.000000 35.56
187.000000 35.56
188.000000 35.56
189.000000 35.56
190.000000 35.56
191.000000 35.56
192.000000 35.56
193.000000 35.56
194.000000 35.56
195.000000 35.56
196.000000 35.56
197.000000 35.56
198.000000 35.56
199.000000 35.56
200.000000 35.56
201.000000 35.56
202.000000 35.56
203.000000 35.56
204.000000 35.56
205.000000 35.56
206.000000 35.56
207.000000 35.56
208.000000 35.56
209.000000 35.62
210.000000 35.62
211.000000 35.62
212.000000 35.68
213.000000 35.68
214.000000 35.68
215.000000 35.75
216.000000 35.75
217.000000 35.75
218.000000 35.75
219.000000 35.75
220.000000 35.75
221.000000 35.75
222.000000 35.81
223.000000 35.75
224.000000 35.75
225.000000 35.75
226.000000 35.81
227.000000 35.81
228.000000 35.81
229.000000 35.81
230.000000 35.81
231.000000 35.81
232.000000 35.87
233.000000 35.87
234.000000 35.81
235.000000 35.87
236.000000 35.87
237.000000 35.87
238.000000 35.93
239.000000 35.93
240.000000 35.93
241.000000 35.93
242.000000 35.93
243.000000 35.93
244.000000 35.93
245.000000 35.93
246.000000 35.93
247.000000 35.93
248.000000 35.93
249.000000 35.93
250.000000 35.93
251.000000 35.93
252.000000 35.93
253.000000 35.93
254.000000 35.93
255.000000 35.93
256.000000 35.93
257.000000 35.93
258.000000 35.87
259.000000 35.87
260.000000 35.87
261.000000 35.87
262.000000 35.87
263.000000 35.87
264.000000 35.87
265.000000 35.87
266.000000 35.87
267.000000 35.87
268.000000 35.87
269.000000 35.87
270.000000 35.87
271.000000 35.87
272.000000 35.93
273.000000 35.93
274.000000 35.93
275.000000 35.93
276.000000 35.93
277.000000 35.93
278.000000 35.93
279.000000 35.93
280.000000 35.87
281.000000 35.93
282.000000 35.93
283.000000 35.93
284.000000 36
285.000000 36
286.000000 36.06
287.000000 36.06
288.000000 36.12
289.000000 36.12
290.000000 36.12
291.000000 36.18
292.000000 36.12
293.000000 36.12
294.000000 36.12
295.000000 36.12
296.000000 36.12
297.000000 36.18
298.000000 36.12
299.000000 36.12
300.000000 36.12
301.000000 36.12
302.000000 36.12
303.000000 36.06
304.000000 36.06
305.000000 36.06
306.000000 36.06
307.000000 36.06
308.000000 36.06
309.000000 36.06
310.000000 36.12
311.000000 36.12
312.000000 36.12
313.000000 36.12
314.000000 36.12
315.000000 36.12
316.000000 36.12
317.000000 36.12
318.000000 36.12
319.000000 36.12
320.000000 36.12
321.000000 36.12
322.000000 36.18
323.000000 36.18
324.000000 36.18
325.000000 36.25
326.000000 36.25
327.000000 36.25
328.000000 36.31
329.000000 36.31
330.000000 36.31
331.000000 36.37
332.000000 36.37
333.000000 36.37
334.000000 36.43
335.000000 36.43
336.000000 36.43
337.000000 36.43
338.000000 36.43
339.000000 36.43
340.000000 36.43
341.000000 36.5
342.000000 36.5
343.000000 36.5
344.000000 36.5
345.000000 36.5
346.000000 36.43
347.000000 36.5
348.000000 36.43
349.000000 36.5
350.000000 36.43
351.000000 36.5
352.000000 36.43
353.000000 36.43
354.000000 36.43
355.000000 36.43
356.000000 36.43
357.000000 36.43
358.000000 36.43
359.000000 36.43
360.000000 36.43
361.000000 36.37
362.000000 36.37
363.000000 36.37
364.000000 36.37
365.000000 36.31
366.000000 36.31
367.000000 36.31
368.000000 36.31
369.000000 36.25
370.000000 36.25
371.000000 36.25
372.000000 36.25
373.000000 36.25
374.000000 36.25
375.000000 36.25
376.000000 36.18
377.000000 36.25
378.000000 36.18
379.000000 36.18
380.000000 36.18
381.000000 36.18
382.000000 36.12
383.000000 36.12
384.000000 36.12
385.000000 36.06
386.000000 36.06
387.000000 36
388.000000 36
389.000000 35.93
390.000000 35.93
391.000000 35.93
392.000000 35.93
393.000000 35.93
394.000000 35.87
395.000000 35.87
396.000000 35.87
397.000000 35.87
398.000000 35.87
399.000000 35.87
400.000000 35.87
401.000000 35.87
402.000000 35.87
403.000000 35.87
404.000000 35.87
405.000000 35.87
406.000000 35.87
407.000000 35.81
408.000000 35.81
409.000000 35.81
410.000000 35.81
411.000000 35.81
412.000000 35.81
413.000000 35.81
414.000000 35.81
415.000000 35.81
416.000000 35.81
417.000000 35.81
418.000000 35.81
419.000000 35.87
420.000000 35.87
421.000000 35.87
422.000000 35.87
423.000000 35.93
424.000000 35.93
425.000000 36
426.000000 36
427.000000 36.06
428.000000 36.12
429.000000 36.18
430.000000 36.25
431.000000 36.37
432.000000 36.43
433.000000 36.5
434.000000 36.56
435.000000 36.62
436.000000 36.75
437.000000 36.75
438.000000 36.87
439.000000 37
440.000000 37.06
441.000000 37.18
442.000000 37.31
443.000000 37.37
444.000000 37.5
445.000000 37.62
446.000000 37.68
447.000000 37.81
448.000000 37.93
449.000000 38
450.000000 38.12
451.000000 38.25
452.000000 38.31
453.000000 38.43
454.000000 38.56
455.000000 38.62
456.000000 38.75
457.000000 38.81
458.000000 38.93
459.000000 39.06
460.000000 39.18
461.000000 39.25
462.000000 39.37
463.000000 39.5
464.000000 39.56
465.000000 39.68
466.000000 39.81
467.000000 39.87
468.000000 40
469.000000 40.06
470.000000 40.12
471.000000 40.18
472.000000 40.25
473.000000 40.31
474.000000 40.37
475.000000 40.43
476.000000 40.5
477.000000 40.56
478.000000 40.56
479.000000 40.62
480.000000 40.62
481.000000 40.68
482.000000 40.68
483.000000 40.75
484.000000 40.75
485.000000 40.81
486.000000 40.87
487.000000 40.87
488.000000 40.87
489.000000 40.93
490.000000 40.93
491.000000 41
492.000000 41
493.000000 41
494.000000 41
495.000000 41.06
496.000000 41.06
497.000000 41.06
498.000000 41.06
499.000000 41.06
500.000000 41.06
501.000000 41.06
502.000000 41.06
503.000000 41.06
504.000000 41.06
505.000000 41.06
506.000000 41.06
507.000000 41.06
508.000000 41
509.000000 41
510.000000 40.93
511.000000 40.87
512.000000 40.87
513.000000 40.81
514.000000 40.75
515.000000 40.68
516.000000 40.68
517.000000 40.62
518.000000 40.56
519.000000 40.56
520.000000 40.5
521.000000 40.43
522.000000 40.37
523.000000 40.37
524.000000 40.31
525.000000 40.31
526.000000 40.25
527.000000 40.18
528.000000 40.18
529.000000 40.12
530.000000 40.12
531.000000 40.12
532.000000 40.06
533.000000 40.06
534.000000 40
535.000000 40
536.000000 39.93
537.000000 39.93
538.000000 39.93
539.000000 39.93
540.000000 39.81
541.000000 39.81
542.000000 39.81
543.000000 39.75
544.000000 39.75
545.000000 39.68
546.000000 39.68
547.000000 39.68
548.000000 39.68
549.000000 39.68
550.000000 39.68
551.000000 39.62
552.000000 39.62
553.000000 39.62
554.000000 39.62
555.000000 39.56
556.000000 39.56
557.000000 39.56
558.000000 39.56
559.000000 39.56
560.000000 39.56
561.000000 39.56
562.000000 39.56
563.000000 39.56
564.000000 39.56
565.000000 39.56
566.000000 39.56
567.000000 39.56
568.000000 39.56
569.000000 39.56
570.000000 39.56
571.000000 39.56
572.000000 39.56
573.000000 39.56
574.000000 39.56
575.000000 39.56
576.000000 39.56
577.000000 39.56
578.000000 39.62
579.000000 39.62
580.000000 39.62
581.000000 39.62
582.000000 39.62
583.000000 39.68
584.000000 39.68
585.000000 39.68
586.000000 39.75
587.000000 39.75
588.000000 39.75
589.000000 39.75
590.000000 39.75
591.000000 39.75
592.000000 39.75
593.000000 39.75
594.000000 39.75
595.000000 39.75
596.000000 39.75
597.000000 39.75
598.000000 39.81
599.000000 39.81
600.000000 39.81
601.000000 39.87
602.000000 39.87
603.000000 39.87
604.000000 39.93
605.000000 39.93
606.000000 39.93
607.000000 39.93
608.000000 39.93
609.000000 39.93
610.000000 40
611.000000 40
612.000000 40
613.000000 40
614.000000 40
615.000000 40
616.000000 40
617.000000 40
618.000000 40
619.000000 40
620.000000 40.06
621.000000 40.06
622.000000 40.06
623.000000 40.06
624.000000 40.06
625.000000 40.06
626.000000 40.12
627.000000 40.12
628.000000 40.12
629.000000 40.12
630.000000 40.18
631.000000 40.18
632.000000 40.18
633.000000 40.18
634.000000 40.25
635.000000 40.25
636.000000 40.25
637.000000 40.25
638.000000 40.31
639.000000 40.31
640.000000 40.31
641.000000 40.31
642.000000 40.37
643.000000 40.37
644.000000 40.37
645.000000 40.43
646.000000 40.5
647.000000 40.5
648.000000 40.56
649.000000 40.56
650.000000 40.56
651.000000 40.56
652.000000 40.56
653.000000 40.56
654.000000 40.56
655.000000 40.56
656.000000 40.56
657.000000 40.56
658.000000 40.56
659.000000 40.5
660.000000 40.56
661.000000 40.56
662.000000 40.56
663.000000 40.56
664.000000 40.56
665.000000 40.56
666.000000 40.56
667.000000 40.56
668.000000 40.56
669.000000 40.56
670.000000 40.56
671.000000 40.56
672.000000 40.56
673.000000 40.56
674.000000 40.56
675.000000 40.56
676.000000 40.56
677.000000 40.56
678.000000 40.56
679.000000 40.5
680.000000 40.5
681.000000 40.5
682.000000 40.5
683.000000 40.5
684.000000 40.43
685.000000 40.5
686.000000 40.43
687.000000 40.43
688.000000 40.43
689.000000 40.43
690.000000 40.43
691.000000 40.37
692.000000 40.37
693.000000 40.37
694.000000 40.31
695.000000 40.31
696.000000 40.31
697.000000 40.25
698.000000 40.25
699.000000 40.18
700.000000 40.18
701.000000 40.18
702.000000 40.18
703.000000 40.12
704.000000 40.12
705.000000 40.12
706.000000 40.06
707.000000 40.06
708.000000 40.06
709.000000 40.06
710.000000 40
711.000000 40
712.000000 39.93
713.000000 39.93
714.000000 39.93
715.000000 39.93
716.000000 39.87
717.000000 39.87
718.000000 39.87
719.000000 39.81
720.000000 39.81
721.000000 39.81
722.000000 39.75
723.000000 39.75
724.000000 39.75
725.000000 39.75
726.000000 39.75
727.000000 39.75
728.000000 39.75
729.000000 39.75
730.000000 39.75
731.000000 39.68
732.000000 39.68
733.000000 39.68
734.000000 39.75
735.000000 39.75
736.000000 39.75
737.000000 39.75
738.000000 39.75
739.000000 39.75
740.000000 39.75
741.000000 39.75
742.000000 39.68
743.000000 39.75
744.000000 39.75
745.000000 39.68
746.000000 39.75
747.000000 39.75
748.000000 39.75
749.000000 39.75
750.000000 39.75
751.000000 39.75
752.000000 39.81
753.000000 39.81
754.000000 39.81
755.000000 39.81
756.000000 39.81
757.000000 39.81
758.000000 39.81
759.000000 39.81
760.000000 39.81
761.000000 39.87
762.000000 39.87
763.000000 39.87
764.000000 39.87
765.000000 39.87
766.000000 39.87
767.000000 39.87
768.000000 39.87
769.000000 39.87
770.000000 39.87
771.000000 39.93
772.000000 39.93
773.000000 40
774.000000 40.06
775.000000 40.06
776.000000 40.06
777.000000 40.12
778.000000 40.12
779.000000 40.12
780.000000 40.12
781.000000 40.18
782.000000 40.25
783.000000 40.25
784.000000 40.25
785.000000 40.25
786.000000 40.31
787.000000 40.31
788.000000 40.31
789.000000 40.31
790.000000 40.31
791.000000 40.37
792.000000 40.31
793.000000 40.31
794.000000 40.31
795.000000 40.31
796.000000 40.31
797.000000 40.31
798.000000 40.25
799.000000 40.25
800.000000 40.31
801.000000 40.25
802.000000 40.25
803.000000 40.25
804.000000 40.25
805.000000 40.25
806.000000 40.25
807.000000 40.18
808.000000 40.18
809.000000 40.18
810.000000 40.18
811.000000 40.25
812.000000 40.18
813.000000 40.25
814.000000 40.25
815.000000 40.25
816.000000 40.25
817.000000 40.31
818.000000 40.31
819.000000 40.31
820.000000 40.31
821.000000 40.31
822.000000 40.31
823.000000 40.31
824.000000 40.31
825.000000 40.31
826.000000 40.25
827.000000 40.25
828.000000 40.25
829.000000 40.25
830.000000 40.25
831.000000 40.18
832.000000 40.18
833.000000 40.18
834.000000 40.18
835.000000 40.18
836.000000 40.18
837.000000 40.12
838.000000 40.18
839.000000 40.12
840.000000 40.12
841.000000 40.06
842.000000 40.12
843.000000 40.06
844.000000 40.06
845.000000 40.06
846.000000 40.06
847.000000 40.06
848.000000 40.06
849.000000 40
850.000000 40
851.000000 40
852.000000 40
853.000000 40
854.000000 40
855.000000 39.93
856.000000 39.93
857.000000 40
858.000000 39.93
859.000000 39.93
860.000000 39.93
861.000000 39.93
862.000000 40
863.000000 40
864.000000 40
865.000000 40
866.000000 40
867.000000 40
868.000000 40
869.000000 40
870.000000 40
871.000000 40
872.000000 40
873.000000 40.06
874.000000 40.06
875.000000 40.06
876.000000 40.12
877.000000 40.12
878.000000 40.12
879.000000 40.12
880.000000 40.12
881.000000 40.06
882.000000 40.06
883.000000 40.06
884.000000 40.06
885.000000 40
886.000000 40
887.000000 40
888.000000 40
889.000000 40
890.000000 40
891.000000 39.93
892.000000 39.93
893.000000 39.93
894.000000 39.93
895.000000 39.93
896.000000 39.93
897.000000 39.93
898.000000 39.93
899.000000 39.93
900.000000 39.87
901.000000 39.87
902.000000 39.87
903.000000 39.87
904.000000 39.87
905.000000 39.87
906.000000 39.87
907.000000 39.87
908.000000 39.81
909.000000 39.81
910.000000 39.81
911.000000 39.81
912.000000 39.81
913.000000 39.81
914.000000 39.81
915.000000 39.81
916.000000 39.81
917.000000 39.81
918.000000 39.81
919.000000 39.81
920.000000 39.81
921.000000 39.81
922.000000 39.81
923.000000 39.81
924.000000 39.81
925.000000 39.81
926.000000 39.81
927.000000 39.81
928.000000 39.81
929.000000 39.81
930.000000 39.81
931.000000 39.81
932.000000 39.81
933.000000 39.81
934.000000 39.81
935.000000 39.81
936.000000 39.81
937.000000 39.81
938.000000 39.81
939.000000 39.81
940.000000 39.81
941.000000 39.81
942.000000 39.81
943.000000 39.81
944.000000 39.81
945.000000 39.81
946.000000 39.81
947.000000 39.81
948.000000 39.81
949.000000 39.81
950.000000 39.87
951.000000 39.81
952.000000 39.87
953.000000 39.87
954.000000 39.87
955.000000 39.87
956.000000 39.87
957.000000 39.87
958.000000 39.87
959.000000 39.87
960.000000 39.87
961.000000 39.81
962.000000 39.81
963.000000 39.81
964.000000 39.81
965.000000 39.75
966.000000 39.75
967.000000 39.81
968.000000 39.81
969.000000 39.81
970.000000 39.81
971.000000 39.87
972.000000 39.87
973.000000 39.87
974.000000 39.93
975.000000 39.93
976.000000 39.93
977.000000 39.93
978.000000 39.93
979.000000 39.93
980.000000 39.93
981.000000 39.93
982.000000 39.93
983.000000 39.93
984.000000 40
985.000000 40
986.000000 40
987.000000 40
988.000000 40.06
989.000000 40.06
990.000000 40.06
991.000000 40.06
992.000000 40.12
993.000000 40.12
994.000000 40.12
995.000000 40.12
996.000000 40.18
997.000000 40.18
998.000000 40.18
999.000000 40.25
1000.000000 40.25
