1.000000 32
2.000000 32
3.000000 32
4.000000 32
5.000000 32
6.000000 32
7.000000 32
8.000000 32
9.000000 32
10.000000 32
11.000000 32
12.000000 32
13.000000 32
14.000000 32
15.000000 32
16.000000 32
17.000000 32
18.000000 32
19.000000 32
20.000000 32.06
21.000000 32.06
22.000000 32.06
23.000000 32
24.000000 32.06
25.000000 32.06
26.000000 32
27.000000 32
28.000000 32
29.000000 32
30.000000 32
31.000000 32
32.000000 31.93
33.000000 32
34.000000 31.93
35.000000 31.93
36.000000 31.93
37.000000 31.93
38.000000 31.93
39.000000 31.93
40.000000 31.93
41.000000 31.93
42.000000 31.93
43.000000 31.93
44.000000 32
45.000000 32
46.000000 32
47.000000 32.06
48.000000 32.12
49.000000 32.12
50.000000 32.18
51.000000 32.25
52.000000 32.31
53.000000 32.37
54.000000 32.43
55.000000 32.43
56.000000 32.5
57.000000 32.56
58.000000 32.62
59.000000 32.68
60.000000 32.75
61.000000 32.81
62.000000 32.93
63.000000 33
64.000000 33.06
65.000000 33.12
66.000000 33.18
67.000000 33.25
68.000000 33.37
69.000000 33.43
70.000000 33.5
71.000000 33.56
72.000000 33.68
73.000000 33.75
74.000000 33.87
75.000000 33.93
76.000000 34
77.000000 34.06
78.000000 34.12
79.000000 34.25
80.000000 34.31
81.000000 34.37
82.000000 34.43
83.000000 34.5
84.000000 34.56
85.000000 34.62
86.000000 34.75
87.000000 34.81
88.000000 34.87
89.000000 34.93
90.000000 35
91.000000 35.06
92.000000 35.12
93.000000 35.18
94.000000 35.25
95.000000 35.25
96.000000 35.31
97.000000 35.37
98.000000 35.37
99.000000 35.43
100.000000 35.43
101.000000 35.43
102.000000 35.5
103.000000 35.5
104.000000 35.56
105.000000 35.56
106.000000 35.62
107.000000 35.62
108.000000 35.62
109.000000 35.62
110.000000 35.62
111.000000 35.62
112.000000 35.62
113.000000 35.62
114.000000 35.62
115.000000 35.62
116.000000 35.62
117.000000 35.62
118.000000 35.62
119.000000 35.56
120.000000 35.56
121.000000 35.56
122.000000 35.56
123.000000 35.56
124.000000 35.5
125.000000 35.5
126.000000 35.5
127.000000 35.43
128.000000 35.43
129.000000 35.43
130.000000 35.37
131.000000 35.37
132.000000 35.31
133.000000 35.31
134.000000 35.25
135.000000 35.18
136.000000 35.12
137.000000 35.12
138.000000 35.12
139.000000 35.06
140.000000 35.06
141.000000 35.06
142.000000 35.06
143.000000 35
144.000000 35
145.000000 35
146.000000 35
147.000000 35
148.000000 35
149.000000 35
150.000000 35
151.000000 35
152.000000 35
153.000000 35
154.000000 35
155.000000 35
156.000000 35
157.000000 35
158.000000 35
159.000000 35
160.000000 35
161.000000 35
162.000000 35
163.000000 35
164.000000 35
165.000000 35.06
166.000000 35.06
167.000000 35.06
168.000000 35.12
169.000000 35.12
170.000000 35.12
171.000000 35.25
172.000000 35.25
173.000000 35.31
174.000000 35.31
175.000000 35.37
176.000000 35.37
177.000000 35.43
178.000000 35.5
179.000000 35.5
180.000000 35.5
181.000000 35.56
182.000000 35.56
183.000000 35.62
184.000000 35.62
185.000000 35.62
186.000000 35.62
187.000000 35.68
188.000000 35.62
189.000000 35.62
190.000000 35.68
191.000000 35.68
192.000000 35.68
193.000000 35.68
194.000000 35.68
195.000000 35.68
196.000000 35.68
197.000000 35.75
198.000000 35.75
199.000000 35.75
200.000000 35.75
201.000000 35.75
202.000000 35.75
203.000000 35.75
204.000000 35.75
205.000000 35.75
206.000000 35.75
207.000000 35.75
208.000000 35.75
209.000000 35.75
210.000000 35.75
211.000000 35.68
212.000000 35.68
213.000000 35.68
214.000000 35.68
215.000000 35.68
216.000000 35.68
217.000000 35.62
218.000000 35.62
219.000000 35.62
220.000000 35.62
221.000000 35.56
222.000000 35.56
223.000000 35.5
224.000000 35.5
225.000000 35.5
226.000000 35.43
227.000000 35.43
228.000000 35.37
229.000000 35.31
230.000000 35.31
231.000000 35.31
232.000000 35.25
233.000000 35.25
234.000000 35.25
235.000000 35.18
236.000000 35.18
237.000000 35.18
238.000000 35.12
239.000000 35.12
240.000000 35.12
241.000000 35.06
242.000000 35.06
243.000000 35
244.000000 35
245.000000 34.93
246.000000 34.93
247.000000 34.87
248.000000 34.87
249.000000 34.87
250.000000 34.87
251.000000 34.87
252.000000 34.87
253.000000 34.87
254.000000 34.87
255.000000 34.87
256.000000 34.87
257.000000 34.87
258.000000 34.87
259.000000 34.87
260.000000 34.81
261.000000 34.87
262.000000 34.87
263.000000 34.81
264.000000 34.81
265.000000 34.81
266.000000 34.81
267.000000 34.81
268.000000 34.75
269.000000 34.75
270.000000 34.75
271.000000 34.75
272.000000 34.75
273.000000 34.75
274.000000 34.75
275.000000 34.81
276.000000 34.81
277.000000 34.81
278.000000 34.87
279.000000 34.87
280.000000 34.87
281.000000 34.93
282.000000 34.93
283.000000 34.93
284.000000 34.93
285.000000 35
286.000000 35
287.000000 35.06
288.000000 35.06
289.000000 35.12
290.000000 35.12
291.000000 35.12
292.000000 35.12
293.000000 35.12
294.000000 35.18
295.000000 35.18
296.000000 35.18
297.000000 35.25
298.000000 35.25
299.000000 35.25
300.000000 35.25
301.000000 35.25
302.000000 35.25
303.000000 35.25
304.000000 35.31
305.000000 35.31
306.000000 35.31
307.000000 35.31
308.000000 35.31
309.000000 35.31
310.000000 35.31
311.000000 35.31
312.000000 35.31
313.000000 35.31
314.000000 35.31
315.000000 35.25
316.000000 35.25
317.000000 35.25
318.000000 35.18
319.000000 35.18
320.000000 35.18
321.000000 35.18
322.000000 35.18
323.000000 35.18
324.000000 35.18
325.000000 35.12
326.000000 35.12
327.000000 35.12
328.000000 35.12
329.000000 35.06
330.000000 35.06
331.000000 35.06
332.000000 35.06
333.000000 35.06
334.000000 35.06
335.000000 35
336.000000 35
337.000000 35
338.000000 35
339.000000 35
340.000000 34.93
341.000000 34.93
342.000000 34.87
343.000000 34.87
344.000000 34.87
345.000000 34.81
346.000000 34.81
347.000000 34.81
348.000000 34.75
349.000000 34.75
350.000000 34.75
351.000000 34.68
352.000000 34.68
353.000000 34.62
354.000000 34.62
355.000000 34.68
356.000000 34.62
357.000000 34.62
358.000000 34.62
359.000000 34.62
360.000000 34.62
361.000000 34.56
362.000000 34.56
363.000000 34.56
364.000000 34.56
365.000000 34.56
366.000000 34.56
367.000000 34.56
368.000000 34.62
369.000000 34.62
370.000000 34.56
371.000000 34.56
372.000000 34.62
373.000000 34.62
374.000000 34.62
375.000000 34.62
376.000000 34.62
377.000000 34.68
378.000000 34.68
379.000000 34.68
380.000000 34.68
381.000000 34.75
382.000000 34.75
383.000000 34.81
384.000000 34.81
385.000000 34.87
386.000000 34.87
387.000000 34.87
388.000000 34.93
389.000000 34.93
390.000000 35
391.000000 35
392.000000 35.06
393.000000 35.06
394.000000 35.06
395.000000 35.12
396.000000 35.12
397.000000 35.18
398.000000 35.18
399.000000 35.25
400.000000 35.25
401.000000 35.31
402.000000 35.31
403.000000 35.31
404.000000 35.37
405.000000 35.43
406.000000 35.43
407.000000 35.5
408.000000 35.56
409.000000 35.56
410.000000 35.62
411.000000 35.62
412.000000 35.62
413.000000 35.62
414.000000 35.68
415.000000 35.68
416.000000 35.68
417.000000 35.68
418.000000 35.68
419.000000 35.68
420.000000 35.68
421.000000 35.68
422.000000 35.62
423.000000 35.62
424.000000 35.62
425.000000 35.62
426.000000 35.62
427.000000 35.62
428.000000 35.62
429.000000 35.62
430.000000 35.56
431.000000 35.56
432.000000 35.56
433.000000 35.5
434.000000 35.5
435.000000 35.5
436.000000 35.43
437.000000 35.43
438.000000 35.43
439.000000 35.43
440.000000 35.43
441.000000 35.43
442.000000 35.43
443.000000 35.43
444.000000 35.43
445.000000 35.43
446.000000 35.43
447.000000 35.43
448.000000 35.43
449.000000 35.43
450.000000 35.43
451.000000 35.43
452.000000 35.43
453.000000 35.37
454.000000 35.43
455.000000 35.37
456.000000 35.37
457.000000 35.37
458.000000 35.31
459.000000 35.31
460.000000 35.31
461.000000 35.31
462.000000 35.25
463.000000 35.25
464.000000 35.25
465.000000 35.25
466.000000 35.25
467.000000 35.25
468.000000 35.25
469.000000 35.25
470.000000 35.31
471.000000 35.31
472.000000 35.31
473.000000 35.31
474.000000 35.31
475.000000 35.31
476.000000 35.31
477.000000 35.31
478.000000 35.31
479.000000 35.31
480.000000 35.31
481.000000 35.31
482.000000 35.31
483.000000 35.31
484.000000 35.31
485.000000 35.37
486.000000 35.37
487.000000 35.31
488.000000 35.37
489.000000 35.37
490.000000 35.37
491.000000 35.37
492.000000 35.37
493.000000 35.37
494.000000 35.43
495.000000 35.43
496.000000 35.43
497.000000 35.43
498.000000 35.43
499.000000 35.43
500.000000 35.43
501.000000 35.43
502.000000 35.43
503.000000 35.43
504.000000 35.43
505.000000 35.43
506.000000 35.43
507.000000 35.43
508.000000 35.43
509.000000 35.43
510.000000 35.5
511.000000 35.5
512.000000 35.5
513.000000 35.5
514.000000 35.5
515.000000 35.5
516.000000 35.5
517.000000 35.5
518.000000 35.5
519.000000 35.43
520.000000 35.43
521.000000 35.43
522.000000 35.37
523.000000 35.37
524.000000 35.31
525.000000 35.31
526.000000 35.31
527.000000 35.25
528.000000 35.25
529.000000 35.18
530.000000 35.18
531.000000 35.18
532.000000 35.18
533.000000 35.18
534.000000 35.18
535.000000 35.18
536.000000 35.18
537.000000 35.18
538.000000 35.18
539.000000 35.18
540.000000 35.18
541.000000 35.18
542.000000 35.18
543.000000 35.12
544.000000 35.12
545.000000 35.12
546.000000 35.12
547.000000 35.12
548.000000 35.06
549.000000 35.06
550.000000 35.06
551.000000 35
552.000000 35
553.000000 35
554.000000 35
555.000000 34.93
556.000000 34.93
557.000000 34.93
558.000000 34.93
559.000000 34.93
560.000000 34.93
561.000000 34.93
562.000000 34.93
563.000000 34.93
564.000000 34.93
565.000000 34.93
566.000000 34.93
567.000000 34.93
568.000000 34.93
569.000000 34.87
570.000000 34.87
571.000000 34.87
572.000000 34.87
573.000000 34.81
574.000000 34.81
575.000000 34.75
576.000000 34.81
577.000000 34.75
578.000000 34.75
579.000000 34.75
580.000000 34.75
581.000000 34.75
582.000000 34.75
583.000000 34.75
584.000000 34.75
585.000000 34.75
586.000000 34.68
587.000000 34.68
588.000000 34.68
589.000000 34.62
590.000000 34.68
591.000000 34.62
592.000000 34.62
593.000000 34.62
594.000000 34.56
595.000000 34.56
596.000000 34.56
597.000000 34.56
598.000000 34.5
599.000000 34.5
600.000000 34.56
