0.000000 0
1.000000 0
2.000000 0
3.000000 0
4.000000 0
5.000000 0
6.000000 0
7.000000 0
8.000000 0
9.000000 8.1383
10.000000 4.6486
11.000000 3.8604
12.000000 3.187
13.000000 2.7287
14.000000 2.409
15.000000 2.1865
16.000000 2.0319
17.000000 1.9247
18.000000 1.8507
19.000000 1.7998
20.000000 1.7651
21.000000 1.7415
22.000000 1.7256
23.000000 1.7149
24.000000 1.7075
25.000000 1.7023
26.000000 1.6984
27.000000 1.6951
28.000000 1.6921
29.000000 1.6891
30.000000 1.6859
31.000000 1.6824
32.000000 1.6786
33.000000 1.6744
34.000000 1.6699
35.000000 1.665
36.000000 1.6598
37.000000 1.6543
38.000000 1.6485
39.000000 1.6426
40.000000 1.6364
41.000000 1.6301
42.000000 1.6237
43.000000 1.6172
44.000000 1.6106
45.000000 1.6039
46.000000 1.5972
47.000000 1.5905
48.000000 1.5838
49.000000 1.5771
50.000000 1.5704
51.000000 1.5638
52.000000 1.5572
53.000000 1.5506
54.000000 1.5441
55.000000 1.5376
56.000000 1.5312
57.000000 1.5249
58.000000 1.5187
59.000000 1.5125
60.000000 1.5064
61.000000 1.5004
62.000000 1.4945
63.000000 1.4886
64.000000 1.4829
65.000000 1.4772
66.000000 1.4716
67.000000 1.4661
68.000000 1.4608
69.000000 1.4555
70.000000 1.4503
71.000000 1.4452
72.000000 1.4402
73.000000 1.4353
74.000000 1.4305
75.000000 1.4258
76.000000 1.4212
77.000000 1.4167
78.000000 1.4123
79.000000 1.408
80.000000 1.4038
81.000000 1.3997
82.000000 1.3957
83.000000 1.3918
84.000000 1.3879
85.000000 1.3842
86.000000 1.3806
87.000000 1.3771
88.000000 1.3736
89.000000 1.3703
90.000000 1.3671
91.000000 1.3639
92.000000 1.3608
93.000000 1.3579
94.000000 1.355
95.000000 1.3522
96.000000 1.3495
97.000000 1.3468
98.000000 1.3443
99.000000 1.3418
100.000000 1.3394
101.000000 1.3371
102.000000 1.3349
103.000000 1.3327
104.000000 1.3306
105.000000 1.3286
106.000000 1.3267
107.000000 1.3248
108.000000 1.323
109.000000 1.3213
110.000000 1.3197
111.000000 1.3181
112.000000 1.3165
113.000000 1.3151
114.000000 1.3137
115.000000 1.3123
116.000000 1.311
117.000000 1.3098
118.000000 1.3086
119.000000 1.3075
120.000000 1.3064
121.000000 1.3054
122.000000 1.3044
123.000000 1.3035
124.000000 1.3026
125.000000 1.3018
126.000000 1.301
127.000000 1.3003
128.000000 1.2996
129.000000 1.299
130.000000 1.2983
131.000000 1.2978
132.000000 1.2972
133.000000 1.2967
134.000000 1.2963
135.000000 1.2958
136.000000 1.2954
137.000000 1.2951
138.000000 1.2947
139.000000 1.2944
140.000000 1.2941
141.000000 1.2939
142.000000 1.2937
143.000000 1.2935
144.000000 1.2933
145.000000 1.2931
146.000000 1.293
147.000000 1.2929
148.000000 1.2928
149.000000 1.2927
150.000000 1.2927
151.000000 1.2927
152.000000 1.2926
153.000000 1.2927
154.000000 1.2927
155.000000 1.2927
156.000000 1.2928
157.000000 1.2928
158.000000 1.2929
159.000000 1.293
160.000000 1.2931
161.000000 1.2932
162.000000 1.2933
163.000000 1.2934
164.000000 1.2936
165.000000 1.2937
166.000000 1.2939
167.000000 1.2941
168.000000 1.2942
169.000000 1.2944
170.000000 1.2946
171.000000 1.2948
172.000000 1.295
173.000000 1.2952
174.000000 1.2954
175.000000 1.2956
176.000000 1.2958
177.000000 1.296
178.000000 1.2962
179.000000 1.2965
180.000000 1.2967
181.000000 1.2969
182.000000 1.2971
183.000000 1.2973
184.000000 1.2976
185.000000 1.2978
186.000000 1.298
187.000000 1.2983
188.000000 1.2985
189.000000 1.2987
190.000000 1.2989
191.000000 1.2992
192.000000 1.2994
193.000000 1.2996
194.000000 1.2998
195.000000 1.3001
196.000000 1.3003
197.000000 1.3005
198.000000 1.3007
199.000000 -14.976
200.000000 -7.996
201.000000 -6.4195
202.000000 -5.0724
203.000000 -4.1556
204.000000 -3.516
205.000000 -3.0709
206.000000 -2.7615
207.000000 -2.5468
208.000000 -2.3986
209.000000 -2.2967
210.000000 -2.227
211.000000 -2.1798
212.000000 -2.1478
213.000000 -2.1261
214.000000 -2.1112
215.000000 -2.1006
216.000000 -2.0926
217.000000 -2.0859
218.000000 -2.0798
219.000000 -2.0736
220.000000 -2.067
221.000000 -2.0599
222.000000 -2.0521
223.000000 -2.0436
224.000000 -2.0343
225.000000 -2.0244
226.000000 -2.0139
227.000000 -2.0028
228.000000 -1.9911
229.000000 -1.9791
230.000000 -1.9667
231.000000 -1.954
232.000000 -1.941
233.000000 -1.9279
234.000000 -1.9146
235.000000 -1.9012
236.000000 -1.8877
237.000000 -1.8742
238.000000 -1.8607
239.000000 -1.8472
240.000000 -1.8337
241.000000 -1.8203
242.000000 -1.807
243.000000 -1.7938
244.000000 -1.7807
245.000000 -1.7677
246.000000 -1.7549
247.000000 -1.7421
248.000000 -1.7296
249.000000 -1.7171
250.000000 -1.7049
251.000000 -1.6928
252.000000 -1.6809
253.000000 -1.6691
254.000000 -1.6576
255.000000 -1.6462
256.000000 -1.635
257.000000 -1.624
258.000000 -1.6132
259.000000 -1.6026
260.000000 -1.5921
261.000000 -1.5819
262.000000 -1.5719
263.000000 -1.562
264.000000 -1.5524
265.000000 -1.543
266.000000 -1.5337
267.000000 -1.5247
268.000000 -1.5159
269.000000 -1.5073
270.000000 -1.4988
271.000000 -1.4906
272.000000 -1.4826
273.000000 -1.4747
274.000000 -1.4671
275.000000 -1.4596
276.000000 -1.4524
277.000000 -1.4453
278.000000 -1.4384
279.000000 -1.4317
280.000000 -1.4252
281.000000 -1.4189
282.000000 -1.4127
283.000000 -1.4068
284.000000 -1.401
285.000000 -1.3954
286.000000 -1.3899
287.000000 -1.3847
288.000000 -1.3796
289.000000 -1.3746
290.000000 -1.3698
291.000000 -1.3652
292.000000 -1.3608
293.000000 -1.3564
294.000000 -1.3523
295.000000 -1.3483
296.000000 -1.3444
297.000000 -1.3407
298.000000 -1.3371
299.000000 -1.3336
300.000000 -1.3303
301.000000 -1.3271
302.000000 -1.3241
303.000000 -1.3212
304.000000 -1.3184
305.000000 -1.3157
306.000000 -1.3131
307.000000 -1.3106
308.000000 -1.3083
309.000000 -1.3061
310.000000 -1.3039
311.000000 -1.3019
312.000000 -1.3
313.000000 -1.2981
314.000000 -1.2964
315.000000 -1.2948
316.000000 -1.2932
317.000000 -1.2917
318.000000 -1.2904
319.000000 -1.2891
320.000000 -1.2878
321.000000 -1.2867
322.000000 -1.2856
323.000000 -1.2846
324.000000 -1.2837
325.000000 -1.2828
326.000000 -1.2821
327.000000 -1.2813
328.000000 -1.2807
329.000000 -1.2801
330.000000 -1.2795
331.000000 -1.279
332.000000 -1.2786
333.000000 -1.2782
334.000000 -1.2778
335.000000 -1.2775
336.000000 -1.2773
337.000000 -1.2771
338.000000 -1.2769
339.000000 -1.2768
340.000000 -1.2767
341.000000 -1.2766
342.000000 -1.2766
343.000000 -1.2766
344.000000 -1.2767
345.000000 -1.2768
346.000000 -1.2769
347.000000 -1.277
348.000000 -1.2772
349.000000 -1.2773
350.000000 -1.2775
351.000000 -1.2778
352.000000 -1.278
353.000000 -1.2783
354.000000 -1.2786
355.000000 -1.2789
356.000000 -1.2792
357.000000 -1.2795
358.000000 -1.2799
359.000000 -1.2803
360.000000 -1.2806
361.000000 -1.281
362.000000 -1.2814
363.000000 -1.2818
364.000000 -1.2822
365.000000 -1.2826
366.000000 -1.2831
367.000000 -1.2835
368.000000 -1.284
369.000000 -1.2844
370.000000 -1.2848
371.000000 -1.2853
372.000000 -1.2857
373.000000 -1.2862
374.000000 -1.2867
375.000000 -1.2871
376.000000 -1.2876
377.000000 -1.288
378.000000 -1.2885
379.000000 -1.289
380.000000 -1.2894
381.000000 -1.2899
382.000000 -1.2903
383.000000 -1.2908
384.000000 -1.2912
385.000000 -1.2917
386.000000 -1.2921
387.000000 -1.2926
388.000000 -1.293
389.000000 -1.2934
390.000000 -1.2938
391.000000 -1.2943
392.000000 -1.2947
393.000000 -1.2951
394.000000 -1.2955
395.000000 -1.2959
396.000000 -1.2963
397.000000 -1.2967
398.000000 -1.2971
399.000000 -1.2974
400.000000 -1.2978
401.000000 -1.2982
402.000000 -1.2985
403.000000 -1.2989
404.000000 -1.2992
405.000000 -1.2996
406.000000 -1.2999
407.000000 -1.3002
408.000000 -1.3006
409.000000 -1.3009
410.000000 -1.3012
411.000000 -1.3015
412.000000 -1.3018
413.000000 -1.3021
414.000000 -1.3023
415.000000 -1.3026
416.000000 -1.3029
417.000000 -1.3031
418.000000 -1.3034
419.000000 -1.3036
420.000000 -1.3039
421.000000 -1.3041
422.000000 -1.3043
423.000000 -1.3046
424.000000 -1.3048
425.000000 -1.305
426.000000 -1.3052
427.000000 -1.3054
428.000000 -1.3056
429.000000 -1.3058
430.000000 -1.3059
431.000000 -1.3061
432.000000 -1.3063
433.000000 -1.3064
434.000000 -1.3066
435.000000 -1.3067
436.000000 -1.3069
437.000000 -1.307
438.000000 -1.3072
439.000000 -1.3073
440.000000 -1.3074
441.000000 -1.3075
442.000000 -1.3077
443.000000 -1.3078
444.000000 -1.3079
445.000000 -1.308
446.000000 -1.3081
447.000000 -1.3082
448.000000 -1.3083
449.000000 -1.3084
450.000000 -1.3084
451.000000 -1.3085
452.000000 -1.3086
453.000000 -1.3087
454.000000 -1.3087
455.000000 -1.3088
456.000000 -1.3089
457.000000 -1.3089
458.000000 -1.309
459.000000 -1.309
460.000000 -1.3091
461.000000 -1.3091
462.000000 -1.3092
463.000000 -1.3092
464.000000 -1.3092
465.000000 -1.3093
466.000000 -1.3093
467.000000 -1.3093
468.000000 -1.3094
469.000000 -1.3094
470.000000 -1.3094
471.000000 -1.3094
472.000000 -1.3095
473.000000 -1.3095
474.000000 -1.3095
475.000000 -1.3095
476.000000 -1.3095
477.000000 -1.3095
478.000000 -1.3095
479.000000 -1.3096
480.000000 -1.3096
481.000000 -1.3096
482.000000 -1.3096
483.000000 -1.3096
484.000000 -1.3096
485.000000 -1.3096
486.000000 -1.3096
487.000000 -1.3096
488.000000 -1.3096
489.000000 -1.3096
490.000000 -1.3095
491.000000 -1.3095
492.000000 -1.3095
493.000000 -1.3095
494.000000 -1.3095
495.000000 -1.3095
496.000000 -1.3095
497.000000 -1.3095
498.000000 -1.3095
499.000000 12.933
500.000000 6.8256
501.000000 5.4463
502.000000 4.2678
503.000000 3.4658
504.000000 2.9063
505.000000 2.5171
506.000000 2.2465
507.000000 2.0589
508.000000 1.9293
509.000000 1.8403
510.000000 1.7796
511.000000 1.7384
512.000000 1.7106
513.000000 1.6918
514.000000 1.6789
515.000000 1.6698
516.000000 1.663
517.000000 1.6573
518.000000 1.652
519.000000 1.6468
520.000000 1.6412
521.000000 1.6351
522.000000 1.6284
523.000000 1.6211
524.000000 1.6132
525.000000 1.6046
526.000000 1.5955
527.000000 1.5859
528.000000 1.5759
529.000000 1.5655
530.000000 1.5547
531.000000 1.5437
532.000000 1.5325
533.000000 1.5211
534.000000 1.5096
535.000000 1.498
536.000000 1.4863
537.000000 1.4746
538.000000 1.4628
539.000000 1.4511
540.000000 1.4394
541.000000 1.4278
542.000000 1.4163
543.000000 1.4048
544.000000 1.3934
545.000000 1.3821
546.000000 1.3709
547.000000 1.3599
548.000000 1.349
549.000000 1.3382
550.000000 1.3275
551.000000 1.317
552.000000 1.3066
553.000000 1.2964
554.000000 1.2863
555.000000 1.2764
556.000000 1.2667
557.000000 1.2571
558.000000 1.2477
559.000000 1.2385
560.000000 1.2294
561.000000 1.2205
562.000000 1.2117
563.000000 1.2032
564.000000 1.1948
565.000000 1.1866
566.000000 1.1785
567.000000 1.1707
568.000000 1.163
569.000000 1.1554
570.000000 1.1481
571.000000 1.1409
572.000000 1.1339
573.000000 1.1271
574.000000 1.1204
575.000000 1.1139
576.000000 1.1076
577.000000 1.1014
578.000000 1.0954
579.000000 1.0896
580.000000 1.0839
581.000000 1.0784
582.000000 1.073
583.000000 1.0678
584.000000 1.0628
585.000000 1.0579
586.000000 1.0531
587.000000 1.0485
588.000000 1.044
589.000000 1.0397
590.000000 1.0355
591.000000 1.0315
592.000000 1.0276
593.000000 1.0238
594.000000 1.0202
595.000000 1.0167
596.000000 1.0133
597.000000 1.0101
598.000000 1.0069
599.000000 1.0039
600.000000 1.001
601.000000 0.99821
602.000000 0.99554
603.000000 0.99297
604.000000 0.99051
605.000000 0.98816
606.000000 0.98591
607.000000 0.98375
608.000000 0.9817
609.000000 0.97973
610.000000 0.97786
611.000000 0.97608
612.000000 0.97439
613.000000 0.97279
614.000000 0.97126
615.000000 0.96982
616.000000 0.96845
617.000000 0.96716
618.000000 0.96595
619.000000 0.96481
620.000000 0.96373
621.000000 0.96273
622.000000 0.96178
623.000000 0.96091
624.000000 0.96009
625.000000 0.95933
626.000000 0.95863
627.000000 0.95799
628.000000 0.9574
629.000000 0.95686
630.000000 0.95637
631.000000 0.95593
632.000000 0.95553
633.000000 0.95518
634.000000 0.95487
635.000000 0.95461
636.000000 0.95438
637.000000 0.95419
638.000000 0.95404
639.000000 0.95392
640.000000 0.95383
641.000000 0.95378
642.000000 0.95376
643.000000 0.95376
644.000000 0.9538
645.000000 0.95386
646.000000 0.95394
647.000000 0.95405
648.000000 0.95419
649.000000 0.95434
650.000000 0.95452
651.000000 0.95471
652.000000 0.95492
653.000000 0.95515
654.000000 0.95539
655.000000 0.95566
656.000000 0.95593
657.000000 0.95622
658.000000 0.95652
659.000000 0.95683
660.000000 0.95715
661.000000 0.95748
662.000000 0.95782
663.000000 0.95817
664.000000 0.95853
665.000000 0.95889
666.000000 0.95926
667.000000 0.95964
668.000000 0.96002
669.000000 0.9604
670.000000 0.96079
671.000000 0.96118
672.000000 0.96157
673.000000 0.96197
674.000000 0.96237
675.000000 0.96276
676.000000 0.96316
677.000000 0.96356
678.000000 0.96396
679.000000 0.96436
680.000000 0.96475
681.000000 0.96515
682.000000 0.96554
683.000000 0.96594
684.000000 0.96632
685.000000 0.96671
686.000000 0.9671
687.000000 0.96748
688.000000 0.96785
689.000000 0.96823
690.000000 0.9686
691.000000 0.96896
692.000000 0.96933
693.000000 0.96968
694.000000 0.97004
695.000000 0.97038
696.000000 0.97073
697.000000 0.97107
698.000000 0.9714
699.000000 0.97173
700.000000 0.97205
701.000000 0.97237
702.000000 0.97268
703.000000 0.97298
704.000000 0.97329
705.000000 0.97358
706.000000 0.97387
707.000000 0.97415
708.000000 0.97443
709.000000 0.9747
710.000000 0.97497
711.000000 0.97523
712.000000 0.97549
713.000000 0.97574
714.000000 0.97598
715.000000 0.97622
716.000000 0.97645
717.000000 0.97668
718.000000 0.9769
719.000000 0.97711
720.000000 0.97732
721.000000 0.97753
722.000000 0.97772
723.000000 0.97792
724.000000 0.9781
725.000000 0.97829
726.000000 0.97846
727.000000 0.97864
728.000000 0.9788
729.000000 0.97896
730.000000 0.97912
731.000000 0.97927
732.000000 0.97942
733.000000 0.97956
734.000000 0.9797
735.000000 0.97983
736.000000 0.97996
737.000000 0.98008
738.000000 0.9802
739.000000 0.98032
740.000000 0.98043
741.000000 0.98053
742.000000 0.98064
743.000000 0.98074
744.000000 0.98083
745.000000 0.98092
746.000000 0.98101
747.000000 0.98109
748.000000 0.98117
749.000000 0.98125
750.000000 0.98132
751.000000 0.98139
752.000000 0.98146
753.000000 0.98152
754.000000 0.98158
755.000000 0.98164
756.000000 0.98169
757.000000 0.98174
758.000000 0.98179
759.000000 0.98183
760.000000 0.98188
761.000000 0.98192
762.000000 0.98196
763.000000 0.98199
764.000000 0.98203
765.000000 0.98206
766.000000 0.98209
767.000000 0.98211
768.000000 0.98214
769.000000 0.98216
770.000000 0.98218
771.000000 0.9822
772.000000 0.98222
773.000000 0.98223
774.000000 0.98225
775.000000 0.98226
776.000000 0.98227
777.000000 0.98228
778.000000 0.98229
779.000000 0.98229
780.000000 0.9823
781.000000 0.9823
782.000000 0.98231
783.000000 0.98231
784.000000 0.98231
785.000000 0.98231
786.000000 0.98231
787.000000 0.9823
788.000000 0.9823
789.000000 0.9823
790.000000 0.98229
791.000000 0.98229
792.000000 0.98228
793.000000 0.98227
794.000000 0.98227
795.000000 0.98226
796.000000 0.98225
797.000000 0.98224
798.000000 0.98223
799.000000 -5.1215
800.000000 -2.5042
801.000000 -1.9131
802.000000 -1.408
803.000000 -1.0643
804.000000 -0.82456
805.000000 -0.65775
806.000000 -0.5418
807.000000 -0.4614
808.000000 -0.40589
809.000000 -0.36775
810.000000 -0.34172
811.000000 -0.32408
812.000000 -0.31216
813.000000 -0.30412
814.000000 -0.29862
815.000000 -0.29473
816.000000 -0.29179
817.000000 -0.28936
818.000000 -0.28712
819.000000 -0.28488
820.000000 -0.28249
821.000000 -0.27989
822.000000 -0.27704
823.000000 -0.27391
824.000000 -0.27051
825.000000 -0.26685
826.000000 -0.26296
827.000000 -0.25885
828.000000 -0.25456
829.000000 -0.2501
830.000000 -0.24551
831.000000 -0.2408
832.000000 -0.23599
833.000000 -0.23112
834.000000 -0.22618
835.000000 -0.22121
836.000000 -0.21621
837.000000 -0.21119
838.000000 -0.20617
839.000000 -0.20116
840.000000 -0.19616
841.000000 -0.19119
842.000000 -0.18624
843.000000 -0.18132
844.000000 -0.17645
845.000000 -0.17162
846.000000 -0.16684
847.000000 -0.1621
848.000000 -0.15742
849.000000 -0.1528
850.000000 -0.14824
851.000000 -0.14374
852.000000 -0.1393
853.000000 -0.13493
854.000000 -0.13062
855.000000 -0.12638
856.000000 -0.12221
857.000000 -0.11811
858.000000 -0.11408
859.000000 -0.11012
860.000000 -0.10623
861.000000 -0.10242
862.000000 -0.098682
863.000000 -0.095016
864.000000 -0.091425
865.000000 -0.087907
866.000000 -0.084464
867.000000 -0.081096
868.000000 -0.077801
869.000000 -0.074581
870.000000 -0.071434
871.000000 -0.068361
872.000000 -0.065361
873.000000 -0.062435
874.000000 -0.05958
875.000000 -0.056798
876.000000 -0.054087
877.000000 -0.051447
878.000000 -0.048878
879.000000 -0.046378
880.000000 -0.043946
881.000000 -0.041583
882.000000 -0.039287
883.000000 -0.037058
884.000000 -0.034894
885.000000 -0.032796
886.000000 -0.030761
887.000000 -0.028789
888.000000 -0.026879
889.000000 -0.025031
890.000000 -0.023242
891.000000 -0.021513
892.000000 -0.019842
893.000000 -0.018229
894.000000 -0.016671
895.000000 -0.015169
896.000000 -0.01372
897.000000 -0.012325
898.000000 -0.010982
899.000000 -0.0096894
900.000000 -0.008447
901.000000 -0.0072535
902.000000 -0.0061079
903.000000 -0.005009
904.000000 -0.0039558
905.000000 -0.0029473
906.000000 -0.0019824
907.000000 -0.0010601
908.000000 -0.00017932
909.000000 0.00066093
910.000000 0.0014617
911.000000 0.002224
912.000000 0.0029487
913.000000 0.0036371
914.000000 0.0042899
915.000000 0.0049082
916.000000 0.0054929
917.000000 0.0060451
918.000000 0.0065656
919.000000 0.0070554
920.000000 0.0075155
921.000000 0.0079466
922.000000 0.0083497
923.000000 0.0087258
924.000000 0.0090756
925.000000 0.0094
926.000000 0.0096999
927.000000 0.0099761
928.000000 0.010229
929.000000 0.010461
930.000000 0.01067
931.000000 0.01086
932.000000 0.011029
933.000000 0.01118
934.000000 0.011312
935.000000 0.011426
936.000000 0.011524
937.000000 0.011605
938.000000 0.011671
939.000000 0.011722
940.000000 0.011759
941.000000 0.011782
942.000000 0.011791
943.000000 0.011789
944.000000 0.011774
945.000000 0.011749
946.000000 0.011712
947.000000 0.011665
948.000000 0.011609
949.000000 0.011543
950.000000 0.011468
951.000000 0.011386
952.000000 0.011295
953.000000 0.011197
954.000000 0.011092
955.000000 0.010981
956.000000 0.010864
957.000000 0.010741
958.000000 0.010612
959.000000 0.010479
960.000000 0.010341
961.000000 0.010199
962.000000 0.010053
963.000000 0.0099041
964.000000 0.0097515
965.000000 0.009596
966.000000 0.0094379
967.000000 0.0092774
968.000000 0.0091148
969.000000 0.0089505
970.000000 0.0087846
971.000000 0.0086173
972.000000 0.0084489
973.000000 0.0082797
974.000000 0.0081099
975.000000 0.0079395
976.000000 0.0077689
977.000000 0.0075982
978.000000 0.0074277
979.000000 0.0072574
980.000000 0.0070875
981.000000 0.0069182
982.000000 0.0067496
983.000000 0.0065819
984.000000 0.0064152
985.000000 0.0062496
986.000000 0.0060853
987.000000 0.0059223
988.000000 0.0057607
989.000000 0.0056007
990.000000 0.0054424
991.000000 0.0052857
992.000000 0.0051309
993.000000 0.0049779
994.000000 0.0048269
995.000000 0.0046779
996.000000 0.004531
997.000000 0.0043862
998.000000 0.0042436
999.000000 0.0041032
1000.000000 0.0039651
1001.000000 0.0038292
1002.000000 0.0036957
1003.000000 0.0035646
1004.000000 0.0034358
1005.000000 0.0033094
1006.000000 0.0031855
1007.000000 0.003064
1008.000000 0.0029449
1009.000000 0.0028283
1010.000000 0.0027142
1011.000000 0.0026025
1012.000000 0.0024933
1013.000000 0.0023866
1014.000000 0.0022823
1015.000000 0.0021805
1016.000000 0.0020812
1017.000000 0.0019842
1018.000000 0.0018897
1019.000000 0.0017976
1020.000000 0.0017079
1021.000000 0.0016205
1022.000000 0.0015355
1023.000000 0.0014528
1024.000000 0.0013725
1025.000000 0.0012944
1026.000000 0.0012185
1027.000000 0.0011449
1028.000000 0.0010735
1029.000000 0.0010043
1030.000000 0.00093725
1031.000000 0.00087228
1032.000000 0.00080941
1033.000000 0.00074858
1034.000000 0.00068977
1035.000000 0.00063296
1036.000000 0.00057809
1037.000000 0.00052515
1038.000000 0.00047409
1039.000000 0.00042488
1040.000000 0.00037749
1041.000000 0.00033189
1042.000000 0.00028803
1043.000000 0.00024587
1044.000000 0.0002054
1045.000000 0.00016656
1046.000000 0.00012933
1047.000000 9.3668e-05
1048.000000 5.9538e-05
1049.000000 2.6905e-05
1050.000000 -4.2666e-06
1051.000000 -3.4011e-05
1052.000000 -6.2364e-05
1053.000000 -8.936e-05
1054.000000 -0.00011503
1055.000000 -0.00013942
1056.000000 -0.00016255
1057.000000 -0.00018447
1058.000000 -0.0002052
1059.000000 -0.00022477
1060.000000 -0.00024323
1061.000000 -0.00026059
1062.000000 -0.00027691
1063.000000 -0.0002922
1064.000000 -0.00030649
1065.000000 -0.00031983
1066.000000 -0.00033223
1067.000000 -0.00034373
1068.000000 -0.00035437
1069.000000 -0.00036416
1070.000000 -0.00037313
1071.000000 -0.00038132
1072.000000 -0.00038875
1073.000000 -0.00039545
1074.000000 -0.00040145
1075.000000 -0.00040677
1076.000000 -0.00041143
1077.000000 -0.00041547
1078.000000 -0.00041891
1079.000000 -0.00042176
1080.000000 -0.00042406
1081.000000 -0.00042583
1082.000000 -0.00042709
1083.000000 -0.00042786
1084.000000 -0.00042816
1085.000000 -0.00042802
1086.000000 -0.00042745
1087.000000 -0.00042648
1088.000000 -0.00042513
1089.000000 -0.0004234
1090.000000 -0.00042133
1091.000000 -0.00041893
1092.000000 -0.00041621
1093.000000 -0.00041321
1094.000000 -0.00040992
1095.000000 -0.00040636
1096.000000 -0.00040257
1097.000000 -0.00039853
1098.000000 -0.00039429
1099.000000 -0.00038983
