0.000000 0
1.000000 0
2.000000 0
3.000000 0
4.000000 0
5.000000 0
6.000000 0
7.000000 0
8.000000 0
9.000000 2.5229
10.000000 -1.4659
11.000000 -1.1683
12.000000 -1.1474
13.000000 -1.0746
14.000000 -0.99281
15.000000 -0.90998
16.000000 -0.83267
17.000000 -0.76455
18.000000 -0.70746
19.000000 -0.662
20.000000 -0.62794
21.000000 -0.60456
22.000000 -0.59085
23.000000 -0.58565
24.000000 -0.58778
25.000000 -0.59608
26.000000 -0.60948
27.000000 -0.627
28.000000 -0.64776
29.000000 -0.671
30.000000 -0.69609
31.000000 -0.72245
32.000000 -0.74964
33.000000 -0.77728
34.000000 -0.80506
35.000000 -0.83273
36.000000 -0.8601
37.000000 -0.88701
38.000000 -0.91337
39.000000 -0.93907
40.000000 -0.96407
41.000000 -0.98832
42.000000 -1.0118
43.000000 -1.0345
44.000000 -1.0564
45.000000 -1.0775
46.000000 -1.0979
47.000000 -1.1175
48.000000 -1.1363
49.000000 -1.1544
50.000000 -1.1719
51.000000 -1.1886
52.000000 -1.2047
53.000000 -1.2201
54.000000 -1.2349
55.000000 -1.2492
56.000000 -1.2628
57.000000 -1.2759
58.000000 -1.2884
59.000000 -1.3004
60.000000 -1.3119
61.000000 -1.3228
62.000000 -1.3334
63.000000 -1.3434
64.000000 -1.353
65.000000 -1.3622
66.000000 -1.3709
67.000000 -1.3792
68.000000 -1.3872
69.000000 -1.3947
70.000000 -1.4019
71.000000 -1.4088
72.000000 -1.4153
73.000000 -1.4214
74.000000 -1.4273
75.000000 -1.4328
76.000000 -1.438
77.000000 -1.4429
78.000000 -1.4476
79.000000 -1.4519
80.000000 -1.4561
81.000000 -1.4599
82.000000 -1.4635
83.000000 -1.4669
84.000000 -1.47
85.000000 -1.473
86.000000 -1.4757
87.000000 -1.4782
88.000000 -1.4805
89.000000 -1.4826
90.000000 -1.4846
91.000000 -1.4863
92.000000 -1.4879
93.000000 -1.4894
94.000000 -1.4907
95.000000 -1.4918
96.000000 -1.4928
97.000000 -1.4936
98.000000 -1.4943
99.000000 -1.4949
100.000000 -1.4954
101.000000 -1.4958
102.000000 -1.496
103.000000 -1.4962
104.000000 -1.4962
105.000000 -1.4962
106.000000 -1.496
107.000000 -1.4958
108.000000 -1.4955
109.000000 -1.4951
110.000000 -1.4947
111.000000 -1.4942
112.000000 -1.4936
113.000000 -1.4929
114.000000 -1.4922
115.000000 -1.4914
116.000000 -1.4906
117.000000 -1.4898
118.000000 -1.4889
119.000000 -1.4879
120.000000 -1.4869
121.000000 -1.4859
122.000000 -1.4848
123.000000 -1.4837
124.000000 -1.4826
125.000000 -1.4815
126.000000 -1.4803
127.000000 -1.4791
128.000000 -1.4779
129.000000 -1.4767
130.000000 -1.4755
131.000000 -1.4742
132.000000 -1.473
133.000000 -1.4717
134.000000 -1.4704
135.000000 -1.4692
136.000000 -1.4679
137.000000 -1.4666
138.000000 -1.4653
139.000000 -1.464
140.000000 -1.4628
141.000000 -1.4615
142.000000 -1.4602
143.000000 -1.4589
144.000000 -1.4577
145.000000 -1.4564
146.000000 -1.4552
147.000000 -1.4539
148.000000 -1.4527
149.000000 -1.4515
150.000000 -1.4503
151.000000 -1.4491
152.000000 -1.4479
153.000000 -1.4467
154.000000 -1.4456
155.000000 -1.4444
156.000000 -1.4433
157.000000 -1.4422
158.000000 -1.4411
159.000000 -1.44
160.000000 -1.439
161.000000 -1.4379
162.000000 -1.4369
163.000000 -1.4359
164.000000 -1.4349
165.000000 -1.4339
166.000000 -1.433
167.000000 -1.432
168.000000 -1.4311
169.000000 -1.4302
170.000000 -1.4293
171.000000 -1.4285
172.000000 -1.4276
173.000000 -1.4268
174.000000 -1.426
175.000000 -1.4252
176.000000 -1.4244
177.000000 -1.4237
178.000000 -1.423
179.000000 -1.4223
180.000000 -1.4216
181.000000 -1.4209
182.000000 -1.4202
183.000000 -1.4196
184.000000 -1.419
185.000000 -1.4184
186.000000 -1.4178
187.000000 -1.4172
188.000000 -1.4166
189.000000 -1.4161
190.000000 -1.4156
191.000000 -1.4151
192.000000 -1.4146
193.000000 -1.4141
194.000000 -1.4137
195.000000 -1.4132
196.000000 -1.4128
197.000000 -1.4124
198.000000 -1.412
199.000000 -6.4574
200.000000 1.5205
201.000000 0.92579
202.000000 0.88431
203.000000 0.73908
204.000000 0.57575
205.000000 0.4104
206.000000 0.25607
207.000000 0.12011
208.000000 0.0061986
209.000000 -0.084471
210.000000 -0.15234
211.000000 -0.19886
212.000000 -0.22606
213.000000 -0.23624
214.000000 -0.23178
215.000000 -0.21499
216.000000 -0.18801
217.000000 -0.15281
218.000000 -0.11112
219.000000 -0.064473
220.000000 -0.014162
221.000000 0.038709
222.000000 0.093221
223.000000 0.14862
224.000000 0.20429
225.000000 0.25973
226.000000 0.31457
227.000000 0.36849
228.000000 0.42129
229.000000 0.47277
230.000000 0.52284
231.000000 0.5714
232.000000 0.61842
233.000000 0.66386
234.000000 0.70772
235.000000 0.75002
236.000000 0.79076
237.000000 0.82998
238.000000 0.86772
239.000000 0.904
240.000000 0.93887
241.000000 0.97238
242.000000 1.0045
243.000000 1.0354
244.000000 1.0651
245.000000 1.0935
246.000000 1.1208
247.000000 1.1469
248.000000 1.1719
249.000000 1.1959
250.000000 1.2189
251.000000 1.2408
252.000000 1.2618
253.000000 1.2819
254.000000 1.3011
255.000000 1.3194
256.000000 1.3368
257.000000 1.3535
258.000000 1.3693
259.000000 1.3844
260.000000 1.3988
261.000000 1.4124
262.000000 1.4253
263.000000 1.4376
264.000000 1.4492
265.000000 1.4602
266.000000 1.4706
267.000000 1.4805
268.000000 1.4897
269.000000 1.4984
270.000000 1.5066
271.000000 1.5142
272.000000 1.5214
273.000000 1.5281
274.000000 1.5344
275.000000 1.5402
276.000000 1.5456
277.000000 1.5505
278.000000 1.5551
279.000000 1.5593
280.000000 1.5631
281.000000 1.5666
282.000000 1.5698
283.000000 1.5726
284.000000 1.5751
285.000000 1.5773
286.000000 1.5793
287.000000 1.5809
288.000000 1.5823
289.000000 1.5835
290.000000 1.5844
291.000000 1.5851
292.000000 1.5855
293.000000 1.5858
294.000000 1.5858
295.000000 1.5857
296.000000 1.5854
297.000000 1.5849
298.000000 1.5842
299.000000 1.5834
300.000000 1.5825
301.000000 1.5814
302.000000 1.5802
303.000000 1.5788
304.000000 1.5774
305.000000 1.5758
306.000000 1.5741
307.000000 1.5724
308.000000 1.5705
309.000000 1.5686
310.000000 1.5666
311.000000 1.5645
312.000000 1.5624
313.000000 1.5601
314.000000 1.5579
315.000000 1.5556
316.000000 1.5532
317.000000 1.5508
318.000000 1.5484
319.000000 1.5459
320.000000 1.5434
321.000000 1.5409
322.000000 1.5384
323.000000 1.5358
324.000000 1.5332
325.000000 1.5307
326.000000 1.5281
327.000000 1.5255
328.000000 1.5229
329.000000 1.5203
330.000000 1.5177
331.000000 1.5151
332.000000 1.5126
333.000000 1.51
334.000000 1.5075
335.000000 1.5049
336.000000 1.5024
337.000000 1.4999
338.000000 1.4974
339.000000 1.495
340.000000 1.4926
341.000000 1.4902
342.000000 1.4878
343.000000 1.4854
344.000000 1.4831
345.000000 1.4808
346.000000 1.4786
347.000000 1.4763
348.000000 1.4741
349.000000 1.472
350.000000 1.4698
351.000000 1.4678
352.000000 1.4657
353.000000 1.4637
354.000000 1.4617
355.000000 1.4597
356.000000 1.4578
357.000000 1.4559
358.000000 1.4541
359.000000 1.4523
360.000000 1.4505
361.000000 1.4488
362.000000 1.4471
363.000000 1.4455
364.000000 1.4438
365.000000 1.4423
366.000000 1.4407
367.000000 1.4392
368.000000 1.4378
369.000000 1.4363
370.000000 1.4349
371.000000 1.4336
372.000000 1.4323
373.000000 1.431
374.000000 1.4297
375.000000 1.4285
376.000000 1.4273
377.000000 1.4262
378.000000 1.4251
379.000000 1.424
380.000000 1.4229
381.000000 1.4219
382.000000 1.421
383.000000 1.42
384.000000 1.4191
385.000000 1.4182
386.000000 1.4173
387.000000 1.4165
388.000000 1.4157
389.000000 1.415
390.000000 1.4142
391.000000 1.4135
392.000000 1.4128
393.000000 1.4122
394.000000 1.4115
395.000000 1.4109
396.000000 1.4103
397.000000 1.4098
398.000000 1.4092
399.000000 1.4087
400.000000 1.4082
401.000000 1.4078
402.000000 1.4073
403.000000 1.4069
404.000000 1.4065
405.000000 1.4061
406.000000 1.4057
407.000000 1.4054
408.000000 1.4051
409.000000 1.4048
410.000000 1.4045
411.000000 1.4042
412.000000 1.4039
413.000000 1.4037
414.000000 1.4035
415.000000 1.4033
416.000000 1.4031
417.000000 1.4029
418.000000 1.4027
419.000000 1.4026
420.000000 1.4024
421.000000 1.4023
422.000000 1.4022
423.000000 1.402
424.000000 1.402
425.000000 1.4019
426.000000 1.4018
427.000000 1.4017
428.000000 1.4017
429.000000 1.4016
430.000000 1.4016
431.000000 1.4015
432.000000 1.4015
433.000000 1.4015
434.000000 1.4015
435.000000 1.4015
436.000000 1.4015
437.000000 1.4015
438.000000 1.4015
439.000000 1.4016
440.000000 1.4016
441.000000 1.4016
442.000000 1.4017
443.000000 1.4017
444.000000 1.4018
445.000000 1.4018
446.000000 1.4019
447.000000 1.4019
448.000000 1.402
449.000000 1.4021
450.000000 1.4021
451.000000 1.4022
452.000000 1.4023
453.000000 1.4024
454.000000 1.4024
455.000000 1.4025
456.000000 1.4026
457.000000 1.4027
458.000000 1.4028
459.000000 1.4029
460.000000 1.403
461.000000 1.403
462.000000 1.4031
463.000000 1.4032
464.000000 1.4033
465.000000 1.4034
466.000000 1.4035
467.000000 1.4036
468.000000 1.4037
469.000000 1.4038
470.000000 1.4039
471.000000 1.404
472.000000 1.4041
473.000000 1.4042
474.000000 1.4043
475.000000 1.4044
476.000000 1.4045
477.000000 1.4045
478.000000 1.4046
479.000000 1.4047
480.000000 1.4048
481.000000 1.4049
482.000000 1.405
483.000000 1.4051
484.000000 1.4052
485.000000 1.4053
486.000000 1.4053
487.000000 1.4054
488.000000 1.4055
489.000000 1.4056
490.000000 1.4057
491.000000 1.4057
492.000000 1.4058
493.000000 1.4059
494.000000 1.406
495.000000 1.4061
496.000000 1.4061
497.000000 1.4062
498.000000 1.4063
499.000000 5.8215
500.000000 -1.1589
501.000000 -0.6381
502.000000 -0.60144
503.000000 -0.47401
504.000000 -0.33076
505.000000 -0.18575
506.000000 -0.050398
507.000000 0.06887
508.000000 0.16883
509.000000 0.24845
510.000000 0.3081
511.000000 0.34906
512.000000 0.37311
513.000000 0.38226
514.000000 0.37858
515.000000 0.3641
516.000000 0.3407
517.000000 0.31009
518.000000 0.27381
519.000000 0.23317
520.000000 0.18931
521.000000 0.14321
522.000000 0.095664
523.000000 0.047335
524.000000 -0.0012374
525.000000 -0.049624
526.000000 -0.097485
527.000000 -0.14456
528.000000 -0.19064
529.000000 -0.2356
530.000000 -0.27931
531.000000 -0.32172
532.000000 -0.36278
533.000000 -0.40246
534.000000 -0.44077
535.000000 -0.47772
536.000000 -0.51331
537.000000 -0.54758
538.000000 -0.58055
539.000000 -0.61226
540.000000 -0.64273
541.000000 -0.67201
542.000000 -0.70014
543.000000 -0.72713
544.000000 -0.75305
545.000000 -0.77791
546.000000 -0.80175
547.000000 -0.8246
548.000000 -0.8465
549.000000 -0.86748
550.000000 -0.88756
551.000000 -0.90678
552.000000 -0.92516
553.000000 -0.94273
554.000000 -0.95951
555.000000 -0.97554
556.000000 -0.99083
557.000000 -1.0054
558.000000 -1.0193
559.000000 -1.0325
560.000000 -1.0451
561.000000 -1.0571
562.000000 -1.0684
563.000000 -1.0792
564.000000 -1.0894
565.000000 -1.0991
566.000000 -1.1082
567.000000 -1.1168
568.000000 -1.1249
569.000000 -1.1326
570.000000 -1.1398
571.000000 -1.1465
572.000000 -1.1528
573.000000 -1.1587
574.000000 -1.1642
575.000000 -1.1694
576.000000 -1.1741
577.000000 -1.1785
578.000000 -1.1826
579.000000 -1.1863
580.000000 -1.1897
581.000000 -1.1928
582.000000 -1.1956
583.000000 -1.1981
584.000000 -1.2003
585.000000 -1.2023
586.000000 -1.204
587.000000 -1.2055
588.000000 -1.2068
589.000000 -1.2078
590.000000 -1.2087
591.000000 -1.2093
592.000000 -1.2097
593.000000 -1.21
594.000000 -1.2101
595.000000 -1.21
596.000000 -1.2098
597.000000 -1.2094
598.000000 -1.2089
599.000000 -1.2082
600.000000 -1.2074
601.000000 -1.2065
602.000000 -1.2054
603.000000 -1.2043
604.000000 -1.2031
605.000000 -1.2017
606.000000 -1.2003
607.000000 -1.1988
608.000000 -1.1972
609.000000 -1.1956
610.000000 -1.1938
611.000000 -1.1921
612.000000 -1.1902
613.000000 -1.1883
614.000000 -1.1864
615.000000 -1.1844
616.000000 -1.1823
617.000000 -1.1803
618.000000 -1.1782
619.000000 -1.176
620.000000 -1.1739
621.000000 -1.1717
622.000000 -1.1695
623.000000 -1.1673
624.000000 -1.1651
625.000000 -1.1628
626.000000 -1.1606
627.000000 -1.1584
628.000000 -1.1561
629.000000 -1.1539
630.000000 -1.1516
631.000000 -1.1494
632.000000 -1.1472
633.000000 -1.1449
634.000000 -1.1427
635.000000 -1.1405
636.000000 -1.1383
637.000000 -1.1362
638.000000 -1.134
639.000000 -1.1319
640.000000 -1.1298
641.000000 -1.1277
642.000000 -1.1256
643.000000 -1.1236
644.000000 -1.1216
645.000000 -1.1196
646.000000 -1.1176
647.000000 -1.1157
648.000000 -1.1138
649.000000 -1.1119
650.000000 -1.11
651.000000 -1.1082
652.000000 -1.1064
653.000000 -1.1047
654.000000 -1.1029
655.000000 -1.1012
656.000000 -1.0996
657.000000 -1.0979
658.000000 -1.0963
659.000000 -1.0948
660.000000 -1.0932
661.000000 -1.0917
662.000000 -1.0902
663.000000 -1.0888
664.000000 -1.0874
665.000000 -1.086
666.000000 -1.0847
667.000000 -1.0834
668.000000 -1.0821
669.000000 -1.0808
670.000000 -1.0796
671.000000 -1.0784
672.000000 -1.0773
673.000000 -1.0762
674.000000 -1.0751
675.000000 -1.074
676.000000 -1.073
677.000000 -1.072
678.000000 -1.071
679.000000 -1.0701
680.000000 -1.0692
681.000000 -1.0683
682.000000 -1.0674
683.000000 -1.0666
684.000000 -1.0658
685.000000 -1.065
686.000000 -1.0643
687.000000 -1.0635
688.000000 -1.0628
689.000000 -1.0622
690.000000 -1.0615
691.000000 -1.0609
692.000000 -1.0603
693.000000 -1.0597
694.000000 -1.0592
695.000000 -1.0586
696.000000 -1.0581
697.000000 -1.0576
698.000000 -1.0572
699.000000 -1.0567
700.000000 -1.0563
701.000000 -1.0559
702.000000 -1.0555
703.000000 -1.0551
704.000000 -1.0548
705.000000 -1.0544
706.000000 -1.0541
707.000000 -1.0538
708.000000 -1.0535
709.000000 -1.0532
710.000000 -1.053
711.000000 -1.0528
712.000000 -1.0525
713.000000 -1.0523
714.000000 -1.0521
715.000000 -1.0519
716.000000 -1.0517
717.000000 -1.0516
718.000000 -1.0514
719.000000 -1.0513
720.000000 -1.0512
721.000000 -1.0511
722.000000 -1.0509
723.000000 -1.0509
724.000000 -1.0508
725.000000 -1.0507
726.000000 -1.0506
727.000000 -1.0506
728.000000 -1.0505
729.000000 -1.0505
730.000000 -1.0504
731.000000 -1.0504
732.000000 -1.0504
733.000000 -1.0504
734.000000 -1.0504
735.000000 -1.0504
736.000000 -1.0504
737.000000 -1.0504
738.000000 -1.0504
739.000000 -1.0504
740.000000 -1.0504
741.000000 -1.0505
742.000000 -1.0505
743.000000 -1.0505
744.000000 -1.0506
745.000000 -1.0506
746.000000 -1.0507
747.000000 -1.0507
748.000000 -1.0508
749.000000 -1.0508
750.000000 -1.0509
751.000000 -1.0509
752.000000 -1.051
753.000000 -1.0511
754.000000 -1.0511
755.000000 -1.0512
756.000000 -1.0513
757.000000 -1.0514
758.000000 -1.0514
759.000000 -1.0515
760.000000 -1.0516
761.000000 -1.0517
762.000000 -1.0518
763.000000 -1.0518
764.000000 -1.0519
765.000000 -1.052
766.000000 -1.0521
767.000000 -1.0522
768.000000 -1.0522
769.000000 -1.0523
770.000000 -1.0524
771.000000 -1.0525
772.000000 -1.0526
773.000000 -1.0527
774.000000 -1.0527
775.000000 -1.0528
776.000000 -1.0529
777.000000 -1.053
778.000000 -1.0531
779.000000 -1.0531
780.000000 -1.0532
781.000000 -1.0533
782.000000 -1.0534
783.000000 -1.0534
784.000000 -1.0535
785.000000 -1.0536
786.000000 -1.0537
787.000000 -1.0537
788.000000 -1.0538
789.000000 -1.0539
790.000000 -1.054
791.000000 -1.054
792.000000 -1.0541
793.000000 -1.0542
794.000000 -1.0542
795.000000 -1.0543
796.000000 -1.0543
797.000000 -1.0544
798.000000 -1.0545
799.000000 -2.9467
800.000000 0.044809
801.000000 -0.1784
802.000000 -0.19414
803.000000 -0.24878
804.000000 -0.31021
805.000000 -0.37238
806.000000 -0.43041
807.000000 -0.48155
808.000000 -0.52442
809.000000 -0.55856
810.000000 -0.58415
811.000000 -0.60173
812.000000 -0.61206
813.000000 -0.616
814.000000 -0.61445
815.000000 -0.60826
816.000000 -0.59825
817.000000 -0.58516
818.000000 -0.56962
819.000000 -0.55223
820.000000 -0.53345
821.000000 -0.51371
822.000000 -0.49335
823.000000 -0.47265
824.000000 -0.45185
825.000000 -0.43113
826.000000 -0.41063
827.000000 -0.39047
828.000000 -0.37074
829.000000 -0.35149
830.000000 -0.33276
831.000000 -0.3146
832.000000 -0.29702
833.000000 -0.28002
834.000000 -0.26361
835.000000 -0.24779
836.000000 -0.23255
837.000000 -0.21787
838.000000 -0.20375
839.000000 -0.19017
840.000000 -0.17712
841.000000 -0.16458
842.000000 -0.15253
843.000000 -0.14097
844.000000 -0.12987
845.000000 -0.11923
846.000000 -0.10901
847.000000 -0.099227
848.000000 -0.089847
849.000000 -0.080863
850.000000 -0.072262
851.000000 -0.064031
852.000000 -0.056158
853.000000 -0.048633
854.000000 -0.041443
855.000000 -0.034579
856.000000 -0.028029
857.000000 -0.021783
858.000000 -0.015833
859.000000 -0.010167
860.000000 -0.0047784
861.000000 0.00034354
862.000000 0.0052069
863.000000 0.0098202
864.000000 0.014192
865.000000 0.018329
866.000000 0.022241
867.000000 0.025933
868.000000 0.029415
869.000000 0.032693
870.000000 0.035773
871.000000 0.038663
872.000000 0.04137
873.000000 0.043899
874.000000 0.046258
875.000000 0.048452
876.000000 0.050487
877.000000 0.052369
878.000000 0.054104
879.000000 0.055697
880.000000 0.057153
881.000000 0.058478
882.000000 0.059678
883.000000 0.060756
884.000000 0.061718
885.000000 0.062568
886.000000 0.063311
887.000000 0.063952
888.000000 0.064494
889.000000 0.064942
890.000000 0.065301
891.000000 0.065574
892.000000 0.065764
893.000000 0.065876
894.000000 0.065914
895.000000 0.065881
896.000000 0.06578
897.000000 0.065615
898.000000 0.065388
899.000000 0.065104
900.000000 0.064765
901.000000 0.064375
902.000000 0.063935
903.000000 0.063449
904.000000 0.06292
905.000000 0.06235
906.000000 0.061742
907.000000 0.061098
908.000000 0.06042
909.000000 0.059711
910.000000 0.058973
911.000000 0.058208
912.000000 0.057419
913.000000 0.056606
914.000000 0.055773
915.000000 0.054921
916.000000 0.054051
917.000000 0.053166
918.000000 0.052267
919.000000 0.051355
920.000000 0.050433
921.000000 0.049501
922.000000 0.048561
923.000000 0.047615
924.000000 0.046663
925.000000 0.045708
926.000000 0.044749
927.000000 0.043788
928.000000 0.042827
929.000000 0.041866
930.000000 0.040906
931.000000 0.039949
932.000000 0.038994
933.000000 0.038044
934.000000 0.037098
935.000000 0.036158
936.000000 0.035224
937.000000 0.034296
938.000000 0.033376
939.000000 0.032465
940.000000 0.031562
941.000000 0.030668
942.000000 0.029783
943.000000 0.028909
944.000000 0.028046
945.000000 0.027193
946.000000 0.026352
947.000000 0.025522
948.000000 0.024704
949.000000 0.023899
950.000000 0.023106
951.000000 0.022326
952.000000 0.021558
953.000000 0.020804
954.000000 0.020064
955.000000 0.019336
956.000000 0.018623
957.000000 0.017923
958.000000 0.017236
959.000000 0.016564
960.000000 0.015905
961.000000 0.015261
962.000000 0.01463
963.000000 0.014013
964.000000 0.013411
965.000000 0.012822
966.000000 0.012247
967.000000 0.011686
968.000000 0.011138
969.000000 0.010605
970.000000 0.010084
971.000000 0.0095779
972.000000 0.0090847
973.000000 0.0086048
974.000000 0.0081381
975.000000 0.0076844
976.000000 0.0072437
977.000000 0.0068157
978.000000 0.0064003
979.000000 0.0059974
980.000000 0.0056068
981.000000 0.0052283
982.000000 0.0048618
983.000000 0.004507
984.000000 0.0041639
985.000000 0.0038322
986.000000 0.0035118
987.000000 0.0032024
988.000000 0.0029039
989.000000 0.002616
990.000000 0.0023386
991.000000 0.0020715
992.000000 0.0018145
993.000000 0.0015673
994.000000 0.0013298
995.000000 0.0011018
996.000000 0.00088307
997.000000 0.0006734
998.000000 0.00047261
999.000000 0.00028048
1000.000000 9.6822e-05
1001.000000 -7.857e-05
1002.000000 -0.0002459
1003.000000 -0.00040535
1004.000000 -0.00055714
1005.000000 -0.00070146
1006.000000 -0.00083849
1007.000000 -0.00096844
1008.000000 -0.0010915
1009.000000 -0.0012079
1010.000000 -0.0013177
1011.000000 -0.0014212
1012.000000 -0.0015186
1013.000000 -0.00161
1014.000000 -0.0016956
1015.000000 -0.0017756
1016.000000 -0.0018502
1017.000000 -0.0019195
1018.000000 -0.0019837
1019.000000 -0.0020431
1020.000000 -0.0020976
1021.000000 -0.0021476
1022.000000 -0.0021931
1023.000000 -0.0022343
1024.000000 -0.0022715
1025.000000 -0.0023046
1026.000000 -0.0023339
1027.000000 -0.0023595
1028.000000 -0.0023816
1029.000000 -0.0024003
1030.000000 -0.0024157
1031.000000 -0.002428
1032.000000 -0.0024373
1033.000000 -0.0024437
1034.000000 -0.0024474
1035.000000 -0.0024484
1036.000000 -0.0024469
1037.000000 -0.0024431
1038.000000 -0.0024369
1039.000000 -0.0024286
1040.000000 -0.0024182
1041.000000 -0.0024059
1042.000000 -0.0023917
1043.000000 -0.0023757
1044.000000 -0.0023581
1045.000000 -0.0023389
1046.000000 -0.0023182
1047.000000 -0.0022962
1048.000000 -0.0022728
1049.000000 -0.0022483
1050.000000 -0.0022225
1051.000000 -0.0021958
1052.000000 -0.002168
1053.000000 -0.0021393
1054.000000 -0.0021098
1055.000000 -0.0020795
1056.000000 -0.0020485
1057.000000 -0.0020168
1058.000000 -0.0019846
1059.000000 -0.0019518
1060.000000 -0.0019186
1061.000000 -0.0018849
1062.000000 -0.0018509
1063.000000 -0.0018166
1064.000000 -0.001782
1065.000000 -0.0017472
1066.000000 -0.0017122
1067.000000 -0.0016771
1068.000000 -0.001642
1069.000000 -0.0016067
1070.000000 -0.0015715
1071.000000 -0.0015363
1072.000000 -0.0015012
1073.000000 -0.0014661
1074.000000 -0.0014312
1075.000000 -0.0013964
1076.000000 -0.0013618
1077.000000 -0.0013274
1078.000000 -0.0012933
1079.000000 -0.0012594
1080.000000 -0.0012258
1081.000000 -0.0011925
1082.000000 -0.0011595
1083.000000 -0.0011268
1084.000000 -0.0010945
1085.000000 -0.0010626
1086.000000 -0.0010311
1087.000000 -0.00099993
1088.000000 -0.00096921
1089.000000 -0.00093892
1090.000000 -0.00090907
1091.000000 -0.00087967
1092.000000 -0.00085072
1093.000000 -0.00082224
1094.000000 -0.00079423
1095.000000 -0.0007667
1096.000000 -0.00073966
1097.000000 -0.00071311
1098.000000 -0.00068705
1099.000000 -0.00066149
