0.000000 0
1.000000 0
2.000000 0
3.000000 0
4.000000 0
5.000000 0
6.000000 0
7.000000 0
8.000000 0
9.000000 4.7883
10.000000 1.6275
11.000000 0.48023
12.000000 -0.32353
13.000000 -0.81089
14.000000 -1.0884
15.000000 -1.2234
16.000000 -1.263
17.000000 -1.24
18.000000 -1.1771
19.000000 -1.0899
20.000000 -0.98907
21.000000 -0.8818
22.000000 -0.77282
23.000000 -0.66517
24.000000 -0.56071
25.000000 -0.46048
26.000000 -0.36498
27.000000 -0.27434
28.000000 -0.18847
29.000000 -0.10714
30.000000 -0.030031
31.000000 0.043201
32.000000 0.1129
33.000000 0.17941
34.000000 0.24304
35.000000 0.30408
36.000000 0.36276
37.000000 0.41933
38.000000 0.47396
39.000000 0.52681
40.000000 0.57804
41.000000 0.62774
42.000000 0.67603
43.000000 0.72298
44.000000 0.76866
45.000000 0.81313
46.000000 0.85643
47.000000 0.8986
48.000000 0.93969
49.000000 0.97971
50.000000 1.0187
51.000000 1.0567
52.000000 1.0936
53.000000 1.1296
54.000000 1.1647
55.000000 1.1988
56.000000 1.2319
57.000000 1.2642
58.000000 1.2955
59.000000 1.326
60.000000 1.3556
61.000000 1.3843
62.000000 1.4122
63.000000 1.4392
64.000000 1.4655
65.000000 1.4909
66.000000 1.5156
67.000000 1.5395
68.000000 1.5626
69.000000 1.585
70.000000 1.6066
71.000000 1.6275
72.000000 1.6477
73.000000 1.6673
74.000000 1.6861
75.000000 1.7043
76.000000 1.7219
77.000000 1.7388
78.000000 1.7551
79.000000 1.7707
80.000000 1.7858
81.000000 1.8003
82.000000 1.8143
83.000000 1.8277
84.000000 1.8405
85.000000 1.8528
86.000000 1.8646
87.000000 1.8759
88.000000 1.8867
89.000000 1.8971
90.000000 1.9069
91.000000 1.9163
92.000000 1.9253
93.000000 1.9338
94.000000 1.942
95.000000 1.9497
96.000000 1.957
97.000000 1.9639
98.000000 1.9705
99.000000 1.9767
100.000000 1.9826
101.000000 1.9881
102.000000 1.9932
103.000000 1.9981
104.000000 2.0027
105.000000 2.0069
106.000000 2.0109
107.000000 2.0146
108.000000 2.018
109.000000 2.0211
110.000000 2.024
111.000000 2.0267
112.000000 2.0291
113.000000 2.0313
114.000000 2.0333
115.000000 2.035
116.000000 2.0366
117.000000 2.038
118.000000 2.0391
119.000000 2.0402
120.000000 2.041
121.000000 2.0417
122.000000 2.0422
123.000000 2.0425
124.000000 2.0427
125.000000 2.0428
126.000000 2.0428
127.000000 2.0426
128.000000 2.0423
129.000000 2.0419
130.000000 2.0414
131.000000 2.0407
132.000000 2.04
133.000000 2.0392
134.000000 2.0383
135.000000 2.0374
136.000000 2.0363
137.000000 2.0352
138.000000 2.034
139.000000 2.0327
140.000000 2.0314
141.000000 2.0301
142.000000 2.0286
143.000000 2.0272
144.000000 2.0257
145.000000 2.0241
146.000000 2.0225
147.000000 2.0209
148.000000 2.0193
149.000000 2.0176
150.000000 2.0159
151.000000 2.0142
152.000000 2.0124
153.000000 2.0107
154.000000 2.0089
155.000000 2.0071
156.000000 2.0053
157.000000 2.0035
158.000000 2.0017
159.000000 1.9999
160.000000 1.9981
161.000000 1.9964
162.000000 1.9946
163.000000 1.9928
164.000000 1.991
165.000000 1.9892
166.000000 1.9874
167.000000 1.9857
168.000000 1.984
169.000000 1.9822
170.000000 1.9805
171.000000 1.9788
172.000000 1.9771
173.000000 1.9755
174.000000 1.9738
175.000000 1.9722
176.000000 1.9706
177.000000 1.969
178.000000 1.9675
179.000000 1.9659
180.000000 1.9644
181.000000 1.9629
182.000000 1.9614
183.000000 1.96
184.000000 1.9586
185.000000 1.9572
186.000000 1.9558
187.000000 1.9545
188.000000 1.9531
189.000000 1.9518
190.000000 1.9506
191.000000 1.9493
192.000000 1.9481
193.000000 1.9469
194.000000 1.9457
195.000000 1.9446
196.000000 1.9435
197.000000 1.9424
198.000000 1.9413
199.000000 -7.6364
200.000000 -1.3157
201.000000 0.97786
202.000000 2.5844
203.000000 3.5582
204.000000 4.1124
205.000000 4.3814
206.000000 4.4597
207.000000 4.4129
208.000000 4.2863
209.000000 4.1111
210.000000 3.9087
211.000000 3.6934
212.000000 3.4748
213.000000 3.2588
214.000000 3.0492
215.000000 2.848
216.000000 2.6564
217.000000 2.4745
218.000000 2.3022
219.000000 2.139
220.000000 1.9842
221.000000 1.8372
222.000000 1.6973
223.000000 1.5638
224.000000 1.4361
225.000000 1.3135
226.000000 1.1957
227.000000 1.0822
228.000000 0.97254
229.000000 0.86644
230.000000 0.76362
231.000000 0.66386
232.000000 0.56695
233.000000 0.47273
234.000000 0.38107
235.000000 0.29184
236.000000 0.20497
237.000000 0.12035
238.000000 0.037938
239.000000 -0.04234
240.000000 -0.12053
241.000000 -0.19668
242.000000 -0.27082
243.000000 -0.343
244.000000 -0.41325
245.000000 -0.4816
246.000000 -0.54808
247.000000 -0.61272
248.000000 -0.67555
249.000000 -0.7366
250.000000 -0.79589
251.000000 -0.85346
252.000000 -0.90934
253.000000 -0.96354
254.000000 -1.0161
255.000000 -1.0671
256.000000 -1.1164
257.000000 -1.1643
258.000000 -1.2105
259.000000 -1.2553
260.000000 -1.2987
261.000000 -1.3405
262.000000 -1.381
263.000000 -1.4201
264.000000 -1.4578
265.000000 -1.4942
266.000000 -1.5293
267.000000 -1.5631
268.000000 -1.5957
269.000000 -1.627
270.000000 -1.6572
271.000000 -1.6862
272.000000 -1.714
273.000000 -1.7408
274.000000 -1.7665
275.000000 -1.7911
276.000000 -1.8146
277.000000 -1.8372
278.000000 -1.8588
279.000000 -1.8794
280.000000 -1.8991
281.000000 -1.9178
282.000000 -1.9357
283.000000 -1.9527
284.000000 -1.9689
285.000000 -1.9843
286.000000 -1.9989
287.000000 -2.0127
288.000000 -2.0258
289.000000 -2.0381
290.000000 -2.0498
291.000000 -2.0607
292.000000 -2.071
293.000000 -2.0807
294.000000 -2.0897
295.000000 -2.0982
296.000000 -2.1061
297.000000 -2.1134
298.000000 -2.1201
299.000000 -2.1264
300.000000 -2.1321
301.000000 -2.1373
302.000000 -2.1421
303.000000 -2.1464
304.000000 -2.1503
305.000000 -2.1538
306.000000 -2.1568
307.000000 -2.1595
308.000000 -2.1618
309.000000 -2.1637
310.000000 -2.1653
311.000000 -2.1666
312.000000 -2.1676
313.000000 -2.1682
314.000000 -2.1686
315.000000 -2.1687
316.000000 -2.1685
317.000000 -2.1681
318.000000 -2.1675
319.000000 -2.1666
320.000000 -2.1655
321.000000 -2.1642
322.000000 -2.1627
323.000000 -2.1611
324.000000 -2.1592
325.000000 -2.1572
326.000000 -2.1551
327.000000 -2.1528
328.000000 -2.1503
329.000000 -2.1478
330.000000 -2.1451
331.000000 -2.1423
332.000000 -2.1394
333.000000 -2.1364
334.000000 -2.1334
335.000000 -2.1302
336.000000 -2.127
337.000000 -2.1238
338.000000 -2.1204
339.000000 -2.117
340.000000 -2.1136
341.000000 -2.1101
342.000000 -2.1066
343.000000 -2.103
344.000000 -2.0995
345.000000 -2.0959
346.000000 -2.0923
347.000000 -2.0887
348.000000 -2.085
349.000000 -2.0814
350.000000 -2.0778
351.000000 -2.0742
352.000000 -2.0705
353.000000 -2.0669
354.000000 -2.0633
355.000000 -2.0598
356.000000 -2.0562
357.000000 -2.0527
358.000000 -2.0492
359.000000 -2.0457
360.000000 -2.0423
361.000000 -2.0388
362.000000 -2.0355
363.000000 -2.0321
364.000000 -2.0288
365.000000 -2.0255
366.000000 -2.0223
367.000000 -2.0191
368.000000 -2.016
369.000000 -2.0129
370.000000 -2.0099
371.000000 -2.0069
372.000000 -2.0039
373.000000 -2.001
374.000000 -1.9981
375.000000 -1.9953
376.000000 -1.9926
377.000000 -1.9899
378.000000 -1.9872
379.000000 -1.9846
380.000000 -1.9821
381.000000 -1.9796
382.000000 -1.9771
383.000000 -1.9747
384.000000 -1.9724
385.000000 -1.9701
386.000000 -1.9679
387.000000 -1.9657
388.000000 -1.9636
389.000000 -1.9615
390.000000 -1.9595
391.000000 -1.9575
392.000000 -1.9556
393.000000 -1.9537
394.000000 -1.9519
395.000000 -1.9501
396.000000 -1.9484
397.000000 -1.9467
398.000000 -1.9451
399.000000 -1.9435
400.000000 -1.942
401.000000 -1.9405
402.000000 -1.9391
403.000000 -1.9377
404.000000 -1.9363
405.000000 -1.935
406.000000 -1.9338
407.000000 -1.9325
408.000000 -1.9314
409.000000 -1.9302
410.000000 -1.9291
411.000000 -1.9281
412.000000 -1.9271
413.000000 -1.9261
414.000000 -1.9251
415.000000 -1.9242
416.000000 -1.9234
417.000000 -1.9225
418.000000 -1.9217
419.000000 -1.921
420.000000 -1.9202
421.000000 -1.9195
422.000000 -1.9189
423.000000 -1.9182
424.000000 -1.9176
425.000000 -1.917
426.000000 -1.9165
427.000000 -1.916
428.000000 -1.9155
429.000000 -1.915
430.000000 -1.9146
431.000000 -1.9141
432.000000 -1.9137
433.000000 -1.9134
434.000000 -1.913
435.000000 -1.9127
436.000000 -1.9124
437.000000 -1.9121
438.000000 -1.9118
439.000000 -1.9116
440.000000 -1.9114
441.000000 -1.9112
442.000000 -1.911
443.000000 -1.9108
444.000000 -1.9106
445.000000 -1.9105
446.000000 -1.9104
447.000000 -1.9102
448.000000 -1.9101
449.000000 -1.9101
450.000000 -1.91
451.000000 -1.9099
452.000000 -1.9099
453.000000 -1.9098
454.000000 -1.9098
455.000000 -1.9098
456.000000 -1.9098
457.000000 -1.9098
458.000000 -1.9098
459.000000 -1.9098
460.000000 -1.9098
461.000000 -1.9099
462.000000 -1.9099
463.000000 -1.91
464.000000 -1.91
465.000000 -1.9101
466.000000 -1.9102
467.000000 -1.9103
468.000000 -1.9103
469.000000 -1.9104
470.000000 -1.9105
471.000000 -1.9106
472.000000 -1.9107
473.000000 -1.9108
474.000000 -1.9109
475.000000 -1.911
476.000000 -1.9111
477.000000 -1.9113
478.000000 -1.9114
479.000000 -1.9115
480.000000 -1.9116
481.000000 -1.9117
482.000000 -1.9119
483.000000 -1.912
484.000000 -1.9121
485.000000 -1.9123
486.000000 -1.9124
487.000000 -1.9125
488.000000 -1.9127
489.000000 -1.9128
490.000000 -1.9129
491.000000 -1.9131
492.000000 -1.9132
493.000000 -1.9133
494.000000 -1.9134
495.000000 -1.9136
496.000000 -1.9137
497.000000 -1.9138
498.000000 -1.914
499.000000 6.4655
500.000000 0.93393
501.000000 -1.074
502.000000 -2.4807
503.000000 -3.3337
504.000000 -3.8195
505.000000 -4.0558
506.000000 -4.1252
507.000000 -4.0851
508.000000 -3.9751
509.000000 -3.8226
510.000000 -3.6463
511.000000 -3.4587
512.000000 -3.2681
513.000000 -3.0798
514.000000 -2.8971
515.000000 -2.7218
516.000000 -2.5548
517.000000 -2.3963
518.000000 -2.2461
519.000000 -2.1039
520.000000 -1.969
521.000000 -1.841
522.000000 -1.7191
523.000000 -1.6028
524.000000 -1.4915
525.000000 -1.3848
526.000000 -1.2822
527.000000 -1.1833
528.000000 -1.0878
529.000000 -0.99535
530.000000 -0.90579
531.000000 -0.81887
532.000000 -0.73445
533.000000 -0.65236
534.000000 -0.57249
535.000000 -0.49474
536.000000 -0.41903
537.000000 -0.34529
538.000000 -0.27346
539.000000 -0.20348
540.000000 -0.13532
541.000000 -0.068932
542.000000 -0.0042851
543.000000 0.058654
544.000000 0.11991
545.000000 0.17952
546.000000 0.23751
547.000000 0.29389
548.000000 0.34871
549.000000 0.40197
550.000000 0.45371
551.000000 0.50395
552.000000 0.55271
553.000000 0.60003
554.000000 0.64592
555.000000 0.6904
556.000000 0.73351
557.000000 0.77526
558.000000 0.81569
559.000000 0.85481
560.000000 0.89266
561.000000 0.92925
562.000000 0.96461
563.000000 0.99876
564.000000 1.0317
565.000000 1.0635
566.000000 1.0942
567.000000 1.1238
568.000000 1.1523
569.000000 1.1797
570.000000 1.2061
571.000000 1.2315
572.000000 1.2558
573.000000 1.2792
574.000000 1.3017
575.000000 1.3232
576.000000 1.3439
577.000000 1.3636
578.000000 1.3825
579.000000 1.4006
580.000000 1.4179
581.000000 1.4343
582.000000 1.45
583.000000 1.4649
584.000000 1.4791
585.000000 1.4926
586.000000 1.5054
587.000000 1.5176
588.000000 1.5291
589.000000 1.5399
590.000000 1.5502
591.000000 1.5598
592.000000 1.5689
593.000000 1.5774
594.000000 1.5853
595.000000 1.5928
596.000000 1.5997
597.000000 1.6062
598.000000 1.6121
599.000000 1.6176
600.000000 1.6227
601.000000 1.6274
602.000000 1.6316
603.000000 1.6354
604.000000 1.6389
605.000000 1.642
606.000000 1.6447
607.000000 1.6471
608.000000 1.6492
609.000000 1.651
610.000000 1.6524
611.000000 1.6536
612.000000 1.6545
613.000000 1.6551
614.000000 1.6555
615.000000 1.6556
616.000000 1.6555
617.000000 1.6552
618.000000 1.6547
619.000000 1.654
620.000000 1.6531
621.000000 1.652
622.000000 1.6508
623.000000 1.6494
624.000000 1.6478
625.000000 1.6461
626.000000 1.6443
627.000000 1.6423
628.000000 1.6402
629.000000 1.638
630.000000 1.6358
631.000000 1.6334
632.000000 1.6309
633.000000 1.6283
634.000000 1.6257
635.000000 1.623
636.000000 1.6202
637.000000 1.6174
638.000000 1.6145
639.000000 1.6116
640.000000 1.6086
641.000000 1.6056
642.000000 1.6026
643.000000 1.5995
644.000000 1.5964
645.000000 1.5933
646.000000 1.5902
647.000000 1.587
648.000000 1.5839
649.000000 1.5808
650.000000 1.5776
651.000000 1.5745
652.000000 1.5713
653.000000 1.5682
654.000000 1.5651
655.000000 1.562
656.000000 1.5589
657.000000 1.5559
658.000000 1.5528
659.000000 1.5498
660.000000 1.5468
661.000000 1.5438
662.000000 1.5409
663.000000 1.538
664.000000 1.5351
665.000000 1.5323
666.000000 1.5295
667.000000 1.5267
668.000000 1.524
669.000000 1.5213
670.000000 1.5186
671.000000 1.516
672.000000 1.5134
673.000000 1.5109
674.000000 1.5084
675.000000 1.506
676.000000 1.5036
677.000000 1.5012
678.000000 1.4989
679.000000 1.4967
680.000000 1.4944
681.000000 1.4923
682.000000 1.4901
683.000000 1.4881
684.000000 1.486
685.000000 1.484
686.000000 1.4821
687.000000 1.4802
688.000000 1.4783
689.000000 1.4765
690.000000 1.4748
691.000000 1.473
692.000000 1.4714
693.000000 1.4697
694.000000 1.4681
695.000000 1.4666
696.000000 1.4651
697.000000 1.4636
698.000000 1.4622
699.000000 1.4608
700.000000 1.4595
701.000000 1.4582
702.000000 1.4569
703.000000 1.4557
704.000000 1.4545
705.000000 1.4534
706.000000 1.4523
707.000000 1.4512
708.000000 1.4502
709.000000 1.4492
710.000000 1.4483
711.000000 1.4473
712.000000 1.4464
713.000000 1.4456
714.000000 1.4448
715.000000 1.444
716.000000 1.4432
717.000000 1.4425
718.000000 1.4418
719.000000 1.4411
720.000000 1.4405
721.000000 1.4399
722.000000 1.4393
723.000000 1.4387
724.000000 1.4382
725.000000 1.4377
726.000000 1.4372
727.000000 1.4367
728.000000 1.4363
729.000000 1.4359
730.000000 1.4355
731.000000 1.4351
732.000000 1.4348
733.000000 1.4345
734.000000 1.4341
735.000000 1.4339
736.000000 1.4336
737.000000 1.4333
738.000000 1.4331
739.000000 1.4329
740.000000 1.4327
741.000000 1.4325
742.000000 1.4323
743.000000 1.4322
744.000000 1.432
745.000000 1.4319
746.000000 1.4318
747.000000 1.4317
748.000000 1.4316
749.000000 1.4315
750.000000 1.4314
751.000000 1.4314
752.000000 1.4313
753.000000 1.4313
754.000000 1.4313
755.000000 1.4313
756.000000 1.4313
757.000000 1.4313
758.000000 1.4313
759.000000 1.4313
760.000000 1.4313
761.000000 1.4313
762.000000 1.4314
763.000000 1.4314
764.000000 1.4315
765.000000 1.4315
766.000000 1.4316
767.000000 1.4317
768.000000 1.4317
769.000000 1.4318
770.000000 1.4319
771.000000 1.432
772.000000 1.432
773.000000 1.4321
774.000000 1.4322
775.000000 1.4323
776.000000 1.4324
777.000000 1.4325
778.000000 1.4326
779.000000 1.4327
780.000000 1.4328
781.000000 1.4329
782.000000 1.433
783.000000 1.4332
784.000000 1.4333
785.000000 1.4334
786.000000 1.4335
787.000000 1.4336
788.000000 1.4337
789.000000 1.4338
790.000000 1.434
791.000000 1.4341
792.000000 1.4342
793.000000 1.4343
794.000000 1.4344
795.000000 1.4345
796.000000 1.4346
797.000000 1.4348
798.000000 1.4349
799.000000 -2.1563
800.000000 0.21445
801.000000 1.075
802.000000 1.678
803.000000 2.0436
804.000000 2.2518
805.000000 2.3532
806.000000 2.383
807.000000 2.3658
808.000000 2.3187
809.000000 2.2535
810.000000 2.1779
811.000000 2.0976
812.000000 2.0159
813.000000 1.9353
814.000000 1.8571
815.000000 1.782
816.000000 1.7104
817.000000 1.6426
818.000000 1.5782
819.000000 1.5173
820.000000 1.4596
821.000000 1.4047
822.000000 1.3525
823.000000 1.3027
824.000000 1.2551
825.000000 1.2094
826.000000 1.1655
827.000000 1.1231
828.000000 1.0822
829.000000 1.0426
830.000000 1.0043
831.000000 0.96706
832.000000 0.93091
833.000000 0.89576
834.000000 0.86156
835.000000 0.82827
836.000000 0.79586
837.000000 0.76428
838.000000 0.73352
839.000000 0.70356
840.000000 0.67438
841.000000 0.64595
842.000000 0.61827
843.000000 0.59132
844.000000 0.56509
845.000000 0.53956
846.000000 0.51474
847.000000 0.49059
848.000000 0.46712
849.000000 0.44431
850.000000 0.42216
851.000000 0.40065
852.000000 0.37977
853.000000 0.35951
854.000000 0.33986
855.000000 0.32081
856.000000 0.30235
857.000000 0.28447
858.000000 0.26715
859.000000 0.2504
860.000000 0.2342
861.000000 0.21853
862.000000 0.20339
863.000000 0.18876
864.000000 0.17464
865.000000 0.16102
866.000000 0.14788
867.000000 0.13522
868.000000 0.12302
869.000000 0.11127
870.000000 0.099974
871.000000 0.08911
872.000000 0.07867
873.000000 0.068645
874.000000 0.059025
875.000000 0.0498
876.000000 0.040961
877.000000 0.032499
878.000000 0.024403
879.000000 0.016666
880.000000 0.0092762
881.000000 0.0022263
882.000000 -0.0044931
883.000000 -0.010891
884.000000 -0.016976
885.000000 -0.022757
886.000000 -0.028242
887.000000 -0.033441
888.000000 -0.03836
889.000000 -0.043008
890.000000 -0.047394
891.000000 -0.051525
892.000000 -0.055409
893.000000 -0.059053
894.000000 -0.062466
895.000000 -0.065655
896.000000 -0.068627
897.000000 -0.071388
898.000000 -0.073947
899.000000 -0.07631
900.000000 -0.078484
901.000000 -0.080475
902.000000 -0.082291
903.000000 -0.083936
904.000000 -0.085419
905.000000 -0.086744
906.000000 -0.087918
907.000000 -0.088947
908.000000 -0.089836
909.000000 -0.090591
910.000000 -0.091217
911.000000 -0.091721
912.000000 -0.092106
913.000000 -0.092379
914.000000 -0.092544
915.000000 -0.092606
916.000000 -0.092569
917.000000 -0.092439
918.000000 -0.09222
919.000000 -0.091916
920.000000 -0.091532
921.000000 -0.091071
922.000000 -0.090538
923.000000 -0.089936
924.000000 -0.08927
925.000000 -0.088543
926.000000 -0.087758
927.000000 -0.086919
928.000000 -0.08603
929.000000 -0.085094
930.000000 -0.084113
931.000000 -0.083091
932.000000 -0.082031
933.000000 -0.080936
934.000000 -0.079808
935.000000 -0.078651
936.000000 -0.077466
937.000000 -0.076256
938.000000 -0.075023
939.000000 -0.073771
940.000000 -0.072501
941.000000 -0.071214
942.000000 -0.069914
943.000000 -0.068603
944.000000 -0.067281
945.000000 -0.065951
946.000000 -0.064615
947.000000 -0.063274
948.000000 -0.06193
949.000000 -0.060584
950.000000 -0.059239
951.000000 -0.057894
952.000000 -0.056552
953.000000 -0.055214
954.000000 -0.053881
955.000000 -0.052554
956.000000 -0.051234
957.000000 -0.049922
958.000000 -0.04862
959.000000 -0.047328
960.000000 -0.046046
961.000000 -0.044777
962.000000 -0.04352
963.000000 -0.042276
964.000000 -0.041046
965.000000 -0.03983
966.000000 -0.03863
967.000000 -0.037445
968.000000 -0.036276
969.000000 -0.035124
970.000000 -0.033989
971.000000 -0.032871
972.000000 -0.031771
973.000000 -0.030689
974.000000 -0.029625
975.000000 -0.028579
976.000000 -0.027553
977.000000 -0.026545
978.000000 -0.025556
979.000000 -0.024587
980.000000 -0.023637
981.000000 -0.022706
982.000000 -0.021795
983.000000 -0.020903
984.000000 -0.020031
985.000000 -0.019178
986.000000 -0.018345
987.000000 -0.017531
988.000000 -0.016736
989.000000 -0.015961
990.000000 -0.015205
991.000000 -0.014468
992.000000 -0.013751
993.000000 -0.013051
994.000000 -0.012371
995.000000 -0.011709
996.000000 -0.011066
997.000000 -0.01044
998.000000 -0.0098327
999.000000 -0.0092429
1000.000000 -0.0086708
1001.000000 -0.0081159
1002.000000 -0.0075781
1003.000000 -0.0070572
1004.000000 -0.0065529
1005.000000 -0.0060649
1006.000000 -0.0055931
1007.000000 -0.0051371
1008.000000 -0.0046967
1009.000000 -0.0042717
1010.000000 -0.0038617
1011.000000 -0.0034664
1012.000000 -0.0030857
1013.000000 -0.0027192
1014.000000 -0.0023667
1015.000000 -0.0020278
1016.000000 -0.0017024
1017.000000 -0.00139
1018.000000 -0.0010905
1019.000000 -0.0008035
1020.000000 -0.00052878
1021.000000 -0.00026604
1022.000000 -1.5001e-05
1023.000000 0.00022462
1024.000000 0.0004531
1025.000000 0.00067071
1026.000000 0.00087773
1027.000000 0.0010744
1028.000000 0.0012611
1029.000000 0.001438
1030.000000 0.0016054
1031.000000 0.0017635
1032.000000 0.0019127
1033.000000 0.0020531
1034.000000 0.0021851
1035.000000 0.0023089
1036.000000 0.0024247
1037.000000 0.0025328
1038.000000 0.0026334
1039.000000 0.0027268
1040.000000 0.0028131
1041.000000 0.0028928
1042.000000 0.0029658
1043.000000 0.0030326
1044.000000 0.0030932
1045.000000 0.003148
1046.000000 0.0031972
1047.000000 0.0032408
1048.000000 0.0032792
1049.000000 0.0033126
1050.000000 0.0033411
1051.000000 0.003365
1052.000000 0.0033843
1053.000000 0.0033994
1054.000000 0.0034104
1055.000000 0.0034175
1056.000000 0.0034207
1057.000000 0.0034204
1058.000000 0.0034167
1059.000000 0.0034097
1060.000000 0.0033996
1061.000000 0.0033865
1062.000000 0.0033707
1063.000000 0.0033521
1064.000000 0.003331
1065.000000 0.0033076
1066.000000 0.0032819
1067.000000 0.003254
1068.000000 0.0032241
1069.000000 0.0031924
1070.000000 0.0031589
1071.000000 0.0031238
1072.000000 0.0030871
1073.000000 0.0030489
1074.000000 0.0030095
1075.000000 0.0029688
1076.000000 0.002927
1077.000000 0.0028842
1078.000000 0.0028404
1079.000000 0.0027957
1080.000000 0.0027503
1081.000000 0.0027041
1082.000000 0.0026574
1083.000000 0.0026101
1084.000000 0.0025624
1085.000000 0.0025142
1086.000000 0.0024657
1087.000000 0.002417
1088.000000 0.002368
1089.000000 0.0023189
1090.000000 0.0022697
1091.000000 0.0022205
1092.000000 0.0021712
1093.000000 0.0021221
1094.000000 0.002073
1095.000000 0.0020241
1096.000000 0.0019754
1097.000000 0.0019269
1098.000000 0.0018787
1099.000000 0.0018308
