0.000000 0
1.000000 0
2.000000 0
3.000000 0
4.000000 0
5.000000 0
6.000000 0
7.000000 0
8.000000 0
9.000000 2
10.000000 2
11.000000 2
12.000000 2
13.000000 2
14.000000 2
15.000000 2
16.000000 2
17.000000 2
18.000000 2
19.000000 2
20.000000 2
21.000000 2
22.000000 2
23.000000 2
24.000000 2
25.000000 2
26.000000 2
27.000000 2
28.000000 2
29.000000 2
30.000000 2
31.000000 2
32.000000 2
33.000000 2
34.000000 2
35.000000 2
36.000000 2
37.000000 2
38.000000 2
39.000000 2
40.000000 2
41.000000 2
42.000000 2
43.000000 2
44.000000 2
45.000000 2
46.000000 2
47.000000 2
48.000000 2
49.000000 2
50.000000 2
51.000000 2
52.000000 2
53.000000 2
54.000000 2
55.000000 2
56.000000 2
57.000000 2
58.000000 2
59.000000 2
60.000000 2
61.000000 2
62.000000 2
63.000000 2
64.000000 2
65.000000 2
66.000000 2
67.000000 2
68.000000 2
69.000000 2
70.000000 2
71.000000 2
72.000000 2
73.000000 2
74.000000 2
75.000000 2
76.000000 2
77.000000 2
78.000000 2
79.000000 2
80.000000 2
81.000000 2
82.000000 2
83.000000 2
84.000000 2
85.000000 2
86.000000 2
87.000000 2
88.000000 2
89.000000 2
90.000000 2
91.000000 2
92.000000 2
93.000000 2
94.000000 2
95.000000 2
96.000000 2
97.000000 2
98.000000 2
99.000000 2
100.000000 2
101.000000 2
102.000000 2
103.000000 2
104.000000 2
105.000000 2
106.000000 2
107.000000 2
108.000000 2
109.000000 2
110.000000 2
111.000000 2
112.000000 2
113.000000 2
114.000000 2
115.000000 2
116.000000 2
117.000000 2
118.000000 2
119.000000 2
120.000000 2
121.000000 2
122.000000 2
123.000000 2
124.000000 2
125.000000 2
126.000000 2
127.000000 2
128.000000 2
129.000000 2
130.000000 2
131.000000 2
132.000000 2
133.000000 2
134.000000 2
135.000000 2
136.000000 2
137.000000 2
138.000000 2
139.000000 2
140.000000 2
141.000000 2
142.000000 2
143.000000 2
144.000000 2
145.000000 2
146.000000 2
147.000000 2
148.000000 2
149.000000 2
150.000000 2
151.000000 2
152.000000 2
153.000000 2
154.000000 2
155.000000 2
156.000000 2
157.000000 2
158.000000 2
159.000000 2
160.000000 2
161.000000 2
162.000000 2
163.000000 2
164.000000 2
165.000000 2
166.000000 2
167.000000 2
168.000000 2
169.000000 2
170.000000 2
171.000000 2
172.000000 2
173.000000 2
174.000000 2
175.000000 2
176.000000 2
177.000000 2
178.000000 2
179.000000 2
180.000000 2
181.000000 2
182.000000 2
183.000000 2
184.000000 2
185.000000 2
186.000000 2
187.000000 2
188.000000 2
189.000000 2
190.000000 2
191.000000 2
192.000000 2
193.000000 2
194.000000 2
195.000000 2
196.000000 2
197.000000 2
198.000000 2
199.000000 -2
200.000000 -2
201.000000 -2
202.000000 -2
203.000000 -2
204.000000 -2
205.000000 -2
206.000000 -2
207.000000 -2
208.000000 -2
209.000000 -2
210.000000 -2
211.000000 -2
212.000000 -2
213.000000 -2
214.000000 -2
215.000000 -2
216.000000 -2
217.000000 -2
218.000000 -2
219.000000 -2
220.000000 -2
221.000000 -2
222.000000 -2
223.000000 -2
224.000000 -2
225.000000 -2
226.000000 -2
227.000000 -2
228.000000 -2
229.000000 -2
230.000000 -2
231.000000 -2
232.000000 -2
233.000000 -2
234.000000 -2
235.000000 -2
236.000000 -2
237.000000 -2
238.000000 -2
239.000000 -2
240.000000 -2
241.000000 -2
242.000000 -2
243.000000 -2
244.000000 -2
245.000000 -2
246.000000 -2
247.000000 -2
248.000000 -2
249.000000 -2
250.000000 -2
251.000000 -2
252.000000 -2
253.000000 -2
254.000000 -2
255.000000 -2
256.000000 -2
257.000000 -2
258.000000 -2
259.000000 -2
260.000000 -2
261.000000 -2
262.000000 -2
263.000000 -2
264.000000 -2
265.000000 -2
266.000000 -2
267.000000 -2
268.000000 -2
269.000000 -2
270.000000 -2
271.000000 -2
272.000000 -2
273.000000 -2
274.000000 -2
275.000000 -2
276.000000 -2
277.000000 -2
278.000000 -2
279.000000 -2
280.000000 -2
281.000000 -2
282.000000 -2
283.000000 -2
284.000000 -2
285.000000 -2
286.000000 -2
287.000000 -2
288.000000 -2
289.000000 -2
290.000000 -2
291.000000 -2
292.000000 -2
293.000000 -2
294.000000 -2
295.000000 -2
296.000000 -2
297.000000 -2
298.000000 -2
299.000000 -2
300.000000 -2
301.000000 -2
302.000000 -2
303.000000 -2
304.000000 -2
305.000000 -2
306.000000 -2
307.000000 -2
308.000000 -2
309.000000 -2
310.000000 -2
311.000000 -2
312.000000 -2
313.000000 -2
314.000000 -2
315.000000 -2
316.000000 -2
317.000000 -2
318.000000 -2
319.000000 -2
320.000000 -2
321.000000 -2
322.000000 -2
323.000000 -2
324.000000 -2
325.000000 -2
326.000000 -2
327.000000 -2
328.000000 -2
329.000000 -2
330.000000 -2
331.000000 -2
332.000000 -2
333.000000 -2
334.000000 -2
335.000000 -2
336.000000 -2
337.000000 -2
338.000000 -2
339.000000 -2
340.000000 -2
341.000000 -2
342.000000 -2
343.000000 -2
344.000000 -2
345.000000 -2
346.000000 -2
347.000000 -2
348.000000 -2
349.000000 -2
350.000000 -2
351.000000 -2
352.000000 -2
353.000000 -2
354.000000 -2
355.000000 -2
356.000000 -2
357.000000 -2
358.000000 -2
359.000000 -2
360.000000 -2
361.000000 -2
362.000000 -2
363.000000 -2
364.000000 -2
365.000000 -2
366.000000 -2
367.000000 -2
368.000000 -2
369.000000 -2
370.000000 -2
371.000000 -2
372.000000 -2
373.000000 -2
374.000000 -2
375.000000 -2
376.000000 -2
377.000000 -2
378.000000 -2
379.000000 -2
380.000000 -2
381.000000 -2
382.000000 -2
383.000000 -2
384.000000 -2
385.000000 -2
386.000000 -2
387.000000 -2
388.000000 -2
389.000000 -2
390.000000 -2
391.000000 -2
392.000000 -2
393.000000 -2
394.000000 -2
395.000000 -2
396.000000 -2
397.000000 -2
398.000000 -2
399.000000 -2
400.000000 -2
401.000000 -2
402.000000 -2
403.000000 -2
404.000000 -2
405.000000 -2
406.000000 -2
407.000000 -2
408.000000 -2
409.000000 -2
410.000000 -2
411.000000 -2
412.000000 -2
413.000000 -2
414.000000 -2
415.000000 -2
416.000000 -2
417.000000 -2
418.000000 -2
419.000000 -2
420.000000 -2
421.000000 -2
422.000000 -2
423.000000 -2
424.000000 -2
425.000000 -2
426.000000 -2
427.000000 -2
428.000000 -2
429.000000 -2
430.000000 -2
431.000000 -2
432.000000 -2
433.000000 -2
434.000000 -2
435.000000 -2
436.000000 -2
437.000000 -2
438.000000 -2
439.000000 -2
440.000000 -2
441.000000 -2
442.000000 -2
443.000000 -2
444.000000 -2
445.000000 -2
446.000000 -2
447.000000 -2
448.000000 -2
449.000000 -2
450.000000 -2
451.000000 -2
452.000000 -2
453.000000 -2
454.000000 -2
455.000000 -2
456.000000 -2
457.000000 -2
458.000000 -2
459.000000 -2
460.000000 -2
461.000000 -2
462.000000 -2
463.000000 -2
464.000000 -2
465.000000 -2
466.000000 -2
467.000000 -2
468.000000 -2
469.000000 -2
470.000000 -2
471.000000 -2
472.000000 -2
473.000000 -2
474.000000 -2
475.000000 -2
476.000000 -2
477.000000 -2
478.000000 -2
479.000000 -2
480.000000 -2
481.000000 -2
482.000000 -2
483.000000 -2
484.000000 -2
485.000000 -2
486.000000 -2
487.000000 -2
488.000000 -2
489.000000 -2
490.000000 -2
491.000000 -2
492.000000 -2
493.000000 -2
494.000000 -2
495.000000 -2
496.000000 -2
497.000000 -2
498.000000 -2
499.000000 1.5
500.000000 1.5
501.000000 1.5
502.000000 1.5
503.000000 1.5
504.000000 1.5
505.000000 1.5
506.000000 1.5
507.000000 1.5
508.000000 1.5
509.000000 1.5
510.000000 1.5
511.000000 1.5
512.000000 1.5
513.000000 1.5
514.000000 1.5
515.000000 1.5
516.000000 1.5
517.000000 1.5
518.000000 1.5
519.000000 1.5
520.000000 1.5
521.000000 1.5
522.000000 1.5
523.000000 1.5
524.000000 1.5
525.000000 1.5
526.000000 1.5
527.000000 1.5
528.000000 1.5
529.000000 1.5
530.000000 1.5
531.000000 1.5
532.000000 1.5
533.000000 1.5
534.000000 1.5
535.000000 1.5
536.000000 1.5
537.000000 1.5
538.000000 1.5
539.000000 1.5
540.000000 1.5
541.000000 1.5
542.000000 1.5
543.000000 1.5
544.000000 1.5
545.000000 1.5
546.000000 1.5
547.000000 1.5
548.000000 1.5
549.000000 1.5
550.000000 1.5
551.000000 1.5
552.000000 1.5
553.000000 1.5
554.000000 1.5
555.000000 1.5
556.000000 1.5
557.000000 1.5
558.000000 1.5
559.000000 1.5
560.000000 1.5
561.000000 1.5
562.000000 1.5
563.000000 1.5
564.000000 1.5
565.000000 1.5
566.000000 1.5
567.000000 1.5
568.000000 1.5
569.000000 1.5
570.000000 1.5
571.000000 1.5
572.000000 1.5
573.000000 1.5
574.000000 1.5
575.000000 1.5
576.000000 1.5
577.000000 1.5
578.000000 1.5
579.000000 1.5
580.000000 1.5
581.000000 1.5
582.000000 1.5
583.000000 1.5
584.000000 1.5
585.000000 1.5
586.000000 1.5
587.000000 1.5
588.000000 1.5
589.000000 1.5
590.000000 1.5
591.000000 1.5
592.000000 1.5
593.000000 1.5
594.000000 1.5
595.000000 1.5
596.000000 1.5
597.000000 1.5
598.000000 1.5
599.000000 1.5
600.000000 1.5
601.000000 1.5
602.000000 1.5
603.000000 1.5
604.000000 1.5
605.000000 1.5
606.000000 1.5
607.000000 1.5
608.000000 1.5
609.000000 1.5
610.000000 1.5
611.000000 1.5
612.000000 1.5
613.000000 1.5
614.000000 1.5
615.000000 1.5
616.000000 1.5
617.000000 1.5
618.000000 1.5
619.000000 1.5
620.000000 1.5
621.000000 1.5
622.000000 1.5
623.000000 1.5
624.000000 1.5
625.000000 1.5
626.000000 1.5
627.000000 1.5
628.000000 1.5
629.000000 1.5
630.000000 1.5
631.000000 1.5
632.000000 1.5
633.000000 1.5
634.000000 1.5
635.000000 1.5
636.000000 1.5
637.000000 1.5
638.000000 1.5
639.000000 1.5
640.000000 1.5
641.000000 1.5
642.000000 1.5
643.000000 1.5
644.000000 1.5
645.000000 1.5
646.000000 1.5
647.000000 1.5
648.000000 1.5
649.000000 1.5
650.000000 1.5
651.000000 1.5
652.000000 1.5
653.000000 1.5
654.000000 1.5
655.000000 1.5
656.000000 1.5
657.000000 1.5
658.000000 1.5
659.000000 1.5
660.000000 1.5
661.000000 1.5
662.000000 1.5
663.000000 1.5
664.000000 1.5
665.000000 1.5
666.000000 1.5
667.000000 1.5
668.000000 1.5
669.000000 1.5
670.000000 1.5
671.000000 1.5
672.000000 1.5
673.000000 1.5
674.000000 1.5
675.000000 1.5
676.000000 1.5
677.000000 1.5
678.000000 1.5
679.000000 1.5
680.000000 1.5
681.000000 1.5
682.000000 1.5
683.000000 1.5
684.000000 1.5
685.000000 1.5
686.000000 1.5
687.000000 1.5
688.000000 1.5
689.000000 1.5
690.000000 1.5
691.000000 1.5
692.000000 1.5
693.000000 1.5
694.000000 1.5
695.000000 1.5
696.000000 1.5
697.000000 1.5
698.000000 1.5
699.000000 1.5
700.000000 1.5
701.000000 1.5
702.000000 1.5
703.000000 1.5
704.000000 1.5
705.000000 1.5
706.000000 1.5
707.000000 1.5
708.000000 1.5
709.000000 1.5
710.000000 1.5
711.000000 1.5
712.000000 1.5
713.000000 1.5
714.000000 1.5
715.000000 1.5
716.000000 1.5
717.000000 1.5
718.000000 1.5
719.000000 1.5
720.000000 1.5
721.000000 1.5
722.000000 1.5
723.000000 1.5
724.000000 1.5
725.000000 1.5
726.000000 1.5
727.000000 1.5
728.000000 1.5
729.000000 1.5
730.000000 1.5
731.000000 1.5
732.000000 1.5
733.000000 1.5
734.000000 1.5
735.000000 1.5
736.000000 1.5
737.000000 1.5
738.000000 1.5
739.000000 1.5
740.000000 1.5
741.000000 1.5
742.000000 1.5
743.000000 1.5
744.000000 1.5
745.000000 1.5
746.000000 1.5
747.000000 1.5
748.000000 1.5
749.000000 1.5
750.000000 1.5
751.000000 1.5
752.000000 1.5
753.000000 1.5
754.000000 1.5
755.000000 1.5
756.000000 1.5
757.000000 1.5
758.000000 1.5
759.000000 1.5
760.000000 1.5
761.000000 1.5
762.000000 1.5
763.000000 1.5
764.000000 1.5
765.000000 1.5
766.000000 1.5
767.000000 1.5
768.000000 1.5
769.000000 1.5
770.000000 1.5
771.000000 1.5
772.000000 1.5
773.000000 1.5
774.000000 1.5
775.000000 1.5
776.000000 1.5
777.000000 1.5
778.000000 1.5
779.000000 1.5
780.000000 1.5
781.000000 1.5
782.000000 1.5
783.000000 1.5
784.000000 1.5
785.000000 1.5
786.000000 1.5
787.000000 1.5
788.000000 1.5
789.000000 1.5
790.000000 1.5
791.000000 1.5
792.000000 1.5
793.000000 1.5
794.000000 1.5
795.000000 1.5
796.000000 1.5
797.000000 1.5
798.000000 1.5
799.000000 0
800.000000 0
801.000000 0
802.000000 0
803.000000 0
804.000000 0
805.000000 0
806.000000 0
807.000000 0
808.000000 0
809.000000 0
810.000000 0
811.000000 0
812.000000 0
813.000000 0
814.000000 0
815.000000 0
816.000000 0
817.000000 0
818.000000 0
819.000000 0
820.000000 0
821.000000 0
822.000000 0
823.000000 0
824.000000 0
825.000000 0
826.000000 0
827.000000 0
828.000000 0
829.000000 0
830.000000 0
831.000000 0
832.000000 0
833.000000 0
834.000000 0
835.000000 0
836.000000 0
837.000000 0
838.000000 0
839.000000 0
840.000000 0
841.000000 0
842.000000 0
843.000000 0
844.000000 0
845.000000 0
846.000000 0
847.000000 0
848.000000 0
849.000000 0
850.000000 0
851.000000 0
852.000000 0
853.000000 0
854.000000 0
855.000000 0
856.000000 0
857.000000 0
858.000000 0
859.000000 0
860.000000 0
861.000000 0
862.000000 0
863.000000 0
864.000000 0
865.000000 0
866.000000 0
867.000000 0
868.000000 0
869.000000 0
870.000000 0
871.000000 0
872.000000 0
873.000000 0
874.000000 0
875.000000 0
876.000000 0
877.000000 0
878.000000 0
879.000000 0
880.000000 0
881.000000 0
882.000000 0
883.000000 0
884.000000 0
885.000000 0
886.000000 0
887.000000 0
888.000000 0
889.000000 0
890.000000 0
891.000000 0
892.000000 0
893.000000 0
894.000000 0
895.000000 0
896.000000 0
897.000000 0
898.000000 0
899.000000 0
900.000000 0
901.000000 0
902.000000 0
903.000000 0
904.000000 0
905.000000 0
906.000000 0
907.000000 0
908.000000 0
909.000000 0
910.000000 0
911.000000 0
912.000000 0
913.000000 0
914.000000 0
915.000000 0
916.000000 0
917.000000 0
918.000000 0
919.000000 0
920.000000 0
921.000000 0
922.000000 0
923.000000 0
924.000000 0
925.000000 0
926.000000 0
927.000000 0
928.000000 0
929.000000 0
930.000000 0
931.000000 0
932.000000 0
933.000000 0
934.000000 0
935.000000 0
936.000000 0
937.000000 0
938.000000 0
939.000000 0
940.000000 0
941.000000 0
942.000000 0
943.000000 0
944.000000 0
945.000000 0
946.000000 0
947.000000 0
948.000000 0
949.000000 0
950.000000 0
951.000000 0
952.000000 0
953.000000 0
954.000000 0
955.000000 0
956.000000 0
957.000000 0
958.000000 0
959.000000 0
960.000000 0
961.000000 0
962.000000 0
963.000000 0
964.000000 0
965.000000 0
966.000000 0
967.000000 0
968.000000 0
969.000000 0
970.000000 0
971.000000 0
972.000000 0
973.000000 0
974.000000 0
975.000000 0
976.000000 0
977.000000 0
978.000000 0
979.000000 0
980.000000 0
981.000000 0
982.000000 0
983.000000 0
984.000000 0
985.000000 0
986.000000 0
987.000000 0
988.000000 0
989.000000 0
990.000000 0
991.000000 0
992.000000 0
993.000000 0
994.000000 0
995.000000 0
996.000000 0
997.000000 0
998.000000 0
999.000000 0
1000.000000 0
1001.000000 0
1002.000000 0
1003.000000 0
1004.000000 0
1005.000000 0
1006.000000 0
1007.000000 0
1008.000000 0
1009.000000 0
1010.000000 0
1011.000000 0
1012.000000 0
1013.000000 0
1014.000000 0
1015.000000 0
1016.000000 0
1017.000000 0
1018.000000 0
1019.000000 0
1020.000000 0
1021.000000 0
1022.000000 0
1023.000000 0
1024.000000 0
1025.000000 0
1026.000000 0
1027.000000 0
1028.000000 0
1029.000000 0
1030.000000 0
1031.000000 0
1032.000000 0
1033.000000 0
1034.000000 0
1035.000000 0
1036.000000 0
1037.000000 0
1038.000000 0
1039.000000 0
1040.000000 0
1041.000000 0
1042.000000 0
1043.000000 0
1044.000000 0
1045.000000 0
1046.000000 0
1047.000000 0
1048.000000 0
1049.000000 0
1050.000000 0
1051.000000 0
1052.000000 0
1053.000000 0
1054.000000 0
1055.000000 0
1056.000000 0
1057.000000 0
1058.000000 0
1059.000000 0
1060.000000 0
1061.000000 0
1062.000000 0
1063.000000 0
1064.000000 0
1065.000000 0
1066.000000 0
1067.000000 0
1068.000000 0
1069.000000 0
1070.000000 0
1071.000000 0
1072.000000 0
1073.000000 0
1074.000000 0
1075.000000 0
1076.000000 0
1077.000000 0
1078.000000 0
1079.000000 0
1080.000000 0
1081.000000 0
1082.000000 0
1083.000000 0
1084.000000 0
1085.000000 0
1086.000000 0
1087.000000 0
1088.000000 0
1089.000000 0
1090.000000 0
1091.000000 0
1092.000000 0
1093.000000 0
1094.000000 0
1095.000000 0
1096.000000 0
1097.000000 0
1098.000000 0
1099.000000 0
1100.000000 0
1101.000000 0
1102.000000 0
1103.000000 0
1104.000000 0
1105.000000 0
1106.000000 0
1107.000000 0
1108.000000 0
1109.000000 2
1110.000000 2
1111.000000 2
1112.000000 2
1113.000000 2
1114.000000 2
1115.000000 2
1116.000000 2
1117.000000 2
1118.000000 2
1119.000000 2
1120.000000 2
1121.000000 2
1122.000000 2
1123.000000 2
1124.000000 2
1125.000000 2
1126.000000 2
1127.000000 2
1128.000000 2
1129.000000 2
1130.000000 2
1131.000000 2
1132.000000 2
1133.000000 2
1134.000000 2
1135.000000 2
1136.000000 2
1137.000000 2
1138.000000 2
1139.000000 2
1140.000000 2
1141.000000 2
1142.000000 2
1143.000000 2
1144.000000 2
1145.000000 2
1146.000000 2
1147.000000 2
1148.000000 2
1149.000000 2
1150.000000 2
1151.000000 2
1152.000000 2
1153.000000 2
1154.000000 2
1155.000000 2
1156.000000 2
1157.000000 2
1158.000000 2
1159.000000 2
1160.000000 2
1161.000000 2
1162.000000 2
1163.000000 2
1164.000000 2
1165.000000 2
1166.000000 2
1167.000000 2
1168.000000 2
1169.000000 2
1170.000000 2
1171.000000 2
1172.000000 2
1173.000000 2
1174.000000 2
1175.000000 2
1176.000000 2
1177.000000 2
1178.000000 2
1179.000000 2
1180.000000 2
1181.000000 2
1182.000000 2
1183.000000 2
1184.000000 2
1185.000000 2
1186.000000 2
1187.000000 2
1188.000000 2
1189.000000 2
1190.000000 2
1191.000000 2
1192.000000 2
1193.000000 2
1194.000000 2
1195.000000 2
1196.000000 2
1197.000000 2
1198.000000 2
1199.000000 2
1200.000000 2
1201.000000 2
1202.000000 2
1203.000000 2
1204.000000 2
1205.000000 2
1206.000000 2
1207.000000 2
1208.000000 2
1209.000000 2
1210.000000 2
1211.000000 2
1212.000000 2
1213.000000 2
1214.000000 2
1215.000000 2
1216.000000 2
1217.000000 2
1218.000000 2
1219.000000 2
1220.000000 2
1221.000000 2
1222.000000 2
1223.000000 2
1224.000000 2
1225.000000 2
1226.000000 2
1227.000000 2
1228.000000 2
1229.000000 2
1230.000000 2
1231.000000 2
1232.000000 2
1233.000000 2
1234.000000 2
1235.000000 2
1236.000000 2
1237.000000 2
1238.000000 2
1239.000000 2
1240.000000 2
1241.000000 2
1242.000000 2
1243.000000 2
1244.000000 2
1245.000000 2
1246.000000 2
1247.000000 2
1248.000000 2
1249.000000 2
1250.000000 2
1251.000000 2
1252.000000 2
1253.000000 2
1254.000000 2
1255.000000 2
1256.000000 2
1257.000000 2
1258.000000 2
1259.000000 2
1260.000000 2
1261.000000 2
1262.000000 2
1263.000000 2
1264.000000 2
1265.000000 2
1266.000000 2
1267.000000 2
1268.000000 2
1269.000000 2
1270.000000 2
1271.000000 2
1272.000000 2
1273.000000 2
1274.000000 2
1275.000000 2
1276.000000 2
1277.000000 2
1278.000000 2
1279.000000 2
1280.000000 2
1281.000000 2
1282.000000 2
1283.000000 2
1284.000000 2
1285.000000 2
1286.000000 2
1287.000000 2
1288.000000 2
1289.000000 2
1290.000000 2
1291.000000 2
1292.000000 2
1293.000000 2
1294.000000 2
1295.000000 2
1296.000000 2
1297.000000 2
1298.000000 2
1299.000000 -2
1300.000000 -2
1301.000000 -2
1302.000000 -2
1303.000000 -2
1304.000000 -2
1305.000000 -2
1306.000000 -2
1307.000000 -2
1308.000000 -2
1309.000000 -2
1310.000000 -2
1311.000000 -2
1312.000000 -2
1313.000000 -2
1314.000000 -2
1315.000000 -2
1316.000000 -2
1317.000000 -2
1318.000000 -2
1319.000000 -2
1320.000000 -2
1321.000000 -2
1322.000000 -2
1323.000000 -2
1324.000000 -2
1325.000000 -2
1326.000000 -2
1327.000000 -2
1328.000000 -2
1329.000000 -2
1330.000000 -2
1331.000000 -2
1332.000000 -2
1333.000000 -2
1334.000000 -2
1335.000000 -2
1336.000000 -2
1337.000000 -2
1338.000000 -2
1339.000000 -2
1340.000000 -2
1341.000000 -2
1342.000000 -2
1343.000000 -2
1344.000000 -2
1345.000000 -2
1346.000000 -2
1347.000000 -2
1348.000000 -2
1349.000000 -2
1350.000000 -2
1351.000000 -2
1352.000000 -2
1353.000000 -2
1354.000000 -2
1355.000000 -2
1356.000000 -2
1357.000000 -2
1358.000000 -2
1359.000000 -2
1360.000000 -2
1361.000000 -2
1362.000000 -2
1363.000000 -2
1364.000000 -2
1365.000000 -2
1366.000000 -2
1367.000000 -2
1368.000000 -2
1369.000000 -2
1370.000000 -2
1371.000000 -2
1372.000000 -2
1373.000000 -2
1374.000000 -2
1375.000000 -2
1376.000000 -2
1377.000000 -2
1378.000000 -2
1379.000000 -2
1380.000000 -2
1381.000000 -2
1382.000000 -2
1383.000000 -2
1384.000000 -2
1385.000000 -2
1386.000000 -2
1387.000000 -2
1388.000000 -2
1389.000000 -2
1390.000000 -2
1391.000000 -2
1392.000000 -2
1393.000000 -2
1394.000000 -2
1395.000000 -2
1396.000000 -2
1397.000000 -2
1398.000000 -2
1399.000000 -2
1400.000000 -2
1401.000000 -2
1402.000000 -2
1403.000000 -2
1404.000000 -2
1405.000000 -2
1406.000000 -2
1407.000000 -2
1408.000000 -2
1409.000000 -2
1410.000000 -2
1411.000000 -2
1412.000000 -2
1413.000000 -2
1414.000000 -2
1415.000000 -2
1416.000000 -2
1417.000000 -2
1418.000000 -2
1419.000000 -2
1420.000000 -2
1421.000000 -2
1422.000000 -2
1423.000000 -2
1424.000000 -2
1425.000000 -2
1426.000000 -2
1427.000000 -2
1428.000000 -2
1429.000000 -2
1430.000000 -2
1431.000000 -2
1432.000000 -2
1433.000000 -2
1434.000000 -2
1435.000000 -2
1436.000000 -2
1437.000000 -2
1438.000000 -2
1439.000000 -2
1440.000000 -2
1441.000000 -2
1442.000000 -2
1443.000000 -2
1444.000000 -2
1445.000000 -2
1446.000000 -2
1447.000000 -2
1448.000000 -2
1449.000000 -2
1450.000000 -2
1451.000000 -2
1452.000000 -2
1453.000000 -2
1454.000000 -2
1455.000000 -2
1456.000000 -2
1457.000000 -2
1458.000000 -2
1459.000000 -2
1460.000000 -2
1461.000000 -2
1462.000000 -2
1463.000000 -2
1464.000000 -2
1465.000000 -2
1466.000000 -2
1467.000000 -2
1468.000000 -2
1469.000000 -2
1470.000000 -2
1471.000000 -2
1472.000000 -2
1473.000000 -2
1474.000000 -2
1475.000000 -2
1476.000000 -2
1477.000000 -2
1478.000000 -2
1479.000000 -2
1480.000000 -2
1481.000000 -2
1482.000000 -2
1483.000000 -2
1484.000000 -2
1485.000000 -2
1486.000000 -2
1487.000000 -2
1488.000000 -2
1489.000000 -2
1490.000000 -2
1491.000000 -2
1492.000000 -2
1493.000000 -2
1494.000000 -2
1495.000000 -2
1496.000000 -2
1497.000000 -2
1498.000000 -2
1499.000000 -2
1500.000000 -2
1501.000000 -2
1502.000000 -2
1503.000000 -2
1504.000000 -2
1505.000000 -2
1506.000000 -2
1507.000000 -2
1508.000000 -2
1509.000000 -2
1510.000000 -2
1511.000000 -2
1512.000000 -2
1513.000000 -2
1514.000000 -2
1515.000000 -2
1516.000000 -2
1517.000000 -2
1518.000000 -2
1519.000000 -2
1520.000000 -2
1521.000000 -2
1522.000000 -2
1523.000000 -2
1524.000000 -2
1525.000000 -2
1526.000000 -2
1527.000000 -2
1528.000000 -2
1529.000000 -2
1530.000000 -2
1531.000000 -2
1532.000000 -2
1533.000000 -2
1534.000000 -2
1535.000000 -2
1536.000000 -2
1537.000000 -2
1538.000000 -2
1539.000000 -2
1540.000000 -2
1541.000000 -2
1542.000000 -2
1543.000000 -2
1544.000000 -2
1545.000000 -2
1546.000000 -2
1547.000000 -2
1548.000000 -2
1549.000000 -2
1550.000000 -2
1551.000000 -2
1552.000000 -2
1553.000000 -2
1554.000000 -2
1555.000000 -2
1556.000000 -2
1557.000000 -2
1558.000000 -2
1559.000000 -2
1560.000000 -2
1561.000000 -2
1562.000000 -2
1563.000000 -2
1564.000000 -2
1565.000000 -2
1566.000000 -2
1567.000000 -2
1568.000000 -2
1569.000000 -2
1570.000000 -2
1571.000000 -2
1572.000000 -2
1573.000000 -2
1574.000000 -2
1575.000000 -2
1576.000000 -2
1577.000000 -2
1578.000000 -2
1579.000000 -2
1580.000000 -2
1581.000000 -2
1582.000000 -2
1583.000000 -2
1584.000000 -2
1585.000000 -2
1586.000000 -2
1587.000000 -2
1588.000000 -2
1589.000000 -2
1590.000000 -2
1591.000000 -2
1592.000000 -2
1593.000000 -2
1594.000000 -2
1595.000000 -2
1596.000000 -2
1597.000000 -2
1598.000000 -2
1599.000000 1.5
1600.000000 1.5
1601.000000 1.5
1602.000000 1.5
1603.000000 1.5
1604.000000 1.5
1605.000000 1.5
1606.000000 1.5
1607.000000 1.5
1608.000000 1.5
1609.000000 1.5
1610.000000 1.5
1611.000000 1.5
1612.000000 1.5
1613.000000 1.5
1614.000000 1.5
1615.000000 1.5
1616.000000 1.5
1617.000000 1.5
1618.000000 1.5
1619.000000 1.5
1620.000000 1.5
1621.000000 1.5
1622.000000 1.5
1623.000000 1.5
1624.000000 1.5
1625.000000 1.5
1626.000000 1.5
1627.000000 1.5
1628.000000 1.5
1629.000000 1.5
1630.000000 1.5
1631.000000 1.5
1632.000000 1.5
1633.000000 1.5
1634.000000 1.5
1635.000000 1.5
1636.000000 1.5
1637.000000 1.5
1638.000000 1.5
1639.000000 1.5
1640.000000 1.5
1641.000000 1.5
1642.000000 1.5
1643.000000 1.5
1644.000000 1.5
1645.000000 1.5
1646.000000 1.5
1647.000000 1.5
1648.000000 1.5
1649.000000 1.5
1650.000000 1.5
1651.000000 1.5
1652.000000 1.5
1653.000000 1.5
1654.000000 1.5
1655.000000 1.5
1656.000000 1.5
1657.000000 1.5
1658.000000 1.5
1659.000000 1.5
1660.000000 1.5
1661.000000 1.5
1662.000000 1.5
1663.000000 1.5
1664.000000 1.5
1665.000000 1.5
1666.000000 1.5
1667.000000 1.5
1668.000000 1.5
1669.000000 1.5
1670.000000 1.5
1671.000000 1.5
1672.000000 1.5
1673.000000 1.5
1674.000000 1.5
1675.000000 1.5
1676.000000 1.5
1677.000000 1.5
1678.000000 1.5
1679.000000 1.5
1680.000000 1.5
1681.000000 1.5
1682.000000 1.5
1683.000000 1.5
1684.000000 1.5
1685.000000 1.5
1686.000000 1.5
1687.000000 1.5
1688.000000 1.5
1689.000000 1.5
1690.000000 1.5
1691.000000 1.5
1692.000000 1.5
1693.000000 1.5
1694.000000 1.5
1695.000000 1.5
1696.000000 1.5
1697.000000 1.5
1698.000000 1.5
1699.000000 1.5
1700.000000 1.5
1701.000000 1.5
1702.000000 1.5
1703.000000 1.5
1704.000000 1.5
1705.000000 1.5
1706.000000 1.5
1707.000000 1.5
1708.000000 1.5
1709.000000 1.5
1710.000000 1.5
1711.000000 1.5
1712.000000 1.5
1713.000000 1.5
1714.000000 1.5
1715.000000 1.5
1716.000000 1.5
1717.000000 1.5
1718.000000 1.5
1719.000000 1.5
1720.000000 1.5
1721.000000 1.5
1722.000000 1.5
1723.000000 1.5
1724.000000 1.5
1725.000000 1.5
1726.000000 1.5
1727.000000 1.5
1728.000000 1.5
1729.000000 1.5
1730.000000 1.5
1731.000000 1.5
1732.000000 1.5
1733.000000 1.5
1734.000000 1.5
1735.000000 1.5
1736.000000 1.5
1737.000000 1.5
1738.000000 1.5
1739.000000 1.5
1740.000000 1.5
1741.000000 1.5
1742.000000 1.5
1743.000000 1.5
1744.000000 1.5
1745.000000 1.5
1746.000000 1.5
1747.000000 1.5
1748.000000 1.5
1749.000000 1.5
1750.000000 1.5
1751.000000 1.5
1752.000000 1.5
1753.000000 1.5
1754.000000 1.5
1755.000000 1.5
1756.000000 1.5
1757.000000 1.5
1758.000000 1.5
1759.000000 1.5
1760.000000 1.5
1761.000000 1.5
1762.000000 1.5
1763.000000 1.5
1764.000000 1.5
1765.000000 1.5
1766.000000 1.5
1767.000000 1.5
1768.000000 1.5
1769.000000 1.5
1770.000000 1.5
1771.000000 1.5
1772.000000 1.5
1773.000000 1.5
1774.000000 1.5
1775.000000 1.5
1776.000000 1.5
1777.000000 1.5
1778.000000 1.5
1779.000000 1.5
1780.000000 1.5
1781.000000 1.5
1782.000000 1.5
1783.000000 1.5
1784.000000 1.5
1785.000000 1.5
1786.000000 1.5
1787.000000 1.5
1788.000000 1.5
1789.000000 1.5
1790.000000 1.5
1791.000000 1.5
1792.000000 1.5
1793.000000 1.5
1794.000000 1.5
1795.000000 1.5
1796.000000 1.5
1797.000000 1.5
1798.000000 1.5
1799.000000 1.5
1800.000000 1.5
1801.000000 1.5
1802.000000 1.5
1803.000000 1.5
1804.000000 1.5
1805.000000 1.5
1806.000000 1.5
1807.000000 1.5
1808.000000 1.5
1809.000000 1.5
1810.000000 1.5
1811.000000 1.5
1812.000000 1.5
1813.000000 1.5
1814.000000 1.5
1815.000000 1.5
1816.000000 1.5
1817.000000 1.5
1818.000000 1.5
1819.000000 1.5
1820.000000 1.5
1821.000000 1.5
1822.000000 1.5
1823.000000 1.5
1824.000000 1.5
1825.000000 1.5
1826.000000 1.5
1827.000000 1.5
1828.000000 1.5
1829.000000 1.5
1830.000000 1.5
1831.000000 1.5
1832.000000 1.5
1833.000000 1.5
1834.000000 1.5
1835.000000 1.5
1836.000000 1.5
1837.000000 1.5
1838.000000 1.5
1839.000000 1.5
1840.000000 1.5
1841.000000 1.5
1842.000000 1.5
1843.000000 1.5
1844.000000 1.5
1845.000000 1.5
1846.000000 1.5
1847.000000 1.5
1848.000000 1.5
1849.000000 1.5
1850.000000 1.5
1851.000000 1.5
1852.000000 1.5
1853.000000 1.5
1854.000000 1.5
1855.000000 1.5
1856.000000 1.5
1857.000000 1.5
1858.000000 1.5
1859.000000 1.5
1860.000000 1.5
1861.000000 1.5
1862.000000 1.5
1863.000000 1.5
1864.000000 1.5
1865.000000 1.5
1866.000000 1.5
1867.000000 1.5
1868.000000 1.5
1869.000000 1.5
1870.000000 1.5
1871.000000 1.5
1872.000000 1.5
1873.000000 1.5
1874.000000 1.5
1875.000000 1.5
1876.000000 1.5
1877.000000 1.5
1878.000000 1.5
1879.000000 1.5
1880.000000 1.5
1881.000000 1.5
1882.000000 1.5
1883.000000 1.5
1884.000000 1.5
1885.000000 1.5
1886.000000 1.5
1887.000000 1.5
1888.000000 1.5
1889.000000 1.5
1890.000000 1.5
1891.000000 1.5
1892.000000 1.5
1893.000000 1.5
1894.000000 1.5
1895.000000 1.5
1896.000000 1.5
1897.000000 1.5
1898.000000 1.5
1899.000000 0
1900.000000 0
1901.000000 0
1902.000000 0
1903.000000 0
1904.000000 0
1905.000000 0
1906.000000 0
1907.000000 0
1908.000000 0
1909.000000 0
1910.000000 0
1911.000000 0
1912.000000 0
1913.000000 0
1914.000000 0
1915.000000 0
1916.000000 0
1917.000000 0
1918.000000 0
1919.000000 0
1920.000000 0
1921.000000 0
1922.000000 0
1923.000000 0
1924.000000 0
1925.000000 0
1926.000000 0
1927.000000 0
1928.000000 0
1929.000000 0
1930.000000 0
1931.000000 0
1932.000000 0
1933.000000 0
1934.000000 0
1935.000000 0
1936.000000 0
1937.000000 0
1938.000000 0
1939.000000 0
1940.000000 0
1941.000000 0
1942.000000 0
1943.000000 0
1944.000000 0
1945.000000 0
1946.000000 0
1947.000000 0
1948.000000 0
1949.000000 0
1950.000000 0
1951.000000 0
1952.000000 0
1953.000000 0
1954.000000 0
1955.000000 0
1956.000000 0
1957.000000 0
1958.000000 0
1959.000000 0
1960.000000 0
1961.000000 0
1962.000000 0
1963.000000 0
1964.000000 0
1965.000000 0
1966.000000 0
1967.000000 0
1968.000000 0
1969.000000 0
1970.000000 0
1971.000000 0
1972.000000 0
1973.000000 0
1974.000000 0
1975.000000 0
1976.000000 0
1977.000000 0
1978.000000 0
1979.000000 0
1980.000000 0
1981.000000 0
1982.000000 0
1983.000000 0
1984.000000 0
1985.000000 0
1986.000000 0
1987.000000 0
1988.000000 0
1989.000000 0
1990.000000 0
1991.000000 0
1992.000000 0
1993.000000 0
1994.000000 0
1995.000000 0
1996.000000 0
1997.000000 0
1998.000000 0
1999.000000 0
2000.000000 0
2001.000000 0
2002.000000 0
2003.000000 0
2004.000000 0
2005.000000 0
2006.000000 0
2007.000000 0
2008.000000 0
2009.000000 0
2010.000000 0
2011.000000 0
2012.000000 0
2013.000000 0
2014.000000 0
2015.000000 0
2016.000000 0
2017.000000 0
2018.000000 0
2019.000000 0
2020.000000 0
2021.000000 0
2022.000000 0
2023.000000 0
2024.000000 0
2025.000000 0
2026.000000 0
2027.000000 0
2028.000000 0
2029.000000 0
2030.000000 0
2031.000000 0
2032.000000 0
2033.000000 0
2034.000000 0
2035.000000 0
2036.000000 0
2037.000000 0
2038.000000 0
2039.000000 0
2040.000000 0
2041.000000 0
2042.000000 0
2043.000000 0
2044.000000 0
2045.000000 0
2046.000000 0
2047.000000 0
2048.000000 0
2049.000000 0
2050.000000 0
2051.000000 0
2052.000000 0
2053.000000 0
2054.000000 0
2055.000000 0
2056.000000 0
2057.000000 0
2058.000000 0
2059.000000 0
2060.000000 0
2061.000000 0
2062.000000 0
2063.000000 0
2064.000000 0
2065.000000 0
2066.000000 0
2067.000000 0
2068.000000 0
2069.000000 0
2070.000000 0
2071.000000 0
2072.000000 0
2073.000000 0
2074.000000 0
2075.000000 0
2076.000000 0
2077.000000 0
2078.000000 0
2079.000000 0
2080.000000 0
2081.000000 0
2082.000000 0
2083.000000 0
2084.000000 0
2085.000000 0
2086.000000 0
2087.000000 0
2088.000000 0
2089.000000 0
2090.000000 0
2091.000000 0
2092.000000 0
2093.000000 0
2094.000000 0
2095.000000 0
2096.000000 0
2097.000000 0
2098.000000 0
2099.000000 0
2100.000000 0
2101.000000 0
2102.000000 0
2103.000000 0
2104.000000 0
2105.000000 0
2106.000000 0
2107.000000 0
2108.000000 0
2109.000000 0
2110.000000 0
2111.000000 0
2112.000000 0
2113.000000 0
2114.000000 0
2115.000000 0
2116.000000 0
2117.000000 0
2118.000000 0
2119.000000 0
2120.000000 0
2121.000000 0
2122.000000 0
2123.000000 0
2124.000000 0
2125.000000 0
2126.000000 0
2127.000000 0
2128.000000 0
2129.000000 0
2130.000000 0
2131.000000 0
2132.000000 0
2133.000000 0
2134.000000 0
2135.000000 0
2136.000000 0
2137.000000 0
2138.000000 0
2139.000000 0
2140.000000 0
2141.000000 0
2142.000000 0
2143.000000 0
2144.000000 0
2145.000000 0
2146.000000 0
2147.000000 0
2148.000000 0
2149.000000 0
2150.000000 0
2151.000000 0
2152.000000 0
2153.000000 0
2154.000000 0
2155.000000 0
2156.000000 0
2157.000000 0
2158.000000 0
2159.000000 0
2160.000000 0
2161.000000 0
2162.000000 0
2163.000000 0
2164.000000 0
2165.000000 0
2166.000000 0
2167.000000 0
2168.000000 0
2169.000000 0
2170.000000 0
2171.000000 0
2172.000000 0
2173.000000 0
2174.000000 0
2175.000000 0
2176.000000 0
2177.000000 0
2178.000000 0
2179.000000 0
2180.000000 0
2181.000000 0
2182.000000 0
2183.000000 0
2184.000000 0
2185.000000 0
2186.000000 0
2187.000000 0
2188.000000 0
2189.000000 0
2190.000000 0
2191.000000 0
2192.000000 0
2193.000000 0
2194.000000 0
2195.000000 0
2196.000000 0
2197.000000 0
2198.000000 0
2199.000000 0
2200.000000 0
2201.000000 0
2202.000000 0
2203.000000 0
2204.000000 0
2205.000000 0
2206.000000 0
2207.000000 0
2208.000000 0
2209.000000 2
2210.000000 2
2211.000000 2
2212.000000 2
2213.000000 2
2214.000000 2
2215.000000 2
2216.000000 2
2217.000000 2
2218.000000 2
2219.000000 2
2220.000000 2
2221.000000 2
2222.000000 2
2223.000000 2
2224.000000 2
2225.000000 2
2226.000000 2
2227.000000 2
2228.000000 2
2229.000000 2
2230.000000 2
2231.000000 2
2232.000000 2
2233.000000 2
2234.000000 2
2235.000000 2
2236.000000 2
2237.000000 2
2238.000000 2
2239.000000 2
2240.000000 2
2241.000000 2
2242.000000 2
2243.000000 2
2244.000000 2
2245.000000 2
2246.000000 2
2247.000000 2
2248.000000 2
2249.000000 2
2250.000000 2
2251.000000 2
2252.000000 2
2253.000000 2
2254.000000 2
2255.000000 2
2256.000000 2
2257.000000 2
2258.000000 2
2259.000000 2
2260.000000 2
2261.000000 2
2262.000000 2
2263.000000 2
2264.000000 2
2265.000000 2
2266.000000 2
2267.000000 2
2268.000000 2
2269.000000 2
2270.000000 2
2271.000000 2
2272.000000 2
2273.000000 2
2274.000000 2
2275.000000 2
2276.000000 2
2277.000000 2
2278.000000 2
2279.000000 2
2280.000000 2
2281.000000 2
2282.000000 2
2283.000000 2
2284.000000 2
2285.000000 2
2286.000000 2
2287.000000 2
2288.000000 2
2289.000000 2
2290.000000 2
2291.000000 2
2292.000000 2
2293.000000 2
2294.000000 2
2295.000000 2
2296.000000 2
2297.000000 2
2298.000000 2
2299.000000 2
2300.000000 2
2301.000000 2
2302.000000 2
2303.000000 2
2304.000000 2
2305.000000 2
2306.000000 2
2307.000000 2
2308.000000 2
2309.000000 2
2310.000000 2
2311.000000 2
2312.000000 2
2313.000000 2
2314.000000 2
2315.000000 2
2316.000000 2
2317.000000 2
2318.000000 2
2319.000000 2
2320.000000 2
2321.000000 2
2322.000000 2
2323.000000 2
2324.000000 2
2325.000000 2
2326.000000 2
2327.000000 2
2328.000000 2
2329.000000 2
2330.000000 2
2331.000000 2
2332.000000 2
2333.000000 2
2334.000000 2
2335.000000 2
2336.000000 2
2337.000000 2
2338.000000 2
2339.000000 2
2340.000000 2
2341.000000 2
2342.000000 2
2343.000000 2
2344.000000 2
2345.000000 2
2346.000000 2
2347.000000 2
2348.000000 2
2349.000000 2
2350.000000 2
2351.000000 2
2352.000000 2
2353.000000 2
2354.000000 2
2355.000000 2
2356.000000 2
2357.000000 2
2358.000000 2
2359.000000 2
2360.000000 2
2361.000000 2
2362.000000 2
2363.000000 2
2364.000000 2
2365.000000 2
2366.000000 2
2367.000000 2
2368.000000 2
2369.000000 2
2370.000000 2
2371.000000 2
2372.000000 2
2373.000000 2
2374.000000 2
2375.000000 2
2376.000000 2
2377.000000 2
2378.000000 2
2379.000000 2
2380.000000 2
2381.000000 2
2382.000000 2
2383.000000 2
2384.000000 2
2385.000000 2
2386.000000 2
2387.000000 2
2388.000000 2
2389.000000 2
2390.000000 2
2391.000000 2
2392.000000 2
2393.000000 2
2394.000000 2
2395.000000 2
2396.000000 2
2397.000000 2
2398.000000 2
2399.000000 -2
2400.000000 -2
2401.000000 -2
2402.000000 -2
2403.000000 -2
2404.000000 -2
2405.000000 -2
2406.000000 -2
2407.000000 -2
2408.000000 -2
2409.000000 -2
2410.000000 -2
2411.000000 -2
2412.000000 -2
2413.000000 -2
2414.000000 -2
2415.000000 -2
2416.000000 -2
2417.000000 -2
2418.000000 -2
2419.000000 -2
2420.000000 -2
2421.000000 -2
2422.000000 -2
2423.000000 -2
2424.000000 -2
2425.000000 -2
2426.000000 -2
2427.000000 -2
2428.000000 -2
2429.000000 -2
2430.000000 -2
2431.000000 -2
2432.000000 -2
2433.000000 -2
2434.000000 -2
2435.000000 -2
2436.000000 -2
2437.000000 -2
2438.000000 -2
2439.000000 -2
2440.000000 -2
2441.000000 -2
2442.000000 -2
2443.000000 -2
2444.000000 -2
2445.000000 -2
2446.000000 -2
2447.000000 -2
2448.000000 -2
2449.000000 -2
2450.000000 -2
2451.000000 -2
2452.000000 -2
2453.000000 -2
2454.000000 -2
2455.000000 -2
2456.000000 -2
2457.000000 -2
2458.000000 -2
2459.000000 -2
2460.000000 -2
2461.000000 -2
2462.000000 -2
2463.000000 -2
2464.000000 -2
2465.000000 -2
2466.000000 -2
2467.000000 -2
2468.000000 -2
2469.000000 -2
2470.000000 -2
2471.000000 -2
2472.000000 -2
2473.000000 -2
2474.000000 -2
2475.000000 -2
2476.000000 -2
2477.000000 -2
2478.000000 -2
2479.000000 -2
2480.000000 -2
2481.000000 -2
2482.000000 -2
2483.000000 -2
2484.000000 -2
2485.000000 -2
2486.000000 -2
2487.000000 -2
2488.000000 -2
2489.000000 -2
2490.000000 -2
2491.000000 -2
2492.000000 -2
2493.000000 -2
2494.000000 -2
2495.000000 -2
2496.000000 -2
2497.000000 -2
2498.000000 -2
2499.000000 -2
2500.000000 -2
2501.000000 -2
2502.000000 -2
2503.000000 -2
2504.000000 -2
2505.000000 -2
2506.000000 -2
2507.000000 -2
2508.000000 -2
2509.000000 -2
2510.000000 -2
2511.000000 -2
2512.000000 -2
2513.000000 -2
2514.000000 -2
2515.000000 -2
2516.000000 -2
2517.000000 -2
2518.000000 -2
2519.000000 -2
2520.000000 -2
2521.000000 -2
2522.000000 -2
2523.000000 -2
2524.000000 -2
2525.000000 -2
2526.000000 -2
2527.000000 -2
2528.000000 -2
2529.000000 -2
2530.000000 -2
2531.000000 -2
2532.000000 -2
2533.000000 -2
2534.000000 -2
2535.000000 -2
2536.000000 -2
2537.000000 -2
2538.000000 -2
2539.000000 -2
2540.000000 -2
2541.000000 -2
2542.000000 -2
2543.000000 -2
2544.000000 -2
2545.000000 -2
2546.000000 -2
2547.000000 -2
2548.000000 -2
2549.000000 -2
2550.000000 -2
2551.000000 -2
2552.000000 -2
2553.000000 -2
2554.000000 -2
2555.000000 -2
2556.000000 -2
2557.000000 -2
2558.000000 -2
2559.000000 -2
2560.000000 -2
2561.000000 -2
2562.000000 -2
2563.000000 -2
2564.000000 -2
2565.000000 -2
2566.000000 -2
2567.000000 -2
2568.000000 -2
2569.000000 -2
2570.000000 -2
2571.000000 -2
2572.000000 -2
2573.000000 -2
2574.000000 -2
2575.000000 -2
2576.000000 -2
2577.000000 -2
2578.000000 -2
2579.000000 -2
2580.000000 -2
2581.000000 -2
2582.000000 -2
2583.000000 -2
2584.000000 -2
2585.000000 -2
2586.000000 -2
2587.000000 -2
2588.000000 -2
2589.000000 -2
2590.000000 -2
2591.000000 -2
2592.000000 -2
2593.000000 -2
2594.000000 -2
2595.000000 -2
2596.000000 -2
2597.000000 -2
2598.000000 -2
2599.000000 -2
2600.000000 -2
2601.000000 -2
2602.000000 -2
2603.000000 -2
2604.000000 -2
2605.000000 -2
2606.000000 -2
2607.000000 -2
2608.000000 -2
2609.000000 -2
2610.000000 -2
2611.000000 -2
2612.000000 -2
2613.000000 -2
2614.000000 -2
2615.000000 -2
2616.000000 -2
2617.000000 -2
2618.000000 -2
2619.000000 -2
2620.000000 -2
2621.000000 -2
2622.000000 -2
2623.000000 -2
2624.000000 -2
2625.000000 -2
2626.000000 -2
2627.000000 -2
2628.000000 -2
2629.000000 -2
2630.000000 -2
2631.000000 -2
2632.000000 -2
2633.000000 -2
2634.000000 -2
2635.000000 -2
2636.000000 -2
2637.000000 -2
2638.000000 -2
2639.000000 -2
2640.000000 -2
2641.000000 -2
2642.000000 -2
2643.000000 -2
2644.000000 -2
2645.000000 -2
2646.000000 -2
2647.000000 -2
2648.000000 -2
2649.000000 -2
2650.000000 -2
2651.000000 -2
2652.000000 -2
2653.000000 -2
2654.000000 -2
2655.000000 -2
2656.000000 -2
2657.000000 -2
2658.000000 -2
2659.000000 -2
2660.000000 -2
2661.000000 -2
2662.000000 -2
2663.000000 -2
2664.000000 -2
2665.000000 -2
2666.000000 -2
2667.000000 -2
2668.000000 -2
2669.000000 -2
2670.000000 -2
2671.000000 -2
2672.000000 -2
2673.000000 -2
2674.000000 -2
2675.000000 -2
2676.000000 -2
2677.000000 -2
2678.000000 -2
2679.000000 -2
2680.000000 -2
2681.000000 -2
2682.000000 -2
2683.000000 -2
2684.000000 -2
2685.000000 -2
2686.000000 -2
2687.000000 -2
2688.000000 -2
2689.000000 -2
2690.000000 -2
2691.000000 -2
2692.000000 -2
2693.000000 -2
2694.000000 -2
2695.000000 -2
2696.000000 -2
2697.000000 -2
2698.000000 -2
2699.000000 1.5
2700.000000 1.5
2701.000000 1.5
2702.000000 1.5
2703.000000 1.5
2704.000000 1.5
2705.000000 1.5
2706.000000 1.5
2707.000000 1.5
2708.000000 1.5
2709.000000 1.5
2710.000000 1.5
2711.000000 1.5
2712.000000 1.5
2713.000000 1.5
2714.000000 1.5
2715.000000 1.5
2716.000000 1.5
2717.000000 1.5
2718.000000 1.5
2719.000000 1.5
2720.000000 1.5
2721.000000 1.5
2722.000000 1.5
2723.000000 1.5
2724.000000 1.5
2725.000000 1.5
2726.000000 1.5
2727.000000 1.5
2728.000000 1.5
2729.000000 1.5
2730.000000 1.5
2731.000000 1.5
2732.000000 1.5
2733.000000 1.5
2734.000000 1.5
2735.000000 1.5
2736.000000 1.5
2737.000000 1.5
2738.000000 1.5
2739.000000 1.5
2740.000000 1.5
2741.000000 1.5
2742.000000 1.5
2743.000000 1.5
2744.000000 1.5
2745.000000 1.5
2746.000000 1.5
2747.000000 1.5
2748.000000 1.5
2749.000000 1.5
2750.000000 1.5
2751.000000 1.5
2752.000000 1.5
2753.000000 1.5
2754.000000 1.5
2755.000000 1.5
2756.000000 1.5
2757.000000 1.5
2758.000000 1.5
2759.000000 1.5
2760.000000 1.5
2761.000000 1.5
2762.000000 1.5
2763.000000 1.5
2764.000000 1.5
2765.000000 1.5
2766.000000 1.5
2767.000000 1.5
2768.000000 1.5
2769.000000 1.5
2770.000000 1.5
2771.000000 1.5
2772.000000 1.5
2773.000000 1.5
2774.000000 1.5
2775.000000 1.5
2776.000000 1.5
2777.000000 1.5
2778.000000 1.5
2779.000000 1.5
2780.000000 1.5
2781.000000 1.5
2782.000000 1.5
2783.000000 1.5
2784.000000 1.5
2785.000000 1.5
2786.000000 1.5
2787.000000 1.5
2788.000000 1.5
2789.000000 1.5
2790.000000 1.5
2791.000000 1.5
2792.000000 1.5
2793.000000 1.5
2794.000000 1.5
2795.000000 1.5
2796.000000 1.5
2797.000000 1.5
2798.000000 1.5
2799.000000 1.5
2800.000000 1.5
2801.000000 1.5
2802.000000 1.5
2803.000000 1.5
2804.000000 1.5
2805.000000 1.5
2806.000000 1.5
2807.000000 1.5
2808.000000 1.5
2809.000000 1.5
2810.000000 1.5
2811.000000 1.5
2812.000000 1.5
2813.000000 1.5
2814.000000 1.5
2815.000000 1.5
2816.000000 1.5
2817.000000 1.5
2818.000000 1.5
2819.000000 1.5
2820.000000 1.5
2821.000000 1.5
2822.000000 1.5
2823.000000 1.5
2824.000000 1.5
2825.000000 1.5
2826.000000 1.5
2827.000000 1.5
2828.000000 1.5
2829.000000 1.5
2830.000000 1.5
2831.000000 1.5
2832.000000 1.5
2833.000000 1.5
2834.000000 1.5
2835.000000 1.5
2836.000000 1.5
2837.000000 1.5
2838.000000 1.5
2839.000000 1.5
2840.000000 1.5
2841.000000 1.5
2842.000000 1.5
2843.000000 1.5
2844.000000 1.5
2845.000000 1.5
2846.000000 1.5
2847.000000 1.5
2848.000000 1.5
2849.000000 1.5
2850.000000 1.5
2851.000000 1.5
2852.000000 1.5
2853.000000 1.5
2854.000000 1.5
2855.000000 1.5
2856.000000 1.5
2857.000000 1.5
2858.000000 1.5
2859.000000 1.5
2860.000000 1.5
2861.000000 1.5
2862.000000 1.5
2863.000000 1.5
2864.000000 1.5
2865.000000 1.5
2866.000000 1.5
2867.000000 1.5
2868.000000 1.5
2869.000000 1.5
2870.000000 1.5
2871.000000 1.5
2872.000000 1.5
2873.000000 1.5
2874.000000 1.5
2875.000000 1.5
2876.000000 1.5
2877.000000 1.5
2878.000000 1.5
2879.000000 1.5
2880.000000 1.5
2881.000000 1.5
2882.000000 1.5
2883.000000 1.5
2884.000000 1.5
2885.000000 1.5
2886.000000 1.5
2887.000000 1.5
2888.000000 1.5
2889.000000 1.5
2890.000000 1.5
2891.000000 1.5
2892.000000 1.5
2893.000000 1.5
2894.000000 1.5
2895.000000 1.5
2896.000000 1.5
2897.000000 1.5
2898.000000 1.5
2899.000000 1.5
2900.000000 1.5
2901.000000 1.5
2902.000000 1.5
2903.000000 1.5
2904.000000 1.5
2905.000000 1.5
2906.000000 1.5
2907.000000 1.5
2908.000000 1.5
2909.000000 1.5
2910.000000 1.5
2911.000000 1.5
2912.000000 1.5
2913.000000 1.5
2914.000000 1.5
2915.000000 1.5
2916.000000 1.5
2917.000000 1.5
2918.000000 1.5
2919.000000 1.5
2920.000000 1.5
2921.000000 1.5
2922.000000 1.5
2923.000000 1.5
2924.000000 1.5
2925.000000 1.5
2926.000000 1.5
2927.000000 1.5
2928.000000 1.5
2929.000000 1.5
2930.000000 1.5
2931.000000 1.5
2932.000000 1.5
2933.000000 1.5
2934.000000 1.5
2935.000000 1.5
2936.000000 1.5
2937.000000 1.5
2938.000000 1.5
2939.000000 1.5
2940.000000 1.5
2941.000000 1.5
2942.000000 1.5
2943.000000 1.5
2944.000000 1.5
2945.000000 1.5
2946.000000 1.5
2947.000000 1.5
2948.000000 1.5
2949.000000 1.5
2950.000000 1.5
2951.000000 1.5
2952.000000 1.5
2953.000000 1.5
2954.000000 1.5
2955.000000 1.5
2956.000000 1.5
2957.000000 1.5
2958.000000 1.5
2959.000000 1.5
2960.000000 1.5
2961.000000 1.5
2962.000000 1.5
2963.000000 1.5
2964.000000 1.5
2965.000000 1.5
2966.000000 1.5
2967.000000 1.5
2968.000000 1.5
2969.000000 1.5
2970.000000 1.5
2971.000000 1.5
2972.000000 1.5
2973.000000 1.5
2974.000000 1.5
2975.000000 1.5
2976.000000 1.5
2977.000000 1.5
2978.000000 1.5
2979.000000 1.5
2980.000000 1.5
2981.000000 1.5
2982.000000 1.5
2983.000000 1.5
2984.000000 1.5
2985.000000 1.5
2986.000000 1.5
2987.000000 1.5
2988.000000 1.5
2989.000000 1.5
2990.000000 1.5
2991.000000 1.5
2992.000000 1.5
2993.000000 1.5
2994.000000 1.5
2995.000000 1.5
2996.000000 1.5
2997.000000 1.5
2998.000000 1.5
2999.000000 0
3000.000000 0
3001.000000 0
3002.000000 0
3003.000000 0
3004.000000 0
3005.000000 0
3006.000000 0
3007.000000 0
3008.000000 0
3009.000000 0
3010.000000 0
3011.000000 0
3012.000000 0
3013.000000 0
3014.000000 0
3015.000000 0
3016.000000 0
3017.000000 0
3018.000000 0
3019.000000 0
3020.000000 0
3021.000000 0
3022.000000 0
3023.000000 0
3024.000000 0
3025.000000 0
3026.000000 0
3027.000000 0
3028.000000 0
3029.000000 0
3030.000000 0
3031.000000 0
3032.000000 0
3033.000000 0
3034.000000 0
3035.000000 0
3036.000000 0
3037.000000 0
3038.000000 0
3039.000000 0
3040.000000 0
3041.000000 0
3042.000000 0
3043.000000 0
3044.000000 0
3045.000000 0
3046.000000 0
3047.000000 0
3048.000000 0
3049.000000 0
3050.000000 0
3051.000000 0
3052.000000 0
3053.000000 0
3054.000000 0
3055.000000 0
3056.000000 0
3057.000000 0
3058.000000 0
3059.000000 0
3060.000000 0
3061.000000 0
3062.000000 0
3063.000000 0
3064.000000 0
3065.000000 0
3066.000000 0
3067.000000 0
3068.000000 0
3069.000000 0
3070.000000 0
3071.000000 0
3072.000000 0
3073.000000 0
3074.000000 0
3075.000000 0
3076.000000 0
3077.000000 0
3078.000000 0
3079.000000 0
3080.000000 0
3081.000000 0
3082.000000 0
3083.000000 0
3084.000000 0
3085.000000 0
3086.000000 0
3087.000000 0
3088.000000 0
3089.000000 0
3090.000000 0
3091.000000 0
3092.000000 0
3093.000000 0
3094.000000 0
3095.000000 0
3096.000000 0
3097.000000 0
3098.000000 0
3099.000000 0
3100.000000 0
3101.000000 0
3102.000000 0
3103.000000 0
3104.000000 0
3105.000000 0
3106.000000 0
3107.000000 0
3108.000000 0
3109.000000 0
3110.000000 0
3111.000000 0
3112.000000 0
3113.000000 0
3114.000000 0
3115.000000 0
3116.000000 0
3117.000000 0
3118.000000 0
3119.000000 0
3120.000000 0
3121.000000 0
3122.000000 0
3123.000000 0
3124.000000 0
3125.000000 0
3126.000000 0
3127.000000 0
3128.000000 0
3129.000000 0
3130.000000 0
3131.000000 0
3132.000000 0
3133.000000 0
3134.000000 0
3135.000000 0
3136.000000 0
3137.000000 0
3138.000000 0
3139.000000 0
3140.000000 0
3141.000000 0
3142.000000 0
3143.000000 0
3144.000000 0
3145.000000 0
3146.000000 0
3147.000000 0
3148.000000 0
3149.000000 0
3150.000000 0
3151.000000 0
3152.000000 0
3153.000000 0
3154.000000 0
3155.000000 0
3156.000000 0
3157.000000 0
3158.000000 0
3159.000000 0
3160.000000 0
3161.000000 0
3162.000000 0
3163.000000 0
3164.000000 0
3165.000000 0
3166.000000 0
3167.000000 0
3168.000000 0
3169.000000 0
3170.000000 0
3171.000000 0
3172.000000 0
3173.000000 0
3174.000000 0
3175.000000 0
3176.000000 0
3177.000000 0
3178.000000 0
3179.000000 0
3180.000000 0
3181.000000 0
3182.000000 0
3183.000000 0
3184.000000 0
3185.000000 0
3186.000000 0
3187.000000 0
3188.000000 0
3189.000000 0
3190.000000 0
3191.000000 0
3192.000000 0
3193.000000 0
3194.000000 0
3195.000000 0
3196.000000 0
3197.000000 0
3198.000000 0
3199.000000 0
3200.000000 0
3201.000000 0
3202.000000 0
3203.000000 0
3204.000000 0
3205.000000 0
3206.000000 0
3207.000000 0
3208.000000 0
3209.000000 0
3210.000000 0
3211.000000 0
3212.000000 0
3213.000000 0
3214.000000 0
3215.000000 0
3216.000000 0
3217.000000 0
3218.000000 0
3219.000000 0
3220.000000 0
3221.000000 0
3222.000000 0
3223.000000 0
3224.000000 0
3225.000000 0
3226.000000 0
3227.000000 0
3228.000000 0
3229.000000 0
3230.000000 0
3231.000000 0
3232.000000 0
3233.000000 0
3234.000000 0
3235.000000 0
3236.000000 0
3237.000000 0
3238.000000 0
3239.000000 0
3240.000000 0
3241.000000 0
3242.000000 0
3243.000000 0
3244.000000 0
3245.000000 0
3246.000000 0
3247.000000 0
3248.000000 0
3249.000000 0
3250.000000 0
3251.000000 0
3252.000000 0
3253.000000 0
3254.000000 0
3255.000000 0
3256.000000 0
3257.000000 0
3258.000000 0
3259.000000 0
3260.000000 0
3261.000000 0
3262.000000 0
3263.000000 0
3264.000000 0
3265.000000 0
3266.000000 0
3267.000000 0
3268.000000 0
3269.000000 0
3270.000000 0
3271.000000 0
3272.000000 0
3273.000000 0
3274.000000 0
3275.000000 0
3276.000000 0
3277.000000 0
3278.000000 0
3279.000000 0
3280.000000 0
3281.000000 0
3282.000000 0
3283.000000 0
3284.000000 0
3285.000000 0
3286.000000 0
3287.000000 0
3288.000000 0
3289.000000 0
3290.000000 0
3291.000000 0
3292.000000 0
3293.000000 0
3294.000000 0
3295.000000 0
3296.000000 0
3297.000000 0
3298.000000 0
3299.000000 0
