1.000000 32
2.000000 32
3.000000 32
4.000000 32
5.000000 32
6.000000 32
7.000000 32
8.000000 32
9.000000 32
10.000000 32
11.000000 32
12.000000 32
13.000000 32
14.000000 32
15.000000 32
16.000000 32
17.000000 32
18.000000 32
19.000000 32
20.000000 32
21.000000 35
22.000000 35
23.000000 35
24.000000 35
25.000000 35
26.000000 35
27.000000 35
28.000000 35
29.000000 35
30.000000 35
31.000000 35
32.000000 35
33.000000 35
34.000000 35
35.000000 35
36.000000 35
37.000000 35
38.000000 35
39.000000 35
40.000000 35
41.000000 35
42.000000 35
43.000000 35
44.000000 35
45.000000 35
46.000000 35
47.000000 35
48.000000 35
49.000000 35
50.000000 35
51.000000 35
52.000000 35
53.000000 35
54.000000 35
55.000000 35
56.000000 35
57.000000 35
58.000000 35
59.000000 35
60.000000 35
61.000000 35
62.000000 35
63.000000 35
64.000000 35
65.000000 35
66.000000 35
67.000000 35
68.000000 35
69.000000 35
70.000000 35
71.000000 35
72.000000 35
73.000000 35
74.000000 35
75.000000 35
76.000000 35
77.000000 35
78.000000 35
79.000000 35
80.000000 35
81.000000 35
82.000000 35
83.000000 35
84.000000 35
85.000000 35
86.000000 35
87.000000 35
88.000000 35
89.000000 35
90.000000 35
91.000000 35
92.000000 35
93.000000 35
94.000000 35
95.000000 35
96.000000 35
97.000000 35
98.000000 35
99.000000 35
100.000000 35
101.000000 35
102.000000 35
103.000000 35
104.000000 35
105.000000 35
106.000000 35
107.000000 35
108.000000 35
109.000000 35
110.000000 35
111.000000 35
112.000000 35
113.000000 35
114.000000 35
115.000000 35
116.000000 35
117.000000 35
118.000000 35
119.000000 35
120.000000 35
121.000000 35
122.000000 35
123.000000 35
124.000000 35
125.000000 35
126.000000 35
127.000000 35
128.000000 35
129.000000 35
130.000000 35
131.000000 35
132.000000 35
133.000000 35
134.000000 35
135.000000 35
136.000000 35
137.000000 35
138.000000 35
139.000000 35
140.000000 35
141.000000 35
142.000000 35
143.000000 35
144.000000 35
145.000000 35
146.000000 35
147.000000 35
148.000000 35
149.000000 35
150.000000 35
151.000000 35
152.000000 35
153.000000 35
154.000000 35
155.000000 35
156.000000 35
157.000000 35
158.000000 35
159.000000 35
160.000000 35
161.000000 35
162.000000 35
163.000000 35
164.000000 35
165.000000 35
166.000000 35
167.000000 35
168.000000 35
169.000000 35
170.000000 35
171.000000 35
172.000000 35
173.000000 35
174.000000 35
175.000000 35
176.000000 35
177.000000 35
178.000000 35
179.000000 35
180.000000 35
181.000000 35
182.000000 35
183.000000 35
184.000000 35
185.000000 35
186.000000 35
187.000000 35
188.000000 35
189.000000 35
190.000000 35
191.000000 35
192.000000 35
193.000000 35
194.000000 35
195.000000 35
196.000000 35
197.000000 35
198.000000 35
199.000000 35
200.000000 35
201.000000 35
202.000000 35
203.000000 35
204.000000 35
205.000000 35
206.000000 35
207.000000 35
208.000000 35
209.000000 35
210.000000 35
211.000000 35
212.000000 35
213.000000 35
214.000000 35
215.000000 35
216.000000 35
217.000000 35
218.000000 35
219.000000 35
220.000000 35
221.000000 35
222.000000 35
223.000000 35
224.000000 35
225.000000 35
226.000000 35
227.000000 35
228.000000 35
229.000000 35
230.000000 35
231.000000 35
232.000000 35
233.000000 35
234.000000 35
235.000000 35
236.000000 35
237.000000 35
238.000000 35
239.000000 35
240.000000 35
241.000000 35
242.000000 35
243.000000 35
244.000000 35
245.000000 35
246.000000 35
247.000000 35
248.000000 35
249.000000 35
250.000000 35
251.000000 35
252.000000 35
253.000000 35
254.000000 35
255.000000 35
256.000000 35
257.000000 35
258.000000 35
259.000000 35
260.000000 35
261.000000 35
262.000000 35
263.000000 35
264.000000 35
265.000000 35
266.000000 35
267.000000 35
268.000000 35
269.000000 35
270.000000 35
271.000000 35
272.000000 35
273.000000 35
274.000000 35
275.000000 35
276.000000 35
277.000000 35
278.000000 35
279.000000 35
280.000000 35
281.000000 35
282.000000 35
283.000000 35
284.000000 35
285.000000 35
286.000000 35
287.000000 35
288.000000 35
289.000000 35
290.000000 35
291.000000 35
292.000000 35
293.000000 35
294.000000 35
295.000000 35
296.000000 35
297.000000 35
298.000000 35
299.000000 35
300.000000 35
301.000000 35
302.000000 35
303.000000 35
304.000000 35
305.000000 35
306.000000 35
307.000000 35
308.000000 35
309.000000 35
310.000000 35
311.000000 35
312.000000 35
313.000000 35
314.000000 35
315.000000 35
316.000000 35
317.000000 35
318.000000 35
319.000000 35
320.000000 35
321.000000 35
322.000000 35
323.000000 35
324.000000 35
325.000000 35
326.000000 35
327.000000 35
328.000000 35
329.000000 35
330.000000 35
331.000000 35
332.000000 35
333.000000 35
334.000000 35
335.000000 35
336.000000 35
337.000000 35
338.000000 35
339.000000 35
340.000000 35
341.000000 35
342.000000 35
343.000000 35
344.000000 35
345.000000 35
346.000000 35
347.000000 35
348.000000 35
349.000000 35
350.000000 35
351.000000 35
352.000000 35
353.000000 35
354.000000 35
355.000000 35
356.000000 35
357.000000 35
358.000000 35
359.000000 35
360.000000 35
361.000000 35
362.000000 35
363.000000 35
364.000000 35
365.000000 35
366.000000 35
367.000000 35
368.000000 35
369.000000 35
370.000000 35
371.000000 35
372.000000 35
373.000000 35
374.000000 35
375.000000 35
376.000000 35
377.000000 35
378.000000 35
379.000000 35
380.000000 35
381.000000 35
382.000000 35
383.000000 35
384.000000 35
385.000000 35
386.000000 35
387.000000 35
388.000000 35
389.000000 35
390.000000 35
391.000000 35
392.000000 35
393.000000 35
394.000000 35
395.000000 35
396.000000 35
397.000000 35
398.000000 35
399.000000 35
400.000000 35
401.000000 35
402.000000 35
403.000000 35
404.000000 35
405.000000 35
406.000000 35
407.000000 35
408.000000 35
409.000000 35
410.000000 35
411.000000 35
412.000000 35
413.000000 35
414.000000 35
415.000000 35
416.000000 35
417.000000 35
418.000000 35
419.000000 35
420.000000 35
421.000000 35
422.000000 35
423.000000 35
424.000000 35
425.000000 35
426.000000 35
427.000000 35
428.000000 35
429.000000 35
430.000000 35
431.000000 35
432.000000 35
433.000000 35
434.000000 35
435.000000 35
436.000000 35
437.000000 35
438.000000 35
439.000000 35
440.000000 35
441.000000 35
442.000000 35
443.000000 35
444.000000 35
445.000000 35
446.000000 35
447.000000 35
448.000000 35
449.000000 35
450.000000 35
451.000000 35
452.000000 35
453.000000 35
454.000000 35
455.000000 35
456.000000 35
457.000000 35
458.000000 35
459.000000 35
460.000000 35
461.000000 35
462.000000 35
463.000000 35
464.000000 35
465.000000 35
466.000000 35
467.000000 35
468.000000 35
469.000000 35
470.000000 35
471.000000 35
472.000000 35
473.000000 35
474.000000 35
475.000000 35
476.000000 35
477.000000 35
478.000000 35
479.000000 35
480.000000 35
481.000000 35
482.000000 35
483.000000 35
484.000000 35
485.000000 35
486.000000 35
487.000000 35
488.000000 35
489.000000 35
490.000000 35
491.000000 35
492.000000 35
493.000000 35
494.000000 35
495.000000 35
496.000000 35
497.000000 35
498.000000 35
499.000000 35
500.000000 35
501.000000 35
502.000000 35
503.000000 35
504.000000 35
505.000000 35
506.000000 35
507.000000 35
508.000000 35
509.000000 35
510.000000 35
511.000000 35
512.000000 35
513.000000 35
514.000000 35
515.000000 35
516.000000 35
517.000000 35
518.000000 35
519.000000 35
520.000000 35
521.000000 35
522.000000 35
523.000000 35
524.000000 35
525.000000 35
526.000000 35
527.000000 35
528.000000 35
529.000000 35
530.000000 35
531.000000 35
532.000000 35
533.000000 35
534.000000 35
535.000000 35
536.000000 35
537.000000 35
538.000000 35
539.000000 35
540.000000 35
541.000000 35
542.000000 35
543.000000 35
544.000000 35
545.000000 35
546.000000 35
547.000000 35
548.000000 35
549.000000 35
550.000000 35
551.000000 35
552.000000 35
553.000000 35
554.000000 35
555.000000 35
556.000000 35
557.000000 35
558.000000 35
559.000000 35
560.000000 35
561.000000 35
562.000000 35
563.000000 35
564.000000 35
565.000000 35
566.000000 35
567.000000 35
568.000000 35
569.000000 35
570.000000 35
571.000000 35
572.000000 35
573.000000 35
574.000000 35
575.000000 35
576.000000 35
577.000000 35
578.000000 35
579.000000 35
580.000000 35
581.000000 35
582.000000 35
583.000000 35
584.000000 35
585.000000 35
586.000000 35
587.000000 35
588.000000 35
589.000000 35
590.000000 35
591.000000 35
592.000000 35
593.000000 35
594.000000 35
595.000000 35
596.000000 35
597.000000 35
598.000000 35
599.000000 35
600.000000 35
