1.000000 36
2.000000 36
3.000000 36
4.000000 36
5.000000 36
6.000000 36
7.000000 36
8.000000 36
9.000000 36
10.000000 36
11.000000 36
12.000000 36
13.000000 36
14.000000 36
15.000000 36
16.000000 36
17.000000 36
18.000000 36
19.000000 36
20.000000 36
21.000000 36
22.000000 36
23.000000 36
24.000000 36
25.000000 36
26.000000 36
27.000000 36
28.000000 36
29.000000 36
30.000000 36
31.000000 36
32.000000 36
33.000000 36
34.000000 36
35.000000 36
36.000000 36
37.000000 36
38.000000 36
39.000000 36
40.000000 36
41.000000 36
42.000000 36
43.000000 36
44.000000 36
45.000000 36
46.000000 36
47.000000 36
48.000000 36
49.000000 36
50.000000 36
51.000000 36
52.000000 36
53.000000 36
54.000000 36
55.000000 36
56.000000 36
57.000000 36
58.000000 36
59.000000 36
60.000000 36
61.000000 36
62.000000 36
63.000000 36
64.000000 36
65.000000 36
66.000000 36
67.000000 36
68.000000 36
69.000000 36
70.000000 36
71.000000 36
72.000000 36
73.000000 36
74.000000 36
75.000000 36
76.000000 36
77.000000 36
78.000000 36
79.000000 36
80.000000 36
81.000000 36
82.000000 36
83.000000 36
84.000000 36
85.000000 36
86.000000 36
87.000000 36
88.000000 36
89.000000 36
90.000000 36
91.000000 36
92.000000 36
93.000000 36
94.000000 36
95.000000 36
96.000000 36
97.000000 36
98.000000 36
99.000000 36
100.000000 36
101.000000 36
102.000000 36
103.000000 36
104.000000 36
105.000000 36
106.000000 36
107.000000 36
108.000000 36
109.000000 36
110.000000 36
111.000000 36
112.000000 36
113.000000 36
114.000000 36
115.000000 36
116.000000 36
117.000000 36
118.000000 36
119.000000 36
120.000000 36
121.000000 36
122.000000 36
123.000000 36
124.000000 36
125.000000 36
126.000000 36
127.000000 36
128.000000 36
129.000000 36
130.000000 36
131.000000 36
132.000000 36
133.000000 36
134.000000 36
135.000000 36
136.000000 36
137.000000 36
138.000000 36
139.000000 36
140.000000 36
141.000000 36
142.000000 36
143.000000 36
144.000000 36
145.000000 36
146.000000 36
147.000000 36
148.000000 36
149.000000 36
150.000000 36
151.000000 36
152.000000 36
153.000000 36
154.000000 36
155.000000 36
156.000000 36
157.000000 36
158.000000 36
159.000000 36
160.000000 36
161.000000 36
162.000000 36
163.000000 36
164.000000 36
165.000000 36
166.000000 36
167.000000 36
168.000000 36
169.000000 36
170.000000 36
171.000000 36
172.000000 36
173.000000 36
174.000000 36
175.000000 36
176.000000 36
177.000000 36
178.000000 36
179.000000 36
180.000000 36
181.000000 36
182.000000 36
183.000000 36
184.000000 36
185.000000 36
186.000000 36
187.000000 36
188.000000 36
189.000000 36
190.000000 36
191.000000 36
192.000000 36
193.000000 36
194.000000 36
195.000000 36
196.000000 36
197.000000 36
198.000000 36
199.000000 36
200.000000 36
201.000000 36
202.000000 36
203.000000 36
204.000000 36
205.000000 36
206.000000 36
207.000000 36
208.000000 36
209.000000 36
210.000000 36
211.000000 36
212.000000 36
213.000000 36
214.000000 36
215.000000 36
216.000000 36
217.000000 36
218.000000 36
219.000000 36
220.000000 36
221.000000 36
222.000000 36
223.000000 36
224.000000 36
225.000000 36
226.000000 36
227.000000 36
228.000000 36
229.000000 36
230.000000 36
231.000000 36
232.000000 36
233.000000 36
234.000000 36
235.000000 36
236.000000 36
237.000000 36
238.000000 36
239.000000 36
240.000000 36
241.000000 36
242.000000 36
243.000000 36
244.000000 36
245.000000 36
246.000000 36
247.000000 36
248.000000 36
249.000000 36
250.000000 36
251.000000 36
252.000000 36
253.000000 36
254.000000 36
255.000000 36
256.000000 36
257.000000 36
258.000000 36
259.000000 36
260.000000 36
261.000000 36
262.000000 36
263.000000 36
264.000000 36
265.000000 36
266.000000 36
267.000000 36
268.000000 36
269.000000 36
270.000000 36
271.000000 36
272.000000 36
273.000000 36
274.000000 36
275.000000 36
276.000000 36
277.000000 36
278.000000 36
279.000000 36
280.000000 36
281.000000 36
282.000000 36
283.000000 36
284.000000 36
285.000000 36
286.000000 36
287.000000 36
288.000000 36
289.000000 36
290.000000 36
291.000000 36
292.000000 36
293.000000 36
294.000000 36
295.000000 36
296.000000 36
297.000000 36
298.000000 36
299.000000 36
300.000000 36
301.000000 36
302.000000 36
303.000000 36
304.000000 36
305.000000 36
306.000000 36
307.000000 36
308.000000 36
309.000000 36
310.000000 36
311.000000 36
312.000000 36
313.000000 36
314.000000 36
315.000000 36
316.000000 36
317.000000 36
318.000000 36
319.000000 36
320.000000 36
321.000000 36
322.000000 36
323.000000 36
324.000000 36
325.000000 36
326.000000 36
327.000000 36
328.000000 36
329.000000 36
330.000000 36
331.000000 36
332.000000 36
333.000000 36
334.000000 36
335.000000 36
336.000000 36
337.000000 36
338.000000 36
339.000000 36
340.000000 36
341.000000 36
342.000000 36
343.000000 36
344.000000 36
345.000000 36
346.000000 36
347.000000 36
348.000000 36
349.000000 36
350.000000 36
351.000000 36
352.000000 36
353.000000 36
354.000000 36
355.000000 36
356.000000 36
357.000000 36
358.000000 36
359.000000 36
360.000000 36
361.000000 36
362.000000 36
363.000000 36
364.000000 36
365.000000 36
366.000000 36
367.000000 36
368.000000 36
369.000000 36
370.000000 36
371.000000 36
372.000000 36
373.000000 36
374.000000 36
375.000000 36
376.000000 36
377.000000 36
378.000000 36
379.000000 36
380.000000 36
381.000000 36
382.000000 36
383.000000 36
384.000000 36
385.000000 36
386.000000 36
387.000000 36
388.000000 36
389.000000 36
390.000000 36
391.000000 36
392.000000 36
393.000000 36
394.000000 36
395.000000 36
396.000000 36
397.000000 36
398.000000 36
399.000000 36
400.000000 36
401.000000 40
402.000000 40
403.000000 40
404.000000 40
405.000000 40
406.000000 40
407.000000 40
408.000000 40
409.000000 40
410.000000 40
411.000000 40
412.000000 40
413.000000 40
414.000000 40
415.000000 40
416.000000 40
417.000000 40
418.000000 40
419.000000 40
420.000000 40
421.000000 40
422.000000 40
423.000000 40
424.000000 40
425.000000 40
426.000000 40
427.000000 40
428.000000 40
429.000000 40
430.000000 40
431.000000 40
432.000000 40
433.000000 40
434.000000 40
435.000000 40
436.000000 40
437.000000 40
438.000000 40
439.000000 40
440.000000 40
441.000000 40
442.000000 40
443.000000 40
444.000000 40
445.000000 40
446.000000 40
447.000000 40
448.000000 40
449.000000 40
450.000000 40
451.000000 40
452.000000 40
453.000000 40
454.000000 40
455.000000 40
456.000000 40
457.000000 40
458.000000 40
459.000000 40
460.000000 40
461.000000 40
462.000000 40
463.000000 40
464.000000 40
465.000000 40
466.000000 40
467.000000 40
468.000000 40
469.000000 40
470.000000 40
471.000000 40
472.000000 40
473.000000 40
474.000000 40
475.000000 40
476.000000 40
477.000000 40
478.000000 40
479.000000 40
480.000000 40
481.000000 40
482.000000 40
483.000000 40
484.000000 40
485.000000 40
486.000000 40
487.000000 40
488.000000 40
489.000000 40
490.000000 40
491.000000 40
492.000000 40
493.000000 40
494.000000 40
495.000000 40
496.000000 40
497.000000 40
498.000000 40
499.000000 40
500.000000 40
501.000000 40
502.000000 40
503.000000 40
504.000000 40
505.000000 40
506.000000 40
507.000000 40
508.000000 40
509.000000 40
510.000000 40
511.000000 40
512.000000 40
513.000000 40
514.000000 40
515.000000 40
516.000000 40
517.000000 40
518.000000 40
519.000000 40
520.000000 40
521.000000 40
522.000000 40
523.000000 40
524.000000 40
525.000000 40
526.000000 40
527.000000 40
528.000000 40
529.000000 40
530.000000 40
531.000000 40
532.000000 40
533.000000 40
534.000000 40
535.000000 40
536.000000 40
537.000000 40
538.000000 40
539.000000 40
540.000000 40
541.000000 40
542.000000 40
543.000000 40
544.000000 40
545.000000 40
546.000000 40
547.000000 40
548.000000 40
549.000000 40
550.000000 40
551.000000 40
552.000000 40
553.000000 40
554.000000 40
555.000000 40
556.000000 40
557.000000 40
558.000000 40
559.000000 40
560.000000 40
561.000000 40
562.000000 40
563.000000 40
564.000000 40
565.000000 40
566.000000 40
567.000000 40
568.000000 40
569.000000 40
570.000000 40
571.000000 40
572.000000 40
573.000000 40
574.000000 40
575.000000 40
576.000000 40
577.000000 40
578.000000 40
579.000000 40
580.000000 40
581.000000 40
582.000000 40
583.000000 40
584.000000 40
585.000000 40
586.000000 40
587.000000 40
588.000000 40
589.000000 40
590.000000 40
591.000000 40
592.000000 40
593.000000 40
594.000000 40
595.000000 40
596.000000 40
597.000000 40
598.000000 40
599.000000 40
600.000000 40
601.000000 40
602.000000 40
603.000000 40
604.000000 40
605.000000 40
606.000000 40
607.000000 40
608.000000 40
609.000000 40
610.000000 40
611.000000 40
612.000000 40
613.000000 40
614.000000 40
615.000000 40
616.000000 40
617.000000 40
618.000000 40
619.000000 40
620.000000 40
621.000000 40
622.000000 40
623.000000 40
624.000000 40
625.000000 40
626.000000 40
627.000000 40
628.000000 40
629.000000 40
630.000000 40
631.000000 40
632.000000 40
633.000000 40
634.000000 40
635.000000 40
636.000000 40
637.000000 40
638.000000 40
639.000000 40
640.000000 40
641.000000 40
642.000000 40
643.000000 40
644.000000 40
645.000000 40
646.000000 40
647.000000 40
648.000000 40
649.000000 40
650.000000 40
651.000000 40
652.000000 40
653.000000 40
654.000000 40
655.000000 40
656.000000 40
657.000000 40
658.000000 40
659.000000 40
660.000000 40
661.000000 40
662.000000 40
663.000000 40
664.000000 40
665.000000 40
666.000000 40
667.000000 40
668.000000 40
669.000000 40
670.000000 40
671.000000 40
672.000000 40
673.000000 40
674.000000 40
675.000000 40
676.000000 40
677.000000 40
678.000000 40
679.000000 40
680.000000 40
681.000000 40
682.000000 40
683.000000 40
684.000000 40
685.000000 40
686.000000 40
687.000000 40
688.000000 40
689.000000 40
690.000000 40
691.000000 40
692.000000 40
693.000000 40
694.000000 40
695.000000 40
696.000000 40
697.000000 40
698.000000 40
699.000000 40
700.000000 40
701.000000 40
702.000000 40
703.000000 40
704.000000 40
705.000000 40
706.000000 40
707.000000 40
708.000000 40
709.000000 40
710.000000 40
711.000000 40
712.000000 40
713.000000 40
714.000000 40
715.000000 40
716.000000 40
717.000000 40
718.000000 40
719.000000 40
720.000000 40
721.000000 40
722.000000 40
723.000000 40
724.000000 40
725.000000 40
726.000000 40
727.000000 40
728.000000 40
729.000000 40
730.000000 40
731.000000 40
732.000000 40
733.000000 40
734.000000 40
735.000000 40
736.000000 40
737.000000 40
738.000000 40
739.000000 40
740.000000 40
741.000000 40
742.000000 40
743.000000 40
744.000000 40
745.000000 40
746.000000 40
747.000000 40
748.000000 40
749.000000 40
750.000000 40
751.000000 40
752.000000 40
753.000000 40
754.000000 40
755.000000 40
756.000000 40
757.000000 40
758.000000 40
759.000000 40
760.000000 40
761.000000 40
762.000000 40
763.000000 40
764.000000 40
765.000000 40
766.000000 40
767.000000 40
768.000000 40
769.000000 40
770.000000 40
771.000000 40
772.000000 40
773.000000 40
774.000000 40
775.000000 40
776.000000 40
777.000000 40
778.000000 40
779.000000 40
780.000000 40
781.000000 40
782.000000 40
783.000000 40
784.000000 40
785.000000 40
786.000000 40
787.000000 40
788.000000 40
789.000000 40
790.000000 40
791.000000 40
792.000000 40
793.000000 40
794.000000 40
795.000000 40
796.000000 40
797.000000 40
798.000000 40
799.000000 40
800.000000 40
801.000000 40
802.000000 40
803.000000 40
804.000000 40
805.000000 40
806.000000 40
807.000000 40
808.000000 40
809.000000 40
810.000000 40
811.000000 40
812.000000 40
813.000000 40
814.000000 40
815.000000 40
816.000000 40
817.000000 40
818.000000 40
819.000000 40
820.000000 40
821.000000 40
822.000000 40
823.000000 40
824.000000 40
825.000000 40
826.000000 40
827.000000 40
828.000000 40
829.000000 40
830.000000 40
831.000000 40
832.000000 40
833.000000 40
834.000000 40
835.000000 40
836.000000 40
837.000000 40
838.000000 40
839.000000 40
840.000000 40
841.000000 40
842.000000 40
843.000000 40
844.000000 40
845.000000 40
846.000000 40
847.000000 40
848.000000 40
849.000000 40
850.000000 40
851.000000 40
852.000000 40
853.000000 40
854.000000 40
855.000000 40
856.000000 40
857.000000 40
858.000000 40
859.000000 40
860.000000 40
861.000000 40
862.000000 40
863.000000 40
864.000000 40
865.000000 40
866.000000 40
867.000000 40
868.000000 40
869.000000 40
870.000000 40
871.000000 40
872.000000 40
873.000000 40
874.000000 40
875.000000 40
876.000000 40
877.000000 40
878.000000 40
879.000000 40
880.000000 40
881.000000 40
882.000000 40
883.000000 40
884.000000 40
885.000000 40
886.000000 40
887.000000 40
888.000000 40
889.000000 40
890.000000 40
891.000000 40
892.000000 40
893.000000 40
894.000000 40
895.000000 40
896.000000 40
897.000000 40
898.000000 40
899.000000 40
900.000000 40
901.000000 40
902.000000 40
903.000000 40
904.000000 40
905.000000 40
906.000000 40
907.000000 40
908.000000 40
909.000000 40
910.000000 40
911.000000 40
912.000000 40
913.000000 40
914.000000 40
915.000000 40
916.000000 40
917.000000 40
918.000000 40
919.000000 40
920.000000 40
921.000000 40
922.000000 40
923.000000 40
924.000000 40
925.000000 40
926.000000 40
927.000000 40
928.000000 40
929.000000 40
930.000000 40
931.000000 40
932.000000 40
933.000000 40
934.000000 40
935.000000 40
936.000000 40
937.000000 40
938.000000 40
939.000000 40
940.000000 40
941.000000 40
942.000000 40
943.000000 40
944.000000 40
945.000000 40
946.000000 40
947.000000 40
948.000000 40
949.000000 40
950.000000 40
951.000000 40
952.000000 40
953.000000 40
954.000000 40
955.000000 40
956.000000 40
957.000000 40
958.000000 40
959.000000 40
960.000000 40
961.000000 40
962.000000 40
963.000000 40
964.000000 40
965.000000 40
966.000000 40
967.000000 40
968.000000 40
969.000000 40
970.000000 40
971.000000 40
972.000000 40
973.000000 40
974.000000 40
975.000000 40
976.000000 40
977.000000 40
978.000000 40
979.000000 40
980.000000 40
981.000000 40
982.000000 40
983.000000 40
984.000000 40
985.000000 40
986.000000 40
987.000000 40
988.000000 40
989.000000 40
990.000000 40
991.000000 40
992.000000 40
993.000000 40
994.000000 40
995.000000 40
996.000000 40
997.000000 40
998.000000 40
999.000000 40
1000.000000 40
