1.0000 0.0000
2.0000 0.0000
3.0000 0.0000
4.0000 0.0000
5.0000 0.0000
6.0000 0.0000
7.0000 0.0000
8.0000 0.0000
9.0000 0.0000
10.0000 0.0000
11.0000 0.0000
12.0000 0.2425
13.0000 0.4263
14.0000 0.5654
15.0000 0.6709
16.0000 0.7507
17.0000 0.8113
18.0000 0.8571
19.0000 0.8919
20.0000 0.9182
21.0000 0.9382
22.0000 0.9534
23.0000 0.9649
24.0000 0.9736
25.0000 0.9802
26.0000 0.9852
27.0000 0.9891
28.0000 0.9920
29.0000 0.9942
30.0000 0.9959
31.0000 0.9972
32.0000 0.9982
33.0000 0.9989
34.0000 0.9995
35.0000 1.0000
36.0000 1.0003
37.0000 1.0006
38.0000 1.0008
39.0000 1.0010
40.0000 1.0011
41.0000 1.0012
42.0000 1.0013
43.0000 1.0014
44.0000 1.0014
45.0000 1.0015
46.0000 1.0015
47.0000 1.0016
48.0000 1.0016
49.0000 1.0016
50.0000 1.0016
51.0000 1.0017
52.0000 1.0017
53.0000 1.0017
54.0000 1.0017
55.0000 1.0017
56.0000 1.0017
57.0000 1.0018
58.0000 1.0018
59.0000 1.0018
60.0000 1.0018
61.0000 1.0018
62.0000 1.0018
63.0000 1.0018
64.0000 1.0018
65.0000 1.0018
66.0000 1.0018
67.0000 1.0018
68.0000 1.0018
69.0000 1.0019
70.0000 1.0019
71.0000 1.0019
72.0000 1.0019
73.0000 1.0019
74.0000 1.0019
75.0000 1.0019
76.0000 1.0019
77.0000 1.0019
78.0000 1.0019
79.0000 1.0019
80.0000 1.0019
81.0000 1.0019
82.0000 1.0019
83.0000 1.0019
84.0000 1.0019
85.0000 1.0019
86.0000 1.0019
87.0000 1.0019
88.0000 1.0019
89.0000 1.0019
90.0000 1.0019
91.0000 1.0019
92.0000 1.0019
93.0000 1.0019
94.0000 1.0019
95.0000 1.0019
96.0000 1.0019
97.0000 1.0019
98.0000 1.0019
99.0000 1.0019
100.0000 1.0019
101.0000 1.0019
102.0000 1.0019
103.0000 1.0019
104.0000 1.0019
105.0000 1.0019
106.0000 1.0019
107.0000 1.0019
108.0000 1.0019
109.0000 1.0019
110.0000 1.0019
111.0000 1.0019
112.0000 1.0019
113.0000 1.0019
114.0000 1.0019
115.0000 1.0019
116.0000 1.0019
117.0000 1.0019
118.0000 1.0019
119.0000 1.0019
120.0000 1.0019
121.0000 1.0019
122.0000 1.0019
123.0000 1.0019
124.0000 1.0019
125.0000 1.0019
126.0000 1.0019
127.0000 1.0019
128.0000 1.0019
129.0000 1.0019
130.0000 1.0019
131.0000 1.0019
132.0000 1.0019
133.0000 1.0019
134.0000 1.0019
135.0000 1.0019
136.0000 1.0019
137.0000 1.0019
138.0000 1.0019
139.0000 1.0019
140.0000 1.0019
141.0000 1.0019
142.0000 1.0019
143.0000 1.0019
144.0000 1.0019
145.0000 1.0019
146.0000 1.0019
147.0000 1.0019
148.0000 1.0019
149.0000 1.0019
150.0000 1.0019
151.0000 1.0019
152.0000 1.0019
153.0000 1.0019
154.0000 1.0019
155.0000 1.0019
156.0000 1.0019
157.0000 1.0019
158.0000 1.0019
159.0000 1.0019
160.0000 1.0019
161.0000 1.0019
162.0000 1.0019
163.0000 1.0019
164.0000 1.0019
165.0000 1.0019
166.0000 1.0019
167.0000 1.0019
168.0000 1.0019
169.0000 1.0019
170.0000 1.0019
171.0000 1.0019
172.0000 1.0019
173.0000 1.0019
174.0000 1.0019
175.0000 1.0019
176.0000 1.0019
177.0000 1.0019
178.0000 1.0019
179.0000 1.0019
180.0000 1.0019
181.0000 1.0019
182.0000 1.0019
183.0000 1.0019
184.0000 1.0019
185.0000 1.0019
186.0000 1.0019
187.0000 1.0019
188.0000 1.0019
189.0000 1.0019
190.0000 1.0019
191.0000 1.0019
192.0000 1.0019
193.0000 1.0019
194.0000 1.0019
195.0000 1.0019
196.0000 1.0019
197.0000 1.0019
198.0000 1.0019
199.0000 1.0019
200.0000 1.0019
