-1.5000 -0.7514
-1.4900 -0.7464
-1.4800 -0.7414
-1.4700 -0.7364
-1.4600 -0.7314
-1.4500 -0.7264
-1.4400 -0.7214
-1.4300 -0.7164
-1.4200 -0.7114
-1.4100 -0.7064
-1.4000 -0.7013
-1.3900 -0.6963
-1.3800 -0.6913
-1.3700 -0.6863
-1.3600 -0.6813
-1.3500 -0.6763
-1.3400 -0.6713
-1.3300 -0.6663
-1.3200 -0.6613
-1.3100 -0.6563
-1.3000 -0.6512
-1.2900 -0.6462
-1.2800 -0.6412
-1.2700 -0.6362
-1.2600 -0.6312
-1.2500 -0.6262
-1.2400 -0.6212
-1.2300 -0.6162
-1.2200 -0.6112
-1.2100 -0.6062
-1.2000 -0.6012
-1.1900 -0.5961
-1.1800 -0.5911
-1.1700 -0.5861
-1.1600 -0.5811
-1.1500 -0.5761
-1.1400 -0.5711
-1.1300 -0.5661
-1.1200 -0.5611
-1.1100 -0.5561
-1.1000 -0.5511
-1.0900 -0.5460
-1.0800 -0.5410
-1.0700 -0.5360
-1.0600 -0.5310
-1.0500 -0.5260
-1.0400 -0.5210
-1.0300 -0.5160
-1.0200 -0.5110
-1.0100 -0.5060
-1.0000 -0.5010
-0.9900 -0.4960
-0.9800 -0.4909
-0.9700 -0.4859
-0.9600 -0.4809
-0.9500 -0.4759
-0.9400 -0.4709
-0.9300 -0.4659
-0.9200 -0.4609
-0.9100 -0.4559
-0.9000 -0.4509
-0.8900 -0.4459
-0.8800 -0.4408
-0.8700 -0.4358
-0.8600 -0.4308
-0.8500 -0.4258
-0.8400 -0.4208
-0.8300 -0.4158
-0.8200 -0.4108
-0.8100 -0.4058
-0.8000 -0.4008
-0.7900 -0.3958
-0.7800 -0.3907
-0.7700 -0.3857
-0.7600 -0.3807
-0.7500 -0.3757
-0.7400 -0.3707
-0.7300 -0.3657
-0.7200 -0.3607
-0.7100 -0.3557
-0.7000 -0.3507
-0.6900 -0.3457
-0.6800 -0.3407
-0.6700 -0.3356
-0.6600 -0.3306
-0.6500 -0.3256
-0.6400 -0.3206
-0.6300 -0.3156
-0.6200 -0.3106
-0.6100 -0.3056
-0.6000 -0.3006
-0.5900 -0.2956
-0.5800 -0.2906
-0.5700 -0.2855
-0.5600 -0.2805
-0.5500 -0.2755
-0.5400 -0.2705
-0.5300 -0.2655
-0.5200 -0.2605
-0.5100 -0.2555
-0.5000 -0.2505
-0.4900 -0.2455
-0.4800 -0.2405
-0.4700 -0.2355
-0.4600 -0.2304
-0.4500 -0.2254
-0.4400 -0.2204
-0.4300 -0.2154
-0.4200 -0.2104
-0.4100 -0.2054
-0.4000 -0.2004
-0.3900 -0.1954
-0.3800 -0.1904
-0.3700 -0.1854
-0.3600 -0.1803
-0.3500 -0.1753
-0.3400 -0.1703
-0.3300 -0.1653
-0.3200 -0.1603
-0.3100 -0.1553
-0.3000 -0.1503
-0.2900 -0.1453
-0.2800 -0.1403
-0.2700 -0.1353
-0.2600 -0.1302
-0.2500 -0.1252
-0.2400 -0.1202
-0.2300 -0.1152
-0.2200 -0.1102
-0.2100 -0.1052
-0.2000 -0.1002
-0.1900 -0.0952
-0.1800 -0.0902
-0.1700 -0.0852
-0.1600 -0.0802
-0.1500 -0.0751
-0.1400 -0.0701
-0.1300 -0.0651
-0.1200 -0.0601
-0.1100 -0.0551
-0.1000 -0.0501
-0.0900 -0.0451
-0.0800 -0.0401
-0.0700 -0.0351
-0.0600 -0.0301
-0.0500 -0.0250
-0.0400 -0.0200
-0.0300 -0.0150
-0.0200 -0.0100
-0.0100 -0.0050
0.0000 0.0000
0.0100 0.0050
0.0200 0.0100
0.0300 0.0150
0.0400 0.0200
0.0500 0.0250
0.0600 0.0301
0.0700 0.0351
0.0800 0.0401
0.0900 0.0451
0.1000 0.0501
0.1100 0.0551
0.1200 0.0601
0.1300 0.0651
0.1400 0.0701
0.1500 0.0751
0.1600 0.0802
0.1700 0.0852
0.1800 0.0902
0.1900 0.0952
0.2000 0.1002
0.2100 0.1052
0.2200 0.1102
0.2300 0.1152
0.2400 0.1202
0.2500 0.1252
0.2600 0.1302
0.2700 0.1353
0.2800 0.1403
0.2900 0.1453
0.3000 0.1503
0.3100 0.1553
0.3200 0.1603
0.3300 0.1653
0.3400 0.1703
0.3500 0.1753
0.3600 0.1803
0.3700 0.1854
0.3800 0.1904
0.3900 0.1954
0.4000 0.2004
0.4100 0.2054
0.4200 0.2104
0.4300 0.2154
0.4400 0.2204
0.4500 0.2254
0.4600 0.2304
0.4700 0.2355
0.4800 0.2405
0.4900 0.2455
0.5000 0.2505
0.5100 0.2555
0.5200 0.2605
0.5300 0.2655
0.5400 0.2705
0.5500 0.2755
0.5600 0.2805
0.5700 0.2855
0.5800 0.2906
0.5900 0.2956
0.6000 0.3006
0.6100 0.3056
0.6200 0.3106
0.6300 0.3156
0.6400 0.3206
0.6500 0.3256
0.6600 0.3306
0.6700 0.3356
0.6800 0.3407
0.6900 0.3457
0.7000 0.3507
0.7100 0.3557
0.7200 0.3607
0.7300 0.3657
0.7400 0.3707
0.7500 0.3757
0.7600 0.3807
0.7700 0.3857
0.7800 0.3907
0.7900 0.3958
0.8000 0.4008
0.8100 0.4058
0.8200 0.4108
0.8300 0.4158
0.8400 0.4208
0.8500 0.4258
0.8600 0.4308
0.8700 0.4358
0.8800 0.4408
0.8900 0.4459
0.9000 0.4509
0.9100 0.4559
0.9200 0.4609
0.9300 0.4659
0.9400 0.4709
0.9500 0.4759
0.9600 0.4809
0.9700 0.4859
0.9800 0.4909
0.9900 0.4960
1.0000 0.5010
1.0100 0.5060
1.0200 0.5110
1.0300 0.5160
1.0400 0.5210
1.0500 0.5260
1.0600 0.5310
1.0700 0.5360
1.0800 0.5410
1.0900 0.5460
1.1000 0.5511
1.1100 0.5561
1.1200 0.5611
1.1300 0.5661
1.1400 0.5711
1.1500 0.5761
1.1600 0.5811
1.1700 0.5861
1.1800 0.5911
1.1900 0.5961
1.2000 0.6012
1.2100 0.6062
1.2200 0.6112
1.2300 0.6162
1.2400 0.6212
1.2500 0.6262
1.2600 0.6312
1.2700 0.6362
1.2800 0.6412
1.2900 0.6462
1.3000 0.6512
1.3100 0.6563
1.3200 0.6613
1.3300 0.6663
1.3400 0.6713
1.3500 0.6763
1.3600 0.6813
1.3700 0.6863
1.3800 0.6913
1.3900 0.6963
1.4000 0.7013
1.4100 0.7064
1.4200 0.7114
1.4300 0.7164
1.4400 0.7214
1.4500 0.7264
1.4600 0.7314
1.4700 0.7364
1.4800 0.7414
1.4900 0.7464
1.5000 0.7514
