0.0100 11.0000
0.0200 11.0000
0.0300 11.0000
0.0400 11.0000
0.0500 11.0000
0.0600 11.0000
0.0700 11.0000
0.0800 11.0000
0.0900 11.0000
0.1000 11.0000
0.1100 11.0000
0.1200 11.0000
0.1300 11.0000
0.1400 11.0000
0.1500 11.0000
0.1600 11.0000
0.1700 11.0000
0.1800 11.0000
0.1900 11.0000
0.2000 11.0000
0.2100 11.0000
0.2200 11.0000
0.2300 11.0000
0.2400 11.0000
0.2500 11.0000
0.2600 11.0000
0.2700 11.0000
0.2800 11.0000
0.2900 11.0000
0.3000 11.0000
0.3100 11.0000
0.3200 11.0000
0.3300 11.0000
0.3400 11.0000
0.3500 11.0000
0.3600 11.0000
0.3700 11.0000
0.3800 11.0000
0.3900 11.0000
0.4000 11.0000
0.4100 11.0000
0.4200 11.0000
0.4300 11.0000
0.4400 11.0000
0.4500 11.0000
0.4600 11.0000
0.4700 11.0000
0.4800 11.0000
0.4900 11.0000
0.5000 11.0000
