1.0000 0.0000
2.0000 0.0000
3.0000 0.0000
4.0000 0.0000
5.0000 0.0000
6.0000 0.0000
7.0000 0.0000
8.0000 0.0000
9.0000 0.0000
10.0000 0.0000
11.0000 0.0000
12.0000 0.0000
13.0000 0.0000
14.0000 0.0000
15.0000 0.0000
16.0000 -0.1419
17.0000 -0.2746
18.0000 -0.3988
19.0000 -0.5150
20.0000 -0.6237
21.0000 -0.7254
22.0000 -0.8206
23.0000 -0.9096
24.0000 -0.9929
25.0000 -1.0708
26.0000 -1.1438
27.0000 -1.2120
28.0000 -1.2758
29.0000 -1.3356
30.0000 -1.3915
31.0000 -1.4438
32.0000 -1.4927
33.0000 -1.5385
34.0000 -1.5813
35.0000 -1.6214
36.0000 -1.6589
37.0000 -1.6940
38.0000 -1.7268
39.0000 -1.7576
40.0000 -1.7863
41.0000 -1.8132
42.0000 -1.8384
43.0000 -1.8619
44.0000 -1.8840
45.0000 -1.9046
46.0000 -1.9239
47.0000 -1.9419
48.0000 -1.9588
49.0000 -1.9746
50.0000 -1.9894
51.0000 -2.0032
52.0000 -2.0162
53.0000 -2.0283
54.0000 -2.0396
55.0000 -2.0502
56.0000 -2.0602
57.0000 -2.0694
58.0000 -2.0781
59.0000 -2.0863
60.0000 -2.0939
61.0000 -2.1010
62.0000 -2.1076
63.0000 -2.1139
64.0000 -2.1197
65.0000 -2.1251
66.0000 -2.1303
67.0000 -2.1350
68.0000 -2.1395
69.0000 -2.1437
70.0000 -2.1476
71.0000 -2.1512
72.0000 -2.1547
73.0000 -2.1579
74.0000 -2.1609
75.0000 -2.1637
76.0000 -2.1663
77.0000 -2.1688
78.0000 -2.1711
79.0000 -2.1732
80.0000 -2.1752
81.0000 -2.1771
82.0000 -2.1789
83.0000 -2.1805
84.0000 -2.1821
85.0000 -2.1835
86.0000 -2.1848
87.0000 -2.1861
88.0000 -2.1873
89.0000 -2.1884
90.0000 -2.1894
91.0000 -2.1904
92.0000 -2.1913
93.0000 -2.1922
94.0000 -2.1929
95.0000 -2.1937
96.0000 -2.1944
97.0000 -2.1950
98.0000 -2.1956
99.0000 -2.1962
100.0000 -2.1967
101.0000 -2.1972
102.0000 -2.1977
103.0000 -2.1981
104.0000 -2.1986
105.0000 -2.1989
106.0000 -2.1993
107.0000 -2.1996
108.0000 -2.1999
109.0000 -2.2002
110.0000 -2.2005
111.0000 -2.2008
112.0000 -2.2010
113.0000 -2.2012
114.0000 -2.2014
115.0000 -2.2016
116.0000 -2.2018
117.0000 -2.2020
118.0000 -2.2021
119.0000 -2.2023
120.0000 -2.2024
121.0000 -2.2026
122.0000 -2.2027
123.0000 -2.2028
124.0000 -2.2029
125.0000 -2.2030
126.0000 -2.2031
127.0000 -2.2032
128.0000 -2.2033
129.0000 -2.2034
130.0000 -2.2034
131.0000 -2.2035
132.0000 -2.2036
133.0000 -2.2036
134.0000 -2.2037
135.0000 -2.2037
136.0000 -2.2038
137.0000 -2.2038
138.0000 -2.2039
139.0000 -2.2039
140.0000 -2.2039
141.0000 -2.2040
142.0000 -2.2040
143.0000 -2.2040
144.0000 -2.2041
145.0000 -2.2041
146.0000 -2.2041
147.0000 -2.2041
148.0000 -2.2042
149.0000 -2.2042
150.0000 -2.2042
151.0000 -2.2042
152.0000 -2.2042
153.0000 -2.2043
154.0000 -2.2043
155.0000 -2.2043
156.0000 -2.2043
157.0000 -2.2043
158.0000 -2.2043
159.0000 -2.2043
160.0000 -2.2043
161.0000 -2.2044
162.0000 -2.2044
163.0000 -2.2044
164.0000 -2.2044
165.0000 -2.2044
166.0000 -2.2044
167.0000 -2.2044
168.0000 -2.2044
169.0000 -2.2044
170.0000 -2.2044
171.0000 -2.2044
172.0000 -2.2044
173.0000 -2.2044
174.0000 -2.2044
175.0000 -2.2044
176.0000 -2.2044
177.0000 -2.2044
178.0000 -2.2044
179.0000 -2.2044
180.0000 -2.2044
181.0000 -2.2044
182.0000 -2.2045
183.0000 -2.2045
184.0000 -2.2045
185.0000 -2.2045
186.0000 -2.2045
187.0000 -2.2045
188.0000 -2.2045
189.0000 -2.2045
190.0000 -2.2045
191.0000 -2.2045
192.0000 -2.2045
193.0000 -2.2045
194.0000 -2.2045
195.0000 -2.2045
196.0000 -2.2045
197.0000 -2.2045
198.0000 -2.2045
199.0000 -2.2045
200.0000 -2.2045
