-1.0000 -1.0000 -1.6032
-1.0000 -0.9000 -1.5531
-1.0000 -0.8000 -1.5030
-1.0000 -0.7000 -1.4529
-1.0000 -0.6000 -1.4028
-1.0000 -0.5000 -1.3527
-1.0000 -0.4000 -1.3026
-1.0000 -0.3000 -1.2525
-1.0000 -0.2000 -1.2024
-1.0000 -0.1000 -1.1523
-1.0000 0.0000 -1.1022
-1.0000 0.1000 -1.0521
-1.0000 0.2000 -1.0020
-1.0000 0.3000 -0.9519
-1.0000 0.4000 -0.9019
-1.0000 0.5000 -0.8518
-1.0000 0.6000 -0.8017
-1.0000 0.7000 -0.7516
-1.0000 0.8000 -0.7015
-1.0000 0.9000 -0.6514
-1.0000 1.0000 -0.6013
-0.9000 -1.0000 -1.4930
-0.9000 -0.9000 -1.4429
-0.9000 -0.8000 -1.3928
-0.9000 -0.7000 -1.3427
-0.9000 -0.6000 -1.2926
-0.9000 -0.5000 -1.2425
-0.9000 -0.4000 -1.1924
-0.9000 -0.3000 -1.1423
-0.9000 -0.2000 -1.0922
-0.9000 -0.1000 -1.0421
-0.9000 0.0000 -0.9920
-0.9000 0.1000 -0.9419
-0.9000 0.2000 -0.8918
-0.9000 0.3000 -0.8417
-0.9000 0.4000 -0.7916
-0.9000 0.5000 -0.7415
-0.9000 0.6000 -0.6914
-0.9000 0.7000 -0.6413
-0.9000 0.8000 -0.5912
-0.9000 0.9000 -0.5411
-0.9000 1.0000 -0.4911
-0.8000 -1.0000 -1.3828
-0.8000 -0.9000 -1.3327
-0.8000 -0.8000 -1.2826
-0.8000 -0.7000 -1.2325
-0.8000 -0.6000 -1.1824
-0.8000 -0.5000 -1.1323
-0.8000 -0.4000 -1.0822
-0.8000 -0.3000 -1.0321
-0.8000 -0.2000 -0.9820
-0.8000 -0.1000 -0.9319
-0.8000 0.0000 -0.8818
-0.8000 0.1000 -0.8317
-0.8000 0.2000 -0.7816
-0.8000 0.3000 -0.7315
-0.8000 0.4000 -0.6814
-0.8000 0.5000 -0.6313
-0.8000 0.6000 -0.5812
-0.8000 0.7000 -0.5311
-0.8000 0.8000 -0.4810
-0.8000 0.9000 -0.4309
-0.8000 1.0000 -0.3808
-0.7000 -1.0000 -1.2725
-0.7000 -0.9000 -1.2224
-0.7000 -0.8000 -1.1723
-0.7000 -0.7000 -1.1222
-0.7000 -0.6000 -1.0721
-0.7000 -0.5000 -1.0220
-0.7000 -0.4000 -0.9720
-0.7000 -0.3000 -0.9219
-0.7000 -0.2000 -0.8718
-0.7000 -0.1000 -0.8217
-0.7000 0.0000 -0.7716
-0.7000 0.1000 -0.7215
-0.7000 0.2000 -0.6714
-0.7000 0.3000 -0.6213
-0.7000 0.4000 -0.5712
-0.7000 0.5000 -0.5211
-0.7000 0.6000 -0.4710
-0.7000 0.7000 -0.4209
-0.7000 0.8000 -0.3708
-0.7000 0.9000 -0.3207
-0.7000 1.0000 -0.2706
-0.6000 -1.0000 -1.1623
-0.6000 -0.9000 -1.1122
-0.6000 -0.8000 -1.0621
-0.6000 -0.7000 -1.0120
-0.6000 -0.6000 -0.9619
-0.6000 -0.5000 -0.9118
-0.6000 -0.4000 -0.8617
-0.6000 -0.3000 -0.8116
-0.6000 -0.2000 -0.7615
-0.6000 -0.1000 -0.7114
-0.6000 0.0000 -0.6613
-0.6000 0.1000 -0.6112
-0.6000 0.2000 -0.5612
-0.6000 0.3000 -0.5111
-0.6000 0.4000 -0.4610
-0.6000 0.5000 -0.4109
-0.6000 0.6000 -0.3608
-0.6000 0.7000 -0.3107
-0.6000 0.8000 -0.2606
-0.6000 0.9000 -0.2105
-0.6000 1.0000 -0.1604
-0.5000 -1.0000 -1.0521
-0.5000 -0.9000 -1.0020
-0.5000 -0.8000 -0.9519
-0.5000 -0.7000 -0.9018
-0.5000 -0.6000 -0.8517
-0.5000 -0.5000 -0.8016
-0.5000 -0.4000 -0.7515
-0.5000 -0.3000 -0.7014
-0.5000 -0.2000 -0.6513
-0.5000 -0.1000 -0.6012
-0.5000 0.0000 -0.5511
-0.5000 0.1000 -0.5010
-0.5000 0.2000 -0.4509
-0.5000 0.3000 -0.4008
-0.5000 0.4000 -0.3507
-0.5000 0.5000 -0.3006
-0.5000 0.6000 -0.2505
-0.5000 0.7000 -0.2004
-0.5000 0.8000 -0.1503
-0.5000 0.9000 -0.1003
-0.5000 1.0000 -0.0502
-0.4000 -1.0000 -0.9419
-0.4000 -0.9000 -0.8918
-0.4000 -0.8000 -0.8417
-0.4000 -0.7000 -0.7916
-0.4000 -0.6000 -0.7415
-0.4000 -0.5000 -0.6914
-0.4000 -0.4000 -0.6413
-0.4000 -0.3000 -0.5912
-0.4000 -0.2000 -0.5411
-0.4000 -0.1000 -0.4910
-0.4000 0.0000 -0.4409
-0.4000 0.1000 -0.3908
-0.4000 0.2000 -0.3407
-0.4000 0.3000 -0.2906
-0.4000 0.4000 -0.2405
-0.4000 0.5000 -0.1904
-0.4000 0.6000 -0.1403
-0.4000 0.7000 -0.0902
-0.4000 0.8000 -0.0401
-0.4000 0.9000 0.0100
-0.4000 1.0000 0.0601
-0.3000 -1.0000 -0.8316
-0.3000 -0.9000 -0.7815
-0.3000 -0.8000 -0.7314
-0.3000 -0.7000 -0.6813
-0.3000 -0.6000 -0.6312
-0.3000 -0.5000 -0.5812
-0.3000 -0.4000 -0.5311
-0.3000 -0.3000 -0.4810
-0.3000 -0.2000 -0.4309
-0.3000 -0.1000 -0.3808
-0.3000 0.0000 -0.3307
-0.3000 0.1000 -0.2806
-0.3000 0.2000 -0.2305
-0.3000 0.3000 -0.1804
-0.3000 0.4000 -0.1303
-0.3000 0.5000 -0.0802
-0.3000 0.6000 -0.0301
-0.3000 0.7000 0.0200
-0.3000 0.8000 0.0701
-0.3000 0.9000 0.1202
-0.3000 1.0000 0.1703
-0.2000 -1.0000 -0.7214
-0.2000 -0.9000 -0.6713
-0.2000 -0.8000 -0.6212
-0.2000 -0.7000 -0.5711
-0.2000 -0.6000 -0.5210
-0.2000 -0.5000 -0.4709
-0.2000 -0.4000 -0.4208
-0.2000 -0.3000 -0.3707
-0.2000 -0.2000 -0.3206
-0.2000 -0.1000 -0.2705
-0.2000 0.0000 -0.2204
-0.2000 0.1000 -0.1704
-0.2000 0.2000 -0.1203
-0.2000 0.3000 -0.0702
-0.2000 0.4000 -0.0201
-0.2000 0.5000 0.0300
-0.2000 0.6000 0.0801
-0.2000 0.7000 0.1302
-0.2000 0.8000 0.1803
-0.2000 0.9000 0.2304
-0.2000 1.0000 0.2805
-0.1000 -1.0000 -0.6112
-0.1000 -0.9000 -0.5611
-0.1000 -0.8000 -0.5110
-0.1000 -0.7000 -0.4609
-0.1000 -0.6000 -0.4108
-0.1000 -0.5000 -0.3607
-0.1000 -0.4000 -0.3106
-0.1000 -0.3000 -0.2605
-0.1000 -0.2000 -0.2104
-0.1000 -0.1000 -0.1603
-0.1000 0.0000 -0.1102
-0.1000 0.1000 -0.0601
-0.1000 0.2000 -0.0100
-0.1000 0.3000 0.0401
-0.1000 0.4000 0.0902
-0.1000 0.5000 0.1403
-0.1000 0.6000 0.1904
-0.1000 0.7000 0.2404
-0.1000 0.8000 0.2905
-0.1000 0.9000 0.3406
-0.1000 1.0000 0.3907
0.0000 -1.0000 -0.5010
0.0000 -0.9000 -0.4509
0.0000 -0.8000 -0.4008
0.0000 -0.7000 -0.3507
0.0000 -0.6000 -0.3006
0.0000 -0.5000 -0.2505
0.0000 -0.4000 -0.2004
0.0000 -0.3000 -0.1503
0.0000 -0.2000 -0.1002
0.0000 -0.1000 -0.0501
0.0000 0.0000 0.0000
0.0000 0.1000 0.0501
0.0000 0.2000 0.1002
0.0000 0.3000 0.1503
0.0000 0.4000 0.2004
0.0000 0.5000 0.2505
0.0000 0.6000 0.3006
0.0000 0.7000 0.3507
0.0000 0.8000 0.4008
0.0000 0.9000 0.4509
0.0000 1.0000 0.5010
0.1000 -1.0000 -0.3907
0.1000 -0.9000 -0.3406
0.1000 -0.8000 -0.2905
0.1000 -0.7000 -0.2404
0.1000 -0.6000 -0.1904
0.1000 -0.5000 -0.1403
0.1000 -0.4000 -0.0902
0.1000 -0.3000 -0.0401
0.1000 -0.2000 0.0100
0.1000 -0.1000 0.0601
0.1000 0.0000 0.1102
0.1000 0.1000 0.1603
0.1000 0.2000 0.2104
0.1000 0.3000 0.2605
0.1000 0.4000 0.3106
0.1000 0.5000 0.3607
0.1000 0.6000 0.4108
0.1000 0.7000 0.4609
0.1000 0.8000 0.5110
0.1000 0.9000 0.5611
0.1000 1.0000 0.6112
0.2000 -1.0000 -0.2805
0.2000 -0.9000 -0.2304
0.2000 -0.8000 -0.1803
0.2000 -0.7000 -0.1302
0.2000 -0.6000 -0.0801
0.2000 -0.5000 -0.0300
0.2000 -0.4000 0.0201
0.2000 -0.3000 0.0702
0.2000 -0.2000 0.1203
0.2000 -0.1000 0.1704
0.2000 0.0000 0.2204
0.2000 0.1000 0.2705
0.2000 0.2000 0.3206
0.2000 0.3000 0.3707
0.2000 0.4000 0.4208
0.2000 0.5000 0.4709
0.2000 0.6000 0.5210
0.2000 0.7000 0.5711
0.2000 0.8000 0.6212
0.2000 0.9000 0.6713
0.2000 1.0000 0.7214
0.3000 -1.0000 -0.1703
0.3000 -0.9000 -0.1202
0.3000 -0.8000 -0.0701
0.3000 -0.7000 -0.0200
0.3000 -0.6000 0.0301
0.3000 -0.5000 0.0802
0.3000 -0.4000 0.1303
0.3000 -0.3000 0.1804
0.3000 -0.2000 0.2305
0.3000 -0.1000 0.2806
0.3000 0.0000 0.3307
0.3000 0.1000 0.3808
0.3000 0.2000 0.4309
0.3000 0.3000 0.4810
0.3000 0.4000 0.5311
0.3000 0.5000 0.5812
0.3000 0.6000 0.6312
0.3000 0.7000 0.6813
0.3000 0.8000 0.7314
0.3000 0.9000 0.7815
0.3000 1.0000 0.8316
0.4000 -1.0000 -0.0601
0.4000 -0.9000 -0.0100
0.4000 -0.8000 0.0401
0.4000 -0.7000 0.0902
0.4000 -0.6000 0.1403
0.4000 -0.5000 0.1904
0.4000 -0.4000 0.2405
0.4000 -0.3000 0.2906
0.4000 -0.2000 0.3407
0.4000 -0.1000 0.3908
0.4000 0.0000 0.4409
0.4000 0.1000 0.4910
0.4000 0.2000 0.5411
0.4000 0.3000 0.5912
0.4000 0.4000 0.6413
0.4000 0.5000 0.6914
0.4000 0.6000 0.7415
0.4000 0.7000 0.7916
0.4000 0.8000 0.8417
0.4000 0.9000 0.8918
0.4000 1.0000 0.9419
0.5000 -1.0000 0.0502
0.5000 -0.9000 0.1003
0.5000 -0.8000 0.1503
0.5000 -0.7000 0.2004
0.5000 -0.6000 0.2505
0.5000 -0.5000 0.3006
0.5000 -0.4000 0.3507
0.5000 -0.3000 0.4008
0.5000 -0.2000 0.4509
0.5000 -0.1000 0.5010
0.5000 0.0000 0.5511
0.5000 0.1000 0.6012
0.5000 0.2000 0.6513
0.5000 0.3000 0.7014
0.5000 0.4000 0.7515
0.5000 0.5000 0.8016
0.5000 0.6000 0.8517
0.5000 0.7000 0.9018
0.5000 0.8000 0.9519
0.5000 0.9000 1.0020
0.5000 1.0000 1.0521
0.6000 -1.0000 0.1604
0.6000 -0.9000 0.2105
0.6000 -0.8000 0.2606
0.6000 -0.7000 0.3107
0.6000 -0.6000 0.3608
0.6000 -0.5000 0.4109
0.6000 -0.4000 0.4610
0.6000 -0.3000 0.5111
0.6000 -0.2000 0.5612
0.6000 -0.1000 0.6112
0.6000 0.0000 0.6613
0.6000 0.1000 0.7114
0.6000 0.2000 0.7615
0.6000 0.3000 0.8116
0.6000 0.4000 0.8617
0.6000 0.5000 0.9118
0.6000 0.6000 0.9619
0.6000 0.7000 1.0120
0.6000 0.8000 1.0621
0.6000 0.9000 1.1122
0.6000 1.0000 1.1623
0.7000 -1.0000 0.2706
0.7000 -0.9000 0.3207
0.7000 -0.8000 0.3708
0.7000 -0.7000 0.4209
0.7000 -0.6000 0.4710
0.7000 -0.5000 0.5211
0.7000 -0.4000 0.5712
0.7000 -0.3000 0.6213
0.7000 -0.2000 0.6714
0.7000 -0.1000 0.7215
0.7000 0.0000 0.7716
0.7000 0.1000 0.8217
0.7000 0.2000 0.8718
0.7000 0.3000 0.9219
0.7000 0.4000 0.9720
0.7000 0.5000 1.0220
0.7000 0.6000 1.0721
0.7000 0.7000 1.1222
0.7000 0.8000 1.1723
0.7000 0.9000 1.2224
0.7000 1.0000 1.2725
0.8000 -1.0000 0.3808
0.8000 -0.9000 0.4309
0.8000 -0.8000 0.4810
0.8000 -0.7000 0.5311
0.8000 -0.6000 0.5812
0.8000 -0.5000 0.6313
0.8000 -0.4000 0.6814
0.8000 -0.3000 0.7315
0.8000 -0.2000 0.7816
0.8000 -0.1000 0.8317
0.8000 0.0000 0.8818
0.8000 0.1000 0.9319
0.8000 0.2000 0.9820
0.8000 0.3000 1.0321
0.8000 0.4000 1.0822
0.8000 0.5000 1.1323
0.8000 0.6000 1.1824
0.8000 0.7000 1.2325
0.8000 0.8000 1.2826
0.8000 0.9000 1.3327
0.8000 1.0000 1.3828
0.9000 -1.0000 0.4911
0.9000 -0.9000 0.5411
0.9000 -0.8000 0.5912
0.9000 -0.7000 0.6413
0.9000 -0.6000 0.6914
0.9000 -0.5000 0.7415
0.9000 -0.4000 0.7916
0.9000 -0.3000 0.8417
0.9000 -0.2000 0.8918
0.9000 -0.1000 0.9419
0.9000 0.0000 0.9920
0.9000 0.1000 1.0421
0.9000 0.2000 1.0922
0.9000 0.3000 1.1423
0.9000 0.4000 1.1924
0.9000 0.5000 1.2425
0.9000 0.6000 1.2926
0.9000 0.7000 1.3427
0.9000 0.8000 1.3928
0.9000 0.9000 1.4429
0.9000 1.0000 1.4930
1.0000 -1.0000 0.6013
1.0000 -0.9000 0.6514
1.0000 -0.8000 0.7015
1.0000 -0.7000 0.7516
1.0000 -0.6000 0.8017
1.0000 -0.5000 0.8518
1.0000 -0.4000 0.9019
1.0000 -0.3000 0.9519
1.0000 -0.2000 1.0020
1.0000 -0.1000 1.0521
1.0000 0.0000 1.1022
1.0000 0.1000 1.1523
1.0000 0.2000 1.2024
1.0000 0.3000 1.2525
1.0000 0.4000 1.3026
1.0000 0.5000 1.3527
1.0000 0.6000 1.4028
1.0000 0.7000 1.4529
1.0000 0.8000 1.5030
1.0000 0.9000 1.5531
1.0000 1.0000 1.6032
