1.0000 0.0000
2.0000 0.0000
3.0000 0.0000
4.0000 0.0000
5.0000 0.0000
6.0000 0.0000
7.0000 0.0000
8.0000 0.0000
9.0000 0.0000
10.0000 0.0000
11.0000 0.0000
12.0000 0.0606
13.0000 0.1066
14.0000 0.1414
15.0000 0.1677
16.0000 0.1877
17.0000 0.2028
18.0000 0.2143
19.0000 0.2230
20.0000 0.2296
21.0000 0.2346
22.0000 0.2383
23.0000 0.2412
24.0000 0.2434
25.0000 0.2451
26.0000 0.2463
27.0000 0.2473
28.0000 0.2480
29.0000 0.2485
30.0000 0.2490
31.0000 0.2493
32.0000 0.2495
33.0000 0.2497
34.0000 0.2499
35.0000 0.2500
36.0000 0.2501
37.0000 0.2501
38.0000 0.2502
39.0000 0.2502
40.0000 0.2503
41.0000 0.2503
42.0000 0.2503
43.0000 0.2503
44.0000 0.2504
45.0000 0.2504
46.0000 0.2504
47.0000 0.2504
48.0000 0.2504
49.0000 0.2504
50.0000 0.2504
51.0000 0.2504
52.0000 0.2504
53.0000 0.2504
54.0000 0.2504
55.0000 0.2504
56.0000 0.2504
57.0000 0.2504
58.0000 0.2504
59.0000 0.2504
60.0000 0.2504
61.0000 0.2504
62.0000 0.2505
63.0000 0.2505
64.0000 0.2505
65.0000 0.2505
66.0000 0.2505
67.0000 0.2505
68.0000 0.2505
69.0000 0.2505
70.0000 0.2505
71.0000 0.2505
72.0000 0.2505
73.0000 0.2505
74.0000 0.2505
75.0000 0.2505
76.0000 0.2505
77.0000 0.2505
78.0000 0.2505
79.0000 0.2505
80.0000 0.2505
81.0000 0.2505
82.0000 0.2505
83.0000 0.2505
84.0000 0.2505
85.0000 0.2505
86.0000 0.2505
87.0000 0.2505
88.0000 0.2505
89.0000 0.2505
90.0000 0.2505
91.0000 0.2505
92.0000 0.2505
93.0000 0.2505
94.0000 0.2505
95.0000 0.2505
96.0000 0.2505
97.0000 0.2505
98.0000 0.2505
99.0000 0.2505
100.0000 0.2505
101.0000 0.2505
102.0000 0.2505
103.0000 0.2505
104.0000 0.2505
105.0000 0.2505
106.0000 0.2505
107.0000 0.2505
108.0000 0.2505
109.0000 0.2505
110.0000 0.2505
111.0000 0.2505
112.0000 0.2505
113.0000 0.2505
114.0000 0.2505
115.0000 0.2505
116.0000 0.2505
117.0000 0.2505
118.0000 0.2505
119.0000 0.2505
120.0000 0.2505
121.0000 0.2505
122.0000 0.2505
123.0000 0.2505
124.0000 0.2505
125.0000 0.2505
126.0000 0.2505
127.0000 0.2505
128.0000 0.2505
129.0000 0.2505
130.0000 0.2505
131.0000 0.2505
132.0000 0.2505
133.0000 0.2505
134.0000 0.2505
135.0000 0.2505
136.0000 0.2505
137.0000 0.2505
138.0000 0.2505
139.0000 0.2505
140.0000 0.2505
141.0000 0.2505
142.0000 0.2505
143.0000 0.2505
144.0000 0.2505
145.0000 0.2505
146.0000 0.2505
147.0000 0.2505
148.0000 0.2505
149.0000 0.2505
150.0000 0.2505
151.0000 0.2505
152.0000 0.2505
153.0000 0.2505
154.0000 0.2505
155.0000 0.2505
156.0000 0.2505
157.0000 0.2505
158.0000 0.2505
159.0000 0.2505
160.0000 0.2505
161.0000 0.2505
162.0000 0.2505
163.0000 0.2505
164.0000 0.2505
165.0000 0.2505
166.0000 0.2505
167.0000 0.2505
168.0000 0.2505
169.0000 0.2505
170.0000 0.2505
171.0000 0.2505
172.0000 0.2505
173.0000 0.2505
174.0000 0.2505
175.0000 0.2505
176.0000 0.2505
177.0000 0.2505
178.0000 0.2505
179.0000 0.2505
180.0000 0.2505
181.0000 0.2505
182.0000 0.2505
183.0000 0.2505
184.0000 0.2505
185.0000 0.2505
186.0000 0.2505
187.0000 0.2505
188.0000 0.2505
189.0000 0.2505
190.0000 0.2505
191.0000 0.2505
192.0000 0.2505
193.0000 0.2505
194.0000 0.2505
195.0000 0.2505
196.0000 0.2505
197.0000 0.2505
198.0000 0.2505
199.0000 0.2505
200.0000 0.2505
