0.0100 41.0000
0.0200 41.0000
0.0300 41.0000
0.0400 41.0000
0.0500 41.0000
0.0600 41.0000
0.0700 41.0000
0.0800 41.0000
0.0900 41.0000
0.1000 41.0000
0.1100 41.0000
0.1200 41.0000
0.1300 41.0000
0.1400 41.0000
0.1500 41.0000
0.1600 41.0000
0.1700 41.0000
0.1800 41.0000
0.1900 41.0000
0.2000 41.0000
0.2100 41.0000
0.2200 41.0000
0.2300 41.0000
0.2400 41.0000
0.2500 41.0000
0.2600 41.0000
0.2700 41.0000
0.2800 41.0000
0.2900 41.0000
0.3000 41.0000
0.3100 41.0000
0.3200 41.0000
0.3300 41.0000
0.3400 41.0000
0.3500 41.0000
0.3600 41.0000
0.3700 41.0000
0.3800 41.0000
0.3900 41.0000
0.4000 41.0000
0.4100 41.0000
0.4200 41.0000
0.4300 41.0000
0.4400 41.0000
0.4500 41.0000
0.4600 41.0000
0.4700 41.0000
0.4800 41.0000
0.4900 41.0000
0.5000 41.0000
