1.0000 0.0000
2.0000 0.0000
3.0000 0.0000
4.0000 0.0000
5.0000 0.0000
6.0000 0.0000
7.0000 0.0000
8.0000 0.0000
9.0000 0.0000
10.0000 0.0000
11.0000 0.0000
12.0000 0.0000
13.0000 0.0000
14.0000 0.0000
15.0000 0.0000
16.0000 -0.0355
17.0000 -0.0687
18.0000 -0.0997
19.0000 -0.1287
20.0000 -0.1559
21.0000 -0.1813
22.0000 -0.2051
23.0000 -0.2274
24.0000 -0.2482
25.0000 -0.2677
26.0000 -0.2859
27.0000 -0.3030
28.0000 -0.3190
29.0000 -0.3339
30.0000 -0.3479
31.0000 -0.3609
32.0000 -0.3732
33.0000 -0.3846
34.0000 -0.3953
35.0000 -0.4054
36.0000 -0.4147
37.0000 -0.4235
38.0000 -0.4317
39.0000 -0.4394
40.0000 -0.4466
41.0000 -0.4533
42.0000 -0.4596
43.0000 -0.4655
44.0000 -0.4710
45.0000 -0.4761
46.0000 -0.4810
47.0000 -0.4855
48.0000 -0.4897
49.0000 -0.4937
50.0000 -0.4974
51.0000 -0.5008
52.0000 -0.5040
53.0000 -0.5071
54.0000 -0.5099
55.0000 -0.5126
56.0000 -0.5150
57.0000 -0.5174
58.0000 -0.5195
59.0000 -0.5216
60.0000 -0.5235
61.0000 -0.5252
62.0000 -0.5269
63.0000 -0.5285
64.0000 -0.5299
65.0000 -0.5313
66.0000 -0.5326
67.0000 -0.5338
68.0000 -0.5349
69.0000 -0.5359
70.0000 -0.5369
71.0000 -0.5378
72.0000 -0.5387
73.0000 -0.5395
74.0000 -0.5402
75.0000 -0.5409
76.0000 -0.5416
77.0000 -0.5422
78.0000 -0.5428
79.0000 -0.5433
80.0000 -0.5438
81.0000 -0.5443
82.0000 -0.5447
83.0000 -0.5451
84.0000 -0.5455
85.0000 -0.5459
86.0000 -0.5462
87.0000 -0.5465
88.0000 -0.5468
89.0000 -0.5471
90.0000 -0.5474
91.0000 -0.5476
92.0000 -0.5478
93.0000 -0.5480
94.0000 -0.5482
95.0000 -0.5484
96.0000 -0.5486
97.0000 -0.5488
98.0000 -0.5489
99.0000 -0.5491
100.0000 -0.5492
101.0000 -0.5493
102.0000 -0.5494
103.0000 -0.5495
104.0000 -0.5496
105.0000 -0.5497
106.0000 -0.5498
107.0000 -0.5499
108.0000 -0.5500
109.0000 -0.5501
110.0000 -0.5501
111.0000 -0.5502
112.0000 -0.5502
113.0000 -0.5503
114.0000 -0.5504
115.0000 -0.5504
116.0000 -0.5505
117.0000 -0.5505
118.0000 -0.5505
119.0000 -0.5506
120.0000 -0.5506
121.0000 -0.5506
122.0000 -0.5507
123.0000 -0.5507
124.0000 -0.5507
125.0000 -0.5508
126.0000 -0.5508
127.0000 -0.5508
128.0000 -0.5508
129.0000 -0.5508
130.0000 -0.5509
131.0000 -0.5509
132.0000 -0.5509
133.0000 -0.5509
134.0000 -0.5509
135.0000 -0.5509
136.0000 -0.5509
137.0000 -0.5510
138.0000 -0.5510
139.0000 -0.5510
140.0000 -0.5510
141.0000 -0.5510
142.0000 -0.5510
143.0000 -0.5510
144.0000 -0.5510
145.0000 -0.5510
146.0000 -0.5510
147.0000 -0.5510
148.0000 -0.5510
149.0000 -0.5510
150.0000 -0.5511
151.0000 -0.5511
152.0000 -0.5511
153.0000 -0.5511
154.0000 -0.5511
155.0000 -0.5511
156.0000 -0.5511
157.0000 -0.5511
158.0000 -0.5511
159.0000 -0.5511
160.0000 -0.5511
161.0000 -0.5511
162.0000 -0.5511
163.0000 -0.5511
164.0000 -0.5511
165.0000 -0.5511
166.0000 -0.5511
167.0000 -0.5511
168.0000 -0.5511
169.0000 -0.5511
170.0000 -0.5511
171.0000 -0.5511
172.0000 -0.5511
173.0000 -0.5511
174.0000 -0.5511
175.0000 -0.5511
176.0000 -0.5511
177.0000 -0.5511
178.0000 -0.5511
179.0000 -0.5511
180.0000 -0.5511
181.0000 -0.5511
182.0000 -0.5511
183.0000 -0.5511
184.0000 -0.5511
185.0000 -0.5511
186.0000 -0.5511
187.0000 -0.5511
188.0000 -0.5511
189.0000 -0.5511
190.0000 -0.5511
191.0000 -0.5511
192.0000 -0.5511
193.0000 -0.5511
194.0000 -0.5511
195.0000 -0.5511
196.0000 -0.5511
197.0000 -0.5511
198.0000 -0.5511
199.0000 -0.5511
200.0000 -0.5511
