-1.5000 -1.6534
-1.4900 -1.6423
-1.4800 -1.6313
-1.4700 -1.6203
-1.4600 -1.6093
-1.4500 -1.5982
-1.4400 -1.5872
-1.4300 -1.5762
-1.4200 -1.5652
-1.4100 -1.5542
-1.4000 -1.5431
-1.3900 -1.5321
-1.3800 -1.5211
-1.3700 -1.5101
-1.3600 -1.4990
-1.3500 -1.4880
-1.3400 -1.4770
-1.3300 -1.4660
-1.3200 -1.4550
-1.3100 -1.4439
-1.3000 -1.4329
-1.2900 -1.4219
-1.2800 -1.4109
-1.2700 -1.3998
-1.2600 -1.3888
-1.2500 -1.3778
-1.2400 -1.3668
-1.2300 -1.3558
-1.2200 -1.3447
-1.2100 -1.3337
-1.2000 -1.3227
-1.1900 -1.3117
-1.1800 -1.3006
-1.1700 -1.2896
-1.1600 -1.2786
-1.1500 -1.2676
-1.1400 -1.2566
-1.1300 -1.2455
-1.1200 -1.2345
-1.1100 -1.2235
-1.1000 -1.2125
-1.0900 -1.2014
-1.0800 -1.1904
-1.0700 -1.1794
-1.0600 -1.1684
-1.0500 -1.1573
-1.0400 -1.1463
-1.0300 -1.1353
-1.0200 -1.1243
-1.0100 -1.1133
-1.0000 -1.1022
-0.9900 -1.0912
-0.9800 -1.0802
-0.9700 -1.0692
-0.9600 -1.0581
-0.9500 -1.0471
-0.9400 -1.0361
-0.9300 -1.0251
-0.9200 -1.0141
-0.9100 -1.0030
-0.9000 -0.9920
-0.8900 -0.9810
-0.8800 -0.9700
-0.8700 -0.9589
-0.8600 -0.9479
-0.8500 -0.9369
-0.8400 -0.9259
-0.8300 -0.9149
-0.8200 -0.9038
-0.8100 -0.8928
-0.8000 -0.8818
-0.7900 -0.8708
-0.7800 -0.8597
-0.7700 -0.8487
-0.7600 -0.8377
-0.7500 -0.8267
-0.7400 -0.8157
-0.7300 -0.8046
-0.7200 -0.7936
-0.7100 -0.7826
-0.7000 -0.7716
-0.6900 -0.7605
-0.6800 -0.7495
-0.6700 -0.7385
-0.6600 -0.7275
-0.6500 -0.7165
-0.6400 -0.7054
-0.6300 -0.6944
-0.6200 -0.6834
-0.6100 -0.6724
-0.6000 -0.6613
-0.5900 -0.6503
-0.5800 -0.6393
-0.5700 -0.6283
-0.5600 -0.6173
-0.5500 -0.6062
-0.5400 -0.5952
-0.5300 -0.5842
-0.5200 -0.5732
-0.5100 -0.5621
-0.5000 -0.5511
-0.4900 -0.5401
-0.4800 -0.5291
-0.4700 -0.5181
-0.4600 -0.5070
-0.4500 -0.4960
-0.4400 -0.4850
-0.4300 -0.4740
-0.4200 -0.4629
-0.4100 -0.4519
-0.4000 -0.4409
-0.3900 -0.4299
-0.3800 -0.4189
-0.3700 -0.4078
-0.3600 -0.3968
-0.3500 -0.3858
-0.3400 -0.3748
-0.3300 -0.3637
-0.3200 -0.3527
-0.3100 -0.3417
-0.3000 -0.3307
-0.2900 -0.3196
-0.2800 -0.3086
-0.2700 -0.2976
-0.2600 -0.2866
-0.2500 -0.2756
-0.2400 -0.2645
-0.2300 -0.2535
-0.2200 -0.2425
-0.2100 -0.2315
-0.2000 -0.2204
-0.1900 -0.2094
-0.1800 -0.1984
-0.1700 -0.1874
-0.1600 -0.1764
-0.1500 -0.1653
-0.1400 -0.1543
-0.1300 -0.1433
-0.1200 -0.1323
-0.1100 -0.1212
-0.1000 -0.1102
-0.0900 -0.0992
-0.0800 -0.0882
-0.0700 -0.0772
-0.0600 -0.0661
-0.0500 -0.0551
-0.0400 -0.0441
-0.0300 -0.0331
-0.0200 -0.0220
-0.0100 -0.0110
0.0000 0.0000
0.0100 0.0110
0.0200 0.0220
0.0300 0.0331
0.0400 0.0441
0.0500 0.0551
0.0600 0.0661
0.0700 0.0772
0.0800 0.0882
0.0900 0.0992
0.1000 0.1102
0.1100 0.1212
0.1200 0.1323
0.1300 0.1433
0.1400 0.1543
0.1500 0.1653
0.1600 0.1764
0.1700 0.1874
0.1800 0.1984
0.1900 0.2094
0.2000 0.2204
0.2100 0.2315
0.2200 0.2425
0.2300 0.2535
0.2400 0.2645
0.2500 0.2756
0.2600 0.2866
0.2700 0.2976
0.2800 0.3086
0.2900 0.3196
0.3000 0.3307
0.3100 0.3417
0.3200 0.3527
0.3300 0.3637
0.3400 0.3748
0.3500 0.3858
0.3600 0.3968
0.3700 0.4078
0.3800 0.4189
0.3900 0.4299
0.4000 0.4409
0.4100 0.4519
0.4200 0.4629
0.4300 0.4740
0.4400 0.4850
0.4500 0.4960
0.4600 0.5070
0.4700 0.5181
0.4800 0.5291
0.4900 0.5401
0.5000 0.5511
0.5100 0.5621
0.5200 0.5732
0.5300 0.5842
0.5400 0.5952
0.5500 0.6062
0.5600 0.6173
0.5700 0.6283
0.5800 0.6393
0.5900 0.6503
0.6000 0.6613
0.6100 0.6724
0.6200 0.6834
0.6300 0.6944
0.6400 0.7054
0.6500 0.7165
0.6600 0.7275
0.6700 0.7385
0.6800 0.7495
0.6900 0.7605
0.7000 0.7716
0.7100 0.7826
0.7200 0.7936
0.7300 0.8046
0.7400 0.8157
0.7500 0.8267
0.7600 0.8377
0.7700 0.8487
0.7800 0.8597
0.7900 0.8708
0.8000 0.8818
0.8100 0.8928
0.8200 0.9038
0.8300 0.9149
0.8400 0.9259
0.8500 0.9369
0.8600 0.9479
0.8700 0.9589
0.8800 0.9700
0.8900 0.9810
0.9000 0.9920
0.9100 1.0030
0.9200 1.0141
0.9300 1.0251
0.9400 1.0361
0.9500 1.0471
0.9600 1.0581
0.9700 1.0692
0.9800 1.0802
0.9900 1.0912
1.0000 1.1022
1.0100 1.1133
1.0200 1.1243
1.0300 1.1353
1.0400 1.1463
1.0500 1.1573
1.0600 1.1684
1.0700 1.1794
1.0800 1.1904
1.0900 1.2014
1.1000 1.2125
1.1100 1.2235
1.1200 1.2345
1.1300 1.2455
1.1400 1.2566
1.1500 1.2676
1.1600 1.2786
1.1700 1.2896
1.1800 1.3006
1.1900 1.3117
1.2000 1.3227
1.2100 1.3337
1.2200 1.3447
1.2300 1.3558
1.2400 1.3668
1.2500 1.3778
1.2600 1.3888
1.2700 1.3998
1.2800 1.4109
1.2900 1.4219
1.3000 1.4329
1.3100 1.4439
1.3200 1.4550
1.3300 1.4660
1.3400 1.4770
1.3500 1.4880
1.3600 1.4990
1.3700 1.5101
1.3800 1.5211
1.3900 1.5321
1.4000 1.5431
1.4100 1.5542
1.4200 1.5652
1.4300 1.5762
1.4400 1.5872
1.4500 1.5982
1.4600 1.6093
1.4700 1.6203
1.4800 1.6313
1.4900 1.6423
1.5000 1.6534
