1.0000 0.0000
2.0000 0.0000
3.0000 0.0000
4.0000 0.0000
5.0000 0.0000
6.0000 0.0000
7.0000 0.0000
8.0000 0.0000
9.0000 0.0000
10.0000 0.0000
11.0000 0.0000
12.0000 0.0000
13.0000 0.0000
14.0000 0.0000
15.0000 0.0000
16.0000 0.0709
17.0000 0.1373
18.0000 0.1994
19.0000 0.2575
20.0000 0.3118
21.0000 0.3627
22.0000 0.4103
23.0000 0.4548
24.0000 0.4964
25.0000 0.5354
26.0000 0.5719
27.0000 0.6060
28.0000 0.6379
29.0000 0.6678
30.0000 0.6957
31.0000 0.7219
32.0000 0.7464
33.0000 0.7692
34.0000 0.7907
35.0000 0.8107
36.0000 0.8295
37.0000 0.8470
38.0000 0.8634
39.0000 0.8788
40.0000 0.8932
41.0000 0.9066
42.0000 0.9192
43.0000 0.9310
44.0000 0.9420
45.0000 0.9523
46.0000 0.9619
47.0000 0.9710
48.0000 0.9794
49.0000 0.9873
50.0000 0.9947
51.0000 1.0016
52.0000 1.0081
53.0000 1.0141
54.0000 1.0198
55.0000 1.0251
56.0000 1.0301
57.0000 1.0347
58.0000 1.0391
59.0000 1.0431
60.0000 1.0469
61.0000 1.0505
62.0000 1.0538
63.0000 1.0569
64.0000 1.0598
65.0000 1.0626
66.0000 1.0651
67.0000 1.0675
68.0000 1.0697
69.0000 1.0718
70.0000 1.0738
71.0000 1.0756
72.0000 1.0773
73.0000 1.0789
74.0000 1.0804
75.0000 1.0818
76.0000 1.0832
77.0000 1.0844
78.0000 1.0855
79.0000 1.0866
80.0000 1.0876
81.0000 1.0886
82.0000 1.0894
83.0000 1.0903
84.0000 1.0910
85.0000 1.0917
86.0000 1.0924
87.0000 1.0931
88.0000 1.0936
89.0000 1.0942
90.0000 1.0947
91.0000 1.0952
92.0000 1.0957
93.0000 1.0961
94.0000 1.0965
95.0000 1.0968
96.0000 1.0972
97.0000 1.0975
98.0000 1.0978
99.0000 1.0981
100.0000 1.0984
101.0000 1.0986
102.0000 1.0989
103.0000 1.0991
104.0000 1.0993
105.0000 1.0995
106.0000 1.0996
107.0000 1.0998
108.0000 1.1000
109.0000 1.1001
110.0000 1.1003
111.0000 1.1004
112.0000 1.1005
113.0000 1.1006
114.0000 1.1007
115.0000 1.1008
116.0000 1.1009
117.0000 1.1010
118.0000 1.1011
119.0000 1.1011
120.0000 1.1012
121.0000 1.1013
122.0000 1.1013
123.0000 1.1014
124.0000 1.1015
125.0000 1.1015
126.0000 1.1016
127.0000 1.1016
128.0000 1.1016
129.0000 1.1017
130.0000 1.1017
131.0000 1.1017
132.0000 1.1018
133.0000 1.1018
134.0000 1.1018
135.0000 1.1019
136.0000 1.1019
137.0000 1.1019
138.0000 1.1019
139.0000 1.1020
140.0000 1.1020
141.0000 1.1020
142.0000 1.1020
143.0000 1.1020
144.0000 1.1020
145.0000 1.1020
146.0000 1.1021
147.0000 1.1021
148.0000 1.1021
149.0000 1.1021
150.0000 1.1021
151.0000 1.1021
152.0000 1.1021
153.0000 1.1021
154.0000 1.1021
155.0000 1.1021
156.0000 1.1021
157.0000 1.1022
158.0000 1.1022
159.0000 1.1022
160.0000 1.1022
161.0000 1.1022
162.0000 1.1022
163.0000 1.1022
164.0000 1.1022
165.0000 1.1022
166.0000 1.1022
167.0000 1.1022
168.0000 1.1022
169.0000 1.1022
170.0000 1.1022
171.0000 1.1022
172.0000 1.1022
173.0000 1.1022
174.0000 1.1022
175.0000 1.1022
176.0000 1.1022
177.0000 1.1022
178.0000 1.1022
179.0000 1.1022
180.0000 1.1022
181.0000 1.1022
182.0000 1.1022
183.0000 1.1022
184.0000 1.1022
185.0000 1.1022
186.0000 1.1022
187.0000 1.1022
188.0000 1.1022
189.0000 1.1022
190.0000 1.1022
191.0000 1.1022
192.0000 1.1022
193.0000 1.1022
194.0000 1.1022
195.0000 1.1022
196.0000 1.1022
197.0000 1.1022
198.0000 1.1022
199.0000 1.1022
200.0000 1.1022
