1.0000 0.0000
2.0000 0.0000
3.0000 0.0000
4.0000 0.0000
5.0000 0.0000
6.0000 0.0000
7.0000 0.0000
8.0000 0.0709
9.0000 0.1373
10.0000 0.1994
11.0000 0.2575
12.0000 0.3118
13.0000 0.3627
14.0000 0.4103
15.0000 0.4548
16.0000 0.4964
17.0000 0.5354
18.0000 0.5719
19.0000 0.6060
20.0000 0.6379
21.0000 0.6678
22.0000 0.6957
23.0000 0.7219
24.0000 0.7464
25.0000 0.7692
26.0000 0.7907
27.0000 0.8107
28.0000 0.8295
29.0000 0.8470
30.0000 0.8634
31.0000 0.8788
32.0000 0.8932
33.0000 0.9066
34.0000 0.9192
35.0000 0.9310
36.0000 0.9420
37.0000 0.9523
38.0000 0.9619
39.0000 0.9710
40.0000 0.9794
41.0000 0.9873
42.0000 0.9947
43.0000 1.0016
44.0000 1.0081
45.0000 1.0141
46.0000 1.0198
47.0000 1.0251
48.0000 1.0301
49.0000 1.0347
50.0000 1.0391
51.0000 1.0431
52.0000 1.0469
53.0000 1.0505
54.0000 1.0538
55.0000 1.0569
56.0000 1.0598
57.0000 1.0626
58.0000 1.0651
59.0000 1.0675
60.0000 1.0697
61.0000 1.0718
62.0000 1.0738
63.0000 1.0756
64.0000 1.0773
65.0000 1.0789
66.0000 1.0804
67.0000 1.0818
68.0000 1.0832
69.0000 1.0844
70.0000 1.0855
71.0000 1.0866
72.0000 1.0876
73.0000 1.0886
74.0000 1.0894
75.0000 1.0903
76.0000 1.0910
77.0000 1.0917
78.0000 1.0924
79.0000 1.0931
80.0000 1.0936
81.0000 1.0942
82.0000 1.0947
83.0000 1.0952
84.0000 1.0957
85.0000 1.0961
86.0000 1.0965
87.0000 1.0968
88.0000 1.0972
89.0000 1.0975
90.0000 1.0978
91.0000 1.0981
92.0000 1.0984
93.0000 1.0986
94.0000 1.0989
95.0000 1.0991
96.0000 1.0993
97.0000 1.0995
98.0000 1.0996
99.0000 1.0998
100.0000 1.1000
101.0000 1.1001
102.0000 1.1003
103.0000 1.1004
104.0000 1.1005
105.0000 1.1006
106.0000 1.1007
107.0000 1.1008
108.0000 1.1009
109.0000 1.1010
110.0000 1.1011
111.0000 1.1011
112.0000 1.1012
113.0000 1.1013
114.0000 1.1013
115.0000 1.1014
116.0000 1.1015
117.0000 1.1015
118.0000 1.1016
119.0000 1.1016
120.0000 1.1016
121.0000 1.1017
122.0000 1.1017
123.0000 1.1017
124.0000 1.1018
125.0000 1.1018
126.0000 1.1018
127.0000 1.1019
128.0000 1.1019
129.0000 1.1019
130.0000 1.1019
131.0000 1.1020
132.0000 1.1020
133.0000 1.1020
134.0000 1.1020
135.0000 1.1020
136.0000 1.1020
137.0000 1.1020
138.0000 1.1021
139.0000 1.1021
140.0000 1.1021
141.0000 1.1021
142.0000 1.1021
143.0000 1.1021
144.0000 1.1021
145.0000 1.1021
146.0000 1.1021
147.0000 1.1021
148.0000 1.1021
149.0000 1.1022
150.0000 1.1022
151.0000 1.1022
152.0000 1.1022
153.0000 1.1022
154.0000 1.1022
155.0000 1.1022
156.0000 1.1022
157.0000 1.1022
158.0000 1.1022
159.0000 1.1022
160.0000 1.1022
161.0000 1.1022
162.0000 1.1022
163.0000 1.1022
164.0000 1.1022
165.0000 1.1022
166.0000 1.1022
167.0000 1.1022
168.0000 1.1022
169.0000 1.1022
170.0000 1.1022
171.0000 1.1022
172.0000 1.1022
173.0000 1.1022
174.0000 1.1022
175.0000 1.1022
176.0000 1.1022
177.0000 1.1022
178.0000 1.1022
179.0000 1.1022
180.0000 1.1022
181.0000 1.1022
182.0000 1.1022
183.0000 1.1022
184.0000 1.1022
185.0000 1.1022
186.0000 1.1022
187.0000 1.1022
188.0000 1.1022
189.0000 1.1022
190.0000 1.1022
191.0000 1.1022
192.0000 1.1022
193.0000 1.1022
194.0000 1.1022
195.0000 1.1022
196.0000 1.1022
197.0000 1.1022
198.0000 1.1022
199.0000 1.1022
200.0000 1.1022
201.0000 1.1022
202.0000 1.1022
203.0000 1.1022
204.0000 1.1022
205.0000 1.1022
206.0000 1.1022
207.0000 1.1022
208.0000 1.1022
209.0000 1.1022
210.0000 1.1022
211.0000 1.1022
212.0000 1.1022
213.0000 1.1022
214.0000 1.1022
215.0000 1.1022
216.0000 1.1022
217.0000 1.1022
218.0000 1.1022
219.0000 1.1022
220.0000 1.1022
221.0000 1.1022
222.0000 1.1022
223.0000 1.1022
224.0000 1.1022
225.0000 1.1022
226.0000 1.1022
227.0000 1.1022
228.0000 1.1022
229.0000 1.1022
230.0000 1.1022
231.0000 1.1022
232.0000 1.1022
233.0000 1.1022
234.0000 1.1022
235.0000 1.1022
236.0000 1.1022
237.0000 1.1022
238.0000 1.1022
239.0000 1.1022
240.0000 1.1022
241.0000 1.1022
242.0000 1.1022
243.0000 1.1022
244.0000 1.1022
245.0000 1.1022
246.0000 1.1022
247.0000 1.1022
248.0000 1.1022
249.0000 1.1022
250.0000 1.1022
251.0000 1.1022
252.0000 1.1022
253.0000 1.1022
254.0000 1.1022
255.0000 1.1022
256.0000 1.1022
257.0000 1.1022
258.0000 1.1022
259.0000 1.1022
260.0000 1.1022
261.0000 1.1022
262.0000 1.1022
263.0000 1.1022
264.0000 1.1022
265.0000 1.1022
266.0000 1.1022
267.0000 1.1022
268.0000 1.1022
269.0000 1.1022
270.0000 1.1022
271.0000 1.1022
272.0000 1.1022
273.0000 1.1022
274.0000 1.1022
275.0000 1.1022
276.0000 1.1022
277.0000 1.1022
278.0000 1.1022
279.0000 1.1022
280.0000 1.1022
281.0000 1.1022
282.0000 1.1022
283.0000 1.1022
284.0000 1.1022
285.0000 1.1022
286.0000 1.1022
287.0000 1.1022
288.0000 1.1022
289.0000 1.1022
290.0000 1.1022
291.0000 1.1022
292.0000 1.1022
