1.0000 0.0000
2.0000 0.0000
3.0000 0.0000
4.0000 0.0000
5.0000 0.0000
6.0000 0.0000
7.0000 0.0000
8.0000 0.0000
9.0000 0.0000
10.0000 0.0000
11.0000 0.0000
12.0000 0.0000
13.0000 0.0000
14.0000 0.0000
15.0000 0.0000
16.0000 0.0000
17.0000 0.0000
18.0000 0.0000
19.0000 0.0000
20.0000 0.0000
21.0000 0.0000
22.0000 0.0000
23.0000 0.0000
24.0000 0.0000
25.0000 0.0000
26.0000 0.0000
27.0000 0.0000
28.0000 0.0000
29.0000 0.0000
30.0000 0.0000
31.0000 0.0000
32.0000 0.0000
33.0000 0.0000
34.0000 0.0000
35.0000 0.0000
36.0000 0.0000
37.0000 0.0000
38.0000 0.0000
39.0000 0.0000
40.0000 0.0000
41.0000 0.0000
42.0000 0.0000
43.0000 0.0000
44.0000 0.0000
45.0000 0.0000
46.0000 0.0000
47.0000 0.0000
48.0000 0.0000
49.0000 0.0000
50.0000 0.0000
51.0000 0.0000
52.0000 0.0000
53.0000 0.0000
54.0000 0.0000
55.0000 0.0000
56.0000 0.0000
57.0000 0.0209
58.0000 0.0582
59.0000 0.1082
60.0000 0.1674
61.0000 0.2328
62.0000 0.3019
63.0000 0.3725
64.0000 0.4429
65.0000 0.5117
66.0000 0.5777
67.0000 0.6401
68.0000 0.6982
69.0000 0.7517
70.0000 0.8002
71.0000 0.8438
72.0000 0.8825
73.0000 0.9163
74.0000 0.9455
75.0000 0.9703
76.0000 0.9911
77.0000 1.0081
78.0000 1.0218
79.0000 1.0324
80.0000 1.0403
81.0000 1.0460
82.0000 1.0496
83.0000 1.0514
84.0000 1.0519
85.0000 1.0512
86.0000 1.0495
87.0000 1.0472
88.0000 1.0443
89.0000 1.0410
90.0000 1.0375
91.0000 1.0338
92.0000 1.0302
93.0000 1.0266
94.0000 1.0231
95.0000 1.0198
96.0000 1.0167
97.0000 1.0138
98.0000 1.0112
99.0000 1.0089
100.0000 1.0068
101.0000 1.0050
102.0000 1.0034
103.0000 1.0020
104.0000 1.0008
105.0000 0.9999
106.0000 0.9991
107.0000 0.9985
108.0000 0.9981
109.0000 0.9977
110.0000 0.9975
111.0000 0.9974
112.0000 0.9973
113.0000 0.9973
114.0000 0.9974
115.0000 0.9975
116.0000 0.9977
117.0000 0.9978
118.0000 0.9980
119.0000 0.9982
120.0000 0.9984
121.0000 0.9986
122.0000 0.9987
123.0000 0.9989
124.0000 0.9991
125.0000 0.9992
126.0000 0.9994
127.0000 0.9995
128.0000 0.9996
129.0000 0.9997
130.0000 0.9998
131.0000 0.9999
132.0000 0.9999
133.0000 1.0000
134.0000 1.0000
135.0000 1.0001
136.0000 1.0001
137.0000 1.0001
138.0000 1.0001
139.0000 1.0001
140.0000 1.0001
141.0000 1.0001
142.0000 1.0001
143.0000 1.0001
144.0000 1.0001
145.0000 1.0001
146.0000 1.0001
147.0000 1.0001
148.0000 1.0001
149.0000 1.0001
150.0000 1.0001
151.0000 1.0001
152.0000 1.0001
153.0000 1.0000
154.0000 1.0000
155.0000 1.0000
156.0000 1.0000
157.0000 1.0000
158.0000 1.0000
159.0000 1.0001
160.0000 1.0001
161.0000 1.0002
162.0000 1.0003
163.0000 1.0004
164.0000 1.0005
165.0000 1.0006
166.0000 1.0006
167.0000 1.0007
168.0000 1.0008
169.0000 1.0009
170.0000 1.0009
171.0000 1.0010
172.0000 1.0010
173.0000 1.0010
174.0000 1.0011
175.0000 1.0010
176.0000 1.0010
177.0000 1.0010
178.0000 1.0010
179.0000 1.0009
180.0000 1.0009
181.0000 1.0008
182.0000 1.0007
183.0000 1.0007
184.0000 1.0006
185.0000 1.0005
186.0000 1.0005
187.0000 1.0004
188.0000 1.0003
189.0000 1.0003
190.0000 1.0002
191.0000 1.0002
192.0000 1.0001
193.0000 1.0001
194.0000 1.0001
195.0000 1.0000
196.0000 1.0000
197.0000 1.0000
198.0000 0.9999
199.0000 0.9999
200.0000 0.9999
201.0000 0.9999
202.0000 0.9999
203.0000 0.9999
204.0000 0.9999
205.0000 0.9999
206.0000 0.9999
207.0000 0.9999
208.0000 0.9999
209.0000 0.9999
210.0000 0.9999
211.0000 0.9999
212.0000 0.9999
213.0000 0.9999
214.0000 0.9999
215.0000 1.0000
216.0000 1.0000
217.0000 1.0000
218.0000 1.0000
219.0000 1.0000
220.0000 1.0000
221.0000 1.0000
222.0000 1.0000
223.0000 1.0000
224.0000 1.0000
225.0000 1.0000
226.0000 1.0000
227.0000 1.0000
228.0000 1.0000
229.0000 1.0000
230.0000 1.0000
231.0000 1.0000
232.0000 1.0000
233.0000 1.0000
234.0000 1.0000
235.0000 1.0000
236.0000 1.0000
237.0000 1.0000
238.0000 1.0000
239.0000 1.0000
240.0000 1.0000
241.0000 1.0000
242.0000 1.0000
243.0000 1.0000
244.0000 1.0000
245.0000 1.0000
246.0000 1.0000
247.0000 1.0000
248.0000 1.0000
249.0000 1.0000
250.0000 1.0000
251.0000 1.0000
252.0000 1.0000
253.0000 1.0000
254.0000 1.0000
255.0000 1.0000
256.0000 1.0000
257.0000 1.0000
258.0000 1.0000
259.0000 1.0000
260.0000 1.0000
261.0000 1.0000
262.0000 1.0000
263.0000 1.0000
264.0000 1.0000
265.0000 1.0000
266.0000 1.0000
267.0000 1.0000
268.0000 1.0000
269.0000 1.0000
270.0000 1.0000
271.0000 1.0000
272.0000 1.0000
273.0000 1.0000
274.0000 1.0000
275.0000 1.0000
276.0000 1.0000
277.0000 1.0000
278.0000 1.0000
279.0000 1.0000
280.0000 1.0000
281.0000 1.0000
282.0000 1.0000
283.0000 1.0000
284.0000 1.0000
285.0000 1.0000
286.0000 1.0000
287.0000 1.0000
288.0000 1.0000
289.0000 1.0000
290.0000 1.0000
291.0000 1.0000
292.0000 1.0000
293.0000 1.0000
294.0000 1.0000
295.0000 1.0000
296.0000 1.0000
297.0000 1.0000
298.0000 1.0000
299.0000 1.0000
300.0000 1.0000
