1.0000 0.0000
2.0000 0.0000
3.0000 0.0000
4.0000 0.0000
5.0000 0.0000
6.0000 0.0000
7.0000 0.0000
8.0000 0.0000
9.0000 0.0000
10.0000 0.0000
11.0000 0.0000
12.0000 0.0000
13.0000 0.0000
14.0000 0.0000
15.0000 0.0000
16.0000 0.0000
17.0000 0.0000
18.0000 0.0000
19.0000 0.0000
20.0000 0.0000
21.0000 0.0000
22.0000 0.0000
23.0000 0.0000
24.0000 0.0000
25.0000 0.0000
26.0000 0.0000
27.0000 0.0000
28.0000 0.0000
29.0000 0.0000
30.0000 0.0000
31.0000 0.0000
32.0000 0.0000
33.0000 0.0000
34.0000 0.0000
35.0000 0.0000
36.0000 0.0000
37.0000 0.0000
38.0000 0.0000
39.0000 0.0000
40.0000 0.0000
41.0000 0.0000
42.0000 0.0000
43.0000 0.0000
44.0000 0.0000
45.0000 0.0000
46.0000 0.0000
47.0000 0.0000
48.0000 0.0000
49.0000 0.0000
50.0000 0.0000
51.0000 0.0000
52.0000 0.0000
53.0000 0.0000
54.0000 0.0000
55.0000 0.0000
56.0000 0.0000
57.0000 0.1064
58.0000 0.2311
59.0000 0.3475
60.0000 0.4492
61.0000 0.5361
62.0000 0.6096
63.0000 0.6715
64.0000 0.7237
65.0000 0.7675
66.0000 0.8045
67.0000 0.8355
68.0000 0.8616
69.0000 0.8836
70.0000 0.9021
71.0000 0.9176
72.0000 0.9307
73.0000 0.9417
74.0000 0.9510
75.0000 0.9587
76.0000 0.9653
77.0000 0.9708
78.0000 0.9754
79.0000 0.9793
80.0000 0.9826
81.0000 0.9854
82.0000 0.9877
83.0000 0.9897
84.0000 0.9913
85.0000 0.9927
86.0000 0.9938
87.0000 0.9948
88.0000 0.9956
89.0000 0.9963
90.0000 0.9969
91.0000 0.9974
92.0000 0.9978
93.0000 0.9982
94.0000 0.9985
95.0000 0.9987
96.0000 0.9989
97.0000 0.9991
98.0000 0.9992
99.0000 0.9993
100.0000 0.9995
101.0000 0.9995
102.0000 0.9996
103.0000 0.9997
104.0000 0.9997
105.0000 0.9998
106.0000 0.9998
107.0000 0.9998
108.0000 0.9999
109.0000 0.9999
110.0000 0.9999
111.0000 0.9999
112.0000 0.9999
113.0000 0.9999
114.0000 1.0000
115.0000 1.0000
116.0000 1.0000
117.0000 1.0000
118.0000 1.0000
119.0000 1.0000
120.0000 1.0000
121.0000 1.0000
122.0000 1.0000
123.0000 1.0000
124.0000 1.0000
125.0000 1.0000
126.0000 1.0000
127.0000 1.0000
128.0000 1.0000
129.0000 1.0000
130.0000 1.0000
131.0000 1.0000
132.0000 1.0000
133.0000 1.0000
134.0000 1.0000
135.0000 1.0000
136.0000 1.0000
137.0000 1.0000
138.0000 1.0000
139.0000 1.0000
140.0000 1.0000
141.0000 1.0000
142.0000 1.0000
143.0000 1.0000
144.0000 1.0000
145.0000 1.0000
146.0000 1.0000
147.0000 1.0000
148.0000 1.0000
149.0000 1.0000
150.0000 1.0000
151.0000 1.0000
152.0000 1.0000
153.0000 1.0000
154.0000 1.0000
155.0000 1.0000
156.0000 1.0000
157.0000 1.0002
158.0000 1.0005
159.0000 1.0008
160.0000 1.0010
161.0000 1.0012
162.0000 1.0012
163.0000 1.0013
164.0000 1.0013
165.0000 1.0012
166.0000 1.0012
167.0000 1.0011
168.0000 1.0010
169.0000 1.0009
170.0000 1.0008
171.0000 1.0008
172.0000 1.0007
173.0000 1.0006
174.0000 1.0006
175.0000 1.0005
176.0000 1.0004
177.0000 1.0004
178.0000 1.0003
179.0000 1.0003
180.0000 1.0003
181.0000 1.0002
182.0000 1.0002
183.0000 1.0002
184.0000 1.0002
185.0000 1.0001
186.0000 1.0001
187.0000 1.0001
188.0000 1.0001
189.0000 1.0001
190.0000 1.0001
191.0000 1.0001
192.0000 1.0001
193.0000 1.0000
194.0000 1.0000
195.0000 1.0000
196.0000 1.0000
197.0000 1.0000
198.0000 1.0000
199.0000 1.0000
200.0000 1.0000
201.0000 1.0000
202.0000 1.0000
203.0000 1.0000
204.0000 1.0000
205.0000 1.0000
206.0000 1.0000
207.0000 1.0000
208.0000 1.0000
209.0000 1.0000
210.0000 1.0000
211.0000 1.0000
212.0000 1.0000
213.0000 1.0000
214.0000 1.0000
215.0000 1.0000
216.0000 1.0000
217.0000 1.0000
218.0000 1.0000
219.0000 1.0000
220.0000 1.0000
221.0000 1.0000
222.0000 1.0000
223.0000 1.0000
224.0000 1.0000
225.0000 1.0000
226.0000 1.0000
227.0000 1.0000
228.0000 1.0000
229.0000 1.0000
230.0000 1.0000
231.0000 1.0000
232.0000 1.0000
233.0000 1.0000
234.0000 1.0000
235.0000 1.0000
236.0000 1.0000
237.0000 1.0000
238.0000 1.0000
239.0000 1.0000
240.0000 1.0000
241.0000 1.0000
242.0000 1.0000
243.0000 1.0000
244.0000 1.0000
245.0000 1.0000
246.0000 1.0000
247.0000 1.0000
248.0000 1.0000
249.0000 1.0000
250.0000 1.0000
251.0000 1.0000
252.0000 1.0000
253.0000 1.0000
254.0000 1.0000
255.0000 1.0000
256.0000 1.0000
257.0000 1.0000
258.0000 1.0000
259.0000 1.0000
260.0000 1.0000
261.0000 1.0000
262.0000 1.0000
263.0000 1.0000
264.0000 1.0000
265.0000 1.0000
266.0000 1.0000
267.0000 1.0000
268.0000 1.0000
269.0000 1.0000
270.0000 1.0000
271.0000 1.0000
272.0000 1.0000
273.0000 1.0000
274.0000 1.0000
275.0000 1.0000
276.0000 1.0000
277.0000 1.0000
278.0000 1.0000
279.0000 1.0000
280.0000 1.0000
281.0000 1.0000
282.0000 1.0000
283.0000 1.0000
284.0000 1.0000
285.0000 1.0000
286.0000 1.0000
287.0000 1.0000
288.0000 1.0000
289.0000 1.0000
290.0000 1.0000
291.0000 1.0000
292.0000 1.0000
293.0000 1.0000
294.0000 1.0000
295.0000 1.0000
296.0000 1.0000
297.0000 1.0000
298.0000 1.0000
299.0000 1.0000
300.0000 1.0000
