1.0000 0.0000
2.0000 0.0000
3.0000 0.0000
4.0000 0.0000
5.0000 0.0000
6.0000 0.0000
7.0000 0.0000
8.0000 0.0000
9.0000 0.0000
10.0000 0.0000
11.0000 0.0000
12.0000 0.0000
13.0000 0.0000
14.0000 0.0000
15.0000 0.0000
16.0000 0.0000
17.0000 0.0000
18.0000 0.0000
19.0000 0.0000
20.0000 0.0000
21.0000 0.0000
22.0000 0.0000
23.0000 0.0000
24.0000 0.0000
25.0000 0.0000
26.0000 0.0000
27.0000 0.0000
28.0000 0.0000
29.0000 0.0000
30.0000 0.0000
31.0000 0.0000
32.0000 0.0000
33.0000 0.0000
34.0000 0.0000
35.0000 0.0000
36.0000 0.0000
37.0000 0.0000
38.0000 0.0000
39.0000 0.0000
40.0000 0.0000
41.0000 0.0000
42.0000 0.0000
43.0000 0.0000
44.0000 0.0000
45.0000 0.0000
46.0000 0.0000
47.0000 0.0000
48.0000 0.0000
49.0000 0.0000
50.0000 0.0000
51.0000 0.0000
52.0000 0.0001
53.0000 0.0001
54.0000 0.0001
55.0000 0.0001
56.0000 0.0001
57.0000 0.0001
58.0000 0.0002
59.0000 0.0002
60.0000 0.0002
61.0000 0.0002
62.0000 0.0002
63.0000 0.0002
64.0000 0.0003
65.0000 0.0003
66.0000 0.0003
67.0000 0.0003
68.0000 0.0003
69.0000 0.0003
70.0000 0.0004
71.0000 0.0004
72.0000 0.0004
73.0000 0.0004
74.0000 0.0004
75.0000 0.0004
76.0000 0.0005
77.0000 0.0005
78.0000 0.0005
79.0000 0.0005
80.0000 0.0005
81.0000 0.0005
82.0000 0.0006
83.0000 0.0006
84.0000 0.0006
85.0000 0.0006
86.0000 0.0006
87.0000 0.0006
88.0000 0.0007
89.0000 0.0007
90.0000 0.0007
91.0000 0.0007
92.0000 0.0007
93.0000 0.0007
94.0000 0.0008
95.0000 0.0008
96.0000 0.0008
97.0000 0.0008
98.0000 0.0008
99.0000 0.0008
100.0000 0.0009
101.0000 0.0009
102.0000 0.0009
103.0000 0.0009
104.0000 0.0009
105.0000 0.0009
106.0000 0.0010
107.0000 0.0010
108.0000 0.0010
109.0000 0.0010
110.0000 0.0010
111.0000 0.0011
112.0000 0.0011
113.0000 0.0011
114.0000 0.0011
115.0000 0.0011
116.0000 0.0011
117.0000 0.0012
118.0000 0.0012
119.0000 0.0012
120.0000 0.0012
121.0000 0.0012
122.0000 0.0012
123.0000 0.0013
124.0000 0.0013
125.0000 0.0013
126.0000 0.0013
127.0000 0.0013
128.0000 0.0013
129.0000 0.0014
130.0000 0.0014
131.0000 0.0014
132.0000 0.0014
133.0000 0.0014
134.0000 0.0014
135.0000 0.0015
136.0000 0.0015
137.0000 0.0015
138.0000 0.0015
139.0000 0.0015
140.0000 0.0015
141.0000 0.0016
142.0000 0.0016
143.0000 0.0016
144.0000 0.0016
145.0000 0.0016
146.0000 0.0016
147.0000 0.0017
148.0000 0.0017
149.0000 0.0017
150.0000 0.0017
151.0000 0.0017
152.0000 0.0017
153.0000 0.0018
154.0000 0.0018
155.0000 0.0018
156.0000 0.0018
157.0000 0.0018
158.0000 0.0018
159.0000 0.0019
160.0000 0.0019
161.0000 0.0019
162.0000 0.0019
163.0000 0.0019
164.0000 0.0019
165.0000 0.0020
166.0000 0.0020
167.0000 0.0020
168.0000 0.0020
169.0000 0.0020
170.0000 0.0021
171.0000 0.0021
172.0000 0.0021
173.0000 0.0021
174.0000 0.0021
175.0000 0.0021
176.0000 0.0022
177.0000 0.0022
178.0000 0.0022
179.0000 0.0022
180.0000 0.0022
181.0000 0.0022
182.0000 0.0023
183.0000 0.0023
184.0000 0.0023
185.0000 0.0023
186.0000 0.0023
187.0000 0.0023
188.0000 0.0024
189.0000 0.0024
190.0000 0.0024
191.0000 0.0024
192.0000 0.0024
193.0000 0.0024
194.0000 0.0025
195.0000 0.0025
196.0000 0.0025
197.0000 0.0025
198.0000 0.0025
199.0000 0.0025
200.0000 0.0026
201.0000 0.0026
202.0000 0.0026
203.0000 0.0026
204.0000 0.0026
205.0000 0.0026
206.0000 0.0027
207.0000 0.0027
208.0000 0.0027
209.0000 0.0027
210.0000 0.0027
211.0000 0.0027
212.0000 0.0028
213.0000 0.0028
214.0000 0.0028
215.0000 0.0028
216.0000 0.0028
217.0000 0.0028
218.0000 0.0029
219.0000 0.0029
220.0000 0.0029
221.0000 0.0029
222.0000 0.0029
223.0000 0.0029
224.0000 0.0030
225.0000 0.0030
226.0000 0.0030
227.0000 0.0030
228.0000 0.0030
229.0000 0.0030
230.0000 0.0031
231.0000 0.0031
232.0000 0.0031
233.0000 0.0031
234.0000 0.0031
235.0000 0.0032
236.0000 0.0032
237.0000 0.0032
238.0000 0.0032
239.0000 0.0032
240.0000 0.0032
241.0000 0.0033
242.0000 0.0033
243.0000 0.0033
244.0000 0.0033
245.0000 0.0033
246.0000 0.0033
247.0000 0.0034
248.0000 0.0034
249.0000 0.0034
250.0000 0.0034
251.0000 0.0034
252.0000 0.0034
253.0000 0.0035
254.0000 0.0035
255.0000 0.0035
256.0000 0.0035
257.0000 0.0035
258.0000 0.0035
259.0000 0.0036
260.0000 0.0036
261.0000 0.0036
262.0000 0.0036
263.0000 0.0036
264.0000 0.0036
265.0000 0.0037
266.0000 0.0037
267.0000 0.0037
268.0000 0.0037
269.0000 0.0037
270.0000 0.0037
271.0000 0.0038
272.0000 0.0038
273.0000 0.0038
274.0000 0.0038
275.0000 0.0038
276.0000 0.0038
277.0000 0.0039
278.0000 0.0039
279.0000 0.0039
280.0000 0.0039
281.0000 0.0039
282.0000 0.0039
283.0000 0.0040
284.0000 0.0040
285.0000 0.0040
286.0000 0.0040
287.0000 0.0040
288.0000 0.0040
289.0000 0.0041
290.0000 0.0041
291.0000 0.0041
292.0000 0.0041
293.0000 0.0041
294.0000 0.0041
295.0000 0.0042
296.0000 0.0042
297.0000 0.0042
298.0000 0.0042
299.0000 0.0042
300.0000 0.0042
