1.0000 0.0000
2.0000 0.0000
3.0000 0.0000
4.0000 0.0000
5.0000 0.0000
6.0000 0.0000
7.0000 0.0000
8.0000 0.0000
9.0000 0.0000
10.0000 0.0000
11.0000 0.0000
12.0000 0.0000
13.0000 0.0000
14.0000 0.0000
15.0000 0.0000
16.0000 0.0000
17.0000 0.0000
18.0000 0.0000
19.0000 0.0000
20.0000 0.0000
21.0000 0.0000
22.0000 0.0000
23.0000 0.0000
24.0000 0.0000
25.0000 0.0000
26.0000 0.0000
27.0000 0.0000
28.0000 0.0000
29.0000 0.0000
30.0000 0.0000
31.0000 0.0000
32.0000 0.0000
33.0000 0.0000
34.0000 0.0000
35.0000 0.0000
36.0000 0.0000
37.0000 0.0000
38.0000 0.0000
39.0000 0.0000
40.0000 0.0000
41.0000 0.0000
42.0000 0.0000
43.0000 0.0000
44.0000 0.0000
45.0000 0.0000
46.0000 0.0000
47.0000 0.0000
48.0000 0.0000
49.0000 0.0000
50.0000 2.4145
51.0000 3.3510
52.0000 3.3958
53.0000 2.9918
54.0000 2.4350
55.0000 1.8980
56.0000 1.4627
57.0000 1.1523
58.0000 0.9568
59.0000 0.8516
60.0000 0.8092
61.0000 0.8050
62.0000 0.8204
63.0000 0.8429
64.0000 0.8651
65.0000 0.8833
66.0000 0.8964
67.0000 0.9047
68.0000 0.9093
69.0000 0.9112
70.0000 0.9115
71.0000 0.9109
72.0000 0.9100
73.0000 0.9090
74.0000 0.9083
75.0000 0.9077
76.0000 0.9074
77.0000 0.9072
78.0000 0.9071
79.0000 0.9071
80.0000 0.9071
81.0000 0.9071
82.0000 0.9072
83.0000 0.9072
84.0000 0.9072
85.0000 0.9072
86.0000 0.9072
87.0000 0.9072
88.0000 0.9072
89.0000 0.9072
90.0000 0.9072
91.0000 0.9072
92.0000 0.9072
93.0000 0.9072
94.0000 0.9072
95.0000 0.9072
96.0000 0.9072
97.0000 0.9072
98.0000 0.9072
99.0000 0.9072
100.0000 0.9072
101.0000 0.9072
102.0000 0.9072
103.0000 0.9072
104.0000 0.9072
105.0000 0.9072
106.0000 0.9072
107.0000 0.9072
108.0000 0.9072
109.0000 0.9072
110.0000 0.9072
111.0000 0.9072
112.0000 0.9072
113.0000 0.9072
114.0000 0.9072
115.0000 0.9072
116.0000 0.9072
117.0000 0.9072
118.0000 0.9072
119.0000 0.9072
120.0000 0.9072
121.0000 0.9072
122.0000 0.9072
123.0000 0.9072
124.0000 0.9072
125.0000 0.9072
126.0000 0.9072
127.0000 0.9072
128.0000 0.9072
129.0000 0.9072
130.0000 0.9072
131.0000 0.9072
132.0000 0.9072
133.0000 0.9072
134.0000 0.9072
135.0000 0.9072
136.0000 0.9072
137.0000 0.9072
138.0000 0.9072
139.0000 0.9072
140.0000 0.9072
141.0000 0.9072
142.0000 0.9072
143.0000 0.9072
144.0000 0.9072
145.0000 0.9072
146.0000 0.9072
147.0000 0.9072
148.0000 0.9072
149.0000 0.9072
150.0000 0.9136
151.0000 0.9182
152.0000 0.9187
153.0000 0.9159
154.0000 0.9116
155.0000 0.9073
156.0000 0.9040
157.0000 0.9021
158.0000 0.9015
159.0000 0.9019
160.0000 0.9029
161.0000 0.9042
162.0000 0.9053
163.0000 0.9063
164.0000 0.9070
165.0000 0.9074
166.0000 0.9077
167.0000 0.9077
168.0000 0.9077
169.0000 0.9076
170.0000 0.9075
171.0000 0.9074
172.0000 0.9073
173.0000 0.9073
174.0000 0.9072
175.0000 0.9072
176.0000 0.9072
177.0000 0.9072
178.0000 0.9072
179.0000 0.9072
180.0000 0.9072
181.0000 0.9072
182.0000 0.9072
183.0000 0.9072
184.0000 0.9072
185.0000 0.9072
186.0000 0.9072
187.0000 0.9072
188.0000 0.9072
189.0000 0.9072
190.0000 0.9072
191.0000 0.9072
192.0000 0.9072
193.0000 0.9072
194.0000 0.9072
195.0000 0.9072
196.0000 0.9072
197.0000 0.9072
198.0000 0.9072
199.0000 0.9072
200.0000 0.9072
201.0000 0.9072
202.0000 0.9072
203.0000 0.9072
204.0000 0.9072
205.0000 0.9072
206.0000 0.9072
207.0000 0.9072
208.0000 0.9072
209.0000 0.9072
210.0000 0.9072
211.0000 0.9072
212.0000 0.9072
213.0000 0.9072
214.0000 0.9072
215.0000 0.9072
216.0000 0.9072
217.0000 0.9072
218.0000 0.9072
219.0000 0.9072
220.0000 0.9072
221.0000 0.9072
222.0000 0.9072
223.0000 0.9072
224.0000 0.9072
225.0000 0.9072
226.0000 0.9072
227.0000 0.9072
228.0000 0.9072
229.0000 0.9072
230.0000 0.9072
231.0000 0.9072
232.0000 0.9072
233.0000 0.9072
234.0000 0.9072
235.0000 0.9072
236.0000 0.9072
237.0000 0.9072
238.0000 0.9072
239.0000 0.9072
240.0000 0.9072
241.0000 0.9072
242.0000 0.9072
243.0000 0.9072
244.0000 0.9072
245.0000 0.9072
246.0000 0.9072
247.0000 0.9072
248.0000 0.9072
249.0000 0.9072
250.0000 0.9073
251.0000 0.9073
252.0000 0.9073
253.0000 0.9073
254.0000 0.9072
255.0000 0.9072
256.0000 0.9072
257.0000 0.9072
258.0000 0.9072
259.0000 0.9072
260.0000 0.9072
261.0000 0.9072
262.0000 0.9072
263.0000 0.9073
264.0000 0.9073
265.0000 0.9073
266.0000 0.9073
267.0000 0.9073
268.0000 0.9072
269.0000 0.9072
270.0000 0.9072
271.0000 0.9072
272.0000 0.9072
273.0000 0.9072
274.0000 0.9072
275.0000 0.9072
276.0000 0.9072
277.0000 0.9072
278.0000 0.9072
279.0000 0.9072
280.0000 0.9072
281.0000 0.9072
282.0000 0.9072
283.0000 0.9072
284.0000 0.9072
285.0000 0.9072
286.0000 0.9072
287.0000 0.9072
288.0000 0.9072
289.0000 0.9072
290.0000 0.9072
291.0000 0.9072
292.0000 0.9072
293.0000 0.9072
294.0000 0.9072
295.0000 0.9072
296.0000 0.9072
297.0000 0.9072
298.0000 0.9072
299.0000 0.9072
300.0000 0.9072
