1.0000 0.0000
2.0000 0.0000
3.0000 0.0000
4.0000 0.0000
5.0000 0.0000
6.0000 0.0000
7.0000 0.0000
8.0000 0.0000
9.0000 0.0000
10.0000 0.0000
11.0000 0.0000
12.0000 0.0000
13.0000 0.0000
14.0000 0.0000
15.0000 0.0000
16.0000 0.0000
17.0000 0.0000
18.0000 0.0000
19.0000 0.0000
20.0000 0.0000
21.0000 0.0000
22.0000 0.0000
23.0000 0.0000
24.0000 0.0000
25.0000 0.0000
26.0000 0.0000
27.0000 0.0000
28.0000 0.0000
29.0000 0.0000
30.0000 0.0000
31.0000 0.0000
32.0000 0.0000
33.0000 0.0000
34.0000 0.0000
35.0000 0.0000
36.0000 0.0000
37.0000 0.0000
38.0000 0.0000
39.0000 0.0000
40.0000 0.0000
41.0000 0.0000
42.0000 0.0000
43.0000 0.0000
44.0000 0.0000
45.0000 0.0000
46.0000 0.0000
47.0000 0.0000
48.0000 0.0000
49.0000 0.0000
50.0000 1.5000
51.0000 1.8536
52.0000 1.8512
53.0000 1.7501
54.0000 1.6324
55.0000 1.5225
56.0000 1.4266
57.0000 1.3447
58.0000 1.2754
59.0000 1.2170
60.0000 1.1679
61.0000 1.1265
62.0000 1.0917
63.0000 1.0624
64.0000 1.0378
65.0000 1.0170
66.0000 0.9996
67.0000 0.9849
68.0000 0.9726
69.0000 0.9622
70.0000 0.9535
71.0000 0.9462
72.0000 0.9400
73.0000 0.9348
74.0000 0.9304
75.0000 0.9267
76.0000 0.9236
77.0000 0.9210
78.0000 0.9188
79.0000 0.9170
80.0000 0.9155
81.0000 0.9142
82.0000 0.9131
83.0000 0.9121
84.0000 0.9114
85.0000 0.9107
86.0000 0.9102
87.0000 0.9097
88.0000 0.9093
89.0000 0.9090
90.0000 0.9087
91.0000 0.9085
92.0000 0.9083
93.0000 0.9081
94.0000 0.9080
95.0000 0.9079
96.0000 0.9078
97.0000 0.9077
98.0000 0.9076
99.0000 0.9075
100.0000 0.9075
101.0000 0.9075
102.0000 0.9074
103.0000 0.9074
104.0000 0.9074
105.0000 0.9074
106.0000 0.9073
107.0000 0.9073
108.0000 0.9073
109.0000 0.9073
110.0000 0.9073
111.0000 0.9073
112.0000 0.9073
113.0000 0.9073
114.0000 0.9073
115.0000 0.9073
116.0000 0.9073
117.0000 0.9073
118.0000 0.9073
119.0000 0.9073
120.0000 0.9072
121.0000 0.9072
122.0000 0.9072
123.0000 0.9072
124.0000 0.9072
125.0000 0.9072
126.0000 0.9072
127.0000 0.9072
128.0000 0.9072
129.0000 0.9072
130.0000 0.9072
131.0000 0.9072
132.0000 0.9072
133.0000 0.9072
134.0000 0.9072
135.0000 0.9072
136.0000 0.9072
137.0000 0.9072
138.0000 0.9072
139.0000 0.9072
140.0000 0.9072
141.0000 0.9072
142.0000 0.9072
143.0000 0.9072
144.0000 0.9072
145.0000 0.9072
146.0000 0.9072
147.0000 0.9072
148.0000 0.9072
149.0000 0.9072
150.0000 0.9105
151.0000 0.9118
152.0000 0.9117
153.0000 0.9110
154.0000 0.9101
155.0000 0.9093
156.0000 0.9087
157.0000 0.9082
158.0000 0.9078
159.0000 0.9075
160.0000 0.9073
161.0000 0.9071
162.0000 0.9070
163.0000 0.9069
164.0000 0.9069
165.0000 0.9069
166.0000 0.9069
167.0000 0.9069
168.0000 0.9069
169.0000 0.9069
170.0000 0.9069
171.0000 0.9070
172.0000 0.9070
173.0000 0.9070
174.0000 0.9070
175.0000 0.9070
176.0000 0.9071
177.0000 0.9071
178.0000 0.9071
179.0000 0.9071
180.0000 0.9071
181.0000 0.9071
182.0000 0.9072
183.0000 0.9072
184.0000 0.9072
185.0000 0.9072
186.0000 0.9072
187.0000 0.9072
188.0000 0.9072
189.0000 0.9072
190.0000 0.9072
191.0000 0.9072
192.0000 0.9072
193.0000 0.9072
194.0000 0.9072
195.0000 0.9072
196.0000 0.9072
197.0000 0.9072
198.0000 0.9072
199.0000 0.9072
200.0000 0.9072
201.0000 0.9072
202.0000 0.9072
203.0000 0.9072
204.0000 0.9072
205.0000 0.9072
206.0000 0.9072
207.0000 0.9072
208.0000 0.9072
209.0000 0.9072
210.0000 0.9072
211.0000 0.9072
212.0000 0.9072
213.0000 0.9072
214.0000 0.9072
215.0000 0.9072
216.0000 0.9072
217.0000 0.9072
218.0000 0.9072
219.0000 0.9072
220.0000 0.9072
221.0000 0.9072
222.0000 0.9072
223.0000 0.9072
224.0000 0.9072
225.0000 0.9072
226.0000 0.9072
227.0000 0.9072
228.0000 0.9072
229.0000 0.9072
230.0000 0.9072
231.0000 0.9072
232.0000 0.9072
233.0000 0.9072
234.0000 0.9072
235.0000 0.9072
236.0000 0.9072
237.0000 0.9072
238.0000 0.9072
239.0000 0.9072
240.0000 0.9072
241.0000 0.9072
242.0000 0.9072
243.0000 0.9072
244.0000 0.9072
245.0000 0.9072
246.0000 0.9072
247.0000 0.9072
248.0000 0.9072
249.0000 0.9072
250.0000 0.9072
251.0000 0.9073
252.0000 0.9073
253.0000 0.9072
254.0000 0.9072
255.0000 0.9072
256.0000 0.9072
257.0000 0.9072
258.0000 0.9072
259.0000 0.9072
260.0000 0.9072
261.0000 0.9072
262.0000 0.9072
263.0000 0.9072
264.0000 0.9072
265.0000 0.9072
266.0000 0.9072
267.0000 0.9072
268.0000 0.9072
269.0000 0.9072
270.0000 0.9072
271.0000 0.9072
272.0000 0.9072
273.0000 0.9072
274.0000 0.9072
275.0000 0.9072
276.0000 0.9072
277.0000 0.9072
278.0000 0.9072
279.0000 0.9072
280.0000 0.9072
281.0000 0.9072
282.0000 0.9072
283.0000 0.9072
284.0000 0.9072
285.0000 0.9072
286.0000 0.9072
287.0000 0.9072
288.0000 0.9072
289.0000 0.9072
290.0000 0.9072
291.0000 0.9072
292.0000 0.9072
293.0000 0.9072
294.0000 0.9072
295.0000 0.9072
296.0000 0.9072
297.0000 0.9072
298.0000 0.9072
299.0000 0.9072
300.0000 0.9072
