1.0000 0.0000
2.0000 0.0000
3.0000 0.0000
4.0000 0.0000
5.0000 0.0000
6.0000 0.0000
7.0000 0.0000
8.0000 0.0000
9.0000 0.0000
10.0000 0.0000
11.0000 0.0000
12.0000 0.0000
13.0000 0.0000
14.0000 0.0000
15.0000 0.0000
16.0000 0.0000
17.0000 0.0000
18.0000 0.0000
19.0000 0.0000
20.0000 0.0000
21.0000 0.0000
22.0000 0.0000
23.0000 0.0000
24.0000 0.0000
25.0000 0.0000
26.0000 0.0000
27.0000 0.0000
28.0000 0.0000
29.0000 0.0000
30.0000 0.0000
31.0000 0.0000
32.0000 0.0000
33.0000 0.0000
34.0000 0.0000
35.0000 0.0000
36.0000 0.0000
37.0000 0.0000
38.0000 0.0000
39.0000 0.0000
40.0000 0.0000
41.0000 0.0000
42.0000 0.0000
43.0000 0.0000
44.0000 0.0000
45.0000 0.0000
46.0000 0.0000
47.0000 0.0000
48.0000 0.0000
49.0000 0.0000
50.0000 0.0000
51.0000 0.0000
52.0000 0.0000
53.0000 0.0000
54.0000 0.0000
55.0000 0.0000
56.0000 0.0000
57.0000 0.0050
58.0000 0.0147
59.0000 0.0286
60.0000 0.0464
61.0000 0.0678
62.0000 0.0923
63.0000 0.1198
64.0000 0.1497
65.0000 0.1818
66.0000 0.2158
67.0000 0.2514
68.0000 0.2883
69.0000 0.3262
70.0000 0.3649
71.0000 0.4040
72.0000 0.4435
73.0000 0.4830
74.0000 0.5224
75.0000 0.5614
76.0000 0.6000
77.0000 0.6379
78.0000 0.6750
79.0000 0.7111
80.0000 0.7462
81.0000 0.7802
82.0000 0.8129
83.0000 0.8443
84.0000 0.8743
85.0000 0.9029
86.0000 0.9300
87.0000 0.9555
88.0000 0.9796
89.0000 1.0020
90.0000 1.0229
91.0000 1.0423
92.0000 1.0601
93.0000 1.0764
94.0000 1.0911
95.0000 1.1044
96.0000 1.1163
97.0000 1.1267
98.0000 1.1358
99.0000 1.1436
100.0000 1.1501
101.0000 1.1554
102.0000 1.1596
103.0000 1.1627
104.0000 1.1648
105.0000 1.1659
106.0000 1.1661
107.0000 1.1654
108.0000 1.1640
109.0000 1.1618
110.0000 1.1590
111.0000 1.1556
112.0000 1.1516
113.0000 1.1472
114.0000 1.1423
115.0000 1.1370
116.0000 1.1314
117.0000 1.1256
118.0000 1.1195
119.0000 1.1133
120.0000 1.1069
121.0000 1.1004
122.0000 1.0938
123.0000 1.0873
124.0000 1.0807
125.0000 1.0742
126.0000 1.0678
127.0000 1.0615
128.0000 1.0553
129.0000 1.0493
130.0000 1.0434
131.0000 1.0377
132.0000 1.0322
133.0000 1.0270
134.0000 1.0219
135.0000 1.0172
136.0000 1.0126
137.0000 1.0083
138.0000 1.0043
139.0000 1.0005
140.0000 0.9969
141.0000 0.9937
142.0000 0.9907
143.0000 0.9879
144.0000 0.9854
145.0000 0.9831
146.0000 0.9811
147.0000 0.9793
148.0000 0.9778
149.0000 0.9764
150.0000 0.9753
151.0000 0.9744
152.0000 0.9736
153.0000 0.9731
154.0000 0.9727
155.0000 0.9725
156.0000 0.9724
157.0000 0.9725
158.0000 0.9727
159.0000 0.9731
160.0000 0.9735
161.0000 0.9741
162.0000 0.9747
163.0000 0.9754
164.0000 0.9762
165.0000 0.9771
166.0000 0.9780
167.0000 0.9790
168.0000 0.9800
169.0000 0.9811
170.0000 0.9821
171.0000 0.9832
172.0000 0.9843
173.0000 0.9854
174.0000 0.9865
175.0000 0.9876
176.0000 0.9887
177.0000 0.9898
178.0000 0.9909
179.0000 0.9919
180.0000 0.9929
181.0000 0.9938
182.0000 0.9948
183.0000 0.9957
184.0000 0.9965
185.0000 0.9974
186.0000 0.9981
187.0000 0.9989
188.0000 0.9996
189.0000 1.0002
190.0000 1.0008
191.0000 1.0014
192.0000 1.0019
193.0000 1.0024
194.0000 1.0028
195.0000 1.0032
196.0000 1.0035
197.0000 1.0038
198.0000 1.0041
199.0000 1.0043
200.0000 1.0045
201.0000 1.0046
202.0000 1.0048
203.0000 1.0049
204.0000 1.0049
205.0000 1.0049
206.0000 1.0049
207.0000 1.0049
208.0000 1.0049
209.0000 1.0048
210.0000 1.0047
211.0000 1.0046
212.0000 1.0045
213.0000 1.0044
214.0000 1.0042
215.0000 1.0041
216.0000 1.0039
217.0000 1.0037
218.0000 1.0035
219.0000 1.0033
220.0000 1.0031
221.0000 1.0029
222.0000 1.0027
223.0000 1.0025
224.0000 1.0024
225.0000 1.0022
226.0000 1.0020
227.0000 1.0018
228.0000 1.0016
229.0000 1.0014
230.0000 1.0012
231.0000 1.0011
232.0000 1.0009
233.0000 1.0007
234.0000 1.0006
235.0000 1.0004
236.0000 1.0003
237.0000 1.0002
238.0000 1.0000
239.0000 0.9999
240.0000 0.9998
241.0000 0.9997
242.0000 0.9996
243.0000 0.9996
244.0000 0.9995
245.0000 0.9994
246.0000 0.9994
247.0000 0.9993
248.0000 0.9993
249.0000 0.9992
250.0000 0.9992
251.0000 0.9992
252.0000 0.9991
253.0000 0.9991
254.0000 0.9991
255.0000 0.9991
256.0000 0.9991
257.0000 0.9991
258.0000 0.9991
259.0000 0.9991
260.0000 0.9992
261.0000 0.9992
262.0000 0.9992
263.0000 0.9992
264.0000 0.9993
265.0000 0.9993
266.0000 0.9993
267.0000 0.9993
268.0000 0.9994
269.0000 0.9994
270.0000 0.9994
271.0000 0.9995
272.0000 0.9995
273.0000 0.9996
274.0000 0.9996
275.0000 0.9996
276.0000 0.9997
277.0000 0.9997
278.0000 0.9997
279.0000 0.9998
280.0000 0.9998
281.0000 0.9998
282.0000 0.9998
283.0000 0.9999
284.0000 0.9999
285.0000 0.9999
286.0000 1.0000
287.0000 1.0000
288.0000 1.0000
289.0000 1.0000
290.0000 1.0000
291.0000 1.0001
292.0000 1.0001
293.0000 1.0001
294.0000 1.0001
295.0000 1.0001
296.0000 1.0001
297.0000 1.0001
298.0000 1.0001
299.0000 1.0001
300.0000 1.0001
