1.0000 0.0000
2.0000 0.0000
3.0000 0.0000
4.0000 0.0000
5.0000 0.0000
6.0000 0.0000
7.0000 0.0000
8.0000 0.0000
9.0000 0.0000
10.0000 0.0000
11.0000 0.0000
12.0000 0.0000
13.0000 0.0000
14.0000 0.0000
15.0000 0.0000
16.0000 0.0000
17.0000 0.0000
18.0000 0.0000
19.0000 0.0000
20.0000 0.0000
21.0000 0.0000
22.0000 0.0000
23.0000 0.0000
24.0000 0.0000
25.0000 0.0000
26.0000 0.0000
27.0000 0.0000
28.0000 0.0000
29.0000 0.0000
30.0000 0.0000
31.0000 0.0000
32.0000 0.0000
33.0000 0.0000
34.0000 0.0000
35.0000 0.0000
36.0000 0.0000
37.0000 0.0000
38.0000 0.0000
39.0000 0.0000
40.0000 0.0000
41.0000 0.0000
42.0000 0.0000
43.0000 0.0000
44.0000 0.0000
45.0000 0.0000
46.0000 0.0000
47.0000 0.0000
48.0000 0.0000
49.0000 0.0000
50.0000 0.3759
51.0000 0.7212
52.0000 1.0303
53.0000 1.2993
54.0000 1.5259
55.0000 1.7090
56.0000 1.8489
57.0000 1.9471
58.0000 2.0058
59.0000 2.0283
60.0000 2.0182
61.0000 1.9797
62.0000 1.9173
63.0000 1.8353
64.0000 1.7383
65.0000 1.6308
66.0000 1.5168
67.0000 1.4001
68.0000 1.2841
69.0000 1.1720
70.0000 1.0661
71.0000 0.9686
72.0000 0.8811
73.0000 0.8047
74.0000 0.7401
75.0000 0.6877
76.0000 0.6473
77.0000 0.6187
78.0000 0.6012
79.0000 0.5940
80.0000 0.5959
81.0000 0.6059
82.0000 0.6228
83.0000 0.6452
84.0000 0.6720
85.0000 0.7018
86.0000 0.7335
87.0000 0.7661
88.0000 0.7986
89.0000 0.8301
90.0000 0.8599
91.0000 0.8875
92.0000 0.9122
93.0000 0.9339
94.0000 0.9523
95.0000 0.9673
96.0000 0.9789
97.0000 0.9872
98.0000 0.9924
99.0000 0.9948
100.0000 0.9945
101.0000 0.9919
102.0000 0.9873
103.0000 0.9812
104.0000 0.9738
105.0000 0.9656
106.0000 0.9567
107.0000 0.9476
108.0000 0.9385
109.0000 0.9297
110.0000 0.9213
111.0000 0.9135
112.0000 0.9065
113.0000 0.9004
114.0000 0.8951
115.0000 0.8908
116.0000 0.8875
117.0000 0.8851
118.0000 0.8835
119.0000 0.8828
120.0000 0.8828
121.0000 0.8835
122.0000 0.8847
123.0000 0.8864
124.0000 0.8884
125.0000 0.8907
126.0000 0.8932
127.0000 0.8957
128.0000 0.8982
129.0000 0.9007
130.0000 0.9031
131.0000 0.9053
132.0000 0.9073
133.0000 0.9090
134.0000 0.9105
135.0000 0.9117
136.0000 0.9127
137.0000 0.9134
138.0000 0.9138
139.0000 0.9141
140.0000 0.9141
141.0000 0.9139
142.0000 0.9136
143.0000 0.9131
144.0000 0.9126
145.0000 0.9119
146.0000 0.9113
147.0000 0.9105
148.0000 0.9098
149.0000 0.9091
150.0000 0.9086
151.0000 0.9083
152.0000 0.9080
153.0000 0.9079
154.0000 0.9079
155.0000 0.9079
156.0000 0.9080
157.0000 0.9081
158.0000 0.9082
159.0000 0.9082
160.0000 0.9082
161.0000 0.9082
162.0000 0.9081
163.0000 0.9080
164.0000 0.9078
165.0000 0.9076
166.0000 0.9074
167.0000 0.9071
168.0000 0.9068
169.0000 0.9066
170.0000 0.9063
171.0000 0.9061
172.0000 0.9059
173.0000 0.9057
174.0000 0.9055
175.0000 0.9054
176.0000 0.9054
177.0000 0.9053
178.0000 0.9054
179.0000 0.9055
180.0000 0.9056
181.0000 0.9057
182.0000 0.9059
183.0000 0.9061
184.0000 0.9063
185.0000 0.9065
186.0000 0.9068
187.0000 0.9070
188.0000 0.9072
189.0000 0.9074
190.0000 0.9076
191.0000 0.9078
192.0000 0.9079
193.0000 0.9081
194.0000 0.9081
195.0000 0.9082
196.0000 0.9082
197.0000 0.9082
198.0000 0.9082
199.0000 0.9082
200.0000 0.9081
201.0000 0.9080
202.0000 0.9079
203.0000 0.9078
204.0000 0.9077
205.0000 0.9076
206.0000 0.9075
207.0000 0.9074
208.0000 0.9073
209.0000 0.9072
210.0000 0.9071
211.0000 0.9070
212.0000 0.9070
213.0000 0.9069
214.0000 0.9069
215.0000 0.9068
216.0000 0.9068
217.0000 0.9068
218.0000 0.9068
219.0000 0.9069
220.0000 0.9069
221.0000 0.9069
222.0000 0.9070
223.0000 0.9070
224.0000 0.9070
225.0000 0.9071
226.0000 0.9071
227.0000 0.9072
228.0000 0.9072
229.0000 0.9073
230.0000 0.9073
231.0000 0.9073
232.0000 0.9073
233.0000 0.9074
234.0000 0.9074
235.0000 0.9074
236.0000 0.9074
237.0000 0.9074
238.0000 0.9074
239.0000 0.9074
240.0000 0.9074
241.0000 0.9074
242.0000 0.9073
243.0000 0.9073
244.0000 0.9073
245.0000 0.9073
246.0000 0.9073
247.0000 0.9073
248.0000 0.9073
249.0000 0.9072
250.0000 0.9072
251.0000 0.9072
252.0000 0.9072
253.0000 0.9072
254.0000 0.9072
255.0000 0.9072
256.0000 0.9072
257.0000 0.9072
258.0000 0.9072
259.0000 0.9072
260.0000 0.9072
261.0000 0.9072
262.0000 0.9072
263.0000 0.9072
264.0000 0.9072
265.0000 0.9072
266.0000 0.9072
267.0000 0.9072
268.0000 0.9072
269.0000 0.9072
270.0000 0.9072
271.0000 0.9072
272.0000 0.9072
273.0000 0.9072
274.0000 0.9073
275.0000 0.9073
276.0000 0.9073
277.0000 0.9073
278.0000 0.9073
279.0000 0.9073
280.0000 0.9073
281.0000 0.9072
282.0000 0.9072
283.0000 0.9072
284.0000 0.9072
285.0000 0.9072
286.0000 0.9072
287.0000 0.9072
288.0000 0.9072
289.0000 0.9072
290.0000 0.9072
291.0000 0.9072
292.0000 0.9072
293.0000 0.9072
294.0000 0.9072
295.0000 0.9072
296.0000 0.9072
297.0000 0.9072
298.0000 0.9072
299.0000 0.9072
300.0000 0.9072
