1.0000 0.0000
2.0000 0.0000
3.0000 0.0000
4.0000 0.0000
5.0000 0.0000
6.0000 0.0000
7.0000 0.0000
8.0000 0.0000
9.0000 0.0000
10.0000 0.0000
11.0000 0.0000
12.0000 0.0000
13.0000 0.0000
14.0000 0.0000
15.0000 0.0000
16.0000 0.0000
17.0000 0.0000
18.0000 0.0000
19.0000 0.0000
20.0000 0.0000
21.0000 0.0000
22.0000 0.0000
23.0000 0.0000
24.0000 0.0000
25.0000 0.0000
26.0000 0.0000
27.0000 0.0000
28.0000 0.0000
29.0000 0.0000
30.0000 0.0000
31.0000 0.0000
32.0000 0.0000
33.0000 0.0000
34.0000 0.0000
35.0000 0.0000
36.0000 0.0000
37.0000 0.0000
38.0000 0.0000
39.0000 0.0000
40.0000 0.0000
41.0000 0.0000
42.0000 0.0000
43.0000 0.0000
44.0000 0.0000
45.0000 0.0000
46.0000 0.0000
47.0000 0.0000
48.0000 0.0000
49.0000 0.0000
50.0000 0.0706
51.0000 0.1406
52.0000 0.2095
53.0000 0.2772
54.0000 0.3434
55.0000 0.4079
56.0000 0.4703
57.0000 0.5307
58.0000 0.5888
59.0000 0.6445
60.0000 0.6976
61.0000 0.7481
62.0000 0.7960
63.0000 0.8411
64.0000 0.8834
65.0000 0.9229
66.0000 0.9596
67.0000 0.9935
68.0000 1.0246
69.0000 1.0530
70.0000 1.0787
71.0000 1.1018
72.0000 1.1223
73.0000 1.1403
74.0000 1.1559
75.0000 1.1692
76.0000 1.1803
77.0000 1.1892
78.0000 1.1961
79.0000 1.2011
80.0000 1.2042
81.0000 1.2057
82.0000 1.2055
83.0000 1.2039
84.0000 1.2009
85.0000 1.1967
86.0000 1.1912
87.0000 1.1848
88.0000 1.1774
89.0000 1.1691
90.0000 1.1601
91.0000 1.1505
92.0000 1.1403
93.0000 1.1296
94.0000 1.1186
95.0000 1.1073
96.0000 1.0957
97.0000 1.0840
98.0000 1.0722
99.0000 1.0604
100.0000 1.0487
101.0000 1.0371
102.0000 1.0256
103.0000 1.0143
104.0000 1.0032
105.0000 0.9925
106.0000 0.9820
107.0000 0.9719
108.0000 0.9622
109.0000 0.9529
110.0000 0.9440
111.0000 0.9355
112.0000 0.9274
113.0000 0.9198
114.0000 0.9127
115.0000 0.9061
116.0000 0.8999
117.0000 0.8941
118.0000 0.8889
119.0000 0.8840
120.0000 0.8797
121.0000 0.8758
122.0000 0.8723
123.0000 0.8692
124.0000 0.8665
125.0000 0.8642
126.0000 0.8623
127.0000 0.8607
128.0000 0.8595
129.0000 0.8586
130.0000 0.8580
131.0000 0.8577
132.0000 0.8577
133.0000 0.8579
134.0000 0.8584
135.0000 0.8590
136.0000 0.8599
137.0000 0.8609
138.0000 0.8621
139.0000 0.8635
140.0000 0.8649
141.0000 0.8665
142.0000 0.8682
143.0000 0.8699
144.0000 0.8717
145.0000 0.8736
146.0000 0.8755
147.0000 0.8775
148.0000 0.8794
149.0000 0.8814
150.0000 0.8833
151.0000 0.8853
152.0000 0.8872
153.0000 0.8891
154.0000 0.8910
155.0000 0.8928
156.0000 0.8946
157.0000 0.8963
158.0000 0.8979
159.0000 0.8995
160.0000 0.9010
161.0000 0.9025
162.0000 0.9039
163.0000 0.9052
164.0000 0.9064
165.0000 0.9076
166.0000 0.9086
167.0000 0.9096
168.0000 0.9105
169.0000 0.9114
170.0000 0.9121
171.0000 0.9128
172.0000 0.9134
173.0000 0.9140
174.0000 0.9144
175.0000 0.9148
176.0000 0.9152
177.0000 0.9154
178.0000 0.9157
179.0000 0.9158
180.0000 0.9159
181.0000 0.9160
182.0000 0.9160
183.0000 0.9159
184.0000 0.9159
185.0000 0.9157
186.0000 0.9156
187.0000 0.9154
188.0000 0.9152
189.0000 0.9150
190.0000 0.9147
191.0000 0.9144
192.0000 0.9141
193.0000 0.9138
194.0000 0.9135
195.0000 0.9131
196.0000 0.9128
197.0000 0.9125
198.0000 0.9121
199.0000 0.9118
200.0000 0.9114
201.0000 0.9111
202.0000 0.9107
203.0000 0.9104
204.0000 0.9100
205.0000 0.9097
206.0000 0.9094
207.0000 0.9091
208.0000 0.9088
209.0000 0.9085
210.0000 0.9083
211.0000 0.9080
212.0000 0.9078
213.0000 0.9075
214.0000 0.9073
215.0000 0.9071
216.0000 0.9069
217.0000 0.9068
218.0000 0.9066
219.0000 0.9065
220.0000 0.9063
221.0000 0.9062
222.0000 0.9061
223.0000 0.9060
224.0000 0.9059
225.0000 0.9059
226.0000 0.9058
227.0000 0.9058
228.0000 0.9057
229.0000 0.9057
230.0000 0.9057
231.0000 0.9057
232.0000 0.9057
233.0000 0.9057
234.0000 0.9057
235.0000 0.9057
236.0000 0.9058
237.0000 0.9058
238.0000 0.9058
239.0000 0.9059
240.0000 0.9059
241.0000 0.9060
242.0000 0.9060
243.0000 0.9061
244.0000 0.9061
245.0000 0.9062
246.0000 0.9063
247.0000 0.9063
248.0000 0.9064
249.0000 0.9065
250.0000 0.9065
251.0000 0.9066
252.0000 0.9066
253.0000 0.9067
254.0000 0.9068
255.0000 0.9068
256.0000 0.9069
257.0000 0.9069
258.0000 0.9070
259.0000 0.9070
260.0000 0.9071
261.0000 0.9071
262.0000 0.9072
263.0000 0.9072
264.0000 0.9072
265.0000 0.9073
266.0000 0.9073
267.0000 0.9073
268.0000 0.9074
269.0000 0.9074
270.0000 0.9074
271.0000 0.9074
272.0000 0.9074
273.0000 0.9075
274.0000 0.9075
275.0000 0.9075
276.0000 0.9075
277.0000 0.9075
278.0000 0.9075
279.0000 0.9075
280.0000 0.9075
281.0000 0.9075
282.0000 0.9075
283.0000 0.9075
284.0000 0.9075
285.0000 0.9075
286.0000 0.9075
287.0000 0.9075
288.0000 0.9075
289.0000 0.9075
290.0000 0.9075
291.0000 0.9075
292.0000 0.9075
293.0000 0.9074
294.0000 0.9074
295.0000 0.9074
296.0000 0.9074
297.0000 0.9074
298.0000 0.9074
299.0000 0.9074
300.0000 0.9074
