1.0000 0.0000
2.0000 0.0000
3.0000 0.0000
4.0000 0.0000
5.0000 0.0000
6.0000 0.0000
7.0000 0.0000
8.0000 0.0000
9.0000 0.0000
10.0000 0.0000
11.0000 0.0000
12.0000 0.0000
13.0000 0.0000
14.0000 0.0000
15.0000 0.0000
16.0000 0.0000
17.0000 0.0000
18.0000 0.0000
19.0000 0.0000
20.0000 0.0000
21.0000 0.0000
22.0000 0.0000
23.0000 0.0000
24.0000 0.0000
25.0000 0.0000
26.0000 0.0000
27.0000 0.0000
28.0000 0.0000
29.0000 0.0000
30.0000 0.0000
31.0000 0.0000
32.0000 0.0000
33.0000 0.0000
34.0000 0.0000
35.0000 0.0000
36.0000 0.0000
37.0000 0.0000
38.0000 0.0000
39.0000 0.0000
40.0000 0.0000
41.0000 0.0000
42.0000 0.0000
43.0000 0.0000
44.0000 0.0000
45.0000 0.0000
46.0000 0.0000
47.0000 0.0000
48.0000 0.0000
49.0000 0.0000
50.0000 0.6283
51.0000 1.0825
52.0000 1.3941
53.0000 1.5914
54.0000 1.6997
55.0000 1.7405
56.0000 1.7321
57.0000 1.6895
58.0000 1.6246
59.0000 1.5471
60.0000 1.4640
61.0000 1.3808
62.0000 1.3013
63.0000 1.2277
64.0000 1.1618
65.0000 1.1041
66.0000 1.0547
67.0000 1.0134
68.0000 0.9797
69.0000 0.9527
70.0000 0.9318
71.0000 0.9159
72.0000 0.9044
73.0000 0.8964
74.0000 0.8913
75.0000 0.8884
76.0000 0.8872
77.0000 0.8873
78.0000 0.8882
79.0000 0.8897
80.0000 0.8915
81.0000 0.8935
82.0000 0.8955
83.0000 0.8975
84.0000 0.8993
85.0000 0.9009
86.0000 0.9023
87.0000 0.9035
88.0000 0.9045
89.0000 0.9054
90.0000 0.9061
91.0000 0.9066
92.0000 0.9070
93.0000 0.9073
94.0000 0.9075
95.0000 0.9076
96.0000 0.9077
97.0000 0.9077
98.0000 0.9077
99.0000 0.9077
100.0000 0.9077
101.0000 0.9076
102.0000 0.9076
103.0000 0.9075
104.0000 0.9075
105.0000 0.9074
106.0000 0.9074
107.0000 0.9074
108.0000 0.9073
109.0000 0.9073
110.0000 0.9073
111.0000 0.9073
112.0000 0.9073
113.0000 0.9072
114.0000 0.9072
115.0000 0.9072
116.0000 0.9072
117.0000 0.9072
118.0000 0.9072
119.0000 0.9072
120.0000 0.9072
121.0000 0.9072
122.0000 0.9072
123.0000 0.9072
124.0000 0.9072
125.0000 0.9072
126.0000 0.9072
127.0000 0.9072
128.0000 0.9072
129.0000 0.9072
130.0000 0.9072
131.0000 0.9072
132.0000 0.9072
133.0000 0.9072
134.0000 0.9072
135.0000 0.9072
136.0000 0.9072
137.0000 0.9072
138.0000 0.9072
139.0000 0.9072
140.0000 0.9072
141.0000 0.9072
142.0000 0.9072
143.0000 0.9072
144.0000 0.9072
145.0000 0.9072
146.0000 0.9072
147.0000 0.9072
148.0000 0.9072
149.0000 0.9072
150.0000 0.9078
151.0000 0.9085
152.0000 0.9092
153.0000 0.9098
154.0000 0.9102
155.0000 0.9104
156.0000 0.9104
157.0000 0.9102
158.0000 0.9099
159.0000 0.9095
160.0000 0.9090
161.0000 0.9085
162.0000 0.9081
163.0000 0.9077
164.0000 0.9073
165.0000 0.9070
166.0000 0.9067
167.0000 0.9065
168.0000 0.9064
169.0000 0.9063
170.0000 0.9063
171.0000 0.9063
172.0000 0.9063
173.0000 0.9064
174.0000 0.9065
175.0000 0.9066
176.0000 0.9066
177.0000 0.9067
178.0000 0.9068
179.0000 0.9069
180.0000 0.9070
181.0000 0.9070
182.0000 0.9071
183.0000 0.9071
184.0000 0.9072
185.0000 0.9072
186.0000 0.9072
187.0000 0.9073
188.0000 0.9073
189.0000 0.9073
190.0000 0.9073
191.0000 0.9073
192.0000 0.9073
193.0000 0.9073
194.0000 0.9073
195.0000 0.9073
196.0000 0.9073
197.0000 0.9073
198.0000 0.9073
199.0000 0.9073
200.0000 0.9073
201.0000 0.9073
202.0000 0.9073
203.0000 0.9072
204.0000 0.9072
205.0000 0.9072
206.0000 0.9072
207.0000 0.9072
208.0000 0.9072
209.0000 0.9072
210.0000 0.9072
211.0000 0.9072
212.0000 0.9072
213.0000 0.9072
214.0000 0.9072
215.0000 0.9072
216.0000 0.9072
217.0000 0.9072
218.0000 0.9072
219.0000 0.9072
220.0000 0.9072
221.0000 0.9072
222.0000 0.9072
223.0000 0.9072
224.0000 0.9072
225.0000 0.9072
226.0000 0.9072
227.0000 0.9072
228.0000 0.9072
229.0000 0.9072
230.0000 0.9072
231.0000 0.9072
232.0000 0.9072
233.0000 0.9072
234.0000 0.9072
235.0000 0.9072
236.0000 0.9072
237.0000 0.9072
238.0000 0.9072
239.0000 0.9072
240.0000 0.9072
241.0000 0.9072
242.0000 0.9072
243.0000 0.9072
244.0000 0.9072
245.0000 0.9072
246.0000 0.9072
247.0000 0.9072
248.0000 0.9072
249.0000 0.9072
250.0000 0.9072
251.0000 0.9072
252.0000 0.9072
253.0000 0.9072
254.0000 0.9072
255.0000 0.9072
256.0000 0.9072
257.0000 0.9072
258.0000 0.9072
259.0000 0.9072
260.0000 0.9072
261.0000 0.9072
262.0000 0.9072
263.0000 0.9072
264.0000 0.9072
265.0000 0.9072
266.0000 0.9072
267.0000 0.9072
268.0000 0.9072
269.0000 0.9072
270.0000 0.9072
271.0000 0.9072
272.0000 0.9072
273.0000 0.9072
274.0000 0.9072
275.0000 0.9072
276.0000 0.9072
277.0000 0.9072
278.0000 0.9072
279.0000 0.9072
280.0000 0.9072
281.0000 0.9072
282.0000 0.9072
283.0000 0.9072
284.0000 0.9072
285.0000 0.9072
286.0000 0.9072
287.0000 0.9072
288.0000 0.9072
289.0000 0.9072
290.0000 0.9072
291.0000 0.9072
292.0000 0.9072
293.0000 0.9072
294.0000 0.9072
295.0000 0.9072
296.0000 0.9072
297.0000 0.9072
298.0000 0.9072
299.0000 0.9072
300.0000 0.9072
