1.0000 0.0000
2.0000 0.0000
3.0000 0.0000
4.0000 0.0000
5.0000 0.0000
6.0000 0.0000
7.0000 0.0000
8.0000 0.0000
9.0000 0.0000
10.0000 0.0000
11.0000 0.0000
12.0000 0.0000
13.0000 0.0000
14.0000 0.0000
15.0000 0.0000
16.0000 0.0000
17.0000 0.0000
18.0000 0.0000
19.0000 0.0000
20.0000 0.0000
21.0000 0.0000
22.0000 0.0000
23.0000 0.0000
24.0000 0.0000
25.0000 0.0000
26.0000 0.0000
27.0000 0.0000
28.0000 0.0000
29.0000 0.0000
30.0000 0.0000
31.0000 0.0000
32.0000 0.0000
33.0000 0.0000
34.0000 0.0000
35.0000 0.0000
36.0000 0.0000
37.0000 0.0000
38.0000 0.0000
39.0000 0.0000
40.0000 0.0000
41.0000 0.0000
42.0000 0.0000
43.0000 0.0000
44.0000 0.0000
45.0000 0.0000
46.0000 0.0000
47.0000 0.0000
48.0000 0.0000
49.0000 0.0000
50.0000 0.0000
51.0000 0.0000
52.0000 0.0000
53.0000 0.0000
54.0000 0.0000
55.0000 0.0000
56.0000 0.0000
57.0000 0.0000
58.0000 0.0000
59.0000 0.0000
60.0000 0.0000
61.0000 0.0000
62.0000 0.0000
63.0000 0.0000
64.0000 0.0000
65.0000 0.0000
66.0000 0.0001
67.0000 0.0001
68.0000 0.0001
69.0000 0.0001
70.0000 0.0001
71.0000 0.0001
72.0000 0.0001
73.0000 0.0001
74.0000 0.0001
75.0000 0.0002
76.0000 0.0002
77.0000 0.0002
78.0000 0.0002
79.0000 0.0002
80.0000 0.0002
81.0000 0.0002
82.0000 0.0003
83.0000 0.0003
84.0000 0.0003
85.0000 0.0003
86.0000 0.0003
87.0000 0.0003
88.0000 0.0004
89.0000 0.0004
90.0000 0.0004
91.0000 0.0004
92.0000 0.0004
93.0000 0.0004
94.0000 0.0005
95.0000 0.0005
96.0000 0.0005
97.0000 0.0005
98.0000 0.0005
99.0000 0.0005
100.0000 0.0006
101.0000 0.0006
102.0000 0.0006
103.0000 0.0006
104.0000 0.0006
105.0000 0.0007
106.0000 0.0007
107.0000 0.0007
108.0000 0.0007
109.0000 0.0007
110.0000 0.0007
111.0000 0.0008
112.0000 0.0008
113.0000 0.0008
114.0000 0.0008
115.0000 0.0008
116.0000 0.0009
117.0000 0.0009
118.0000 0.0009
119.0000 0.0009
120.0000 0.0009
121.0000 0.0009
122.0000 0.0010
123.0000 0.0010
124.0000 0.0010
125.0000 0.0010
126.0000 0.0010
127.0000 0.0011
128.0000 0.0011
129.0000 0.0011
130.0000 0.0011
131.0000 0.0011
132.0000 0.0012
133.0000 0.0012
134.0000 0.0012
135.0000 0.0012
136.0000 0.0012
137.0000 0.0012
138.0000 0.0013
139.0000 0.0013
140.0000 0.0013
141.0000 0.0013
142.0000 0.0013
143.0000 0.0014
144.0000 0.0014
145.0000 0.0014
146.0000 0.0014
147.0000 0.0014
148.0000 0.0014
149.0000 0.0015
150.0000 0.0015
151.0000 0.0015
152.0000 0.0015
153.0000 0.0015
154.0000 0.0016
155.0000 0.0016
156.0000 0.0016
157.0000 0.0016
158.0000 0.0016
159.0000 0.0017
160.0000 0.0017
161.0000 0.0017
162.0000 0.0017
163.0000 0.0017
164.0000 0.0017
165.0000 0.0018
166.0000 0.0018
167.0000 0.0018
168.0000 0.0018
169.0000 0.0018
170.0000 0.0019
171.0000 0.0019
172.0000 0.0019
173.0000 0.0019
174.0000 0.0019
175.0000 0.0020
176.0000 0.0020
177.0000 0.0020
178.0000 0.0020
179.0000 0.0020
180.0000 0.0020
181.0000 0.0021
182.0000 0.0021
183.0000 0.0021
184.0000 0.0021
185.0000 0.0021
186.0000 0.0022
187.0000 0.0022
188.0000 0.0022
189.0000 0.0022
190.0000 0.0022
191.0000 0.0022
192.0000 0.0023
193.0000 0.0023
194.0000 0.0023
195.0000 0.0023
196.0000 0.0023
197.0000 0.0024
198.0000 0.0024
199.0000 0.0024
200.0000 0.0024
201.0000 0.0024
202.0000 0.0025
203.0000 0.0025
204.0000 0.0025
205.0000 0.0025
206.0000 0.0025
207.0000 0.0025
208.0000 0.0026
209.0000 0.0026
210.0000 0.0026
211.0000 0.0026
212.0000 0.0026
213.0000 0.0027
214.0000 0.0027
215.0000 0.0027
216.0000 0.0027
217.0000 0.0027
218.0000 0.0028
219.0000 0.0028
220.0000 0.0028
221.0000 0.0028
222.0000 0.0028
223.0000 0.0028
224.0000 0.0029
225.0000 0.0029
226.0000 0.0029
227.0000 0.0029
228.0000 0.0029
229.0000 0.0030
230.0000 0.0030
231.0000 0.0030
232.0000 0.0030
233.0000 0.0030
234.0000 0.0031
235.0000 0.0031
236.0000 0.0031
237.0000 0.0031
238.0000 0.0031
239.0000 0.0031
240.0000 0.0032
241.0000 0.0032
242.0000 0.0032
243.0000 0.0032
244.0000 0.0032
245.0000 0.0033
246.0000 0.0033
247.0000 0.0033
248.0000 0.0033
249.0000 0.0033
250.0000 0.0034
251.0000 0.0034
252.0000 0.0034
253.0000 0.0034
254.0000 0.0034
255.0000 0.0034
256.0000 0.0035
257.0000 0.0035
258.0000 0.0035
259.0000 0.0035
260.0000 0.0035
261.0000 0.0036
262.0000 0.0036
263.0000 0.0036
264.0000 0.0036
265.0000 0.0036
266.0000 0.0036
267.0000 0.0037
268.0000 0.0037
269.0000 0.0037
270.0000 0.0037
271.0000 0.0037
272.0000 0.0038
273.0000 0.0038
274.0000 0.0038
275.0000 0.0038
276.0000 0.0038
277.0000 0.0039
278.0000 0.0039
279.0000 0.0039
280.0000 0.0039
281.0000 0.0039
282.0000 0.0039
283.0000 0.0040
284.0000 0.0040
285.0000 0.0040
286.0000 0.0040
287.0000 0.0040
288.0000 0.0041
289.0000 0.0041
290.0000 0.0041
291.0000 0.0041
292.0000 0.0041
293.0000 0.0042
294.0000 0.0042
295.0000 0.0042
296.0000 0.0042
297.0000 0.0042
298.0000 0.0042
299.0000 0.0043
300.0000 0.0043
