1.0000 0.0000
2.0000 0.0000
3.0000 0.0000
4.0000 0.0000
5.0000 0.0000
6.0000 0.0000
7.0000 0.0000
8.0000 0.0000
9.0000 0.0000
10.0000 0.0000
11.0000 0.0000
12.0000 0.0000
13.0000 0.0000
14.0000 0.0000
15.0000 0.0000
16.0000 0.0794
17.0000 0.2021
18.0000 0.3422
19.0000 0.4820
20.0000 0.6105
21.0000 0.7218
22.0000 0.8134
23.0000 0.8792
24.0000 0.9202
25.0000 0.9411
26.0000 0.9477
27.0000 0.9457
28.0000 0.9400
29.0000 0.9339
30.0000 0.9301
31.0000 0.9301
32.0000 0.9339
33.0000 0.9410
34.0000 0.9503
35.0000 0.9605
36.0000 0.9705
37.0000 0.9794
38.0000 0.9866
39.0000 0.9919
40.0000 0.9952
41.0000 0.9970
42.0000 0.9975
43.0000 0.9972
44.0000 0.9966
45.0000 0.9959
46.0000 0.9953
47.0000 0.9951
48.0000 0.9952
49.0000 0.9956
50.0000 0.9962
51.0000 0.9970
52.0000 0.9977
53.0000 0.9984
54.0000 0.9990
55.0000 0.9994
56.0000 0.9997
57.0000 0.9999
58.0000 0.9999
59.0000 0.9999
60.0000 0.9998
61.0000 0.9998
62.0000 0.9997
63.0000 0.9997
64.0000 0.9997
65.0000 0.9997
66.0000 0.9997
67.0000 0.9998
68.0000 0.9998
69.0000 0.9999
70.0000 0.9999
71.0000 1.0000
72.0000 1.0000
73.0000 1.0000
74.0000 1.0000
75.0000 1.0000
76.0000 1.0000
77.0000 1.0000
78.0000 1.0000
79.0000 1.0000
80.0000 1.0000
81.0000 1.0000
82.0000 1.0000
83.0000 1.0000
84.0000 1.0000
85.0000 1.0000
86.0000 1.0000
87.0000 1.0000
88.0000 1.0000
89.0000 1.0000
90.0000 1.0000
91.0000 1.0000
92.0000 1.0000
93.0000 1.0000
94.0000 1.0000
95.0000 1.0000
96.0000 1.0000
97.0000 1.0000
98.0000 1.0000
99.0000 1.0000
100.0000 1.0000
101.0000 1.0000
102.0000 1.0000
103.0000 1.1213
104.0000 1.2132
105.0000 1.2828
106.0000 1.3356
107.0000 1.3756
108.0000 1.4060
109.0000 1.4290
110.0000 1.4369
111.0000 1.4281
112.0000 1.4045
113.0000 1.3697
114.0000 1.3277
115.0000 1.2825
116.0000 1.2372
117.0000 1.1948
118.0000 1.1578
119.0000 1.1271
120.0000 1.1030
121.0000 1.0850
122.0000 1.0719
123.0000 1.0627
124.0000 1.0561
125.0000 1.0510
126.0000 1.0468
127.0000 1.0426
128.0000 1.0384
129.0000 1.0339
130.0000 1.0294
131.0000 1.0248
132.0000 1.0205
133.0000 1.0166
134.0000 1.0133
135.0000 1.0105
136.0000 1.0084
137.0000 1.0068
138.0000 1.0056
139.0000 1.0048
140.0000 1.0042
141.0000 1.0038
142.0000 1.0035
143.0000 1.0032
144.0000 1.0029
145.0000 1.0026
146.0000 1.0023
147.0000 1.0019
148.0000 1.0016
149.0000 1.0013
150.0000 1.0010
151.0000 1.0008
152.0000 1.0007
153.0000 1.0005
154.0000 1.0004
155.0000 1.0004
156.0000 1.0003
157.0000 1.0003
158.0000 1.0003
159.0000 1.0003
160.0000 1.0002
161.0000 1.0002
162.0000 1.0002
163.0000 1.0002
164.0000 1.0001
165.0000 1.0001
166.0000 1.0001
167.0000 1.0001
168.0000 1.0001
169.0000 1.0001
170.0000 1.0001
171.0000 1.0000
172.0000 1.0000
173.0000 1.0000
174.0000 1.0000
175.0000 1.0000
176.0000 1.0000
177.0000 1.0000
178.0000 1.0000
179.0000 1.0000
180.0000 1.0000
181.0000 1.0000
182.0000 1.0000
183.0000 1.0000
184.0000 1.0000
185.0000 1.0000
186.0000 1.0000
187.0000 1.0000
188.0000 1.0000
189.0000 1.0000
190.0000 1.0000
191.0000 1.0000
192.0000 1.0000
193.0000 1.0000
194.0000 1.0000
195.0000 1.0000
196.0000 1.0000
197.0000 1.0000
198.0000 1.0000
199.0000 1.0000
200.0000 1.0000
201.0000 0.9999
202.0000 0.9999
203.0000 0.9999
204.0000 0.9998
205.0000 0.9998
206.0000 0.9997
207.0000 0.9997
208.0000 0.9996
209.0000 0.9995
210.0000 0.9995
211.0000 0.9994
212.0000 0.9993
213.0000 0.9993
214.0000 0.9993
215.0000 0.9993
216.0000 0.9993
217.0000 0.9994
218.0000 0.9994
219.0000 0.9995
220.0000 0.9995
221.0000 0.9996
222.0000 0.9997
223.0000 0.9997
224.0000 0.9998
225.0000 0.9998
226.0000 0.9998
227.0000 0.9998
228.0000 0.9999
229.0000 0.9999
230.0000 0.9999
231.0000 0.9999
232.0000 0.9999
233.0000 0.9999
234.0000 0.9999
235.0000 0.9999
236.0000 0.9999
237.0000 0.9999
238.0000 0.9999
239.0000 1.0000
240.0000 1.0000
241.0000 1.0000
242.0000 1.0000
243.0000 1.0000
244.0000 1.0000
245.0000 1.0000
246.0000 1.0000
247.0000 1.0000
248.0000 1.0000
249.0000 1.0000
250.0000 1.0000
251.0000 1.0000
252.0000 1.0000
253.0000 1.0000
254.0000 1.0000
255.0000 1.0000
256.0000 1.0000
257.0000 1.0000
258.0000 1.0000
259.0000 1.0000
260.0000 1.0000
261.0000 1.0000
262.0000 1.0000
263.0000 1.0000
264.0000 1.0000
265.0000 1.0000
266.0000 1.0000
267.0000 1.0000
268.0000 1.0000
269.0000 1.0000
270.0000 1.0000
271.0000 1.0000
272.0000 1.0000
273.0000 1.0000
274.0000 1.0000
275.0000 1.0000
276.0000 1.0000
277.0000 1.0000
278.0000 1.0000
279.0000 1.0000
280.0000 1.0000
281.0000 1.0000
282.0000 1.0000
283.0000 1.0000
284.0000 1.0000
285.0000 1.0000
286.0000 1.0000
287.0000 1.0000
288.0000 1.0000
289.0000 1.0000
290.0000 1.0000
291.0000 1.0000
292.0000 1.0000
293.0000 1.0000
294.0000 1.0000
295.0000 1.0000
296.0000 1.0000
297.0000 1.0000
298.0000 1.0000
299.0000 1.0000
300.0000 1.0000
