1.0000 0.0000
2.0000 0.0000
3.0000 0.0000
4.0000 0.0000
5.0000 0.0000
6.0000 0.0000
7.0000 0.0000
8.0000 0.0000
9.0000 1.1192
10.0000 1.8021
11.0000 2.1581
12.0000 2.2814
13.0000 2.2494
14.0000 2.1229
15.0000 1.9473
16.0000 1.6662
17.0000 1.3759
18.0000 1.1290
19.0000 0.9473
20.0000 0.8330
21.0000 0.7776
22.0000 0.7671
23.0000 0.7940
24.0000 0.8429
25.0000 0.8981
26.0000 0.9478
27.0000 0.9848
28.0000 1.0061
29.0000 1.0124
30.0000 1.0059
31.0000 0.9901
32.0000 0.9692
33.0000 0.9473
34.0000 0.9275
35.0000 0.9119
36.0000 0.9012
37.0000 0.8955
38.0000 0.8941
39.0000 0.8960
40.0000 0.8998
41.0000 0.9043
42.0000 0.9086
43.0000 0.9120
44.0000 0.9143
45.0000 0.9152
46.0000 0.9150
47.0000 0.9140
48.0000 0.9124
49.0000 0.9107
50.0000 0.9091
51.0000 0.9077
52.0000 0.9068
53.0000 0.9063
54.0000 0.9061
55.0000 0.9062
56.0000 0.9065
57.0000 0.9068
58.0000 0.9072
59.0000 0.9075
60.0000 0.9077
61.0000 0.9078
62.0000 0.9079
63.0000 0.9078
64.0000 0.9077
65.0000 0.9075
66.0000 0.9074
67.0000 0.9073
68.0000 0.9072
69.0000 0.9072
70.0000 0.9071
71.0000 0.9071
72.0000 0.9072
73.0000 0.9072
74.0000 0.9072
75.0000 0.9073
76.0000 0.9073
77.0000 0.9073
78.0000 0.9073
79.0000 0.9073
80.0000 0.9073
81.0000 0.9073
82.0000 0.9073
83.0000 0.9072
84.0000 0.9072
85.0000 0.9072
86.0000 0.9072
87.0000 0.9072
88.0000 0.9072
89.0000 0.9072
90.0000 0.9072
91.0000 0.9072
92.0000 0.9073
93.0000 0.9073
94.0000 0.9073
95.0000 0.9074
96.0000 0.9075
97.0000 0.9077
98.0000 0.9079
99.0000 0.9082
100.0000 0.9085
101.0000 0.9089
102.0000 0.9093
103.0000 0.7740
104.0000 0.5887
105.0000 0.4051
106.0000 0.2511
107.0000 0.1382
108.0000 0.0679
109.0000 0.0358
110.0000 0.0453
111.0000 0.0874
112.0000 0.1489
113.0000 0.2172
114.0000 0.2827
115.0000 0.3390
116.0000 0.3829
117.0000 0.4130
118.0000 0.4300
119.0000 0.4363
120.0000 0.4353
121.0000 0.4302
122.0000 0.4239
123.0000 0.4183
124.0000 0.4150
125.0000 0.4143
126.0000 0.4163
127.0000 0.4203
128.0000 0.4257
129.0000 0.4317
130.0000 0.4374
131.0000 0.4425
132.0000 0.4464
133.0000 0.4492
134.0000 0.4509
135.0000 0.4516
136.0000 0.4517
137.0000 0.4514
138.0000 0.4509
139.0000 0.4504
140.0000 0.4501
141.0000 0.4499
142.0000 0.4500
143.0000 0.4503
144.0000 0.4507
145.0000 0.4511
146.0000 0.4515
147.0000 0.4519
148.0000 0.4523
149.0000 0.4525
150.0000 0.4526
151.0000 0.4527
152.0000 0.4527
153.0000 0.4527
154.0000 0.4526
155.0000 0.4526
156.0000 0.4526
157.0000 0.4526
158.0000 0.4525
159.0000 0.4526
160.0000 0.4526
161.0000 0.4526
162.0000 0.4527
163.0000 0.4527
164.0000 0.4527
165.0000 0.4527
166.0000 0.4527
167.0000 0.4527
168.0000 0.4528
169.0000 0.4527
170.0000 0.4527
171.0000 0.4527
172.0000 0.4527
173.0000 0.4527
174.0000 0.4527
175.0000 0.4527
176.0000 0.4527
177.0000 0.4527
178.0000 0.4527
179.0000 0.4527
180.0000 0.4527
181.0000 0.4527
182.0000 0.4527
183.0000 0.4527
184.0000 0.4527
185.0000 0.4527
186.0000 0.4527
187.0000 0.4527
188.0000 0.4527
189.0000 0.4527
190.0000 0.4527
191.0000 0.4527
192.0000 0.4526
193.0000 0.4525
194.0000 0.4524
195.0000 0.4523
196.0000 0.4522
197.0000 0.4520
198.0000 0.4519
199.0000 0.4517
200.0000 0.4516
201.0000 0.4515
202.0000 0.4514
203.0000 0.4514
204.0000 0.4514
205.0000 0.4515
206.0000 0.4517
207.0000 0.4519
208.0000 0.4521
209.0000 0.4524
210.0000 0.4527
211.0000 0.4529
212.0000 0.4531
213.0000 0.4532
214.0000 0.4533
215.0000 0.4533
216.0000 0.4532
217.0000 0.4531
218.0000 0.4530
219.0000 0.4529
220.0000 0.4528
221.0000 0.4528
222.0000 0.4527
223.0000 0.4527
224.0000 0.4527
225.0000 0.4527
226.0000 0.4528
227.0000 0.4528
228.0000 0.4528
229.0000 0.4528
230.0000 0.4528
231.0000 0.4528
232.0000 0.4528
233.0000 0.4528
234.0000 0.4528
235.0000 0.4528
236.0000 0.4528
237.0000 0.4528
238.0000 0.4528
239.0000 0.4528
240.0000 0.4527
241.0000 0.4527
242.0000 0.4528
243.0000 0.4528
244.0000 0.4528
245.0000 0.4528
246.0000 0.4528
247.0000 0.4528
248.0000 0.4528
249.0000 0.4528
250.0000 0.4528
251.0000 0.4528
252.0000 0.4528
253.0000 0.4528
254.0000 0.4527
255.0000 0.4527
256.0000 0.4527
257.0000 0.4527
258.0000 0.4527
259.0000 0.4527
260.0000 0.4527
261.0000 0.4527
262.0000 0.4528
263.0000 0.4528
264.0000 0.4528
265.0000 0.4527
266.0000 0.4527
267.0000 0.4527
268.0000 0.4527
269.0000 0.4527
270.0000 0.4527
271.0000 0.4527
272.0000 0.4527
273.0000 0.4527
274.0000 0.4527
275.0000 0.4527
276.0000 0.4527
277.0000 0.4527
278.0000 0.4527
279.0000 0.4527
280.0000 0.4527
281.0000 0.4527
282.0000 0.4527
283.0000 0.4527
284.0000 0.4527
285.0000 0.4527
286.0000 0.4527
287.0000 0.4527
288.0000 0.4527
289.0000 0.4527
290.0000 0.4527
291.0000 0.4527
292.0000 0.4527
293.0000 0.4527
294.0000 0.4527
295.0000 0.4527
296.0000 0.4527
297.0000 0.4527
298.0000 0.4527
299.0000 0.4527
300.0000 0.4527
