1.0000 0.0000
2.0000 0.0000
3.0000 0.0000
4.0000 0.0000
5.0000 0.0000
6.0000 0.0000
7.0000 0.0000
8.0000 0.0000
9.0000 1.1192
10.0000 1.8021
11.0000 2.1581
12.0000 2.2814
13.0000 2.2494
14.0000 2.1229
15.0000 1.9473
16.0000 1.6662
17.0000 1.3759
18.0000 1.1290
19.0000 0.9473
20.0000 0.8330
21.0000 0.7776
22.0000 0.7671
23.0000 0.7940
24.0000 0.8429
25.0000 0.8981
26.0000 0.9478
27.0000 0.9848
28.0000 1.0061
29.0000 1.0124
30.0000 1.0059
31.0000 0.9901
32.0000 0.9692
33.0000 0.9473
34.0000 0.9275
35.0000 0.9119
36.0000 0.9012
37.0000 0.8955
38.0000 0.8941
39.0000 0.8960
40.0000 0.8998
41.0000 0.9043
42.0000 0.9086
43.0000 0.9120
44.0000 0.9143
45.0000 0.9152
46.0000 0.9150
47.0000 0.9140
48.0000 0.9124
49.0000 0.9107
50.0000 0.9091
51.0000 0.9077
52.0000 0.9068
53.0000 0.9063
54.0000 0.9061
55.0000 0.9062
56.0000 0.9065
57.0000 0.9068
58.0000 0.9072
59.0000 0.9075
60.0000 0.9077
61.0000 0.9078
62.0000 0.9079
63.0000 0.9078
64.0000 0.9077
65.0000 0.9075
66.0000 0.9074
67.0000 0.9073
68.0000 0.9072
69.0000 0.9072
70.0000 0.9071
71.0000 0.9071
72.0000 0.9072
73.0000 0.9072
74.0000 0.9072
75.0000 0.9073
76.0000 0.9073
77.0000 0.9073
78.0000 0.9073
79.0000 0.9073
80.0000 0.9073
81.0000 0.9073
82.0000 0.9073
83.0000 0.9072
84.0000 0.9072
85.0000 0.9072
86.0000 0.9072
87.0000 0.9072
88.0000 0.9072
89.0000 0.9072
90.0000 0.9072
91.0000 0.9072
92.0000 0.9073
93.0000 0.9073
94.0000 0.9073
95.0000 0.9074
96.0000 0.9075
97.0000 0.9077
98.0000 0.9079
99.0000 0.9082
100.0000 0.9085
101.0000 0.8832
102.0000 0.8417
103.0000 0.7914
104.0000 0.7378
105.0000 0.6846
106.0000 0.6344
107.0000 0.5884
108.0000 0.5495
109.0000 0.5182
110.0000 0.4934
111.0000 0.4738
112.0000 0.4581
113.0000 0.4450
114.0000 0.4336
115.0000 0.4231
116.0000 0.4129
117.0000 0.4030
118.0000 0.3935
119.0000 0.3846
120.0000 0.3766
121.0000 0.3698
122.0000 0.3645
123.0000 0.3609
124.0000 0.3590
125.0000 0.3589
126.0000 0.3606
127.0000 0.3639
128.0000 0.3688
129.0000 0.3752
130.0000 0.3829
131.0000 0.3919
132.0000 0.4021
133.0000 0.4136
134.0000 0.4262
135.0000 0.4400
136.0000 0.4549
137.0000 0.4710
138.0000 0.4881
139.0000 0.5063
140.0000 0.5256
141.0000 0.5458
142.0000 0.5669
143.0000 0.5889
144.0000 0.6118
145.0000 0.6353
146.0000 0.6596
147.0000 0.6844
148.0000 0.7099
149.0000 0.7358
150.0000 0.7621
151.0000 0.7888
152.0000 0.8158
153.0000 0.8430
154.0000 0.8704
155.0000 0.8978
156.0000 0.9253
157.0000 0.9528
158.0000 0.9801
159.0000 1.0073
160.0000 1.0342
161.0000 1.0608
162.0000 1.0870
163.0000 1.1127
164.0000 1.1380
165.0000 1.1626
166.0000 1.1867
167.0000 1.2100
168.0000 1.2326
169.0000 1.2543
170.0000 1.2752
171.0000 1.2952
172.0000 1.3142
173.0000 1.3322
174.0000 1.3491
175.0000 1.3649
176.0000 1.3796
177.0000 1.3931
178.0000 1.4054
179.0000 1.4164
180.0000 1.4262
181.0000 1.4346
182.0000 1.4418
183.0000 1.4476
184.0000 1.4520
185.0000 1.4551
186.0000 1.4569
187.0000 1.4572
188.0000 1.4562
189.0000 1.4538
190.0000 1.4500
191.0000 1.4449
192.0000 1.4384
193.0000 1.4306
194.0000 1.4214
195.0000 1.4110
196.0000 1.3993
197.0000 1.3864
198.0000 1.3722
199.0000 1.3569
200.0000 1.3405
201.0000 1.3230
202.0000 1.3044
203.0000 1.2849
204.0000 1.2645
205.0000 1.2432
206.0000 1.2210
207.0000 1.1981
208.0000 1.1745
209.0000 1.1502
210.0000 1.1253
211.0000 1.0999
212.0000 1.0740
213.0000 1.0476
214.0000 1.0209
215.0000 0.9939
216.0000 0.9667
217.0000 0.9393
218.0000 0.9119
219.0000 0.8844
220.0000 0.8570
221.0000 0.8297
222.0000 0.8026
223.0000 0.7758
224.0000 0.7493
225.0000 0.7232
226.0000 0.6976
227.0000 0.6724
228.0000 0.6479
229.0000 0.6240
230.0000 0.6009
231.0000 0.5785
232.0000 0.5569
233.0000 0.5362
234.0000 0.5164
235.0000 0.4976
236.0000 0.4798
237.0000 0.4631
238.0000 0.4475
239.0000 0.4330
240.0000 0.4197
241.0000 0.4077
242.0000 0.3969
243.0000 0.3873
244.0000 0.3791
245.0000 0.3722
246.0000 0.3666
247.0000 0.3624
248.0000 0.3596
249.0000 0.3581
250.0000 0.3580
251.0000 0.3592
252.0000 0.3618
253.0000 0.3658
254.0000 0.3712
255.0000 0.3779
256.0000 0.3859
257.0000 0.3952
258.0000 0.4058
259.0000 0.4176
260.0000 0.4307
261.0000 0.4449
262.0000 0.4603
263.0000 0.4769
264.0000 0.4945
265.0000 0.5131
266.0000 0.5327
267.0000 0.5533
268.0000 0.5747
269.0000 0.5970
270.0000 0.6201
271.0000 0.6438
272.0000 0.6682
273.0000 0.6933
274.0000 0.7188
275.0000 0.7449
276.0000 0.7713
277.0000 0.7981
278.0000 0.8251
279.0000 0.8524
280.0000 0.8798
281.0000 0.9072
282.0000 0.9347
283.0000 0.9621
284.0000 0.9893
285.0000 1.0164
286.0000 1.0431
287.0000 1.0696
288.0000 1.0956
289.0000 1.1212
290.0000 1.1462
291.0000 1.1706
292.0000 1.1944
293.0000 1.2174
294.0000 1.2397
295.0000 1.2612
296.0000 1.2817
297.0000 1.3013
298.0000 1.3200
299.0000 1.3376
300.0000 1.3541
301.0000 1.3695
302.0000 1.3838
303.0000 1.3969
304.0000 1.4087
305.0000 1.4193
306.0000 1.4286
307.0000 1.4366
308.0000 1.4433
309.0000 1.4487
310.0000 1.4526
311.0000 1.4553
312.0000 1.4565
313.0000 1.4564
314.0000 1.4549
315.0000 1.4521
316.0000 1.4479
317.0000 1.4423
318.0000 1.4354
319.0000 1.4272
320.0000 1.4176
321.0000 1.4068
322.0000 1.3948
323.0000 1.3815
324.0000 1.3671
325.0000 1.3514
326.0000 1.3347
327.0000 1.3170
328.0000 1.2981
329.0000 1.2784
330.0000 1.2577
331.0000 1.2361
332.0000 1.2137
333.0000 1.1905
334.0000 1.1666
335.0000 1.1421
336.0000 1.1169
337.0000 1.0913
338.0000 1.0652
339.0000 1.0387
340.0000 1.0119
341.0000 0.9848
342.0000 0.9575
343.0000 0.9301
344.0000 0.9026
345.0000 0.8752
346.0000 0.8478
347.0000 0.8206
348.0000 0.7936
349.0000 0.7669
350.0000 0.7405
351.0000 0.7145
352.0000 0.6891
353.0000 0.6641
354.0000 0.6398
355.0000 0.6162
356.0000 0.5932
357.0000 0.5711
358.0000 0.5498
359.0000 0.5294
360.0000 0.5099
361.0000 0.4915
362.0000 0.4740
363.0000 0.4577
364.0000 0.4425
365.0000 0.4284
366.0000 0.4155
367.0000 0.4039
368.0000 0.3935
369.0000 0.3844
370.0000 0.3766
371.0000 0.3702
372.0000 0.3651
373.0000 0.3613
374.0000 0.3589
375.0000 0.3579
376.0000 0.3582
377.0000 0.3599
378.0000 0.3630
379.0000 0.3675
380.0000 0.3733
381.0000 0.3804
382.0000 0.3888
383.0000 0.3986
384.0000 0.4096
385.0000 0.4219
386.0000 0.4353
387.0000 0.4500
388.0000 0.4658
389.0000 0.4827
390.0000 0.5006
391.0000 0.5196
392.0000 0.5395
393.0000 0.5604
394.0000 0.5821
395.0000 0.6047
396.0000 0.6280
397.0000 0.6520
398.0000 0.6766
399.0000 0.7018
400.0000 0.7275
401.0000 0.7537
402.0000 0.7803
403.0000 0.8071
404.0000 0.8343
405.0000 0.8616
406.0000 0.8890
407.0000 0.9165
408.0000 0.9439
409.0000 0.9713
410.0000 0.9984
411.0000 1.0254
412.0000 1.0521
413.0000 1.0784
414.0000 1.1043
415.0000 1.1296
416.0000 1.1545
417.0000 1.1787
418.0000 1.2022
419.0000 1.2250
420.0000 1.2470
421.0000 1.2682
422.0000 1.2884
423.0000 1.3077
424.0000 1.3260
425.0000 1.3433
426.0000 1.3594
427.0000 1.3745
428.0000 1.3883
429.0000 1.4010
430.0000 1.4124
431.0000 1.4226
432.0000 1.4315
433.0000 1.4390
434.0000 1.4453
435.0000 1.4501
436.0000 1.4537
437.0000 1.4558
438.0000 1.4566
439.0000 1.4561
440.0000 1.4541
441.0000 1.4508
442.0000 1.4461
443.0000 1.4401
444.0000 1.4328
445.0000 1.4241
446.0000 1.4141
447.0000 1.4029
448.0000 1.3904
449.0000 1.3768
450.0000 1.3619
451.0000 1.3459
452.0000 1.3289
453.0000 1.3107
454.0000 1.2916
455.0000 1.2715
456.0000 1.2505
457.0000 1.2286
458.0000 1.2059
459.0000 1.1825
460.0000 1.1584
461.0000 1.1337
462.0000 1.1084
463.0000 1.0826
464.0000 1.0563
465.0000 1.0297
466.0000 1.0028
467.0000 0.9756
468.0000 0.9483
469.0000 0.9209
470.0000 0.8934
471.0000 0.8660
472.0000 0.8386
473.0000 0.8115
474.0000 0.7846
475.0000 0.7580
476.0000 0.7317
477.0000 0.7059
478.0000 0.6806
479.0000 0.6559
480.0000 0.6318
481.0000 0.6084
482.0000 0.5857
483.0000 0.5638
484.0000 0.5428
485.0000 0.5227
486.0000 0.5036
487.0000 0.4855
488.0000 0.4684
489.0000 0.4524
490.0000 0.4376
491.0000 0.4239
492.0000 0.4115
493.0000 0.4003
494.0000 0.3903
495.0000 0.3817
496.0000 0.3743
497.0000 0.3683
498.0000 0.3637
499.0000 0.3603
500.0000 0.3584
