1.0000 0.0000
2.0000 0.0000
3.0000 0.0000
4.0000 0.0000
5.0000 0.0000
6.0000 0.0000
7.0000 0.0000
8.0000 0.0000
9.0000 0.0000
10.0000 0.0000
11.0000 0.0000
12.0000 0.0000
13.0000 0.0000
14.0000 0.0000
15.0000 0.0000
16.0000 0.0794
17.0000 0.2021
18.0000 0.3422
19.0000 0.4820
20.0000 0.6105
21.0000 0.7218
22.0000 0.8134
23.0000 0.8792
24.0000 0.9202
25.0000 0.9411
26.0000 0.9477
27.0000 0.9457
28.0000 0.9400
29.0000 0.9339
30.0000 0.9301
31.0000 0.9301
32.0000 0.9339
33.0000 0.9410
34.0000 0.9503
35.0000 0.9605
36.0000 0.9705
37.0000 0.9794
38.0000 0.9866
39.0000 0.9919
40.0000 0.9952
41.0000 0.9970
42.0000 0.9975
43.0000 0.9972
44.0000 0.9966
45.0000 0.9959
46.0000 0.9953
47.0000 0.9951
48.0000 0.9952
49.0000 0.9956
50.0000 0.9962
51.0000 0.9970
52.0000 0.9977
53.0000 0.9984
54.0000 0.9990
55.0000 0.9994
56.0000 0.9997
57.0000 0.9999
58.0000 0.9999
59.0000 0.9999
60.0000 0.9998
61.0000 0.9998
62.0000 0.9997
63.0000 0.9997
64.0000 0.9997
65.0000 0.9997
66.0000 0.9997
67.0000 0.9998
68.0000 0.9998
69.0000 0.9999
70.0000 0.9999
71.0000 1.0000
72.0000 1.0000
73.0000 1.0000
74.0000 1.0000
75.0000 1.0000
76.0000 1.0000
77.0000 1.0000
78.0000 1.0000
79.0000 1.0000
80.0000 1.0000
81.0000 1.0000
82.0000 1.0000
83.0000 1.0000
84.0000 1.0000
85.0000 1.0000
86.0000 1.0000
87.0000 1.0000
88.0000 1.0000
89.0000 1.0000
90.0000 1.0000
91.0000 1.0000
92.0000 1.0000
93.0000 1.0000
94.0000 1.0000
95.0000 1.0000
96.0000 1.0000
97.0000 1.0000
98.0000 1.0000
99.0000 1.0000
100.0000 1.0000
101.0000 1.0000
102.0000 1.0000
103.0000 1.0000
104.0000 1.0061
105.0000 1.0168
106.0000 1.0309
107.0000 1.0477
108.0000 1.0663
109.0000 1.0862
110.0000 1.1072
111.0000 1.1282
112.0000 1.1485
113.0000 1.1673
114.0000 1.1839
115.0000 1.1979
116.0000 1.2091
117.0000 1.2175
118.0000 1.2232
119.0000 1.2264
120.0000 1.2275
121.0000 1.2267
122.0000 1.2245
123.0000 1.2210
124.0000 1.2165
125.0000 1.2112
126.0000 1.2051
127.0000 1.1984
128.0000 1.1910
129.0000 1.1829
130.0000 1.1742
131.0000 1.1649
132.0000 1.1549
133.0000 1.1443
134.0000 1.1332
135.0000 1.1216
136.0000 1.1095
137.0000 1.0970
138.0000 1.0842
139.0000 1.0711
140.0000 1.0579
141.0000 1.0444
142.0000 1.0308
143.0000 1.0171
144.0000 1.0034
145.0000 0.9897
146.0000 0.9759
147.0000 0.9622
148.0000 0.9486
149.0000 0.9352
150.0000 0.9218
151.0000 0.9087
152.0000 0.8957
153.0000 0.8830
154.0000 0.8706
155.0000 0.8585
156.0000 0.8468
157.0000 0.8354
158.0000 0.8245
159.0000 0.8140
160.0000 0.8039
161.0000 0.7944
162.0000 0.7854
163.0000 0.7768
164.0000 0.7689
165.0000 0.7615
166.0000 0.7548
167.0000 0.7486
168.0000 0.7430
169.0000 0.7382
170.0000 0.7339
171.0000 0.7303
172.0000 0.7274
173.0000 0.7252
174.0000 0.7237
175.0000 0.7228
176.0000 0.7227
177.0000 0.7232
178.0000 0.7244
179.0000 0.7264
180.0000 0.7290
181.0000 0.7323
182.0000 0.7362
183.0000 0.7408
184.0000 0.7461
185.0000 0.7520
186.0000 0.7585
187.0000 0.7656
188.0000 0.7733
189.0000 0.7816
190.0000 0.7904
191.0000 0.7997
192.0000 0.8096
193.0000 0.8199
194.0000 0.8306
195.0000 0.8418
196.0000 0.8534
197.0000 0.8654
198.0000 0.8777
199.0000 0.8902
200.0000 0.9031
201.0000 0.9162
202.0000 0.9295
203.0000 0.9430
204.0000 0.9567
205.0000 0.9704
206.0000 0.9842
207.0000 0.9980
208.0000 1.0119
209.0000 1.0257
210.0000 1.0395
211.0000 1.0531
212.0000 1.0666
213.0000 1.0799
214.0000 1.0931
215.0000 1.1060
216.0000 1.1186
217.0000 1.1310
218.0000 1.1430
219.0000 1.1546
220.0000 1.1659
221.0000 1.1768
222.0000 1.1872
223.0000 1.1972
224.0000 1.2067
225.0000 1.2156
226.0000 1.2240
227.0000 1.2319
228.0000 1.2392
229.0000 1.2459
230.0000 1.2520
231.0000 1.2574
232.0000 1.2622
233.0000 1.2664
234.0000 1.2698
235.0000 1.2727
236.0000 1.2748
237.0000 1.2762
238.0000 1.2770
239.0000 1.2770
240.0000 1.2764
241.0000 1.2751
242.0000 1.2731
243.0000 1.2704
244.0000 1.2670
245.0000 1.2630
246.0000 1.2583
247.0000 1.2529
248.0000 1.2470
249.0000 1.2404
250.0000 1.2332
251.0000 1.2254
252.0000 1.2171
253.0000 1.2082
254.0000 1.1988
255.0000 1.1889
256.0000 1.1785
257.0000 1.1677
258.0000 1.1565
259.0000 1.1449
260.0000 1.1329
261.0000 1.1206
262.0000 1.1080
263.0000 1.0951
264.0000 1.0819
265.0000 1.0686
266.0000 1.0551
267.0000 1.0415
268.0000 1.0277
269.0000 1.0139
270.0000 1.0001
271.0000 0.9862
272.0000 0.9724
273.0000 0.9587
274.0000 0.9450
275.0000 0.9315
276.0000 0.9182
277.0000 0.9051
278.0000 0.8922
279.0000 0.8795
280.0000 0.8672
281.0000 0.8552
282.0000 0.8436
283.0000 0.8324
284.0000 0.8216
285.0000 0.8112
286.0000 0.8013
287.0000 0.7919
288.0000 0.7830
289.0000 0.7747
290.0000 0.7669
291.0000 0.7597
292.0000 0.7531
293.0000 0.7471
294.0000 0.7418
295.0000 0.7371
296.0000 0.7330
297.0000 0.7297
298.0000 0.7270
299.0000 0.7250
300.0000 0.7236
301.0000 0.7230
302.0000 0.7230
303.0000 0.7238
304.0000 0.7252
305.0000 0.7273
306.0000 0.7302
307.0000 0.7336
308.0000 0.7378
309.0000 0.7426
310.0000 0.7480
311.0000 0.7541
312.0000 0.7608
313.0000 0.7681
314.0000 0.7759
315.0000 0.7844
316.0000 0.7933
317.0000 0.8028
318.0000 0.8128
319.0000 0.8232
320.0000 0.8341
321.0000 0.8454
322.0000 0.8571
323.0000 0.8692
324.0000 0.8815
325.0000 0.8942
326.0000 0.9071
327.0000 0.9203
328.0000 0.9336
329.0000 0.9472
330.0000 0.9608
331.0000 0.9746
332.0000 0.9884
333.0000 1.0023
334.0000 1.0161
335.0000 1.0299
336.0000 1.0436
337.0000 1.0573
338.0000 1.0707
339.0000 1.0840
340.0000 1.0971
341.0000 1.1100
342.0000 1.1226
343.0000 1.1348
344.0000 1.1467
345.0000 1.1583
346.0000 1.1695
347.0000 1.1802
348.0000 1.1905
349.0000 1.2003
350.0000 1.2096
351.0000 1.2184
352.0000 1.2267
353.0000 1.2344
354.0000 1.2415
355.0000 1.2480
356.0000 1.2538
357.0000 1.2591
358.0000 1.2636
359.0000 1.2676
360.0000 1.2708
361.0000 1.2734
362.0000 1.2753
363.0000 1.2765
364.0000 1.2771
365.0000 1.2769
366.0000 1.2760
367.0000 1.2745
368.0000 1.2722
369.0000 1.2693
370.0000 1.2657
371.0000 1.2615
372.0000 1.2565
373.0000 1.2510
374.0000 1.2448
375.0000 1.2380
376.0000 1.2306
377.0000 1.2227
378.0000 1.2142
379.0000 1.2051
380.0000 1.1955
381.0000 1.1855
382.0000 1.1750
383.0000 1.1640
384.0000 1.1526
385.0000 1.1409
386.0000 1.1288
387.0000 1.1164
388.0000 1.1037
389.0000 1.0907
390.0000 1.0775
391.0000 1.0641
392.0000 1.0505
393.0000 1.0369
394.0000 1.0231
395.0000 1.0093
396.0000 0.9954
397.0000 0.9816
398.0000 0.9678
399.0000 0.9541
400.0000 0.9405
401.0000 0.9270
402.0000 0.9137
403.0000 0.9007
404.0000 0.8879
405.0000 0.8754
406.0000 0.8632
407.0000 0.8513
408.0000 0.8398
409.0000 0.8287
410.0000 0.8180
411.0000 0.8078
412.0000 0.7981
413.0000 0.7888
414.0000 0.7801
415.0000 0.7720
416.0000 0.7644
417.0000 0.7574
418.0000 0.7510
419.0000 0.7453
420.0000 0.7401
421.0000 0.7356
422.0000 0.7318
423.0000 0.7287
424.0000 0.7262
425.0000 0.7244
426.0000 0.7233
427.0000 0.7229
428.0000 0.7232
429.0000 0.7242
430.0000 0.7259
431.0000 0.7282
432.0000 0.7313
433.0000 0.7350
434.0000 0.7393
435.0000 0.7443
436.0000 0.7500
437.0000 0.7563
438.0000 0.7632
439.0000 0.7707
440.0000 0.7787
441.0000 0.7873
442.0000 0.7965
443.0000 0.8061
444.0000 0.8163
445.0000 0.8269
446.0000 0.8379
447.0000 0.8493
448.0000 0.8611
449.0000 0.8733
450.0000 0.8858
451.0000 0.8985
452.0000 0.9115
453.0000 0.9248
454.0000 0.9382
455.0000 0.9518
456.0000 0.9655
457.0000 0.9792
458.0000 0.9931
459.0000 1.0069
460.0000 1.0208
461.0000 1.0345
462.0000 1.0482
463.0000 1.0618
464.0000 1.0752
465.0000 1.0885
466.0000 1.1015
467.0000 1.1142
468.0000 1.1267
469.0000 1.1389
470.0000 1.1507
471.0000 1.1621
472.0000 1.1731
473.0000 1.1837
474.0000 1.1939
475.0000 1.2035
476.0000 1.2127
477.0000 1.2213
478.0000 1.2293
479.0000 1.2368
480.0000 1.2437
481.0000 1.2500
482.0000 1.2557
483.0000 1.2607
484.0000 1.2650
485.0000 1.2687
486.0000 1.2718
487.0000 1.2741
488.0000 1.2758
489.0000 1.2768
490.0000 1.2771
491.0000 1.2767
492.0000 1.2756
493.0000 1.2738
494.0000 1.2713
495.0000 1.2682
496.0000 1.2644
497.0000 1.2599
498.0000 1.2547
499.0000 1.2490
500.0000 1.2426
