1.0000 0.0000
2.0000 0.0000
3.0000 0.0000
4.0000 0.0000
5.0000 0.0000
6.0000 0.0000
7.0000 0.0000
8.0000 0.0000
9.0000 0.0000
10.0000 0.0000
11.0000 0.0000
12.0000 0.0000
13.0000 0.0000
14.0000 0.0000
15.0000 0.0000
16.0000 0.0794
17.0000 0.2021
18.0000 0.3422
19.0000 0.4820
20.0000 0.6105
21.0000 0.7218
22.0000 0.8134
23.0000 0.8792
24.0000 0.9202
25.0000 0.9411
26.0000 0.9477
27.0000 0.9457
28.0000 0.9400
29.0000 0.9339
30.0000 0.9301
31.0000 0.9301
32.0000 0.9339
33.0000 0.9410
34.0000 0.9503
35.0000 0.9605
36.0000 0.9705
37.0000 0.9794
38.0000 0.9866
39.0000 0.9919
40.0000 0.9952
41.0000 0.9970
42.0000 0.9975
43.0000 0.9972
44.0000 0.9966
45.0000 0.9959
46.0000 0.9953
47.0000 0.9951
48.0000 0.9952
49.0000 0.9956
50.0000 0.9962
51.0000 0.9970
52.0000 0.9977
53.0000 0.9984
54.0000 0.9990
55.0000 0.9994
56.0000 0.9997
57.0000 0.9999
58.0000 0.9999
59.0000 0.9999
60.0000 0.9998
61.0000 0.9998
62.0000 0.9997
63.0000 0.9997
64.0000 0.9997
65.0000 0.9997
66.0000 0.9997
67.0000 0.9998
68.0000 0.9998
69.0000 0.9999
70.0000 0.9999
71.0000 1.0000
72.0000 1.0000
73.0000 1.0000
74.0000 1.0000
75.0000 1.0000
76.0000 1.0000
77.0000 1.0000
78.0000 1.0000
79.0000 1.0000
80.0000 1.0000
81.0000 1.0000
82.0000 1.0000
83.0000 1.0000
84.0000 1.0000
85.0000 1.0000
86.0000 1.0000
87.0000 1.0000
88.0000 1.0000
89.0000 1.0000
90.0000 1.0000
91.0000 1.0000
92.0000 1.0000
93.0000 1.0000
94.0000 1.0000
95.0000 1.0000
96.0000 1.0000
97.0000 1.0000
98.0000 1.0000
99.0000 1.0000
100.0000 1.0000
101.0000 1.0000
102.0000 1.0000
103.0000 1.0000
104.0000 1.0061
105.0000 1.0168
106.0000 1.0309
107.0000 1.0477
108.0000 1.0644
109.0000 1.0797
110.0000 1.0927
111.0000 1.1030
112.0000 1.1105
113.0000 1.1155
114.0000 1.1183
115.0000 1.1194
116.0000 1.1192
117.0000 1.1183
118.0000 1.1168
119.0000 1.1150
120.0000 1.1131
121.0000 1.1109
122.0000 1.1085
123.0000 1.1058
124.0000 1.1028
125.0000 1.0994
126.0000 1.0955
127.0000 1.0912
128.0000 1.0864
129.0000 1.0813
130.0000 1.0758
131.0000 1.0700
132.0000 1.0639
133.0000 1.0576
134.0000 1.0512
135.0000 1.0446
136.0000 1.0380
137.0000 1.0312
138.0000 1.0244
139.0000 1.0175
140.0000 1.0105
141.0000 1.0035
142.0000 0.9965
143.0000 0.9895
144.0000 0.9825
145.0000 0.9755
146.0000 0.9686
147.0000 0.9618
148.0000 0.9550
149.0000 0.9484
150.0000 0.9419
151.0000 0.9355
152.0000 0.9293
153.0000 0.9233
154.0000 0.9174
155.0000 0.9118
156.0000 0.9064
157.0000 0.9012
158.0000 0.8963
159.0000 0.8916
160.0000 0.8872
161.0000 0.8830
162.0000 0.8792
163.0000 0.8757
164.0000 0.8725
165.0000 0.8696
166.0000 0.8670
167.0000 0.8647
168.0000 0.8628
169.0000 0.8613
170.0000 0.8600
171.0000 0.8592
172.0000 0.8586
173.0000 0.8585
174.0000 0.8587
175.0000 0.8592
176.0000 0.8601
177.0000 0.8614
178.0000 0.8629
179.0000 0.8649
180.0000 0.8672
181.0000 0.8698
182.0000 0.8727
183.0000 0.8759
184.0000 0.8795
185.0000 0.8833
186.0000 0.8875
187.0000 0.8919
188.0000 0.8966
189.0000 0.9016
190.0000 0.9068
191.0000 0.9122
192.0000 0.9179
193.0000 0.9237
194.0000 0.9298
195.0000 0.9360
196.0000 0.9424
197.0000 0.9489
198.0000 0.9556
199.0000 0.9624
200.0000 0.9692
201.0000 0.9762
202.0000 0.9831
203.0000 0.9902
204.0000 0.9972
205.0000 1.0043
206.0000 1.0113
207.0000 1.0183
208.0000 1.0252
209.0000 1.0321
210.0000 1.0389
211.0000 1.0457
212.0000 1.0523
213.0000 1.0587
214.0000 1.0650
215.0000 1.0712
216.0000 1.0772
217.0000 1.0830
218.0000 1.0886
219.0000 1.0940
220.0000 1.0992
221.0000 1.1041
222.0000 1.1087
223.0000 1.1131
224.0000 1.1172
225.0000 1.1210
226.0000 1.1245
227.0000 1.1277
228.0000 1.1305
229.0000 1.1331
230.0000 1.1353
231.0000 1.1372
232.0000 1.1387
233.0000 1.1399
234.0000 1.1407
235.0000 1.1412
236.0000 1.1413
237.0000 1.1411
238.0000 1.1405
239.0000 1.1396
240.0000 1.1383
241.0000 1.1367
242.0000 1.1347
243.0000 1.1324
244.0000 1.1298
245.0000 1.1269
246.0000 1.1236
247.0000 1.1200
248.0000 1.1161
249.0000 1.1120
250.0000 1.1075
251.0000 1.1028
252.0000 1.0978
253.0000 1.0926
254.0000 1.0871
255.0000 1.0815
256.0000 1.0756
257.0000 1.0695
258.0000 1.0633
259.0000 1.0569
260.0000 1.0504
261.0000 1.0437
262.0000 1.0369
263.0000 1.0301
264.0000 1.0231
265.0000 1.0161
266.0000 1.0091
267.0000 1.0020
268.0000 0.9950
269.0000 0.9879
270.0000 0.9809
271.0000 0.9739
272.0000 0.9670
273.0000 0.9602
274.0000 0.9535
275.0000 0.9469
276.0000 0.9404
277.0000 0.9341
278.0000 0.9279
279.0000 0.9219
280.0000 0.9161
281.0000 0.9105
282.0000 0.9052
283.0000 0.9001
284.0000 0.8952
285.0000 0.8906
286.0000 0.8863
287.0000 0.8822
288.0000 0.8785
289.0000 0.8750
290.0000 0.8719
291.0000 0.8690
292.0000 0.8666
293.0000 0.8644
294.0000 0.8626
295.0000 0.8611
296.0000 0.8600
297.0000 0.8592
298.0000 0.8588
299.0000 0.8587
300.0000 0.8590
301.0000 0.8596
302.0000 0.8606
303.0000 0.8619
304.0000 0.8636
305.0000 0.8656
306.0000 0.8680
307.0000 0.8707
308.0000 0.8737
309.0000 0.8770
310.0000 0.8806
311.0000 0.8846
312.0000 0.8888
313.0000 0.8933
314.0000 0.8980
315.0000 0.9030
316.0000 0.9083
317.0000 0.9138
318.0000 0.9195
319.0000 0.9254
320.0000 0.9315
321.0000 0.9378
322.0000 0.9442
323.0000 0.9507
324.0000 0.9574
325.0000 0.9642
326.0000 0.9711
327.0000 0.9780
328.0000 0.9850
329.0000 0.9921
330.0000 0.9991
331.0000 1.0062
332.0000 1.0133
333.0000 1.0203
334.0000 1.0272
335.0000 1.0341
336.0000 1.0409
337.0000 1.0476
338.0000 1.0542
339.0000 1.0607
340.0000 1.0670
341.0000 1.0731
342.0000 1.0791
343.0000 1.0848
344.0000 1.0904
345.0000 1.0957
346.0000 1.1008
347.0000 1.1056
348.0000 1.1102
349.0000 1.1144
350.0000 1.1184
351.0000 1.1222
352.0000 1.1255
353.0000 1.1286
354.0000 1.1314
355.0000 1.1338
356.0000 1.1359
357.0000 1.1377
358.0000 1.1391
359.0000 1.1402
360.0000 1.1409
361.0000 1.1413
362.0000 1.1413
363.0000 1.1409
364.0000 1.1402
365.0000 1.1392
366.0000 1.1378
367.0000 1.1361
368.0000 1.1340
369.0000 1.1316
370.0000 1.1289
371.0000 1.1258
372.0000 1.1224
373.0000 1.1187
374.0000 1.1148
375.0000 1.1105
376.0000 1.1059
377.0000 1.1011
378.0000 1.0961
379.0000 1.0908
380.0000 1.0853
381.0000 1.0795
382.0000 1.0736
383.0000 1.0675
384.0000 1.0612
385.0000 1.0547
386.0000 1.0481
387.0000 1.0414
388.0000 1.0346
389.0000 1.0278
390.0000 1.0208
391.0000 1.0138
392.0000 1.0067
393.0000 0.9997
394.0000 0.9926
395.0000 0.9856
396.0000 0.9786
397.0000 0.9716
398.0000 0.9647
399.0000 0.9579
400.0000 0.9512
401.0000 0.9447
402.0000 0.9382
403.0000 0.9320
404.0000 0.9259
405.0000 0.9199
406.0000 0.9142
407.0000 0.9087
408.0000 0.9034
409.0000 0.8984
410.0000 0.8936
411.0000 0.8891
412.0000 0.8849
413.0000 0.8809
414.0000 0.8773
415.0000 0.8739
416.0000 0.8709
417.0000 0.8682
418.0000 0.8658
419.0000 0.8637
420.0000 0.8620
421.0000 0.8607
422.0000 0.8597
423.0000 0.8590
424.0000 0.8587
425.0000 0.8588
426.0000 0.8592
427.0000 0.8599
428.0000 0.8610
429.0000 0.8625
430.0000 0.8642
431.0000 0.8664
432.0000 0.8688
433.0000 0.8716
434.0000 0.8748
435.0000 0.8782
436.0000 0.8819
437.0000 0.8859
438.0000 0.8903
439.0000 0.8948
440.0000 0.8997
441.0000 0.9048
442.0000 0.9101
443.0000 0.9157
444.0000 0.9215
445.0000 0.9274
446.0000 0.9336
447.0000 0.9399
448.0000 0.9464
449.0000 0.9530
450.0000 0.9597
451.0000 0.9665
452.0000 0.9734
453.0000 0.9804
454.0000 0.9874
455.0000 0.9945
456.0000 1.0015
457.0000 1.0086
458.0000 1.0156
459.0000 1.0226
460.0000 1.0296
461.0000 1.0364
462.0000 1.0432
463.0000 1.0499
464.0000 1.0564
465.0000 1.0628
466.0000 1.0691
467.0000 1.0752
468.0000 1.0810
469.0000 1.0867
470.0000 1.0922
471.0000 1.0974
472.0000 1.1024
473.0000 1.1072
474.0000 1.1116
475.0000 1.1158
476.0000 1.1197
477.0000 1.1233
478.0000 1.1266
479.0000 1.1296
480.0000 1.1323
481.0000 1.1346
482.0000 1.1366
483.0000 1.1382
484.0000 1.1395
485.0000 1.1405
486.0000 1.1411
487.0000 1.1413
488.0000 1.1412
489.0000 1.1407
490.0000 1.1399
491.0000 1.1388
492.0000 1.1373
493.0000 1.1354
494.0000 1.1332
495.0000 1.1307
496.0000 1.1279
497.0000 1.1247
498.0000 1.1212
499.0000 1.1174
500.0000 1.1134
