1.0000 0.0000
2.0000 0.0500
3.0000 0.0998
4.0000 0.1494
5.0000 0.1987
6.0000 0.2474
7.0000 0.2955
8.0000 0.3429
9.0000 0.3894
10.0000 0.4350
11.0000 0.4794
12.0000 0.5227
13.0000 0.5646
14.0000 0.6052
15.0000 0.6442
16.0000 0.6816
17.0000 0.7174
18.0000 0.7513
19.0000 0.7833
20.0000 0.8134
21.0000 0.8415
22.0000 0.8674
23.0000 0.8912
24.0000 0.9128
25.0000 0.9320
26.0000 0.9490
27.0000 0.9636
28.0000 0.9757
29.0000 0.9854
30.0000 0.9927
31.0000 0.9975
32.0000 0.9998
33.0000 0.9996
34.0000 0.9969
35.0000 0.9917
36.0000 0.9840
37.0000 0.9738
38.0000 0.9613
39.0000 0.9463
40.0000 0.9290
41.0000 0.9093
42.0000 0.8874
43.0000 0.8632
44.0000 0.8369
45.0000 0.8085
46.0000 0.7781
47.0000 0.7457
48.0000 0.7115
49.0000 0.6755
50.0000 0.6378
51.0000 0.5985
52.0000 0.5577
53.0000 0.5155
54.0000 0.4720
55.0000 0.4274
56.0000 0.3817
57.0000 0.3350
58.0000 0.2875
59.0000 0.2392
60.0000 0.1904
61.0000 0.1411
62.0000 0.0915
63.0000 0.0416
64.0000 -0.0084
65.0000 -0.0584
66.0000 -0.1082
67.0000 -0.1577
68.0000 -0.2069
69.0000 -0.2555
70.0000 -0.3035
71.0000 -0.3508
72.0000 -0.3971
73.0000 -0.4425
74.0000 -0.4868
75.0000 -0.5298
76.0000 -0.5716
77.0000 -0.6119
78.0000 -0.6506
79.0000 -0.6878
80.0000 -0.7232
81.0000 -0.7568
82.0000 -0.7885
83.0000 -0.8183
84.0000 -0.8460
85.0000 -0.8716
86.0000 -0.8950
87.0000 -0.9162
88.0000 -0.9351
89.0000 -0.9516
90.0000 -0.9658
91.0000 -0.9775
92.0000 -0.9868
93.0000 -0.9937
94.0000 -0.9981
95.0000 -0.9999
96.0000 -0.9993
97.0000 -0.9962
98.0000 -0.9905
99.0000 -0.9825
100.0000 -0.9719
101.0000 -0.9589
102.0000 -0.9435
103.0000 -0.9258
104.0000 -0.9058
105.0000 -0.8835
106.0000 -0.8589
107.0000 -0.8323
108.0000 -0.8035
109.0000 -0.7728
110.0000 -0.7401
111.0000 -0.7055
112.0000 -0.6692
113.0000 -0.6313
114.0000 -0.5917
115.0000 -0.5507
116.0000 -0.5083
117.0000 -0.4646
118.0000 -0.4198
119.0000 -0.3739
120.0000 -0.3271
121.0000 -0.2794
122.0000 -0.2311
123.0000 -0.1822
124.0000 -0.1328
125.0000 -0.0831
126.0000 -0.0332
127.0000 0.0168
128.0000 0.0668
129.0000 0.1165
130.0000 0.1660
131.0000 0.2151
132.0000 0.2637
133.0000 0.3115
134.0000 0.3586
135.0000 0.4048
136.0000 0.4500
137.0000 0.4941
138.0000 0.5369
139.0000 0.5784
140.0000 0.6185
141.0000 0.6570
142.0000 0.6938
143.0000 0.7290
144.0000 0.7623
145.0000 0.7937
146.0000 0.8231
147.0000 0.8504
148.0000 0.8757
149.0000 0.8987
150.0000 0.9195
151.0000 0.9380
152.0000 0.9542
153.0000 0.9679
154.0000 0.9793
155.0000 0.9882
156.0000 0.9946
157.0000 0.9985
158.0000 1.0000
159.0000 0.9989
160.0000 0.9954
161.0000 0.9894
162.0000 0.9808
163.0000 0.9699
164.0000 0.9565
165.0000 0.9407
166.0000 0.9226
167.0000 0.9022
168.0000 0.8795
169.0000 0.8546
170.0000 0.8276
171.0000 0.7985
172.0000 0.7674
173.0000 0.7344
174.0000 0.6996
175.0000 0.6630
176.0000 0.6247
177.0000 0.5849
178.0000 0.5436
179.0000 0.5010
180.0000 0.4571
181.0000 0.4121
182.0000 0.3661
183.0000 0.3191
184.0000 0.2713
185.0000 0.2229
186.0000 0.1739
187.0000 0.1245
188.0000 0.0747
189.0000 0.0248
190.0000 -0.0252
191.0000 -0.0752
192.0000 -0.1249
193.0000 -0.1743
194.0000 -0.2233
195.0000 -0.2718
196.0000 -0.3195
197.0000 -0.3665
198.0000 -0.4125
199.0000 -0.4575
200.0000 -0.5014
201.0000 -0.5440
202.0000 -0.5853
203.0000 -0.6251
204.0000 -0.6633
205.0000 -0.6999
206.0000 -0.7347
207.0000 -0.7677
208.0000 -0.7988
209.0000 -0.8278
210.0000 -0.8548
211.0000 -0.8797
212.0000 -0.9024
213.0000 -0.9228
214.0000 -0.9409
215.0000 -0.9566
216.0000 -0.9700
217.0000 -0.9809
218.0000 -0.9894
219.0000 -0.9954
220.0000 -0.9990
221.0000 -1.0000
222.0000 -0.9985
223.0000 -0.9946
224.0000 -0.9881
225.0000 -0.9792
226.0000 -0.9678
227.0000 -0.9540
228.0000 -0.9378
229.0000 -0.9193
230.0000 -0.8985
231.0000 -0.8755
232.0000 -0.8502
233.0000 -0.8228
234.0000 -0.7934
235.0000 -0.7620
236.0000 -0.7287
237.0000 -0.6935
238.0000 -0.6567
239.0000 -0.6181
240.0000 -0.5781
241.0000 -0.5366
242.0000 -0.4937
243.0000 -0.4496
244.0000 -0.4044
245.0000 -0.3582
246.0000 -0.3111
247.0000 -0.2632
248.0000 -0.2147
249.0000 -0.1656
250.0000 -0.1161
251.0000 -0.0663
252.0000 -0.0164
253.0000 0.0336
254.0000 0.0835
255.0000 0.1332
256.0000 0.1826
257.0000 0.2315
258.0000 0.2798
259.0000 0.3275
260.0000 0.3743
261.0000 0.4202
262.0000 0.4650
263.0000 0.5087
264.0000 0.5511
265.0000 0.5921
266.0000 0.6316
267.0000 0.6696
268.0000 0.7059
269.0000 0.7404
270.0000 0.7730
271.0000 0.8038
272.0000 0.8325
273.0000 0.8592
274.0000 0.8837
275.0000 0.9060
276.0000 0.9260
277.0000 0.9437
278.0000 0.9591
279.0000 0.9720
280.0000 0.9825
281.0000 0.9906
282.0000 0.9962
283.0000 0.9993
284.0000 0.9999
285.0000 0.9980
286.0000 0.9936
287.0000 0.9868
288.0000 0.9774
289.0000 0.9657
290.0000 0.9515
291.0000 0.9349
292.0000 0.9160
293.0000 0.8948
294.0000 0.8714
295.0000 0.8457
296.0000 0.8180
297.0000 0.7883
298.0000 0.7565
299.0000 0.7229
300.0000 0.6874
301.0000 0.6503
302.0000 0.6115
303.0000 0.5712
304.0000 0.5295
305.0000 0.4864
306.0000 0.4421
307.0000 0.3967
308.0000 0.3504
309.0000 0.3031
310.0000 0.2551
311.0000 0.2065
312.0000 0.1573
313.0000 0.1078
314.0000 0.0579
315.0000 0.0080
316.0000 -0.0420
317.0000 -0.0919
318.0000 -0.1416
319.0000 -0.1909
320.0000 -0.2397
321.0000 -0.2879
322.0000 -0.3354
323.0000 -0.3821
324.0000 -0.4278
325.0000 -0.4724
326.0000 -0.5159
327.0000 -0.5581
328.0000 -0.5988
329.0000 -0.6381
330.0000 -0.6758
331.0000 -0.7118
332.0000 -0.7460
333.0000 -0.7784
334.0000 -0.8088
335.0000 -0.8371
336.0000 -0.8634
337.0000 -0.8876
338.0000 -0.9095
339.0000 -0.9291
340.0000 -0.9464
341.0000 -0.9614
342.0000 -0.9739
343.0000 -0.9841
344.0000 -0.9917
345.0000 -0.9969
346.0000 -0.9996
347.0000 -0.9998
348.0000 -0.9975
349.0000 -0.9927
350.0000 -0.9854
351.0000 -0.9756
352.0000 -0.9634
353.0000 -0.9488
354.0000 -0.9319
355.0000 -0.9126
356.0000 -0.8910
357.0000 -0.8672
358.0000 -0.8412
359.0000 -0.8132
360.0000 -0.7831
361.0000 -0.7510
362.0000 -0.7170
363.0000 -0.6813
364.0000 -0.6439
365.0000 -0.6048
366.0000 -0.5643
367.0000 -0.5223
368.0000 -0.4790
369.0000 -0.4346
370.0000 -0.3890
371.0000 -0.3425
372.0000 -0.2951
373.0000 -0.2470
374.0000 -0.1982
375.0000 -0.1490
376.0000 -0.0994
377.0000 -0.0495
378.0000 0.0004
379.0000 0.0504
380.0000 0.1003
381.0000 0.1499
382.0000 0.1991
383.0000 0.2478
384.0000 0.2959
385.0000 0.3433
386.0000 0.3898
387.0000 0.4354
388.0000 0.4798
389.0000 0.5231
390.0000 0.5650
391.0000 0.6055
392.0000 0.6446
393.0000 0.6820
394.0000 0.7177
395.0000 0.7516
396.0000 0.7836
397.0000 0.8137
398.0000 0.8417
399.0000 0.8676
400.0000 0.8914
401.0000 0.9129
402.0000 0.9322
403.0000 0.9491
404.0000 0.9637
405.0000 0.9758
406.0000 0.9855
407.0000 0.9928
408.0000 0.9975
409.0000 0.9998
410.0000 0.9996
411.0000 0.9968
412.0000 0.9916
413.0000 0.9839
414.0000 0.9737
415.0000 0.9612
416.0000 0.9462
417.0000 0.9288
418.0000 0.9091
419.0000 0.8872
420.0000 0.8630
421.0000 0.8367
422.0000 0.8082
423.0000 0.7778
424.0000 0.7454
425.0000 0.7112
426.0000 0.6751
427.0000 0.6374
428.0000 0.5981
429.0000 0.5573
430.0000 0.5151
431.0000 0.4716
432.0000 0.4270
433.0000 0.3813
434.0000 0.3346
435.0000 0.2871
436.0000 0.2388
437.0000 0.1900
438.0000 0.1407
439.0000 0.0910
440.0000 0.0411
441.0000 -0.0089
442.0000 -0.0588
443.0000 -0.1086
444.0000 -0.1582
445.0000 -0.2073
446.0000 -0.2560
447.0000 -0.3040
448.0000 -0.3512
449.0000 -0.3976
450.0000 -0.4429
451.0000 -0.4872
452.0000 -0.5302
453.0000 -0.5719
454.0000 -0.6122
455.0000 -0.6510
456.0000 -0.6881
457.0000 -0.7235
458.0000 -0.7571
459.0000 -0.7888
460.0000 -0.8185
461.0000 -0.8462
462.0000 -0.8718
463.0000 -0.8952
464.0000 -0.9163
465.0000 -0.9352
466.0000 -0.9517
467.0000 -0.9659
468.0000 -0.9776
469.0000 -0.9869
470.0000 -0.9937
471.0000 -0.9981
472.0000 -0.9999
473.0000 -0.9993
474.0000 -0.9961
475.0000 -0.9905
476.0000 -0.9824
477.0000 -0.9718
478.0000 -0.9588
479.0000 -0.9434
480.0000 -0.9256
481.0000 -0.9056
482.0000 -0.8832
483.0000 -0.8587
484.0000 -0.8320
485.0000 -0.8033
486.0000 -0.7725
487.0000 -0.7398
488.0000 -0.7052
489.0000 -0.6689
490.0000 -0.6309
491.0000 -0.5914
492.0000 -0.5503
493.0000 -0.5079
494.0000 -0.4642
495.0000 -0.4194
496.0000 -0.3735
497.0000 -0.3266
498.0000 -0.2790
499.0000 -0.2306
500.0000 -0.1817
