1.0000 0.0000
2.0000 0.0000
3.0000 0.0000
4.0000 0.0000
5.0000 0.0000
6.0000 0.0000
7.0000 0.0000
8.0000 0.0000
9.0000 1.0552
10.0000 1.8690
11.0000 2.3903
12.0000 2.5877
13.0000 2.1956
14.0000 2.1664
15.0000 2.0877
16.0000 1.6545
17.0000 1.5893
18.0000 1.4366
19.0000 1.1818
20.0000 1.0825
21.0000 0.7768
22.0000 0.5893
23.0000 0.4439
24.0000 0.5297
25.0000 0.6174
26.0000 0.7331
27.0000 0.6574
28.0000 0.8511
29.0000 1.0273
30.0000 1.0362
31.0000 1.1702
32.0000 1.3400
33.0000 1.2808
34.0000 1.3021
35.0000 1.0633
36.0000 0.8115
37.0000 0.8265
38.0000 0.7364
39.0000 0.8507
40.0000 0.8389
41.0000 0.9200
42.0000 0.7328
43.0000 0.6779
44.0000 0.9581
45.0000 1.1919
46.0000 1.0866
47.0000 0.8960
48.0000 0.7126
49.0000 0.6726
50.0000 0.5755
51.0000 0.8756
52.0000 1.0438
53.0000 0.8098
54.0000 0.8854
55.0000 1.0926
56.0000 0.9481
57.0000 0.7702
58.0000 0.6733
59.0000 0.5826
60.0000 0.7132
61.0000 0.9732
62.0000 0.9631
63.0000 0.8019
64.0000 1.0320
65.0000 0.9291
66.0000 0.7858
67.0000 0.8814
68.0000 0.9305
69.0000 0.7146
70.0000 0.7505
71.0000 0.6710
72.0000 0.8443
73.0000 1.0161
74.0000 1.0866
75.0000 0.9432
76.0000 1.1288
77.0000 1.0857
78.0000 1.2410
79.0000 1.3046
80.0000 0.8987
81.0000 0.7817
82.0000 0.8228
83.0000 0.7049
84.0000 0.7331
85.0000 0.6881
86.0000 0.6013
87.0000 0.6742
88.0000 0.8030
89.0000 0.8980
90.0000 1.1619
91.0000 0.9073
92.0000 0.9819
93.0000 1.0360
94.0000 1.2620
95.0000 1.1382
96.0000 0.8005
97.0000 0.9100
98.0000 0.7682
99.0000 0.9964
100.0000 0.2949
101.0000 -0.1674
102.0000 -0.2989
103.0000 -0.1089
104.0000 -0.3338
105.0000 -0.0508
106.0000 0.2568
107.0000 0.2408
108.0000 0.2749
109.0000 0.3861
110.0000 0.3807
111.0000 0.3304
112.0000 0.4379
113.0000 0.3883
114.0000 0.4475
115.0000 0.6418
116.0000 0.6385
117.0000 0.5266
118.0000 0.6677
119.0000 0.7696
120.0000 0.7223
121.0000 0.4750
122.0000 0.4068
123.0000 0.3474
124.0000 0.5536
125.0000 0.6746
126.0000 0.6060
127.0000 0.5611
128.0000 0.2157
129.0000 0.1210
130.0000 0.1355
131.0000 0.0256
132.0000 0.1557
133.0000 0.3363
134.0000 0.2072
135.0000 0.4852
136.0000 0.7182
137.0000 0.6023
138.0000 0.7267
139.0000 0.8337
140.0000 0.8093
141.0000 0.7735
142.0000 0.8619
143.0000 0.7721
144.0000 0.4826
145.0000 0.1196
146.0000 0.2614
147.0000 0.1911
148.0000 -0.0164
149.0000 0.1100
150.0000 0.3229
151.0000 0.3464
152.0000 0.4218
153.0000 0.6712
154.0000 0.6147
155.0000 0.7876
156.0000 0.8179
157.0000 0.6617
158.0000 0.3967
159.0000 0.2637
160.0000 0.2781
161.0000 0.1036
162.0000 -0.0378
163.0000 0.1428
164.0000 0.3859
165.0000 0.2462
166.0000 0.3887
167.0000 0.2871
168.0000 0.5765
169.0000 0.8238
170.0000 0.9471
171.0000 0.7504
172.0000 0.6661
173.0000 0.6335
174.0000 0.4160
175.0000 0.4019
176.0000 0.2505
177.0000 0.0379
178.0000 -0.0090
179.0000 0.3936
180.0000 0.1977
181.0000 0.1326
182.0000 0.2306
183.0000 0.6401
184.0000 0.4239
185.0000 0.5784
186.0000 0.6319
187.0000 0.6147
188.0000 0.5748
189.0000 0.3207
190.0000 0.1729
191.0000 0.3000
192.0000 0.1753
193.0000 0.3505
194.0000 0.6511
195.0000 0.7142
196.0000 0.7548
197.0000 0.7026
198.0000 0.6272
199.0000 0.4634
200.0000 0.5112
201.0000 0.2230
202.0000 0.3829
203.0000 0.2507
204.0000 0.0933
205.0000 0.1791
206.0000 0.0993
207.0000 0.4942
208.0000 0.5246
209.0000 0.8080
210.0000 0.9126
211.0000 0.8378
212.0000 0.8461
213.0000 0.6818
214.0000 0.6417
215.0000 0.4023
216.0000 0.2864
217.0000 0.3935
218.0000 0.5725
219.0000 0.7241
220.0000 0.7354
221.0000 0.5793
222.0000 0.4245
223.0000 0.5865
224.0000 0.6790
225.0000 0.6262
226.0000 0.6901
227.0000 0.5617
228.0000 0.5521
229.0000 0.3792
230.0000 0.4680
231.0000 0.3028
232.0000 0.4445
233.0000 0.5925
234.0000 0.2770
235.0000 0.2596
236.0000 0.3471
237.0000 0.5645
238.0000 0.4940
239.0000 0.6590
240.0000 0.6863
241.0000 0.7704
242.0000 0.7159
243.0000 0.6504
244.0000 0.2818
245.0000 0.0709
246.0000 -0.0107
247.0000 0.3288
248.0000 0.3864
249.0000 0.4472
250.0000 0.4870
251.0000 0.2531
252.0000 0.4968
253.0000 0.7308
254.0000 0.4894
255.0000 0.7055
256.0000 0.3648
257.0000 0.2158
258.0000 0.0651
259.0000 0.0631
260.0000 0.1450
261.0000 0.0407
262.0000 0.1905
263.0000 0.3657
264.0000 0.6208
265.0000 0.8205
266.0000 0.7775
267.0000 0.6061
268.0000 0.3432
269.0000 0.4903
270.0000 0.6326
271.0000 0.6355
272.0000 0.7441
273.0000 0.5321
274.0000 0.5302
275.0000 0.2866
276.0000 0.3552
277.0000 0.1592
278.0000 0.3855
279.0000 0.2421
280.0000 0.1414
281.0000 0.3100
282.0000 0.3673
283.0000 0.6572
284.0000 0.7747
285.0000 0.6388
286.0000 0.5834
287.0000 0.3426
288.0000 0.2980
289.0000 0.3555
290.0000 0.3074
291.0000 0.5565
292.0000 0.7572
293.0000 0.5172
294.0000 0.5891
295.0000 0.7666
296.0000 0.4257
297.0000 0.6456
298.0000 0.7605
299.0000 0.5499
300.0000 0.4938
