1.0000 0.0000
2.0000 0.0000
3.0000 0.0000
4.0000 0.0000
5.0000 0.0000
6.0000 0.0000
7.0000 0.0000
8.0000 0.0000
9.0000 0.1242
10.0000 -0.2086
11.0000 -0.3628
12.0000 -0.3111
13.0000 0.4566
14.0000 -0.2034
15.0000 -0.2628
16.0000 0.1602
17.0000 -0.4957
18.0000 -0.4218
19.0000 -0.1904
20.0000 -0.2760
21.0000 0.1953
22.0000 0.2002
23.0000 0.3518
24.0000 0.0591
25.0000 0.0703
26.0000 0.0309
27.0000 0.3589
28.0000 -0.0537
29.0000 -0.1166
30.0000 0.0954
31.0000 -0.1950
32.0000 -0.3989
33.0000 -0.1281
34.0000 -0.2778
35.0000 0.1432
36.0000 0.2767
37.0000 -0.0700
38.0000 0.1211
39.0000 -0.2209
40.0000 -0.0220
41.0000 -0.1853
42.0000 0.3272
43.0000 0.2432
44.0000 -0.3557
45.0000 -0.4317
46.0000 0.0321
47.0000 0.2440
48.0000 0.3357
49.0000 0.2207
50.0000 0.3876
51.0000 -0.3371
52.0000 -0.2988
53.0000 0.3820
54.0000 -0.0380
55.0000 -0.3130
56.0000 0.2249
57.0000 0.3836
58.0000 0.2980
59.0000 0.3430
60.0000 0.0380
61.0000 -0.2904
62.0000 0.0304
63.0000 0.3433
64.0000 -0.2847
65.0000 0.2167
66.0000 0.3627
67.0000 -0.0287
68.0000 -0.0395
69.0000 0.4425
70.0000 0.1283
71.0000 0.3064
72.0000 -0.0985
73.0000 -0.1786
74.0000 -0.1212
75.0000 0.2190
76.0000 -0.3069
77.0000 -0.0100
78.0000 -0.3792
79.0000 -0.3601
80.0000 0.4472
81.0000 0.1309
82.0000 -0.0613
83.0000 0.2078
84.0000 0.0296
85.0000 0.1524
86.0000 0.2782
87.0000 0.1180
88.0000 0.0021
89.0000 -0.0146
90.0000 -0.3899
91.0000 0.4165
92.0000 -0.0674
93.0000 -0.0730
94.0000 -0.4707
95.0000 0.0104
96.0000 0.4637
97.0000 -0.2246
98.0000 0.2434
99.0000 -0.3832
100.0000 1.2693
101.0000 1.2657
102.0000 1.0408
103.0000 0.6693
104.0000 1.4301
105.0000 0.7082
106.0000 0.5198
107.0000 1.1016
108.0000 1.1074
109.0000 0.9689
110.0000 1.0963
111.0000 1.2235
112.0000 0.9081
113.0000 1.0976
114.0000 0.9257
115.0000 0.6218
116.0000 0.8500
117.0000 1.0467
118.0000 0.6271
119.0000 0.5815
120.0000 0.7895
121.0000 1.1768
122.0000 0.9570
123.0000 0.9992
124.0000 0.5585
125.0000 0.5736
126.0000 0.8379
127.0000 0.8361
128.0000 1.4850
129.0000 1.2517
130.0000 1.1465
131.0000 1.3829
132.0000 1.0119
133.0000 0.8762
134.0000 1.3838
135.0000 0.7458
136.0000 0.6640
137.0000 1.1586
138.0000 0.7556
139.0000 0.6576
140.0000 0.7766
141.0000 0.7987
142.0000 0.5059
143.0000 0.7287
144.0000 1.1701
145.0000 1.4817
146.0000 0.7561
147.0000 1.1192
148.0000 1.4718
149.0000 0.9922
150.0000 0.8010
151.0000 1.0971
152.0000 1.0434
153.0000 0.6298
154.0000 1.0522
155.0000 0.6491
156.0000 0.7585
157.0000 1.0287
158.0000 1.3134
159.0000 1.2185
160.0000 1.0008
161.0000 1.3940
162.0000 1.4507
163.0000 0.9624
164.0000 0.7876
165.0000 1.4264
166.0000 0.9963
167.0000 1.3773
168.0000 0.7132
169.0000 0.6144
170.0000 0.6243
171.0000 1.0741
172.0000 0.9664
173.0000 0.8740
174.0000 1.2546
175.0000 0.9556
176.0000 1.2060
177.0000 1.4295
178.0000 1.3205
179.0000 0.5398
180.0000 1.4662
181.0000 1.3880
182.0000 1.1388
183.0000 0.5110
184.0000 1.4773
185.0000 0.8855
186.0000 0.8997
187.0000 1.0103
188.0000 1.0516
189.0000 1.4589
190.0000 1.3554
191.0000 0.9767
192.0000 1.3778
193.0000 0.8899
194.0000 0.5492
195.0000 0.8074
196.0000 0.8202
197.0000 0.9613
198.0000 0.9881
199.0000 1.2067
200.0000 0.8673
201.0000 1.4414
202.0000 0.7682
203.0000 1.2454
204.0000 1.4091
205.0000 1.0846
206.0000 1.4065
207.0000 0.5567
208.0000 1.0567
209.0000 0.5030
210.0000 0.6532
211.0000 0.9075
212.0000 0.7334
213.0000 1.0353
214.0000 0.8116
215.0000 1.2086
216.0000 1.0871
217.0000 0.7392
218.0000 0.5641
219.0000 0.5034
220.0000 0.6891
221.0000 0.9912
222.0000 1.1165
223.0000 0.6228
224.0000 0.6330
225.0000 0.8142
226.0000 0.5879
227.0000 0.9088
228.0000 0.7823
229.0000 1.1306
230.0000 0.7198
231.0000 1.1543
232.0000 0.6935
233.0000 0.5946
234.0000 1.4184
235.0000 1.0582
236.0000 0.9176
237.0000 0.6104
238.0000 1.0527
239.0000 0.6113
240.0000 0.7360
241.0000 0.6387
242.0000 0.8282
243.0000 0.8464
244.0000 1.4288
245.0000 1.3883
246.0000 1.2900
247.0000 0.5745
248.0000 0.9198
249.0000 0.8967
250.0000 0.9129
251.0000 1.4740
252.0000 0.7379
253.0000 0.6086
254.0000 1.3000
255.0000 0.5448
256.0000 1.4600
257.0000 1.3016
258.0000 1.4606
259.0000 1.2657
260.0000 1.1082
261.0000 1.4890
262.0000 1.0626
263.0000 0.9959
264.0000 0.7530
265.0000 0.6960
266.0000 0.9927
267.0000 1.2109
268.0000 1.4876
269.0000 0.8346
270.0000 0.7202
271.0000 0.8453
272.0000 0.5916
273.0000 1.1316
274.0000 0.8782
275.0000 1.3874
276.0000 0.9265
277.0000 1.3908
278.0000 0.7242
279.0000 1.2969
280.0000 1.3583
281.0000 0.9271
282.0000 1.0889
283.0000 0.5917
284.0000 0.7506
285.0000 1.0938
286.0000 1.0206
287.0000 1.4141
288.0000 1.1633
289.0000 0.9997
290.0000 1.1348
291.0000 0.5864
292.0000 0.5408
293.0000 1.2516
294.0000 0.8238
295.0000 0.5665
296.0000 1.4233
297.0000 0.5544
298.0000 0.5679
299.0000 1.0735
300.0000 0.9392
