1.0000 0.0000
2.0000 0.0000
3.0000 0.0000
4.0000 0.0000
5.0000 0.0000
6.0000 0.0000
7.0000 0.0000
8.0000 0.0000
9.0000 1.1431
10.0000 1.8371
11.0000 2.2007
12.0000 2.2998
13.0000 2.2699
14.0000 2.1487
15.0000 1.9560
16.0000 1.6405
17.0000 1.3441
18.0000 1.0910
19.0000 0.9329
20.0000 0.8371
21.0000 0.8024
22.0000 0.7740
23.0000 0.7991
24.0000 0.8479
25.0000 0.8839
26.0000 0.9138
27.0000 0.9482
28.0000 0.9945
29.0000 0.9980
30.0000 0.9859
31.0000 0.9761
32.0000 0.9493
33.0000 0.9200
34.0000 0.9112
35.0000 0.9331
36.0000 0.9382
37.0000 0.9494
38.0000 0.9092
39.0000 0.9072
40.0000 0.8923
41.0000 0.9010
42.0000 0.9035
43.0000 0.9086
44.0000 0.8871
45.0000 0.8776
46.0000 0.8850
47.0000 0.9097
48.0000 0.9253
49.0000 0.9368
50.0000 0.9188
51.0000 0.9037
52.0000 0.8916
53.0000 0.8842
54.0000 0.9066
55.0000 0.8925
56.0000 0.8915
57.0000 0.9136
58.0000 0.9216
59.0000 0.9234
60.0000 0.9215
61.0000 0.9153
62.0000 0.9218
63.0000 0.9283
64.0000 0.9086
65.0000 0.8827
66.0000 0.8839
67.0000 0.8863
68.0000 0.8822
69.0000 0.8989
70.0000 0.9061
71.0000 0.9096
72.0000 0.8920
73.0000 0.9049
74.0000 0.9037
75.0000 0.9121
76.0000 0.9111
77.0000 0.9358
78.0000 0.9116
79.0000 0.9028
80.0000 0.9202
81.0000 0.9411
82.0000 0.9144
83.0000 0.9060
84.0000 0.8941
85.0000 0.8899
86.0000 0.8837
87.0000 0.8714
88.0000 0.8747
89.0000 0.9089
90.0000 0.9021
91.0000 0.9120
92.0000 0.9085
93.0000 0.9057
94.0000 0.9030
95.0000 0.9326
96.0000 0.9400
97.0000 0.9467
98.0000 0.9095
99.0000 0.9057
100.0000 0.3812
101.0000 0.0509
102.0000 -0.1024
103.0000 -0.1646
104.0000 -0.1601
105.0000 -0.1396
106.0000 -0.0479
107.0000 0.0897
108.0000 0.2088
109.0000 0.3147
110.0000 0.3926
111.0000 0.4372
112.0000 0.4684
113.0000 0.5143
114.0000 0.5000
115.0000 0.4597
116.0000 0.4661
117.0000 0.4407
118.0000 0.4025
119.0000 0.4158
120.0000 0.4080
121.0000 0.4282
122.0000 0.4157
123.0000 0.4314
124.0000 0.4524
125.0000 0.4291
126.0000 0.4269
127.0000 0.4215
128.0000 0.4249
129.0000 0.4292
130.0000 0.4400
131.0000 0.4637
132.0000 0.4653
133.0000 0.4621
134.0000 0.4457
135.0000 0.4665
136.0000 0.4628
137.0000 0.4443
138.0000 0.4534
139.0000 0.4498
140.0000 0.4391
141.0000 0.4603
142.0000 0.4500
143.0000 0.4766
144.0000 0.4686
145.0000 0.4585
146.0000 0.4807
147.0000 0.4497
148.0000 0.4302
149.0000 0.4220
150.0000 0.4154
151.0000 0.4351
152.0000 0.4616
153.0000 0.4671
154.0000 0.4574
155.0000 0.4371
156.0000 0.4675
157.0000 0.4545
158.0000 0.4788
159.0000 0.4557
160.0000 0.4545
161.0000 0.4761
162.0000 0.4503
163.0000 0.4652
164.0000 0.4786
165.0000 0.4766
166.0000 0.4740
167.0000 0.4564
168.0000 0.4391
169.0000 0.4146
170.0000 0.3987
171.0000 0.4020
172.0000 0.4321
173.0000 0.4189
174.0000 0.4408
175.0000 0.4674
176.0000 0.4649
177.0000 0.4947
178.0000 0.5104
179.0000 0.5082
180.0000 0.5037
181.0000 0.4695
182.0000 0.4578
183.0000 0.4297
184.0000 0.4334
185.0000 0.4135
186.0000 0.4074
187.0000 0.4149
188.0000 0.4468
189.0000 0.4507
190.0000 0.4587
191.0000 0.4672
192.0000 0.4882
193.0000 0.4920
194.0000 0.4876
195.0000 0.4779
196.0000 0.4817
197.0000 0.4736
198.0000 0.4686
199.0000 0.4355
200.0000 0.4388
201.0000 0.4157
202.0000 0.4344
203.0000 0.4223
204.0000 0.4252
205.0000 0.4596
206.0000 0.4503
207.0000 0.4789
208.0000 0.4643
209.0000 0.4419
210.0000 0.4510
211.0000 0.4467
212.0000 0.4435
213.0000 0.4611
214.0000 0.4417
215.0000 0.4559
216.0000 0.4346
217.0000 0.4522
218.0000 0.4524
219.0000 0.4631
220.0000 0.4732
221.0000 0.4648
222.0000 0.4797
223.0000 0.4888
224.0000 0.4939
225.0000 0.4843
226.0000 0.4498
227.0000 0.4414
228.0000 0.4195
229.0000 0.3997
230.0000 0.4224
231.0000 0.4450
232.0000 0.4464
233.0000 0.4589
234.0000 0.4415
235.0000 0.4625
236.0000 0.4475
237.0000 0.4486
238.0000 0.4405
239.0000 0.4547
240.0000 0.4804
241.0000 0.4885
242.0000 0.4741
243.0000 0.4893
244.0000 0.4708
245.0000 0.4721
246.0000 0.4496
247.0000 0.4232
248.0000 0.4507
249.0000 0.4551
250.0000 0.4529
251.0000 0.4709
252.0000 0.4824
253.0000 0.4911
254.0000 0.4546
255.0000 0.4240
256.0000 0.4344
257.0000 0.4470
258.0000 0.4423
259.0000 0.4268
260.0000 0.4168
261.0000 0.4117
262.0000 0.4160
263.0000 0.4604
264.0000 0.4419
265.0000 0.4761
266.0000 0.4985
267.0000 0.4766
268.0000 0.4693
269.0000 0.4636
270.0000 0.4567
271.0000 0.4760
272.0000 0.4770
273.0000 0.4808
274.0000 0.4393
275.0000 0.4600
276.0000 0.4753
277.0000 0.4544
278.0000 0.4552
279.0000 0.4670
280.0000 0.4484
281.0000 0.4340
282.0000 0.4206
283.0000 0.4398
284.0000 0.4471
285.0000 0.4540
286.0000 0.4471
287.0000 0.4358
288.0000 0.4213
289.0000 0.4555
290.0000 0.4705
291.0000 0.4727
292.0000 0.4408
293.0000 0.4537
294.0000 0.4346
295.0000 0.4575
296.0000 0.4709
297.0000 0.4382
298.0000 0.4186
299.0000 0.4258
300.0000 0.4378
