1.0000 0.0000
2.0000 0.0000
3.0000 0.0000
4.0000 0.0000
5.0000 0.0000
6.0000 0.0000
7.0000 0.0000
8.0000 0.0000
9.0000 0.0000
10.0000 0.0000
11.0000 0.0000
12.0000 -0.0294
13.0000 -0.0330
14.0000 0.0070
15.0000 0.0003
16.0000 0.1002
17.0000 0.2187
18.0000 0.3819
19.0000 0.5345
20.0000 0.6145
21.0000 0.6897
22.0000 0.7936
23.0000 0.8389
24.0000 0.8534
25.0000 0.9101
26.0000 0.9386
27.0000 0.9809
28.0000 0.9914
29.0000 0.9818
30.0000 0.9784
31.0000 1.0005
32.0000 0.9786
33.0000 0.9534
34.0000 0.9912
35.0000 1.0125
36.0000 1.0264
37.0000 1.0333
38.0000 1.0241
39.0000 1.0157
40.0000 0.9800
41.0000 0.9505
42.0000 0.9160
43.0000 0.9469
44.0000 0.9827
45.0000 1.0182
46.0000 0.9849
47.0000 0.9475
48.0000 0.9192
49.0000 0.9207
50.0000 0.8980
51.0000 0.8889
52.0000 0.8963
53.0000 0.9410
54.0000 0.9366
55.0000 0.9932
56.0000 1.0344
57.0000 1.0119
58.0000 1.0129
59.0000 1.0102
60.0000 0.9815
61.0000 1.0183
62.0000 1.0222
63.0000 0.9869
64.0000 1.0221
65.0000 1.0544
66.0000 1.0154
67.0000 1.0539
68.0000 1.0273
69.0000 0.9754
70.0000 0.9883
71.0000 1.0226
72.0000 1.0420
73.0000 1.0377
74.0000 1.0568
75.0000 1.0380
76.0000 1.0146
77.0000 1.0433
78.0000 1.0304
79.0000 1.0405
80.0000 1.0444
81.0000 0.9885
82.0000 0.9950
83.0000 0.9714
84.0000 0.9300
85.0000 0.9562
86.0000 0.9611
87.0000 0.9329
88.0000 0.9620
89.0000 0.9617
90.0000 1.0071
91.0000 0.9801
92.0000 0.9714
93.0000 1.0240
94.0000 0.9945
95.0000 0.9908
96.0000 0.9944
97.0000 1.0221
98.0000 1.0285
99.0000 1.0561
100.0000 1.0166
101.0000 0.9861
102.0000 0.9973
103.0000 1.0704
104.0000 1.1966
105.0000 1.2882
106.0000 1.3691
107.0000 1.3496
108.0000 1.3459
109.0000 1.3183
110.0000 1.2836
111.0000 1.2164
112.0000 1.1296
113.0000 1.0631
114.0000 1.0062
115.0000 0.9827
116.0000 0.9739
117.0000 1.0008
118.0000 1.0550
119.0000 1.0432
120.0000 1.0340
121.0000 1.0795
122.0000 1.1003
123.0000 1.0671
124.0000 1.0252
125.0000 1.0383
126.0000 0.9808
127.0000 0.9716
128.0000 0.9753
129.0000 0.9857
130.0000 0.9638
131.0000 0.9873
132.0000 0.9671
133.0000 0.9477
134.0000 0.9698
135.0000 0.9660
136.0000 1.0276
137.0000 1.0434
138.0000 1.0452
139.0000 1.0358
140.0000 1.0259
141.0000 1.0416
142.0000 1.0021
143.0000 0.9633
144.0000 0.9910
145.0000 0.9950
146.0000 0.9909
147.0000 1.0432
148.0000 1.0384
149.0000 1.0681
150.0000 1.0562
151.0000 1.0719
152.0000 1.0671
153.0000 1.0526
154.0000 0.9848
155.0000 0.9707
156.0000 0.9489
157.0000 0.9509
158.0000 0.9643
159.0000 0.9483
160.0000 0.9695
161.0000 1.0095
162.0000 0.9674
163.0000 0.9538
164.0000 0.9962
165.0000 0.9523
166.0000 0.9417
167.0000 0.9555
168.0000 1.0048
169.0000 1.0279
170.0000 0.9993
171.0000 1.0022
172.0000 0.9798
173.0000 0.9641
174.0000 0.9417
175.0000 0.9953
176.0000 1.0344
177.0000 1.0613
178.0000 1.0974
179.0000 1.1063
180.0000 1.0489
181.0000 1.0205
182.0000 0.9603
183.0000 0.9074
184.0000 0.8809
185.0000 0.8784
186.0000 0.8888
187.0000 0.9400
188.0000 0.9802
189.0000 1.0289
190.0000 1.0413
191.0000 1.0678
192.0000 1.0810
193.0000 1.0410
194.0000 1.0059
195.0000 0.9665
196.0000 0.9418
197.0000 0.9607
198.0000 1.0108
199.0000 1.0124
200.0000 1.0085
201.0000 0.9888
202.0000 1.0359
203.0000 1.0153
204.0000 1.0370
205.0000 1.0244
206.0000 0.9998
207.0000 1.0269
208.0000 0.9913
209.0000 1.0281
210.0000 0.9986
211.0000 1.0420
212.0000 1.0538
213.0000 1.0217
214.0000 1.0569
215.0000 0.9988
216.0000 1.0130
217.0000 1.0417
218.0000 1.0313
219.0000 1.0459
220.0000 1.0288
221.0000 1.0311
222.0000 0.9695
223.0000 0.9367
224.0000 0.9078
225.0000 0.8893
226.0000 0.9565
227.0000 1.0081
228.0000 0.9966
229.0000 1.0376
230.0000 0.9996
231.0000 0.9682
232.0000 0.9562
233.0000 0.9791
234.0000 1.0239
235.0000 1.0624
236.0000 1.0639
237.0000 1.0814
238.0000 1.0407
239.0000 1.0588
240.0000 1.0766
241.0000 1.0073
242.0000 0.9837
243.0000 0.9500
244.0000 0.9116
245.0000 0.9468
246.0000 0.9484
247.0000 0.9399
248.0000 0.9422
249.0000 0.9965
250.0000 1.0451
251.0000 1.0537
252.0000 1.0220
253.0000 1.0159
254.0000 0.9709
255.0000 1.0057
256.0000 0.9875
257.0000 1.0275
258.0000 1.0657
259.0000 1.0694
260.0000 1.0901
261.0000 1.0208
262.0000 1.0404
263.0000 0.9758
264.0000 0.9380
265.0000 0.9439
266.0000 0.9812
267.0000 0.9904
268.0000 0.9802
269.0000 0.9615
270.0000 0.9377
271.0000 0.9299
272.0000 0.9444
273.0000 0.9617
274.0000 0.9829
275.0000 1.0158
276.0000 1.0229
277.0000 0.9901
278.0000 0.9651
279.0000 0.9702
280.0000 1.0212
281.0000 1.0323
282.0000 1.0797
283.0000 1.0629
284.0000 1.0302
285.0000 1.0527
286.0000 1.0506
287.0000 1.0232
288.0000 1.0498
289.0000 1.0208
290.0000 0.9968
291.0000 0.9823
292.0000 0.9675
293.0000 0.9838
294.0000 0.9493
295.0000 0.9810
296.0000 0.9567
297.0000 0.9656
298.0000 0.9634
299.0000 0.9830
300.0000 0.9758
