1.0000 0.0000
2.0000 0.0000
3.0000 0.0000
4.0000 0.0000
5.0000 0.0000
6.0000 0.0000
7.0000 0.0000
8.0000 0.0000
9.0000 -0.0426
10.0000 0.0805
11.0000 0.0853
12.0000 -0.1413
13.0000 -0.1343
14.0000 -0.0530
15.0000 0.0899
16.0000 0.0391
17.0000 0.1448
18.0000 -0.1025
19.0000 0.0350
20.0000 -0.0574
21.0000 -0.1245
22.0000 0.1130
23.0000 0.0272
24.0000 -0.0591
25.0000 -0.0996
26.0000 -0.0480
27.0000 -0.1298
28.0000 0.0460
29.0000 -0.0767
30.0000 0.0774
31.0000 -0.0603
32.0000 -0.0244
33.0000 -0.1333
34.0000 -0.1407
35.0000 -0.0940
36.0000 -0.0687
37.0000 -0.1301
38.0000 -0.0500
39.0000 -0.1350
40.0000 -0.1196
41.0000 -0.1284
42.0000 0.1214
43.0000 -0.0565
44.0000 0.0275
45.0000 -0.0367
46.0000 0.1355
47.0000 0.0727
48.0000 0.1161
49.0000 0.0297
50.0000 0.0569
51.0000 -0.0327
52.0000 -0.0830
53.0000 -0.1106
54.0000 -0.0983
55.0000 0.1316
56.0000 -0.1397
57.0000 0.1139
58.0000 0.0067
59.0000 0.0925
60.0000 -0.0157
61.0000 -0.0460
62.0000 0.0771
63.0000 -0.0419
64.0000 0.0170
65.0000 0.1166
66.0000 0.1020
67.0000 -0.0768
68.0000 -0.0193
69.0000 0.0986
70.0000 -0.1042
71.0000 0.0774
72.0000 0.1130
73.0000 0.0006
74.0000 0.0211
75.0000 0.1054
76.0000 0.1454
77.0000 0.0871
78.0000 -0.0448
79.0000 0.0006
80.0000 -0.0734
81.0000 0.0030
82.0000 -0.1264
83.0000 -0.1332
84.0000 0.0405
85.0000 0.0351
86.0000 -0.1256
87.0000 0.0329
88.0000 0.0134
89.0000 0.1068
90.0000 0.0428
91.0000 -0.0685
92.0000 -0.1180
93.0000 -0.1318
94.0000 0.0366
95.0000 0.0597
96.0000 -0.0675
97.0000 -0.0234
98.0000 -0.0403
99.0000 -0.1254
100.0000 0.8709
101.0000 0.8863
102.0000 1.0534
103.0000 0.9157
104.0000 0.9212
105.0000 0.8526
106.0000 1.0681
107.0000 1.0183
108.0000 1.0156
109.0000 1.0727
110.0000 1.0974
111.0000 0.9680
112.0000 0.8908
113.0000 0.9087
114.0000 1.0661
115.0000 1.0509
116.0000 0.8680
117.0000 0.9653
118.0000 0.9974
119.0000 1.0822
120.0000 0.8943
121.0000 0.9957
122.0000 0.8716
123.0000 1.0862
124.0000 0.9681
125.0000 0.9208
126.0000 0.8742
127.0000 0.8737
128.0000 1.1282
129.0000 0.9114
130.0000 1.1370
131.0000 0.9519
132.0000 1.1380
133.0000 0.9529
134.0000 0.8690
135.0000 1.0337
136.0000 1.0167
137.0000 1.1219
138.0000 0.9104
139.0000 1.0863
140.0000 0.9543
141.0000 1.1416
142.0000 1.1008
143.0000 1.0635
144.0000 0.9145
145.0000 0.8546
146.0000 0.9130
147.0000 1.0109
148.0000 0.8825
149.0000 1.1061
150.0000 1.1233
151.0000 0.9501
152.0000 0.9907
153.0000 0.8509
154.0000 0.9433
155.0000 0.9956
156.0000 0.9286
157.0000 1.0549
158.0000 1.1234
159.0000 1.0212
160.0000 0.9296
161.0000 1.1285
162.0000 0.8693
163.0000 1.0379
164.0000 1.1345
165.0000 1.0049
166.0000 1.1370
167.0000 0.9316
168.0000 1.0081
169.0000 1.1234
170.0000 0.9144
171.0000 1.0980
172.0000 0.8915
173.0000 0.9813
174.0000 1.1126
175.0000 1.0613
176.0000 0.9991
177.0000 1.0329
178.0000 0.8733
179.0000 0.9224
180.0000 0.8577
181.0000 1.1039
182.0000 0.8545
183.0000 1.0151
184.0000 0.8859
185.0000 1.0264
186.0000 1.0367
187.0000 1.0741
188.0000 0.9430
189.0000 1.1250
190.0000 1.0847
191.0000 0.8803
192.0000 0.9343
193.0000 1.1223
194.0000 0.8833
195.0000 1.0869
196.0000 0.8807
197.0000 1.0804
198.0000 1.0486
199.0000 1.0819
200.0000 1.1296
201.0000 0.9031
202.0000 0.8561
203.0000 1.1001
204.0000 0.9920
205.0000 0.8826
206.0000 0.8767
207.0000 0.8845
208.0000 0.9004
209.0000 1.1418
210.0000 0.9358
211.0000 1.0297
212.0000 1.1057
213.0000 0.9234
214.0000 1.0682
215.0000 0.9702
216.0000 0.9432
217.0000 1.0461
218.0000 0.9675
219.0000 0.8858
220.0000 1.1436
221.0000 1.0055
222.0000 1.0023
223.0000 0.9475
224.0000 0.9092
225.0000 1.1089
226.0000 0.9304
227.0000 1.0116
228.0000 1.0154
229.0000 1.1390
230.0000 0.9309
231.0000 0.9297
232.0000 0.9430
233.0000 1.0172
234.0000 0.9635
235.0000 0.9237
236.0000 1.0529
237.0000 0.9284
238.0000 1.1384
239.0000 0.9993
240.0000 0.9783
241.0000 1.0203
242.0000 1.0339
243.0000 1.0921
244.0000 1.1142
245.0000 0.8980
246.0000 0.8768
247.0000 0.9439
248.0000 1.0322
249.0000 0.9636
250.0000 1.1277
251.0000 0.8671
252.0000 1.1482
253.0000 1.0501
254.0000 1.0351
255.0000 0.8944
256.0000 0.8587
257.0000 1.0217
258.0000 0.8590
259.0000 1.0635
260.0000 0.9142
261.0000 0.9266
262.0000 1.1376
263.0000 0.9046
264.0000 1.0895
265.0000 0.8620
266.0000 0.9427
267.0000 1.1401
268.0000 0.9301
269.0000 0.8866
270.0000 1.0322
271.0000 1.0436
272.0000 1.1123
273.0000 1.1192
274.0000 0.8660
275.0000 1.0779
276.0000 1.1077
277.0000 0.9945
278.0000 0.8725
279.0000 0.8772
280.0000 0.9101
281.0000 1.0835
282.0000 0.9722
283.0000 1.0981
284.0000 0.8944
285.0000 1.0699
286.0000 0.8950
287.0000 1.1015
288.0000 1.0136
289.0000 1.1384
290.0000 0.8726
291.0000 1.1302
292.0000 0.9578
293.0000 0.8701
294.0000 1.1398
295.0000 1.0448
296.0000 0.9762
297.0000 1.0289
298.0000 0.9541
299.0000 0.9153
300.0000 0.8614
