1.0000 0.0000
2.0000 0.0000
3.0000 0.0000
4.0000 0.0000
5.0000 0.0000
6.0000 0.0000
7.0000 0.0000
8.0000 0.0000
9.0000 0.0000
10.0000 0.0000
11.0000 0.0000
12.0000 0.0151
13.0000 -0.0139
14.0000 -0.0545
15.0000 -0.0790
16.0000 0.0704
17.0000 0.1746
18.0000 0.3060
19.0000 0.4988
20.0000 0.5660
21.0000 0.6455
22.0000 0.7483
23.0000 0.8028
24.0000 0.9077
25.0000 0.9865
26.0000 1.0535
27.0000 1.0651
28.0000 1.0555
29.0000 1.0280
30.0000 1.0323
31.0000 0.9858
32.0000 0.9447
33.0000 0.9444
34.0000 0.9023
35.0000 0.8572
36.0000 0.8687
37.0000 0.8624
38.0000 0.9207
39.0000 0.9971
40.0000 1.0147
41.0000 1.0575
42.0000 1.0363
43.0000 1.0279
44.0000 1.0009
45.0000 1.0347
46.0000 1.0557
47.0000 0.9971
48.0000 0.9482
49.0000 0.9542
50.0000 0.9782
51.0000 1.0246
52.0000 1.0631
53.0000 1.1089
54.0000 1.0443
55.0000 0.9867
56.0000 1.0200
57.0000 0.9845
58.0000 0.9415
59.0000 0.9862
60.0000 1.0247
61.0000 1.0480
62.0000 1.0859
63.0000 1.0700
64.0000 1.0062
65.0000 0.9883
66.0000 1.0035
67.0000 0.9444
68.0000 0.9771
69.0000 1.0205
70.0000 0.9958
71.0000 0.9913
72.0000 1.0413
73.0000 1.0316
74.0000 1.0515
75.0000 1.0212
76.0000 0.9740
77.0000 0.9457
78.0000 0.9585
79.0000 0.9144
80.0000 0.9291
81.0000 0.9027
82.0000 0.8778
83.0000 0.9709
84.0000 1.0033
85.0000 1.0179
86.0000 1.0704
87.0000 1.0646
88.0000 1.0662
89.0000 1.0834
90.0000 1.0673
91.0000 1.0402
92.0000 1.0122
93.0000 0.9366
94.0000 0.9786
95.0000 0.9585
96.0000 0.9486
97.0000 0.9121
98.0000 0.9286
99.0000 1.0018
100.0000 0.9789
101.0000 1.0363
102.0000 0.9996
103.0000 1.1510
104.0000 1.2714
105.0000 1.3250
106.0000 1.3349
107.0000 1.3859
108.0000 1.2963
109.0000 1.1831
110.0000 1.1673
111.0000 1.1294
112.0000 1.0912
113.0000 1.0910
114.0000 1.1011
115.0000 1.0690
116.0000 1.0722
117.0000 1.0518
118.0000 0.9942
119.0000 0.9838
120.0000 0.9955
121.0000 0.9565
122.0000 0.9348
123.0000 0.9454
124.0000 0.9943
125.0000 1.0151
126.0000 1.0453
127.0000 1.0146
128.0000 0.9781
129.0000 0.9769
130.0000 0.9699
131.0000 1.0556
132.0000 1.1013
133.0000 1.1203
134.0000 1.1611
135.0000 1.1228
136.0000 1.0667
137.0000 1.0818
138.0000 1.0035
139.0000 0.9380
140.0000 0.9576
141.0000 0.9134
142.0000 0.8851
143.0000 0.8957
144.0000 0.9021
145.0000 0.8825
146.0000 0.9059
147.0000 0.9801
148.0000 1.0758
149.0000 1.0700
150.0000 1.1075
151.0000 1.1611
152.0000 1.1169
153.0000 1.0648
154.0000 1.0529
155.0000 1.0187
156.0000 0.9452
157.0000 0.9516
158.0000 0.9078
159.0000 0.8922
160.0000 0.9309
161.0000 0.9939
162.0000 1.0447
163.0000 1.0632
164.0000 1.1181
165.0000 1.1500
166.0000 1.1042
167.0000 1.0463
168.0000 1.0651
169.0000 1.0124
170.0000 1.0255
171.0000 0.9687
172.0000 0.9037
173.0000 0.8638
174.0000 0.8810
175.0000 0.9002
176.0000 0.9236
177.0000 1.0017
178.0000 1.0173
179.0000 1.0572
180.0000 1.1147
181.0000 1.1314
182.0000 1.0475
183.0000 1.0843
184.0000 1.0847
185.0000 1.0461
186.0000 0.9635
187.0000 1.0040
188.0000 0.9556
189.0000 0.9243
190.0000 0.9411
191.0000 0.9469
192.0000 1.0122
193.0000 1.0552
194.0000 1.0435
195.0000 1.0830
196.0000 1.0375
197.0000 0.9498
198.0000 0.9204
199.0000 0.8894
200.0000 0.8925
201.0000 0.9189
202.0000 0.9732
203.0000 0.9799
204.0000 1.0550
205.0000 1.0282
206.0000 1.0561
207.0000 1.1004
208.0000 1.0747
209.0000 1.1023
210.0000 1.0099
211.0000 0.9867
212.0000 0.9037
213.0000 0.8504
214.0000 0.8650
215.0000 0.8585
216.0000 0.9119
217.0000 0.9379
218.0000 1.0065
219.0000 1.0491
220.0000 1.0322
221.0000 0.9975
222.0000 0.9484
223.0000 0.9240
224.0000 0.9469
225.0000 0.9907
226.0000 0.9757
227.0000 0.9693
228.0000 0.9781
229.0000 0.9469
230.0000 0.9724
231.0000 0.9837
232.0000 1.0326
233.0000 1.0255
234.0000 1.0656
235.0000 1.0394
236.0000 0.9954
237.0000 1.0660
238.0000 1.0631
239.0000 1.0510
240.0000 1.0140
241.0000 1.0182
242.0000 0.9636
243.0000 0.9404
244.0000 0.9246
245.0000 0.9317
246.0000 0.9510
247.0000 1.0404
248.0000 1.1116
249.0000 1.1530
250.0000 1.0953
251.0000 1.0687
252.0000 1.0275
253.0000 0.9866
254.0000 1.0414
255.0000 0.9959
256.0000 0.9492
257.0000 1.0004
258.0000 0.9315
259.0000 1.0049
260.0000 1.0587
261.0000 1.1051
262.0000 1.1324
263.0000 1.1127
264.0000 1.1320
265.0000 1.0810
266.0000 1.0291
267.0000 0.9615
268.0000 0.8927
269.0000 0.8827
270.0000 0.9118
271.0000 0.9856
272.0000 0.9798
273.0000 0.9641
274.0000 0.9600
275.0000 0.9097
276.0000 0.9463
277.0000 0.9541
278.0000 1.0245
279.0000 1.0319
280.0000 1.0824
281.0000 1.0404
282.0000 1.0613
283.0000 1.0869
284.0000 1.0387
285.0000 1.0339
286.0000 0.9591
287.0000 0.9120
288.0000 0.9263
289.0000 0.9310
290.0000 1.0024
291.0000 1.0377
292.0000 1.0394
293.0000 1.0557
294.0000 0.9860
295.0000 0.9231
296.0000 0.9637
297.0000 0.9380
298.0000 0.9034
299.0000 0.9969
300.0000 0.9494
