1.0000 0.0000
2.0000 0.0000
3.0000 0.0000
4.0000 0.0000
5.0000 0.0000
6.0000 0.0000
7.0000 0.0000
8.0000 0.0000
9.0000 -0.2426
10.0000 -0.0886
11.0000 0.2638
12.0000 -0.0412
13.0000 0.0964
14.0000 -0.0785
15.0000 0.2360
16.0000 0.1864
17.0000 -0.2621
18.0000 -0.2851
19.0000 0.1122
20.0000 -0.0856
21.0000 -0.2745
22.0000 0.0867
23.0000 0.0851
24.0000 0.2881
25.0000 0.0743
26.0000 -0.0103
27.0000 0.0537
28.0000 0.3375
29.0000 0.0130
30.0000 -0.1059
31.0000 0.3380
32.0000 0.3444
33.0000 0.2773
34.0000 0.1691
35.0000 0.1153
36.0000 0.1634
37.0000 -0.0449
38.0000 -0.0703
39.0000 -0.1975
40.0000 0.2671
41.0000 0.3094
42.0000 0.3143
43.0000 -0.2755
44.0000 -0.3094
45.0000 -0.2354
46.0000 0.0192
47.0000 -0.3012
48.0000 -0.3429
49.0000 -0.2858
50.0000 0.0752
51.0000 -0.3107
52.0000 0.1107
53.0000 0.0531
54.0000 -0.2983
55.0000 -0.1809
56.0000 -0.1042
57.0000 -0.2613
58.0000 0.1676
59.0000 -0.0380
60.0000 -0.3377
61.0000 0.1272
62.0000 0.2666
63.0000 -0.2521
64.0000 0.2176
65.0000 -0.1730
66.0000 -0.3329
67.0000 0.0215
68.0000 0.3044
69.0000 0.1885
70.0000 -0.0667
71.0000 0.1525
72.0000 -0.0131
73.0000 -0.0412
74.0000 0.3097
75.0000 0.0551
76.0000 0.1985
77.0000 0.1504
78.0000 -0.2505
79.0000 0.1350
80.0000 -0.0744
81.0000 -0.2606
82.0000 0.0986
83.0000 -0.0017
84.0000 -0.3052
85.0000 0.0165
86.0000 -0.1298
87.0000 0.2484
88.0000 -0.3437
89.0000 -0.2082
90.0000 0.2664
91.0000 -0.1974
92.0000 -0.1276
93.0000 -0.1092
94.0000 0.2101
95.0000 0.0498
96.0000 0.2193
97.0000 -0.2897
98.0000 -0.2155
99.0000 0.0907
100.0000 0.6947
101.0000 1.1701
102.0000 1.0724
103.0000 1.2089
104.0000 0.7624
105.0000 1.1666
106.0000 1.1799
107.0000 1.2669
108.0000 0.9505
109.0000 0.7812
110.0000 0.8621
111.0000 0.8745
112.0000 0.9594
113.0000 0.9033
114.0000 1.0879
115.0000 1.3072
116.0000 0.8508
117.0000 0.8212
118.0000 1.2946
119.0000 1.2984
120.0000 0.8670
121.0000 0.7035
122.0000 1.1966
123.0000 0.7415
124.0000 0.9730
125.0000 0.9581
126.0000 1.0735
127.0000 0.7389
128.0000 1.0693
129.0000 0.7425
130.0000 0.7307
131.0000 0.9588
132.0000 0.8398
133.0000 1.3109
134.0000 1.0117
135.0000 0.9617
136.0000 0.8660
137.0000 0.9787
138.0000 1.1956
139.0000 0.7682
140.0000 0.6657
141.0000 1.1461
142.0000 1.0736
143.0000 0.9396
144.0000 1.2903
145.0000 0.9840
146.0000 1.2914
147.0000 0.9978
148.0000 1.2993
149.0000 1.1426
150.0000 1.1362
151.0000 0.6532
152.0000 1.0282
153.0000 0.9391
154.0000 1.0897
155.0000 1.0305
156.0000 0.8012
157.0000 1.0365
158.0000 1.2539
159.0000 0.6535
160.0000 0.7376
161.0000 1.1925
162.0000 0.6643
163.0000 0.7498
164.0000 0.8743
165.0000 1.2833
166.0000 1.0799
167.0000 0.6611
168.0000 0.8680
169.0000 0.7849
170.0000 0.8428
171.0000 0.6687
172.0000 1.2314
173.0000 1.1850
174.0000 1.1548
175.0000 1.2259
176.0000 1.1852
177.0000 0.7344
178.0000 0.9190
179.0000 0.6695
180.0000 0.6509
181.0000 0.6549
182.0000 0.7674
183.0000 0.7553
184.0000 1.0108
185.0000 0.9432
186.0000 1.0657
187.0000 0.8439
188.0000 1.0650
189.0000 1.0596
190.0000 0.7351
191.0000 0.7050
192.0000 0.6724
193.0000 0.7677
194.0000 1.0169
195.0000 1.2390
196.0000 0.8645
197.0000 0.7838
198.0000 0.6956
199.0000 1.3122
200.0000 0.8213
201.0000 1.0878
202.0000 0.7947
203.0000 0.8192
204.0000 1.1704
205.0000 0.7592
206.0000 1.2262
207.0000 0.7158
208.0000 1.3359
209.0000 1.1073
210.0000 0.8489
211.0000 1.2571
212.0000 0.6711
213.0000 1.1827
214.0000 1.2773
215.0000 1.0832
216.0000 1.1545
217.0000 0.9747
218.0000 1.1812
219.0000 0.6550
220.0000 0.7854
221.0000 0.7140
222.0000 0.7676
223.0000 1.3096
224.0000 1.2446
225.0000 0.7461
226.0000 1.1125
227.0000 0.6769
228.0000 0.7537
229.0000 0.7793
230.0000 1.1018
231.0000 1.2496
232.0000 1.2474
233.0000 0.9958
234.0000 1.1966
235.0000 0.8423
236.0000 1.3272
237.0000 1.3434
238.0000 0.7091
239.0000 0.8809
240.0000 0.8378
241.0000 0.8011
242.0000 1.1869
243.0000 0.9055
244.0000 0.7578
245.0000 0.7655
246.0000 1.2754
247.0000 1.3121
248.0000 1.0122
249.0000 0.6629
250.0000 0.9435
251.0000 0.7355
252.0000 1.3163
253.0000 0.8391
254.0000 1.2756
255.0000 1.2766
256.0000 1.1929
257.0000 1.2862
258.0000 0.6617
259.0000 1.3215
260.0000 0.7027
261.0000 0.8496
262.0000 0.9917
263.0000 1.3294
264.0000 1.0477
265.0000 0.8418
266.0000 0.7404
267.0000 0.7586
268.0000 0.8382
269.0000 0.9537
270.0000 0.9271
271.0000 0.9477
272.0000 1.0801
273.0000 0.9628
274.0000 0.6584
275.0000 0.6740
276.0000 0.9291
277.0000 1.3356
278.0000 1.0299
279.0000 1.2887
280.0000 0.8769
281.0000 0.8534
282.0000 1.2653
283.0000 1.1954
284.0000 0.9261
285.0000 1.2676
286.0000 0.9480
287.0000 0.9765
288.0000 0.9475
289.0000 0.9686
290.0000 1.1368
291.0000 0.7169
292.0000 1.1634
293.0000 0.7410
294.0000 0.9976
295.0000 0.8318
296.0000 1.0642
297.0000 0.8093
298.0000 1.3186
299.0000 0.6941
300.0000 0.7783
