1.0000 0.0000
2.0000 0.0000
3.0000 0.0000
4.0000 0.0000
5.0000 0.0000
6.0000 0.0000
7.0000 0.0000
8.0000 0.0000
9.0000 1.1192
10.0000 1.8021
11.0000 2.1581
12.0000 2.2814
13.0000 2.2494
14.0000 2.1229
15.0000 1.9473
16.0000 1.6662
17.0000 1.3759
18.0000 1.1290
19.0000 0.9473
20.0000 0.8330
21.0000 0.7776
22.0000 0.7671
23.0000 0.7940
24.0000 0.8429
25.0000 0.8981
26.0000 0.9478
27.0000 0.9848
28.0000 1.0061
29.0000 1.0124
30.0000 1.0059
31.0000 0.9901
32.0000 0.9692
33.0000 0.9473
34.0000 0.9275
35.0000 0.9119
36.0000 0.9012
37.0000 0.8955
38.0000 0.8941
39.0000 0.8960
40.0000 0.8998
41.0000 0.9043
42.0000 0.9086
43.0000 0.9120
44.0000 0.9143
45.0000 0.9152
46.0000 0.9150
47.0000 0.9140
48.0000 0.9124
49.0000 0.9107
50.0000 0.9091
51.0000 0.9077
52.0000 0.9068
53.0000 0.9063
54.0000 0.9061
55.0000 0.9062
56.0000 0.9065
57.0000 0.9068
58.0000 0.9072
59.0000 0.9075
60.0000 0.9077
61.0000 0.9078
62.0000 0.9079
63.0000 0.9078
64.0000 0.9077
65.0000 0.9075
66.0000 0.9074
67.0000 0.9073
68.0000 0.9072
69.0000 0.9072
70.0000 0.9071
71.0000 0.9071
72.0000 0.9072
73.0000 0.9072
74.0000 0.9072
75.0000 0.9073
76.0000 0.9073
77.0000 0.9073
78.0000 0.9073
79.0000 0.9073
80.0000 0.9073
81.0000 0.9073
82.0000 0.9073
83.0000 0.9072
84.0000 0.9072
85.0000 0.9072
86.0000 0.9072
87.0000 0.9072
88.0000 0.9072
89.0000 0.9072
90.0000 0.9072
91.0000 0.9072
92.0000 0.9073
93.0000 0.9073
94.0000 0.9073
95.0000 0.9074
96.0000 0.9075
97.0000 0.9077
98.0000 0.9079
99.0000 0.9082
100.0000 0.3939
101.0000 0.0693
102.0000 -0.1090
103.0000 -0.1803
104.0000 -0.1778
105.0000 -0.1286
106.0000 -0.0535
107.0000 0.0732
108.0000 0.2073
109.0000 0.3241
110.0000 0.4123
111.0000 0.4698
112.0000 0.4999
113.0000 0.5084
114.0000 0.4989
115.0000 0.4782
116.0000 0.4537
117.0000 0.4311
118.0000 0.4140
119.0000 0.4039
120.0000 0.4008
121.0000 0.4037
122.0000 0.4110
123.0000 0.4209
124.0000 0.4314
125.0000 0.4410
126.0000 0.4488
127.0000 0.4542
128.0000 0.4572
129.0000 0.4581
130.0000 0.4575
131.0000 0.4559
132.0000 0.4539
133.0000 0.4519
134.0000 0.4503
135.0000 0.4493
136.0000 0.4489
137.0000 0.4490
138.0000 0.4495
139.0000 0.4502
140.0000 0.4510
141.0000 0.4518
142.0000 0.4525
143.0000 0.4529
144.0000 0.4532
145.0000 0.4533
146.0000 0.4532
147.0000 0.4531
148.0000 0.4529
149.0000 0.4527
150.0000 0.4526
151.0000 0.4525
152.0000 0.4524
153.0000 0.4524
154.0000 0.4525
155.0000 0.4525
156.0000 0.4526
157.0000 0.4527
158.0000 0.4527
159.0000 0.4528
160.0000 0.4528
161.0000 0.4528
162.0000 0.4528
163.0000 0.4528
164.0000 0.4528
165.0000 0.4528
166.0000 0.4527
167.0000 0.4527
168.0000 0.4527
169.0000 0.4527
170.0000 0.4527
171.0000 0.4527
172.0000 0.4527
173.0000 0.4527
174.0000 0.4527
175.0000 0.4527
176.0000 0.4528
177.0000 0.4528
178.0000 0.4528
179.0000 0.4528
180.0000 0.4528
181.0000 0.4527
182.0000 0.4527
183.0000 0.4527
184.0000 0.4527
185.0000 0.4527
186.0000 0.4527
187.0000 0.4526
188.0000 0.4525
189.0000 0.4524
190.0000 0.4523
191.0000 0.4521
192.0000 0.4520
193.0000 0.4518
194.0000 0.4516
195.0000 0.4514
196.0000 0.4513
197.0000 0.4512
198.0000 0.4512
199.0000 0.4512
200.0000 0.4513
201.0000 0.4515
202.0000 0.4518
203.0000 0.4521
204.0000 0.4525
205.0000 0.4529
206.0000 0.4532
207.0000 0.4534
208.0000 0.4536
209.0000 0.4536
210.0000 0.4535
211.0000 0.4534
212.0000 0.4532
213.0000 0.4531
214.0000 0.4529
215.0000 0.4527
216.0000 0.4527
217.0000 0.4526
218.0000 0.4526
219.0000 0.4526
220.0000 0.4527
221.0000 0.4527
222.0000 0.4528
223.0000 0.4528
224.0000 0.4529
225.0000 0.4529
226.0000 0.4529
227.0000 0.4529
228.0000 0.4528
229.0000 0.4528
230.0000 0.4528
231.0000 0.4528
232.0000 0.4527
233.0000 0.4527
234.0000 0.4527
235.0000 0.4527
236.0000 0.4527
237.0000 0.4527
238.0000 0.4528
239.0000 0.4528
240.0000 0.4528
241.0000 0.4528
242.0000 0.4528
243.0000 0.4528
244.0000 0.4528
245.0000 0.4528
246.0000 0.4528
247.0000 0.4528
248.0000 0.4527
249.0000 0.4527
250.0000 0.4527
251.0000 0.4527
252.0000 0.4527
253.0000 0.4527
254.0000 0.4527
255.0000 0.4527
256.0000 0.4528
257.0000 0.4528
258.0000 0.4528
259.0000 0.4528
260.0000 0.4528
261.0000 0.4527
262.0000 0.4527
263.0000 0.4527
264.0000 0.4527
265.0000 0.4527
266.0000 0.4527
267.0000 0.4527
268.0000 0.4527
269.0000 0.4527
270.0000 0.4527
271.0000 0.4527
272.0000 0.4527
273.0000 0.4527
274.0000 0.4527
275.0000 0.4527
276.0000 0.4527
277.0000 0.4527
278.0000 0.4527
279.0000 0.4527
280.0000 0.4527
281.0000 0.4527
282.0000 0.4527
283.0000 0.4527
284.0000 0.4527
285.0000 0.4527
286.0000 0.4527
287.0000 0.4527
288.0000 0.4527
289.0000 0.4527
290.0000 0.4527
291.0000 0.4527
292.0000 0.4527
293.0000 0.4527
294.0000 0.4527
295.0000 0.4527
296.0000 0.4527
297.0000 0.4528
298.0000 0.4528
299.0000 0.4528
300.0000 0.4528
