1.0000 0.0000
2.0000 0.0000
3.0000 0.0000
4.0000 0.0000
5.0000 0.0000
6.0000 0.0000
7.0000 0.0000
8.0000 0.0000
9.0000 1.2440
10.0000 1.9265
11.0000 2.0945
12.0000 2.2501
13.0000 2.1719
14.0000 2.1084
15.0000 1.8152
16.0000 1.4761
17.0000 1.3878
18.0000 1.3053
19.0000 1.0179
20.0000 0.9320
21.0000 0.9822
22.0000 0.8568
23.0000 0.8056
24.0000 0.6800
25.0000 0.7232
26.0000 0.8283
27.0000 0.8752
28.0000 0.7550
29.0000 0.8543
30.0000 0.9862
31.0000 0.8494
32.0000 0.7471
33.0000 0.7078
34.0000 0.7402
35.0000 0.8050
36.0000 0.8175
37.0000 0.9232
38.0000 1.0154
39.0000 1.1420
40.0000 0.9759
41.0000 0.8305
42.0000 0.7250
43.0000 0.9631
44.0000 1.1302
45.0000 1.1857
46.0000 1.0674
47.0000 1.1574
48.0000 1.2396
49.0000 1.2579
50.0000 1.0480
51.0000 1.0861
52.0000 0.8871
53.0000 0.7970
54.0000 0.9199
55.0000 0.9414
56.0000 0.9182
57.0000 1.0039
58.0000 0.8365
59.0000 0.8504
60.0000 1.0260
61.0000 0.8917
62.0000 0.7288
63.0000 0.8976
64.0000 0.7665
65.0000 0.9000
66.0000 1.0730
67.0000 0.9861
68.0000 0.7888
69.0000 0.7333
70.0000 0.8222
71.0000 0.7856
72.0000 0.8404
73.0000 0.8818
74.0000 0.7382
75.0000 0.7949
76.0000 0.7683
77.0000 0.7722
78.0000 0.9889
79.0000 0.9271
80.0000 0.9857
81.0000 1.1270
82.0000 1.0203
83.0000 0.9936
84.0000 1.1260
85.0000 1.0220
86.0000 1.0267
87.0000 0.8262
88.0000 0.9891
89.0000 1.0385
90.0000 0.8253
91.0000 0.9141
92.0000 0.9499
93.0000 0.9643
94.0000 0.8246
95.0000 0.8034
96.0000 0.7051
97.0000 0.9289
98.0000 1.0353
99.0000 0.9407
100.0000 0.5626
101.0000 0.0894
102.0000 -0.1398
103.0000 -0.3063
104.0000 -0.1507
105.0000 -0.2134
106.0000 -0.2085
107.0000 -0.1767
108.0000 0.0813
109.0000 0.3797
110.0000 0.5532
111.0000 0.6404
112.0000 0.6460
113.0000 0.6634
114.0000 0.5635
115.0000 0.3542
116.0000 0.4282
117.0000 0.4847
118.0000 0.2748
119.0000 0.1418
120.0000 0.2911
121.0000 0.4959
122.0000 0.3968
123.0000 0.5587
124.0000 0.5394
125.0000 0.5456
126.0000 0.4948
127.0000 0.6165
128.0000 0.5047
129.0000 0.6031
130.0000 0.6570
131.0000 0.5698
132.0000 0.5675
133.0000 0.3248
134.0000 0.3129
135.0000 0.3505
136.0000 0.4252
137.0000 0.4177
138.0000 0.3117
139.0000 0.4678
140.0000 0.6466
141.0000 0.5111
142.0000 0.4488
143.0000 0.4695
144.0000 0.3037
145.0000 0.3649
146.0000 0.2406
147.0000 0.3039
148.0000 0.2118
149.0000 0.2462
150.0000 0.2804
151.0000 0.5722
152.0000 0.5637
153.0000 0.6042
154.0000 0.5378
155.0000 0.5233
156.0000 0.6227
157.0000 0.5566
158.0000 0.3700
159.0000 0.5583
160.0000 0.6368
161.0000 0.4537
162.0000 0.6028
163.0000 0.6467
164.0000 0.6103
165.0000 0.3838
166.0000 0.3237
167.0000 0.5019
168.0000 0.5323
169.0000 0.5811
170.0000 0.5769
171.0000 0.6629
172.0000 0.4419
173.0000 0.3217
174.0000 0.2495
175.0000 0.1745
176.0000 0.1571
177.0000 0.3944
178.0000 0.4582
179.0000 0.6472
180.0000 0.7835
181.0000 0.8609
182.0000 0.8389
183.0000 0.8107
184.0000 0.6235
185.0000 0.5203
186.0000 0.3736
187.0000 0.3874
188.0000 0.2875
189.0000 0.2388
190.0000 0.3913
191.0000 0.5333
192.0000 0.6527
193.0000 0.6873
194.0000 0.5696
195.0000 0.3779
196.0000 0.4488
197.0000 0.5282
198.0000 0.6149
199.0000 0.3419
200.0000 0.4147
201.0000 0.3431
202.0000 0.4686
203.0000 0.5365
204.0000 0.3927
205.0000 0.5041
206.0000 0.3615
207.0000 0.5258
208.0000 0.3219
209.0000 0.2971
210.0000 0.4170
211.0000 0.3031
212.0000 0.5251
213.0000 0.4212
214.0000 0.2886
215.0000 0.3227
216.0000 0.3166
217.0000 0.4005
218.0000 0.3618
219.0000 0.5906
220.0000 0.6799
221.0000 0.7744
222.0000 0.7898
223.0000 0.5036
224.0000 0.3326
225.0000 0.4837
226.0000 0.3804
227.0000 0.5334
228.0000 0.5899
229.0000 0.6101
230.0000 0.4758
231.0000 0.3219
232.0000 0.2135
233.0000 0.2913
234.0000 0.2380
235.0000 0.3912
236.0000 0.2484
237.0000 0.1634
238.0000 0.4574
239.0000 0.5752
240.0000 0.6607
241.0000 0.7280
242.0000 0.5460
243.0000 0.5721
244.0000 0.6659
245.0000 0.6907
246.0000 0.4254
247.0000 0.2229
248.0000 0.2496
249.0000 0.4766
250.0000 0.4855
251.0000 0.5902
252.0000 0.3552
253.0000 0.4678
254.0000 0.3356
255.0000 0.2471
256.0000 0.2212
257.0000 0.1670
258.0000 0.4571
259.0000 0.3335
260.0000 0.5613
261.0000 0.6439
262.0000 0.6211
263.0000 0.4218
264.0000 0.4341
265.0000 0.5246
266.0000 0.6449
267.0000 0.6889
268.0000 0.6604
269.0000 0.5748
270.0000 0.5422
271.0000 0.5055
272.0000 0.4047
273.0000 0.3921
274.0000 0.5435
275.0000 0.6400
276.0000 0.5744
277.0000 0.3191
278.0000 0.3143
279.0000 0.1956
280.0000 0.3418
281.0000 0.4480
282.0000 0.3017
283.0000 0.2514
284.0000 0.3865
285.0000 0.3048
286.0000 0.4279
287.0000 0.4837
288.0000 0.5241
289.0000 0.5471
290.0000 0.4731
291.0000 0.6245
292.0000 0.4951
293.0000 0.6108
294.0000 0.5456
295.0000 0.5792
296.0000 0.4759
297.0000 0.5430
298.0000 0.3118
299.0000 0.4954
300.0000 0.5679
