1.000000 3.000000
2.000000 3.000000
3.000000 3.000000
4.000000 3.000000
5.000000 3.000000
6.000000 3.000000
7.000000 3.000000
8.000000 3.000000
9.000000 3.000000
10.000000 3.000000
11.000000 3.000000
12.000000 3.000000
13.000000 3.000000
14.000000 3.000000
15.000000 3.000000
16.000000 3.000000
17.000000 3.000000
18.000000 3.000000
19.000000 3.000000
20.000000 3.000000
21.000000 3.000000
22.000000 2.999519
23.000000 2.997693
24.000000 2.993786
25.000000 2.987663
26.000000 2.979674
27.000000 2.970132
28.000000 2.959312
29.000000 2.947471
30.000000 2.934857
31.000000 2.921698
32.000000 2.908201
33.000000 2.894537
34.000000 2.880853
35.000000 2.867265
36.000000 2.853866
37.000000 2.840730
38.000000 2.827912
39.000000 2.815454
40.000000 2.803382
41.000000 2.791714
42.000000 2.780460
43.000000 2.769622
44.000000 2.759198
45.000000 2.749182
46.000000 2.739563
47.000000 2.730330
48.000000 2.721469
49.000000 2.712966
50.000000 2.704806
51.000000 2.696972
52.000000 2.689450
53.000000 2.682224
54.000000 2.675278
55.000000 2.668599
56.000000 2.662172
57.000000 2.655985
58.000000 2.650024
59.000000 2.644279
60.000000 2.638738
61.000000 2.633391
62.000000 2.628228
63.000000 2.623242
64.000000 2.618424
65.000000 2.613766
66.000000 2.609263
67.000000 2.604907
68.000000 2.600694
69.000000 2.596618
70.000000 2.592674
71.000000 2.588859
72.000000 2.585167
73.000000 2.581596
74.000000 2.578141
75.000000 2.574801
76.000000 2.571571
77.000000 2.568449
78.000000 2.565433
79.000000 2.562520
80.000000 2.559707
81.000000 2.556992
82.000000 2.554373
83.000000 2.551848
84.000000 2.549415
85.000000 2.547071
86.000000 2.544814
87.000000 2.542643
88.000000 2.540556
89.000000 2.538550
90.000000 2.536623
91.000000 2.534774
92.000000 2.533000
93.000000 2.531299
94.000000 2.529670
95.000000 2.528111
96.000000 2.526619
97.000000 2.525192
98.000000 2.523829
99.000000 2.522527
100.000000 2.521285
101.000000 2.520100
102.000000 2.518971
103.000000 2.517896
104.000000 2.516873
105.000000 2.515899
106.000000 2.514974
107.000000 2.514096
108.000000 2.513262
109.000000 2.512470
110.000000 2.511720
111.000000 2.511010
112.000000 2.510337
113.000000 2.509700
114.000000 2.509098
115.000000 2.508529
116.000000 2.507992
117.000000 2.507485
118.000000 2.507006
119.000000 2.506555
120.000000 2.506131
121.000000 2.505731
122.000000 2.505354
123.000000 2.505000
124.000000 2.504668
125.000000 2.504355
126.000000 2.504062
127.000000 2.503787
128.000000 2.503529
129.000000 2.503287
130.000000 2.503061
131.000000 2.502849
132.000000 2.502650
133.000000 2.502465
134.000000 2.502291
135.000000 2.502129
136.000000 2.501978
137.000000 2.501837
138.000000 2.501706
139.000000 2.501583
140.000000 2.501469
141.000000 2.501362
142.000000 2.501263
143.000000 2.501171
144.000000 2.501085
145.000000 2.501006
146.000000 2.500932
147.000000 2.500863
148.000000 2.500799
149.000000 2.500740
150.000000 2.500685
151.000000 2.500634
152.000000 2.500587
153.000000 2.500543
154.000000 2.500502
155.000000 2.500465
156.000000 2.500430
157.000000 2.500398
158.000000 2.500368
159.000000 2.500341
160.000000 2.500315
161.000000 2.500292
162.000000 2.500270
163.000000 2.500250
164.000000 2.500231
165.000000 2.500214
166.000000 2.500198
167.000000 2.500184
168.000000 2.500170
169.000000 2.500158
170.000000 2.500146
171.000000 2.500136
172.000000 2.500126
173.000000 2.500116
174.000000 2.500107
175.000000 2.500098
176.000000 2.500089
177.000000 2.500080
178.000000 2.500071
179.000000 2.500062
180.000000 2.500053
181.000000 2.500044
182.000000 2.500036
183.000000 2.500029
184.000000 2.500022
185.000000 2.500015
186.000000 2.500009
187.000000 2.500003
188.000000 2.499998
189.000000 2.499993
190.000000 2.499989
191.000000 2.499986
192.000000 2.499983
193.000000 2.499980
194.000000 2.499977
195.000000 2.499975
196.000000 2.499974
197.000000 2.499972
198.000000 2.499971
199.000000 2.499970
200.000000 2.499969
201.000000 2.499969
202.000000 2.499969
203.000000 2.499969
204.000000 2.499969
205.000000 2.499969
206.000000 2.499969
207.000000 2.499969
208.000000 2.499970
209.000000 2.499970
210.000000 2.499971
211.000000 2.500452
212.000000 2.502181
213.000000 2.505514
214.000000 2.510456
215.000000 2.516855
216.000000 2.524498
217.000000 2.533161
218.000000 2.542627
219.000000 2.552700
220.000000 2.563204
221.000000 2.573987
222.000000 2.584919
223.000000 2.595895
224.000000 2.606828
225.000000 2.617646
226.000000 2.628289
227.000000 2.638708
228.000000 2.648861
229.000000 2.658714
230.000000 2.668239
231.000000 2.677415
232.000000 2.686224
233.000000 2.694654
234.000000 2.702698
235.000000 2.710349
236.000000 2.717608
237.000000 2.724476
238.000000 2.730956
239.000000 2.737056
240.000000 2.742784
241.000000 2.748149
242.000000 2.753162
243.000000 2.757834
244.000000 2.762180
245.000000 2.766211
246.000000 2.769942
247.000000 2.773387
248.000000 2.776559
249.000000 2.779473
250.000000 2.782142
251.000000 2.784582
252.000000 2.786805
253.000000 2.788824
254.000000 2.790653
255.000000 2.792304
256.000000 2.793789
257.000000 2.795121
258.000000 2.796309
259.000000 2.797366
260.000000 2.798301
261.000000 2.799123
262.000000 2.799842
263.000000 2.800467
264.000000 2.801006
265.000000 2.801466
266.000000 2.801855
267.000000 2.802180
268.000000 2.802446
269.000000 2.802660
270.000000 2.802827
271.000000 2.802952
272.000000 2.803040
273.000000 2.803096
274.000000 2.803122
275.000000 2.803123
276.000000 2.803103
277.000000 2.803063
278.000000 2.803008
279.000000 2.802939
280.000000 2.802859
281.000000 2.802769
282.000000 2.802673
283.000000 2.802570
284.000000 2.802463
285.000000 2.802354
286.000000 2.802242
287.000000 2.802130
288.000000 2.802018
289.000000 2.801907
290.000000 2.801797
291.000000 2.801689
292.000000 2.801584
293.000000 2.801482
294.000000 2.801383
295.000000 2.801288
296.000000 2.801196
297.000000 2.801108
298.000000 2.801024
299.000000 2.800945
300.000000 2.800869
301.000000 2.800797
302.000000 2.800729
303.000000 2.800665
304.000000 2.800605
305.000000 2.800549
306.000000 2.800497
307.000000 2.800448
308.000000 2.800402
309.000000 2.800359
310.000000 2.800320
311.000000 2.800284
312.000000 2.800251
313.000000 2.800220
314.000000 2.800192
315.000000 2.800166
316.000000 2.800142
317.000000 2.800121
318.000000 2.800102
319.000000 2.800084
320.000000 2.800068
321.000000 2.800054
322.000000 2.800042
323.000000 2.800030
324.000000 2.800020
325.000000 2.800011
326.000000 2.800004
327.000000 2.799997
328.000000 2.799991
329.000000 2.799986
330.000000 2.799982
331.000000 2.799979
332.000000 2.799976
333.000000 2.799973
334.000000 2.799971
335.000000 2.799970
336.000000 2.799969
337.000000 2.799968
338.000000 2.799968
339.000000 2.799968
340.000000 2.799968
341.000000 2.799968
342.000000 2.799969
343.000000 2.799970
344.000000 2.799970
345.000000 2.799971
346.000000 2.799972
347.000000 2.799973
348.000000 2.799974
349.000000 2.799975
350.000000 2.799977
351.000000 2.799978
352.000000 2.799979
353.000000 2.799980
354.000000 2.799981
355.000000 2.799982
356.000000 2.799983
357.000000 2.799984
358.000000 2.799985
359.000000 2.799986
360.000000 2.799987
361.000000 2.799988
362.000000 2.799990
363.000000 2.799991
364.000000 2.799993
365.000000 2.799995
366.000000 2.799998
367.000000 2.800000
368.000000 2.800003
369.000000 2.800006
370.000000 2.800009
371.000000 2.800011
372.000000 2.800014
373.000000 2.800016
374.000000 2.800018
375.000000 2.800020
376.000000 2.800022
377.000000 2.800024
378.000000 2.800025
379.000000 2.800026
380.000000 2.800027
381.000000 2.800028
382.000000 2.800028
383.000000 2.800029
384.000000 2.800029
385.000000 2.800029
386.000000 2.800029
387.000000 2.800029
388.000000 2.800028
389.000000 2.800028
390.000000 2.800027
391.000000 2.800027
392.000000 2.800026
393.000000 2.800025
394.000000 2.800024
395.000000 2.800024
396.000000 2.800023
397.000000 2.800022
398.000000 2.800021
399.000000 2.800020
400.000000 2.800019
401.000000 2.800018
402.000000 2.800017
403.000000 2.800016
404.000000 2.800015
405.000000 2.800014
406.000000 2.800013
407.000000 2.800012
408.000000 2.800011
409.000000 2.800010
410.000000 2.800009
411.000000 2.800489
412.000000 2.802217
413.000000 2.805549
414.000000 2.810489
415.000000 2.816886
416.000000 2.824528
417.000000 2.833189
418.000000 2.842654
419.000000 2.852726
420.000000 2.863229
421.000000 2.874010
422.000000 2.884941
423.000000 2.895916
424.000000 2.906848
425.000000 2.917665
426.000000 2.928307
427.000000 2.938725
428.000000 2.948877
429.000000 2.958729
430.000000 2.968254
431.000000 2.977429
432.000000 2.986237
433.000000 2.994667
434.000000 3.002709
435.000000 3.010360
436.000000 3.017618
437.000000 3.024485
438.000000 3.030966
439.000000 3.037065
440.000000 3.042792
441.000000 3.048157
442.000000 3.053169
443.000000 3.057841
444.000000 3.062186
445.000000 3.066217
446.000000 3.069948
447.000000 3.073392
448.000000 3.076564
449.000000 3.079478
450.000000 3.082147
451.000000 3.084586
452.000000 3.086809
453.000000 3.088828
454.000000 3.090657
455.000000 3.092308
456.000000 3.093793
457.000000 3.095124
458.000000 3.096313
459.000000 3.097369
460.000000 3.098303
461.000000 3.099125
462.000000 3.099845
463.000000 3.100469
464.000000 3.101008
465.000000 3.101468
466.000000 3.101857
467.000000 3.102181
468.000000 3.102448
469.000000 3.102661
470.000000 3.102828
471.000000 3.102954
472.000000 3.103042
473.000000 3.103097
474.000000 3.103123
475.000000 3.103125
476.000000 3.103104
477.000000 3.103064
478.000000 3.103009
479.000000 3.102940
480.000000 3.102860
481.000000 3.102770
482.000000 3.102673
483.000000 3.102571
484.000000 3.102464
485.000000 3.102354
486.000000 3.102243
487.000000 3.102130
488.000000 3.102018
489.000000 3.101907
490.000000 3.101797
491.000000 3.101690
492.000000 3.101584
493.000000 3.101482
494.000000 3.101383
495.000000 3.101288
496.000000 3.101196
497.000000 3.101108
498.000000 3.101025
499.000000 3.100945
500.000000 3.100869
501.000000 3.100797
502.000000 3.100729
503.000000 3.100665
504.000000 3.100605
505.000000 3.100549
506.000000 3.100497
507.000000 3.100448
508.000000 3.100402
509.000000 3.100360
510.000000 3.100320
511.000000 3.100284
512.000000 3.100251
513.000000 3.100220
514.000000 3.100192
515.000000 3.100166
516.000000 3.100142
517.000000 3.100121
518.000000 3.100102
519.000000 3.100084
520.000000 3.100068
521.000000 3.100054
522.000000 3.100042
523.000000 3.100030
524.000000 3.100020
525.000000 3.100012
526.000000 3.100004
527.000000 3.099997
528.000000 3.099991
529.000000 3.099986
530.000000 3.099982
531.000000 3.099979
532.000000 3.099976
533.000000 3.099973
534.000000 3.099971
535.000000 3.099970
536.000000 3.099969
537.000000 3.099968
538.000000 3.099968
539.000000 3.099968
540.000000 3.099968
541.000000 3.099968
542.000000 3.099969
543.000000 3.099970
544.000000 3.099970
545.000000 3.099971
546.000000 3.099972
547.000000 3.099973
548.000000 3.099974
549.000000 3.099975
550.000000 3.099977
551.000000 3.099978
552.000000 3.099979
553.000000 3.099980
554.000000 3.099981
555.000000 3.099982
556.000000 3.099983
557.000000 3.099984
558.000000 3.099985
559.000000 3.099986
560.000000 3.099987
561.000000 3.099988
562.000000 3.099990
563.000000 3.099991
564.000000 3.099993
565.000000 3.099995
566.000000 3.099998
567.000000 3.100000
568.000000 3.100003
569.000000 3.100006
570.000000 3.100009
571.000000 3.100011
572.000000 3.100014
573.000000 3.100016
574.000000 3.100018
575.000000 3.100020
576.000000 3.100022
577.000000 3.100024
578.000000 3.100025
579.000000 3.100026
580.000000 3.100027
581.000000 3.100028
582.000000 3.100028
583.000000 3.100029
584.000000 3.100029
585.000000 3.100029
586.000000 3.100029
587.000000 3.100029
588.000000 3.100028
589.000000 3.100028
590.000000 3.100027
591.000000 3.100027
592.000000 3.100026
593.000000 3.100025
594.000000 3.100024
595.000000 3.100024
596.000000 3.100023
597.000000 3.100022
598.000000 3.100021
599.000000 3.100020
600.000000 3.100019
601.000000 3.100018
602.000000 3.100017
603.000000 3.100016
604.000000 3.100015
605.000000 3.100014
606.000000 3.100013
607.000000 3.100012
608.000000 3.100011
609.000000 3.100010
610.000000 3.100009
611.000000 3.100009
612.000000 3.100008
613.000000 3.100007
614.000000 3.100007
615.000000 3.100006
616.000000 3.100005
617.000000 3.100005
618.000000 3.100004
619.000000 3.100004
620.000000 3.100003
621.000000 3.100003
622.000000 3.100002
623.000000 3.100002
624.000000 3.100002
625.000000 3.100001
626.000000 3.100001
627.000000 3.100001
628.000000 3.100000
629.000000 3.100000
630.000000 3.100000
631.000000 3.100000
632.000000 3.100000
633.000000 3.100000
634.000000 3.099999
635.000000 3.099999
636.000000 3.099999
637.000000 3.099999
638.000000 3.099999
639.000000 3.099999
640.000000 3.099999
641.000000 3.099999
642.000000 3.099999
643.000000 3.099999
644.000000 3.099999
645.000000 3.099999
646.000000 3.099999
647.000000 3.099999
648.000000 3.099999
649.000000 3.099999
650.000000 3.099999
651.000000 3.099999
652.000000 3.099999
653.000000 3.099999
654.000000 3.099999
655.000000 3.099999
656.000000 3.099999
657.000000 3.099999
658.000000 3.099999
659.000000 3.099999
660.000000 3.099999
661.000000 3.099999
662.000000 3.099999
663.000000 3.099999
664.000000 3.100000
665.000000 3.100000
666.000000 3.100000
667.000000 3.100000
668.000000 3.100000
669.000000 3.100000
670.000000 3.100000
671.000000 3.100000
672.000000 3.100000
673.000000 3.100000
674.000000 3.100000
675.000000 3.100000
676.000000 3.100000
677.000000 3.100000
678.000000 3.100000
679.000000 3.100000
680.000000 3.100000
681.000000 3.100000
682.000000 3.100000
683.000000 3.100000
684.000000 3.100000
685.000000 3.100000
686.000000 3.100000
687.000000 3.100000
688.000000 3.100000
689.000000 3.100000
690.000000 3.100000
691.000000 3.100000
692.000000 3.100000
693.000000 3.100000
694.000000 3.100000
695.000000 3.100000
696.000000 3.100000
697.000000 3.100000
698.000000 3.100000
699.000000 3.100000
700.000000 3.100000
701.000000 3.100000
702.000000 3.100000
703.000000 3.100000
704.000000 3.100000
705.000000 3.100000
706.000000 3.100000
707.000000 3.100000
708.000000 3.100000
709.000000 3.100000
710.000000 3.100000
711.000000 3.100481
712.000000 3.102209
713.000000 3.105541
714.000000 3.110482
715.000000 3.116880
716.000000 3.124522
717.000000 3.133184
718.000000 3.142650
719.000000 3.152723
720.000000 3.163226
721.000000 3.174007
722.000000 3.184939
723.000000 3.195914
724.000000 3.206846
725.000000 3.217664
726.000000 3.228306
727.000000 3.238724
728.000000 3.248877
729.000000 3.258729
730.000000 3.268254
731.000000 3.277429
732.000000 3.286237
733.000000 3.294667
734.000000 3.302710
735.000000 3.310361
736.000000 3.317619
737.000000 3.324486
738.000000 3.330966
739.000000 3.337066
740.000000 3.342793
741.000000 3.348158
742.000000 3.353170
743.000000 3.357842
744.000000 3.362187
745.000000 3.366218
746.000000 3.369949
747.000000 3.373393
748.000000 3.376565
749.000000 3.379479
750.000000 3.382148
751.000000 3.384587
752.000000 3.386810
753.000000 3.388829
754.000000 3.390657
755.000000 3.392308
756.000000 3.393794
757.000000 3.395125
758.000000 3.396313
759.000000 3.397369
760.000000 3.398304
761.000000 3.399126
762.000000 3.399845
763.000000 3.400470
764.000000 3.401008
765.000000 3.401469
766.000000 3.401857
767.000000 3.402182
768.000000 3.402448
769.000000 3.402662
770.000000 3.402829
771.000000 3.402954
772.000000 3.403042
773.000000 3.403097
774.000000 3.403124
775.000000 3.403125
776.000000 3.403104
777.000000 3.403065
778.000000 3.403009
779.000000 3.402940
780.000000 3.402860
781.000000 3.402770
782.000000 3.402673
783.000000 3.402571
784.000000 3.402464
785.000000 3.402354
786.000000 3.402243
787.000000 3.402131
788.000000 3.402018
789.000000 3.401907
790.000000 3.401797
791.000000 3.401690
792.000000 3.401584
793.000000 3.401482
794.000000 3.401383
795.000000 3.401288
796.000000 3.401196
797.000000 3.401108
798.000000 3.401025
799.000000 3.400945
800.000000 3.400869
801.000000 3.400797
802.000000 3.400729
803.000000 3.400665
804.000000 3.400605
805.000000 3.400549
806.000000 3.400497
807.000000 3.400448
808.000000 3.400402
809.000000 3.400360
810.000000 3.400320
811.000000 3.400284
812.000000 3.400251
813.000000 3.400220
814.000000 3.400192
815.000000 3.400166
816.000000 3.400142
817.000000 3.400121
818.000000 3.400102
819.000000 3.400084
820.000000 3.400068
821.000000 3.400054
822.000000 3.400042
823.000000 3.400030
824.000000 3.400020
825.000000 3.400011
826.000000 3.400004
827.000000 3.399997
828.000000 3.399991
829.000000 3.399986
830.000000 3.399982
831.000000 3.399979
832.000000 3.399976
833.000000 3.399973
834.000000 3.399971
835.000000 3.399970
836.000000 3.399969
837.000000 3.399968
838.000000 3.399968
839.000000 3.399968
840.000000 3.399968
841.000000 3.399968
842.000000 3.399969
843.000000 3.399970
844.000000 3.399970
845.000000 3.399971
846.000000 3.399972
847.000000 3.399973
848.000000 3.399974
849.000000 3.399975
850.000000 3.399977
851.000000 3.399978
852.000000 3.399979
853.000000 3.399980
854.000000 3.399981
855.000000 3.399982
856.000000 3.399983
857.000000 3.399984
858.000000 3.399985
859.000000 3.399986
860.000000 3.399987
861.000000 3.399988
862.000000 3.399990
863.000000 3.399991
864.000000 3.399993
865.000000 3.399995
866.000000 3.399998
867.000000 3.400000
868.000000 3.400003
869.000000 3.400006
870.000000 3.400009
871.000000 3.400011
872.000000 3.400014
873.000000 3.400016
874.000000 3.400018
875.000000 3.400020
876.000000 3.400022
877.000000 3.400024
878.000000 3.400025
879.000000 3.400026
880.000000 3.400027
881.000000 3.400028
882.000000 3.400028
883.000000 3.400029
884.000000 3.400029
885.000000 3.400029
886.000000 3.400029
887.000000 3.400029
888.000000 3.400028
889.000000 3.400028
890.000000 3.400027
891.000000 3.400027
892.000000 3.400026
893.000000 3.400025
894.000000 3.400024
895.000000 3.400024
896.000000 3.400023
897.000000 3.400022
898.000000 3.400021
899.000000 3.400020
900.000000 3.400019
901.000000 3.400018
902.000000 3.400017
903.000000 3.400016
904.000000 3.400015
905.000000 3.400014
906.000000 3.400013
907.000000 3.400012
908.000000 3.400011
909.000000 3.400010
910.000000 3.400009
911.000000 3.400009
912.000000 3.400008
913.000000 3.400007
914.000000 3.400007
915.000000 3.400006
916.000000 3.400005
917.000000 3.400005
918.000000 3.400004
919.000000 3.400004
920.000000 3.400003
921.000000 3.400003
922.000000 3.400002
923.000000 3.400002
924.000000 3.400002
925.000000 3.400001
926.000000 3.400001
927.000000 3.400001
928.000000 3.400000
929.000000 3.400000
930.000000 3.400000
931.000000 3.400000
932.000000 3.400000
933.000000 3.400000
934.000000 3.399999
935.000000 3.399999
936.000000 3.399999
937.000000 3.399999
938.000000 3.399999
939.000000 3.399999
940.000000 3.399999
941.000000 3.399999
942.000000 3.399999
943.000000 3.399999
944.000000 3.399999
945.000000 3.399999
946.000000 3.399999
947.000000 3.399999
948.000000 3.399999
949.000000 3.399999
950.000000 3.399999
951.000000 3.399999
952.000000 3.399999
953.000000 3.399999
954.000000 3.399999
955.000000 3.399999
956.000000 3.399999
957.000000 3.399999
958.000000 3.399999
959.000000 3.399999
960.000000 3.399999
961.000000 3.399999
962.000000 3.399999
963.000000 3.399999
964.000000 3.400000
965.000000 3.400000
966.000000 3.400000
967.000000 3.400000
968.000000 3.400000
969.000000 3.400000
970.000000 3.400000
971.000000 3.400000
972.000000 3.400000
973.000000 3.400000
974.000000 3.400000
975.000000 3.400000
976.000000 3.400000
977.000000 3.400000
978.000000 3.400000
979.000000 3.400000
980.000000 3.400000
981.000000 3.400000
982.000000 3.400000
983.000000 3.400000
984.000000 3.400000
985.000000 3.400000
986.000000 3.400000
987.000000 3.400000
988.000000 3.400000
989.000000 3.400000
990.000000 3.400000
991.000000 3.400000
992.000000 3.400000
993.000000 3.400000
994.000000 3.400000
995.000000 3.400000
996.000000 3.400000
997.000000 3.400000
998.000000 3.400000
999.000000 3.400000
1000.000000 3.400000
