1.000000 2.500000
2.000000 2.500000
3.000000 2.500000
4.000000 2.500000
5.000000 2.500000
6.000000 2.500000
7.000000 2.500000
8.000000 2.500000
9.000000 2.500000
10.000000 2.500000
11.000000 2.500000
12.000000 2.500000
13.000000 2.500000
14.000000 2.500000
15.000000 2.500000
16.000000 2.500000
17.000000 2.500000
18.000000 2.500000
19.000000 2.500000
20.000000 2.500000
21.000000 2.500000
22.000000 2.500000
23.000000 2.500000
24.000000 2.500000
25.000000 2.500000
26.000000 2.500000
27.000000 2.500000
28.000000 2.500000
29.000000 2.500000
30.000000 2.500000
31.000000 2.500000
32.000000 2.500000
33.000000 2.500000
34.000000 2.500000
35.000000 2.500000
36.000000 2.500000
37.000000 2.500000
38.000000 2.500000
39.000000 2.500000
40.000000 2.500000
41.000000 2.500000
42.000000 2.500000
43.000000 2.500000
44.000000 2.500000
45.000000 2.500000
46.000000 2.500000
47.000000 2.500000
48.000000 2.500000
49.000000 2.500000
50.000000 2.500000
51.000000 2.500000
52.000000 2.500000
53.000000 2.500000
54.000000 2.500000
55.000000 2.500000
56.000000 2.500000
57.000000 2.500000
58.000000 2.500000
59.000000 2.500000
60.000000 2.500000
61.000000 2.500000
62.000000 2.500000
63.000000 2.500000
64.000000 2.500000
65.000000 2.500000
66.000000 2.500000
67.000000 2.500000
68.000000 2.500000
69.000000 2.500000
70.000000 2.500000
71.000000 2.500000
72.000000 2.500000
73.000000 2.500000
74.000000 2.500000
75.000000 2.500000
76.000000 2.500000
77.000000 2.500000
78.000000 2.500000
79.000000 2.500000
80.000000 2.500000
81.000000 2.500000
82.000000 2.500000
83.000000 2.500000
84.000000 2.500000
85.000000 2.500000
86.000000 2.500000
87.000000 2.500000
88.000000 2.500000
89.000000 2.500000
90.000000 2.500000
91.000000 2.500000
92.000000 2.500000
93.000000 2.500000
94.000000 2.500000
95.000000 2.500000
96.000000 2.500000
97.000000 2.500000
98.000000 2.500000
99.000000 2.500000
100.000000 2.500000
101.000000 2.500000
102.000000 2.500000
103.000000 2.500000
104.000000 2.500000
105.000000 2.500000
106.000000 2.500000
107.000000 2.500000
108.000000 2.500000
109.000000 2.500000
110.000000 2.500000
111.000000 2.500000
112.000000 2.500000
113.000000 2.500000
114.000000 2.500000
115.000000 2.500000
116.000000 2.500000
117.000000 2.500000
118.000000 2.500000
119.000000 2.500000
120.000000 2.500000
121.000000 2.500000
122.000000 2.500000
123.000000 2.500000
124.000000 2.500000
125.000000 2.500000
126.000000 2.500000
127.000000 2.500000
128.000000 2.500000
129.000000 2.500000
130.000000 2.500000
131.000000 2.500000
132.000000 2.500000
133.000000 2.500000
134.000000 2.500000
135.000000 2.500000
136.000000 2.500000
137.000000 2.500000
138.000000 2.500000
139.000000 2.500000
140.000000 2.500000
141.000000 2.500000
142.000000 2.500000
143.000000 2.500000
144.000000 2.500000
145.000000 2.500000
146.000000 2.500000
147.000000 2.500000
148.000000 2.500000
149.000000 2.500000
150.000000 2.500000
151.000000 2.500000
152.000000 2.500000
153.000000 2.500000
154.000000 2.500000
155.000000 2.500000
156.000000 2.500000
157.000000 2.500000
158.000000 2.500000
159.000000 2.500000
160.000000 2.500000
161.000000 2.500000
162.000000 2.500000
163.000000 2.500000
164.000000 2.500000
165.000000 2.500000
166.000000 2.500000
167.000000 2.500000
168.000000 2.500000
169.000000 2.500000
170.000000 2.500000
171.000000 2.500000
172.000000 2.500000
173.000000 2.500000
174.000000 2.500000
175.000000 2.500000
176.000000 2.500000
177.000000 2.500000
178.000000 2.500000
179.000000 2.500000
180.000000 2.500000
181.000000 2.500000
182.000000 2.500000
183.000000 2.500000
184.000000 2.500000
185.000000 2.500000
186.000000 2.500000
187.000000 2.500000
188.000000 2.500000
189.000000 2.500000
190.000000 2.500000
191.000000 2.500000
192.000000 2.500000
193.000000 2.500000
194.000000 2.500000
195.000000 2.500000
196.000000 2.500000
197.000000 2.500000
198.000000 2.500000
199.000000 2.500000
200.000000 2.500000
201.000000 2.800000
202.000000 2.800000
203.000000 2.800000
204.000000 2.800000
205.000000 2.800000
206.000000 2.800000
207.000000 2.800000
208.000000 2.800000
209.000000 2.800000
210.000000 2.800000
211.000000 2.800000
212.000000 2.800000
213.000000 2.800000
214.000000 2.800000
215.000000 2.800000
216.000000 2.800000
217.000000 2.800000
218.000000 2.800000
219.000000 2.800000
220.000000 2.800000
221.000000 2.800000
222.000000 2.800000
223.000000 2.800000
224.000000 2.800000
225.000000 2.800000
226.000000 2.800000
227.000000 2.800000
228.000000 2.800000
229.000000 2.800000
230.000000 2.800000
231.000000 2.800000
232.000000 2.800000
233.000000 2.800000
234.000000 2.800000
235.000000 2.800000
236.000000 2.800000
237.000000 2.800000
238.000000 2.800000
239.000000 2.800000
240.000000 2.800000
241.000000 2.800000
242.000000 2.800000
243.000000 2.800000
244.000000 2.800000
245.000000 2.800000
246.000000 2.800000
247.000000 2.800000
248.000000 2.800000
249.000000 2.800000
250.000000 2.800000
251.000000 2.800000
252.000000 2.800000
253.000000 2.800000
254.000000 2.800000
255.000000 2.800000
256.000000 2.800000
257.000000 2.800000
258.000000 2.800000
259.000000 2.800000
260.000000 2.800000
261.000000 2.800000
262.000000 2.800000
263.000000 2.800000
264.000000 2.800000
265.000000 2.800000
266.000000 2.800000
267.000000 2.800000
268.000000 2.800000
269.000000 2.800000
270.000000 2.800000
271.000000 2.800000
272.000000 2.800000
273.000000 2.800000
274.000000 2.800000
275.000000 2.800000
276.000000 2.800000
277.000000 2.800000
278.000000 2.800000
279.000000 2.800000
280.000000 2.800000
281.000000 2.800000
282.000000 2.800000
283.000000 2.800000
284.000000 2.800000
285.000000 2.800000
286.000000 2.800000
287.000000 2.800000
288.000000 2.800000
289.000000 2.800000
290.000000 2.800000
291.000000 2.800000
292.000000 2.800000
293.000000 2.800000
294.000000 2.800000
295.000000 2.800000
296.000000 2.800000
297.000000 2.800000
298.000000 2.800000
299.000000 2.800000
300.000000 2.800000
301.000000 2.800000
302.000000 2.800000
303.000000 2.800000
304.000000 2.800000
305.000000 2.800000
306.000000 2.800000
307.000000 2.800000
308.000000 2.800000
309.000000 2.800000
310.000000 2.800000
311.000000 2.800000
312.000000 2.800000
313.000000 2.800000
314.000000 2.800000
315.000000 2.800000
316.000000 2.800000
317.000000 2.800000
318.000000 2.800000
319.000000 2.800000
320.000000 2.800000
321.000000 2.800000
322.000000 2.800000
323.000000 2.800000
324.000000 2.800000
325.000000 2.800000
326.000000 2.800000
327.000000 2.800000
328.000000 2.800000
329.000000 2.800000
330.000000 2.800000
331.000000 2.800000
332.000000 2.800000
333.000000 2.800000
334.000000 2.800000
335.000000 2.800000
336.000000 2.800000
337.000000 2.800000
338.000000 2.800000
339.000000 2.800000
340.000000 2.800000
341.000000 2.800000
342.000000 2.800000
343.000000 2.800000
344.000000 2.800000
345.000000 2.800000
346.000000 2.800000
347.000000 2.800000
348.000000 2.800000
349.000000 2.800000
350.000000 2.800000
351.000000 2.800000
352.000000 2.800000
353.000000 2.800000
354.000000 2.800000
355.000000 2.800000
356.000000 2.800000
357.000000 2.800000
358.000000 2.800000
359.000000 2.800000
360.000000 2.800000
361.000000 2.800000
362.000000 2.800000
363.000000 2.800000
364.000000 2.800000
365.000000 2.800000
366.000000 2.800000
367.000000 2.800000
368.000000 2.800000
369.000000 2.800000
370.000000 2.800000
371.000000 2.800000
372.000000 2.800000
373.000000 2.800000
374.000000 2.800000
375.000000 2.800000
376.000000 2.800000
377.000000 2.800000
378.000000 2.800000
379.000000 2.800000
380.000000 2.800000
381.000000 2.800000
382.000000 2.800000
383.000000 2.800000
384.000000 2.800000
385.000000 2.800000
386.000000 2.800000
387.000000 2.800000
388.000000 2.800000
389.000000 2.800000
390.000000 2.800000
391.000000 2.800000
392.000000 2.800000
393.000000 2.800000
394.000000 2.800000
395.000000 2.800000
396.000000 2.800000
397.000000 2.800000
398.000000 2.800000
399.000000 2.800000
400.000000 2.800000
401.000000 3.100000
402.000000 3.100000
403.000000 3.100000
404.000000 3.100000
405.000000 3.100000
406.000000 3.100000
407.000000 3.100000
408.000000 3.100000
409.000000 3.100000
410.000000 3.100000
411.000000 3.100000
412.000000 3.100000
413.000000 3.100000
414.000000 3.100000
415.000000 3.100000
416.000000 3.100000
417.000000 3.100000
418.000000 3.100000
419.000000 3.100000
420.000000 3.100000
421.000000 3.100000
422.000000 3.100000
423.000000 3.100000
424.000000 3.100000
425.000000 3.100000
426.000000 3.100000
427.000000 3.100000
428.000000 3.100000
429.000000 3.100000
430.000000 3.100000
431.000000 3.100000
432.000000 3.100000
433.000000 3.100000
434.000000 3.100000
435.000000 3.100000
436.000000 3.100000
437.000000 3.100000
438.000000 3.100000
439.000000 3.100000
440.000000 3.100000
441.000000 3.100000
442.000000 3.100000
443.000000 3.100000
444.000000 3.100000
445.000000 3.100000
446.000000 3.100000
447.000000 3.100000
448.000000 3.100000
449.000000 3.100000
450.000000 3.100000
451.000000 3.100000
452.000000 3.100000
453.000000 3.100000
454.000000 3.100000
455.000000 3.100000
456.000000 3.100000
457.000000 3.100000
458.000000 3.100000
459.000000 3.100000
460.000000 3.100000
461.000000 3.100000
462.000000 3.100000
463.000000 3.100000
464.000000 3.100000
465.000000 3.100000
466.000000 3.100000
467.000000 3.100000
468.000000 3.100000
469.000000 3.100000
470.000000 3.100000
471.000000 3.100000
472.000000 3.100000
473.000000 3.100000
474.000000 3.100000
475.000000 3.100000
476.000000 3.100000
477.000000 3.100000
478.000000 3.100000
479.000000 3.100000
480.000000 3.100000
481.000000 3.100000
482.000000 3.100000
483.000000 3.100000
484.000000 3.100000
485.000000 3.100000
486.000000 3.100000
487.000000 3.100000
488.000000 3.100000
489.000000 3.100000
490.000000 3.100000
491.000000 3.100000
492.000000 3.100000
493.000000 3.100000
494.000000 3.100000
495.000000 3.100000
496.000000 3.100000
497.000000 3.100000
498.000000 3.100000
499.000000 3.100000
500.000000 3.100000
501.000000 3.100000
502.000000 3.100000
503.000000 3.100000
504.000000 3.100000
505.000000 3.100000
506.000000 3.100000
507.000000 3.100000
508.000000 3.100000
509.000000 3.100000
510.000000 3.100000
511.000000 3.100000
512.000000 3.100000
513.000000 3.100000
514.000000 3.100000
515.000000 3.100000
516.000000 3.100000
517.000000 3.100000
518.000000 3.100000
519.000000 3.100000
520.000000 3.100000
521.000000 3.100000
522.000000 3.100000
523.000000 3.100000
524.000000 3.100000
525.000000 3.100000
526.000000 3.100000
527.000000 3.100000
528.000000 3.100000
529.000000 3.100000
530.000000 3.100000
531.000000 3.100000
532.000000 3.100000
533.000000 3.100000
534.000000 3.100000
535.000000 3.100000
536.000000 3.100000
537.000000 3.100000
538.000000 3.100000
539.000000 3.100000
540.000000 3.100000
541.000000 3.100000
542.000000 3.100000
543.000000 3.100000
544.000000 3.100000
545.000000 3.100000
546.000000 3.100000
547.000000 3.100000
548.000000 3.100000
549.000000 3.100000
550.000000 3.100000
551.000000 3.100000
552.000000 3.100000
553.000000 3.100000
554.000000 3.100000
555.000000 3.100000
556.000000 3.100000
557.000000 3.100000
558.000000 3.100000
559.000000 3.100000
560.000000 3.100000
561.000000 3.100000
562.000000 3.100000
563.000000 3.100000
564.000000 3.100000
565.000000 3.100000
566.000000 3.100000
567.000000 3.100000
568.000000 3.100000
569.000000 3.100000
570.000000 3.100000
571.000000 3.100000
572.000000 3.100000
573.000000 3.100000
574.000000 3.100000
575.000000 3.100000
576.000000 3.100000
577.000000 3.100000
578.000000 3.100000
579.000000 3.100000
580.000000 3.100000
581.000000 3.100000
582.000000 3.100000
583.000000 3.100000
584.000000 3.100000
585.000000 3.100000
586.000000 3.100000
587.000000 3.100000
588.000000 3.100000
589.000000 3.100000
590.000000 3.100000
591.000000 3.100000
592.000000 3.100000
593.000000 3.100000
594.000000 3.100000
595.000000 3.100000
596.000000 3.100000
597.000000 3.100000
598.000000 3.100000
599.000000 3.100000
600.000000 3.100000
601.000000 3.100000
602.000000 3.100000
603.000000 3.100000
604.000000 3.100000
605.000000 3.100000
606.000000 3.100000
607.000000 3.100000
608.000000 3.100000
609.000000 3.100000
610.000000 3.100000
611.000000 3.100000
612.000000 3.100000
613.000000 3.100000
614.000000 3.100000
615.000000 3.100000
616.000000 3.100000
617.000000 3.100000
618.000000 3.100000
619.000000 3.100000
620.000000 3.100000
621.000000 3.100000
622.000000 3.100000
623.000000 3.100000
624.000000 3.100000
625.000000 3.100000
626.000000 3.100000
627.000000 3.100000
628.000000 3.100000
629.000000 3.100000
630.000000 3.100000
631.000000 3.100000
632.000000 3.100000
633.000000 3.100000
634.000000 3.100000
635.000000 3.100000
636.000000 3.100000
637.000000 3.100000
638.000000 3.100000
639.000000 3.100000
640.000000 3.100000
641.000000 3.100000
642.000000 3.100000
643.000000 3.100000
644.000000 3.100000
645.000000 3.100000
646.000000 3.100000
647.000000 3.100000
648.000000 3.100000
649.000000 3.100000
650.000000 3.100000
651.000000 3.100000
652.000000 3.100000
653.000000 3.100000
654.000000 3.100000
655.000000 3.100000
656.000000 3.100000
657.000000 3.100000
658.000000 3.100000
659.000000 3.100000
660.000000 3.100000
661.000000 3.100000
662.000000 3.100000
663.000000 3.100000
664.000000 3.100000
665.000000 3.100000
666.000000 3.100000
667.000000 3.100000
668.000000 3.100000
669.000000 3.100000
670.000000 3.100000
671.000000 3.100000
672.000000 3.100000
673.000000 3.100000
674.000000 3.100000
675.000000 3.100000
676.000000 3.100000
677.000000 3.100000
678.000000 3.100000
679.000000 3.100000
680.000000 3.100000
681.000000 3.100000
682.000000 3.100000
683.000000 3.100000
684.000000 3.100000
685.000000 3.100000
686.000000 3.100000
687.000000 3.100000
688.000000 3.100000
689.000000 3.100000
690.000000 3.100000
691.000000 3.100000
692.000000 3.100000
693.000000 3.100000
694.000000 3.100000
695.000000 3.100000
696.000000 3.100000
697.000000 3.100000
698.000000 3.100000
699.000000 3.100000
700.000000 3.100000
701.000000 3.400000
702.000000 3.400000
703.000000 3.400000
704.000000 3.400000
705.000000 3.400000
706.000000 3.400000
707.000000 3.400000
708.000000 3.400000
709.000000 3.400000
710.000000 3.400000
711.000000 3.400000
712.000000 3.400000
713.000000 3.400000
714.000000 3.400000
715.000000 3.400000
716.000000 3.400000
717.000000 3.400000
718.000000 3.400000
719.000000 3.400000
720.000000 3.400000
721.000000 3.400000
722.000000 3.400000
723.000000 3.400000
724.000000 3.400000
725.000000 3.400000
726.000000 3.400000
727.000000 3.400000
728.000000 3.400000
729.000000 3.400000
730.000000 3.400000
731.000000 3.400000
732.000000 3.400000
733.000000 3.400000
734.000000 3.400000
735.000000 3.400000
736.000000 3.400000
737.000000 3.400000
738.000000 3.400000
739.000000 3.400000
740.000000 3.400000
741.000000 3.400000
742.000000 3.400000
743.000000 3.400000
744.000000 3.400000
745.000000 3.400000
746.000000 3.400000
747.000000 3.400000
748.000000 3.400000
749.000000 3.400000
750.000000 3.400000
751.000000 3.400000
752.000000 3.400000
753.000000 3.400000
754.000000 3.400000
755.000000 3.400000
756.000000 3.400000
757.000000 3.400000
758.000000 3.400000
759.000000 3.400000
760.000000 3.400000
761.000000 3.400000
762.000000 3.400000
763.000000 3.400000
764.000000 3.400000
765.000000 3.400000
766.000000 3.400000
767.000000 3.400000
768.000000 3.400000
769.000000 3.400000
770.000000 3.400000
771.000000 3.400000
772.000000 3.400000
773.000000 3.400000
774.000000 3.400000
775.000000 3.400000
776.000000 3.400000
777.000000 3.400000
778.000000 3.400000
779.000000 3.400000
780.000000 3.400000
781.000000 3.400000
782.000000 3.400000
783.000000 3.400000
784.000000 3.400000
785.000000 3.400000
786.000000 3.400000
787.000000 3.400000
788.000000 3.400000
789.000000 3.400000
790.000000 3.400000
791.000000 3.400000
792.000000 3.400000
793.000000 3.400000
794.000000 3.400000
795.000000 3.400000
796.000000 3.400000
797.000000 3.400000
798.000000 3.400000
799.000000 3.400000
800.000000 3.400000
801.000000 3.400000
802.000000 3.400000
803.000000 3.400000
804.000000 3.400000
805.000000 3.400000
806.000000 3.400000
807.000000 3.400000
808.000000 3.400000
809.000000 3.400000
810.000000 3.400000
811.000000 3.400000
812.000000 3.400000
813.000000 3.400000
814.000000 3.400000
815.000000 3.400000
816.000000 3.400000
817.000000 3.400000
818.000000 3.400000
819.000000 3.400000
820.000000 3.400000
821.000000 3.400000
822.000000 3.400000
823.000000 3.400000
824.000000 3.400000
825.000000 3.400000
826.000000 3.400000
827.000000 3.400000
828.000000 3.400000
829.000000 3.400000
830.000000 3.400000
831.000000 3.400000
832.000000 3.400000
833.000000 3.400000
834.000000 3.400000
835.000000 3.400000
836.000000 3.400000
837.000000 3.400000
838.000000 3.400000
839.000000 3.400000
840.000000 3.400000
841.000000 3.400000
842.000000 3.400000
843.000000 3.400000
844.000000 3.400000
845.000000 3.400000
846.000000 3.400000
847.000000 3.400000
848.000000 3.400000
849.000000 3.400000
850.000000 3.400000
851.000000 3.400000
852.000000 3.400000
853.000000 3.400000
854.000000 3.400000
855.000000 3.400000
856.000000 3.400000
857.000000 3.400000
858.000000 3.400000
859.000000 3.400000
860.000000 3.400000
861.000000 3.400000
862.000000 3.400000
863.000000 3.400000
864.000000 3.400000
865.000000 3.400000
866.000000 3.400000
867.000000 3.400000
868.000000 3.400000
869.000000 3.400000
870.000000 3.400000
871.000000 3.400000
872.000000 3.400000
873.000000 3.400000
874.000000 3.400000
875.000000 3.400000
876.000000 3.400000
877.000000 3.400000
878.000000 3.400000
879.000000 3.400000
880.000000 3.400000
881.000000 3.400000
882.000000 3.400000
883.000000 3.400000
884.000000 3.400000
885.000000 3.400000
886.000000 3.400000
887.000000 3.400000
888.000000 3.400000
889.000000 3.400000
890.000000 3.400000
891.000000 3.400000
892.000000 3.400000
893.000000 3.400000
894.000000 3.400000
895.000000 3.400000
896.000000 3.400000
897.000000 3.400000
898.000000 3.400000
899.000000 3.400000
900.000000 3.400000
901.000000 3.400000
902.000000 3.400000
903.000000 3.400000
904.000000 3.400000
905.000000 3.400000
906.000000 3.400000
907.000000 3.400000
908.000000 3.400000
909.000000 3.400000
910.000000 3.400000
911.000000 3.400000
912.000000 3.400000
913.000000 3.400000
914.000000 3.400000
915.000000 3.400000
916.000000 3.400000
917.000000 3.400000
918.000000 3.400000
919.000000 3.400000
920.000000 3.400000
921.000000 3.400000
922.000000 3.400000
923.000000 3.400000
924.000000 3.400000
925.000000 3.400000
926.000000 3.400000
927.000000 3.400000
928.000000 3.400000
929.000000 3.400000
930.000000 3.400000
931.000000 3.400000
932.000000 3.400000
933.000000 3.400000
934.000000 3.400000
935.000000 3.400000
936.000000 3.400000
937.000000 3.400000
938.000000 3.400000
939.000000 3.400000
940.000000 3.400000
941.000000 3.400000
942.000000 3.400000
943.000000 3.400000
944.000000 3.400000
945.000000 3.400000
946.000000 3.400000
947.000000 3.400000
948.000000 3.400000
949.000000 3.400000
950.000000 3.400000
951.000000 3.400000
952.000000 3.400000
953.000000 3.400000
954.000000 3.400000
955.000000 3.400000
956.000000 3.400000
957.000000 3.400000
958.000000 3.400000
959.000000 3.400000
960.000000 3.400000
961.000000 3.400000
962.000000 3.400000
963.000000 3.400000
964.000000 3.400000
965.000000 3.400000
966.000000 3.400000
967.000000 3.400000
968.000000 3.400000
969.000000 3.400000
970.000000 3.400000
971.000000 3.400000
972.000000 3.400000
973.000000 3.400000
974.000000 3.400000
975.000000 3.400000
976.000000 3.400000
977.000000 3.400000
978.000000 3.400000
979.000000 3.400000
980.000000 3.400000
981.000000 3.400000
982.000000 3.400000
983.000000 3.400000
984.000000 3.400000
985.000000 3.400000
986.000000 3.400000
987.000000 3.400000
988.000000 3.400000
989.000000 3.400000
990.000000 3.400000
991.000000 3.400000
992.000000 3.400000
993.000000 3.400000
994.000000 3.400000
995.000000 3.400000
996.000000 3.400000
997.000000 3.400000
998.000000 3.400000
999.000000 3.400000
1000.000000 3.400000
