1.000000 0.900000
2.000000 0.900000
3.000000 0.900000
4.000000 0.900000
5.000000 0.900000
6.000000 0.900000
7.000000 0.900000
8.000000 0.900000
9.000000 0.900000
10.000000 0.900000
11.000000 0.900000
12.000000 0.800000
13.000000 0.700000
14.000000 0.600000
15.000000 0.600000
16.000000 0.600000
17.000000 0.600000
18.000000 0.600000
19.000000 0.600000
20.000000 0.600000
21.000000 0.600000
22.000000 0.600000
23.000000 0.600000
24.000000 0.600000
25.000000 0.600000
26.000000 0.600000
27.000000 0.600000
28.000000 0.600000
29.000000 0.600000
30.000000 0.600000
31.000000 0.600000
32.000000 0.600000
33.000000 0.600000
34.000000 0.600000
35.000000 0.600000
36.000000 0.600000
37.000000 0.600000
38.000000 0.600000
39.000000 0.600000
40.000000 0.600000
41.000000 0.600000
42.000000 0.600000
43.000000 0.600000
44.000000 0.607724
45.000000 0.615551
46.000000 0.623012
47.000000 0.630132
48.000000 0.636933
49.000000 0.643438
50.000000 0.649667
51.000000 0.655638
52.000000 0.661369
53.000000 0.666876
54.000000 0.672175
55.000000 0.676829
56.000000 0.680441
57.000000 0.683075
58.000000 0.684819
59.000000 0.685752
60.000000 0.685945
61.000000 0.685463
62.000000 0.684367
63.000000 0.682711
64.000000 0.680543
65.000000 0.677909
66.000000 0.674875
67.000000 0.671552
68.000000 0.668064
69.000000 0.664518
70.000000 0.661011
71.000000 0.657624
72.000000 0.654428
73.000000 0.651483
74.000000 0.648841
75.000000 0.646546
76.000000 0.644635
77.000000 0.643137
78.000000 0.642070
79.000000 0.641440
80.000000 0.641237
81.000000 0.641443
82.000000 0.642030
83.000000 0.642964
84.000000 0.644205
85.000000 0.645707
86.000000 0.647424
87.000000 0.649306
88.000000 0.651302
89.000000 0.653361
90.000000 0.655432
91.000000 0.657467
92.000000 0.659424
93.000000 0.661262
94.000000 0.662946
95.000000 0.664450
96.000000 0.665748
97.000000 0.666826
98.000000 0.667673
99.000000 0.668282
100.000000 0.668657
101.000000 0.668802
102.000000 0.668731
103.000000 0.668458
104.000000 0.668003
105.000000 0.667390
106.000000 0.666643
107.000000 0.665790
108.000000 0.664858
109.000000 0.663875
110.000000 0.662869
111.000000 0.661866
112.000000 0.660891
113.000000 0.659967
114.000000 0.659114
115.000000 0.658349
116.000000 0.657687
117.000000 0.657139
118.000000 0.656711
119.000000 0.656409
120.000000 0.656234
121.000000 0.656184
122.000000 0.656254
123.000000 0.656436
124.000000 0.656722
125.000000 0.657099
126.000000 0.657554
127.000000 0.658075
128.000000 0.658644
129.000000 0.659249
130.000000 0.659873
131.000000 0.660502
132.000000 0.661121
133.000000 0.661719
134.000000 0.662282
135.000000 0.662801
136.000000 0.663268
137.000000 0.663674
138.000000 0.664016
139.000000 0.664290
140.000000 0.664493
141.000000 0.664628
142.000000 0.664694
143.000000 0.664696
144.000000 0.664637
145.000000 0.664525
146.000000 0.664365
147.000000 0.664164
148.000000 0.663931
149.000000 0.663673
150.000000 0.663400
151.000000 0.663118
152.000000 0.662837
153.000000 0.662562
154.000000 0.662302
155.000000 0.662061
156.000000 0.661846
157.000000 0.661661
158.000000 0.661508
159.000000 0.661391
160.000000 0.661310
161.000000 0.661266
162.000000 0.661259
163.000000 0.661287
164.000000 0.661349
165.000000 0.661441
166.000000 0.661560
167.000000 0.661702
168.000000 0.661864
169.000000 0.662040
170.000000 0.662228
171.000000 0.662421
172.000000 0.662615
173.000000 0.662808
174.000000 0.662994
175.000000 0.663170
176.000000 0.663334
177.000000 0.663482
178.000000 0.663613
179.000000 0.663724
180.000000 0.663815
181.000000 0.663886
182.000000 0.663936
183.000000 0.663966
184.000000 0.663977
185.000000 0.663969
186.000000 0.663946
187.000000 0.663908
188.000000 0.663858
189.000000 0.663797
190.000000 0.663730
191.000000 0.663657
192.000000 0.663581
193.000000 0.663505
194.000000 0.663431
195.000000 0.663361
196.000000 0.663296
197.000000 0.663238
198.000000 0.663189
199.000000 0.663150
200.000000 0.663120
201.000000 0.663101
202.000000 0.763101
203.000000 0.863101
204.000000 0.919347
205.000000 0.923842
206.000000 0.928347
207.000000 0.932859
208.000000 0.937378
209.000000 0.941902
210.000000 0.946431
211.000000 0.950964
212.000000 0.955498
213.000000 0.954216
214.000000 0.941854
215.000000 0.921448
216.000000 0.898770
217.000000 0.876756
218.000000 0.855347
219.000000 0.834493
220.000000 0.814142
221.000000 0.794250
222.000000 0.774773
223.000000 0.755672
224.000000 0.737248
225.000000 0.720418
226.000000 0.706171
227.000000 0.694952
228.000000 0.686699
229.000000 0.681197
230.000000 0.678251
231.000000 0.677681
232.000000 0.679326
233.000000 0.683038
234.000000 0.688683
235.000000 0.696119
236.000000 0.705144
237.000000 0.715456
238.000000 0.726690
239.000000 0.738475
240.000000 0.750476
241.000000 0.762394
242.000000 0.773967
243.000000 0.784961
244.000000 0.795171
245.000000 0.804417
246.000000 0.812541
247.000000 0.819410
248.000000 0.824924
249.000000 0.829027
250.000000 0.831701
251.000000 0.832972
252.000000 0.832897
253.000000 0.831560
254.000000 0.829069
255.000000 0.825551
256.000000 0.821148
257.000000 0.816013
258.000000 0.810308
259.000000 0.804201
260.000000 0.797860
261.000000 0.791450
262.000000 0.785128
263.000000 0.779038
264.000000 0.773312
265.000000 0.768063
266.000000 0.763388
267.000000 0.759363
268.000000 0.756048
269.000000 0.753479
270.000000 0.751675
271.000000 0.750636
272.000000 0.750342
273.000000 0.750759
274.000000 0.751836
275.000000 0.753511
276.000000 0.755711
277.000000 0.758354
278.000000 0.761353
279.000000 0.764619
280.000000 0.768060
281.000000 0.771586
282.000000 0.775110
283.000000 0.778550
284.000000 0.781831
285.000000 0.784886
286.000000 0.787656
287.000000 0.790095
288.000000 0.792164
289.000000 0.793837
290.000000 0.795098
291.000000 0.795942
292.000000 0.796375
293.000000 0.796410
294.000000 0.796070
295.000000 0.795385
296.000000 0.794393
297.000000 0.793134
298.000000 0.791655
299.000000 0.790003
300.000000 0.788228
301.000000 0.786379
302.000000 0.784505
303.000000 0.782651
304.000000 0.780860
305.000000 0.779172
306.000000 0.777621
307.000000 0.776235
308.000000 0.775039
309.000000 0.774049
310.000000 0.773278
311.000000 0.772732
312.000000 0.772411
313.000000 0.772309
314.000000 0.772418
315.000000 0.772722
316.000000 0.773204
317.000000 0.773843
318.000000 0.774615
319.000000 0.775495
320.000000 0.776455
321.000000 0.777471
322.000000 0.778513
323.000000 0.779558
324.000000 0.780581
325.000000 0.781559
326.000000 0.782472
327.000000 0.783303
328.000000 0.784039
329.000000 0.784666
330.000000 0.785177
331.000000 0.785568
332.000000 0.785836
333.000000 0.785982
334.000000 0.786011
335.000000 0.785929
336.000000 0.785744
337.000000 0.785467
338.000000 0.785111
339.000000 0.784688
340.000000 0.784212
341.000000 0.783699
342.000000 0.783162
343.000000 0.782616
344.000000 0.782075
345.000000 0.781550
346.000000 0.781055
347.000000 0.780599
348.000000 0.780190
349.000000 0.779837
350.000000 0.779543
351.000000 0.779314
352.000000 0.779151
353.000000 0.779053
354.000000 0.779021
355.000000 0.779050
356.000000 0.779138
357.000000 0.779278
358.000000 0.779465
359.000000 0.779692
360.000000 0.779952
361.000000 0.780236
362.000000 0.780537
363.000000 0.780847
364.000000 0.781158
365.000000 0.781463
366.000000 0.781756
367.000000 0.782031
368.000000 0.782281
369.000000 0.782504
370.000000 0.782696
371.000000 0.782853
372.000000 0.782975
373.000000 0.783061
374.000000 0.783111
375.000000 0.783126
376.000000 0.783109
377.000000 0.783060
378.000000 0.782985
379.000000 0.782885
380.000000 0.782765
381.000000 0.782630
382.000000 0.782483
383.000000 0.782328
384.000000 0.782170
385.000000 0.782013
386.000000 0.781861
387.000000 0.781716
388.000000 0.781583
389.000000 0.781464
390.000000 0.781361
391.000000 0.781275
392.000000 0.781207
393.000000 0.781159
394.000000 0.781131
395.000000 0.781121
396.000000 0.781130
397.000000 0.781156
398.000000 0.781198
399.000000 0.781254
400.000000 0.781321
401.000000 0.781399
402.000000 0.881399
403.000000 0.981399
404.000000 1.081399
405.000000 1.172826
406.000000 1.179626
407.000000 1.186423
408.000000 1.193215
409.000000 1.200000
410.000000 1.200000
411.000000 1.200000
412.000000 1.200000
413.000000 1.200000
414.000000 1.200000
415.000000 1.190361
416.000000 1.159998
417.000000 1.125804
418.000000 1.092590
419.000000 1.060275
420.000000 1.028781
421.000000 0.998430
422.000000 0.969514
423.000000 0.941934
424.000000 0.915601
425.000000 0.890431
426.000000 0.866906
427.000000 0.846667
428.000000 0.830910
429.000000 0.819571
430.000000 0.812331
431.000000 0.808900
432.000000 0.808991
433.000000 0.812299
434.000000 0.818525
435.000000 0.827397
436.000000 0.838670
437.000000 0.852086
438.000000 0.867282
439.000000 0.883750
440.000000 0.900946
441.000000 0.918372
442.000000 0.935589
443.000000 0.952208
444.000000 0.967891
445.000000 0.982350
446.000000 0.995341
447.000000 1.006655
448.000000 1.016125
449.000000 1.023619
450.000000 1.029063
451.000000 1.032441
452.000000 1.033796
453.000000 1.033221
454.000000 1.030847
455.000000 1.026840
456.000000 1.021391
457.000000 1.014713
458.000000 1.007033
459.000000 0.998586
460.000000 0.989616
461.000000 0.980364
462.000000 0.971066
463.000000 0.961946
464.000000 0.953211
465.000000 0.945045
466.000000 0.937607
467.000000 0.931031
468.000000 0.925422
469.000000 0.920857
470.000000 0.917384
471.000000 0.915022
472.000000 0.913764
473.000000 0.913577
474.000000 0.914405
475.000000 0.916170
476.000000 0.918778
477.000000 0.922120
478.000000 0.926075
479.000000 0.930516
480.000000 0.935312
481.000000 0.940331
482.000000 0.945442
483.000000 0.950521
484.000000 0.955452
485.000000 0.960128
486.000000 0.964455
487.000000 0.968352
488.000000 0.971754
489.000000 0.974609
490.000000 0.976883
491.000000 0.978558
492.000000 0.979629
493.000000 0.980106
494.000000 0.980014
495.000000 0.979388
496.000000 0.978275
497.000000 0.976729
498.000000 0.974813
499.000000 0.972594
500.000000 0.970141
501.000000 0.967528
502.000000 0.964824
503.000000 0.962100
504.000000 0.959422
505.000000 0.956849
506.000000 0.954437
507.000000 0.952235
508.000000 0.950282
509.000000 0.948610
510.000000 0.947243
511.000000 0.946195
512.000000 0.945475
513.000000 0.945079
514.000000 0.945000
515.000000 0.945221
516.000000 0.945720
517.000000 0.946470
518.000000 0.947440
519.000000 0.948594
520.000000 0.949895
521.000000 0.951304
522.000000 0.952783
523.000000 0.954293
524.000000 0.955798
525.000000 0.957262
526.000000 0.958655
527.000000 0.959947
528.000000 0.961116
529.000000 0.962140
530.000000 0.963006
531.000000 0.963701
532.000000 0.964220
533.000000 0.964561
534.000000 0.964727
535.000000 0.964725
536.000000 0.964564
537.000000 0.964258
538.000000 0.963823
539.000000 0.963277
540.000000 0.962639
541.000000 0.961931
542.000000 0.961172
543.000000 0.960385
544.000000 0.959589
545.000000 0.958805
546.000000 0.958050
547.000000 0.957340
548.000000 0.956690
549.000000 0.956113
550.000000 0.955617
551.000000 0.955210
552.000000 0.954896
553.000000 0.954679
554.000000 0.954557
555.000000 0.954529
556.000000 0.954589
557.000000 0.954732
558.000000 0.954949
559.000000 0.955232
560.000000 0.955571
561.000000 0.955953
562.000000 0.956369
563.000000 0.956807
564.000000 0.957254
565.000000 0.957702
566.000000 0.958138
567.000000 0.958554
568.000000 0.958942
569.000000 0.959294
570.000000 0.959604
571.000000 0.959867
572.000000 0.960081
573.000000 0.960243
574.000000 0.960353
575.000000 0.960410
576.000000 0.960418
577.000000 0.960379
578.000000 0.960297
579.000000 0.960176
580.000000 0.960022
581.000000 0.959841
582.000000 0.959637
583.000000 0.959419
584.000000 0.959191
585.000000 0.958960
586.000000 0.958731
587.000000 0.958511
588.000000 0.958303
589.000000 0.958113
590.000000 0.957943
591.000000 0.957797
592.000000 0.957677
593.000000 0.957584
594.000000 0.957520
595.000000 0.957483
596.000000 0.957475
597.000000 0.957492
598.000000 0.957534
599.000000 0.957598
600.000000 0.957681
601.000000 0.957781
602.000000 0.957895
603.000000 0.958018
604.000000 0.958149
605.000000 0.958282
606.000000 0.958416
607.000000 0.958547
608.000000 0.958672
609.000000 0.958789
610.000000 0.958896
611.000000 0.958990
612.000000 0.959071
613.000000 0.959138
614.000000 0.959189
615.000000 0.959224
616.000000 0.959245
617.000000 0.959251
618.000000 0.959242
619.000000 0.959221
620.000000 0.959188
621.000000 0.959146
622.000000 0.959095
623.000000 0.959037
624.000000 0.958975
625.000000 0.958909
626.000000 0.958843
627.000000 0.958777
628.000000 0.958713
629.000000 0.958653
630.000000 0.958598
631.000000 0.958549
632.000000 0.958506
633.000000 0.958471
634.000000 0.958445
635.000000 0.958426
636.000000 0.958416
637.000000 0.958413
638.000000 0.958419
639.000000 0.958432
640.000000 0.958451
641.000000 0.958476
642.000000 0.958506
643.000000 0.958540
644.000000 0.958577
645.000000 0.958617
646.000000 0.958657
647.000000 0.958697
648.000000 0.958737
649.000000 0.958775
650.000000 0.958811
651.000000 0.958844
652.000000 0.958873
653.000000 0.958898
654.000000 0.958919
655.000000 0.958935
656.000000 0.958947
657.000000 0.958955
658.000000 0.958958
659.000000 0.958956
660.000000 0.958951
661.000000 0.958943
662.000000 0.958932
663.000000 0.958918
664.000000 0.958902
665.000000 0.958884
666.000000 0.958866
667.000000 0.958847
668.000000 0.958828
669.000000 0.958810
670.000000 0.958793
671.000000 0.958777
672.000000 0.958763
673.000000 0.958751
674.000000 0.958742
675.000000 0.958734
676.000000 0.958729
677.000000 0.958726
678.000000 0.958726
679.000000 0.958728
680.000000 0.958732
681.000000 0.958738
682.000000 0.958746
683.000000 0.958755
684.000000 0.958766
685.000000 0.958777
686.000000 0.958789
687.000000 0.958802
688.000000 0.958814
689.000000 0.958826
690.000000 0.958838
691.000000 0.958849
692.000000 0.958859
693.000000 0.958869
694.000000 0.958877
695.000000 0.958883
696.000000 0.958889
697.000000 0.958893
698.000000 0.958896
699.000000 0.958897
700.000000 0.958897
701.000000 0.958896
702.000000 1.058896
703.000000 1.158896
704.000000 1.200000
705.000000 1.200000
706.000000 1.200000
707.000000 1.200000
708.000000 1.200000
709.000000 1.200000
710.000000 1.200000
711.000000 1.200000
712.000000 1.200000
713.000000 1.200000
714.000000 1.200000
715.000000 1.200000
716.000000 1.200000
717.000000 1.200000
718.000000 1.200000
719.000000 1.200000
720.000000 1.200000
721.000000 1.200000
722.000000 1.200000
723.000000 1.200000
724.000000 1.200000
725.000000 1.200000
726.000000 1.200000
727.000000 1.200000
728.000000 1.195979
729.000000 1.187052
730.000000 1.178565
731.000000 1.170488
732.000000 1.162793
733.000000 1.155455
734.000000 1.148450
735.000000 1.141754
736.000000 1.135348
737.000000 1.129211
738.000000 1.123325
739.000000 1.117907
740.000000 1.113438
741.000000 1.110117
742.000000 1.107839
743.000000 1.106512
744.000000 1.106047
745.000000 1.106369
746.000000 1.107405
747.000000 1.109090
748.000000 1.111367
749.000000 1.114181
750.000000 1.117470
751.000000 1.121136
752.000000 1.125046
753.000000 1.129070
754.000000 1.133094
755.000000 1.137020
756.000000 1.140764
757.000000 1.144252
758.000000 1.147423
759.000000 1.150225
760.000000 1.152613
761.000000 1.154551
762.000000 1.156014
763.000000 1.156990
764.000000 1.157482
765.000000 1.157506
766.000000 1.157090
767.000000 1.156267
768.000000 1.155082
769.000000 1.153582
770.000000 1.151819
771.000000 1.149847
772.000000 1.147723
773.000000 1.145504
774.000000 1.143247
775.000000 1.141006
776.000000 1.138833
777.000000 1.136773
778.000000 1.134868
779.000000 1.133152
780.000000 1.131653
781.000000 1.130394
782.000000 1.129388
783.000000 1.128643
784.000000 1.128162
785.000000 1.127940
786.000000 1.127965
787.000000 1.128222
788.000000 1.128691
789.000000 1.129348
790.000000 1.130165
791.000000 1.131113
792.000000 1.132162
793.000000 1.133280
794.000000 1.134436
795.000000 1.135600
796.000000 1.136744
797.000000 1.137840
798.000000 1.138866
799.000000 1.139801
800.000000 1.140626
801.000000 1.141329
802.000000 1.141899
803.000000 1.142330
804.000000 1.142619
805.000000 1.142767
806.000000 1.142777
807.000000 1.142658
808.000000 1.142418
809.000000 1.142070
810.000000 1.141627
811.000000 1.141105
812.000000 1.140519
813.000000 1.139888
814.000000 1.139227
815.000000 1.138554
816.000000 1.137884
817.000000 1.137232
818.000000 1.136612
819.000000 1.136037
820.000000 1.135516
821.000000 1.135059
822.000000 1.134671
823.000000 1.134358
824.000000 1.134122
825.000000 1.133964
826.000000 1.133882
827.000000 1.133873
828.000000 1.133933
829.000000 1.134057
830.000000 1.134236
831.000000 1.134464
832.000000 1.134731
833.000000 1.135029
834.000000 1.135349
835.000000 1.135681
836.000000 1.136016
837.000000 1.136347
838.000000 1.136664
839.000000 1.136962
840.000000 1.137233
841.000000 1.137473
842.000000 1.137677
843.000000 1.137843
844.000000 1.137968
845.000000 1.138051
846.000000 1.138093
847.000000 1.138095
848.000000 1.138058
849.000000 1.137985
850.000000 1.137880
851.000000 1.137748
852.000000 1.137591
853.000000 1.137415
854.000000 1.137225
855.000000 1.137027
856.000000 1.136824
857.000000 1.136621
858.000000 1.136424
859.000000 1.136235
860.000000 1.136060
861.000000 1.135900
862.000000 1.135759
863.000000 1.135638
864.000000 1.135539
865.000000 1.135463
866.000000 1.135409
867.000000 1.135378
868.000000 1.135369
869.000000 1.135381
870.000000 1.135411
871.000000 1.135458
872.000000 1.135520
873.000000 1.135593
874.000000 1.135676
875.000000 1.135766
876.000000 1.135860
877.000000 1.135955
878.000000 1.136048
879.000000 1.136139
880.000000 1.136224
881.000000 1.136301
882.000000 1.136369
883.000000 1.136427
884.000000 1.136474
885.000000 1.136509
886.000000 1.136532
887.000000 1.136542
888.000000 1.136541
889.000000 1.136529
890.000000 1.136505
891.000000 1.136473
892.000000 1.136432
893.000000 1.136383
894.000000 1.136330
895.000000 1.136272
896.000000 1.136211
897.000000 1.136148
898.000000 1.136086
899.000000 1.136025
900.000000 1.135967
901.000000 1.135913
902.000000 1.135863
903.000000 1.135818
904.000000 1.135780
905.000000 1.135748
906.000000 1.135722
907.000000 1.135704
908.000000 1.135692
909.000000 1.135686
910.000000 1.135687
911.000000 1.135693
912.000000 1.135704
913.000000 1.135720
914.000000 1.135739
915.000000 1.135762
916.000000 1.135786
917.000000 1.135811
918.000000 1.135838
919.000000 1.135863
920.000000 1.135888
921.000000 1.135912
922.000000 1.135933
923.000000 1.135952
924.000000 1.135968
925.000000 1.135980
926.000000 1.135989
927.000000 1.135995
928.000000 1.135997
929.000000 1.135995
930.000000 1.135990
931.000000 1.135982
932.000000 1.135972
933.000000 1.135958
934.000000 1.135943
935.000000 1.135926
936.000000 1.135908
937.000000 1.135888
938.000000 1.135869
939.000000 1.135849
940.000000 1.135830
941.000000 1.135812
942.000000 1.135794
943.000000 1.135778
944.000000 1.135764
945.000000 1.135751
946.000000 1.135740
947.000000 1.135731
948.000000 1.135724
949.000000 1.135720
950.000000 1.135717
951.000000 1.135716
952.000000 1.135716
953.000000 1.135718
954.000000 1.135722
955.000000 1.135726
956.000000 1.135732
957.000000 1.135738
958.000000 1.135745
959.000000 1.135751
960.000000 1.135758
961.000000 1.135765
962.000000 1.135771
963.000000 1.135776
964.000000 1.135781
965.000000 1.135785
966.000000 1.135788
967.000000 1.135790
968.000000 1.135791
969.000000 1.135791
970.000000 1.135789
971.000000 1.135787
972.000000 1.135784
973.000000 1.135781
974.000000 1.135776
975.000000 1.135771
976.000000 1.135765
977.000000 1.135759
978.000000 1.135753
979.000000 1.135746
980.000000 1.135740
981.000000 1.135734
982.000000 1.135728
983.000000 1.135722
984.000000 1.135716
985.000000 1.135711
986.000000 1.135707
987.000000 1.135703
988.000000 1.135700
989.000000 1.135697
990.000000 1.135695
991.000000 1.135694
992.000000 1.135693
993.000000 1.135693
994.000000 1.135693
995.000000 1.135693
996.000000 1.135694
997.000000 1.135695
998.000000 1.135696
999.000000 1.135698
1000.000000 1.135699
