1.000000 3.000000
2.000000 3.000000
3.000000 3.000000
4.000000 3.000000
5.000000 3.000000
6.000000 3.000000
7.000000 3.000000
8.000000 3.000000
9.000000 3.000000
10.000000 3.000000
11.000000 3.000000
12.000000 3.000000
13.000000 3.000000
14.000000 3.000000
15.000000 3.000000
16.000000 3.000000
17.000000 3.000000
18.000000 3.000000
19.000000 3.000000
20.000000 3.000000
21.000000 3.000000
22.000000 2.999519
23.000000 2.997693
24.000000 2.993786
25.000000 2.987663
26.000000 2.979674
27.000000 2.970132
28.000000 2.959312
29.000000 2.947457
30.000000 2.934781
31.000000 2.921471
32.000000 2.907692
33.000000 2.893587
34.000000 2.879281
35.000000 2.864881
36.000000 2.850480
37.000000 2.836159
38.000000 2.821984
39.000000 2.808013
40.000000 2.794294
41.000000 2.780867
42.000000 2.767763
43.000000 2.755009
44.000000 2.742625
45.000000 2.730626
46.000000 2.719023
47.000000 2.707824
48.000000 2.697032
49.000000 2.686649
50.000000 2.676674
51.000000 2.667102
52.000000 2.657929
53.000000 2.649148
54.000000 2.640761
55.000000 2.632791
56.000000 2.625271
57.000000 2.618225
58.000000 2.611669
59.000000 2.605612
60.000000 2.600059
61.000000 2.595009
62.000000 2.590459
63.000000 2.586400
64.000000 2.582822
65.000000 2.579712
66.000000 2.577055
67.000000 2.574830
68.000000 2.573012
69.000000 2.571576
70.000000 2.570491
71.000000 2.569729
72.000000 2.569257
73.000000 2.569044
74.000000 2.569060
75.000000 2.569274
76.000000 2.569656
77.000000 2.570178
78.000000 2.570811
79.000000 2.571530
80.000000 2.572312
81.000000 2.573135
82.000000 2.573979
83.000000 2.574827
84.000000 2.575665
85.000000 2.576480
86.000000 2.577261
87.000000 2.578002
88.000000 2.578694
89.000000 2.579335
90.000000 2.579922
91.000000 2.580453
92.000000 2.580930
93.000000 2.581354
94.000000 2.581727
95.000000 2.582053
96.000000 2.582337
97.000000 2.582582
98.000000 2.582795
99.000000 2.582980
100.000000 2.583142
101.000000 2.583288
102.000000 2.583420
103.000000 2.583546
104.000000 2.583668
105.000000 2.583790
106.000000 2.583917
107.000000 2.584052
108.000000 2.584196
109.000000 2.584352
110.000000 2.584521
111.000000 2.584705
112.000000 2.584904
113.000000 2.585118
114.000000 2.585348
115.000000 2.585592
116.000000 2.585849
117.000000 2.586119
118.000000 2.586400
119.000000 2.586691
120.000000 2.586990
121.000000 2.587295
122.000000 2.587605
123.000000 2.587918
124.000000 2.588232
125.000000 2.588545
126.000000 2.588856
127.000000 2.589164
128.000000 2.589467
129.000000 2.589764
130.000000 2.590054
131.000000 2.590336
132.000000 2.590609
133.000000 2.590873
134.000000 2.591127
135.000000 2.591372
136.000000 2.591606
137.000000 2.591831
138.000000 2.592046
139.000000 2.592251
140.000000 2.592446
141.000000 2.592633
142.000000 2.592811
143.000000 2.592982
144.000000 2.593145
145.000000 2.593300
146.000000 2.593450
147.000000 2.593594
148.000000 2.593732
149.000000 2.593866
150.000000 2.593996
151.000000 2.594122
152.000000 2.594245
153.000000 2.594365
154.000000 2.594482
155.000000 2.594597
156.000000 2.594711
157.000000 2.594823
158.000000 2.594933
159.000000 2.595042
160.000000 2.595150
161.000000 2.595257
162.000000 2.595362
163.000000 2.595467
164.000000 2.595570
165.000000 2.595673
166.000000 2.595774
167.000000 2.595873
168.000000 2.595972
169.000000 2.596069
170.000000 2.596165
171.000000 2.596259
172.000000 2.596351
173.000000 2.596441
174.000000 2.596530
175.000000 2.596617
176.000000 2.596701
177.000000 2.596784
178.000000 2.596865
179.000000 2.596943
180.000000 2.597020
181.000000 2.597094
182.000000 2.597167
183.000000 2.597237
184.000000 2.597305
185.000000 2.597371
186.000000 2.597435
187.000000 2.597498
188.000000 2.597558
189.000000 2.597617
190.000000 2.597674
191.000000 2.597729
192.000000 2.597783
193.000000 2.597835
194.000000 2.597886
195.000000 2.597935
196.000000 2.597983
197.000000 2.598030
198.000000 2.598075
199.000000 2.598120
200.000000 2.598163
201.000000 2.598206
202.000000 2.598247
203.000000 2.598288
204.000000 2.598327
205.000000 2.598366
206.000000 2.598404
207.000000 2.598441
208.000000 2.598477
209.000000 2.598513
210.000000 2.598548
211.000000 2.598582
212.000000 2.599096
213.000000 2.600917
214.000000 2.604289
215.000000 2.609014
216.000000 2.614916
217.000000 2.621837
218.000000 2.629637
219.000000 2.638188
220.000000 2.647381
221.000000 2.657115
222.000000 2.667303
223.000000 2.677847
224.000000 2.688609
225.000000 2.699420
226.000000 2.710118
227.000000 2.720569
228.000000 2.730659
229.000000 2.740292
230.000000 2.749392
231.000000 2.757893
232.000000 2.765744
233.000000 2.772907
234.000000 2.779349
235.000000 2.785055
236.000000 2.790019
237.000000 2.794251
238.000000 2.797773
239.000000 2.800617
240.000000 2.802822
241.000000 2.804435
242.000000 2.805504
243.000000 2.806085
244.000000 2.806232
245.000000 2.806003
246.000000 2.805456
247.000000 2.804647
248.000000 2.803632
249.000000 2.802465
250.000000 2.801193
251.000000 2.799863
252.000000 2.798517
253.000000 2.797191
254.000000 2.795916
255.000000 2.794720
256.000000 2.793626
257.000000 2.792650
258.000000 2.791807
259.000000 2.791104
260.000000 2.790547
261.000000 2.790137
262.000000 2.789872
263.000000 2.789746
264.000000 2.789752
265.000000 2.789880
266.000000 2.790120
267.000000 2.790458
268.000000 2.790882
269.000000 2.791377
270.000000 2.791929
271.000000 2.792525
272.000000 2.793152
273.000000 2.793795
274.000000 2.794444
275.000000 2.795088
276.000000 2.795715
277.000000 2.796319
278.000000 2.796890
279.000000 2.797423
280.000000 2.797914
281.000000 2.798358
282.000000 2.798752
283.000000 2.799096
284.000000 2.799389
285.000000 2.799632
286.000000 2.799826
287.000000 2.799974
288.000000 2.800078
289.000000 2.800142
290.000000 2.800169
291.000000 2.800164
292.000000 2.800130
293.000000 2.800073
294.000000 2.799995
295.000000 2.799903
296.000000 2.799798
297.000000 2.799686
298.000000 2.799570
299.000000 2.799454
300.000000 2.799339
301.000000 2.799229
302.000000 2.799126
303.000000 2.799032
304.000000 2.798948
305.000000 2.798875
306.000000 2.798815
307.000000 2.798766
308.000000 2.798731
309.000000 2.798707
310.000000 2.798696
311.000000 2.798696
312.000000 2.798707
313.000000 2.798727
314.000000 2.798757
315.000000 2.798794
316.000000 2.798837
317.000000 2.798886
318.000000 2.798939
319.000000 2.798995
320.000000 2.799053
321.000000 2.799112
322.000000 2.799171
323.000000 2.799229
324.000000 2.799286
325.000000 2.799340
326.000000 2.799392
327.000000 2.799440
328.000000 2.799484
329.000000 2.799525
330.000000 2.799562
331.000000 2.799594
332.000000 2.799622
333.000000 2.799647
334.000000 2.799667
335.000000 2.799684
336.000000 2.799697
337.000000 2.799707
338.000000 2.799714
339.000000 2.799719
340.000000 2.799722
341.000000 2.799722
342.000000 2.799721
343.000000 2.799719
344.000000 2.799717
345.000000 2.799713
346.000000 2.799710
347.000000 2.799706
348.000000 2.799702
349.000000 2.799699
350.000000 2.799697
351.000000 2.799695
352.000000 2.799694
353.000000 2.799693
354.000000 2.799694
355.000000 2.799695
356.000000 2.799698
357.000000 2.799701
358.000000 2.799705
359.000000 2.799710
360.000000 2.799716
361.000000 2.799722
362.000000 2.799729
363.000000 2.799736
364.000000 2.799744
365.000000 2.799752
366.000000 2.799760
367.000000 2.799768
368.000000 2.799776
369.000000 2.799785
370.000000 2.799793
371.000000 2.799801
372.000000 2.799808
373.000000 2.799816
374.000000 2.799823
375.000000 2.799830
376.000000 2.799836
377.000000 2.799842
378.000000 2.799848
379.000000 2.799853
380.000000 2.799858
381.000000 2.799862
382.000000 2.799866
383.000000 2.799870
384.000000 2.799874
385.000000 2.799877
386.000000 2.799879
387.000000 2.799882
388.000000 2.799884
389.000000 2.799887
390.000000 2.799889
391.000000 2.799891
392.000000 2.799892
393.000000 2.799894
394.000000 2.799896
395.000000 2.799897
396.000000 2.799899
397.000000 2.799901
398.000000 2.799902
399.000000 2.799904
400.000000 2.799905
401.000000 2.799907
402.000000 2.799909
403.000000 2.799911
404.000000 2.799912
405.000000 2.799914
406.000000 2.799916
407.000000 2.799918
408.000000 2.799920
409.000000 2.799922
410.000000 2.799924
411.000000 2.799925
412.000000 2.800408
413.000000 2.802237
414.000000 2.806120
415.000000 2.812209
416.000000 2.820219
417.000000 2.829895
418.000000 2.841009
419.000000 2.853359
420.000000 2.866765
421.000000 2.881067
422.000000 2.896121
423.000000 2.911783
424.000000 2.927870
425.000000 2.944153
426.000000 2.960385
427.000000 2.976344
428.000000 2.991839
429.000000 3.006712
430.000000 3.020833
431.000000 3.034092
432.000000 3.046404
433.000000 3.057699
434.000000 3.067924
435.000000 3.077045
436.000000 3.085044
437.000000 3.091926
438.000000 3.097716
439.000000 3.102454
440.000000 3.106195
441.000000 3.109003
442.000000 3.110952
443.000000 3.112120
444.000000 3.112591
445.000000 3.112449
446.000000 3.111783
447.000000 3.110679
448.000000 3.109224
449.000000 3.107498
450.000000 3.105579
451.000000 3.103540
452.000000 3.101446
453.000000 3.099357
454.000000 3.097324
455.000000 3.095392
456.000000 3.093599
457.000000 3.091974
458.000000 3.090541
459.000000 3.089317
460.000000 3.088311
461.000000 3.087529
462.000000 3.086968
463.000000 3.086625
464.000000 3.086488
465.000000 3.086545
466.000000 3.086780
467.000000 3.087175
468.000000 3.087710
469.000000 3.088366
470.000000 3.089119
471.000000 3.089950
472.000000 3.090838
473.000000 3.091763
474.000000 3.092705
475.000000 3.093648
476.000000 3.094575
477.000000 3.095472
478.000000 3.096327
479.000000 3.097130
480.000000 3.097872
481.000000 3.098547
482.000000 3.099150
483.000000 3.099678
484.000000 3.100129
485.000000 3.100505
486.000000 3.100806
487.000000 3.101036
488.000000 3.101198
489.000000 3.101298
490.000000 3.101339
491.000000 3.101329
492.000000 3.101273
493.000000 3.101179
494.000000 3.101052
495.000000 3.100898
496.000000 3.100725
497.000000 3.100539
498.000000 3.100343
499.000000 3.100145
500.000000 3.099949
501.000000 3.099758
502.000000 3.099577
503.000000 3.099408
504.000000 3.099253
505.000000 3.099116
506.000000 3.098997
507.000000 3.098896
508.000000 3.098815
509.000000 3.098754
510.000000 3.098711
511.000000 3.098687
512.000000 3.098679
513.000000 3.098688
514.000000 3.098711
515.000000 3.098747
516.000000 3.098793
517.000000 3.098850
518.000000 3.098913
519.000000 3.098983
520.000000 3.099056
521.000000 3.099133
522.000000 3.099210
523.000000 3.099287
524.000000 3.099362
525.000000 3.099434
526.000000 3.099503
527.000000 3.099568
528.000000 3.099627
529.000000 3.099681
530.000000 3.099729
531.000000 3.099772
532.000000 3.099808
533.000000 3.099838
534.000000 3.099863
535.000000 3.099881
536.000000 3.099895
537.000000 3.099904
538.000000 3.099909
539.000000 3.099910
540.000000 3.099907
541.000000 3.099901
542.000000 3.099894
543.000000 3.099884
544.000000 3.099873
545.000000 3.099861
546.000000 3.099849
547.000000 3.099836
548.000000 3.099824
549.000000 3.099813
550.000000 3.099802
551.000000 3.099793
552.000000 3.099784
553.000000 3.099777
554.000000 3.099772
555.000000 3.099768
556.000000 3.099765
557.000000 3.099764
558.000000 3.099764
559.000000 3.099766
560.000000 3.099769
561.000000 3.099773
562.000000 3.099778
563.000000 3.099784
564.000000 3.099791
565.000000 3.099799
566.000000 3.099807
567.000000 3.099815
568.000000 3.099823
569.000000 3.099832
570.000000 3.099840
571.000000 3.099849
572.000000 3.099857
573.000000 3.099865
574.000000 3.099872
575.000000 3.099879
576.000000 3.099886
577.000000 3.099892
578.000000 3.099898
579.000000 3.099903
580.000000 3.099907
581.000000 3.099911
582.000000 3.099915
583.000000 3.099918
584.000000 3.099920
585.000000 3.099923
586.000000 3.099925
587.000000 3.099926
588.000000 3.099927
589.000000 3.099928
590.000000 3.099929
591.000000 3.099930
592.000000 3.099930
593.000000 3.099931
594.000000 3.099931
595.000000 3.099931
596.000000 3.099932
597.000000 3.099932
598.000000 3.099932
599.000000 3.099933
600.000000 3.099933
601.000000 3.099934
602.000000 3.099935
603.000000 3.099936
604.000000 3.099937
605.000000 3.099938
606.000000 3.099939
607.000000 3.099940
608.000000 3.099941
609.000000 3.099943
610.000000 3.099944
611.000000 3.099945
612.000000 3.099947
613.000000 3.099948
614.000000 3.099950
615.000000 3.099951
616.000000 3.099953
617.000000 3.099954
618.000000 3.099956
619.000000 3.099957
620.000000 3.099959
621.000000 3.099960
622.000000 3.099961
623.000000 3.099962
624.000000 3.099964
625.000000 3.099965
626.000000 3.099966
627.000000 3.099967
628.000000 3.099968
629.000000 3.099969
630.000000 3.099970
631.000000 3.099970
632.000000 3.099971
633.000000 3.099972
634.000000 3.099972
635.000000 3.099973
636.000000 3.099974
637.000000 3.099974
638.000000 3.099975
639.000000 3.099975
640.000000 3.099976
641.000000 3.099976
642.000000 3.099977
643.000000 3.099977
644.000000 3.099978
645.000000 3.099978
646.000000 3.099978
647.000000 3.099979
648.000000 3.099979
649.000000 3.099980
650.000000 3.099980
651.000000 3.099981
652.000000 3.099981
653.000000 3.099981
654.000000 3.099982
655.000000 3.099982
656.000000 3.099983
657.000000 3.099983
658.000000 3.099983
659.000000 3.099984
660.000000 3.099984
661.000000 3.099985
662.000000 3.099985
663.000000 3.099985
664.000000 3.099986
665.000000 3.099986
666.000000 3.099987
667.000000 3.099987
668.000000 3.099987
669.000000 3.099988
670.000000 3.099988
671.000000 3.099988
672.000000 3.099988
673.000000 3.099989
674.000000 3.099989
675.000000 3.099989
676.000000 3.099990
677.000000 3.099990
678.000000 3.099990
679.000000 3.099990
680.000000 3.099991
681.000000 3.099991
682.000000 3.099991
683.000000 3.099991
684.000000 3.099991
685.000000 3.099992
686.000000 3.099992
687.000000 3.099992
688.000000 3.099992
689.000000 3.099992
690.000000 3.099993
691.000000 3.099993
692.000000 3.099993
693.000000 3.099993
694.000000 3.099993
695.000000 3.099993
696.000000 3.099993
697.000000 3.099994
698.000000 3.099994
699.000000 3.099994
700.000000 3.099994
701.000000 3.099994
702.000000 3.099994
703.000000 3.099994
704.000000 3.099995
705.000000 3.099995
706.000000 3.099995
707.000000 3.099995
708.000000 3.099995
709.000000 3.099995
710.000000 3.099995
711.000000 3.099995
712.000000 3.100476
713.000000 3.102303
714.000000 3.105927
715.000000 3.111257
716.000000 3.118020
717.000000 3.125973
718.000000 3.134902
719.000000 3.144617
720.000000 3.154951
721.000000 3.165760
722.000000 3.176915
723.000000 3.188305
724.000000 3.199834
725.000000 3.211417
726.000000 3.222984
727.000000 3.234473
728.000000 3.245831
729.000000 3.257015
730.000000 3.267987
731.000000 3.278718
732.000000 3.289183
733.000000 3.299363
734.000000 3.309241
735.000000 3.318808
736.000000 3.328053
737.000000 3.336963
738.000000 3.345495
739.000000 3.353602
740.000000 3.361245
741.000000 3.368398
742.000000 3.375041
743.000000 3.381163
744.000000 3.386758
745.000000 3.391827
746.000000 3.396373
747.000000 3.400405
748.000000 3.403934
749.000000 3.406975
750.000000 3.409549
751.000000 3.411681
752.000000 3.413401
753.000000 3.414740
754.000000 3.415730
755.000000 3.416407
756.000000 3.416805
757.000000 3.416958
758.000000 3.416900
759.000000 3.416664
760.000000 3.416282
761.000000 3.415784
762.000000 3.415199
763.000000 3.414552
764.000000 3.413869
765.000000 3.413169
766.000000 3.412471
767.000000 3.411792
768.000000 3.411144
769.000000 3.410538
770.000000 3.409983
771.000000 3.409485
772.000000 3.409047
773.000000 3.408672
774.000000 3.408360
775.000000 3.408110
776.000000 3.407919
777.000000 3.407783
778.000000 3.407698
779.000000 3.407658
780.000000 3.407657
781.000000 3.407690
782.000000 3.407750
783.000000 3.407831
784.000000 3.407927
785.000000 3.408031
786.000000 3.408138
787.000000 3.408244
788.000000 3.408342
789.000000 3.408431
790.000000 3.408505
791.000000 3.408563
792.000000 3.408602
793.000000 3.408620
794.000000 3.408616
795.000000 3.408590
796.000000 3.408542
797.000000 3.408472
798.000000 3.408380
799.000000 3.408269
800.000000 3.408139
801.000000 3.407992
802.000000 3.407830
803.000000 3.407656
804.000000 3.407470
805.000000 3.407276
806.000000 3.407075
807.000000 3.406870
808.000000 3.406662
809.000000 3.406453
810.000000 3.406246
811.000000 3.406041
812.000000 3.405840
813.000000 3.405645
814.000000 3.405455
815.000000 3.405273
816.000000 3.405099
817.000000 3.404933
818.000000 3.404776
819.000000 3.404628
820.000000 3.404489
821.000000 3.404359
822.000000 3.404237
823.000000 3.404123
824.000000 3.404017
825.000000 3.403918
826.000000 3.403826
827.000000 3.403741
828.000000 3.403660
829.000000 3.403585
830.000000 3.403514
831.000000 3.403447
832.000000 3.403383
833.000000 3.403321
834.000000 3.403262
835.000000 3.403204
836.000000 3.403148
837.000000 3.403092
838.000000 3.403037
839.000000 3.402982
840.000000 3.402927
841.000000 3.402871
842.000000 3.402816
843.000000 3.402760
844.000000 3.402704
845.000000 3.402648
846.000000 3.402591
847.000000 3.402534
848.000000 3.402477
849.000000 3.402420
850.000000 3.402363
851.000000 3.402306
852.000000 3.402249
853.000000 3.402193
854.000000 3.402137
855.000000 3.402082
856.000000 3.402028
857.000000 3.401975
858.000000 3.401923
859.000000 3.401872
860.000000 3.401823
861.000000 3.401774
862.000000 3.401727
863.000000 3.401682
864.000000 3.401638
865.000000 3.401595
866.000000 3.401554
867.000000 3.401514
868.000000 3.401476
869.000000 3.401439
870.000000 3.401403
871.000000 3.401369
872.000000 3.401336
873.000000 3.401304
874.000000 3.401273
875.000000 3.401243
876.000000 3.401214
877.000000 3.401186
878.000000 3.401159
879.000000 3.401133
880.000000 3.401107
881.000000 3.401082
882.000000 3.401058
883.000000 3.401035
884.000000 3.401011
885.000000 3.400989
886.000000 3.400967
887.000000 3.400945
888.000000 3.400924
889.000000 3.400903
890.000000 3.400882
891.000000 3.400862
892.000000 3.400842
893.000000 3.400823
894.000000 3.400803
895.000000 3.400785
896.000000 3.400766
897.000000 3.400748
898.000000 3.400730
899.000000 3.400713
900.000000 3.400695
901.000000 3.400679
902.000000 3.400662
903.000000 3.400646
904.000000 3.400630
905.000000 3.400615
906.000000 3.400600
907.000000 3.400585
908.000000 3.400571
909.000000 3.400557
910.000000 3.400543
911.000000 3.400530
912.000000 3.400517
913.000000 3.400505
914.000000 3.400492
915.000000 3.400480
916.000000 3.400469
917.000000 3.400457
918.000000 3.400447
919.000000 3.400436
920.000000 3.400425
921.000000 3.400415
922.000000 3.400405
923.000000 3.400396
924.000000 3.400387
925.000000 3.400377
926.000000 3.400369
927.000000 3.400360
928.000000 3.400351
929.000000 3.400343
930.000000 3.400335
931.000000 3.400327
932.000000 3.400320
933.000000 3.400312
934.000000 3.400305
935.000000 3.400298
936.000000 3.400291
937.000000 3.400284
938.000000 3.400277
939.000000 3.400271
940.000000 3.400264
941.000000 3.400258
942.000000 3.400252
943.000000 3.400246
944.000000 3.400240
945.000000 3.400234
946.000000 3.400229
947.000000 3.400223
948.000000 3.400218
949.000000 3.400213
950.000000 3.400208
951.000000 3.400203
952.000000 3.400198
953.000000 3.400193
954.000000 3.400188
955.000000 3.400184
956.000000 3.400180
957.000000 3.400175
958.000000 3.400171
959.000000 3.400167
960.000000 3.400163
961.000000 3.400159
962.000000 3.400155
963.000000 3.400152
964.000000 3.400148
965.000000 3.400144
966.000000 3.400141
967.000000 3.400138
968.000000 3.400134
969.000000 3.400131
970.000000 3.400128
971.000000 3.400125
972.000000 3.400122
973.000000 3.400119
974.000000 3.400116
975.000000 3.400114
976.000000 3.400111
977.000000 3.400108
978.000000 3.400106
979.000000 3.400103
980.000000 3.400101
981.000000 3.400098
982.000000 3.400096
983.000000 3.400094
984.000000 3.400092
985.000000 3.400089
986.000000 3.400087
987.000000 3.400085
988.000000 3.400083
989.000000 3.400081
990.000000 3.400079
991.000000 3.400077
992.000000 3.400076
993.000000 3.400074
994.000000 3.400072
995.000000 3.400070
996.000000 3.400069
997.000000 3.400067
998.000000 3.400065
999.000000 3.400064
1000.000000 3.400062
