1.000000 0.900000
2.000000 0.900000
3.000000 0.900000
4.000000 0.900000
5.000000 0.900000
6.000000 0.900000
7.000000 0.900000
8.000000 0.900000
9.000000 0.900000
10.000000 0.900000
11.000000 0.900000
12.000000 0.800000
13.000000 0.700000
14.000000 0.600000
15.000000 0.600000
16.000000 0.600000
17.000000 0.600000
18.000000 0.600000
19.000000 0.600000
20.000000 0.600000
21.000000 0.600000
22.000000 0.600000
23.000000 0.600000
24.000000 0.600000
25.000000 0.600000
26.000000 0.600000
27.000000 0.600000
28.000000 0.600000
29.000000 0.600000
30.000000 0.600000
31.000000 0.600000
32.000000 0.600000
33.000000 0.600000
34.000000 0.600000
35.000000 0.600000
36.000000 0.600000
37.000000 0.600000
38.000000 0.600000
39.000000 0.600000
40.000000 0.600000
41.000000 0.600000
42.000000 0.600000
43.000000 0.600000
44.000000 0.601848
45.000000 0.607125
46.000000 0.612213
47.000000 0.617127
48.000000 0.621877
49.000000 0.626476
50.000000 0.630933
51.000000 0.635258
52.000000 0.639460
53.000000 0.643547
54.000000 0.647527
55.000000 0.651334
56.000000 0.654769
57.000000 0.657725
58.000000 0.660235
59.000000 0.662328
60.000000 0.664034
61.000000 0.665376
62.000000 0.666379
63.000000 0.667063
64.000000 0.667449
65.000000 0.667554
66.000000 0.667397
67.000000 0.667008
68.000000 0.666426
69.000000 0.665692
70.000000 0.664843
71.000000 0.663911
72.000000 0.662927
73.000000 0.661917
74.000000 0.660906
75.000000 0.659916
76.000000 0.658966
77.000000 0.658075
78.000000 0.657258
79.000000 0.656527
80.000000 0.655891
81.000000 0.655355
82.000000 0.654923
83.000000 0.654596
84.000000 0.654371
85.000000 0.654246
86.000000 0.654215
87.000000 0.654273
88.000000 0.654412
89.000000 0.654623
90.000000 0.654899
91.000000 0.655229
92.000000 0.655605
93.000000 0.656016
94.000000 0.656453
95.000000 0.656907
96.000000 0.657371
97.000000 0.657836
98.000000 0.658295
99.000000 0.658743
100.000000 0.659173
101.000000 0.659581
102.000000 0.659963
103.000000 0.660316
104.000000 0.660639
105.000000 0.660929
106.000000 0.661186
107.000000 0.661410
108.000000 0.661603
109.000000 0.661764
110.000000 0.661895
111.000000 0.661999
112.000000 0.662077
113.000000 0.662133
114.000000 0.662168
115.000000 0.662186
116.000000 0.662189
117.000000 0.662180
118.000000 0.662162
119.000000 0.662137
120.000000 0.662108
121.000000 0.662076
122.000000 0.662044
123.000000 0.662014
124.000000 0.661986
125.000000 0.661963
126.000000 0.661946
127.000000 0.661934
128.000000 0.661930
129.000000 0.661932
130.000000 0.661943
131.000000 0.661960
132.000000 0.661985
133.000000 0.662016
134.000000 0.662054
135.000000 0.662098
136.000000 0.662147
137.000000 0.662201
138.000000 0.662259
139.000000 0.662320
140.000000 0.662383
141.000000 0.662448
142.000000 0.662514
143.000000 0.662580
144.000000 0.662646
145.000000 0.662712
146.000000 0.662775
147.000000 0.662837
148.000000 0.662897
149.000000 0.662954
150.000000 0.663008
151.000000 0.663059
152.000000 0.663107
153.000000 0.663152
154.000000 0.663194
155.000000 0.663232
156.000000 0.663268
157.000000 0.663300
158.000000 0.663330
159.000000 0.663357
160.000000 0.663382
161.000000 0.663404
162.000000 0.663425
163.000000 0.663444
164.000000 0.663461
165.000000 0.663477
166.000000 0.663492
167.000000 0.663507
168.000000 0.663520
169.000000 0.663533
170.000000 0.663546
171.000000 0.663559
172.000000 0.663571
173.000000 0.663584
174.000000 0.663597
175.000000 0.663610
176.000000 0.663623
177.000000 0.663636
178.000000 0.663650
179.000000 0.663664
180.000000 0.663678
181.000000 0.663693
182.000000 0.663708
183.000000 0.663723
184.000000 0.663738
185.000000 0.663753
186.000000 0.663768
187.000000 0.663783
188.000000 0.663798
189.000000 0.663813
190.000000 0.663828
191.000000 0.663843
192.000000 0.663857
193.000000 0.663871
194.000000 0.663885
195.000000 0.663898
196.000000 0.663911
197.000000 0.663923
198.000000 0.663935
199.000000 0.663947
200.000000 0.663958
201.000000 0.663969
202.000000 0.763969
203.000000 0.855926
204.000000 0.860561
205.000000 0.865195
206.000000 0.869829
207.000000 0.874462
208.000000 0.879095
209.000000 0.883728
210.000000 0.888360
211.000000 0.892992
212.000000 0.897624
213.000000 0.898250
214.000000 0.891522
215.000000 0.881489
216.000000 0.871572
217.000000 0.861752
218.000000 0.852010
219.000000 0.842328
220.000000 0.832690
221.000000 0.823080
222.000000 0.813485
223.000000 0.803890
224.000000 0.794446
225.000000 0.785580
226.000000 0.777675
227.000000 0.770809
228.000000 0.764930
229.000000 0.759990
230.000000 0.755947
231.000000 0.752760
232.000000 0.750395
233.000000 0.748820
234.000000 0.748007
235.000000 0.747922
236.000000 0.748513
237.000000 0.749699
238.000000 0.751382
239.000000 0.753469
240.000000 0.755875
241.000000 0.758520
242.000000 0.761332
243.000000 0.764244
244.000000 0.767193
245.000000 0.770121
246.000000 0.772975
247.000000 0.775705
248.000000 0.778271
249.000000 0.780638
250.000000 0.782781
251.000000 0.784682
252.000000 0.786329
253.000000 0.787718
254.000000 0.788847
255.000000 0.789723
256.000000 0.790353
257.000000 0.790750
258.000000 0.790931
259.000000 0.790913
260.000000 0.790718
261.000000 0.790368
262.000000 0.789884
263.000000 0.789291
264.000000 0.788611
265.000000 0.787865
266.000000 0.787077
267.000000 0.786264
268.000000 0.785445
269.000000 0.784638
270.000000 0.783856
271.000000 0.783112
272.000000 0.782417
273.000000 0.781780
274.000000 0.781208
275.000000 0.780704
276.000000 0.780272
277.000000 0.779914
278.000000 0.779628
279.000000 0.779414
280.000000 0.779268
281.000000 0.779187
282.000000 0.779165
283.000000 0.779197
284.000000 0.779277
285.000000 0.779400
286.000000 0.779558
287.000000 0.779745
288.000000 0.779955
289.000000 0.780181
290.000000 0.780418
291.000000 0.780660
292.000000 0.780901
293.000000 0.781138
294.000000 0.781367
295.000000 0.781584
296.000000 0.781785
297.000000 0.781970
298.000000 0.782136
299.000000 0.782282
300.000000 0.782407
301.000000 0.782511
302.000000 0.782594
303.000000 0.782657
304.000000 0.782701
305.000000 0.782727
306.000000 0.782736
307.000000 0.782730
308.000000 0.782710
309.000000 0.782679
310.000000 0.782639
311.000000 0.782590
312.000000 0.782536
313.000000 0.782477
314.000000 0.782415
315.000000 0.782352
316.000000 0.782290
317.000000 0.782229
318.000000 0.782170
319.000000 0.782115
320.000000 0.782065
321.000000 0.782019
322.000000 0.781978
323.000000 0.781944
324.000000 0.781915
325.000000 0.781891
326.000000 0.781874
327.000000 0.781862
328.000000 0.781855
329.000000 0.781853
330.000000 0.781856
331.000000 0.781863
332.000000 0.781873
333.000000 0.781887
334.000000 0.781903
335.000000 0.781921
336.000000 0.781940
337.000000 0.781960
338.000000 0.781981
339.000000 0.782002
340.000000 0.782023
341.000000 0.782043
342.000000 0.782063
343.000000 0.782081
344.000000 0.782098
345.000000 0.782113
346.000000 0.782127
347.000000 0.782139
348.000000 0.782150
349.000000 0.782158
350.000000 0.782165
351.000000 0.782171
352.000000 0.782175
353.000000 0.782177
354.000000 0.782178
355.000000 0.782178
356.000000 0.782177
357.000000 0.782176
358.000000 0.782173
359.000000 0.782170
360.000000 0.782166
361.000000 0.782162
362.000000 0.782158
363.000000 0.782154
364.000000 0.782150
365.000000 0.782146
366.000000 0.782142
367.000000 0.782139
368.000000 0.782136
369.000000 0.782133
370.000000 0.782131
371.000000 0.782129
372.000000 0.782128
373.000000 0.782127
374.000000 0.782127
375.000000 0.782127
376.000000 0.782127
377.000000 0.782128
378.000000 0.782129
379.000000 0.782130
380.000000 0.782132
381.000000 0.782134
382.000000 0.782135
383.000000 0.782138
384.000000 0.782140
385.000000 0.782142
386.000000 0.782144
387.000000 0.782146
388.000000 0.782148
389.000000 0.782151
390.000000 0.782153
391.000000 0.782154
392.000000 0.782156
393.000000 0.782158
394.000000 0.782159
395.000000 0.782161
396.000000 0.782162
397.000000 0.782163
398.000000 0.782164
399.000000 0.782164
400.000000 0.782165
401.000000 0.782166
402.000000 0.882166
403.000000 0.982166
404.000000 1.077010
405.000000 1.083948
406.000000 1.090886
407.000000 1.097823
408.000000 1.104761
409.000000 1.111698
410.000000 1.118636
411.000000 1.125573
412.000000 1.132510
413.000000 1.135441
414.000000 1.130696
415.000000 1.118736
416.000000 1.103509
417.000000 1.088451
418.000000 1.073531
419.000000 1.058722
420.000000 1.043997
421.000000 1.029333
422.000000 1.014707
423.000000 1.000098
424.000000 0.985648
425.000000 0.971791
426.000000 0.959073
427.000000 0.947843
428.000000 0.938154
429.000000 0.929931
430.000000 0.923104
431.000000 0.917609
432.000000 0.913391
433.000000 0.910398
434.000000 0.908583
435.000000 0.907898
436.000000 0.908276
437.000000 0.909614
438.000000 0.911778
439.000000 0.914627
440.000000 0.918023
441.000000 0.921842
442.000000 0.925969
443.000000 0.930297
444.000000 0.934728
445.000000 0.939170
446.000000 0.943539
447.000000 0.947757
448.000000 0.951756
449.000000 0.955479
450.000000 0.958881
451.000000 0.961929
452.000000 0.964601
453.000000 0.966885
454.000000 0.968776
455.000000 0.970278
456.000000 0.971402
457.000000 0.972164
458.000000 0.972585
459.000000 0.972692
460.000000 0.972514
461.000000 0.972084
462.000000 0.971437
463.000000 0.970606
464.000000 0.969626
465.000000 0.968533
466.000000 0.967357
467.000000 0.966130
468.000000 0.964882
469.000000 0.963639
470.000000 0.962423
471.000000 0.961257
472.000000 0.960157
473.000000 0.959139
474.000000 0.958214
475.000000 0.957390
476.000000 0.956674
477.000000 0.956067
478.000000 0.955572
479.000000 0.955187
480.000000 0.954907
481.000000 0.954729
482.000000 0.954644
483.000000 0.954646
484.000000 0.954726
485.000000 0.954874
486.000000 0.955081
487.000000 0.955338
488.000000 0.955633
489.000000 0.955958
490.000000 0.956304
491.000000 0.956661
492.000000 0.957022
493.000000 0.957380
494.000000 0.957728
495.000000 0.958060
496.000000 0.958372
497.000000 0.958660
498.000000 0.958921
499.000000 0.959152
500.000000 0.959352
501.000000 0.959521
502.000000 0.959658
503.000000 0.959764
504.000000 0.959841
505.000000 0.959889
506.000000 0.959911
507.000000 0.959909
508.000000 0.959886
509.000000 0.959844
510.000000 0.959785
511.000000 0.959714
512.000000 0.959632
513.000000 0.959543
514.000000 0.959448
515.000000 0.959350
516.000000 0.959252
517.000000 0.959155
518.000000 0.959061
519.000000 0.958972
520.000000 0.958889
521.000000 0.958813
522.000000 0.958745
523.000000 0.958686
524.000000 0.958635
525.000000 0.958592
526.000000 0.958559
527.000000 0.958534
528.000000 0.958518
529.000000 0.958509
530.000000 0.958508
531.000000 0.958513
532.000000 0.958524
533.000000 0.958540
534.000000 0.958560
535.000000 0.958584
536.000000 0.958610
537.000000 0.958638
538.000000 0.958668
539.000000 0.958698
540.000000 0.958728
541.000000 0.958758
542.000000 0.958786
543.000000 0.958813
544.000000 0.958838
545.000000 0.958861
546.000000 0.958881
547.000000 0.958899
548.000000 0.958915
549.000000 0.958928
550.000000 0.958939
551.000000 0.958947
552.000000 0.958952
553.000000 0.958956
554.000000 0.958957
555.000000 0.958957
556.000000 0.958955
557.000000 0.958952
558.000000 0.958947
559.000000 0.958941
560.000000 0.958935
561.000000 0.958928
562.000000 0.958921
563.000000 0.958914
564.000000 0.958907
565.000000 0.958900
566.000000 0.958893
567.000000 0.958887
568.000000 0.958881
569.000000 0.958876
570.000000 0.958871
571.000000 0.958867
572.000000 0.958864
573.000000 0.958862
574.000000 0.958860
575.000000 0.958859
576.000000 0.958858
577.000000 0.958858
578.000000 0.958859
579.000000 0.958860
580.000000 0.958862
581.000000 0.958864
582.000000 0.958866
583.000000 0.958868
584.000000 0.958871
585.000000 0.958874
586.000000 0.958876
587.000000 0.958879
588.000000 0.958882
589.000000 0.958884
590.000000 0.958887
591.000000 0.958889
592.000000 0.958892
593.000000 0.958894
594.000000 0.958896
595.000000 0.958897
596.000000 0.958899
597.000000 0.958900
598.000000 0.958901
599.000000 0.958902
600.000000 0.958902
601.000000 0.958903
602.000000 0.958903
603.000000 0.958903
604.000000 0.958903
605.000000 0.958903
606.000000 0.958903
607.000000 0.958903
608.000000 0.958902
609.000000 0.958902
610.000000 0.958902
611.000000 0.958901
612.000000 0.958901
613.000000 0.958901
614.000000 0.958900
615.000000 0.958900
616.000000 0.958900
617.000000 0.958899
618.000000 0.958899
619.000000 0.958899
620.000000 0.958899
621.000000 0.958899
622.000000 0.958899
623.000000 0.958899
624.000000 0.958899
625.000000 0.958900
626.000000 0.958900
627.000000 0.958900
628.000000 0.958900
629.000000 0.958901
630.000000 0.958901
631.000000 0.958901
632.000000 0.958902
633.000000 0.958902
634.000000 0.958902
635.000000 0.958903
636.000000 0.958903
637.000000 0.958903
638.000000 0.958903
639.000000 0.958904
640.000000 0.958904
641.000000 0.958904
642.000000 0.958905
643.000000 0.958905
644.000000 0.958905
645.000000 0.958905
646.000000 0.958905
647.000000 0.958905
648.000000 0.958906
649.000000 0.958906
650.000000 0.958906
651.000000 0.958906
652.000000 0.958906
653.000000 0.958906
654.000000 0.958906
655.000000 0.958906
656.000000 0.958906
657.000000 0.958906
658.000000 0.958906
659.000000 0.958906
660.000000 0.958906
661.000000 0.958906
662.000000 0.958906
663.000000 0.958906
664.000000 0.958906
665.000000 0.958906
666.000000 0.958906
667.000000 0.958907
668.000000 0.958907
669.000000 0.958907
670.000000 0.958907
671.000000 0.958907
672.000000 0.958907
673.000000 0.958907
674.000000 0.958907
675.000000 0.958907
676.000000 0.958907
677.000000 0.958907
678.000000 0.958907
679.000000 0.958907
680.000000 0.958907
681.000000 0.958907
682.000000 0.958907
683.000000 0.958908
684.000000 0.958908
685.000000 0.958908
686.000000 0.958908
687.000000 0.958908
688.000000 0.958908
689.000000 0.958908
690.000000 0.958908
691.000000 0.958908
692.000000 0.958908
693.000000 0.958908
694.000000 0.958908
695.000000 0.958908
696.000000 0.958908
697.000000 0.958908
698.000000 0.958908
699.000000 0.958908
700.000000 0.958908
701.000000 0.958908
702.000000 1.058908
703.000000 1.158908
704.000000 1.200000
705.000000 1.200000
706.000000 1.200000
707.000000 1.200000
708.000000 1.200000
709.000000 1.200000
710.000000 1.200000
711.000000 1.200000
712.000000 1.200000
713.000000 1.200000
714.000000 1.200000
715.000000 1.200000
716.000000 1.200000
717.000000 1.200000
718.000000 1.200000
719.000000 1.200000
720.000000 1.200000
721.000000 1.200000
722.000000 1.200000
723.000000 1.200000
724.000000 1.200000
725.000000 1.200000
726.000000 1.200000
727.000000 1.197719
728.000000 1.191632
729.000000 1.185787
730.000000 1.180169
731.000000 1.174762
732.000000 1.169551
733.000000 1.164523
734.000000 1.159666
735.000000 1.154968
736.000000 1.150419
737.000000 1.146007
738.000000 1.141816
739.000000 1.138073
740.000000 1.134893
741.000000 1.132236
742.000000 1.130064
743.000000 1.128344
744.000000 1.127043
745.000000 1.126134
746.000000 1.125590
747.000000 1.125387
748.000000 1.125502
749.000000 1.125913
750.000000 1.126583
751.000000 1.127467
752.000000 1.128516
753.000000 1.129688
754.000000 1.130944
755.000000 1.132250
756.000000 1.133574
757.000000 1.134889
758.000000 1.136170
759.000000 1.137394
760.000000 1.138541
761.000000 1.139594
762.000000 1.140540
763.000000 1.141369
764.000000 1.142075
765.000000 1.142655
766.000000 1.143110
767.000000 1.143442
768.000000 1.143656
769.000000 1.143757
770.000000 1.143754
771.000000 1.143655
772.000000 1.143471
773.000000 1.143212
774.000000 1.142890
775.000000 1.142516
776.000000 1.142101
777.000000 1.141655
778.000000 1.141190
779.000000 1.140715
780.000000 1.140239
781.000000 1.139769
782.000000 1.139315
783.000000 1.138880
784.000000 1.138472
785.000000 1.138093
786.000000 1.137748
787.000000 1.137438
788.000000 1.137165
789.000000 1.136930
790.000000 1.136732
791.000000 1.136570
792.000000 1.136444
793.000000 1.136350
794.000000 1.136287
795.000000 1.136252
796.000000 1.136242
797.000000 1.136254
798.000000 1.136285
799.000000 1.136331
800.000000 1.136389
801.000000 1.136457
802.000000 1.136531
803.000000 1.136608
804.000000 1.136686
805.000000 1.136763
806.000000 1.136837
807.000000 1.136906
808.000000 1.136968
809.000000 1.137023
810.000000 1.137069
811.000000 1.137106
812.000000 1.137134
813.000000 1.137153
814.000000 1.137162
815.000000 1.137161
816.000000 1.137152
817.000000 1.137135
818.000000 1.137110
819.000000 1.137079
820.000000 1.137042
821.000000 1.136999
822.000000 1.136953
823.000000 1.136903
824.000000 1.136851
825.000000 1.136797
826.000000 1.136742
827.000000 1.136688
828.000000 1.136634
829.000000 1.136582
830.000000 1.136531
831.000000 1.136483
832.000000 1.136437
833.000000 1.136394
834.000000 1.136354
835.000000 1.136317
836.000000 1.136284
837.000000 1.136254
838.000000 1.136228
839.000000 1.136204
840.000000 1.136184
841.000000 1.136166
842.000000 1.136151
843.000000 1.136138
844.000000 1.136128
845.000000 1.136119
846.000000 1.136112
847.000000 1.136106
848.000000 1.136102
849.000000 1.136098
850.000000 1.136095
851.000000 1.136092
852.000000 1.136089
853.000000 1.136087
854.000000 1.136084
855.000000 1.136081
856.000000 1.136078
857.000000 1.136074
858.000000 1.136069
859.000000 1.136064
860.000000 1.136059
861.000000 1.136053
862.000000 1.136046
863.000000 1.136039
864.000000 1.136031
865.000000 1.136023
866.000000 1.136014
867.000000 1.136006
868.000000 1.135996
869.000000 1.135987
870.000000 1.135977
871.000000 1.135967
872.000000 1.135958
873.000000 1.135948
874.000000 1.135938
875.000000 1.135929
876.000000 1.135920
877.000000 1.135911
878.000000 1.135902
879.000000 1.135894
880.000000 1.135886
881.000000 1.135878
882.000000 1.135871
883.000000 1.135864
884.000000 1.135857
885.000000 1.135851
886.000000 1.135845
887.000000 1.135839
888.000000 1.135834
889.000000 1.135829
890.000000 1.135824
891.000000 1.135820
892.000000 1.135816
893.000000 1.135812
894.000000 1.135808
895.000000 1.135805
896.000000 1.135801
897.000000 1.135798
898.000000 1.135795
899.000000 1.135792
900.000000 1.135789
901.000000 1.135786
902.000000 1.135783
903.000000 1.135780
904.000000 1.135777
905.000000 1.135774
906.000000 1.135772
907.000000 1.135769
908.000000 1.135766
909.000000 1.135763
910.000000 1.135761
911.000000 1.135758
912.000000 1.135755
913.000000 1.135752
914.000000 1.135750
915.000000 1.135747
916.000000 1.135744
917.000000 1.135742
918.000000 1.135739
919.000000 1.135737
920.000000 1.135734
921.000000 1.135732
922.000000 1.135729
923.000000 1.135727
924.000000 1.135725
925.000000 1.135722
926.000000 1.135720
927.000000 1.135718
928.000000 1.135716
929.000000 1.135714
930.000000 1.135712
931.000000 1.135710
932.000000 1.135708
933.000000 1.135707
934.000000 1.135705
935.000000 1.135703
936.000000 1.135702
937.000000 1.135700
938.000000 1.135699
939.000000 1.135697
940.000000 1.135696
941.000000 1.135695
942.000000 1.135693
943.000000 1.135692
944.000000 1.135691
945.000000 1.135690
946.000000 1.135688
947.000000 1.135687
948.000000 1.135686
949.000000 1.135685
950.000000 1.135684
951.000000 1.135683
952.000000 1.135682
953.000000 1.135681
954.000000 1.135680
955.000000 1.135679
956.000000 1.135678
957.000000 1.135677
958.000000 1.135676
959.000000 1.135675
960.000000 1.135674
961.000000 1.135674
962.000000 1.135673
963.000000 1.135672
964.000000 1.135671
965.000000 1.135670
966.000000 1.135670
967.000000 1.135669
968.000000 1.135668
969.000000 1.135667
970.000000 1.135667
971.000000 1.135666
972.000000 1.135665
973.000000 1.135665
974.000000 1.135664
975.000000 1.135663
976.000000 1.135663
977.000000 1.135662
978.000000 1.135662
979.000000 1.135661
980.000000 1.135660
981.000000 1.135660
982.000000 1.135659
983.000000 1.135659
984.000000 1.135658
985.000000 1.135658
986.000000 1.135657
987.000000 1.135657
988.000000 1.135656
989.000000 1.135656
990.000000 1.135656
991.000000 1.135655
992.000000 1.135655
993.000000 1.135654
994.000000 1.135654
995.000000 1.135654
996.000000 1.135653
997.000000 1.135653
998.000000 1.135653
999.000000 1.135652
1000.000000 1.135652
