1.000000 3.000000
2.000000 3.000000
3.000000 3.000000
4.000000 3.000000
5.000000 3.000000
6.000000 3.000000
7.000000 3.000000
8.000000 3.000000
9.000000 3.000000
10.000000 3.000000
11.000000 3.000000
12.000000 3.000000
13.000000 3.000000
14.000000 3.000000
15.000000 3.000000
16.000000 3.000000
17.000000 3.000000
18.000000 3.000000
19.000000 3.000000
20.000000 3.000000
21.000000 3.000000
22.000000 2.999519
23.000000 2.997693
24.000000 2.993786
25.000000 2.987663
26.000000 2.979674
27.000000 2.970132
28.000000 2.959312
29.000000 2.947457
30.000000 2.934781
31.000000 2.921471
32.000000 2.907692
33.000000 2.893587
34.000000 2.879281
35.000000 2.864881
36.000000 2.850480
37.000000 2.836159
38.000000 2.821984
39.000000 2.808013
40.000000 2.794294
41.000000 2.780867
42.000000 2.767763
43.000000 2.755009
44.000000 2.742625
45.000000 2.730626
46.000000 2.719023
47.000000 2.707824
48.000000 2.697032
49.000000 2.686649
50.000000 2.676674
51.000000 2.667102
52.000000 2.657929
53.000000 2.649148
54.000000 2.640790
55.000000 2.632911
56.000000 2.625559
57.000000 2.618767
58.000000 2.612556
59.000000 2.606942
60.000000 2.601928
61.000000 2.597513
62.000000 2.593690
63.000000 2.590449
64.000000 2.587775
65.000000 2.585647
66.000000 2.584037
67.000000 2.582910
68.000000 2.582222
69.000000 2.581928
70.000000 2.581976
71.000000 2.582317
72.000000 2.582900
73.000000 2.583672
74.000000 2.584586
75.000000 2.585592
76.000000 2.586647
77.000000 2.587706
78.000000 2.588732
79.000000 2.589690
80.000000 2.590553
81.000000 2.591297
82.000000 2.591903
83.000000 2.592360
84.000000 2.592660
85.000000 2.592801
86.000000 2.592786
87.000000 2.592621
88.000000 2.592316
89.000000 2.591885
90.000000 2.591345
91.000000 2.590714
92.000000 2.590014
93.000000 2.589264
94.000000 2.588486
95.000000 2.587702
96.000000 2.586931
97.000000 2.586194
98.000000 2.585507
99.000000 2.584886
100.000000 2.584344
101.000000 2.583893
102.000000 2.583540
103.000000 2.583291
104.000000 2.583149
105.000000 2.583114
106.000000 2.583184
107.000000 2.583356
108.000000 2.583622
109.000000 2.583974
110.000000 2.584403
111.000000 2.584897
112.000000 2.585445
113.000000 2.586034
114.000000 2.586652
115.000000 2.587287
116.000000 2.587925
117.000000 2.588556
118.000000 2.589168
119.000000 2.589753
120.000000 2.590300
121.000000 2.590804
122.000000 2.591259
123.000000 2.591659
124.000000 2.592003
125.000000 2.592289
126.000000 2.592517
127.000000 2.592688
128.000000 2.592806
129.000000 2.592873
130.000000 2.592894
131.000000 2.592875
132.000000 2.592822
133.000000 2.592742
134.000000 2.592639
135.000000 2.592523
136.000000 2.592398
137.000000 2.592272
138.000000 2.592151
139.000000 2.592039
140.000000 2.591943
141.000000 2.591866
142.000000 2.591812
143.000000 2.591783
144.000000 2.591781
145.000000 2.591809
146.000000 2.591865
147.000000 2.591949
148.000000 2.592061
149.000000 2.592199
150.000000 2.592361
151.000000 2.592543
152.000000 2.592744
153.000000 2.592958
154.000000 2.593184
155.000000 2.593417
156.000000 2.593654
157.000000 2.593890
158.000000 2.594124
159.000000 2.594351
160.000000 2.594569
161.000000 2.594776
162.000000 2.594969
163.000000 2.595146
164.000000 2.595306
165.000000 2.595449
166.000000 2.595574
167.000000 2.595681
168.000000 2.595771
169.000000 2.595843
170.000000 2.595900
171.000000 2.595943
172.000000 2.595973
173.000000 2.595992
174.000000 2.596001
175.000000 2.596004
176.000000 2.596002
177.000000 2.595996
178.000000 2.595989
179.000000 2.595983
180.000000 2.595979
181.000000 2.595978
182.000000 2.595983
183.000000 2.595994
184.000000 2.596011
185.000000 2.596037
186.000000 2.596070
187.000000 2.596111
188.000000 2.596160
189.000000 2.596216
190.000000 2.596280
191.000000 2.596351
192.000000 2.596427
193.000000 2.596508
194.000000 2.596594
195.000000 2.596682
196.000000 2.596772
197.000000 2.596863
198.000000 2.596953
199.000000 2.597043
200.000000 2.597130
201.000000 2.597215
202.000000 2.597295
203.000000 2.597372
204.000000 2.597443
205.000000 2.597510
206.000000 2.597571
207.000000 2.597626
208.000000 2.597676
209.000000 2.597720
210.000000 2.597759
211.000000 2.597793
212.000000 2.598303
213.000000 2.600155
214.000000 2.603873
215.000000 2.609448
216.000000 2.616624
217.000000 2.625175
218.000000 2.634899
219.000000 2.645616
220.000000 2.657166
221.000000 2.669410
222.000000 2.682223
223.000000 2.695466
224.000000 2.708941
225.000000 2.722384
226.000000 2.735524
227.000000 2.748122
228.000000 2.759984
229.000000 2.770952
230.000000 2.780899
231.000000 2.789730
232.000000 2.797370
233.000000 2.803769
234.000000 2.808892
235.000000 2.812730
236.000000 2.815300
237.000000 2.816651
238.000000 2.816859
239.000000 2.816023
240.000000 2.814259
241.000000 2.811691
242.000000 2.808457
243.000000 2.804693
244.000000 2.800541
245.000000 2.796141
246.000000 2.791631
247.000000 2.787140
248.000000 2.782794
249.000000 2.778702
250.000000 2.774963
251.000000 2.771658
252.000000 2.768854
253.000000 2.766599
254.000000 2.764928
255.000000 2.763855
256.000000 2.763384
257.000000 2.763499
258.000000 2.764175
259.000000 2.765372
260.000000 2.767041
261.000000 2.769122
262.000000 2.771550
263.000000 2.774257
264.000000 2.777168
265.000000 2.780210
266.000000 2.783311
267.000000 2.786399
268.000000 2.789410
269.000000 2.792281
270.000000 2.794959
271.000000 2.797397
272.000000 2.799557
273.000000 2.801407
274.000000 2.802928
275.000000 2.804106
276.000000 2.804938
277.000000 2.805427
278.000000 2.805587
279.000000 2.805436
280.000000 2.804999
281.000000 2.804306
282.000000 2.803392
283.000000 2.802293
284.000000 2.801051
285.000000 2.799704
286.000000 2.798294
287.000000 2.796860
288.000000 2.795441
289.000000 2.794070
290.000000 2.792781
291.000000 2.791601
292.000000 2.790554
293.000000 2.789660
294.000000 2.788933
295.000000 2.788383
296.000000 2.788014
297.000000 2.787827
298.000000 2.787819
299.000000 2.787980
300.000000 2.788300
301.000000 2.788764
302.000000 2.789354
303.000000 2.790052
304.000000 2.790836
305.000000 2.791685
306.000000 2.792577
307.000000 2.793491
308.000000 2.794405
309.000000 2.795300
310.000000 2.796157
311.000000 2.796960
312.000000 2.797696
313.000000 2.798351
314.000000 2.798917
315.000000 2.799388
316.000000 2.799759
317.000000 2.800028
318.000000 2.800198
319.000000 2.800270
320.000000 2.800251
321.000000 2.800147
322.000000 2.799967
323.000000 2.799720
324.000000 2.799419
325.000000 2.799074
326.000000 2.798698
327.000000 2.798301
328.000000 2.797897
329.000000 2.797495
330.000000 2.797106
331.000000 2.796741
332.000000 2.796407
333.000000 2.796111
334.000000 2.795860
335.000000 2.795657
336.000000 2.795505
337.000000 2.795407
338.000000 2.795363
339.000000 2.795370
340.000000 2.795428
341.000000 2.795533
342.000000 2.795681
343.000000 2.795866
344.000000 2.796083
345.000000 2.796326
346.000000 2.796589
347.000000 2.796865
348.000000 2.797148
349.000000 2.797431
350.000000 2.797710
351.000000 2.797977
352.000000 2.798229
353.000000 2.798461
354.000000 2.798670
355.000000 2.798853
356.000000 2.799007
357.000000 2.799132
358.000000 2.799228
359.000000 2.799293
360.000000 2.799330
361.000000 2.799339
362.000000 2.799323
363.000000 2.799284
364.000000 2.799225
365.000000 2.799150
366.000000 2.799061
367.000000 2.798962
368.000000 2.798856
369.000000 2.798748
370.000000 2.798640
371.000000 2.798536
372.000000 2.798438
373.000000 2.798348
374.000000 2.798270
375.000000 2.798204
376.000000 2.798153
377.000000 2.798116
378.000000 2.798094
379.000000 2.798089
380.000000 2.798098
381.000000 2.798123
382.000000 2.798161
383.000000 2.798211
384.000000 2.798273
385.000000 2.798344
386.000000 2.798423
387.000000 2.798508
388.000000 2.798597
389.000000 2.798687
390.000000 2.798778
391.000000 2.798868
392.000000 2.798954
393.000000 2.799036
394.000000 2.799113
395.000000 2.799182
396.000000 2.799243
397.000000 2.799296
398.000000 2.799341
399.000000 2.799376
400.000000 2.799403
401.000000 2.799421
402.000000 2.799431
403.000000 2.799433
404.000000 2.799429
405.000000 2.799418
406.000000 2.799402
407.000000 2.799382
408.000000 2.799359
409.000000 2.799334
410.000000 2.799307
411.000000 2.799281
412.000000 2.799736
413.000000 2.801537
414.000000 2.805419
415.000000 2.811957
416.000000 2.821185
417.000000 2.832730
418.000000 2.846259
419.000000 2.861478
420.000000 2.878090
421.000000 2.895804
422.000000 2.914365
423.000000 2.933548
424.000000 2.953159
425.000000 2.972981
426.000000 2.992685
427.000000 3.011876
428.000000 3.030206
429.000000 3.047391
430.000000 3.063201
431.000000 3.077455
432.000000 3.090022
433.000000 3.100809
434.000000 3.109759
435.000000 3.116845
436.000000 3.122068
437.000000 3.125460
438.000000 3.127098
439.000000 3.127098
440.000000 3.125608
441.000000 3.122800
442.000000 3.118863
443.000000 3.113998
444.000000 3.108410
445.000000 3.102303
446.000000 3.095881
447.000000 3.089341
448.000000 3.082869
449.000000 3.076640
450.000000 3.070812
451.000000 3.065521
452.000000 3.060882
453.000000 3.056985
454.000000 3.053897
455.000000 3.051660
456.000000 3.050293
457.000000 3.049791
458.000000 3.050132
459.000000 3.051271
460.000000 3.053149
461.000000 3.055689
462.000000 3.058806
463.000000 3.062401
464.000000 3.066374
465.000000 3.070618
466.000000 3.075025
467.000000 3.079492
468.000000 3.083918
469.000000 3.088208
470.000000 3.092277
471.000000 3.096048
472.000000 3.099457
473.000000 3.102450
474.000000 3.104987
475.000000 3.107040
476.000000 3.108594
477.000000 3.109647
478.000000 3.110207
479.000000 3.110295
480.000000 3.109940
481.000000 3.109181
482.000000 3.108062
483.000000 3.106636
484.000000 3.104956
485.000000 3.103082
486.000000 3.101071
487.000000 3.098983
488.000000 3.096874
489.000000 3.094798
490.000000 3.092806
491.000000 3.090942
492.000000 3.089246
493.000000 3.087751
494.000000 3.086482
495.000000 3.085460
496.000000 3.084698
497.000000 3.084199
498.000000 3.083965
499.000000 3.083986
500.000000 3.084251
501.000000 3.084741
502.000000 3.085435
503.000000 3.086306
504.000000 3.087325
505.000000 3.088464
506.000000 3.089689
507.000000 3.090969
508.000000 3.092274
509.000000 3.093573
510.000000 3.094837
511.000000 3.096041
512.000000 3.097162
513.000000 3.098181
514.000000 3.099080
515.000000 3.099848
516.000000 3.100476
517.000000 3.100958
518.000000 3.101295
519.000000 3.101487
520.000000 3.101540
521.000000 3.101463
522.000000 3.101266
523.000000 3.100962
524.000000 3.100567
525.000000 3.100096
526.000000 3.099566
527.000000 3.098995
528.000000 3.098399
529.000000 3.097796
530.000000 3.097200
531.000000 3.096628
532.000000 3.096093
533.000000 3.095605
534.000000 3.095176
535.000000 3.094813
536.000000 3.094521
537.000000 3.094306
538.000000 3.094168
539.000000 3.094108
540.000000 3.094123
541.000000 3.094210
542.000000 3.094365
543.000000 3.094579
544.000000 3.094847
545.000000 3.095159
546.000000 3.095506
547.000000 3.095881
548.000000 3.096272
549.000000 3.096671
550.000000 3.097069
551.000000 3.097458
552.000000 3.097830
553.000000 3.098178
554.000000 3.098496
555.000000 3.098779
556.000000 3.099024
557.000000 3.099228
558.000000 3.099389
559.000000 3.099506
560.000000 3.099581
561.000000 3.099615
562.000000 3.099610
563.000000 3.099569
564.000000 3.099496
565.000000 3.099395
566.000000 3.099272
567.000000 3.099130
568.000000 3.098975
569.000000 3.098813
570.000000 3.098647
571.000000 3.098483
572.000000 3.098326
573.000000 3.098178
574.000000 3.098044
575.000000 3.097927
576.000000 3.097829
577.000000 3.097752
578.000000 3.097696
579.000000 3.097664
580.000000 3.097654
581.000000 3.097666
582.000000 3.097699
583.000000 3.097752
584.000000 3.097823
585.000000 3.097909
586.000000 3.098009
587.000000 3.098119
588.000000 3.098238
589.000000 3.098361
590.000000 3.098487
591.000000 3.098613
592.000000 3.098736
593.000000 3.098854
594.000000 3.098966
595.000000 3.099068
596.000000 3.099161
597.000000 3.099242
598.000000 3.099311
599.000000 3.099367
600.000000 3.099410
601.000000 3.099441
602.000000 3.099459
603.000000 3.099466
604.000000 3.099462
605.000000 3.099448
606.000000 3.099426
607.000000 3.099397
608.000000 3.099362
609.000000 3.099323
610.000000 3.099282
611.000000 3.099240
612.000000 3.099197
613.000000 3.099157
614.000000 3.099119
615.000000 3.099085
616.000000 3.099055
617.000000 3.099031
618.000000 3.099013
619.000000 3.099002
620.000000 3.098997
621.000000 3.098998
622.000000 3.099006
623.000000 3.099020
624.000000 3.099040
625.000000 3.099065
626.000000 3.099095
627.000000 3.099129
628.000000 3.099166
629.000000 3.099205
630.000000 3.099245
631.000000 3.099287
632.000000 3.099328
633.000000 3.099369
634.000000 3.099408
635.000000 3.099445
636.000000 3.099480
637.000000 3.099511
638.000000 3.099539
639.000000 3.099564
640.000000 3.099585
641.000000 3.099602
642.000000 3.099615
643.000000 3.099624
644.000000 3.099630
645.000000 3.099633
646.000000 3.099632
647.000000 3.099629
648.000000 3.099624
649.000000 3.099618
650.000000 3.099610
651.000000 3.099601
652.000000 3.099591
653.000000 3.099582
654.000000 3.099573
655.000000 3.099565
656.000000 3.099557
657.000000 3.099551
658.000000 3.099547
659.000000 3.099544
660.000000 3.099543
661.000000 3.099544
662.000000 3.099547
663.000000 3.099552
664.000000 3.099559
665.000000 3.099567
666.000000 3.099576
667.000000 3.099588
668.000000 3.099600
669.000000 3.099613
670.000000 3.099627
671.000000 3.099641
672.000000 3.099655
673.000000 3.099670
674.000000 3.099684
675.000000 3.099697
676.000000 3.099710
677.000000 3.099723
678.000000 3.099734
679.000000 3.099745
680.000000 3.099754
681.000000 3.099762
682.000000 3.099769
683.000000 3.099775
684.000000 3.099780
685.000000 3.099783
686.000000 3.099786
687.000000 3.099788
688.000000 3.099789
689.000000 3.099789
690.000000 3.099789
691.000000 3.099788
692.000000 3.099787
693.000000 3.099786
694.000000 3.099784
695.000000 3.099783
696.000000 3.099782
697.000000 3.099782
698.000000 3.099781
699.000000 3.099781
700.000000 3.099782
701.000000 3.099783
702.000000 3.099785
703.000000 3.099787
704.000000 3.099789
705.000000 3.099793
706.000000 3.099796
707.000000 3.099800
708.000000 3.099805
709.000000 3.099809
710.000000 3.099814
711.000000 3.099820
712.000000 3.100306
713.000000 3.102138
714.000000 3.105767
715.000000 3.111103
716.000000 3.117871
717.000000 3.125830
718.000000 3.134764
719.000000 3.144484
720.000000 3.154825
721.000000 3.165639
722.000000 3.176799
723.000000 3.188194
724.000000 3.199728
725.000000 3.211316
726.000000 3.222888
727.000000 3.234381
728.000000 3.245744
729.000000 3.256932
730.000000 3.267909
731.000000 3.278644
732.000000 3.289113
733.000000 3.299296
734.000000 3.309178
735.000000 3.318747
736.000000 3.327996
737.000000 3.336920
738.000000 3.345496
739.000000 3.353666
740.000000 3.361361
741.000000 3.368529
742.000000 3.375133
743.000000 3.381147
744.000000 3.386554
745.000000 3.391348
746.000000 3.395529
747.000000 3.399103
748.000000 3.402081
749.000000 3.404479
750.000000 3.406321
751.000000 3.407640
752.000000 3.408478
753.000000 3.408882
754.000000 3.408904
755.000000 3.408597
756.000000 3.408018
757.000000 3.407222
758.000000 3.406261
759.000000 3.405190
760.000000 3.404059
761.000000 3.402915
762.000000 3.401802
763.000000 3.400758
764.000000 3.399818
765.000000 3.399008
766.000000 3.398351
767.000000 3.397862
768.000000 3.397551
769.000000 3.397422
770.000000 3.397474
771.000000 3.397701
772.000000 3.398092
773.000000 3.398633
774.000000 3.399307
775.000000 3.400093
776.000000 3.400968
777.000000 3.401910
778.000000 3.402893
779.000000 3.403895
780.000000 3.404891
781.000000 3.405860
782.000000 3.406780
783.000000 3.407633
784.000000 3.408404
785.000000 3.409078
786.000000 3.409645
787.000000 3.410098
788.000000 3.410432
789.000000 3.410644
790.000000 3.410737
791.000000 3.410714
792.000000 3.410581
793.000000 3.410347
794.000000 3.410021
795.000000 3.409616
796.000000 3.409143
797.000000 3.408617
798.000000 3.408052
799.000000 3.407462
800.000000 3.406860
801.000000 3.406259
802.000000 3.405673
803.000000 3.405112
804.000000 3.404587
805.000000 3.404107
806.000000 3.403677
807.000000 3.403305
808.000000 3.402993
809.000000 3.402744
810.000000 3.402559
811.000000 3.402436
812.000000 3.402374
813.000000 3.402368
814.000000 3.402414
815.000000 3.402506
816.000000 3.402638
817.000000 3.402803
818.000000 3.402993
819.000000 3.403201
820.000000 3.403420
821.000000 3.403642
822.000000 3.403861
823.000000 3.404070
824.000000 3.404263
825.000000 3.404435
826.000000 3.404582
827.000000 3.404701
828.000000 3.404789
829.000000 3.404844
830.000000 3.404865
831.000000 3.404854
832.000000 3.404809
833.000000 3.404735
834.000000 3.404631
835.000000 3.404502
836.000000 3.404351
837.000000 3.404180
838.000000 3.403995
839.000000 3.403799
840.000000 3.403596
841.000000 3.403390
842.000000 3.403186
843.000000 3.402986
844.000000 3.402794
845.000000 3.402613
846.000000 3.402445
847.000000 3.402294
848.000000 3.402159
849.000000 3.402043
850.000000 3.401946
851.000000 3.401868
852.000000 3.401809
853.000000 3.401769
854.000000 3.401746
855.000000 3.401739
856.000000 3.401746
857.000000 3.401765
858.000000 3.401795
859.000000 3.401833
860.000000 3.401877
861.000000 3.401924
862.000000 3.401973
863.000000 3.402022
864.000000 3.402068
865.000000 3.402110
866.000000 3.402147
867.000000 3.402176
868.000000 3.402198
869.000000 3.402210
870.000000 3.402214
871.000000 3.402208
872.000000 3.402192
873.000000 3.402167
874.000000 3.402134
875.000000 3.402092
876.000000 3.402042
877.000000 3.401986
878.000000 3.401925
879.000000 3.401859
880.000000 3.401791
881.000000 3.401720
882.000000 3.401648
883.000000 3.401577
884.000000 3.401508
885.000000 3.401441
886.000000 3.401377
887.000000 3.401317
888.000000 3.401262
889.000000 3.401212
890.000000 3.401168
891.000000 3.401129
892.000000 3.401097
893.000000 3.401070
894.000000 3.401048
895.000000 3.401032
896.000000 3.401021
897.000000 3.401014
898.000000 3.401011
899.000000 3.401012
900.000000 3.401015
901.000000 3.401019
902.000000 3.401026
903.000000 3.401032
904.000000 3.401039
905.000000 3.401046
906.000000 3.401051
907.000000 3.401055
908.000000 3.401057
909.000000 3.401056
910.000000 3.401054
911.000000 3.401048
912.000000 3.401040
913.000000 3.401030
914.000000 3.401016
915.000000 3.401000
916.000000 3.400982
917.000000 3.400962
918.000000 3.400940
919.000000 3.400916
920.000000 3.400891
921.000000 3.400865
922.000000 3.400839
923.000000 3.400812
924.000000 3.400786
925.000000 3.400760
926.000000 3.400735
927.000000 3.400711
928.000000 3.400689
929.000000 3.400667
930.000000 3.400648
931.000000 3.400630
932.000000 3.400614
933.000000 3.400599
934.000000 3.400586
935.000000 3.400576
936.000000 3.400566
937.000000 3.400559
938.000000 3.400552
939.000000 3.400547
940.000000 3.400543
941.000000 3.400540
942.000000 3.400537
943.000000 3.400535
944.000000 3.400533
945.000000 3.400531
946.000000 3.400529
947.000000 3.400527
948.000000 3.400525
949.000000 3.400522
950.000000 3.400519
951.000000 3.400514
952.000000 3.400510
953.000000 3.400504
954.000000 3.400498
955.000000 3.400491
956.000000 3.400483
957.000000 3.400475
958.000000 3.400466
959.000000 3.400456
960.000000 3.400446
961.000000 3.400436
962.000000 3.400426
963.000000 3.400415
964.000000 3.400405
965.000000 3.400394
966.000000 3.400384
967.000000 3.400374
968.000000 3.400364
969.000000 3.400355
970.000000 3.400346
971.000000 3.400338
972.000000 3.400330
973.000000 3.400323
974.000000 3.400316
975.000000 3.400310
976.000000 3.400305
977.000000 3.400300
978.000000 3.400295
979.000000 3.400291
980.000000 3.400287
981.000000 3.400284
982.000000 3.400281
983.000000 3.400278
984.000000 3.400276
985.000000 3.400273
986.000000 3.400271
987.000000 3.400268
988.000000 3.400266
989.000000 3.400263
990.000000 3.400261
991.000000 3.400258
992.000000 3.400255
993.000000 3.400252
994.000000 3.400249
995.000000 3.400245
996.000000 3.400241
997.000000 3.400238
998.000000 3.400234
999.000000 3.400229
1000.000000 3.400225
