1.000000 3.000000
2.000000 3.000000
3.000000 3.000000
4.000000 3.000000
5.000000 3.000000
6.000000 3.000000
7.000000 3.000000
8.000000 3.000000
9.000000 3.000000
10.000000 3.000000
11.000000 3.000000
12.000000 3.000000
13.000000 3.000000
14.000000 3.000000
15.000000 3.000000
16.000000 3.000000
17.000000 3.000000
18.000000 3.000000
19.000000 3.000000
20.000000 3.000000
21.000000 3.001442
22.000000 3.005480
23.000000 3.011720
24.000000 3.019812
25.000000 3.029445
26.000000 3.040346
27.000000 3.052272
28.000000 3.065010
29.000000 3.078375
30.000000 3.092202
31.000000 3.106348
32.000000 3.120690
33.000000 3.135121
34.000000 3.149547
35.000000 3.163891
36.000000 3.178085
37.000000 3.192071
38.000000 3.205804
39.000000 3.219242
40.000000 3.232354
41.000000 3.245115
42.000000 3.257504
43.000000 3.269507
44.000000 3.281112
45.000000 3.292312
46.000000 3.303104
47.000000 3.313487
48.000000 3.323461
49.000000 3.333031
50.000000 3.342202
51.000000 3.350980
52.000000 3.359373
53.000000 3.367390
54.000000 3.375040
55.000000 3.382335
56.000000 3.389284
57.000000 3.395899
58.000000 3.402192
59.000000 3.408173
60.000000 3.413854
61.000000 3.419248
62.000000 3.424365
63.000000 3.429217
64.000000 3.433815
65.000000 3.438170
66.000000 3.442293
67.000000 3.446195
68.000000 3.449885
69.000000 3.453374
70.000000 3.456671
71.000000 3.459786
72.000000 3.462727
73.000000 3.465503
74.000000 3.468123
75.000000 3.470594
76.000000 3.472925
77.000000 3.475121
78.000000 3.477191
79.000000 3.479142
80.000000 3.480979
81.000000 3.482708
82.000000 3.484337
83.000000 3.485869
84.000000 3.487310
85.000000 3.488667
86.000000 3.489942
87.000000 3.491141
88.000000 3.492268
89.000000 3.493327
90.000000 3.494323
91.000000 3.495258
92.000000 3.496136
93.000000 3.496961
94.000000 3.497735
95.000000 3.498462
96.000000 3.499144
97.000000 3.499785
98.000000 3.500385
99.000000 3.500949
100.000000 3.501478
101.000000 3.501973
102.000000 3.502438
103.000000 3.502874
104.000000 3.503283
105.000000 3.503666
106.000000 3.504025
107.000000 3.504361
108.000000 3.504676
109.000000 3.504971
110.000000 3.505248
111.000000 3.505507
112.000000 3.505749
113.000000 3.505976
114.000000 3.506189
115.000000 3.506388
116.000000 3.506575
117.000000 3.506749
118.000000 3.506912
119.000000 3.507065
120.000000 3.507208
121.000000 3.507342
122.000000 3.507467
123.000000 3.507584
124.000000 3.507694
125.000000 3.507796
126.000000 3.507892
127.000000 3.507982
128.000000 3.508065
129.000000 3.508144
130.000000 3.508217
131.000000 3.508285
132.000000 3.508349
133.000000 3.508409
134.000000 3.508465
135.000000 3.508517
136.000000 3.508566
137.000000 3.508612
138.000000 3.508655
139.000000 3.508694
140.000000 3.508732
141.000000 3.508767
142.000000 3.508799
143.000000 3.508829
144.000000 3.508858
145.000000 3.508884
146.000000 3.508909
147.000000 3.508932
148.000000 3.508954
149.000000 3.508974
150.000000 3.508993
