1.000000 3.000000
2.000000 3.000000
3.000000 3.000000
4.000000 3.000000
5.000000 3.000000
6.000000 3.000000
7.000000 3.000000
8.000000 3.000000
9.000000 3.000000
10.000000 3.000000
11.000000 3.000000
12.000000 3.000000
13.000000 3.000000
14.000000 3.000000
15.000000 3.000000
16.000000 3.000000
17.000000 3.000000
18.000000 3.000000
19.000000 3.000000
20.000000 3.000000
21.000000 2.999519
22.000000 2.998173
23.000000 2.996093
24.000000 2.993396
25.000000 2.990185
26.000000 2.986551
27.000000 2.982576
28.000000 2.978330
29.000000 2.973875
30.000000 2.969266
31.000000 2.964551
32.000000 2.959770
33.000000 2.954960
34.000000 2.950151
35.000000 2.945370
36.000000 2.940638
37.000000 2.935976
38.000000 2.931399
39.000000 2.926919
40.000000 2.922549
41.000000 2.918295
42.000000 2.914165
43.000000 2.910164
44.000000 2.906296
45.000000 2.902563
46.000000 2.898965
47.000000 2.895504
48.000000 2.892180
49.000000 2.888990
50.000000 2.885933
51.000000 2.883007
52.000000 2.880209
53.000000 2.877537
54.000000 2.874987
55.000000 2.872555
56.000000 2.870239
57.000000 2.868034
58.000000 2.865936
59.000000 2.863942
60.000000 2.862049
61.000000 2.860251
62.000000 2.858545
63.000000 2.856928
64.000000 2.855395
65.000000 2.853943
66.000000 2.852569
67.000000 2.851268
68.000000 2.850038
69.000000 2.848875
70.000000 2.847776
71.000000 2.846738
72.000000 2.845758
73.000000 2.844832
74.000000 2.843959
75.000000 2.843135
76.000000 2.842358
77.000000 2.841626
78.000000 2.840936
79.000000 2.840286
80.000000 2.839674
81.000000 2.839097
82.000000 2.838554
83.000000 2.838044
84.000000 2.837563
85.000000 2.837111
86.000000 2.836686
87.000000 2.836286
88.000000 2.835911
89.000000 2.835558
90.000000 2.835226
91.000000 2.834914
92.000000 2.834621
93.000000 2.834346
94.000000 2.834088
95.000000 2.833846
96.000000 2.833619
97.000000 2.833405
98.000000 2.833205
99.000000 2.833017
100.000000 2.832841
101.000000 2.832676
102.000000 2.832521
103.000000 2.832375
104.000000 2.832239
105.000000 2.832111
106.000000 2.831992
107.000000 2.831880
108.000000 2.831775
109.000000 2.831676
110.000000 2.831584
111.000000 2.831498
112.000000 2.831417
113.000000 2.831341
114.000000 2.831270
115.000000 2.831204
116.000000 2.831142
117.000000 2.831084
118.000000 2.831029
119.000000 2.830978
120.000000 2.830931
121.000000 2.830886
122.000000 2.830844
123.000000 2.830805
124.000000 2.830769
125.000000 2.830735
126.000000 2.830703
127.000000 2.830673
128.000000 2.830645
129.000000 2.830619
130.000000 2.830594
131.000000 2.830572
132.000000 2.830550
133.000000 2.830530
134.000000 2.830512
135.000000 2.830494
136.000000 2.830478
137.000000 2.830463
138.000000 2.830448
139.000000 2.830435
140.000000 2.830423
141.000000 2.830411
142.000000 2.830400
143.000000 2.830390
144.000000 2.830381
145.000000 2.830372
146.000000 2.830364
147.000000 2.830356
148.000000 2.830349
149.000000 2.830342
150.000000 2.830336
