1.000000 3.000000
2.000000 3.000000
3.000000 3.000000
4.000000 3.000000
5.000000 3.000000
6.000000 3.000000
7.000000 3.000000
8.000000 3.000000
9.000000 3.000000
10.000000 3.000000
11.000000 3.000000
12.000000 3.000000
13.000000 3.000000
14.000000 3.000000
15.000000 3.000000
16.000000 3.000000
17.000000 3.000000
18.000000 3.000000
19.000000 3.000000
20.000000 3.000000
21.000000 3.000481
22.000000 3.001827
23.000000 3.003907
24.000000 3.006604
25.000000 3.009815
26.000000 3.013449
27.000000 3.017424
28.000000 3.021670
29.000000 3.026125
30.000000 3.030734
31.000000 3.035449
32.000000 3.040230
33.000000 3.045040
34.000000 3.049849
35.000000 3.054630
36.000000 3.059362
37.000000 3.064024
38.000000 3.068601
39.000000 3.073081
40.000000 3.077451
41.000000 3.081705
42.000000 3.085835
43.000000 3.089836
44.000000 3.093704
45.000000 3.097437
46.000000 3.101035
47.000000 3.104496
48.000000 3.107820
49.000000 3.111010
50.000000 3.114067
51.000000 3.116993
52.000000 3.119791
53.000000 3.122463
54.000000 3.125013
55.000000 3.127445
56.000000 3.129761
57.000000 3.131966
58.000000 3.134064
59.000000 3.136058
60.000000 3.137951
61.000000 3.139749
62.000000 3.141455
63.000000 3.143072
64.000000 3.144605
65.000000 3.146057
66.000000 3.147431
67.000000 3.148732
68.000000 3.149962
69.000000 3.151125
70.000000 3.152224
71.000000 3.153262
72.000000 3.154242
73.000000 3.155168
74.000000 3.156041
75.000000 3.156865
76.000000 3.157642
77.000000 3.158374
78.000000 3.159064
79.000000 3.159714
80.000000 3.160326
81.000000 3.160903
82.000000 3.161446
83.000000 3.161956
84.000000 3.162437
85.000000 3.162889
86.000000 3.163314
87.000000 3.163714
88.000000 3.164089
89.000000 3.164442
90.000000 3.164774
91.000000 3.165086
92.000000 3.165379
93.000000 3.165654
94.000000 3.165912
95.000000 3.166154
96.000000 3.166381
97.000000 3.166595
98.000000 3.166795
99.000000 3.166983
100.000000 3.167159
101.000000 3.167324
102.000000 3.167479
103.000000 3.167625
104.000000 3.167761
105.000000 3.167889
106.000000 3.168008
107.000000 3.168120
108.000000 3.168225
109.000000 3.168324
110.000000 3.168416
111.000000 3.168502
112.000000 3.168583
113.000000 3.168659
114.000000 3.168730
115.000000 3.168796
116.000000 3.168858
117.000000 3.168916
118.000000 3.168971
119.000000 3.169022
120.000000 3.169069
121.000000 3.169114
122.000000 3.169156
123.000000 3.169195
124.000000 3.169231
125.000000 3.169265
126.000000 3.169297
127.000000 3.169327
128.000000 3.169355
129.000000 3.169381
130.000000 3.169406
131.000000 3.169428
132.000000 3.169450
133.000000 3.169470
134.000000 3.169488
135.000000 3.169506
136.000000 3.169522
137.000000 3.169537
138.000000 3.169552
139.000000 3.169565
140.000000 3.169577
141.000000 3.169589
142.000000 3.169600
143.000000 3.169610
144.000000 3.169619
145.000000 3.169628
146.000000 3.169636
147.000000 3.169644
148.000000 3.169651
149.000000 3.169658
150.000000 3.169664
