1.000000 0.900000
2.000000 0.900000
3.000000 0.900000
4.000000 0.900000
5.000000 0.900000
6.000000 0.900000
7.000000 0.900000
8.000000 0.900000
9.000000 0.900000
10.000000 0.900000
11.000000 0.900000
12.000000 0.900000
13.000000 0.900000
14.000000 0.900000
15.000000 0.900000
16.000000 0.900000
17.000000 0.900000
18.000000 0.900000
19.000000 0.900000
20.000000 0.900000
21.000000 0.900000
22.000000 0.900000
23.000000 0.900000
24.000000 0.900000
25.000000 0.900000
26.000000 0.900000
27.000000 0.900000
28.000000 0.900000
29.000000 0.900000
30.000000 0.900000
31.000000 0.900000
32.000000 0.900000
33.000000 0.900000
34.000000 0.900000
35.000000 0.900000
36.000000 0.900000
37.000000 0.900000
38.000000 0.900000
39.000000 0.900000
40.000000 0.900000
41.000000 0.900000
42.000000 0.900000
43.000000 0.900000
44.000000 0.900000
45.000000 0.900000
46.000000 0.900000
47.000000 0.900000
48.000000 0.900000
49.000000 0.900000
50.000000 0.900000
51.000000 0.900000
52.000000 0.900000
53.000000 0.900000
54.000000 0.900000
55.000000 0.900000
56.000000 0.900000
57.000000 0.900000
58.000000 0.900000
59.000000 0.900000
60.000000 0.900000
61.000000 0.900000
62.000000 0.900000
63.000000 0.900000
64.000000 0.900000
65.000000 0.900000
66.000000 0.900000
67.000000 0.900000
68.000000 0.900000
69.000000 0.900000
70.000000 0.900000
71.000000 0.900000
72.000000 0.900000
73.000000 0.900000
74.000000 0.900000
75.000000 0.900000
76.000000 0.900000
77.000000 0.900000
78.000000 0.900000
79.000000 0.900000
80.000000 0.900000
81.000000 0.900000
82.000000 0.900000
83.000000 0.900000
84.000000 0.900000
85.000000 0.900000
86.000000 0.900000
87.000000 0.900000
88.000000 0.900000
89.000000 0.900000
90.000000 0.900000
91.000000 0.900000
92.000000 0.900000
93.000000 0.900000
94.000000 0.900000
95.000000 0.900000
96.000000 0.900000
97.000000 0.900000
98.000000 0.900000
99.000000 0.900000
100.000000 0.900000
101.000000 0.900000
102.000000 0.900000
103.000000 0.900000
104.000000 0.900000
105.000000 0.900000
106.000000 0.900000
107.000000 0.900000
108.000000 0.900000
109.000000 0.900000
110.000000 0.900000
111.000000 0.900000
112.000000 0.900000
113.000000 0.900000
114.000000 0.900000
115.000000 0.900000
116.000000 0.900000
117.000000 0.900000
118.000000 0.900000
119.000000 0.900000
120.000000 0.900000
121.000000 0.900000
122.000000 0.900000
123.000000 0.900000
124.000000 0.900000
125.000000 0.900000
126.000000 0.900000
127.000000 0.900000
128.000000 0.900000
129.000000 0.900000
130.000000 0.900000
131.000000 0.900000
132.000000 0.900000
133.000000 0.900000
134.000000 0.900000
135.000000 0.900000
136.000000 0.900000
137.000000 0.900000
138.000000 0.900000
139.000000 0.900000
140.000000 0.900000
141.000000 0.900000
142.000000 0.900000
143.000000 0.900000
144.000000 0.900000
145.000000 0.900000
146.000000 0.900000
147.000000 0.900000
148.000000 0.900000
149.000000 0.900000
150.000000 0.900000
151.000000 0.900000
152.000000 0.900000
153.000000 0.900000
154.000000 0.900000
155.000000 0.900000
156.000000 0.900000
157.000000 0.900000
158.000000 0.900000
159.000000 0.900000
160.000000 0.900000
161.000000 0.900000
162.000000 0.900000
163.000000 0.900000
164.000000 0.900000
165.000000 0.900000
166.000000 0.900000
167.000000 0.900000
168.000000 0.900000
169.000000 0.900000
170.000000 0.900000
171.000000 0.900000
172.000000 0.900000
173.000000 0.900000
174.000000 0.900000
175.000000 0.900000
176.000000 0.900000
177.000000 0.900000
178.000000 0.900000
179.000000 0.900000
180.000000 0.900000
181.000000 0.900000
182.000000 0.900000
183.000000 0.900000
184.000000 0.900000
185.000000 0.900000
186.000000 0.900000
187.000000 0.900000
188.000000 0.900000
189.000000 0.900000
190.000000 0.900000
191.000000 0.900000
192.000000 0.900000
193.000000 0.900000
194.000000 0.900000
195.000000 0.900000
196.000000 0.900000
197.000000 0.900000
198.000000 0.900000
199.000000 0.900000
200.000000 0.900000
201.000000 0.900000
202.000000 0.900000
203.000000 0.900000
204.000000 0.900000
205.000000 0.900000
206.000000 0.900000
207.000000 0.900000
208.000000 0.900000
209.000000 0.900000
210.000000 0.900000
211.000000 0.900000
212.000000 0.900000
213.000000 0.900000
214.000000 0.900000
215.000000 0.900000
216.000000 0.900000
217.000000 0.900000
218.000000 0.900000
219.000000 0.900000
220.000000 0.900000
221.000000 0.900000
222.000000 0.900000
223.000000 0.900000
224.000000 0.900000
225.000000 0.900000
226.000000 0.900000
227.000000 0.900000
228.000000 0.900000
229.000000 0.900000
230.000000 0.900000
231.000000 0.900000
232.000000 0.900000
233.000000 0.900000
234.000000 0.900000
235.000000 0.900000
236.000000 0.900000
237.000000 0.900000
238.000000 0.900000
239.000000 0.900000
240.000000 0.900000
241.000000 0.900000
242.000000 0.900000
243.000000 0.900000
244.000000 0.900000
245.000000 0.900000
246.000000 0.900000
247.000000 0.900000
248.000000 0.900000
249.000000 0.900000
250.000000 0.900000
251.000000 0.900000
252.000000 0.900000
253.000000 0.900000
254.000000 0.900000
255.000000 0.900000
256.000000 0.900000
257.000000 0.900000
258.000000 0.900000
259.000000 0.900000
260.000000 0.900000
261.000000 0.900000
262.000000 0.900000
263.000000 0.900000
264.000000 0.900000
265.000000 0.900000
266.000000 0.900000
267.000000 0.900000
268.000000 0.900000
269.000000 0.900000
270.000000 0.900000
271.000000 0.900000
272.000000 0.900000
273.000000 0.900000
274.000000 0.900000
275.000000 0.900000
276.000000 0.900000
277.000000 0.900000
278.000000 0.900000
279.000000 0.900000
280.000000 0.900000
281.000000 0.900000
282.000000 0.900000
283.000000 0.900000
284.000000 0.900000
285.000000 0.900000
286.000000 0.900000
287.000000 0.900000
288.000000 0.900000
289.000000 0.900000
290.000000 0.900000
291.000000 0.900000
292.000000 0.900000
293.000000 0.900000
294.000000 0.900000
295.000000 0.900000
296.000000 0.900000
297.000000 0.900000
298.000000 0.900000
299.000000 0.900000
300.000000 0.900000
